Potential V vs RHE, Current mA cm-2
0.013299999999999867,0.03367012893678788
0.012299999999999978,0.03129341395301461
0.011299999999999866,0.02738881076538711
0.010299999999999976,0.029058170099227856
0.009299999999999864,0.029482583489187364
0.008299999999999974,0.02850643269228049
0.007299999999999862,0.028775227839254847
0.006299999999999972,0.02627118883849373
0.00529999999999986,0.0269643973754276
0.0042999999999999705,0.02627118883849373
0.0032999999999998586,0.02627118883849373
0.0022999999999999687,0.025012095781613848
0.0012999999999998568,0.0230597941878001
0.00029999999999996696,0.023611531594747465
-0.000700000000000145,0.023753002724733966
-0.0017000000000000348,0.02277685192782709
-0.0027000000000001467,0.02417741611469348
-0.0037000000000000366,0.02277685192782709
-0.0047000000000001485,0.022493909667854084
-0.005700000000000038,0.022493909667854084
-0.00670000000000015,0.02124896372397285
-0.00770000000000004,0.020272812927065977
-0.008700000000000152,0.020541608074040336
-0.009700000000000042,0.021517758870947205
-0.010700000000000154,0.019013719870186095
-0.011700000000000044,0.017896097943292714
-0.012700000000000156,0.017754626813306213
-0.013700000000000045,0.018730777610213082
-0.014700000000000157,0.01608526747946547
-0.015700000000000047,0.017754626813306213
-0.01670000000000016,0.01803756907327922
-0.01770000000000005,0.016354062626439823
-0.01870000000000016,0.0173302134233467
-0.01970000000000005,0.016495533756426328
-0.020700000000000163,0.015660854089505957
-0.021700000000000053,0.016637004886412832
-0.022700000000000164,0.016354062626439823
-0.023700000000000054,0.014684703292599082
-0.024700000000000166,0.013845779491779115
-0.025700000000000056,0.015519382959519455
-0.026700000000000168,0.016212591496453318
-0.027700000000000058,0.014124477617852528
-0.02870000000000017,0.014124477617852528
-0.02970000000000006,0.01426028990263957
-0.03070000000000017,0.013286968528332426
-0.03170000000000006,0.013427024947019063
-0.03270000000000017,0.012868213983572373
-0.03370000000000006,0.012589515857498962
-0.034700000000000175,0.010357101426311934
-0.035700000000000065,0.01426028990263957
-0.03670000000000018,0.012449459438812323
-0.03770000000000007,0.011054554097145397
-0.03870000000000018,0.011473308641905449
-0.03970000000000007,0.011193195804532171
-0.04070000000000018,0.01133325222321881
-0.04170000000000007,0.010495743133698707
-0.04270000000000018,0.010217045007625295
-0.04370000000000007,0.011193195804532171
-0.044700000000000184,0.010217045007625295
-0.045700000000000074,0.010495743133698707
-0.046700000000000186,0.011473308641905449
-0.047700000000000076,0.01133325222321881
-0.04870000000000019,0.009658234044178605
-0.04970000000000008,0.00770451773906499
-0.05070000000000019,0.007285763194304939
-0.05170000000000008,0.00812327228382504
-0.05270000000000019,0.009798290462865246
-0.05370000000000008,0.00854202682858509
-0.05470000000000019,0.008401970409898454
-0.05570000000000008,0.00812327228382504
-0.056700000000000195,0.00854202682858509
-0.057700000000000085,0.006588310523471475
-0.058700000000000196,0.007425819612991578
-0.059700000000000086,0.0064482541047848375
-0.0607000000000002,0.009519592336791833
-0.06170000000000009,0.00784457415775163
-0.0627000000000002,0.007425819612991578
-0.06370000000000009,0.005889443141338148
-0.0647000000000002,0.006588310523471475
-0.06570000000000009,0.006588310523471475
-0.0667000000000002,0.005191990470504684
-0.0677000000000001,0.006588310523471475
-0.0687000000000002,0.004075783254911171
-0.0697000000000001,0.005750801433951375
-0.07070000000000021,0.005191990470504684
-0.0717000000000001,0.004354481380984583
-0.07270000000000021,0.005191990470504684
-0.0737000000000001,0.004354481380984583
-0.07470000000000021,0.004354481380984583
-0.0757000000000001,0.004633179507057995
-0.07670000000000021,0.005051934051818046
-0.0777000000000001,0.003935726836224532
-0.07870000000000021,0.002122066949797555
-0.0797000000000001,0.004075783254911171
-0.08070000000000022,0.003797085128837758
-0.0817000000000001,0.002959576039317657
-0.08270000000000022,0.002400765075870967
-0.08370000000000011,0.003797085128837758
-0.08470000000000022,0.0030982177467044304
-0.08570000000000011,0.003797085128837758
-0.08670000000000022,0.003935726836224532
-0.08770000000000011,0.0019820105311109163
-0.08870000000000022,0.0005862563626640711
-0.08970000000000011,0.0018419541124242776
-0.09070000000000022,0.0019820105311109163
-0.09170000000000011,0.0015632559863508655
-0.09270000000000023,0.0010048694362941356
-0.09370000000000012,0.0008653789021274429
-0.09470000000000023,-0.00011166316289834735
-0.09570000000000012,0.0015632559863508655
-0.09670000000000023,0.0010048694362941356
-0.09770000000000012,0.0012841334468874936
-0.09870000000000023,0.00030713382320069946
-0.09970000000000012,0.001423199567664227
-0.10070000000000023,-0.00011166316289834735
-0.10170000000000012,0.0007257468968307638
-0.10270000000000024,-0.00011166316289834735
-0.10370000000000013,0.00044662435736739204
-0.10470000000000024,-0.0020654784978029537
-0.10570000000000013,-0.0009491298110794531
-0.10670000000000024,-0.00011166316289834735
-0.10770000000000013,-0.0005303752663194022
-0.10870000000000024,-0.0023441766238763663
-0.10970000000000013,0.0007257468968307638
-0.11070000000000024,-0.00025125272685603054
-0.11170000000000013,0.0008653789021274429
-0.11270000000000002,-0.0015080822456561291
-0.11370000000000013,-0.0026242894612496428
-0.11470000000000002,-0.000809497805782774
-0.11570000000000014,-0.0026242894612496428
-0.11670000000000003,-0.0010886203452461457
-0.11770000000000014,-0.0029029875873230553
-0.11870000000000003,-0.0031816857133964674
-0.11970000000000014,-0.0016467239530429027
-0.12070000000000003,-0.001228252350542825
-0.12170000000000014,-0.0029029875873230553
-0.12270000000000003,-0.005136816729809948
-0.12370000000000014,-0.004856703892436672
-0.12470000000000003,-0.0029029875873230553
-0.12570000000000014,-0.0036004402581565186
-0.12670000000000003,-0.0031816857133964674
-0.12770000000000015,-0.0033217421320831065
-0.12870000000000004,-0.004019194802916569
-0.12970000000000015,-0.0027629311686364166
-0.13070000000000004,-0.00499676031112331
-0.13170000000000015,-0.0054155148558833605
-0.13270000000000004,-0.006393080364090101
-0.13370000000000015,-0.004019194802916569
-0.13470000000000004,-0.004159251221603208
-0.13570000000000015,-0.004159251221603208
-0.13670000000000004,-0.004578005766363259
-0.13770000000000016,-0.004019194802916569
-0.13870000000000005,-0.006253023945403462
-0.13970000000000016,-0.005275458437196722
-0.14070000000000005,-0.0056942129819567725
-0.14170000000000016,-0.004578005766363259
-0.14270000000000005,-0.006112967526716823
-0.14370000000000016,-0.0068118349088501515
-0.14470000000000005,-0.005136816729809948
-0.14570000000000016,-0.006253023945403462
-0.14670000000000005,-0.0056942129819567725
-0.14770000000000016,-0.0056942129819567725
-0.14870000000000005,-0.006112967526716823
-0.14970000000000017,-0.00597432581933005
-0.15070000000000006,-0.0068118349088501515
-0.15170000000000017,-0.008068098543130304
-0.15270000000000006,-0.006950476616236925
-0.15370000000000017,-0.006531722071476874
-0.15470000000000006,-0.006950476616236925
-0.15570000000000017,-0.006112967526716823
-0.15670000000000006,-0.007509287579683614
-0.15770000000000017,-0.007928042124443665
-0.15870000000000006,-0.009322947466110591
-0.15970000000000018,-0.009044249340037178
-0.16070000000000007,-0.0068118349088501515
-0.16170000000000018,-0.007509287579683614
-0.16270000000000007,-0.0077879857057570265
-0.16370000000000018,-0.009741702010870643
-0.16470000000000007,-0.00848543837659049
-0.16570000000000018,-0.00848543837659049
-0.16670000000000007,-0.008346796669203717
-0.16770000000000018,-0.007509287579683614
-0.16870000000000007,-0.010300512974317333
-0.16970000000000018,-0.009184305758723818
-0.17070000000000007,-0.008206740250517076
-0.17170000000000019,-0.00946300388479723
-0.17270000000000008,-0.010579211100390744
-0.1737000000000002,-0.01044056939300397
-0.17470000000000008,-0.009881758429557281
-0.1757000000000002,-0.008206740250517076
-0.17670000000000008,-0.009184305758723818
-0.1777000000000002,-0.011975531153357534
-0.17870000000000008,-0.012672983824190999
-0.1797000000000002,-0.011835474734670897
-0.18070000000000008,-0.011416720189910844
-0.1817000000000002,-0.011278078482524071
-0.18270000000000008,-0.010719267519077383
-0.1837000000000002,-0.010719267519077383
-0.1847000000000001,-0.011835474734670897
-0.1857000000000002,-0.010997965645150794
-0.1867000000000001,-0.011975531153357534
-0.1877000000000002,-0.010997965645150794
-0.1887000000000001,-0.012813040242877636
-0.1897000000000002,-0.012534342116804225
-0.1907000000000001,-0.012254229279430947
-0.1917000000000001,-0.012115587572044175
-0.19269999999999998,-0.014203701450644968
-0.1937000000000001,-0.014345172580631472
-0.19469999999999998,-0.011975531153357534
-0.1957000000000001,-0.011696833027284121
-0.19669999999999999,-0.012813040242877636
-0.1977000000000001,-0.0135104929137111
-0.1987,-0.014769585970590984
-0.1997000000000001,-0.0135104929137111
-0.2007,-0.013929247458471152
-0.2017000000000001,-0.012813040242877636
-0.2027,-0.015604265637511355
-0.2037000000000001,-0.01546279450752485
-0.2047,-0.01588720789748436
-0.2057000000000001,-0.01406930387715779
-0.2067,-0.014628114840604478
-0.2077000000000001,-0.014203701450644968
-0.2087,-0.016438945304431726
-0.2097000000000001,-0.016863358694391237
-0.2107,-0.014911057100577486
-0.2117000000000001,-0.015321323377538347
-0.2127,-0.01658041643441823
-0.2137000000000001,-0.01588720789748436
-0.2147,-0.01658041643441823
-0.2157000000000001,-0.019367397695152354
-0.2167,-0.020216224475071376
-0.21770000000000012,-0.01853271802823198
-0.2187,-0.017273624971352097
-0.21970000000000012,-0.01812245175127112
-0.2207,-0.017556567231325104
-0.22170000000000012,-0.016863358694391237
-0.2227,-0.018815660288204986
-0.22370000000000012,-0.018674189158218484
-0.2247,-0.018391246898245478
-0.22570000000000012,-0.019367397695152354
-0.2267,-0.018815660288204986
-0.22770000000000012,-0.020343548492059226
-0.22870000000000001,-0.02048501962204573
-0.22970000000000013,-0.019791811085111865
-0.23070000000000002,-0.020343548492059226
-0.23170000000000013,-0.02007475334508487
-0.23270000000000002,-0.019367397695152354
-0.23370000000000013,-0.019367397695152354
-0.23470000000000002,-0.021885583808912118
-0.23570000000000013,-0.02007475334508487
-0.23670000000000002,-0.020626490752032236
-0.2376999999999999,-0.02119237527197825
-0.23870000000000002,-0.022168526068885124
-0.2396999999999999,-0.021461170418952607
-0.24070000000000003,-0.021461170418952607
-0.24169999999999991,-0.02230999719887163
-0.24270000000000003,-0.02272026347583249
-0.24369999999999992,-0.023286147995778505
-0.24470000000000003,-0.023286147995778505
-0.24569999999999992,-0.02355494314275286
-0.24670000000000003,-0.022027054938898623
-0.24769999999999992,-0.02355494314275286
-0.24870000000000003,-0.023427619125765006
-0.24969999999999992,-0.02397935653271237
-0.25070000000000003,-0.02230999719887163
-0.2516999999999999,-0.023427619125765006
-0.25270000000000004,-0.022861734605818994
-0.2536999999999999,-0.023696414272739365
-0.25470000000000004,-0.026356071516485634
-0.2556999999999999,-0.02397935653271237
-0.25670000000000004,-0.02355494314275286
-0.25769999999999993,-0.022861734605818994
-0.25870000000000004,-0.026356071516485634
-0.25969999999999993,-0.026907808923433
-0.26070000000000004,-0.026073129256512624
-0.26169999999999993,-0.024403769922671882
-0.26270000000000004,-0.02426229879268538
-0.26369999999999993,-0.027332222313392506
-0.26470000000000005,-0.02453109393965974
-0.26569999999999994,-0.027332222313392506
-0.26670000000000005,-0.02774248859035337
-0.26769999999999994,-0.028718639387260245
-0.26870000000000005,-0.030260674704113137
-0.26969999999999994,-0.027332222313392506
-0.27070000000000005,-0.026356071516485634
-0.27169999999999994,-0.02774248859035337
-0.27270000000000005,-0.025648715866553113
-0.27369999999999994,-0.029001581647233248
-0.27470000000000006,-0.02969479018416712
-0.27569999999999995,-0.028308373110299385
-0.27670000000000006,-0.029143052777219756
-0.27769999999999995,-0.02774248859035337
-0.27870000000000006,-0.029425995037192763
-0.27969999999999995,-0.029001581647233248
-0.28070000000000006,-0.028718639387260245
-0.28169999999999995,-0.025507244736566608
-0.28270000000000006,-0.030953883241047007
-0.28369999999999995,-0.029001581647233248
-0.28470000000000006,-0.031095354371033508
-0.28569999999999995,-0.030685088094072648
-0.28670000000000007,-0.028860110517246747
-0.28769999999999996,-0.029836261314153626
-0.28870000000000007,-0.029836261314153626
-0.28969999999999996,-0.03235444742791339
-0.29070000000000007,-0.030543616964086147
-0.29169999999999996,-0.03249591855789989
-0.29270000000000007,-0.03193003403795388
-0.29369999999999996,-0.03221297629792688
-0.2947000000000001,-0.030543616964086147
-0.29569999999999996,-0.0327788608178729
-0.2967000000000001,-0.03166123889097952
-0.29769999999999996,-0.03249591855789989
-0.2987000000000001,-0.03304765596484726
-0.29969999999999997,-0.03333059822482026
-0.3007000000000001,-0.03235444742791339
-0.30169999999999997,-0.03304765596484726
-0.3027000000000001,-0.03388233563176763
-0.30369999999999997,-0.03388233563176763
-0.3047000000000001,-0.0327788608178729
-0.30569999999999997,-0.03388233563176763
-0.3067000000000001,-0.03333059822482026
-0.3077,-0.03388233563176763
-0.3087000000000001,-0.03458969128170015
-0.3097,-0.03416527789174064
-0.3107000000000001,-0.03514142868864751
-0.3117,-0.034999957558661005
-0.3127000000000001,-0.03584878433858003
-0.3137,-0.03597610835556788
-0.3147000000000001,-0.03584878433858003
-0.3157,-0.03570731320859352
-0.3167000000000001,-0.03570731320859352
-0.3177,-0.03584878433858003
-0.3187000000000001,-0.038494294469327645
-0.3197,-0.038635765599314156
-0.3207000000000001,-0.037801085932393785
-0.3217,-0.0368249351354869
-0.3227000000000001,-0.038494294469327645
-0.3237,-0.039046031876275006
-0.3247000000000001,-0.03891870785928716
-0.3257,-0.0366834640055004
-0.3267000000000001,-0.038635765599314156
-0.3277,-0.039611916396221025
-0.3287000000000001,-0.037801085932393785
-0.3297,-0.03947044526623452
-0.3307000000000001,-0.039046031876275006
-0.3317,-0.038494294469327645
-0.3327000000000001,-0.04128127573006177
-0.3337,-0.042130102509980796
-0.3347000000000001,-0.0404465960631414
-0.3357,-0.04128127573006177
-0.3367000000000001,-0.0403051249331549
-0.3377,-0.04128127573006177
-0.3387000000000001,-0.04128127573006177
-0.3397,-0.04170568912002128
-0.3407000000000001,-0.04170568912002128
-0.3417,-0.04058806719312791
-0.3427000000000001,-0.04394093297380804
-0.3437,-0.04254036878694165
-0.3447000000000001,-0.044223875233781046
-0.3457,-0.04128127573006177
-0.3467000000000001,-0.04394093297380804
-0.3477,-0.04323357732387552
-0.3487000000000001,-0.042130102509980796
-0.3497,-0.04351651958384853
-0.3507000000000001,-0.04351651958384853
-0.3517,-0.042823311046914656
-0.3527000000000001,-0.04520002603068792
-0.3537,-0.04603470569760829
-0.3547000000000001,-0.04575176343763528
-0.3557,-0.044775612640728414
-0.35670000000000013,-0.04575176343763528
-0.3577,-0.0461761768275948
-0.35870000000000013,-0.04561029230764878
-0.3597,-0.04742112277147603
-0.36070000000000013,-0.04701085649451517
-0.3617,-0.04742112277147603
-0.3626999999999999,-0.04784553616143554
-0.3637,-0.048821686958342415
-0.3646999999999999,-0.04868021582835592
-0.3657,-0.04715232762450167
-0.3666999999999999,-0.049939308885235796
-0.3677,-0.04965636662526278
-0.3686999999999999,-0.05091545968214267
-0.36970000000000003,-0.05203308160903605
-0.3706999999999999,-0.049939308885235796
-0.37170000000000003,-0.05105693081212918
-0.3726999999999999,-0.05119840194211568
-0.37370000000000003,-0.05077398855215617
-0.3746999999999999,-0.05175013934906304
-0.37570000000000003,-0.05050519340518181
-0.3766999999999999,-0.051481344202088684
-0.37770000000000004,-0.05091545968214267
-0.3786999999999999,-0.05329217466591593
-0.37970000000000004,-0.053702440942876795
-0.3806999999999999,-0.05496153399975667
-0.38170000000000004,-0.054820062869770175
-0.38269999999999993,-0.055668889649689184
-0.38370000000000004,-0.05412685433283631
-0.38469999999999993,-0.05510300512974318
-0.38570000000000004,-0.05440979659280931
-0.38669999999999993,-0.05440979659280931
-0.38770000000000004,-0.053702440942876795
-0.38869999999999993,-0.05455126772279582
-0.38970000000000005,-0.05831439978043681
-0.39069999999999994,-0.056645040446596066
-0.39170000000000005,-0.05677236446358393
-0.39269999999999994,-0.057479720113516444
-0.39370000000000005,-0.05677236446358393
-0.39469999999999994,-0.05776266237348945
-0.39570000000000005,-0.0578899863904773
-0.39669999999999994,-0.059573492837316694
-0.39770000000000005,-0.0598564350972897
-0.39869999999999994,-0.0598564350972897
-0.39970000000000006,-0.06026670137425057
-0.40069999999999995,-0.0598564350972897
-0.40170000000000006,-0.06012523024426406
-0.40269999999999995,-0.058597342040409825
-0.40370000000000006,-0.06333662489495769
-0.40469999999999995,-0.06207753183807782
-0.40570000000000006,-0.061808736691103455
-0.40669999999999995,-0.06207753183807782
-0.40770000000000006,-0.06221900296806432
-0.40869999999999995,-0.0637610382849172
-0.40970000000000006,-0.0639025094149037
-0.41069999999999995,-0.06292635861799684
-0.41170000000000007,-0.06319515376497119
-0.41269999999999996,-0.06459571795183758
-0.41370000000000007,-0.06445424682185108
-0.41469999999999996,-0.06528892648877145
-0.41570000000000007,-0.06319515376497119
-0.41669999999999996,-0.06599628213870397
-0.41770000000000007,-0.0673826992125717
-0.41869999999999996,-0.06487866021181057
-0.4197000000000001,-0.06612360615569181
-0.42069999999999996,-0.0672412280825852
-0.4217000000000001,-0.0690662056594111
-0.42269999999999996,-0.06780711260253121
-0.4237000000000001,-0.07087703612323834
-0.42469999999999997,-0.07130144951319785
-0.4257000000000001,-0.06878326339943809
-0.42669999999999997,-0.07087703612323834
-0.4277000000000001,-0.0717117157901587
-0.42869999999999997,-0.0715702446601722
-0.4297000000000001,-0.07422990190391847
-0.43069999999999997,-0.07282933771705208
-0.4317000000000001,-0.07449869705089282
-0.4327,-0.0733952222369981
-0.4337000000000001,-0.0756163189777862
-0.4347,-0.0765924697746931
-0.4357000000000001,-0.07548899496079836
-0.4367,-0.07394695964394547
-0.4377000000000001,-0.07394695964394547
-0.4387,-0.0774412965546121
-0.4397000000000001,-0.07813450509154597
-0.4407,-0.07939359814842585
-0.4417000000000001,-0.07799303396155947
-0.4427,-0.0774412965546121
-0.4437000000000001,-0.07994533555537323
-0.4447,-0.08022827781534624
-0.4457000000000001,-0.08051122007531925
-0.4467,-0.08162884200221261
-0.4477000000000001,-0.0813458997422396
-0.4487,-0.08343967246603987
-0.4497000000000001,-0.08441582326294673
-0.4507,-0.08525050292986712
-0.4517000000000001,-0.08399140987298723
-0.4527,-0.08594371146680099
-0.4537000000000001,-0.08510903179988061
-0.4547,-0.08567491631982663
-0.4557000000000001,-0.08413288100297373
-0.4567,-0.086509595986747
-0.4577000000000001,-0.08622665372677399
-0.4587,-0.08846189758056075
-0.4597000000000001,-0.08929657724748112
-0.4607,-0.08874483984053375
-0.4617000000000001,-0.09013125691440148
-0.4627,-0.09000393289741364
-0.4637000000000001,-0.09250797189817477
-0.4647,-0.09348412269508162
-0.4657000000000001,-0.09236650076818824
-0.4667,-0.09181476336124088
-0.4677000000000001,-0.09307385641812077
-0.4687,-0.09516762914192102
-0.4697000000000001,-0.09529495315890889
-0.4707,-0.09557789541888188
-0.4717000000000001,-0.0958608376788549
-0.4727,-0.09878929006957551
-0.4737000000000001,-0.09795461040265514
-0.4747,-0.09850634780960252
-0.4757000000000001,-0.09948249860650937
-0.4767,-0.10088306279337576
-0.4777000000000001,-0.1040944574440694
-0.4787,-0.10354272003712203
-0.4797000000000001,-0.10521207937096277
-0.4807,-0.10340124890713552
-0.48170000000000013,-0.10464619485101677
-0.4827,-0.10423592857405589
-0.48370000000000013,-0.10730585209476304
-0.4847,-0.10730585209476304
-0.48570000000000013,-0.10883374029861728
-0.4867,-0.10925815368857679
-0.4876999999999999,-0.10939962481856329
-0.4887,-0.11135192641237703
-0.4896999999999999,-0.11191781093232304
-0.4907,-0.1131627568762043
-0.4916999999999999,-0.11177633980233655
-0.4927,-0.11413890767311115
-0.4936999999999999,-0.11679856491685743
-0.49470000000000003,-0.11679856491685743
-0.4956999999999999,-0.11720883119381828
-0.49670000000000003,-0.11818498199072516
-0.4976999999999999,-0.12015143069753757
-0.49870000000000003,-0.12279694082828517
-0.4996999999999999,-0.12098611036445794
-0.5007,-0.12153784777140529
-0.5016999999999999,-0.12322135421824468
-0.5027,-0.12405603388516506
-0.5036999999999999,-0.12629127773895182
-0.5047,-0.12852652159273859
-0.5056999999999999,-0.12643274886893832
-0.5067,-0.1271259574058722
-0.5076999999999999,-0.13172376913043357
-0.5087,-0.13186524026042007
-0.5096999999999999,-0.1356425194310597
-0.5107,-0.13493516378112722
-0.5116999999999999,-0.13647719909798006
-0.5127,-0.13885391408175335
-0.5136999999999999,-0.13912270922872771
-0.5147,-0.14121648195252795
-0.5156999999999999,-0.14024033115562107
-0.5167,-0.1424614278964092
-0.5176999999999999,-0.14387613919627423
-0.5187,-0.14599820614607179
-0.5196999999999999,-0.14925204213576138
-0.5207,-0.14741291744593682
-0.5216999999999999,-0.14939351326574787
-0.5227,-0.1510911668255859
-0.5236999999999999,-0.155052358465208
-0.5247,-0.15802325219492458
-0.5257,-0.15717442541500556
-0.5267000000000001,-0.15816472332491108
-0.5277,-0.15915502123481662
-0.5287000000000001,-0.16071120366466815
-0.5297,-0.16424798191433077
-0.5307000000000001,-0.16382356852437122
-0.5317,-0.16806770242396638
-0.5327000000000001,-0.1694824137238314
-0.5337,-0.17089712502369644
-0.5347000000000001,-0.1731606631034805
-0.5357,-0.173302134233467
-0.5367000000000001,-0.17528273005327805
-0.5377,-0.17881950830294063
-0.5387000000000001,-0.18292217107254924
-0.5397,-0.18419541124242778
-0.5407000000000001,-0.1860345359322523
-0.5417,-0.18702483384215784
-0.5427000000000001,-0.19098602548177993
-0.5437,-0.1931080924315775
-0.5447000000000001,-0.19480574599141554
-0.5457,-0.19692781294121312
-0.5467000000000001,-0.1973522263311726
-0.5477,-0.2008890045808352
-0.5487000000000001,-0.20470872509047083
-0.5497,-0.2065478497802954
-0.5507000000000001,-0.2089528589900659
-0.5517,-0.21135786819983648
-0.5527000000000001,-0.21404581966958006
-0.5537,-0.2151775887094721
-0.5547000000000001,-0.2181484824391887
-0.5557,-0.22140231842887825
-0.5567000000000001,-0.2235243853786758
-0.5577,-0.22805146153824393
-0.5587000000000001,-0.23059794187800098
-0.5597,-0.23441766238763656
-0.5607000000000001,-0.2365397293374341
-0.5617,-0.2388032674172182
-0.5627000000000001,-0.24219857453689428
-0.5637,-0.24630123730650288
-0.5647000000000001,-0.251111255726044
-0.5657,-0.252808909285882
-0.5667000000000001,-0.2557798030155986
-0.5677,-0.2611557059550858
-0.5687000000000001,-0.2634192440348699
-0.5697,-0.2659657243746269
-0.5707000000000001,-0.26851220471438403
-0.5717,-0.27219045409403303
-0.5727000000000001,-0.2775663570335202
-0.5737,-0.2816690198031288
-0.5747000000000001,-0.28605462483271044
-0.5757,-0.2894499319523865
-0.5767000000000001,-0.29369406585198166
-0.5777,-0.2966649595816982
-0.5787000000000001,-0.3016164491312258
-0.5797,-0.30699235207071296
-0.5807000000000001,-0.31123648597030806
-0.5817,-0.3127926684001596
-0.5827000000000001,-0.3204321094194308
-0.5837,-0.32255417636922834
-0.5847000000000001,-0.32948626173856704
-0.5857,-0.33259862659827016
-0.5867000000000001,-0.3362768759779193
-0.5877,-0.3420771923073659
-0.5887000000000001,-0.3470286818568935
-0.5897,-0.3543851806161917
-0.5907000000000001,-0.35693166095594875
-0.5917,-0.36216609276544937
-0.5927000000000001,-0.3669761111849905
-0.5937,-0.3757473212441537
-0.5947000000000001,-0.38055733966369487
-0.5957,-0.384235589043344
-0.5967000000000001,-0.3897529631128176
-0.5977,-0.39611916396221025
-0.5987000000000001,-0.40489037402137346
-0.5997,-0.4126712861706312
-0.6007000000000001,-0.4156421799003478
-0.6017,-0.42172543848976746
-0.6027000000000001,-0.4290819372490656
-0.6037,-0.43403342679859325
-0.6047000000000001,-0.44308757911772945
-0.6057,-0.44733171301732455
-0.6067000000000001,-0.45454674064663625
-0.6077,-0.4594982301961639
-0.6087000000000001,-0.46812796912534066
-0.6097,-0.47689917918450386
-0.6107000000000001,-0.4810018419541125
-0.6117,-0.4882168695834242
-0.6126999999999999,-0.49670513738261435
-0.6137,-0.504768991791845
-0.6146999999999999,-0.5121254905511432
-0.6157,-0.519906402700401
-0.6166999999999999,-0.5292434972795103
-0.6177,-0.5365999960388084
-0.6186999999999999,-0.5446638504480392
-0.6197,-0.5552741851970269
-0.6206999999999999,-0.5613574437864466
-0.6217,-0.5705530672355693
-0.6226999999999999,-0.5808804597245841
-0.6237,-0.5880954873538957
-0.6246999999999999,-0.5987058221028836
-0.6257,-0.6084673300719523
-0.6266999999999999,-0.6183703091710075
-0.6277,-0.6292635861799682
-0.6286999999999999,-0.637327440589199
-0.6297,-0.6494939577680383
-0.6306999999999999,-0.6593969368670936
-0.6317,-0.6692999159661489
-0.6326999999999999,-0.6782125971552986
-0.6337,-0.6882570473843403
-0.6346999999999999,-0.7008479779531391
-0.6357,-0.7101850725322485
-0.6366999999999999,-0.7202295227612902
-0.6377,-0.7326789822001024
-0.6386999999999999,-0.7454113838988878
-0.6397,-0.7578608433377001
-0.6406999999999999,-0.7669149956568363
-0.6417,-0.7806376952655272
-0.6426999999999999,-0.7937945103542721
-0.6437,-0.8053951430131653
-0.6446999999999999,-0.8203910827917348
-0.6457,-0.8329820133605336
-0.6466999999999999,-0.8467047129692244
-0.6477,-0.8601444703179423
-0.6486999999999999,-0.8748574678365387
-0.6497,-0.8890045808351891
-0.6507,-0.9023028670539204
-0.6517000000000001,-0.9157426244026382
-0.6527,-0.9288994394913831
-0.6537000000000001,-0.9441783215299254
-0.6547,-0.96058897260836
-0.6557000000000001,-0.9728969609171857
-0.6567,-0.9881758429557282
-0.6577000000000001,-1.0048694362941357
-0.6587,-1.020148318332678
-0.6597000000000001,-1.0385395652309235
-0.6607,-1.054384331789412
-0.6617000000000001,-1.0707949828678462
-0.6627,-1.0881959318561862
-0.6637000000000001,-1.1063042364944589
-0.6647,-1.1262516658225556
-0.6657000000000001,-1.143228201420936
-0.6667,-1.160629150409276
-0.6677000000000001,-1.1815668776472785
-0.6687,-1.199109297765605
-0.6697000000000001,-1.2210373229135134
-0.6707,-1.2384382719018532
-0.6717000000000001,-1.2590930568798826
-0.6727,-1.280879610897804
-0.6737000000000001,-1.2995538000560227
-0.6747,-1.3209159406839848
-0.6757000000000001,-1.3415707256620142
-0.6767,-1.3659037600196928
-0.6777000000000001,-1.3882561985575603
-0.6787,-1.4101842237054685
-0.6797000000000001,-1.4345172580631471
-0.6807,-1.4557379275611226
-0.6817000000000001,-1.4797880196588282
-0.6827,-1.505252823056399
-0.6837000000000001,-1.5293029151541047
-0.6847,-1.5547677185516753
-0.6857000000000001,-1.5788178106493809
-0.6867,-1.6028679027470865
-0.6877000000000001,-1.6297474174445223
-0.6887,-1.658041643441823
-0.6897000000000001,-1.6863358694391237
-0.6907,-1.7118006728366943
-0.6917000000000001,-1.7415096101338603
-0.6927,-1.766974413531431
-0.6937000000000001,-1.7995127734283267
-0.6947,-1.8263922881257622
-0.6957000000000001,-1.8561012254229279
-0.6967,-1.8872248740199586
-0.6977000000000001,-1.9169338113171246
-0.6987,-1.9508868825138854
-0.6997000000000001,-1.9834252424107812
-0.7007,-2.0159636023076772
-0.7017000000000001,-2.049916673504438
-0.7027,-2.083869744701199
-0.7037000000000001,-2.11782281589796
-0.7047,-2.1531905983945863
-0.7057000000000001,-2.1899730921910767
-0.7067,-2.226755585987568
-0.7077000000000001,-2.263538079784059
-0.7087,-2.3017352848804147
-0.7097000000000001,-2.339932489976771
-0.7107,-2.3767149837732613
-0.7117000000000001,-2.4163269001694827
-0.7127,-2.4559388165657037
-0.7137000000000001,-2.49696544426179
-0.7147,-2.536577360658011
-0.7157000000000001,-2.579018699653962
-0.7167,-2.621460038649913
-0.7177000000000001,-2.6653160889457292
-0.7187,-2.7105868505414104
-0.7197000000000001,-2.754442900837226
-0.7207,-2.8011283737327726
-0.7217000000000001,-2.844984424028589
-0.7227,-2.893084608224
-0.7237000000000001,-2.942599503719276
-0.7247,-2.9921143992145525
-0.7257000000000001,-3.0402145834099636
-0.7267,-3.0883147676053753
-0.7277000000000001,-3.1406590857003813
-0.7287,-3.1915886924955226
-0.7297000000000001,-3.2425182992906643
-0.7307,-3.2962773286855356
-0.7317000000000001,-3.3500363580804073
-0.7327,-3.4066248100750083
-0.7337000000000001,-3.4632132620696097
-0.7347,-3.5212164253640763
-0.7357000000000001,-3.579219588658543
-0.7367,-3.6386374632528744
-0.7376999999999999,-3.699470049147071
-0.7387,-3.7588879237414026
-0.7396999999999999,-3.821135220935464
-0.7407,-3.884797229429391
-0.7416999999999999,-3.9498739492231825
-0.7427,-4.01636538031684
-0.7436999999999999,-4.084271522710361
-0.7447,-4.153592376403748
-0.7456999999999999,-4.220083807497405
-0.7467,-4.292234083790521
-0.7476999999999999,-4.362969648783774
-0.7487,-4.436534636376755
-0.7496999999999999,-4.512929046569467
-0.7507,-4.587908745462314
-0.7516999999999999,-4.664303155655026
-0.7527,-4.743526988447469
-0.7536999999999999,-4.82558024383964
-0.7547,-4.906218787931947
-0.7556999999999999,-4.98827204332412
-0.7567,-5.071740010016156
-0.7576999999999999,-5.159452110607789
-0.7587,-5.2457494998995555
-0.7596999999999999,-5.339120445690648
-0.7607,-5.4296619688820105
-0.7616999999999999,-5.520203492073373
-0.7627,-5.612159726564601
-0.7636999999999999,-5.705530672355693
-0.7647,-5.801731040746516
-0.7656999999999999,-5.893687275237743
-0.7667,-5.99130235492843
-0.7676999999999999,-6.090332145918983
-0.7687,-6.1907766482094
-0.7696999999999999,-6.298294706999143
-0.7707,-6.40156863188929
-0.7716999999999999,-6.510501401978899
-0.7727,-6.622263594668237
-0.7736999999999999,-6.73261107605771
-0.7747,-6.847202691346777
-0.7757,-6.960379595335981
-0.7767000000000001,-7.077800633224777
-0.7777,-7.19663638241344
-0.7787000000000001,-7.323960399401294
-0.7797,-7.448454993789417
-0.7807000000000001,-7.57294958817754
-0.7817,-7.69885889386553
-0.7827000000000001,-7.830427044752977
-0.7837,-7.963409906940291
-0.7847000000000001,-8.100636903027201
-0.7857,-8.235034476514379
-0.7867000000000001,-8.370846761301422
-0.7877,-8.51090317998806
-0.7887000000000001,-8.655203732574295
-0.7897,-8.798089573860663
-0.7907000000000001,-8.945219549046627
-0.7917,-9.09800836943205
-0.7927000000000001,-9.256456035016935
-0.7937,-9.414903700601819
-0.7947000000000001,-9.574766077486567
-0.7957,-9.734628454371316
-0.7967000000000001,-9.895905542555932
-0.7977,-10.060012053340275
-0.7987000000000001,-10.22977740932408
-0.7997,-10.399542765307885
-0.8007000000000001,-10.569308121291689
-0.8017,-10.746147033774818
-0.8027000000000001,-10.928644791457408
-0.8037,-11.112557260439862
-0.8047000000000001,-11.299299152022046
-0.8057,-11.488870466203963
-0.8067000000000001,-11.682685914285473
-0.8077,-11.884989630166173
-0.8087000000000001,-12.081634500847414
-0.8097,-12.283938216728114
-0.8107000000000001,-12.484827221308949
-0.8117,-12.711181029287355
-0.8127000000000001,-12.934705414666032
-0.8137,-13.152570954845245
-0.8147000000000001,-13.363362938525135
-0.8157,-13.560007809206377
-0.8167000000000001,-13.790605751084376
-0.8177,-14.041009651160486
-0.8187000000000001,-14.24614278964092
-0.8197,-14.458349484620674
-0.8207000000000001,-14.71299751859638
-0.8217,-14.953498439573437
-0.8227000000000001,-15.179852247551842
-0.8237,-15.4203531685289
-0.8247000000000001,-15.660854089505953
-0.8257,-15.91550212348166
-0.8267000000000001,-16.170150157457368
-0.8277,-16.424798191433077
-0.8287000000000001,-16.679446225408782
-0.8297,-16.94824137238314
-0.8307000000000001,-17.188742293360193
-0.8317,-17.471684553333205
-0.8327000000000001,-17.75462681330621
-0.8337,-18.02342196028057
-0.8347000000000001,-18.306364220253574
-0.8357,-18.589306480226583
-0.8367000000000001,-18.88639585319824
-0.8377,-19.1834852261699
-0.8387000000000001,-19.480574599141555
-0.8397,-19.77766397211321
-0.8407000000000001,-20.088900458083522
-0.8417,-20.400136944053827
-0.8427000000000001,-20.711373430024135
-0.8437,-21.036757028993097
-0.8447000000000001,-21.362140627962056
-0.8457,-21.68752422693101
-0.8467000000000001,-22.012907825899973
-0.8477,-22.352438537867577
-0.8487000000000001,-22.691969249835186
-0.8497,-23.045647074801447
-0.8507000000000001,-23.399324899767706
-0.8517,-23.738855611735314
-0.8527000000000001,-24.078386323702922
-0.8537,-24.44621126166783
-0.8547000000000001,-24.799889086634096
-0.8557,-25.18186113759765
-0.8567000000000001,-25.549686075562565
-0.8577,-25.931658126526123
-0.8587000000000001,-26.313630177489685
-0.8597,-26.709749341451893
-0.8607000000000001,-27.035132940420848
-0.8617,-27.417104991384413
-0.8626999999999999,-27.799077042347974
-0.8637,-28.19519620631018
-0.8646999999999999,-28.591315370272387
-0.8657,-29.001581647233255
-0.8666999999999999,-29.39770081119546
-0.8677,-29.80796708815632
-0.8686999999999999,-30.246527591114486
-0.8697,-30.656793868075347
-0.8706999999999999,-31.067060145036205
-0.8717,-31.505620647994366
-0.8726999999999999,-31.95832826395118
-0.8737,-32.38274165391069
-0.8746999999999999,-32.807155043870196
-0.8757,-33.25986265982701
-0.8766999999999999,-33.698423162785176
-0.8777,-34.16527789174064
-0.8786999999999999,-34.61798550769744
-0.8797,-35.07069312365426
-0.8806999999999999,-35.52340073961108
-0.8817,-36.00440258156518
-0.8826999999999999,-36.48540442351929
-0.8837,-36.9381120394761
-0.8846999999999999,-37.41911388143023
-0.8857,-37.88596861038568
-0.8866999999999999,-38.35282333934114
-0.8877,-38.84797229429391
-0.8886999999999999,-39.328974136248014
-0.8897,-39.80997597820213
-0.8906999999999999,-40.31927204615355
-0.8917,-40.814421001106304
-0.8926999999999999,-41.30956995605907
-0.8937,-41.80471891101183
-0.8946999999999999,-42.31401497896325
-0.8957,-42.82331104691466
-0.8966999999999999,-43.33260711486608
-0.8977,-43.81360895682018
-0.8986999999999999,-44.33705213777025
-0.8997,-44.84634820572166
-0.9007,-45.36979138667173
-0.9017000000000001,-45.90738168062044
-0.9027,-46.44497197456916
-0.9037000000000001,-46.982562268517874
-0.9047,-47.520152562466585
-0.9057000000000001,-48.057742856415295
-0.9067,-48.62362737636131
-0.9077000000000001,-49.16121767031002
-0.9087,-49.69880796425874
-0.9097000000000001,-50.26469248420475
-0.9107,-50.78813566515482
-0.9117000000000001,-51.35402018510083
-0.9127,-51.919904705046854
-0.9137000000000001,-52.485789224992864
-0.9147,-53.065820857937524
-0.9157000000000001,-53.617558264884885
-0.9167,-54.18344278483091
-0.9177000000000001,-54.76347441777557
-0.9187,-55.32935893772159
-0.9197000000000001,-55.8952434576676
-0.9207,-56.489422203610914
-0.9217000000000001,-57.08360094955424
-0.9227,-57.67777969549755
-0.9237000000000001,-58.28610555443952
-0.9247,-58.894431413381476
-0.9257000000000001,-59.47446304632614
-0.9267,-60.08278890526811
-0.9277000000000001,-60.691114764210084
-0.9287,-61.29944062315204
-0.9297000000000001,-61.87947225609671
-0.9307,-62.501945228037314
-0.9317000000000001,-63.12441819997794
-0.9327,-63.732744058919906
-0.9337000000000001,-64.35521703086052
-0.9347,-64.96354288980248
-0.9357000000000001,-65.5577216357458
-0.9367,-66.22263594668237
-0.9377000000000001,-66.83096180562433
-0.9387,-67.4675818905636
-0.9397000000000001,-68.10420197550286
-0.9407,-68.74082206044213
-0.9417000000000001,-69.41988348437735
-0.9427,-70.05650356931662
-0.9437000000000001,-70.70727076725453
-0.9447,-71.3438908521938
-0.9457000000000001,-71.9946580501317
-0.9467,-72.61713102207234
-0.9477000000000001,-73.2537511070116
-0.9487,-73.91866541794816
-0.9497000000000001,-74.58357972888473
-0.9507,-75.220199813824
-0.9517000000000001,-75.8992612377592
-0.9527,-76.53588132269847
-0.9537000000000001,-77.20079563363505
-0.9547,-77.86570994457162
-0.9557000000000001,-78.51647714250953
-0.9567,-79.18139145344611
-0.9577000000000001,-79.87459999037998
-0.9587,-80.56780852731384
-0.9597000000000001,-81.23272283825041
-0.9607,-81.91178426218562
-0.9617000000000001,-82.59084568612084
-0.9627,-83.32649556205067
-0.9637000000000001,-83.97726275998858
-0.9647,-84.6563241839238
-0.9657000000000001,-85.30709138186171
-0.9667,-86.00029991879558
-0.9677000000000001,-86.72180268172674
-0.9687,-87.41501121866061
-0.9697000000000001,-88.09407264259583
-0.9707,-88.7589869535324
-0.9717000000000001,-89.45219549046627
-0.9727,-90.11710980140283
-0.9737000000000001,-90.82446545133537
-0.9747,-91.48937976227192
-0.9757000000000001,-92.12599984721119
-0.9767,-93.05970930512211
-0.9777000000000001,-93.69632939006138
-0.9787,-94.36124370099793
-0.9797000000000001,-95.15348202892238
-0.9807,-95.86083767885488
-0.9817000000000001,-96.5681933287874
-0.9827,-97.31799031771587
-0.9837000000000001,-98.01119885464975
-0.9847,-98.67611316558632
-0.9857000000000001,-99.39761592851748
-0.9867,-99.48249860650938
-0.9857000000000001,-98.87417274756741
-0.9847,-98.23755266262813
-0.9837000000000001,-97.69996236867944
-0.9827,-97.16237207473071
-0.9817000000000001,-96.5681933287874
-0.9807,-95.97401458284409
-0.9797000000000001,-95.37983583690077
-0.9787,-94.81395131695474
-0.9777000000000001,-94.21977257101145
-0.9767,-93.61144671206948
-0.9757000000000001,-92.9748266271302
-0.9747,-92.39479499418556
-0.9737000000000001,-91.78646913524358
-0.9727,-91.39034997128137
-0.9717000000000001,-90.76787699934074
-0.9707,-90.17369825339743
-0.9697000000000001,-89.57951950745412
-0.9687,-88.9853407615108
-0.9677000000000001,-88.39116201556749
-0.9667,-87.78283615662552
-0.9657000000000001,-87.18865741068221
-0.9647,-86.69350845572944
-0.9637000000000001,-86.07103548378883
-0.9627,-85.44856251184822
-0.9617000000000001,-84.8543837659049
-0.9607,-84.28849924595887
-0.9597000000000001,-83.80749740400476
-0.9587,-83.22746577106011
-0.9577000000000001,-82.70402259011003
-0.9567,-82.09569673116808
-0.9557000000000001,-81.52981221122207
-0.9547,-80.93563346527876
-0.9537000000000001,-80.34145471933543
-0.9527,-79.73312886039348
-0.9517000000000001,-79.1248030014515
-0.9507,-78.60135982050144
-0.9497000000000001,-78.00718107455812
-0.9487,-77.46959078060941
-0.9477000000000001,-76.91785337366204
-0.9467,-76.36611596671467
-0.9457000000000001,-75.84267278576462
-0.9447,-75.33337671781321
-0.9437000000000001,-74.76749219786718
-0.9427,-74.22990190391847
-0.9417000000000001,-73.76304717496302
-0.9407,-73.26789822001024
-0.9397000000000001,-72.73030792606153
-0.9387,-72.22101185811013
-0.9377000000000001,-71.72586290315735
-0.9367,-71.15997838321134
-0.9357000000000001,-70.60824097626397
-0.9347,-70.11309202131122
-0.9337000000000001,-69.58964884036115
-0.9327,-69.06620565941108
-0.9317000000000001,-68.55690959145967
-0.9307,-68.04761352350828
-0.9297000000000001,-67.51002322955955
-0.9287,-67.00072716160814
-0.9277000000000001,-66.51972531965401
-0.9267,-65.99628213870396
-0.9257000000000001,-65.48698607075255
-0.9247,-64.99183711579978
-0.9237000000000001,-64.48254104784839
-0.9227,-63.973244979896954
-0.9217000000000001,-63.4780960249442
-0.9207,-62.99709418299008
-0.9197000000000001,-62.64341635802381
-0.9187,-62.16241451606972
-0.9177000000000001,-61.695559787114256
-0.9167,-61.242852171157445
-0.9157000000000001,-60.79014455520062
-0.9147,-60.35158405224246
-0.9137000000000001,-59.89887643628565
-0.9127,-59.432021707330186
-0.9117000000000001,-58.97931409137338
-0.9107,-58.55490070141387
-0.9097000000000001,-58.10219308545706
-0.9087,-57.6070441305043
-0.9077000000000001,-57.14018940154883
-0.9067,-56.65918755959472
-0.9057000000000001,-56.19233283063926
-0.9047,-55.73962521468245
-0.9037000000000001,-55.27277048572698
-0.9027,-54.82006286977017
-0.9017000000000001,-54.36735525381336
-0.9007,-53.9005005248579
-0.8997,-53.447792908901086
-0.8986999999999999,-52.995085292944275
-0.8977,-52.54237767698746
-0.8966999999999999,-52.08967006103065
-0.8957,-51.65110955807249
-0.8946999999999999,-51.19840194211567
-0.8937,-50.75984143915752
-0.8926999999999999,-50.30713382320071
-0.8917,-49.89686754623985
-0.8906999999999999,-49.472454156280335
-0.8897,-49.03389365332217
-0.8886999999999999,-48.59533315036401
-0.8877,-48.156772647405845
-0.8866999999999999,-47.77480059644228
-0.8857,-47.36453431948143
-0.8846999999999999,-46.92597381652327
-0.8837,-46.515707539562406
-0.8826999999999999,-46.091294149602895
-0.8817,-45.666880759643384
-0.8806999999999999,-45.25661448268253
-0.8797,-44.86049531872031
-0.8786999999999999,-44.4926703807554
-0.8777,-44.08240410379454
-0.8766999999999999,-43.68628493983233
-0.8757,-43.30431288886877
-0.8746999999999999,-42.92234083790521
-0.8737,-42.51207456094435
-0.8726999999999999,-42.130102509980794
-0.8717,-41.74813045901723
-0.8706999999999999,-41.36615840805367
-0.8697,-40.97003924409146
-0.8686999999999999,-40.5880671931279
-0.8677,-40.220242255162994
-0.8666999999999999,-39.85241731719808
-0.8657,-39.51288660523048
-0.8646999999999999,-39.173355893262865
-0.8637,-38.83382518129526
-0.8626999999999999,-38.480147356329
-0.8617,-38.12646953136274
-0.8607000000000001,-37.758644593397825
-0.8597,-37.40496676843157
-0.8587000000000001,-37.037141830466666
-0.8577,-36.6834640055004
-0.8567000000000001,-36.329786180534136
-0.8557,-35.99025546856653
-0.8547000000000001,-35.650724756598926
-0.8537,-35.297046931632664
-0.8527000000000001,-34.94336910666641
-0.8517,-34.60383839469879
-0.8507000000000001,-34.278454795729836
-0.8497,-33.924776970763574
-0.8487000000000001,-33.59939337179462
-0.8477,-33.274009772825664
-0.8467000000000001,-32.92033194785941
-0.8457,-32.59494834889044
-0.8447000000000001,-32.255417636922836
-0.8437,-31.930034037953877
-0.8427000000000001,-31.604650438984915
-0.8417,-31.265119727017314
-0.8407000000000001,-30.953883241047
-0.8397,-30.62849964207804
-0.8387000000000001,-30.317263156107735
-0.8377,-30.00602667013743
-0.8367000000000001,-29.694790184167122
-0.8357,-29.38355369819681
-0.8347000000000001,-29.072317212226505
-0.8337,-28.761080726256196
-0.8327000000000001,-28.463991353284538
-0.8317,-28.15275486731423
-0.8307000000000001,-27.855665494342567
-0.8297,-27.558576121370916
-0.8287000000000001,-27.275633861397907
-0.8277,-26.97854448842625
-0.8267000000000001,-26.681455115454593
-0.8257,-26.398512855481584
-0.8247000000000001,-26.101423482509926
-0.8237,-25.81848122253692
-0.8227000000000001,-25.535538962563912
-0.8217,-25.252596702590903
-0.8207000000000001,-24.969654442617898
-0.8197,-24.686712182644893
-0.8187000000000001,-24.40376992267188
-0.8177,-24.134974775697525
-0.8167000000000001,-23.852032515724517
-0.8157,-23.58323736875016
-0.8147000000000001,-23.314442221775803
-0.8137,-23.045647074801447
-0.8127000000000001,-22.776851927827092
-0.8117,-22.508056780852733
-0.8107000000000001,-22.253408746877028
-0.8097,-21.98461359990267
-0.8087000000000001,-21.744112678925614
-0.8077,-21.503611757948562
-0.8067000000000001,-21.2348166109742
-0.8057,-20.994315689997144
-0.8047000000000001,-20.75381476902009
-0.8037,-20.499166735044383
-0.8027000000000001,-20.25866581406732
-0.8017,-20.01816489309027
-0.8007000000000001,-19.791811085111863
-0.7997,-19.551310164134804
-0.7987000000000001,-19.3249563561564
-0.7977,-19.098602548177997
-0.7967000000000001,-18.858101627200938
-0.7957,-18.631747819222536
-0.7947000000000001,-18.40539401124413
-0.7937,-18.19318731626437
-0.7927000000000001,-17.966833508285966
-0.7917,-17.74047970030756
-0.7907000000000001,-17.528273005327804
-0.7897,-17.301919197349395
-0.7887000000000001,-17.089712502369647
-0.7877,-16.90580003338719
-0.7867000000000001,-16.693593338407435
-0.7857,-16.481386643427676
-0.7847000000000001,-16.269179948447924
-0.7837,-16.071120366466815
-0.7827000000000001,-15.858913671487063
-0.7817,-15.660854089505953
-0.7807000000000001,-15.462794507524851
-0.7797,-15.264734925543747
-0.7787000000000001,-15.06667534356264
-0.7777,-14.868615761581536
-0.7767000000000001,-14.67055617960043
-0.7757,-14.486643710617974
-0.7747,-14.30273124163552
-0.7736999999999999,-14.1174040613532
-0.7727,-13.930662169771017
-0.7716999999999999,-13.743920278188831
-0.7707,-13.562837231806107
-0.7696999999999999,-13.384583608023112
-0.7687,-13.207744695539983
-0.7676999999999999,-13.032320494356718
-0.7667,-12.855481581873589
-0.7656999999999999,-12.682886803290055
-0.7647,-12.513121447306249
-0.7636999999999999,-12.346185513922174
-0.7627,-12.182079003137831
-0.7616999999999999,-12.016557781053622
-0.7607,-11.852451270269277
-0.7596999999999999,-11.692588893384528
-0.7587,-11.528482382600183
-0.7576999999999999,-11.371449428315165
-0.7567,-11.217245896629876
-0.7556999999999999,-11.063042364944588
-0.7547,-10.911668255859027
-0.7536999999999999,-10.761708858073334
-0.7527,-10.61457888288737
-0.7516999999999999,-10.467448907701408
-0.7507,-10.324563066415037
-0.7496999999999999,-10.18167722512867
-0.7487,-10.043035517741895
-0.7476999999999999,-9.904393810355122
-0.7467,-9.765752102968348
-0.7456999999999999,-9.628525106881439
-0.7447,-9.489883399494666
-0.7436999999999999,-9.361144671206947
-0.7427,-9.22391767512004
-0.7416999999999999,-9.093764235532456
-0.7407,-8.963610795944874
-0.7396999999999999,-8.837701490256883
-0.7387,-8.716036318468491
-0.7376999999999999,-8.594371146680096
-0.7367,-8.469876552291973
-0.7357000000000001,-8.351040803103311
-0.7347,-8.235034476514379
-0.7337000000000001,-8.113369304725985
-0.7327,-7.997362978137053
-0.7317000000000001,-7.879941940248254
-0.7307,-7.763935613659322
-0.7297000000000001,-7.650758709670118
-0.7287,-7.53899651698078
-0.7277000000000001,-7.427234324291442
-0.7267,-7.3183015542018355
-0.7257000000000001,-7.210783495412092
-0.7247,-7.101850725322484
-0.7237000000000001,-6.995747377832608
-0.7227,-6.893888164242324
-0.7217000000000001,-6.790614239352177
-0.7207,-6.6887550257618935
-0.7197000000000001,-6.588310523471475
-0.7187,-6.487866021181058
-0.7177000000000001,-6.391665652790236
-0.7167,-6.2954652843994126
-0.7157000000000001,-6.196435493408861
-0.7147,-6.103064547617769
-0.7137000000000001,-6.011108313126541
-0.7127,-5.923396212534908
-0.7117000000000001,-5.837098823243141
-0.7107,-5.747972011351644
-0.7097000000000001,-5.661674622059877
-0.7087,-5.57537723276811
-0.7077000000000001,-5.490494554776207
-0.7067,-5.40419716548444
-0.7057000000000001,-5.322143910092268
-0.7047,-5.237261232100366
-0.7037000000000001,-5.158037399307924
-0.7027,-5.077398855215616
-0.7017000000000001,-4.996760311123309
-0.7007,-4.921780612230462
-0.6997000000000001,-4.842556779438021
-0.6987,-4.768991791845038
-0.6977000000000001,-4.695426804252056
-0.6967,-4.62044710535921
-0.6957000000000001,-4.546882117766228
-0.6947,-4.476146552772976
-0.6937000000000001,-4.408240410379454
-0.6927,-4.336090134086337
-0.6917000000000001,-4.266769280392952
-0.6907,-4.201692560599159
-0.6897000000000001,-4.132371706905772
-0.6887,-4.067294987111981
-0.6877000000000001,-4.003632978618054
-0.6867,-3.9385562588242617
-0.6857000000000001,-3.8763089616302007
-0.6847,-3.815476375736004
-0.6837000000000001,-3.7532290785419424
-0.6827,-3.6923964926477457
-0.6817000000000001,-3.630149195453684
-0.6807,-3.572146032159218
-0.6797000000000001,-3.5141428688647514
-0.6787,-3.4589691281700143
-0.6777000000000001,-3.405210098775143
-0.6767,-3.3486216467805416
-0.6757000000000001,-3.2906184834860754
-0.6747,-3.2396888766909337
-0.6737000000000001,-3.1859298472960624
-0.6727,-3.1364149518007864
-0.6717000000000001,-3.0854853450056448
-0.6707,-3.034555738210504
-0.6697000000000001,-2.9850408427152275
-0.6687,-2.938355369819681
-0.6677000000000001,-2.89025518562427
-0.6667,-2.840740290128994
-0.6657000000000001,-2.791225394633717
-0.6647,-2.745954633038036
-0.6637000000000001,-2.69926916014249
-0.6627,-2.6539983985468085
-0.6617000000000001,-2.6115570595508575
-0.6607,-2.5662862979551764
-0.6597000000000001,-2.5238449589592253
-0.6587,-2.4828183312631396
-0.6577000000000001,-2.4403769922671885
-0.6567,-2.3979356532712375
-0.6557000000000001,-2.358323736875016
-0.6547,-2.318711820478795
-0.6537000000000001,-2.2776851927827093
-0.6527,-2.2409026989862184
-0.6517000000000001,-2.204120205189727
-0.6507,-2.1645082887935065
-0.6497,-2.12631108369715
-0.6486999999999999,-2.092358012500389
-0.6477,-2.0555755187038987
-0.6466999999999999,-2.0187930249074073
-0.6457,-1.9834252424107812
-0.6446999999999999,-1.9480574599141556
-0.6437,-1.9155191000172598
-0.6426999999999999,-1.884395451420229
-0.6417,-1.8532718028231983
-0.6406999999999999,-1.8193187316264372
-0.6397,-1.7881950830294064
-0.6386999999999999,-1.7570714344323757
-0.6377,-1.7231183632356148
-0.6366999999999999,-1.696238848538179
-0.6357,-1.6637004886412832
-0.6346999999999999,-1.6368209739438475
-0.6337,-1.6085267479465466
-0.6326999999999999,-1.580232521949246
-0.6317,-1.5533530072518102
-0.6306999999999999,-1.5250587812545096
-0.6297,-1.499593977856939
-0.6286999999999999,-1.472714463159503
-0.6277,-1.4472496597619326
-0.6266999999999999,-1.423199567664227
-0.6257,-1.3956126973168586
-0.6246999999999999,-1.3661867022796659
-0.6237,-1.345956330691596
-0.6226999999999999,-1.3213403540739443
-0.6217,-1.296299964066333
-0.6206999999999999,-1.2708351606687625
-0.6197,-1.253009798290463
-0.6186999999999999,-1.2282523505428249
-0.6177,-1.206324325394917
-0.6166999999999999,-1.1822742332972112
-0.6157,-1.165439168828817
-0.6146999999999999,-1.142945259160963
-0.6137,-1.1215831185330012
-0.6126999999999999,-1.1006453912949985
-0.6117,-1.079990606316969
-0.6107000000000001,-1.0613164171587506
-0.6097,-1.042076343480586
-0.6087000000000001,-1.0236850965823405
-0.6077,-1.0045864940341627
-0.6067000000000001,-0.9877514295657687
-0.6057,-0.9670966445877391
-0.6047000000000001,-0.9506859935093046
-0.6037,-0.9335679867809377
-0.6027000000000001,-0.9170158645725168
-0.6017,-0.9017369825339743
-0.6007000000000001,-0.8833457356357289
-0.5997,-0.8682083247271731
-0.5987000000000001,-0.8522220870386981
-0.5977,-0.8369432050001557
-0.5967000000000001,-0.8206740250517078
-0.5957,-0.8053951430131653
-0.5947000000000001,-0.7902577321046094
-0.5937,-0.7759691479759726
-0.5927000000000001,-0.7628123328872277
-0.5917,-0.7458357972888473
-0.5907000000000001,-0.7332448667200485
-0.5897,-0.7185318692014522
-0.5887000000000001,-0.7069312365425588
-0.5877,-0.692925594673895
-0.5867000000000001,-0.6793443661951906
-0.5857,-0.6666119644964053
-0.5847000000000001,-0.6544454473175659
-0.5837,-0.6400153920589425
-0.5827000000000001,-0.6306782974798333
-0.5817,-0.6176629535210749
-0.5807000000000001,-0.6070526187720873
-0.5797,-0.5944616882032884
-0.5787000000000001,-0.5837098823243142
-0.5777,-0.5728166053153534
-0.5767000000000001,-0.5614989149164331
-0.5757,-0.5500397533875263
-0.5747000000000001,-0.5405611876784305
-0.5737,-0.5286776127595643
-0.5727000000000001,-0.5200478738303875
-0.5717,-0.5100034236013458
-0.5707000000000001,-0.4985442620724389
-0.5697,-0.4900559942732487
-0.5687000000000001,-0.48015301517419345
-0.5677,-0.47053297833511115
-0.5667000000000001,-0.4619032394059345
-0.5657,-0.4507270201370007
-0.5647000000000001,-0.44153139668787794
-0.5637,-0.4336090134086337
-0.5627000000000001,-0.42611104351934903
-0.5617,-0.41705689120021283
-0.5607000000000001,-0.40630508532123855
-0.5597,-0.39993888447184583
-0.5587000000000001,-0.39215797232258814
-0.5577,-0.383952646783371
-0.5567000000000001,-0.37588879237414025
-0.5557,-0.3688152358748151
-0.5547000000000001,-0.36046843920561134
-0.5537,-0.35268752705635364
-0.5527000000000001,-0.347736037506826
-0.5517,-0.34094542326747385
-0.5507000000000001,-0.3320327420783241
-0.5497,-0.3259494834889044
-0.5487000000000001,-0.3191588692495523
-0.5477,-0.31293413953014615
-0.5467000000000001,-0.3050117562509019
-0.5457,-0.29906996879146874
-0.5447000000000001,-0.29369406585198166
-0.5437,-0.28676198048264295
-0.5427000000000001,-0.2818104909331153
-0.5417,-0.27558576121370915
-0.5407000000000001,-0.26766337793446493
-0.5397,-0.2634192440348699
-0.5387000000000001,-0.25790186996539616
-0.5377,-0.25394067832577405
-0.5367000000000001,-0.2474330063463949
-0.5357,-0.24134974775697526
-0.5347000000000001,-0.23611531594747462
-0.5337,-0.2313052975279335
-0.5327000000000001,-0.2270611636283384
-0.5317,-0.22210967407881074
-0.5307000000000001,-0.2189973092191077
-0.5297,-0.212065223849769
-0.5287000000000001,-0.20838697447011992
-0.5277,-0.2065478497802954
-0.5267000000000001,-0.19904987989101067
-0.5257,-0.1933910346915505
-0.5247,-0.19056161209182043
-0.5236999999999999,-0.18872248740199588
-0.5227,-0.18221481542261672
-0.5216999999999999,-0.17782921039303512
-0.5207,-0.17457537440334553
-0.5196999999999999,-0.16905800033387192
-0.5187,-0.16637004886412832
-0.5176999999999999,-0.16424798191433077
-0.5167,-0.1584476655848841
-0.5156999999999999,-0.15604265637511353
-0.5147,-0.15052528230563988
-0.5136999999999999,-0.14953498439573437
-0.5127,-0.1465640906660178
-0.5116999999999999,-0.1427443701563822
-0.5107,-0.13983006487866023
-0.5096999999999999,-0.13647719909798006
-0.5087,-0.13172376913043357
-0.5076999999999999,-0.13186524026042007
-0.5067,-0.12600833547897883
-0.5056999999999999,-0.12265546969829867
-0.5047,-0.1216793189013918
-0.5036999999999999,-0.11777471571376431
-0.5027,-0.11805765797373731
-0.5016999999999999,-0.1133042280061908
-0.5007,-0.1096825670785363
-0.4996999999999999,-0.10673996757481702
-0.49870000000000003,-0.10604675903788315
-0.4976999999999999,-0.1039529863140829
-0.49670000000000003,-0.10074159166338927
-0.4956999999999999,-0.09878929006957551
-0.49470000000000003,-0.09543642428889539
-0.4936999999999999,-0.09264944302816126
-0.4927,-0.09293238528813427
-0.4916999999999999,-0.09000393289741364
-0.4907,-0.08734427565366736
-0.4896999999999999,-0.08427435213296022
-0.4887,-0.0814873708722261
-0.4876999999999999,-0.08189763714918698
-0.4867,-0.07799303396155947
-0.48570000000000013,-0.07534752383081185
-0.4847,-0.07520605270082535
-0.48370000000000013,-0.0717117157901587
-0.4827,-0.07199465805013172
-0.48170000000000013,-0.07073556499325184
-0.4807,-0.0679485837325177
-0.4797000000000001,-0.06473718908182408
-0.4787,-0.06402983343189157
-0.4777000000000001,-0.0634780960249442
-0.4767,-0.06069111476421007
-0.4757000000000001,-0.05845587091042332
-0.4747,-0.05705530672355694
-0.4737000000000001,-0.05607915592665005
-0.4727,-0.05538594738971618
-0.4717000000000001,-0.05091545968214267
-0.4707,-0.05119840194211568
-0.4697000000000001,-0.048538744698369406
-0.4687,-0.047987007291422044
-0.4677000000000001,-0.04770406503144904
-0.4667,-0.04505855490070142
-0.4657000000000001,-0.04463414151074191
-0.4647,-0.04087100945310092
-0.4637000000000001,-0.04170568912002128
-0.4627,-0.039611916396221025
-0.4617000000000001,-0.037801085932393785
-0.4607,-0.03737667254243427
-0.4597000000000001,-0.035282899818634014
-0.4587,-0.03542437094862052
-0.4577000000000001,-0.03388233563176763
-0.4567,-0.0327788608178729
-0.4557000000000001,-0.032071505167940384
-0.4547,-0.029567466167179264
-0.4537000000000001,-0.029425995037192763
-0.4527,-0.028591315370272388
-0.4517000000000001,-0.02788395972033987
-0.4507,-0.027473693443379014
-0.4497000000000001,-0.024955507329619247
-0.4487,-0.02426229879268538
-0.4477000000000001,-0.024955507329619247
-0.4467,-0.022578792345845984
-0.4457000000000001,-0.020216224475071376
-0.4447,-0.017980980621284618
-0.4437000000000001,-0.018391246898245478
-0.4427,-0.019240073678164497
-0.4417000000000001,-0.01615600304445872
-0.4407,-0.01769803836131161
-0.4397000000000001,-0.014911057100577486
-0.4387,-0.01365054933239774
-0.4377000000000001,-0.016721887564404736
-0.4367,-0.012953096661564276
-0.4357000000000001,-0.012672983824190999
-0.4347,-0.011416720189910844
-0.4337000000000001,-0.011696833027284121
-0.4327,-0.010719267519077383
-0.4317000000000001,-0.01002181484824392
-0.43069999999999997,-0.009044249340037178
-0.4297000000000001,-0.008765551213963767
-0.42869999999999997,-0.0068118349088501515
-0.4277000000000001,-0.008206740250517076
-0.42669999999999997,-0.00597432581933005
-0.4257000000000001,-0.004856703892436672
-0.42469999999999997,-0.0054155148558833605
-0.4237000000000001,-0.004856703892436672
-0.42269999999999996,-0.004019194802916569
-0.4217000000000001,-0.0027629311686364166
-0.42069999999999996,-0.0027629311686364166
-0.4197000000000001,-0.00011166316289834735
-0.41869999999999996,-0.0009491298110794531
-0.41770000000000007,0.00030713382320069946
-0.41669999999999996,0.0008653789021274429
-0.41570000000000007,0.0022607086571843284
-0.41469999999999996,0.002819519620631018
-0.41370000000000007,0.003238274165391069
-0.41269999999999996,0.0033783305840777073
-0.41170000000000007,0.0022607086571843284
-0.41069999999999995,0.004075783254911171
-0.40970000000000006,0.003935726836224532
-0.40869999999999995,0.005332046889191323
-0.40770000000000006,0.006588310523471475
-0.40669999999999995,0.005332046889191323
-0.40570000000000006,0.006867008649544888
-0.40469999999999995,0.006588310523471475
-0.40370000000000006,0.008682083247271731
-0.40269999999999995,0.00784457415775163
-0.40170000000000006,0.008682083247271731
-0.40069999999999995,0.007564461320378351
-0.39970000000000006,0.008682083247271731
-0.39869999999999994,0.009658234044178605
-0.39770000000000005,0.009658234044178605
-0.39669999999999994,0.009938346881551883
-0.39570000000000005,0.011473308641905449
-0.39469999999999994,0.012170761312738912
-0.39370000000000005,0.011611950349292221
-0.39269999999999994,0.012170761312738912
-0.39170000000000005,0.013008270402259013
-0.39069999999999994,0.012589515857498962
-0.38970000000000005,0.01426028990263957
-0.38869999999999993,0.01580232521949246
-0.38770000000000004,0.013705723073092474
-0.38669999999999993,0.013567081365705703
-0.38570000000000004,0.015519382959519455
-0.38469999999999993,0.014684703292599082
-0.38370000000000004,0.014684703292599082
-0.38269999999999993,0.015660854089505957
-0.38170000000000004,0.017896097943292714
-0.3806999999999999,0.017896097943292714
-0.37970000000000004,0.018730777610213082
-0.3786999999999999,0.01803756907327922
-0.37770000000000004,0.018306364220253574
-0.3766999999999999,0.018447835350240076
-0.37570000000000003,0.02124896372397285
-0.3746999999999999,0.01970692840711996
-0.37370000000000003,0.019423986147146955
-0.3726999999999999,0.01970692840711996
-0.37170000000000003,0.019423986147146955
-0.3706999999999999,0.020683079204026837
-0.36970000000000003,0.021517758870947205
-0.3686999999999999,0.022225114520879725
-0.3677,0.020131341797079472
-0.3666999999999999,0.02124896372397285
-0.3657,0.022918323057813595
-0.3646999999999999,0.023342736447773106
-0.3637,0.021800701130920214
-0.3626999999999999,0.023342736447773106
-0.3617,0.022366585650866227
-0.36070000000000013,0.023753002724733966
-0.3597,0.023342736447773106
-0.35870000000000013,0.02417741611469348
-0.3577,0.024460358374666487
-0.35670000000000013,0.022493909667854084
-0.3557,0.025705304318547718
-0.3547000000000001,0.02612971770850723
-0.3537,0.02543650917157336
-0.3527000000000001,0.02543650917157336
-0.3517,0.025705304318547718
-0.3507000000000001,0.025846775448534223
-0.3497,0.024729153521640842
-0.3487000000000001,0.02682292624544109
-0.3477,0.027799077042347967
-0.3467000000000001,0.02612971770850723
-0.3457,0.027247339635400606
-0.3447000000000001,0.029751378636161722
-0.3437,0.028633756709268345
-0.3427000000000001,0.029199641229214358
-0.3417,0.028916698969241348
-0.3407000000000001,0.0308690005630551
-0.3397,0.028082019302320977
-0.3387000000000001,0.028775227839254847
-0.3377,0.029341112359200863
-0.3367000000000001,0.031010471693041605
-0.3357,0.031151942823028106
-0.3347000000000001,0.0307275294330686
-0.3337,0.029482583489187364
-0.3327000000000001,0.030034320896134725
-0.3317,0.029199641229214358
-0.3307000000000001,0.033104244416841865
-0.3297,0.031434885083001116
-0.3287000000000001,0.03184515135996198
-0.3277,0.03157635621298762
-0.3267000000000001,0.03241103587990799
-0.3257,0.03241103587990799
-0.3247000000000001,0.03367012893678788
-0.3237,0.032693978139880994
-0.3227000000000001,0.032552507009894496
-0.3217,0.03324571554682836
-0.3207000000000001,0.03324571554682836
-0.3197,0.03450480860370824
-0.3187000000000001,0.03408039521374873
-0.3177,0.03464627973369475
-0.3167000000000001,0.03241103587990799
-0.3157,0.03436333747372174
-0.3147000000000001,0.03533948827062862
-0.3137,0.0350565460106556
-0.3127000000000001,0.03631563906753549
-0.3117,0.036598581327508505
-0.3107000000000001,0.03562243053060162
-0.3097,0.036881523587481514
-0.3087000000000001,0.035198017140642114
-0.3077,0.03590537279057463
-0.3067000000000001,0.035198017140642114
-0.30569999999999997,0.036881523587481514
-0.3047000000000001,0.039244091458256115
-0.30369999999999997,0.038409411791335744
-0.3027000000000001,0.03533948827062862
-0.30169999999999997,0.03590537279057463
-0.3007000000000001,0.03799914551437489
-0.29969999999999997,0.03799914551437489
-0.2987000000000001,0.03757473212441537
-0.29769999999999996,0.038126469531362735
-0.2967000000000001,0.03757473212441537
-0.29569999999999996,0.037433260994428876
-0.2947000000000001,0.03757473212441537
-0.29369999999999996,0.039244091458256115
-0.29270000000000007,0.039244091458256115
-0.29169999999999996,0.03855088292132225
-0.29070000000000007,0.039527033718229125
-0.28969999999999996,0.040927597905095515
-0.28870000000000007,0.040503184515136
-0.28769999999999996,0.040503184515136
-0.28670000000000007,0.039527033718229125
-0.28569999999999995,0.03995144710818864
-0.28470000000000006,0.04009291823817514
-0.28369999999999995,0.039527033718229125
-0.28270000000000006,0.03980997597820213
-0.28169999999999995,0.04204521983198889
-0.28070000000000006,0.040220242255163
-0.27969999999999995,0.040361713385149496
-0.27870000000000006,0.04204521983198889
-0.27769999999999995,0.040361713385149496
-0.27670000000000006,0.03897529631128176
-0.27569999999999995,0.04204521983198889
-0.27470000000000006,0.04190374870200239
-0.27369999999999994,0.04176227757201588
-0.27270000000000005,0.04119639305206987
-0.27169999999999994,0.040927597905095515
-0.27070000000000005,0.044266316572777
-0.26969999999999994,0.04245548610894975
-0.26870000000000005,0.042738428368922755
-0.26769999999999994,0.04147933531204288
-0.26670000000000005,0.04133786418205637
-0.26569999999999994,0.04454925883275
-0.26470000000000005,0.04231401497896324
-0.26369999999999993,0.044266316572777
-0.26270000000000004,0.043290165775870124
-0.26169999999999993,0.04357310803584313
-0.26070000000000004,0.044138992555789146
-0.25969999999999993,0.044690729962736514
-0.25870000000000004,0.044138992555789146
-0.25769999999999993,0.04399752142580264
-0.25670000000000004,0.04538393849967037
-0.2556999999999999,0.04483220109272301
-0.25470000000000004,0.04371457916582964
-0.2536999999999999,0.04454925883275
-0.25270000000000004,0.04497367222270952
-0.2516999999999999,0.04371457916582964
-0.25070000000000003,0.044690729962736514
-0.24969999999999992,0.044690729962736514
-0.24870000000000003,0.046360089296577256
-0.24769999999999992,0.04538393849967037
-0.24670000000000003,0.045115143352696015
-0.24569999999999992,0.04594982301961639
-0.24470000000000003,0.044690729962736514
-0.24369999999999992,0.04538393849967037
-0.24270000000000003,0.045256614482682526
-0.24169999999999991,0.04580835188962989
-0.24070000000000003,0.046232765279589395
-0.2396999999999999,0.047350387206482776
-0.23870000000000002,0.046784502686536764
-0.2376999999999999,0.04650156042656376
-0.23670000000000002,0.047350387206482776
-0.23570000000000013,0.04650156042656376
-0.23470000000000002,0.04747771122347064
-0.23370000000000013,0.0484538620203775
-0.23270000000000002,0.04706744494650977
-0.23170000000000013,0.046784502686536764
-0.23070000000000002,0.04692597381652327
-0.22970000000000013,0.0484538620203775
-0.22870000000000001,0.048185066873403154
-0.22770000000000012,0.04804359574341665
-0.2267,0.048185066873403154
-0.22570000000000012,0.04887827541033701
-0.2247,0.04901974654032352
-0.22370000000000012,0.0499958973372304
-0.2227,0.049571483947270886
-0.22170000000000012,0.04706744494650977
-0.2207,0.04887827541033701
-0.21970000000000012,0.04790212461343014
-0.2187,0.04832653800338965
-0.21770000000000012,0.04971295507725739
-0.2167,0.04930268880029653
-0.2157000000000001,0.05180672780105764
-0.2147,0.052231141191017155
-0.2137000000000001,0.052231141191017155
-0.2127,0.05180672780105764
-0.2117000000000001,0.04916121767031002
-0.2107,0.05208967006103065
-0.2097000000000001,0.05180672780105764
-0.2087,0.05125499039411028
-0.2077000000000001,0.05264140746797802
-0.2067,0.05027883959720341
-0.2057000000000001,0.053617558264884894
-0.2047,0.05125499039411028
-0.2037000000000001,0.051113519264123775
-0.2027,0.051665256671071136
-0.2017000000000001,0.05153793265408329
-0.2007,0.053617558264884894
-0.1997000000000001,0.053348763117910536
-0.1987,0.053348763117910536
-0.1977000000000001,0.05320729198792403
-0.19669999999999999,0.05306582085793753
-0.1957000000000001,0.05306582085793753
-0.19469999999999998,0.052514083450990165
-0.1937000000000001,0.05264140746797802
-0.19269999999999998,0.05306582085793753
-0.1917000000000001,0.052514083450990165
-0.1907000000000001,0.0541834427848309
-0.1897000000000002,0.05446638504480392
-0.1887000000000001,0.05530106471172429
-0.1877000000000002,0.055442535841710786
-0.1867000000000001,0.0539005005248579
-0.1857000000000002,0.05460785617479042
-0.1847000000000001,0.05613574437864466
-0.1837000000000002,0.055442535841710786
-0.18270000000000008,0.054876651321764766
-0.1817000000000002,0.053348763117910536
-0.18070000000000008,0.056560157768604166
-0.1797000000000002,0.05599427324865815
-0.17870000000000008,0.056828952915578525
-0.1777000000000002,0.055711330988685144
-0.17670000000000008,0.05515959358173778
-0.1757000000000002,0.05753630856551105
-0.17470000000000008,0.057394837435524544
-0.1737000000000002,0.05753630856551105
-0.17270000000000008,0.05670162889859067
-0.17170000000000019,0.05585280211867165
-0.17070000000000007,0.05767777969549755
-0.16970000000000018,0.057394837435524544
-0.16870000000000007,0.05697042404556502
-0.16770000000000018,0.056560157768604166
-0.16670000000000007,0.05725336630553804
-0.16570000000000018,0.057946574842471905
-0.16470000000000007,0.05934713902933829
-0.16370000000000018,0.058922725639378774
-0.16270000000000007,0.05767777969549755
-0.16170000000000018,0.058653930492404416
-0.16070000000000007,0.05879540162239092
-0.15970000000000018,0.05753630856551105
-0.15870000000000006,0.05934713902933829
-0.15770000000000017,0.06032328982624517
-0.15670000000000006,0.05822951710244491
-0.15570000000000017,0.05837098823243141
-0.15470000000000006,0.059771552419297796
-0.15370000000000017,0.06101649836317903
-0.15270000000000006,0.05851245936241791
-0.15170000000000017,0.05837098823243141
-0.15070000000000006,0.06129944062315204
-0.14970000000000017,0.06115796949316554
-0.14870000000000005,0.059488610159324794
-0.14770000000000016,0.06298294706999143
-0.14670000000000005,0.06115796949316554
-0.14570000000000016,0.06101649836317903
-0.14470000000000005,0.06172385401311155
-0.14370000000000016,0.06129944062315204
-0.14270000000000005,0.06172385401311155
-0.14170000000000016,0.06101649836317903
-0.14070000000000005,0.062134120290072405
-0.13970000000000016,0.06172385401311155
-0.13870000000000005,0.06298294706999143
-0.13770000000000016,0.06284147594000493
-0.13670000000000004,0.06270000481001843
-0.13570000000000015,0.06436936414385917
-0.13470000000000004,0.0636761556069253
-0.13370000000000015,0.0638176267369118
-0.13270000000000004,0.06408642188388616
-0.13170000000000015,0.06241706255004542
-0.13070000000000004,0.06493524866380519
-0.12970000000000015,0.0638176267369118
-0.12870000000000004,0.06339321334695229
-0.12770000000000015,0.06395909786689832
-0.12670000000000003,0.06339321334695229
-0.12570000000000014,0.06520404381077954
-0.12470000000000003,0.06688755025761894
-0.12370000000000014,0.06451083527384567
-0.12270000000000003,0.06534551494076604
-0.12170000000000014,0.06465230640383217
-0.12070000000000003,0.06618019460768641
-0.11970000000000014,0.06507671979379169
-0.11870000000000003,0.06702902138760544
-0.11770000000000014,0.06632166573767292
-0.11670000000000003,0.06591139946071205
-0.11570000000000014,0.06674607912763245
-0.11470000000000002,0.0677222299245393
-0.11370000000000013,0.0677222299245393
-0.11270000000000002,0.06743928766456629
-0.11170000000000013,0.0675807587945528
-0.11070000000000024,0.06827396733148668
-0.10970000000000013,0.06869838072144617
-0.10870000000000024,0.06800517218451232
-0.10770000000000013,0.06800517218451232
-0.10670000000000024,0.07009894490831257
-0.10570000000000013,0.06939158925838004
-0.10470000000000024,0.0689813229814192
-0.10370000000000013,0.07050921118527342
-0.10270000000000024,0.06912279411140569
-0.10170000000000012,0.06953306038836657
-0.10070000000000023,0.07093362457523293
-0.09970000000000012,0.07050921118527342
-0.09870000000000023,0.07024041603829907
-0.09770000000000012,0.07065068231525992
-0.09670000000000023,0.07093362457523293
-0.09570000000000012,0.07024041603829907
-0.09470000000000023,0.07190977537213981
-0.09370000000000012,0.07274445503906019
-0.09270000000000023,0.07260298390907369
-0.09170000000000011,0.07190977537213981
-0.09070000000000022,0.07455528550288744
-0.08970000000000011,0.0716268331121668
-0.08870000000000022,0.07246151277908719
-0.08770000000000011,0.07343766357599404
-0.08670000000000022,0.07343766357599404
-0.08570000000000011,0.07512117002283344
-0.08470000000000022,0.07428649035591307
-0.08370000000000011,0.07386207696595355
-0.08270000000000022,0.07442796148589957
-0.0817000000000001,0.07497969889284695
-0.08070000000000022,0.0774978850066067
-0.0797000000000001,0.07776668015358107
-0.07870000000000021,0.07638026307971334
-0.0777000000000001,0.07638026307971334
-0.07670000000000021,0.07679052935667419
-0.0757000000000001,0.07762520902359457
-0.07470000000000021,0.07888430208047445
-0.0737000000000001,0.07916724434044746
-0.07270000000000021,0.07888430208047445
-0.0717000000000001,0.07790815128356757
-0.07070000000000021,0.07888430208047445
-0.0697000000000001,0.08014339513735433
-0.0687000000000002,0.07916724434044746
-0.0677000000000001,0.08000192400736782
-0.0667000000000002,0.07945018660042047
-0.06570000000000009,0.08083660367428819
-0.0647000000000002,0.08083660367428819
-0.06370000000000009,0.08181275447119508
-0.0627000000000002,0.08056780852731382
-0.06170000000000009,0.08083660367428819
-0.0607000000000002,0.08404799832498183
-0.059700000000000086,0.08404799832498183
-0.058700000000000196,0.08447241171494134
-0.057700000000000085,0.08461388284492784
-0.056700000000000195,0.08293037639808845
-0.05570000000000008,0.08404799832498183
-0.05470000000000019,0.08573150477182122
-0.05370000000000008,0.08711792184568896
-0.05270000000000019,0.0848826779919022
-0.05170000000000008,0.08335478978804794
-0.05070000000000019,0.08516562025187521
-0.04970000000000008,0.08544856251184822
-0.04870000000000019,0.08809407264259583
-0.047700000000000076,0.08823554377258234
-0.046700000000000186,0.08642471330875509
-0.045700000000000074,0.09018784536639608
-0.044700000000000184,0.08880142829252836
-0.04370000000000007,0.08823554377258234
-0.04270000000000018,0.08921169456948921
-0.04170000000000007,0.08991905021942173
-0.04070000000000018,0.09116399616330297
-0.03970000000000007,0.09047078762636909
-0.03870000000000018,0.09103667214631511
-0.03770000000000007,0.08907022343950272
-0.03670000000000018,0.09242308922018284
-0.035700000000000065,0.09382365340704923
-0.034700000000000175,0.09228161809019635
-0.03370000000000006,0.09242308922018284
-0.03270000000000017,0.09410659566702224
-0.03170000000000006,0.09368218227706274
-0.03070000000000017,0.09451686194398311
-0.02970000000000006,0.09508274646392911
-0.02870000000000017,0.09717651918772936
-0.027700000000000058,0.09549301274088996
-0.026700000000000168,0.09479980420395612
-0.025700000000000056,0.09325776888710322
-0.024700000000000166,0.09646916353779686
-0.023700000000000054,0.09646916353779686
-0.022700000000000164,0.0962003683908225
-0.021700000000000053,0.0962003683908225
-0.020700000000000163,0.09815266998463625
-0.01970000000000005,0.0984214651316106
-0.01870000000000016,0.09731799031771587
-0.01770000000000005,0.0962003683908225
-0.01670000000000016,0.09884587852157012
-0.015700000000000047,0.09898734965155662
-0.014700000000000157,0.10010497157845
-0.013700000000000045,0.10065670898539736
-0.012700000000000156,0.09856293626159711
-0.011700000000000044,0.09786972772466324
-0.010700000000000154,0.10386810363609099
-0.009700000000000042,0.10345783735913014
-0.008700000000000152,0.10260901057921111
-0.00770000000000004,0.10122259350534336
-0.00670000000000015,0.10122259350534336
-0.005700000000000038,0.10177433091229074
-0.0047000000000001485,0.10150553576531639
-0.0037000000000000366,0.10248168656222324
-0.0027000000000001467,0.10345783735913014
-0.0017000000000000348,0.10219874430225025
-0.000700000000000145,0.10205727317226375
0.00029999999999996696,0.10555161008293039
0.0012999999999998568,0.1042925170260505
0.0022999999999999687,0.10359930848911664
0.0032999999999998586,0.10177433091229074
0.0042999999999999705,0.10596187635989125
0.00529999999999986,0.10470278330301136
0.006299999999999972,0.10400957476607749
0.007299999999999862,0.104433988156037
0.008299999999999974,0.10331636622914364
0.009299999999999864,0.10541013895294389
0.010299999999999976,0.10610334748987776
0.011299999999999866,0.10512719669297087
0.012299999999999978,0.10555161008293039
