Potential V vs RHE, Current mA cm-2
0.013299999999999867,0.021517758870947205
0.012299999999999978,0.025988246578520724
0.011299999999999866,0.020541608074040336
0.010299999999999976,0.01803756907327922
0.009299999999999864,0.021376287740960703
0.008299999999999974,0.017471684553333203
0.007299999999999862,0.020272812927065977
0.006299999999999972,0.016637004886412832
0.00529999999999986,0.013286968528332426
0.0042999999999999705,0.01858930648022658
0.0032999999999998586,0.011193195804532171
0.0022999999999999687,0.01426028990263957
0.0012999999999998568,0.013008270402259013
0.00029999999999996696,0.013985835910465752
-0.000700000000000145,0.010495743133698707
-0.0017000000000000348,0.011473308641905449
-0.0027000000000001467,0.011193195804532171
-0.0037000000000000366,0.009100837792031781
-0.0047000000000001485,0.007983215865138404
-0.005700000000000038,0.01133325222321881
-0.00670000000000015,0.007425819612991578
-0.00770000000000004,0.010357101426311934
-0.008700000000000152,0.011892063186665499
-0.009700000000000042,0.009379535918105194
-0.010700000000000154,0.00770451773906499
-0.011700000000000044,0.007564461320378351
-0.012700000000000156,0.007425819612991578
-0.013700000000000045,0.004633179507057995
-0.014700000000000157,0.002400765075870967
-0.015700000000000047,0.0064482541047848375
-0.01670000000000016,0.0044945377996712214
-0.01770000000000005,0.005191990470504684
-0.01870000000000016,0.005332046889191323
-0.01970000000000005,0.005889443141338148
-0.020700000000000163,0.005332046889191323
-0.021700000000000053,0.0030982177467044304
-0.022700000000000164,0.004633179507057995
-0.023700000000000054,0.002959576039317657
-0.024700000000000166,0.0008653789021274429
-0.025700000000000056,0.007425819612991578
-0.026700000000000168,0.00044662435736739204
-0.027700000000000058,0.004354481380984583
-0.02870000000000017,-0.0006700072716160814
-0.02970000000000006,0.0010048694362941356
-0.03070000000000017,0.00016750181790402036
-0.03170000000000006,0.00016750181790402036
-0.03270000000000017,0.00016750181790402036
-0.03370000000000006,0.00016750181790402036
-0.034700000000000175,-0.0029029875873230553
-0.035700000000000065,0.0011445014415908147
-0.03670000000000018,-0.001228252350542825
-0.03770000000000007,-0.0009491298110794531
-0.03870000000000018,-0.0026242894612496428
-0.03970000000000007,0.00016750181790402036
-0.04070000000000018,-0.0024842330425630045
-0.04170000000000007,-0.0038805530955297956
-0.04270000000000018,-0.0037404966768431573
-0.04370000000000007,-0.004019194802916569
-0.044700000000000184,-0.0034617985507697452
-0.045700000000000074,-0.0005303752663194022
-0.046700000000000186,-0.0031816857133964674
-0.047700000000000076,2.7912253946337174e-05
-0.04870000000000019,-0.0036004402581565186
-0.04970000000000008,-0.004856703892436672
-0.05070000000000019,-0.0026242894612496428
-0.05170000000000008,-0.006393080364090101
-0.05270000000000019,-0.00443794934767662
-0.05370000000000008,-0.0056942129819567725
-0.05470000000000019,-0.005275458437196722
-0.05570000000000008,-0.0031816857133964674
-0.056700000000000195,-0.004019194802916569
-0.057700000000000085,-0.0038805530955297956
-0.058700000000000196,-0.00597432581933005
-0.059700000000000086,-0.007090533034923564
-0.0607000000000002,-0.004718062185049898
-0.06170000000000009,-0.006531722071476874
-0.0627000000000002,-0.0056942129819567725
-0.06370000000000009,-0.008346796669203717
-0.0647000000000002,-0.009322947466110591
-0.06570000000000009,-0.006112967526716823
-0.0667000000000002,-0.01044056939300397
-0.0677000000000001,-0.006253023945403462
-0.0687000000000002,-0.007230589453610202
-0.0697000000000001,-0.01002181484824392
-0.07070000000000021,-0.007090533034923564
-0.0717000000000001,-0.007928042124443665
-0.07270000000000021,-0.005136816729809948
-0.0737000000000001,-0.009322947466110591
-0.07470000000000021,-0.01044056939300397
-0.0757000000000001,-0.006671778490163513
-0.07670000000000021,-0.009184305758723818
-0.0777000000000001,-0.009881758429557281
-0.07870000000000021,-0.011556776608597484
-0.0797000000000001,-0.009881758429557281
-0.08070000000000022,-0.010997965645150794
-0.0817000000000001,-0.00946300388479723
-0.08270000000000022,-0.010719267519077383
-0.08370000000000011,-0.011556776608597484
-0.08470000000000022,-0.012254229279430947
-0.08570000000000011,-0.007649343998370253
-0.08670000000000022,-0.011138022063837433
-0.08770000000000011,-0.011278078482524071
-0.08870000000000022,-0.015179852247551842
-0.08970000000000011,-0.011835474734670897
-0.09070000000000022,-0.009044249340037178
-0.09170000000000011,-0.011975531153357534
-0.09270000000000023,-0.0135104929137111
-0.09370000000000012,-0.012813040242877636
-0.09470000000000023,-0.015745736767497857
-0.09570000000000012,-0.011416720189910844
-0.09670000000000023,-0.01588720789748436
-0.09770000000000012,-0.011835474734670897
-0.09870000000000023,-0.013929247458471152
-0.09970000000000012,-0.01658041643441823
-0.10070000000000023,-0.015604265637511355
-0.10170000000000012,-0.014203701450644968
-0.10270000000000024,-0.012254229279430947
-0.10370000000000013,-0.01629747417444522
-0.10470000000000024,-0.016438945304431726
-0.10570000000000013,-0.0135104929137111
-0.10670000000000024,-0.014628114840604478
-0.10770000000000013,-0.014769585970590984
-0.10870000000000024,-0.014203701450644968
-0.10970000000000013,-0.017556567231325104
-0.11070000000000024,-0.013790605751084378
-0.11170000000000013,-0.015745736767497857
-0.11270000000000002,-0.015745736767497857
-0.11370000000000013,-0.018674189158218484
-0.11470000000000002,-0.018674189158218484
-0.11570000000000014,-0.01629747417444522
-0.11670000000000003,-0.016028679027470863
-0.11770000000000014,-0.016863358694391237
-0.11870000000000003,-0.020626490752032236
-0.11970000000000014,-0.0174150961013386
-0.12070000000000003,-0.016028679027470863
-0.12170000000000014,-0.018815660288204986
-0.12270000000000003,-0.0174150961013386
-0.12370000000000014,-0.017980980621284618
-0.12470000000000003,-0.019933282215098366
-0.12570000000000014,-0.018674189158218484
-0.12670000000000003,-0.022578792345845984
-0.12770000000000015,-0.018815660288204986
-0.12870000000000004,-0.019240073678164497
-0.12970000000000015,-0.021885583808912118
-0.13070000000000004,-0.018815660288204986
-0.13170000000000015,-0.019933282215098366
-0.13270000000000004,-0.019933282215098366
-0.13370000000000015,-0.023837885402725866
-0.13470000000000004,-0.020343548492059226
-0.13570000000000015,-0.018674189158218484
-0.13670000000000004,-0.020767961882018737
-0.13770000000000016,-0.020909433012005242
-0.13870000000000005,-0.01853271802823198
-0.13970000000000016,-0.023144676865792004
-0.14070000000000005,-0.022861734605818994
-0.14170000000000016,-0.023144676865792004
-0.14270000000000005,-0.022027054938898623
-0.14370000000000016,-0.024120827662698876
-0.14470000000000005,-0.021602641548939108
-0.14570000000000016,-0.021602641548939108
-0.14670000000000005,-0.022578792345845984
-0.14770000000000016,-0.022168526068885124
-0.14870000000000005,-0.02453109393965974
-0.14970000000000017,-0.022861734605818994
-0.15070000000000006,-0.021602641548939108
-0.15170000000000017,-0.027049280053419503
-0.15270000000000006,-0.025648715866553113
-0.15370000000000017,-0.026356071516485634
-0.15470000000000006,-0.024403769922671882
-0.15570000000000017,-0.02048501962204573
-0.15670000000000006,-0.02662486666345999
-0.15770000000000017,-0.02119237527197825
-0.15870000000000006,-0.027473693443379014
-0.15970000000000018,-0.026073129256512624
-0.16070000000000007,-0.02537992071957876
-0.16170000000000018,-0.02621460038649913
-0.16270000000000007,-0.02426229879268538
-0.16370000000000018,-0.02649754264647214
-0.16470000000000007,-0.026907808923433
-0.16570000000000018,-0.02272026347583249
-0.16670000000000007,-0.027601017460366868
-0.16770000000000018,-0.024955507329619247
-0.16870000000000007,-0.027332222313392506
-0.16970000000000018,-0.025648715866553113
-0.17070000000000007,-0.025790186996539618
-0.17170000000000019,-0.029284523907206258
-0.17270000000000008,-0.027332222313392506
-0.1737000000000002,-0.02774248859035337
-0.17470000000000008,-0.029143052777219756
-0.1757000000000002,-0.02621460038649913
-0.17670000000000008,-0.028718639387260245
-0.1777000000000002,-0.027049280053419503
-0.17870000000000008,-0.031095354371033508
-0.1797000000000002,-0.031095354371033508
-0.18070000000000008,-0.02788395972033987
-0.1817000000000002,-0.030685088094072648
-0.18270000000000008,-0.029425995037192763
-0.1837000000000002,-0.029567466167179264
-0.1847000000000001,-0.03123682550102001
-0.1857000000000002,-0.027473693443379014
-0.1867000000000001,-0.030260674704113137
-0.1877000000000002,-0.029836261314153626
-0.1887000000000001,-0.028591315370272388
-0.1897000000000002,-0.031788562907967374
-0.1907000000000001,-0.030260674704113137
-0.1917000000000001,-0.03221297629792688
-0.19269999999999998,-0.030543616964086147
-0.1937000000000001,-0.030953883241047007
-0.19469999999999998,-0.031095354371033508
-0.1957000000000001,-0.031095354371033508
-0.19669999999999999,-0.03137829663100652
-0.1977000000000001,-0.027332222313392506
-0.1987,-0.031788562907967374
-0.1997000000000001,-0.03444822015171364
-0.2007,-0.030260674704113137
-0.2017000000000001,-0.03318912709483376
-0.2027,-0.028591315370272388
-0.2037000000000001,-0.034306749021727145
-0.2047,-0.032637389687886396
-0.2057000000000001,-0.03221297629792688
-0.2067,-0.0366834640055004
-0.2077000000000001,-0.03221297629792688
-0.2087,-0.034731162411686646
-0.2097000000000001,-0.0366834640055004
-0.2107,-0.03388233563176763
-0.2117000000000001,-0.03570731320859352
-0.2127,-0.03458969128170015
-0.2137000000000001,-0.03444822015171364
-0.2147,-0.035282899818634014
-0.2157000000000001,-0.03514142868864751
-0.2167,-0.03975338752620753
-0.21770000000000012,-0.03361354048479327
-0.2187,-0.037518143672420776
-0.21970000000000012,-0.034999957558661005
-0.2207,-0.037235201412447766
-0.22170000000000012,-0.03765961480240728
-0.2227,-0.03625905061554088
-0.22370000000000012,-0.03625905061554088
-0.2247,-0.03947044526623452
-0.22570000000000012,-0.03709373028246127
-0.2267,-0.04058806719312791
-0.22770000000000012,-0.035282899818634014
-0.22870000000000001,-0.038494294469327645
-0.22970000000000013,-0.03918750300626152
-0.23070000000000002,-0.03794255706238028
-0.23170000000000013,-0.03821135220935464
-0.23270000000000002,-0.039046031876275006
-0.23370000000000013,-0.03975338752620753
-0.23470000000000002,-0.04087100945310092
-0.23570000000000013,-0.03821135220935464
-0.23670000000000002,-0.04156421799003478
-0.2376999999999999,-0.04142274686004828
-0.23870000000000002,-0.03891870785928716
-0.2396999999999999,-0.038635765599314156
-0.24070000000000003,-0.03765961480240728
-0.24169999999999991,-0.04505855490070142
-0.24270000000000003,-0.04058806719312791
-0.24369999999999992,-0.0443511992507689
-0.24470000000000003,-0.041012480583087416
-0.24569999999999992,-0.04003632978618053
-0.24670000000000003,-0.04184716025000779
-0.24769999999999992,-0.04156421799003478
-0.24870000000000003,-0.04087100945310092
-0.24969999999999992,-0.042823311046914656
-0.25070000000000003,-0.03975338752620753
-0.2516999999999999,-0.044492670380755404
-0.25270000000000004,-0.0403051249331549
-0.2536999999999999,-0.04365799071383503
-0.25470000000000004,-0.04337504845386203
-0.2556999999999999,-0.041988631379994285
-0.25670000000000004,-0.046317647957581295
-0.25769999999999993,-0.04087100945310092
-0.25870000000000004,-0.04254036878694165
-0.25969999999999993,-0.04184716025000779
-0.26070000000000004,-0.04323357732387552
-0.26169999999999993,-0.044775612640728414
-0.26270000000000004,-0.04520002603068792
-0.26369999999999993,-0.04520002603068792
-0.26470000000000005,-0.04365799071383503
-0.26569999999999994,-0.04254036878694165
-0.26670000000000005,-0.04812847842140855
-0.26769999999999994,-0.044492670380755404
-0.26870000000000005,-0.04896315808832892
-0.26969999999999994,-0.0461761768275948
-0.27070000000000005,-0.04896315808832892
-0.27169999999999994,-0.04729379875448818
-0.27270000000000005,-0.046444971974569156
-0.27369999999999994,-0.04896315808832892
-0.27470000000000006,-0.04841142068138156
-0.27569999999999995,-0.046317647957581295
-0.27670000000000006,-0.04910462921831542
-0.27769999999999995,-0.04546882117766228
-0.27870000000000006,-0.04729379875448818
-0.27969999999999995,-0.048821686958342415
-0.28070000000000006,-0.048538744698369406
-0.28169999999999995,-0.04910462921831542
-0.28270000000000006,-0.04546882117766228
-0.28369999999999995,-0.05119840194211568
-0.28470000000000006,-0.04938757147828843
-0.28569999999999995,-0.048821686958342415
-0.28670000000000007,-0.04896315808832892
-0.28769999999999996,-0.04812847842140855
-0.28870000000000007,-0.05063251742216966
-0.28969999999999996,-0.052316023869009055
-0.29070000000000007,-0.0502222511452088
-0.29169999999999996,-0.05133987307210218
-0.29270000000000007,-0.049939308885235796
-0.29369999999999996,-0.05063251742216966
-0.2947000000000001,-0.0502222511452088
-0.29569999999999996,-0.05133987307210218
-0.2967000000000001,-0.052316023869009055
-0.29769999999999996,-0.048538744698369406
-0.2987000000000001,-0.053575116925888934
-0.29969999999999997,-0.05203308160903605
-0.3007000000000001,-0.050080780015222294
-0.30169999999999997,-0.05510300512974318
-0.3027000000000001,-0.048821686958342415
-0.30369999999999997,-0.05524447625972968
-0.3047000000000001,-0.054268325462822814
-0.30569999999999997,-0.052584819015983414
-0.3067000000000001,-0.055668889649689184
-0.3077,-0.05496153399975667
-0.3087000000000001,-0.053575116925888934
-0.3097,-0.05524447625972968
-0.3107000000000001,-0.05440979659280931
-0.3117,-0.057196777853543435
-0.3127000000000001,-0.05510300512974318
-0.3137,-0.05733824898352994
-0.3147000000000001,-0.057479720113516444
-0.3157,-0.05300923240594292
-0.3167000000000001,-0.0598564350972897
-0.3177,-0.05496153399975667
-0.3187000000000001,-0.0578899863904773
-0.3197,-0.057479720113516444
-0.3207000000000001,-0.05622062705663656
-0.3217,-0.05971496396730319
-0.3227000000000001,-0.059149079447357186
-0.3237,-0.05873881317039633
-0.3247000000000001,-0.0598564350972897
-0.3257,-0.054820062869770175
-0.3267000000000001,-0.05971496396730319
-0.3277,-0.05900760831737068
-0.3287000000000001,-0.06026670137425057
-0.3297,-0.06124285217115744
-0.3307000000000001,-0.05705530672355694
-0.3317,-0.06305368263498468
-0.3327000000000001,-0.05998375911427755
-0.3337,-0.06207753183807782
-0.3347000000000001,-0.06152579443113045
-0.3357,-0.060408172504237065
-0.3367000000000001,-0.06221900296806432
-0.3377,-0.0598564350972897
-0.3387000000000001,-0.062360474098050823
-0.3397,-0.06278488748801032
-0.3407000000000001,-0.06207753183807782
-0.3417,-0.062360474098050823
-0.3427000000000001,-0.05943202170733019
-0.3437,-0.06683096180562433
-0.3447000000000001,-0.0636195671549307
-0.3457,-0.06292635861799684
-0.3467000000000001,-0.06654801954565133
-0.3477,-0.0634780960249442
-0.3487000000000001,-0.06640654841566482
-0.3497,-0.06640654841566482
-0.3507000000000001,-0.0639025094149037
-0.3517,-0.06487866021181057
-0.3527000000000001,-0.06557186874874445
-0.3537,-0.0692076767893976
-0.3547000000000001,-0.06599628213870397
-0.3557,-0.06683096180562433
-0.35670000000000013,-0.07130144951319785
-0.3577,-0.0679485837325177
-0.35870000000000013,-0.06961794306635845
-0.3597,-0.06864179226945158
-0.36070000000000013,-0.0676656414725447
-0.3617,-0.06809005486250422
-0.3626999999999999,-0.0679485837325177
-0.3637,-0.06850032113946508
-0.3646999999999999,-0.06947647193637195
-0.3657,-0.0676656414725447
-0.3666999999999999,-0.0690662056594111
-0.3677,-0.06933500080638545
-0.3686999999999999,-0.07101850725322485
-0.36970000000000003,-0.07045262273327882
-0.3706999999999999,-0.07059409386326533
-0.37170000000000003,-0.07449869705089282
-0.3726999999999999,-0.06809005486250422
-0.37370000000000003,-0.07268786658706558
-0.3746999999999999,-0.07478163931086583
-0.37570000000000003,-0.07045262273327882
-0.3766999999999999,-0.07380548851395898
-0.37770000000000004,-0.07268786658706558
-0.3786999999999999,-0.07380548851395898
-0.37970000000000004,-0.07408843077393197
-0.3806999999999999,-0.07282933771705208
-0.38170000000000004,-0.07548899496079836
-0.38269999999999993,-0.07478163931086583
-0.38370000000000004,-0.07437137303390498
-0.38469999999999993,-0.07492311044085233
-0.38570000000000004,-0.07534752383081185
-0.38669999999999993,-0.07855891848150548
-0.38770000000000004,-0.07437137303390498
-0.38869999999999993,-0.0765924697746931
-0.38970000000000005,-0.07771009170158645
-0.39069999999999994,-0.07520605270082535
-0.39170000000000005,-0.07925212701843935
-0.39269999999999994,-0.0768754120346661
-0.39370000000000005,-0.07827597622153248
-0.39469999999999994,-0.07827597622153248
-0.39570000000000005,-0.07771009170158645
-0.39669999999999994,-0.07994533555537323
-0.39770000000000005,-0.0774412965546121
-0.39869999999999994,-0.0807800152222936
-0.39970000000000006,-0.07911065588845285
-0.40069999999999995,-0.08036974894533275
-0.40170000000000006,-0.08022827781534624
-0.40269999999999995,-0.08051122007531925
-0.40370000000000006,-0.07953506927841236
-0.40469999999999995,-0.08539197405985362
-0.40570000000000006,-0.07771009170158645
-0.40669999999999995,-0.08372261472601288
-0.40770000000000006,-0.08218057940915997
-0.40869999999999995,-0.08484023665290626
-0.40970000000000006,-0.08594371146680099
-0.41069999999999995,-0.08246352166913298
-0.41170000000000007,-0.08189763714918698
-0.41269999999999996,-0.0807800152222936
-0.41370000000000007,-0.08427435213296022
-0.41469999999999996,-0.08679253824672
-0.41570000000000007,-0.08427435213296022
-0.41669999999999996,-0.08803748419060124
-0.41770000000000007,-0.08384993874300072
-0.41869999999999996,-0.08902778210050676
-0.4197000000000001,-0.08399140987298723
-0.42069999999999996,-0.08706133339369435
-0.4217000000000001,-0.09139034997128137
-0.42269999999999996,-0.0866510671167335
-0.4237000000000001,-0.09334265156509512
-0.42469999999999997,-0.09222502963820174
-0.4257000000000001,-0.0866510671167335
-0.42669999999999997,-0.09362559382506812
-0.4277000000000001,-0.08748574678365387
-0.42869999999999997,-0.09139034997128137
-0.4297000000000001,-0.09279091415814776
-0.43069999999999997,-0.09027272804438799
-0.4317000000000001,-0.09431880236200199
-0.4327,-0.09153182110126787
-0.4337000000000001,-0.09405000721502763
-0.4347,-0.09669551734577525
-0.4357000000000001,-0.09250797189817477
-0.4367,-0.09488468688194801
-0.4377000000000001,-0.09348412269508162
-0.4387,-0.09655404621578875
-0.4397000000000001,-0.0962852510688144
-0.4407,-0.09893076119956201
-0.4417000000000001,-0.09809608153264164
-0.4427,-0.09738872588270912
-0.4437000000000001,-0.09850634780960252
-0.4447,-0.0958608376788549
-0.4457000000000001,-0.09419147834501414
-0.4467,-0.09893076119956201
-0.4477000000000001,-0.09683698847576175
-0.4487,-0.09907223232954852
-0.4497000000000001,-0.10130747618333527
-0.4507,-0.1003313253864284
-0.4517000000000001,-0.10283536438718952
-0.4527,-0.0997654408664824
-0.4537000000000001,-0.10647117242784265
-0.4547,-0.10256656924021516
-0.4557000000000001,-0.10214215585025564
-0.4567,-0.10492913711098976
-0.4577000000000001,-0.10185921359028265
-0.4587,-0.10464619485101677
-0.4597000000000001,-0.10451887083402892
-0.4607,-0.10451887083402892
-0.4617000000000001,-0.10535355050094929
-0.4627,-0.10604675903788315
-0.4637000000000001,-0.10744732322474954
-0.4647,-0.1081405317616834
-0.4657000000000001,-0.10661264355782916
-0.4667,-0.11051724674545668
-0.4677000000000001,-0.10773026548472255
-0.4687,-0.1135871702661638
-0.4697000000000001,-0.11065871787544318
-0.4707,-0.10856494515164292
-0.4717000000000001,-0.11484626332304368
-0.4727,-0.11163486867235005
-0.4737000000000001,-0.11428037880309765
-0.4747,-0.11832645312071166
-0.4757000000000001,-0.11177633980233655
-0.4767,-0.11498773445303019
-0.4777000000000001,-0.11401158365612331
-0.4787,-0.11791618684375081
-0.4797000000000001,-0.11694003604684394
-0.4807,-0.11720883119381828
-0.48170000000000013,-0.12015143069753757
-0.4827,-0.11568094298996405
-0.48370000000000013,-0.12112758149444444
-0.4847,-0.1213963766414188
-0.48570000000000013,-0.11930260391761856
-0.4867,-0.12042022584451192
-0.4876999999999999,-0.11958554617759155
-0.4887,-0.12419750501515157
-0.4896999999999999,-0.12237252743832566
-0.4907,-0.12433897614513807
-0.4916999999999999,-0.12433897614513807
-0.4927,-0.12517365581205844
-0.4936999999999999,-0.12517365581205844
-0.49470000000000003,-0.12865384560972642
-0.4956999999999999,-0.12531512694204497
-0.49670000000000003,-0.1307476183335267
-0.4976999999999999,-0.1296299964066333
-0.49870000000000003,-0.13047882318655232
-0.4996999999999999,-0.13033735205656583
-0.5007,-0.13369021783724597
-0.5016999999999999,-0.13354874670725947
-0.5027,-0.13172376913043357
-0.5036999999999999,-0.1353595771710867
-0.5047,-0.13480783976413932
-0.5056999999999999,-0.13410048411420683
-0.5067,-0.13717040763491395
-0.5076999999999999,-0.13828802956180736
-0.5087,-0.13954712261868724
-0.5096999999999999,-0.14009886002563457
-0.5107,-0.14038180228560757
-0.5116999999999999,-0.14147112998650369
-0.5127,-0.14052327341559406
-0.5136999999999999,-0.14387613919627423
-0.5147,-0.1428858412863687
-0.5156999999999999,-0.14108915793554008
-0.5167,-0.14840321535584233
-0.5176999999999999,-0.14599820614607179
-0.5187,-0.14868615761581536
-0.5196999999999999,-0.1499593977856939
-0.5207,-0.1502423400456669
-0.5216999999999999,-0.1509496956955994
-0.5227,-0.1509496956955994
-0.5236999999999999,-0.15703295428501907
-0.5247,-0.15575971411514053
-0.5257,-0.15165705134553195
-0.5267000000000001,-0.15646706976507307
-0.5277,-0.15561824298515403
-0.5287000000000001,-0.1629747417444522
-0.5297,-0.1625503283544927
-0.5307000000000001,-0.1618429727045602
-0.5317,-0.16325768400442522
-0.5327000000000001,-0.1629747417444522
-0.5337,-0.1658041643441823
-0.5347000000000001,-0.1667944622540878
-0.5357,-0.16736034677403386
-0.5367000000000001,-0.17202889406358848
-0.5377,-0.1696238848538179
-0.5387000000000001,-0.1734436053634535
-0.5397,-0.17231183632356148
-0.5407000000000001,-0.17641449909317006
-0.5417,-0.17613155683319706
-0.5427000000000001,-0.17542420118326454
-0.5437,-0.18122451751271118
-0.5447000000000001,-0.18207334429263022
-0.5457,-0.1808001041227517
-0.5467000000000001,-0.18419541124242778
-0.5477,-0.18348805559249526
-0.5487000000000001,-0.18985425644188791
-0.5497,-0.18858101627200938
-0.5507000000000001,-0.19254220791163149
-0.5517,-0.193249563561564
-0.5527000000000001,-0.19126896774175295
-0.5537,-0.19565457277133455
-0.5547000000000001,-0.1972107552011861
-0.5557,-0.19565457277133455
-0.5567000000000001,-0.20244518701068673
-0.5577,-0.19975723554094318
-0.5587000000000001,-0.20244518701068673
-0.5597,-0.20541608074040332
-0.5607000000000001,-0.2075381476902009
-0.5617,-0.21036757028993097
-0.5627000000000001,-0.2089528589900659
-0.5637,-0.2154605309694451
-0.5647000000000001,-0.21871436695913468
-0.5657,-0.21729965565926962
-0.5667000000000001,-0.2192802514790807
-0.5677,-0.22182673181883775
-0.5687000000000001,-0.2239487987686353
-0.5697,-0.2245146832885813
-0.5707000000000001,-0.2279099904082574
-0.5717,-0.23088088413797397
-0.5727000000000001,-0.23088088413797397
-0.5737,-0.2382373828972722
-0.5747000000000001,-0.2386617962872317
-0.5757,-0.2388032674172182
-0.5767000000000001,-0.24488652600663782
-0.5777,-0.24615976617651636
-0.5787000000000001,-0.24913065990623293
-0.5797,-0.24729153521640837
-0.5807000000000001,-0.25394067832577405
-0.5817,-0.2557798030155986
-0.5827000000000001,-0.25450656284572004
-0.5837,-0.2634192440348699
-0.5847000000000001,-0.26440954194477534
-0.5857,-0.2652583687246944
-0.5867000000000001,-0.2709172139241546
-0.5877,-0.2728978097439656
-0.5887000000000001,-0.2775663570335202
-0.5897,-0.27926401059335826
-0.5907000000000001,-0.27841518381343927
-0.5917,-0.2883181629124945
-0.5927000000000001,-0.2844984424028589
-0.5937,-0.2931281813320356
-0.5947000000000001,-0.2976552574916037
-0.5957,-0.29822114201154976
-0.5967000000000001,-0.3034555738210504
-0.5977,-0.30543616964086145
-0.5987000000000001,-0.3102461880604025
-0.5997,-0.31434885083001113
-0.6007000000000001,-0.3139244374400516
-0.6017,-0.3208565228093903
-0.6027000000000001,-0.31986622489948474
-0.6037,-0.32807155043870195
-0.6047000000000001,-0.33217421320831064
-0.6057,-0.33373039563816215
-0.6067000000000001,-0.3426430768273119
-0.6077,-0.3429260190872849
-0.6087000000000001,-0.3473116241168665
-0.6097,-0.35169722914644813
-0.6107000000000001,-0.35495106513613767
-0.6117,-0.3594781412957058
-0.6126999999999999,-0.3652784576251525
-0.6137,-0.37164465847454514
-0.6146999999999999,-0.37617173463411324
-0.6157,-0.37857674384388385
-0.6166999999999999,-0.38522588695324944
-0.6177,-0.38791383842299304
-0.6186999999999999,-0.3954118083122777
-0.6197,-0.39965594221187284
-0.6206999999999999,-0.40333419159152195
-0.6217,-0.4109736326107932
-0.6226999999999999,-0.41352011295055024
-0.6237,-0.42200838074974045
-0.6246999999999999,-0.42894046611907916
-0.6257,-0.4310625330688767
-0.6266999999999999,-0.4392678586080939
-0.6277,-0.4429461079877429
-0.6286999999999999,-0.4486049531872031
-0.6297,-0.45652733646644733
-0.6306999999999999,-0.461478826015975
-0.6317,-0.4694012092952191
-0.6326999999999999,-0.4727965164148953
-0.6337,-0.4807188996941395
-0.6346999999999999,-0.48651921602358617
-0.6357,-0.4913292344431272
-0.6366999999999999,-0.5012322135421824
-0.6377,-0.504768991791845
-0.6386999999999999,-0.5145304997609139
-0.6397,-0.5224528830401581
-0.6406999999999999,-0.5269799591997262
-0.6417,-0.5349023424789704
-0.6426999999999999,-0.5405611876784305
-0.6437,-0.5480591575677152
-0.6446999999999999,-0.5593768479666354
-0.6457,-0.5644698086461497
-0.6466999999999999,-0.5733824898352994
-0.6477,-0.579748690684692
-0.6486999999999999,-0.5889443141338148
-0.6497,-0.5941787459433153
-0.6507,-0.6054964363422356
-0.6517000000000001,-0.6145505886613719
-0.6527,-0.620775318380778
-0.6537000000000001,-0.6305368263498469
-0.6547,-0.637044498329226
-0.6557000000000001,-0.6460986506483622
-0.6567,-0.6568504565273365
-0.6577000000000001,-0.6637825418966752
-0.6587,-0.6739684632557035
-0.6597000000000001,-0.6834470289647994
-0.6607,-0.692642652413922
-0.6617000000000001,-0.7048091695927613
-0.6627,-0.7127315528720055
-0.6637000000000001,-0.7254639545707907
-0.6647,-0.7340936934999676
-0.6657000000000001,-0.7451284416389149
-0.6667,-0.7568705454277946
-0.6677000000000001,-0.7639441019271197
-0.6687,-0.7778082726657971
-0.6697000000000001,-0.7878527228948389
-0.6707,-0.8004436534636377
-0.6717000000000001,-0.8107710459526526
-0.6727,-0.8236449187814244
-0.6737000000000001,-0.8369432050001557
-0.6747,-0.8481194242690895
-0.6757000000000001,-0.8566076920682798
-0.6767,-0.8741501121866062
-0.6777000000000001,-0.8839116201556749
-0.6787,-0.9007466846240689
-0.6797000000000001,-0.9109326059830971
-0.6807,-0.9236650076818825
-0.6817000000000001,-0.9389438897204249
-0.6827,-0.9506859935093046
-0.6837000000000001,-0.9679454713676581
-0.6847,-0.9818096421063355
-0.6857000000000001,-0.9932688036352422
-0.6867,-1.0108112237535687
-0.6877000000000001,-1.0208556739826105
-0.6887,-1.0405201610507344
-0.6897000000000001,-1.0536769761394795
-0.6907,-1.0715023385177789
-0.6917000000000001,-1.0870641628162943
-0.6927,-1.0997965645150796
-0.6937000000000001,-1.1203098783631227
-0.6947,-1.1334666934518673
-0.6957000000000001,-1.151857940350113
-0.6967,-1.1730786098480883
-0.6977000000000001,-1.1873671939767252
-0.6987,-1.2078805078247683
-0.6997000000000001,-1.2278279371528653
-0.7007,-1.241267694501583
-0.7017000000000001,-1.2672983824191
-0.7027,-1.2842749180174802
-0.7037000000000001,-1.3030905783056852
-0.7047,-1.3233209498937553
-0.7057000000000001,-1.344824561651704
-0.7067,-1.3663281734096524
-0.7077000000000001,-1.3799094018883569
-0.7087,-1.4062230320658466
-0.7097000000000001,-1.426028990263957
-0.7107,-1.4486643710617975
-0.7117000000000001,-1.4741291744593683
-0.7127,-1.4939351326574788
-0.7137000000000001,-1.5179852247551844
-0.7147,-1.543450028152755
-0.7157000000000001,-1.5646706976507305
-0.7167,-1.5915502123481662
-0.7177000000000001,-1.6113561705462767
-0.7187,-1.6368209739438475
-0.7197000000000001,-1.6622857773414181
-0.7207,-1.6863358694391237
-0.7217000000000001,-1.7174595180361545
-0.7227,-1.7400948988339953
-0.7237000000000001,-1.766974413531431
-0.7247,-1.7980980621284617
-0.7257000000000001,-1.8207334429263025
-0.7267,-1.8532718028231983
-0.7277000000000001,-1.882980740120364
-0.7287,-1.9155191000172598
-0.7297000000000001,-1.9452280373144257
-0.7307,-1.9749369746115912
-0.7317000000000001,-2.004645911908757
-0.7327,-2.0343548492059225
-0.7337000000000001,-2.0697226317025486
-0.7347,-2.10367570289931
-0.7357000000000001,-2.133384640196476
-0.7367,-2.171581845292831
-0.7376999999999999,-2.202705493889862
-0.7387,-2.2409026989862184
-0.7396999999999999,-2.2748557701829792
-0.7407,-2.3158823978790646
-0.7416999999999999,-2.351250180375691
-0.7427,-2.388032674172182
-0.7436999999999999,-2.427644590568403
-0.7447,-2.465841795664759
-0.7456999999999999,-2.504039000761115
-0.7467,-2.5478950510569307
-0.7476999999999999,-2.587506967453152
-0.7487,-2.629948306449103
-0.7496999999999999,-2.6723896454450546
-0.7507,-2.7162456957408705
-0.7516999999999999,-2.7615164573365516
-0.7527,-2.8025430850326374
-0.7536999999999999,-2.854887403127644
-0.7547,-2.8987434534234597
-0.7556999999999999,-2.9440142150191413
-0.7567,-2.996358533114148
-0.7576999999999999,-3.041629294709829
-0.7587,-3.09255890150497
-0.7596999999999999,-3.1434885083001114
-0.7607,-3.1901739811956578
-0.7616999999999999,-3.246762433190259
-0.7627,-3.2991067512852656
-0.7636999999999999,-3.355695203279867
-0.7647,-3.4094542326747383
-0.7656999999999999,-3.4660426846693397
-0.7667,-3.5240458479638064
-0.7676999999999999,-3.579219588658543
-0.7687,-3.641466885852605
-0.7696999999999999,-3.7037141830466664
-0.7707,-3.7617173463411326
-0.7716999999999999,-3.8282087774347895
-0.7727,-3.8918707859287163
-0.7736999999999999,-3.958362217022373
-0.7747,-4.0220242255163
-0.7757,-4.089930367909821
-0.7767000000000001,-4.163495355502803
-0.7777,-4.22715736399673
-0.7787000000000001,-4.303551774189442
-0.7797,-4.375702050482558
-0.7807000000000001,-4.450681749375406
-0.7817,-4.531320293467712
-0.7827000000000001,-4.600641147161099
-0.7837,-4.679864979953542
-0.7847000000000001,-4.759088812745984
-0.7857,-4.841142068138156
-0.7867000000000001,-4.924610034830192
-0.7877,-5.0052485789225
-0.7887000000000001,-5.097204813413727
-0.7897,-5.18208749140563
-0.7907000000000001,-5.269799591997262
-0.7917,-5.3631705377883545
-0.7927000000000001,-5.452297349679851
-0.7937,-5.547083006770809
-0.7947000000000001,-5.639039241262036
-0.7957,-5.733824898352994
-0.7967000000000001,-5.834269400643411
-0.7977,-5.927640346434504
-0.7987000000000001,-6.030914271324651
-0.7997,-6.132773484914934
-0.8007000000000001,-6.237462121104946
-0.8017,-6.349224313794284
-0.8027000000000001,-6.451083527384568
-0.8037,-6.568504565273366
-0.8047000000000001,-6.681681469262568
-0.8057,-6.796273084551637
-0.8067000000000001,-6.913694122440434
-0.8077,-7.032529871629097
-0.8087000000000001,-7.15702446601722
-0.8097,-7.280104349105479
-0.8107000000000001,-7.403184232193737
-0.8117,-7.531922960481456
-0.8127000000000001,-7.660661688769173
-0.8137,-7.795059262256351
-0.8147000000000001,-7.928042124443665
-0.8157,-8.063854409230709
-0.8167000000000001,-8.206740250517077
-0.8177,-8.343967246603986
-0.8187000000000001,-8.48543837659049
-0.8197,-8.632568351776454
-0.8207000000000001,-8.776868904362688
-0.8217,-8.926828302148381
-0.8227000000000001,-9.076787699934075
-0.8237,-9.236650076818824
-0.8247000000000001,-9.396512453703574
-0.8257,-9.556374830588323
-0.8267000000000001,-9.720481341372667
-0.8277,-9.886002563456877
-0.8287000000000001,-10.057182630740547
-0.8297,-10.228362698024217
-0.8307000000000001,-10.402372187907615
-0.8317,-10.579211100390744
-0.8327000000000001,-10.760294146773468
-0.8337,-10.947036038355654
-0.8347000000000001,-11.129533796038242
-0.8357,-11.31627568762043
-0.8367000000000001,-11.514335269601535
-0.8377,-11.712394851582639
-0.8387000000000001,-11.909039722263879
-0.8397,-12.112758149444444
-0.8407000000000001,-12.312232442725414
-0.8417,-12.523024426405305
-0.8427000000000001,-12.730986987485464
-0.8437,-12.94602310506495
-0.8447000000000001,-13.163888645244166
-0.8457,-13.380339474123517
-0.8467000000000001,-13.605278570802058
-0.8477,-13.825973533581003
-0.8487000000000001,-14.05798618675887
-0.8497,-14.288584128636872
-0.8507000000000001,-14.514937936615278
-0.8517,-14.755438857592333
-0.8527000000000001,-14.995939778569388
-0.8537,-15.236440699546446
-0.8547000000000001,-15.491088733522153
-0.8557,-15.731589654499205
-0.8567000000000001,-15.986237688474914
-0.8577,-16.25503283544927
-0.8587000000000001,-16.50968086942498
-0.8597,-16.764328903400685
-0.8607000000000001,-17.018976937376394
-0.8617,-17.2736249713521
-0.8626999999999999,-17.556567231325104
-0.8637,-17.825362378299463
-0.8646999999999999,-18.10830463827247
-0.8657,-18.391246898245473
-0.8666999999999999,-18.674189158218486
-0.8677,-18.95713141819149
-0.8686999999999999,-19.25422079116315
-0.8697,-19.565457277133458
-0.8706999999999999,-19.862546650105116
-0.8717,-20.159636023076775
-0.8726999999999999,-20.47087250904708
-0.8737,-20.78210899501739
-0.8746999999999999,-21.107492593986347
-0.8757,-21.418729079956652
-0.8766999999999999,-21.744112678925614
-0.8777,-22.055349164895922
-0.8786999999999999,-22.39487987686353
-0.8797,-22.734410588831135
-0.8806999999999999,-23.073941300798747
-0.8817,-23.41347201276636
-0.8826999999999999,-23.753002724733967
-0.8837,-24.106680549700226
-0.8846999999999999,-24.44621126166783
-0.8857,-24.799889086634096
-0.8866999999999999,-25.167714024599
-0.8877,-25.521391849565262
-0.8886999999999999,-25.889216787530174
-0.8897,-26.257041725495082
-0.8906999999999999,-26.62486666345999
-0.8917,-27.00683871442355
-0.8926999999999999,-27.38881076538711
-0.8937,-27.770782816350668
-0.8946999999999999,-28.15275486731423
-0.8957,-28.53472691827779
-0.8966999999999999,-28.93084608224
-0.8977,-29.32696524620221
-0.8986999999999999,-29.72308441016442
-0.8997,-30.13335068712528
-0.9007,-30.529469851087494
-0.9017000000000001,-30.939736128048356
-0.9027,-31.36414951800786
-0.9037000000000001,-31.77441579496872
-0.9047,-32.19882918492823
-0.9057000000000001,-32.62324257488775
-0.9067,-33.04765596484726
-0.9077000000000001,-33.48621646780542
-0.9087,-33.910629857764924
-0.9097000000000001,-34.36333747372174
-0.9107,-34.8018979766799
-0.9117000000000001,-35.240458479638065
-0.9127,-35.693166095594876
-0.9137000000000001,-36.14587371155169
-0.9147,-36.5985813275085
-0.9157000000000001,-37.05128894346531
-0.9167,-37.51814367242077
-0.9177000000000001,-37.97085128837759
-0.9187,-38.4518531303317
-0.9197000000000001,-38.91870785928716
-0.9207,-39.38556258824262
-0.9217000000000001,-39.85241731719808
-0.9227,-40.33341915915219
-0.9237000000000001,-40.814421001106304
-0.9247,-41.29542284306042
-0.9257000000000001,-41.79057179801318
-0.9267,-42.29986786596459
-0.9277000000000001,-42.78086970791871
-0.9287,-43.30431288886877
-0.9297000000000001,-43.79946184382153
-0.9307,-44.2946107987743
-0.9317000000000001,-44.81805397972436
-0.9327,-45.35564427367308
-0.9337000000000001,-45.89323456762179
-0.9347,-46.43082486157051
-0.9357000000000001,-46.94012092952192
-0.9367,-47.47771122347063
-0.9377000000000001,-48.01530151741934
-0.9387,-48.538744698369406
-0.9397000000000001,-49.090482105316774
-0.9407,-49.628072399265484
-0.9417000000000001,-50.1656626932142
-0.9427,-50.73154721316022
-0.9437000000000001,-51.28328462010758
-0.9447,-51.83502202705494
-0.9457000000000001,-52.37261232100366
-0.9467,-52.95264395394832
-0.9477000000000001,-53.50438136089569
-0.9487,-54.070265880841696
-0.9497000000000001,-54.65029751378637
-0.9507,-55.21618203373238
-0.9517000000000001,-55.79621366667705
-0.9527,-56.37624529962171
-0.9537000000000001,-56.97042404556503
-0.9547,-57.550455678509685
-0.9557000000000001,-58.13048731145436
-0.9567,-58.72466605739767
-0.9577000000000001,-59.31884480334099
-0.9587,-59.92717066228296
-0.9597000000000001,-60.521349408226264
-0.9607,-61.12967526716824
-0.9617000000000001,-61.709706900112906
-0.9627,-62.28973853305756
-0.9637000000000001,-62.91221150499819
-0.9647,-63.54883158993744
-0.9657000000000001,-64.17130456187807
-0.9667,-64.79377753381868
-0.9677000000000001,-65.4162505057593
-0.9687,-66.05287059069857
-0.9697000000000001,-66.68949067563783
-0.9707,-67.3261107605771
-0.9717000000000001,-67.96273084551636
-0.9727,-68.61349804345427
-0.9737000000000001,-69.25011812839355
-0.9747,-69.88673821333282
-0.9757000000000001,-70.52335829827209
-0.9767,-71.17412549621
-0.9777000000000001,-71.8248926941479
-0.9787,-72.44736566608852
-0.9797000000000001,-73.2537511070116
-0.9807,-73.90451830494952
-0.9817000000000001,-74.55528550288744
-0.9827,-75.20605270082535
-0.9837000000000001,-75.84267278576462
-0.9847,-76.50758709670117
-0.9857000000000001,-77.18664852063641
-0.9867,-77.41300232861481
-0.9857000000000001,-76.9037062606634
-0.9847,-76.40855730571064
-0.9837000000000001,-75.8992612377592
-0.9827,-75.4182593958051
-0.9817000000000001,-74.89481621485504
-0.9807,-74.37137303390499
-0.9797000000000001,-73.8479298529549
-0.9787,-73.32448667200485
-0.9777000000000001,-72.81519060405343
-0.9767,-72.32004164910067
-0.9757000000000001,-71.78245135515196
-0.9747,-71.2590081742019
-0.9737000000000001,-70.72141788025318
-0.9727,-70.22626892530042
-0.9717000000000001,-69.78770842234226
-0.9707,-69.26426524139221
-0.9697000000000001,-68.74082206044213
-0.9687,-68.21737887949207
-0.9677000000000001,-67.70808281154066
-0.9667,-67.21293385658788
-0.9657000000000001,-66.68949067563783
-0.9647,-66.20848883368372
-0.9637000000000001,-65.6991927657323
-0.9627,-65.17574958478224
-0.9617000000000001,-64.70889485582677
-0.9607,-64.24204012687132
-0.9597000000000001,-63.74689117191855
-0.9587,-63.23759510396713
-0.9577000000000001,-62.74244614901438
-0.9567,-62.24729719406162
-0.9557000000000001,-61.7662953521075
-0.9547,-61.28529351015339
-0.9537000000000001,-60.79014455520062
-0.9527,-60.294995600247866
-0.9517000000000001,-59.81399375829375
-0.9507,-59.31884480334099
-0.9497000000000001,-58.83784296138688
-0.9487,-58.35684111943277
-0.9477000000000001,-57.86169216448
-0.9467,-57.380690322525886
-0.9457000000000001,-56.91383559357042
-0.9447,-56.41868663861767
-0.9437000000000001,-55.93768479666355
-0.9427,-55.456682954709436
-0.9417000000000001,-54.975681112755325
-0.9407,-54.52297349679851
-0.9397000000000001,-54.08441299384035
-0.9387,-53.617558264884885
-0.9377000000000001,-53.16485064892808
-0.9367,-52.74043725896857
-0.9357000000000001,-52.30187675601041
-0.9347,-51.8491691400536
-0.9337000000000001,-51.396461524096786
-0.9327,-50.957901021138625
-0.9317000000000001,-50.50519340518181
-0.9307,-50.06663290222365
-0.9297000000000001,-49.628072399265484
-0.9287,-49.18951189630732
-0.9277000000000001,-48.75095139334916
-0.9267,-48.312390890391
-0.9257000000000001,-47.8879775004315
-0.9247,-47.449416997473335
-0.9237000000000001,-47.053297833511124
-0.9227,-46.61473733055296
-0.9217000000000001,-46.204471053592094
-0.9207,-45.78005766363259
-0.9197000000000001,-45.36979138667173
-0.9187,-44.95952510971087
-0.9177000000000001,-44.535111719751356
-0.9167,-44.124845442790495
-0.9157000000000001,-43.72872627882828
-0.9147,-43.31846000186743
-0.9137000000000001,-42.92234083790521
-0.9127,-42.51207456094435
-0.9117000000000001,-42.130102509980794
-0.9107,-41.73398334601858
-0.9097000000000001,-41.352011295055014
-0.9087,-40.95589213109281
-0.9077000000000001,-40.559772967130606
-0.9067,-40.177800916167044
-0.9057000000000001,-39.78168175220483
-0.9047,-39.42800392723857
-0.9037000000000001,-39.060178989273666
-0.9027,-38.678206938310105
-0.9017000000000001,-38.32452911334384
-0.9007,-37.95670417537893
-0.8997,-37.57473212441538
-0.8986999999999999,-37.206907186450465
-0.8977,-36.83908224848555
-0.8966999999999999,-36.48540442351929
-0.8957,-36.13172659855304
-0.8946999999999999,-35.778048773586775
-0.8937,-35.41022383562187
-0.8926999999999999,-35.07069312365426
-0.8917,-34.717015298688004
-0.8906999999999999,-34.377484586720385
-0.8897,-34.03795387475279
-0.8886999999999999,-33.68427604978652
-0.8877,-33.344745337818914
-0.8866999999999999,-33.01936173884996
-0.8857,-32.70812525287965
-0.8846999999999999,-32.38274165391069
-0.8837,-32.04321094194308
-0.8826999999999999,-31.703680229975475
-0.8817,-31.37829663100651
-0.8806999999999999,-31.052913032037555
-0.8797,-30.741676546067247
-0.8786999999999999,-30.416292947098288
-0.8777,-30.09090934812933
-0.8766999999999999,-29.779672862159025
-0.8757,-29.454289263190066
-0.8746999999999999,-29.157199890218404
-0.8737,-28.831816291249446
-0.8726999999999999,-28.53472691827779
-0.8717,-28.237637545306132
-0.8706999999999999,-27.926401059335824
-0.8697,-27.64345879936282
-0.8686999999999999,-27.332222313392506
-0.8677,-27.049280053419505
-0.8666999999999999,-26.752190680447846
-0.8657,-26.455101307476184
-0.8646999999999999,-26.15801193450453
-0.8637,-25.875069674531517
-0.8626999999999999,-25.60627452755716
-0.8617,-25.323332267584156
-0.8607000000000001,-25.04039000761115
-0.8597,-24.757447747638142
-0.8587000000000001,-24.488652600663784
-0.8577,-24.21985745368943
-0.8567000000000001,-23.93691519371642
-0.8557,-23.66812004674206
-0.8547000000000001,-23.41347201276636
-0.8537,-23.144676865792
-0.8527000000000001,-22.87588171881764
-0.8517,-22.607086571843286
-0.8507000000000001,-22.352438537867577
-0.8497,-22.097790503891872
-0.8487000000000001,-21.843142469916167
-0.8477,-21.58849443594046
-0.8467000000000001,-21.333846401964752
-0.8457,-21.093345480987697
-0.8447000000000001,-20.85284456001064
-0.8437,-20.598196526034933
-0.8427000000000001,-20.357695605057877
-0.8417,-20.13134179707947
-0.8407000000000001,-19.890840876102416
-0.8397,-19.664487068124007
-0.8387000000000001,-19.423986147146955
-0.8377,-19.1834852261699
-0.8367000000000001,-18.95713141819149
-0.8357,-18.730777610213085
-0.8347000000000001,-18.504423802234676
-0.8337,-18.27806999425627
-0.8327000000000001,-18.06586329927652
-0.8317,-17.839509491298113
-0.8307000000000001,-17.627302796318357
-0.8297,-17.40094898833995
-0.8287000000000001,-17.188742293360193
-0.8277,-16.99068271137909
-0.8267000000000001,-16.792623129397985
-0.8257,-16.59456354741688
-0.8247000000000001,-16.396503965435777
-0.8237,-16.184297270456018
-0.8227000000000001,-15.986237688474914
-0.8217,-15.77403099349516
-0.8207000000000001,-15.590118524512702
-0.8197,-15.3920589425316
-0.8187000000000001,-15.193999360550496
-0.8177,-15.01008689156804
-0.8167000000000001,-14.812027309586934
-0.8157,-14.62811484060448
-0.8147000000000001,-14.444202371622024
-0.8137,-14.26028990263957
-0.8127000000000001,-14.079206856256844
-0.8117,-13.902367943773715
-0.8107000000000001,-13.71562605219153
-0.8097,-13.54444598490786
-0.8087000000000001,-13.366192361124867
-0.8077,-13.199256427740792
-0.8067000000000001,-13.029491071756988
-0.8057,-12.858311004473318
-0.8047000000000001,-12.68996035978938
-0.8037,-12.523024426405305
-0.8027000000000001,-12.360332626920826
-0.8017,-12.19905553873621
-0.8007000000000001,-12.036363739251732
-0.7997,-11.880745496266577
-0.7987000000000001,-11.723712541981559
-0.7977,-11.562435453796944
-0.7967000000000001,-11.406817210811791
-0.7957,-11.252613679126501
-0.7947000000000001,-11.104068992640675
-0.7937,-10.952694883555113
-0.7927000000000001,-10.805564908369151
-0.7917,-10.659849644483053
-0.7907000000000001,-10.512719669297088
-0.7897,-10.376907384510044
-0.7887000000000001,-10.232606831923809
-0.7877,-10.098209258436631
-0.7867000000000001,-9.960982262349724
-0.7857,-9.819511132363221
-0.7847000000000001,-9.689357692775637
-0.7837,-9.55496011928846
-0.7827000000000001,-9.423391968401008
-0.7817,-9.291823817513562
-0.7807000000000001,-9.161670377925978
-0.7797,-9.037175783537855
-0.7787000000000001,-8.908437055250136
-0.7777,-8.78252774956215
-0.7767000000000001,-8.66510671167335
-0.7757,-8.542026828585092
-0.7747,-8.427435213296024
-0.7736999999999999,-8.30859946410736
-0.7727,-8.194007848818291
-0.7716999999999999,-8.076586810929495
-0.7707,-7.963409906940291
-0.7696999999999999,-7.8502330029510885
-0.7687,-7.737056098961886
-0.7676999999999999,-7.625293906272548
-0.7667,-7.517775847482805
-0.7656999999999999,-7.408843077393197
-0.7647,-7.305569152503049
-0.7636999999999999,-7.199465805013171
-0.7627,-7.093362457523294
-0.7616999999999999,-6.990088532633147
-0.7607,-6.886814607742999
-0.7596999999999999,-6.792028950652041
-0.7587,-6.692999159661489
-0.7576999999999999,-6.593969368670936
-0.7567,-6.502013134179709
-0.7556999999999999,-6.400153920589426
-0.7547,-6.311027108697928
-0.7536999999999999,-6.2162414516069715
-0.7527,-6.124285217115744
-0.7516999999999999,-6.037987827823977
-0.7507,-5.948861015932479
-0.7496999999999999,-5.8625636266407115
-0.7487,-5.779095659948675
-0.7476999999999999,-5.6913835593570425
-0.7467,-5.609330303964871
-0.7456999999999999,-5.5272770485726985
-0.7447,-5.445223793180525
-0.7436999999999999,-5.364585249088219
-0.7427,-5.281117282396182
-0.7416999999999999,-5.2061375835033346
-0.7407,-5.122669616811298
-0.7396999999999999,-5.046275206618586
-0.7387,-4.9698807964258735
-0.7376999999999999,-4.896315808832893
-0.7367,-4.824165532539776
-0.7357000000000001,-4.749185833646928
-0.7347,-4.675620846053946
-0.7337000000000001,-4.60629999236056
-0.7327,-4.5369791386671725
-0.7317000000000001,-4.470487707573516
-0.7307,-4.401166853880129
-0.7297000000000001,-4.334675422786473
-0.7287,-4.266769280392952
-0.7277000000000001,-4.200277849299294
-0.7267,-4.136615840805367
-0.7257000000000001,-4.0715391210115754
-0.7247,-4.0121212464172435
-0.7237000000000001,-3.9484592379233177
-0.7227,-3.8904560746288515
-0.7217000000000001,-3.8282087774347895
-0.7207,-3.7673761915405932
-0.7197000000000001,-3.715031873445586
-0.7187,-3.6499551536517942
-0.7177000000000001,-3.593366701657193
-0.7167,-3.5381929609624567
-0.7157000000000001,-3.4816045089678553
-0.7147,-3.427845479572984
-0.7137000000000001,-3.3755011614779775
-0.7127,-3.323156843382971
-0.7117000000000001,-3.273641947887695
-0.7107,-3.2198829184928233
-0.7097000000000001,-3.1703680229975473
-0.7087,-3.123682550102001
-0.7077000000000001,-3.069923520707129
-0.7067,-3.0303116043109086
-0.7057000000000001,-2.977967286215902
-0.7047,-2.9312818133203558
-0.7037000000000001,-2.8817669178250793
-0.7027,-2.8393255788291283
-0.7017000000000001,-2.794054817233447
-0.7007,-2.745954633038036
-0.6997000000000001,-2.7049280053419507
-0.6987,-2.659657243746269
-0.6977000000000001,-2.615801193450453
-0.6967,-2.5747745657543666
-0.6957000000000001,-2.5309185154585507
-0.6947,-2.4927213103621946
-0.6937000000000001,-2.4545241052658384
-0.6927,-2.412082766269888
-0.6917000000000001,-2.3738855611735317
-0.6907,-2.3356883560771755
-0.6897000000000001,-2.2974911509808194
-0.6887,-2.260708657184329
-0.6877000000000001,-2.2196820294882422
-0.6867,-2.1857289582914814
-0.6857000000000001,-2.148946464494991
-0.6847,-2.1149933932982297
-0.6837000000000001,-2.079625610801604
-0.6827,-2.048501962204573
-0.6817000000000001,-2.0103047571082175
-0.6807,-1.9791811085111866
-0.6797000000000001,-1.9452280373144257
-0.6787,-1.9155191000172598
-0.6777000000000001,-1.8815660288204987
-0.6767,-1.849027668923603
-0.6757000000000001,-1.815074597726842
-0.6747,-1.7896097943292715
-0.6737000000000001,-1.7570714344323757
-0.6727,-1.7301919197349398
-0.6717000000000001,-1.701897693737639
-0.6707,-1.6736034677403384
-0.6697000000000001,-1.6453092417430377
-0.6687,-1.6170150157457368
-0.6677000000000001,-1.5887207897484361
-0.6667,-1.5646706976507305
-0.6657000000000001,-1.53920589425316
-0.6647,-1.510911668255859
-0.6637000000000001,-1.4868615761581534
-0.6627,-1.459982061460718
-0.6617000000000001,-1.4373466806628774
-0.6607,-1.410042752575482
-0.6597000000000001,-1.3910856211572906
-0.6587,-1.3659037600196928
-0.6577000000000001,-1.3390242453222572
-0.6567,-1.316813277914376
-0.6557000000000001,-1.294602310506495
-0.6547,-1.2747963523083847
-0.6537000000000001,-1.2493315489108139
-0.6527,-1.229950004102663
-0.6517000000000001,-1.208870805734674
-0.6507,-1.1851036558969412
-0.6497,-1.1678441780385878
-0.6486999999999999,-1.14266231690099
-0.6477,-1.1256857813026095
-0.6466999999999999,-1.1071530632743778
-0.6457,-1.0840932690865777
-0.6446999999999999,-1.0675411468781568
-0.6437,-1.0470278330301137
-0.6426999999999999,-1.0304757108216926
-0.6417,-1.0123674061834202
-0.6406999999999999,-0.9928443902452826
-0.6397,-0.9782728638566729
-0.6386999999999999,-0.9577595500086299
-0.6377,-0.9407830144102494
-0.6366999999999999,-0.927201785931545
-0.6357,-0.9090934812932725
-0.6346999999999999,-0.8952293105545953
-0.6337,-0.8766965925263633
-0.6326999999999999,-0.8649544887374835
-0.6317,-0.8472705974891704
-0.6306999999999999,-0.8298696485008306
-0.6297,-0.8182690158419373
-0.6286999999999999,-0.8014339513735432
-0.6277,-0.7857306559450413
-0.6266999999999999,-0.77526179232604
-0.6257,-0.7567290742978081
-0.6246999999999999,-0.7454113838988878
-0.6237,-0.7302739729903319
-0.6226999999999999,-0.7162683311216681
-0.6217,-0.7039603428128423
-0.6206999999999999,-0.6857105670445833
-0.6197,-0.6769393569854201
-0.6186999999999999,-0.6650557820665538
-0.6177,-0.6510501401978899
-0.6166999999999999,-0.6428448146586726
-0.6157,-0.6274244614901437
-0.6146999999999999,-0.6192191359509266
-0.6137,-0.6037987827823976
-0.6126999999999999,-0.5953105149832074
-0.6117,-0.5839928245842871
-0.6107000000000001,-0.5697042404556503
-0.6097,-0.562347741696352
-0.6087000000000001,-0.5511715224274183
-0.6077,-0.5415514855883361
-0.6067000000000001,-0.5324973332691998
-0.6057,-0.5191990470504685
-0.6047000000000001,-0.5115596060311972
-0.6037,-0.5008078001522229
-0.6027000000000001,-0.49033893653322164
-0.6017,-0.4829824377739235
-0.6007000000000001,-0.47251357415492223
-0.5997,-0.465157075395624
-0.5987000000000001,-0.4542637983866633
-0.5977,-0.4447852326775675
-0.5967000000000001,-0.43686284939832337
-0.5957,-0.4268183991692816
-0.5947000000000001,-0.42073514057986194
-0.5937,-0.41012480583087413
-0.5927000000000001,-0.4037586049814815
-0.5917,-0.3976753463920618
-0.5907000000000001,-0.386782069383101
-0.5897,-0.37942557062380283
-0.5887000000000001,-0.3723520141244776
-0.5877,-0.36075138146558433
-0.5867000000000001,-0.35509253626612425
-0.5857,-0.346887210726907
-0.5847000000000001,-0.3385404140577033
-0.5837,-0.3355695203279867
-0.5827000000000001,-0.32580801235891793
-0.5817,-0.3191588692495523
-0.5807000000000001,-0.3102461880604025
-0.5797,-0.3055776407708479
-0.5787000000000001,-0.3009090934812933
-0.5777,-0.29454289263190064
-0.5767000000000001,-0.29128905664221105
-0.5757,-0.2808201930232098
-0.5747000000000001,-0.27784929929349317
-0.5737,-0.26907808923433
-0.5727000000000001,-0.26582425324464043
-0.5717,-0.2583262833553557
-0.5707000000000001,-0.252243024765936
-0.5697,-0.24997948668615194
-0.5687000000000001,-0.24064239210704275
-0.5677,-0.2354079602975421
-0.5667000000000001,-0.2321541243078525
-0.5657,-0.22564645232847336
-0.5647000000000001,-0.22338291424868928
-0.5637,-0.21772406904922914
-0.5627000000000001,-0.21093345480987696
-0.5617,-0.2075381476902009
-0.5607000000000001,-0.20131341797079472
-0.5597,-0.19876693763103764
-0.5587000000000001,-0.192966621301591
-0.5577,-0.18773218949209036
-0.5567000000000001,-0.18688336271217135
-0.5557,-0.17980980621284617
-0.5547000000000001,-0.17896097943292713
-0.5537,-0.17499978779330505
-0.5527000000000001,-0.16877505807389886
-0.5517,-0.1656626932141958
-0.5507000000000001,-0.15943796349478964
-0.5497,-0.15590118524512703
-0.5487000000000001,-0.154203531685289
-0.5477,-0.1502423400456669
-0.5467000000000001,-0.14571526388609876
-0.5457,-0.13954712261868724
-0.5447000000000001,-0.14052327341559406
-0.5437,-0.13633572796799356
-0.5427000000000001,-0.13312433331729995
-0.5417,-0.1271259574058722
-0.5407000000000001,-0.12153784777140529
-0.5397,-0.12489071355208542
-0.5387000000000001,-0.12000995956755106
-0.5377,-0.11651562265688443
-0.5367000000000001,-0.11106898415240402
-0.5357,-0.10939962481856329
-0.5347000000000001,-0.10702290983479003
-0.5337,-0.10423592857405589
-0.5327000000000001,-0.10116600505334877
-0.5317,-0.10074159166338927
-0.5307000000000001,-0.09390853608504113
-0.5297,-0.0958608376788549
-0.5287000000000001,-0.09167329223125438
-0.5277,-0.08915510611749461
-0.5267000000000001,-0.08679253824672
-0.5257,-0.08203910827917348
-0.5247,-0.0826049927991195
-0.5236999999999999,-0.07911065588845285
-0.5227,-0.07520605270082535
-0.5216999999999999,-0.07297080884703859
-0.5207,-0.06933500080638545
-0.5196999999999999,-0.0673826992125717
-0.5187,-0.06697243293561084
-0.5176999999999999,-0.06599628213870397
-0.5167,-0.06417130456187807
-0.5156999999999999,-0.0598564350972897
-0.5147,-0.06069111476421007
-0.5136999999999999,-0.055668889649689184
-0.5127,-0.05272629014596992
-0.5116999999999999,-0.05300923240594292
-0.5107,-0.05050519340518181
-0.5096999999999999,-0.04979783775524929
-0.5087,-0.04770406503144904
-0.5076999999999999,-0.044775612640728414
-0.5067,-0.044492670380755404
-0.5056999999999999,-0.037518143672420776
-0.5047,-0.041988631379994285
-0.5036999999999999,-0.04003632978618053
-0.5027,-0.03975338752620753
-0.5016999999999999,-0.034999957558661005
-0.5007,-0.03444822015171364
-0.4996999999999999,-0.03193003403795388
-0.49870000000000003,-0.0327788608178729
-0.4976999999999999,-0.029836261314153626
-0.49670000000000003,-0.028308373110299385
-0.4956999999999999,-0.026907808923433
-0.49470000000000003,-0.02969479018416712
-0.4936999999999999,-0.021744112678925617
-0.4927,-0.023837885402725866
-0.4916999999999999,-0.021885583808912118
-0.4907,-0.017556567231325104
-0.4896999999999999,-0.018674189158218484
-0.4887,-0.019367397695152354
-0.4876999999999999,-0.014911057100577486
-0.4867,-0.01546279450752485
-0.48570000000000013,-0.012813040242877636
-0.4847,-0.01406930387715779
-0.48370000000000013,-0.01085932393776402
-0.4827,-0.012394285698117586
-0.48170000000000013,-0.011556776608597484
-0.4807,-0.004019194802916569
-0.4797000000000001,-0.008625494795277128
-0.4787,-0.007649343998370253
-0.4777000000000001,-0.005136816729809948
-0.4767,-0.005136816729809948
-0.4757000000000001,-0.0034617985507697452
-0.4747,-0.00499676031112331
-0.4737000000000001,-0.0009491298110794531
-0.4727,-0.0024842330425630045
-0.4717000000000001,0.00044662435736739204
-0.4707,0.004913292344431272
-0.4697000000000001,0.0010048694362941356
-0.4687,0.005750801433951375
-0.4677000000000001,0.005051934051818046
-0.4667,0.008682083247271731
-0.4657000000000001,0.007983215865138404
-0.4647,0.006588310523471475
-0.4637000000000001,0.007007065068231527
-0.4627,0.006867008649544888
-0.4617000000000001,0.008401970409898454
-0.4607,0.014684703292599082
-0.4597000000000001,0.009100837792031781
-0.4587,0.0127295722761856
-0.4577000000000001,0.012030704894052273
-0.4567,0.0127295722761856
-0.4557000000000001,0.014967645552572089
-0.4547,0.013705723073092474
-0.4537000000000001,0.015236440699546445
-0.4527,0.01608526747946547
-0.4517000000000001,0.01133325222321881
-0.4507,0.022225114520879725
-0.4497000000000001,0.016637004886412832
-0.4487,0.018306364220253574
-0.4477000000000001,0.018730777610213082
-0.4467,0.019565457277133456
-0.4457000000000001,0.02417741611469348
-0.4447,0.01858930648022658
-0.4437000000000001,0.022493909667854084
-0.4427,0.022225114520879725
-0.4417000000000001,0.022635380797840585
-0.4407,0.024318887244679982
-0.4397000000000001,0.0230597941878001
-0.4387,0.024729153521640842
-0.4377000000000001,0.024870624651627343
-0.4367,0.022366585650866227
-0.4357000000000001,0.02850643269228049
-0.4347,0.02347006046476096
-0.4337000000000001,0.029058170099227856
-0.4327,0.027657605912361466
-0.4317000000000001,0.027247339635400606
-0.43069999999999997,0.029751378636161722
-0.4297000000000001,0.02850643269228049
-0.42869999999999997,0.028082019302320977
-0.4277000000000001,0.030458734286094236
-0.42669999999999997,0.029199641229214358
-0.4257000000000001,0.03129341395301461
-0.42469999999999997,0.03184515135996198
-0.4237000000000001,0.03226956474992148
-0.42269999999999996,0.030034320896134725
-0.4217000000000001,0.03171782734297412
-0.42069999999999996,0.03408039521374873
-0.4197000000000001,0.03478775086368125
-0.41869999999999996,0.03352865780680137
-0.41770000000000007,0.03757473212441537
-0.41669999999999996,0.03478775086368125
-0.41570000000000007,0.03883382518129525
-0.41469999999999996,0.038409411791335744
-0.41370000000000007,0.036457110197522
-0.41269999999999996,0.0350565460106556
-0.41170000000000007,0.03617416793754899
-0.41069999999999995,0.03855088292132225
-0.40970000000000006,0.03533948827062862
-0.40869999999999995,0.04009291823817514
-0.40770000000000006,0.04009291823817514
-0.40669999999999995,0.038126469531362735
-0.40570000000000006,0.04231401497896324
-0.40469999999999995,0.038692354051308754
-0.40370000000000006,0.040361713385149496
-0.40269999999999995,0.039527033718229125
-0.40170000000000006,0.038692354051308754
-0.40069999999999995,0.04316284175888227
-0.39970000000000006,0.040361713385149496
-0.39869999999999994,0.043290165775870124
-0.39770000000000005,0.041620806442029375
-0.39669999999999994,0.04190374870200239
-0.39570000000000005,0.04231401497896324
-0.39469999999999994,0.04176227757201588
-0.39370000000000005,0.043856050295816136
-0.39269999999999994,0.04176227757201588
-0.39170000000000005,0.04343163690585663
-0.39069999999999994,0.04859533315036401
-0.38970000000000005,0.043021370628895765
-0.38869999999999993,0.04483220109272301
-0.38770000000000004,0.04454925883275
-0.38669999999999993,0.04454925883275
-0.38570000000000004,0.04720891607649628
-0.38469999999999993,0.045256614482682526
-0.38370000000000004,0.043856050295816136
-0.38269999999999993,0.045666880759643376
-0.38170000000000004,0.046784502686536764
-0.3806999999999999,0.04790212461343014
-0.37970000000000004,0.046360089296577256
-0.3786999999999999,0.04747771122347064
-0.37770000000000004,0.04790212461343014
-0.3766999999999999,0.04609129414960289
-0.37570000000000003,0.049571483947270886
-0.3746999999999999,0.047350387206482776
-0.37370000000000003,0.05054763474417776
-0.3726999999999999,0.048185066873403154
-0.37170000000000003,0.048185066873403154
-0.3706999999999999,0.049854426207243896
-0.36970000000000003,0.048736804280350515
-0.3686999999999999,0.05097204813413727
-0.3677,0.049571483947270886
-0.3666999999999999,0.051396461524096784
-0.3657,0.05320729198792403
-0.3646999999999999,0.05083057700415077
-0.3637,0.05068910587416426
-0.3626999999999999,0.05042031072718991
-0.3617,0.049571483947270886
-0.36070000000000013,0.0540419716548444
-0.3597,0.051665256671071136
-0.35870000000000013,0.05349023424789704
-0.3577,0.05237261232100365
-0.35670000000000013,0.051948198931044146
-0.3557,0.05725336630553804
-0.3547000000000001,0.051948198931044146
-0.3537,0.05530106471172429
-0.3527000000000001,0.05375902939487139
-0.3517,0.05125499039411028
-0.3507000000000001,0.05460785617479042
-0.3497,0.052782878597964523
-0.3487000000000001,0.05599427324865815
-0.3477,0.05725336630553804
-0.3467000000000001,0.049854426207243896
-0.3457,0.05558400697169729
-0.3447000000000001,0.053348763117910536
-0.3437,0.0540419716548444
-0.3427000000000001,0.05767777969549755
-0.3417,0.055442535841710786
-0.3407000000000001,0.057394837435524544
-0.3397,0.05320729198792403
-0.3387000000000001,0.05627721550863116
-0.3377,0.05697042404556502
-0.3367000000000001,0.05599427324865815
-0.3357,0.0578051037124854
-0.3347000000000001,0.055442535841710786
-0.3337,0.05711189517555153
-0.3327000000000001,0.05711189517555153
-0.3317,0.055711330988685144
-0.3307000000000001,0.05879540162239092
-0.3297,0.055711330988685144
-0.3287000000000001,0.05711189517555153
-0.3277,0.05822951710244491
-0.3267000000000001,0.05460785617479042
-0.3257,0.05808804597245841
-0.3247000000000001,0.05627721550863116
-0.3237,0.06074770321620467
-0.3227000000000001,0.05879540162239092
-0.3217,0.05697042404556502
-0.3207000000000001,0.06004034756627216
-0.3197,0.05822951710244491
-0.3187000000000001,0.05989887643628565
-0.3177,0.05989887643628565
-0.3167000000000001,0.06018181869625867
-0.3157,0.0596300812893113
-0.3147000000000001,0.05711189517555153
-0.3137,0.06046476095623167
-0.3127000000000001,0.06255853368003192
-0.3117,0.06032328982624517
-0.3107000000000001,0.0631102710869793
-0.3097,0.06018181869625867
-0.3087000000000001,0.06408642188388616
-0.3077,0.06158238288312505
-0.3067000000000001,0.05906419676936528
-0.30569999999999997,0.0636761556069253
-0.3047000000000001,0.06270000481001843
-0.30369999999999997,0.06298294706999143
-0.3027000000000001,0.0636761556069253
-0.30169999999999997,0.06284147594000493
-0.3007000000000001,0.06562845720073905
-0.29969999999999997,0.05989887643628565
-0.2987000000000001,0.06172385401311155
-0.29769999999999996,0.06129944062315204
-0.2967000000000001,0.0635346844769388
-0.29569999999999996,0.06507671979379169
-0.2947000000000001,0.05934713902933829
-0.29369999999999996,0.06436936414385917
-0.29270000000000007,0.0631102710869793
-0.29169999999999996,0.06591139946071205
-0.29070000000000007,0.06270000481001843
-0.28969999999999996,0.0638176267369118
-0.28870000000000007,0.06520404381077954
-0.28769999999999996,0.06395909786689832
-0.28670000000000007,0.06534551494076604
-0.28569999999999995,0.06646313686765942
-0.28470000000000006,0.06422789301387266
-0.28369999999999995,0.06715634540459328
-0.28270000000000006,0.06298294706999143
-0.28169999999999995,0.06074770321620467
-0.28070000000000006,0.06674607912763245
-0.27969999999999995,0.06298294706999143
-0.27870000000000006,0.06674607912763245
-0.27769999999999995,0.0677222299245393
-0.27670000000000006,0.06241706255004542
-0.27569999999999995,0.06855690959145967
-0.27470000000000006,0.06395909786689832
-0.27369999999999994,0.06479377753381868
-0.27270000000000005,0.06646313686765942
-0.27169999999999994,0.06646313686765942
-0.27070000000000005,0.06814664331449882
-0.26969999999999994,0.06436936414385917
-0.26870000000000005,0.06800517218451232
-0.26769999999999994,0.06479377753381868
-0.26670000000000005,0.06827396733148668
-0.26569999999999994,0.0713438908521938
-0.26470000000000005,0.0675807587945528
-0.26369999999999993,0.06953306038836657
-0.26270000000000004,0.06702902138760544
-0.26169999999999993,0.06562845720073905
-0.26070000000000004,0.06981600264833956
-0.25969999999999993,0.06800517218451232
-0.25870000000000004,0.06995747377832606
-0.25769999999999993,0.06688755025761894
-0.25670000000000004,0.06855690959145967
-0.2556999999999999,0.06715634540459328
-0.25470000000000004,0.06715634540459328
-0.2536999999999999,0.0689813229814192
-0.25270000000000004,0.06925011812839355
-0.2516999999999999,0.06814664331449882
-0.25070000000000003,0.07107509570521944
-0.24969999999999992,0.06981600264833956
-0.24870000000000003,0.06814664331449882
-0.24769999999999992,0.06632166573767292
-0.24670000000000003,0.06939158925838004
-0.24569999999999992,0.07093362457523293
-0.24470000000000003,0.06800517218451232
-0.24369999999999992,0.06925011812839355
-0.24270000000000003,0.06855690959145967
-0.24169999999999991,0.06883985185143268
-0.24070000000000003,0.07065068231525992
-0.2396999999999999,0.07024041603829907
-0.23870000000000002,0.07260298390907369
-0.2376999999999999,0.07176830424215332
-0.23670000000000002,0.06981600264833956
-0.23570000000000013,0.07219271763211282
-0.23470000000000002,0.06912279411140569
-0.23370000000000013,0.07233418876209932
-0.23270000000000002,0.07274445503906019
-0.23170000000000013,0.06925011812839355
-0.23070000000000002,0.07343766357599404
-0.22970000000000013,0.06925011812839355
-0.22870000000000001,0.07093362457523293
-0.22770000000000012,0.07190977537213981
-0.2267,0.07190977537213981
-0.22570000000000012,0.0730273972990332
-0.2247,0.07009894490831257
-0.22370000000000012,0.07414501922592658
-0.2227,0.07233418876209932
-0.22170000000000012,0.0713438908521938
-0.2207,0.0728859261690467
-0.21970000000000012,0.06967453151835307
-0.2187,0.07190977537213981
-0.21770000000000012,0.07442796148589957
-0.2167,0.07065068231525992
-0.2157000000000001,0.07497969889284695
-0.2147,0.07316886842901969
-0.2137000000000001,0.07343766357599404
-0.2127,0.07469675663287394
-0.2117000000000001,0.0733103395590062
-0.2107,0.07567290742978082
-0.2097000000000001,0.07469675663287394
-0.2087,0.07679052935667419
-0.2077000000000001,0.07357913470598056
-0.2067,0.07442796148589957
-0.2057000000000001,0.07833256467352707
-0.2047,0.07372060583596705
-0.2037000000000001,0.07609732081974033
-0.2027,0.07609732081974033
-0.2017000000000001,0.07483822776286045
-0.2007,0.0769320004866607
-0.1997000000000001,0.07316886842901969
-0.1987,0.07638026307971334
-0.1977000000000001,0.07540411228280645
-0.19669999999999999,0.07623879194972684
-0.1957000000000001,0.0769320004866607
-0.19469999999999998,0.07819109354354058
-0.1937000000000001,0.07776668015358107
-0.19269999999999998,0.07553143629979431
-0.1917000000000001,0.07357913470598056
-0.1907000000000001,0.07986045287738132
-0.1897000000000002,0.07483822776286045
-0.1887000000000001,0.0772149427466337
-0.1877000000000002,0.07874283095048794
-0.1867000000000001,0.0773564138766202
-0.1857000000000002,0.08069513254430169
-0.1847000000000001,0.07664905822668767
-0.1837000000000002,0.07833256467352707
-0.18270000000000008,0.07679052935667419
-0.1817000000000002,0.07916724434044746
-0.18070000000000008,0.07888430208047445
-0.1797000000000002,0.07945018660042047
-0.17870000000000008,0.07888430208047445
-0.1777000000000002,0.08028486626734083
-0.17670000000000008,0.07930871547043396
-0.1757000000000002,0.08056780852731382
-0.17470000000000008,0.07833256467352707
-0.1737000000000002,0.07959165773040697
-0.17270000000000008,0.08083660367428819
-0.17170000000000019,0.07916724434044746
-0.17070000000000007,0.08252011012112759
-0.16970000000000018,0.07833256467352707
-0.16870000000000007,0.08056780852731382
-0.16770000000000018,0.0786155069335001
-0.16670000000000007,0.07804962241355407
-0.16570000000000018,0.0811195459342612
-0.16470000000000007,0.07833256467352707
-0.16370000000000018,0.08223716786115459
-0.16270000000000007,0.08168543045420722
-0.16170000000000018,0.08000192400736782
-0.16070000000000007,0.08223716786115459
-0.15970000000000018,0.08278890526810194
-0.15870000000000006,0.08126101706424771
-0.15770000000000017,0.0826615812511141
-0.15670000000000006,0.08252011012112759
-0.15570000000000017,0.08349626091803447
-0.15470000000000006,0.0811195459342612
-0.15370000000000017,0.08237863899114109
-0.15270000000000006,0.08293037639808845
-0.15170000000000017,0.08237863899114109
-0.15070000000000006,0.0848826779919022
-0.14970000000000017,0.08126101706424771
-0.14870000000000005,0.08404799832498183
-0.14770000000000016,0.08293037639808845
-0.14670000000000005,0.0811195459342612
-0.14570000000000016,0.08390652719499532
-0.14470000000000005,0.08447241171494134
-0.14370000000000016,0.08404799832498183
-0.14270000000000005,0.08278890526810194
-0.14170000000000016,0.08181275447119508
-0.14070000000000005,0.08768380636563497
-0.13970000000000016,0.08252011012112759
-0.13870000000000005,0.08656618443874159
-0.13770000000000016,0.08447241171494134
-0.13670000000000004,0.08377920317800747
-0.13570000000000015,0.08587297590180773
-0.13470000000000004,0.08377920317800747
-0.13370000000000015,0.08600029991879557
-0.13270000000000004,0.08544856251184822
-0.13170000000000015,0.08614177104878207
-0.13070000000000004,0.08837701490256884
-0.12970000000000015,0.08363773204802097
-0.12870000000000004,0.08725939297567546
-0.12770000000000015,0.08404799832498183
-0.12670000000000003,0.08530709138186171
-0.12570000000000014,0.08809407264259583
-0.12470000000000003,0.08725939297567546
-0.12370000000000014,0.09006052134940823
-0.12270000000000003,0.08782527749562147
-0.12170000000000014,0.08502414912188871
-0.12070000000000003,0.09144693842327598
-0.11970000000000014,0.08530709138186171
-0.11870000000000003,0.08880142829252836
-0.11770000000000014,0.08796674862560798
-0.11670000000000003,0.08851848603255535
-0.11570000000000014,0.09006052134940823
-0.11470000000000002,0.0867076555687281
-0.11370000000000013,0.08963610795944872
-0.11270000000000002,0.08809407264259583
-0.11170000000000013,0.08880142829252836
-0.11070000000000024,0.09089520101632861
-0.10970000000000013,0.08949463682946222
-0.10870000000000024,0.092012822943222
-0.10770000000000013,0.08963610795944872
-0.10670000000000024,0.08963610795944872
-0.10570000000000013,0.09187135181323548
-0.10470000000000024,0.09061225875635559
-0.10370000000000013,0.09075372988634212
-0.10270000000000024,0.08921169456948921
-0.10170000000000012,0.08949463682946222
-0.10070000000000023,0.09298897374012885
-0.09970000000000012,0.09047078762636909
-0.09870000000000023,0.09396512453703573
-0.09770000000000012,0.08991905021942173
-0.09670000000000023,0.09158840955326249
-0.09570000000000012,0.09423391968401008
-0.09470000000000023,0.09325776888710322
-0.09370000000000012,0.09549301274088996
-0.09270000000000023,0.09089520101632861
-0.09170000000000011,0.09494127533394262
-0.09070000000000022,0.09675210579776986
-0.08970000000000011,0.09144693842327598
-0.08870000000000022,0.09632769240781036
-0.08770000000000011,0.09451686194398311
-0.08670000000000022,0.09313044487011536
-0.08570000000000011,0.09563448387087647
-0.08470000000000022,0.09508274646392911
-0.08370000000000011,0.09410659566702224
-0.08270000000000022,0.09479980420395612
-0.0817000000000001,0.09368218227706274
-0.08070000000000022,0.09982202931847699
-0.0797000000000001,0.09256456035016934
-0.07870000000000021,0.09675210579776986
-0.0777000000000001,0.09689357692775637
-0.07670000000000021,0.0946583330739696
-0.0757000000000001,0.09646916353779686
-0.07470000000000021,0.0987044073915836
-0.0737000000000001,0.0984214651316106
-0.07270000000000021,0.09451686194398311
-0.0717000000000001,0.09451686194398311
-0.07070000000000021,0.100387913838423
-0.0697000000000001,0.09731799031771587
-0.0687000000000002,0.0987044073915836
-0.0677000000000001,0.09815266998463625
-0.0667000000000002,0.09898734965155662
-0.06570000000000009,0.10177433091229074
-0.0647000000000002,0.09829414111462276
-0.06370000000000009,0.09731799031771587
-0.0627000000000002,0.100387913838423
-0.06170000000000009,0.10177433091229074
-0.0607000000000002,0.10541013895294389
-0.059700000000000086,0.09801119885464975
-0.058700000000000196,0.104151045896064
-0.057700000000000085,0.10317489509915713
-0.056700000000000195,0.10260901057921111
-0.05570000000000008,0.10191580204227724
-0.05470000000000019,0.10317489509915713
-0.05370000000000008,0.10582040522990475
-0.05270000000000019,0.10289195283918412
-0.05170000000000008,0.10177433091229074
-0.05070000000000019,0.10722096941677112
-0.04970000000000008,0.10317489509915713
-0.04870000000000019,0.10457545928602352
-0.047700000000000076,0.10484425443299787
-0.046700000000000186,0.10303342396917063
-0.045700000000000074,0.1080556490836915
-0.044700000000000184,0.10317489509915713
-0.04370000000000007,0.10596187635989125
-0.04270000000000018,0.10652776087983726
-0.04170000000000007,0.10567893409991824
-0.04070000000000018,0.1094562132705579
-0.03970000000000007,0.10541013895294389
-0.03870000000000018,0.10372663250610449
-0.03770000000000007,0.10736244054675763
-0.03670000000000018,0.10693802715679812
-0.035700000000000065,0.10876300473362402
-0.034700000000000175,0.1080556490836915
-0.03370000000000006,0.11014942180749175
-0.03270000000000017,0.10819712021367801
-0.03170000000000006,0.10848006247365101
-0.03070000000000017,0.11266760792125154
-0.02970000000000006,0.10848006247365101
-0.02870000000000017,0.11098410147441214
-0.027700000000000058,0.11433696725509226
-0.026700000000000168,0.11029089293747825
-0.025700000000000056,0.11183292825433114
-0.024700000000000166,0.10903179988059837
-0.023700000000000054,0.11447843838507876
-0.022700000000000164,0.11140851486437164
-0.021700000000000053,0.11183292825433114
-0.020700000000000163,0.11490285177503827
-0.01970000000000005,0.11098410147441214
-0.01870000000000016,0.11657221110887903
-0.01770000000000005,0.11266760792125154
-0.01670000000000016,0.11433696725509226
-0.015700000000000047,0.11657221110887903
-0.014700000000000157,0.1136437587181584
-0.013700000000000045,0.11517164692201265
-0.012700000000000156,0.116289268848906
-0.011700000000000044,0.11295055018122453
-0.010700000000000154,0.11726541964581289
-0.009700000000000042,0.11587900257194515
-0.008700000000000152,0.11852451270269278
-0.00770000000000004,0.11768983303577239
-0.00670000000000015,0.11852451270269278
-0.005700000000000038,0.11740689077579938
-0.0047000000000001485,0.11824157044271978
-0.0037000000000000366,0.1181142464257319
-0.0027000000000001467,0.11909039722263878
-0.0017000000000000348,0.11643073997889253
-0.000700000000000145,0.1232779426702393
0.00029999999999996696,0.11740689077579938
0.0012999999999998568,0.12104269881645255
0.0022999999999999687,0.1214529650934134
0.0032999999999998586,0.12104269881645255
0.0042999999999999705,0.12173590735338641
0.00529999999999986,0.12299500041026629
0.006299999999999972,0.1213114939634269
0.007299999999999862,0.1223017918733324
0.008299999999999974,0.11894892609265229
0.009299999999999864,0.12425409346714618
0.010299999999999976,0.12104269881645255
0.011299999999999866,0.12299500041026629
0.012299999999999978,0.12257058702030678
