July 1, 2026   04:22:02
Cyclic Voltammetry
File: c:/users/guazh/data/20260623_doe_duplica2/2026-06-24-exp56\exp56-2026-07-01t04_17_07-h2koh\exp56_cv_50mvs_efin_-1400mv.bin
Data Source:  Experiment
Instrument Model:  CHI760E
Header: CV ran at 50 mVs
Note: 

Init E (V) = -1
High E (V) = -1
Low E (V) = -1.4
Final E (V) = -1
Init P/N = N
Scan Rate (V/s) = 0.05
Segment = 7
Sample Interval (V) = 0.001
Quiet Time (sec) = 60
Sensitivity (A/V) = 0.001
Comp R (ohm) = 2.1

Results:

Channel 1:
Segment 1:

Segment 2:

Segment 3:
Ep = -1.300V
ip = 1.921e-4A
Ah = 2.180e-4C

Segment 4:

Segment 5:
Ep = -1.295V
ip = 1.920e-4A
Ah = 2.044e-4C

Segment 6:

Segment 7:

Potential/V, Current/A

-1.000, 1.353e-5
-1.001, 2.260e-5
-1.002, 2.595e-5
-1.003, 2.816e-5
-1.004, 3.020e-5
-1.005, 3.189e-5
-1.006, 3.340e-5
-1.007, 3.491e-5
-1.008, 3.613e-5
-1.009, 3.753e-5
-1.010, 3.878e-5
-1.011, 4.001e-5
-1.012, 4.119e-5
-1.013, 4.227e-5
-1.014, 4.338e-5
-1.015, 4.469e-5
-1.016, 4.564e-5
-1.017, 4.681e-5
-1.018, 4.798e-5
-1.019, 4.904e-5
-1.020, 5.026e-5
-1.021, 5.134e-5
-1.022, 5.254e-5
-1.023, 5.382e-5
-1.024, 5.495e-5
-1.025, 5.611e-5
-1.026, 5.738e-5
-1.027, 5.830e-5
-1.028, 5.964e-5
-1.029, 6.069e-5
-1.030, 6.210e-5
-1.031, 6.344e-5
-1.032, 6.466e-5
-1.033, 6.590e-5
-1.034, 6.738e-5
-1.035, 6.866e-5
-1.036, 7.013e-5
-1.037, 7.150e-5
-1.038, 7.292e-5
-1.039, 7.445e-5
-1.040, 7.574e-5
-1.041, 7.739e-5
-1.042, 7.888e-5
-1.043, 8.031e-5
-1.044, 8.196e-5
-1.045, 8.330e-5
-1.046, 8.496e-5
-1.047, 8.664e-5
-1.048, 8.807e-5
-1.049, 8.972e-5
-1.050, 9.138e-5
-1.051, 9.293e-5
-1.052, 9.464e-5
-1.053, 9.611e-5
-1.054, 9.771e-5
-1.055, 9.947e-5
-1.056, 1.010e-4
-1.057, 1.027e-4
-1.058, 1.044e-4
-1.059, 1.058e-4
-1.060, 1.075e-4
-1.061, 1.090e-4
-1.062, 1.107e-4
-1.063, 1.123e-4
-1.064, 1.137e-4
-1.065, 1.154e-4
-1.066, 1.168e-4
-1.067, 1.182e-4
-1.068, 1.197e-4
-1.069, 1.211e-4
-1.070, 1.225e-4
-1.071, 1.239e-4
-1.072, 1.251e-4
-1.073, 1.265e-4
-1.074, 1.279e-4
-1.075, 1.292e-4
-1.076, 1.304e-4
-1.077, 1.315e-4
-1.078, 1.327e-4
-1.079, 1.339e-4
-1.080, 1.348e-4
-1.081, 1.359e-4
-1.082, 1.370e-4
-1.083, 1.377e-4
-1.084, 1.387e-4
-1.085, 1.394e-4
-1.086, 1.402e-4
-1.087, 1.410e-4
-1.088, 1.417e-4
-1.089, 1.423e-4
-1.090, 1.430e-4
-1.091, 1.435e-4
-1.092, 1.442e-4
-1.093, 1.447e-4
-1.094, 1.453e-4
-1.095, 1.458e-4
-1.096, 1.462e-4
-1.097, 1.467e-4
-1.098, 1.471e-4
-1.099, 1.474e-4
-1.100, 1.478e-4
-1.101, 1.481e-4
-1.102, 1.484e-4
-1.103, 1.488e-4
-1.104, 1.489e-4
-1.105, 1.494e-4
-1.106, 1.496e-4
-1.107, 1.498e-4
-1.108, 1.501e-4
-1.109, 1.503e-4
-1.110, 1.505e-4
-1.111, 1.508e-4
-1.112, 1.509e-4
-1.113, 1.512e-4
-1.114, 1.514e-4
-1.115, 1.516e-4
-1.116, 1.517e-4
-1.117, 1.518e-4
-1.118, 1.520e-4
-1.119, 1.522e-4
-1.120, 1.523e-4
-1.121, 1.524e-4
-1.122, 1.527e-4
-1.123, 1.527e-4
-1.124, 1.530e-4
-1.125, 1.531e-4
-1.126, 1.533e-4
-1.127, 1.537e-4
-1.128, 1.536e-4
-1.129, 1.538e-4
-1.130, 1.541e-4
-1.131, 1.541e-4
-1.132, 1.545e-4
-1.133, 1.546e-4
-1.134, 1.548e-4
-1.135, 1.550e-4
-1.136, 1.551e-4
-1.137, 1.554e-4
-1.138, 1.556e-4
-1.139, 1.557e-4
-1.140, 1.560e-4
-1.141, 1.563e-4
-1.142, 1.564e-4
-1.143, 1.567e-4
-1.144, 1.568e-4
-1.145, 1.572e-4
-1.146, 1.575e-4
-1.147, 1.576e-4
-1.148, 1.579e-4
-1.149, 1.581e-4
-1.150, 1.584e-4
-1.151, 1.588e-4
-1.152, 1.589e-4
-1.153, 1.592e-4
-1.154, 1.596e-4
-1.155, 1.598e-4
-1.156, 1.602e-4
-1.157, 1.605e-4
-1.158, 1.608e-4
-1.159, 1.612e-4
-1.160, 1.614e-4
-1.161, 1.618e-4
-1.162, 1.622e-4
-1.163, 1.623e-4
-1.164, 1.628e-4
-1.165, 1.632e-4
-1.166, 1.635e-4
-1.167, 1.639e-4
-1.168, 1.641e-4
-1.169, 1.646e-4
-1.170, 1.650e-4
-1.171, 1.653e-4
-1.172, 1.658e-4
-1.173, 1.660e-4
-1.174, 1.664e-4
-1.175, 1.669e-4
-1.176, 1.673e-4
-1.177, 1.678e-4
-1.178, 1.683e-4
-1.179, 1.686e-4
-1.180, 1.691e-4
-1.181, 1.694e-4
-1.182, 1.698e-4
-1.183, 1.704e-4
-1.184, 1.708e-4
-1.185, 1.712e-4
-1.186, 1.717e-4
-1.187, 1.722e-4
-1.188, 1.727e-4
-1.189, 1.731e-4
-1.190, 1.736e-4
-1.191, 1.742e-4
-1.192, 1.746e-4
-1.193, 1.752e-4
-1.194, 1.758e-4
-1.195, 1.763e-4
-1.196, 1.769e-4
-1.197, 1.774e-4
-1.198, 1.780e-4
-1.199, 1.787e-4
-1.200, 1.793e-4
-1.201, 1.798e-4
-1.202, 1.804e-4
-1.203, 1.810e-4
-1.204, 1.817e-4
-1.205, 1.822e-4
-1.206, 1.829e-4
-1.207, 1.836e-4
-1.208, 1.841e-4
-1.209, 1.849e-4
-1.210, 1.855e-4
-1.211, 1.862e-4
-1.212, 1.870e-4
-1.213, 1.876e-4
-1.214, 1.883e-4
-1.215, 1.891e-4
-1.216, 1.898e-4
-1.217, 1.905e-4
-1.218, 1.913e-4
-1.219, 1.920e-4
-1.220, 1.928e-4
-1.221, 1.936e-4
-1.222, 1.944e-4
-1.223, 1.952e-4
-1.224, 1.959e-4
-1.225, 1.968e-4
-1.226, 1.976e-4
-1.227, 1.984e-4
-1.228, 1.994e-4
-1.229, 2.003e-4
-1.230, 2.011e-4
-1.231, 2.020e-4
-1.232, 2.028e-4
-1.233, 2.036e-4
-1.234, 2.046e-4
-1.235, 2.055e-4
-1.236, 2.064e-4
-1.237, 2.074e-4
-1.238, 2.083e-4
-1.239, 2.093e-4
-1.240, 2.101e-4
-1.241, 2.112e-4
-1.242, 2.122e-4
-1.243, 2.131e-4
-1.244, 2.142e-4
-1.245, 2.153e-4
-1.246, 2.163e-4
-1.247, 2.174e-4
-1.248, 2.184e-4
-1.249, 2.195e-4
-1.250, 2.208e-4
-1.251, 2.217e-4
-1.252, 2.231e-4
-1.253, 2.242e-4
-1.254, 2.255e-4
-1.255, 2.268e-4
-1.256, 2.280e-4
-1.257, 2.292e-4
-1.258, 2.306e-4
-1.259, 2.319e-4
-1.260, 2.333e-4
-1.261, 2.347e-4
-1.262, 2.360e-4
-1.263, 2.377e-4
-1.264, 2.390e-4
-1.265, 2.405e-4
-1.266, 2.421e-4
-1.267, 2.437e-4
-1.268, 2.452e-4
-1.269, 2.468e-4
-1.270, 2.485e-4
-1.271, 2.502e-4
-1.272, 2.519e-4
-1.273, 2.536e-4
-1.274, 2.555e-4
-1.275, 2.573e-4
-1.276, 2.592e-4
-1.277, 2.612e-4
-1.278, 2.630e-4
-1.279, 2.651e-4
-1.280, 2.672e-4
-1.281, 2.692e-4
-1.282, 2.713e-4
-1.283, 2.734e-4
-1.284, 2.757e-4
-1.285, 2.780e-4
-1.286, 2.803e-4
-1.287, 2.828e-4
-1.288, 2.852e-4
-1.289, 2.878e-4
-1.290, 2.904e-4
-1.291, 2.930e-4
-1.292, 2.958e-4
-1.293, 2.985e-4
-1.294, 3.013e-4
-1.295, 3.043e-4
-1.296, 3.073e-4
-1.297, 3.105e-4
-1.298, 3.136e-4
-1.299, 3.169e-4
-1.300, 3.204e-4
-1.301, 3.237e-4
-1.302, 3.273e-4
-1.303, 3.310e-4
-1.304, 3.347e-4
-1.305, 3.386e-4
-1.306, 3.425e-4
-1.307, 3.464e-4
-1.308, 3.506e-4
-1.309, 3.548e-4
-1.310, 3.591e-4
-1.311, 3.637e-4
-1.312, 3.682e-4
-1.313, 3.730e-4
-1.314, 3.778e-4
-1.315, 3.828e-4
-1.316, 3.879e-4
-1.317, 3.931e-4
-1.318, 3.984e-4
-1.319, 4.039e-4
-1.320, 4.095e-4
-1.321, 4.153e-4
-1.322, 4.212e-4
-1.323, 4.271e-4
-1.324, 4.332e-4
-1.325, 4.395e-4
-1.326, 4.456e-4
-1.327, 4.521e-4
-1.328, 4.586e-4
-1.329, 4.656e-4
-1.330, 4.725e-4
-1.331, 4.796e-4
-1.332, 4.868e-4
-1.333, 4.942e-4
-1.334, 5.018e-4
-1.335, 5.096e-4
-1.336, 5.176e-4
-1.337, 5.257e-4
-1.338, 5.339e-4
-1.339, 5.423e-4
-1.340, 5.510e-4
-1.341, 5.598e-4
-1.342, 5.689e-4
-1.343, 5.781e-4
-1.344, 5.874e-4
-1.345, 5.968e-4
-1.346, 6.065e-4
-1.347, 6.163e-4
-1.348, 6.266e-4
-1.349, 6.367e-4
-1.350, 6.472e-4
-1.351, 6.577e-4
-1.352, 6.687e-4
-1.353, 6.797e-4
-1.354, 6.909e-4
-1.355, 7.023e-4
-1.356, 7.138e-4
-1.357, 7.259e-4
-1.358, 7.374e-4
-1.359, 7.488e-4
-1.360, 7.599e-4
-1.361, 7.709e-4
-1.362, 7.830e-4
-1.363, 7.949e-4
-1.364, 8.072e-4
-1.365, 8.193e-4
-1.366, 8.316e-4
-1.367, 8.444e-4
-1.368, 8.567e-4
-1.369, 8.692e-4
-1.370, 8.811e-4
-1.371, 8.927e-4
-1.372, 9.044e-4
-1.373, 9.158e-4
-1.374, 9.269e-4
-1.375, 9.377e-4
-1.376, 9.483e-4
-1.377, 9.588e-4
-1.378, 9.693e-4
-1.379, 9.796e-4
-1.380, 9.892e-4
-1.381, 9.986e-4
-1.382, 1.008e-3
-1.383, 1.017e-3
-1.384, 1.026e-3
-1.385, 1.034e-3
-1.386, 1.043e-3
-1.387, 1.051e-3
-1.388, 1.059e-3
-1.389, 1.066e-3
-1.390, 1.074e-3
-1.391, 1.081e-3
-1.392, 1.088e-3
-1.393, 1.095e-3
-1.394, 1.102e-3
-1.395, 1.108e-3
-1.396, 1.114e-3
-1.397, 1.121e-3
-1.398, 1.127e-3
-1.399, 1.133e-3
-1.400, 1.115e-3
-1.399, 1.088e-3
-1.398, 1.067e-3
-1.397, 1.047e-3
-1.396, 1.028e-3
-1.395, 1.009e-3
-1.394, 9.910e-4
-1.393, 9.729e-4
-1.392, 9.554e-4
-1.391, 9.381e-4
-1.390, 9.212e-4
-1.389, 9.044e-4
-1.388, 8.879e-4
-1.387, 8.719e-4
-1.386, 8.557e-4
-1.385, 8.401e-4
-1.384, 8.247e-4
-1.383, 8.095e-4
-1.382, 7.945e-4
-1.381, 7.798e-4
-1.380, 7.655e-4
-1.379, 7.516e-4
-1.378, 7.378e-4
-1.377, 7.239e-4
-1.376, 7.109e-4
-1.375, 6.975e-4
-1.374, 6.846e-4
-1.373, 6.719e-4
-1.372, 6.596e-4
-1.371, 6.475e-4
-1.370, 6.353e-4
-1.369, 6.233e-4
-1.368, 6.117e-4
-1.367, 6.004e-4
-1.366, 5.891e-4
-1.365, 5.784e-4
-1.364, 5.677e-4
-1.363, 5.570e-4
-1.362, 5.468e-4
-1.361, 5.364e-4
-1.360, 5.264e-4
-1.359, 5.167e-4
-1.358, 5.068e-4
-1.357, 4.974e-4
-1.356, 4.878e-4
-1.355, 4.785e-4
-1.354, 4.695e-4
-1.353, 4.604e-4
-1.352, 4.519e-4
-1.351, 4.430e-4
-1.350, 4.347e-4
-1.349, 4.266e-4
-1.348, 4.183e-4
-1.347, 4.103e-4
-1.346, 4.025e-4
-1.345, 3.946e-4
-1.344, 3.871e-4
-1.343, 3.798e-4
-1.342, 3.721e-4
-1.341, 3.649e-4
-1.340, 3.576e-4
-1.339, 3.506e-4
-1.338, 3.439e-4
-1.337, 3.370e-4
-1.336, 3.305e-4
-1.335, 3.238e-4
-1.334, 3.172e-4
-1.333, 3.111e-4
-1.332, 3.047e-4
-1.331, 2.986e-4
-1.330, 2.926e-4
-1.329, 2.868e-4
-1.328, 2.812e-4
-1.327, 2.755e-4
-1.326, 2.699e-4
-1.325, 2.645e-4
-1.324, 2.590e-4
-1.323, 2.535e-4
-1.322, 2.484e-4
-1.321, 2.430e-4
-1.320, 2.380e-4
-1.319, 2.329e-4
-1.318, 2.280e-4
-1.317, 2.235e-4
-1.316, 2.186e-4
-1.315, 2.140e-4
-1.314, 2.094e-4
-1.313, 2.049e-4
-1.312, 2.005e-4
-1.311, 1.960e-4
-1.310, 1.917e-4
-1.309, 1.875e-4
-1.308, 1.834e-4
-1.307, 1.791e-4
-1.306, 1.751e-4
-1.305, 1.711e-4
-1.304, 1.673e-4
-1.303, 1.635e-4
-1.302, 1.596e-4
-1.301, 1.560e-4
-1.300, 1.522e-4
-1.299, 1.484e-4
-1.298, 1.448e-4
-1.297, 1.412e-4
-1.296, 1.379e-4
-1.295, 1.346e-4
-1.294, 1.312e-4
-1.293, 1.281e-4
-1.292, 1.249e-4
-1.291, 1.216e-4
-1.290, 1.183e-4
-1.289, 1.151e-4
-1.288, 1.121e-4
-1.287, 1.091e-4
-1.286, 1.059e-4
-1.285, 1.032e-4
-1.284, 1.002e-4
-1.283, 9.745e-5
-1.282, 9.461e-5
-1.281, 9.182e-5
-1.280, 8.890e-5
-1.279, 8.625e-5
-1.278, 8.360e-5
-1.277, 8.112e-5
-1.276, 7.850e-5
-1.275, 7.606e-5
-1.274, 7.369e-5
-1.273, 7.103e-5
-1.272, 6.899e-5
-1.271, 6.658e-5
-1.270, 6.418e-5
-1.269, 6.206e-5
-1.268, 5.980e-5
-1.267, 5.753e-5
-1.266, 5.536e-5
-1.265, 5.311e-5
-1.264, 5.108e-5
-1.263, 4.888e-5
-1.262, 4.664e-5
-1.261, 4.456e-5
-1.260, 4.250e-5
-1.259, 4.049e-5
-1.258, 3.854e-5
-1.257, 3.653e-5
-1.256, 3.475e-5
-1.255, 3.273e-5
-1.254, 3.077e-5
-1.253, 2.905e-5
-1.252, 2.716e-5
-1.251, 2.530e-5
-1.250, 2.370e-5
-1.249, 2.179e-5
-1.248, 2.016e-5
-1.247, 1.840e-5
-1.246, 1.660e-5
-1.245, 1.490e-5
-1.244, 1.312e-5
-1.243, 1.150e-5
-1.242, 9.896e-6
-1.241, 8.175e-6
-1.240, 6.784e-6
-1.239, 5.049e-6
-1.238, 3.200e-6
-1.237, 1.854e-6
-1.236, 2.613e-7
-1.235, -1.424e-6
-1.234, -2.846e-6
-1.233, -4.584e-6
-1.232, -5.785e-6
-1.231, -7.379e-6
-1.230, -8.954e-6
-1.229, -1.087e-5
-1.228, -1.209e-5
-1.227, -1.354e-5
-1.226, -1.486e-5
-1.225, -1.644e-5
-1.224, -1.771e-5
-1.223, -1.912e-5
-1.222, -2.081e-5
-1.221, -2.201e-5
-1.220, -2.348e-5
-1.219, -2.497e-5
-1.218, -2.640e-5
-1.217, -2.793e-5
-1.216, -2.921e-5
-1.215, -3.066e-5
-1.214, -3.215e-5
-1.213, -3.349e-5
-1.212, -3.488e-5
-1.211, -3.638e-5
-1.210, -3.763e-5
-1.209, -3.917e-5
-1.208, -4.048e-5
-1.207, -4.187e-5
-1.206, -4.340e-5
-1.205, -4.462e-5
-1.204, -4.614e-5
-1.203, -4.746e-5
-1.202, -4.884e-5
-1.201, -5.034e-5
-1.200, -5.153e-5
-1.199, -5.298e-5
-1.198, -5.447e-5
-1.197, -5.573e-5
-1.196, -5.726e-5
-1.195, -5.866e-5
-1.194, -5.993e-5
-1.193, -6.154e-5
-1.192, -6.278e-5
-1.191, -6.428e-5
-1.190, -6.588e-5
-1.189, -6.717e-5
-1.188, -6.864e-5
-1.187, -7.013e-5
-1.186, -7.142e-5
-1.185, -7.313e-5
-1.184, -7.447e-5
-1.183, -7.594e-5
-1.182, -7.751e-5
-1.181, -7.892e-5
-1.180, -8.039e-5
-1.179, -8.198e-5
-1.178, -8.357e-5
-1.177, -8.517e-5
-1.176, -8.649e-5
-1.175, -8.821e-5
-1.174, -8.985e-5
-1.173, -9.120e-5
-1.172, -9.289e-5
-1.171, -9.452e-5
-1.170, -9.600e-5
-1.169, -9.771e-5
-1.168, -9.916e-5
-1.167, -1.008e-4
-1.166, -1.026e-4
-1.165, -1.041e-4
-1.164, -1.057e-4
-1.163, -1.075e-4
-1.162, -1.091e-4
-1.161, -1.110e-4
-1.160, -1.125e-4
-1.159, -1.144e-4
-1.158, -1.162e-4
-1.157, -1.179e-4
-1.156, -1.197e-4
-1.155, -1.216e-4
-1.154, -1.234e-4
-1.153, -1.254e-4
-1.152, -1.270e-4
-1.151, -1.291e-4
-1.150, -1.310e-4
-1.149, -1.328e-4
-1.148, -1.349e-4
-1.147, -1.368e-4
-1.146, -1.388e-4
-1.145, -1.410e-4
-1.144, -1.430e-4
-1.143, -1.451e-4
-1.142, -1.473e-4
-1.141, -1.493e-4
-1.140, -1.515e-4
-1.139, -1.537e-4
-1.138, -1.558e-4
-1.137, -1.582e-4
-1.136, -1.603e-4
-1.135, -1.626e-4
-1.134, -1.650e-4
-1.133, -1.672e-4
-1.132, -1.697e-4
-1.131, -1.720e-4
-1.130, -1.743e-4
-1.129, -1.768e-4
-1.128, -1.791e-4
-1.127, -1.816e-4
-1.126, -1.842e-4
-1.125, -1.866e-4
-1.124, -1.892e-4
-1.123, -1.918e-4
-1.122, -1.945e-4
-1.121, -1.971e-4
-1.120, -1.996e-4
-1.119, -2.025e-4
-1.118, -2.053e-4
-1.117, -2.079e-4
-1.116, -2.107e-4
-1.115, -2.135e-4
-1.114, -2.164e-4
-1.113, -2.193e-4
-1.112, -2.221e-4
-1.111, -2.251e-4
-1.110, -2.281e-4
-1.109, -2.311e-4
-1.108, -2.343e-4
-1.107, -2.374e-4
-1.106, -2.405e-4
-1.105, -2.438e-4
-1.104, -2.468e-4
-1.103, -2.500e-4
-1.102, -2.534e-4
-1.101, -2.565e-4
-1.100, -2.599e-4
-1.099, -2.632e-4
-1.098, -2.666e-4
-1.097, -2.702e-4
-1.096, -2.734e-4
-1.095, -2.768e-4
-1.094, -2.804e-4
-1.093, -2.837e-4
-1.092, -2.873e-4
-1.091, -2.910e-4
-1.090, -2.946e-4
-1.089, -2.984e-4
-1.088, -3.020e-4
-1.087, -3.059e-4
-1.086, -3.098e-4
-1.085, -3.135e-4
-1.084, -3.175e-4
-1.083, -3.214e-4
-1.082, -3.253e-4
-1.081, -3.295e-4
-1.080, -3.333e-4
-1.079, -3.375e-4
-1.078, -3.416e-4
-1.077, -3.455e-4
-1.076, -3.500e-4
-1.075, -3.544e-4
-1.074, -3.583e-4
-1.073, -3.628e-4
-1.072, -3.669e-4
-1.071, -3.713e-4
-1.070, -3.756e-4
-1.069, -3.800e-4
-1.068, -3.847e-4
-1.067, -3.892e-4
-1.066, -3.936e-4
-1.065, -3.982e-4
-1.064, -4.026e-4
-1.063, -4.073e-4
-1.062, -4.121e-4
-1.061, -4.167e-4
-1.060, -4.215e-4
-1.059, -4.262e-4
-1.058, -4.310e-4
-1.057, -4.358e-4
-1.056, -4.406e-4
-1.055, -4.456e-4
-1.054, -4.504e-4
-1.053, -4.552e-4
-1.052, -4.605e-4
-1.051, -4.654e-4
-1.050, -4.702e-4
-1.049, -4.755e-4
-1.048, -4.806e-4
-1.047, -4.857e-4
-1.046, -4.907e-4
-1.045, -4.954e-4
-1.044, -5.006e-4
-1.043, -5.056e-4
-1.042, -5.108e-4
-1.041, -5.162e-4
-1.040, -5.212e-4
-1.039, -5.265e-4
-1.038, -5.321e-4
-1.037, -5.374e-4
-1.036, -5.425e-4
-1.035, -5.477e-4
-1.034, -5.529e-4
-1.033, -5.583e-4
-1.032, -5.633e-4
-1.031, -5.684e-4
-1.030, -5.736e-4
-1.029, -5.783e-4
-1.028, -5.840e-4
-1.027, -5.888e-4
-1.026, -5.935e-4
-1.025, -5.989e-4
-1.024, -6.037e-4
-1.023, -6.085e-4
-1.022, -6.131e-4
-1.021, -6.177e-4
-1.020, -6.225e-4
-1.019, -6.269e-4
-1.018, -6.313e-4
-1.017, -6.358e-4
-1.016, -6.400e-4
-1.015, -6.438e-4
-1.014, -6.478e-4
-1.013, -6.513e-4
-1.012, -6.548e-4
-1.011, -6.592e-4
-1.010, -6.628e-4
-1.009, -6.662e-4
-1.008, -6.688e-4
-1.007, -6.716e-4
-1.006, -6.742e-4
-1.005, -6.772e-4
-1.004, -6.799e-4
-1.003, -6.816e-4
-1.002, -6.834e-4
-1.001, -6.851e-4
-1.000, -6.577e-4
-1.001, -6.165e-4
-1.002, -5.854e-4
-1.003, -5.570e-4
-1.004, -5.303e-4
-1.005, -5.055e-4
-1.006, -4.817e-4
-1.007, -4.593e-4
-1.008, -4.381e-4
-1.009, -4.180e-4
-1.010, -3.987e-4
-1.011, -3.802e-4
-1.012, -3.624e-4
-1.013, -3.457e-4
-1.014, -3.296e-4
-1.015, -3.142e-4
-1.016, -2.996e-4
-1.017, -2.855e-4
-1.018, -2.719e-4
-1.019, -2.589e-4
-1.020, -2.465e-4
-1.021, -2.347e-4
-1.022, -2.233e-4
-1.023, -2.123e-4
-1.024, -2.019e-4
-1.025, -1.920e-4
-1.026, -1.827e-4
-1.027, -1.734e-4
-1.028, -1.644e-4
-1.029, -1.559e-4
-1.030, -1.476e-4
-1.031, -1.395e-4
-1.032, -1.319e-4
-1.033, -1.243e-4
-1.034, -1.172e-4
-1.035, -1.105e-4
-1.036, -1.038e-4
-1.037, -9.758e-5
-1.038, -9.146e-5
-1.039, -8.554e-5
-1.040, -7.999e-5
-1.041, -7.435e-5
-1.042, -6.898e-5
-1.043, -6.398e-5
-1.044, -5.887e-5
-1.045, -5.419e-5
-1.046, -4.952e-5
-1.047, -4.501e-5
-1.048, -4.065e-5
-1.049, -3.642e-5
-1.050, -3.233e-5
-1.051, -2.846e-5
-1.052, -2.454e-5
-1.053, -2.090e-5
-1.054, -1.722e-5
-1.055, -1.360e-5
-1.056, -1.037e-5
-1.057, -7.163e-6
-1.058, -3.940e-6
-1.059, -9.384e-7
-1.060, 2.184e-6
-1.061, 4.969e-6
-1.062, 7.976e-6
-1.063, 1.075e-5
-1.064, 1.332e-5
-1.065, 1.585e-5
-1.066, 1.838e-5
-1.067, 2.082e-5
-1.068, 2.326e-5
-1.069, 2.544e-5
-1.070, 2.772e-5
-1.071, 2.991e-5
-1.072, 3.189e-5
-1.073, 3.402e-5
-1.074, 3.599e-5
-1.075, 3.817e-5
-1.076, 4.001e-5
-1.077, 4.172e-5
-1.078, 4.358e-5
-1.079, 4.540e-5
-1.080, 4.711e-5
-1.081, 4.881e-5
-1.082, 5.045e-5
-1.083, 5.202e-5
-1.084, 5.369e-5
-1.085, 5.510e-5
-1.086, 5.661e-5
-1.087, 5.818e-5
-1.088, 5.958e-5
-1.089, 6.103e-5
-1.090, 6.250e-5
-1.091, 6.372e-5
-1.092, 6.520e-5
-1.093, 6.643e-5
-1.094, 6.767e-5
-1.095, 6.911e-5
-1.096, 7.008e-5
-1.097, 7.150e-5
-1.098, 7.264e-5
-1.099, 7.397e-5
-1.100, 7.518e-5
-1.101, 7.625e-5
-1.102, 7.738e-5
-1.103, 7.859e-5
-1.104, 7.967e-5
-1.105, 8.088e-5
-1.106, 8.205e-5
-1.107, 8.309e-5
-1.108, 8.432e-5
-1.109, 8.528e-5
-1.110, 8.635e-5
-1.111, 8.742e-5
-1.112, 8.827e-5
-1.113, 8.940e-5
-1.114, 9.053e-5
-1.115, 9.147e-5
-1.116, 9.248e-5
-1.117, 9.352e-5
-1.118, 9.451e-5
-1.119, 9.573e-5
-1.120, 9.672e-5
-1.121, 9.775e-5
-1.122, 9.864e-5
-1.123, 9.960e-5
-1.124, 1.007e-4
-1.125, 1.015e-4
-1.126, 1.024e-4
-1.127, 1.034e-4
-1.128, 1.043e-4
-1.129, 1.052e-4
-1.130, 1.063e-4
-1.131, 1.070e-4
-1.132, 1.081e-4
-1.133, 1.089e-4
-1.134, 1.100e-4
-1.135, 1.109e-4
-1.136, 1.118e-4
-1.137, 1.128e-4
-1.138, 1.137e-4
-1.139, 1.146e-4
-1.140, 1.156e-4
-1.141, 1.165e-4
-1.142, 1.176e-4
-1.143, 1.187e-4
-1.144, 1.195e-4
-1.145, 1.206e-4
-1.146, 1.216e-4
-1.147, 1.225e-4
-1.148, 1.236e-4
-1.149, 1.245e-4
-1.150, 1.257e-4
-1.151, 1.268e-4
-1.152, 1.279e-4
-1.153, 1.290e-4
-1.154, 1.299e-4
-1.155, 1.310e-4
-1.156, 1.320e-4
-1.157, 1.329e-4
-1.158, 1.340e-4
-1.159, 1.352e-4
-1.160, 1.362e-4
-1.161, 1.372e-4
-1.162, 1.385e-4
-1.163, 1.394e-4
-1.164, 1.405e-4
-1.165, 1.416e-4
-1.166, 1.426e-4
-1.167, 1.440e-4
-1.168, 1.450e-4
-1.169, 1.462e-4
-1.170, 1.475e-4
-1.171, 1.487e-4
-1.172, 1.500e-4
-1.173, 1.511e-4
-1.174, 1.525e-4
-1.175, 1.539e-4
-1.176, 1.551e-4
-1.177, 1.565e-4
-1.178, 1.580e-4
-1.179, 1.591e-4
-1.180, 1.605e-4
-1.181, 1.617e-4
-1.182, 1.631e-4
-1.183, 1.646e-4
-1.184, 1.659e-4
-1.185, 1.673e-4
-1.186, 1.687e-4
-1.187, 1.700e-4
-1.188, 1.717e-4
-1.189, 1.732e-4
-1.190, 1.747e-4
-1.191, 1.763e-4
-1.192, 1.779e-4
-1.193, 1.794e-4
-1.194, 1.811e-4
-1.195, 1.827e-4
-1.196, 1.844e-4
-1.197, 1.858e-4
-1.198, 1.875e-4
-1.199, 1.893e-4
-1.200, 1.909e-4
-1.201, 1.927e-4
-1.202, 1.944e-4
-1.203, 1.962e-4
-1.204, 1.982e-4
-1.205, 1.999e-4
-1.206, 2.018e-4
-1.207, 2.038e-4
-1.208, 2.055e-4
-1.209, 2.078e-4
-1.210, 2.098e-4
-1.211, 2.117e-4
-1.212, 2.138e-4
-1.213, 2.159e-4
-1.214, 2.181e-4
-1.215, 2.204e-4
-1.216, 2.225e-4
-1.217, 2.248e-4
-1.218, 2.272e-4
-1.219, 2.292e-4
-1.220, 2.317e-4
-1.221, 2.339e-4
-1.222, 2.365e-4
-1.223, 2.389e-4
-1.224, 2.414e-4
-1.225, 2.441e-4
-1.226, 2.466e-4
-1.227, 2.491e-4
-1.228, 2.519e-4
-1.229, 2.548e-4
-1.230, 2.572e-4
-1.231, 2.600e-4
-1.232, 2.627e-4
-1.233, 2.654e-4
-1.234, 2.683e-4
-1.235, 2.712e-4
-1.236, 2.741e-4
-1.237, 2.771e-4
-1.238, 2.799e-4
-1.239, 2.832e-4
-1.240, 2.862e-4
-1.241, 2.893e-4
-1.242, 2.927e-4
-1.243, 2.959e-4
-1.244, 2.992e-4
-1.245, 3.025e-4
-1.246, 3.060e-4
-1.247, 3.095e-4
-1.248, 3.129e-4
-1.249, 3.165e-4
-1.250, 3.198e-4
-1.251, 3.234e-4
-1.252, 3.271e-4
-1.253, 3.306e-4
-1.254, 3.344e-4
-1.255, 3.381e-4
-1.256, 3.418e-4
-1.257, 3.455e-4
-1.258, 3.495e-4
-1.259, 3.532e-4
-1.260, 3.572e-4
-1.261, 3.610e-4
-1.262, 3.648e-4
-1.263, 3.688e-4
-1.264, 3.725e-4
-1.265, 3.765e-4
-1.266, 3.803e-4
-1.267, 3.841e-4
-1.268, 3.880e-4
-1.269, 3.918e-4
-1.270, 3.956e-4
-1.271, 3.994e-4
-1.272, 4.032e-4
-1.273, 4.069e-4
-1.274, 4.106e-4
-1.275, 4.140e-4
-1.276, 4.175e-4
-1.277, 4.210e-4
-1.278, 4.243e-4
-1.279, 4.276e-4
-1.280, 4.308e-4
-1.281, 4.338e-4
-1.282, 4.367e-4
-1.283, 4.392e-4
-1.284, 4.422e-4
-1.285, 4.447e-4
-1.286, 4.470e-4
-1.287, 4.493e-4
-1.288, 4.514e-4
-1.289, 4.534e-4
-1.290, 4.552e-4
-1.291, 4.568e-4
-1.292, 4.583e-4
-1.293, 4.592e-4
-1.294, 4.602e-4
-1.295, 4.610e-4
-1.296, 4.615e-4
-1.297, 4.620e-4
-1.298, 4.622e-4
-1.299, 4.622e-4
-1.300, 4.623e-4
-1.301, 4.618e-4
-1.302, 4.610e-4
-1.303, 4.604e-4
-1.304, 4.591e-4
-1.305, 4.580e-4
-1.306, 4.567e-4
-1.307, 4.550e-4
-1.308, 4.535e-4
-1.309, 4.514e-4
-1.310, 4.496e-4
-1.311, 4.476e-4
-1.312, 4.455e-4
-1.313, 4.432e-4
-1.314, 4.407e-4
-1.315, 4.380e-4
-1.316, 4.354e-4
-1.317, 4.329e-4
-1.318, 4.302e-4
-1.319, 4.277e-4
-1.320, 4.249e-4
-1.321, 4.223e-4
-1.322, 4.197e-4
-1.323, 4.171e-4
-1.324, 4.145e-4
-1.325, 4.116e-4
-1.326, 4.090e-4
-1.327, 4.065e-4
-1.328, 4.041e-4
-1.329, 4.018e-4
-1.330, 3.996e-4
-1.331, 3.975e-4
-1.332, 3.952e-4
-1.333, 3.932e-4
-1.334, 3.913e-4
-1.335, 3.895e-4
-1.336, 3.875e-4
-1.337, 3.859e-4
-1.338, 3.843e-4
-1.339, 3.827e-4
-1.340, 3.812e-4
-1.341, 3.800e-4
-1.342, 3.788e-4
-1.343, 3.777e-4
-1.344, 3.764e-4
-1.345, 3.756e-4
-1.346, 3.749e-4
-1.347, 3.741e-4
-1.348, 3.736e-4
-1.349, 3.730e-4
-1.350, 3.729e-4
-1.351, 3.727e-4
-1.352, 3.724e-4
-1.353, 3.723e-4
-1.354, 3.723e-4
-1.355, 3.721e-4
-1.356, 3.724e-4
-1.357, 3.728e-4
-1.358, 3.730e-4
-1.359, 3.736e-4
-1.360, 3.739e-4
-1.361, 3.745e-4
-1.362, 3.754e-4
-1.363, 3.762e-4
-1.364, 3.773e-4
-1.365, 3.781e-4
-1.366, 3.791e-4
-1.367, 3.805e-4
-1.368, 3.815e-4
-1.369, 3.829e-4
-1.370, 3.843e-4
-1.371, 3.857e-4
-1.372, 3.875e-4
-1.373, 3.892e-4
-1.374, 3.909e-4
-1.375, 3.932e-4
-1.376, 3.949e-4
-1.377, 3.968e-4
-1.378, 3.991e-4
-1.379, 4.011e-4
-1.380, 4.035e-4
-1.381, 4.059e-4
-1.382, 4.086e-4
-1.383, 4.111e-4
-1.384, 4.137e-4
-1.385, 4.163e-4
-1.386, 4.191e-4
-1.387, 4.219e-4
-1.388, 4.250e-4
-1.389, 4.278e-4
-1.390, 4.308e-4
-1.391, 4.342e-4
-1.392, 4.373e-4
-1.393, 4.407e-4
-1.394, 4.441e-4
-1.395, 4.476e-4
-1.396, 4.512e-4
-1.397, 4.548e-4
-1.398, 4.586e-4
-1.399, 4.628e-4
-1.400, 4.432e-4
-1.399, 4.232e-4
-1.398, 4.118e-4
-1.397, 4.021e-4
-1.396, 3.930e-4
-1.395, 3.842e-4
-1.394, 3.758e-4
-1.393, 3.676e-4
-1.392, 3.600e-4
-1.391, 3.522e-4
-1.390, 3.448e-4
-1.389, 3.377e-4
-1.388, 3.306e-4
-1.387, 3.239e-4
-1.386, 3.174e-4
-1.385, 3.107e-4
-1.384, 3.045e-4
-1.383, 2.983e-4
-1.382, 2.921e-4
-1.381, 2.865e-4
-1.380, 2.809e-4
-1.379, 2.753e-4
-1.378, 2.699e-4
-1.377, 2.643e-4
-1.376, 2.593e-4
-1.375, 2.541e-4
-1.374, 2.491e-4
-1.373, 2.442e-4
-1.372, 2.393e-4
-1.371, 2.346e-4
-1.370, 2.300e-4
-1.369, 2.255e-4
-1.368, 2.211e-4
-1.367, 2.168e-4
-1.366, 2.126e-4
-1.365, 2.084e-4
-1.364, 2.043e-4
-1.363, 2.004e-4
-1.362, 1.964e-4
-1.361, 1.923e-4
-1.360, 1.886e-4
-1.359, 1.850e-4
-1.358, 1.811e-4
-1.357, 1.776e-4
-1.356, 1.741e-4
-1.355, 1.706e-4
-1.354, 1.673e-4
-1.353, 1.638e-4
-1.352, 1.607e-4
-1.351, 1.573e-4
-1.350, 1.541e-4
-1.349, 1.509e-4
-1.348, 1.478e-4
-1.347, 1.448e-4
-1.346, 1.418e-4
-1.345, 1.387e-4
-1.344, 1.361e-4
-1.343, 1.334e-4
-1.342, 1.304e-4
-1.341, 1.278e-4
-1.340, 1.250e-4
-1.339, 1.225e-4
-1.338, 1.199e-4
-1.337, 1.172e-4
-1.336, 1.148e-4
-1.335, 1.123e-4
-1.334, 1.098e-4
-1.333, 1.074e-4
-1.332, 1.051e-4
-1.331, 1.027e-4
-1.330, 1.005e-4
-1.329, 9.818e-5
-1.328, 9.609e-5
-1.327, 9.388e-5
-1.326, 9.168e-5
-1.325, 8.959e-5
-1.324, 8.754e-5
-1.323, 8.531e-5
-1.322, 8.340e-5
-1.321, 8.129e-5
-1.320, 7.939e-5
-1.319, 7.742e-5
-1.318, 7.536e-5
-1.317, 7.359e-5
-1.316, 7.165e-5
-1.315, 6.982e-5
-1.314, 6.806e-5
-1.313, 6.615e-5
-1.312, 6.446e-5
-1.311, 6.269e-5
-1.310, 6.093e-5
-1.309, 5.926e-5
-1.308, 5.753e-5
-1.307, 5.583e-5
-1.306, 5.426e-5
-1.305, 5.257e-5
-1.304, 5.102e-5
-1.303, 4.950e-5
-1.302, 4.789e-5
-1.301, 4.644e-5
-1.300, 4.488e-5
-1.299, 4.337e-5
-1.298, 4.192e-5
-1.297, 4.036e-5
-1.296, 3.911e-5
-1.295, 3.761e-5
-1.294, 3.608e-5
-1.293, 3.481e-5
-1.292, 3.337e-5
-1.291, 3.204e-5
-1.290, 3.080e-5
-1.289, 2.934e-5
-1.288, 2.814e-5
-1.287, 2.676e-5
-1.286, 2.531e-5
-1.285, 2.415e-5
-1.284, 2.287e-5
-1.283, 2.159e-5
-1.282, 2.041e-5
-1.281, 1.909e-5
-1.280, 1.775e-5
-1.279, 1.666e-5
-1.278, 1.542e-5
-1.277, 1.443e-5
-1.276, 1.318e-5
-1.275, 1.204e-5
-1.274, 1.099e-5
-1.273, 9.805e-6
-1.272, 8.824e-6
-1.271, 7.802e-6
-1.270, 6.506e-6
-1.269, 5.513e-6
-1.268, 4.403e-6
-1.267, 3.224e-6
-1.266, 2.259e-6
-1.265, 1.133e-6
-1.264, 1.350e-7
-1.263, -9.651e-7
-1.262, -2.038e-6
-1.261, -2.995e-6
-1.260, -3.963e-6
-1.259, -5.084e-6
-1.258, -5.988e-6
-1.257, -7.100e-6
-1.256, -7.978e-6
-1.255, -8.930e-6
-1.254, -9.975e-6
-1.253, -1.082e-5
-1.252, -1.182e-5
-1.251, -1.286e-5
-1.250, -1.366e-5
-1.249, -1.468e-5
-1.248, -1.558e-5
-1.247, -1.650e-5
-1.246, -1.765e-5
-1.245, -1.837e-5
-1.244, -1.944e-5
-1.243, -2.039e-5
-1.242, -2.122e-5
-1.241, -2.224e-5
-1.240, -2.302e-5
-1.239, -2.404e-5
-1.238, -2.501e-5
-1.237, -2.581e-5
-1.236, -2.678e-5
-1.235, -2.772e-5
-1.234, -2.858e-5
-1.233, -2.960e-5
-1.232, -3.037e-5
-1.231, -3.134e-5
-1.230, -3.233e-5
-1.229, -3.350e-5
-1.228, -3.423e-5
-1.227, -3.507e-5
-1.226, -3.600e-5
-1.225, -3.697e-5
-1.224, -3.772e-5
-1.223, -3.871e-5
-1.222, -3.982e-5
-1.221, -4.061e-5
-1.220, -4.161e-5
-1.219, -4.255e-5
-1.218, -4.352e-5
-1.217, -4.455e-5
-1.216, -4.538e-5
-1.215, -4.640e-5
-1.214, -4.746e-5
-1.213, -4.830e-5
-1.212, -4.934e-5
-1.211, -5.036e-5
-1.210, -5.136e-5
-1.209, -5.246e-5
-1.208, -5.341e-5
-1.207, -5.432e-5
-1.206, -5.549e-5
-1.205, -5.645e-5
-1.204, -5.757e-5
-1.203, -5.859e-5
-1.202, -5.961e-5
-1.201, -6.075e-5
-1.200, -6.171e-5
-1.199, -6.281e-5
-1.198, -6.393e-5
-1.197, -6.500e-5
-1.196, -6.612e-5
-1.195, -6.733e-5
-1.194, -6.830e-5
-1.193, -6.960e-5
-1.192, -7.054e-5
-1.191, -7.175e-5
-1.190, -7.299e-5
-1.189, -7.403e-5
-1.188, -7.520e-5
-1.187, -7.641e-5
-1.186, -7.755e-5
-1.185, -7.894e-5
-1.184, -8.004e-5
-1.183, -8.130e-5
-1.182, -8.259e-5
-1.181, -8.371e-5
-1.180, -8.504e-5
-1.179, -8.629e-5
-1.178, -8.769e-5
-1.177, -8.910e-5
-1.176, -9.025e-5
-1.175, -9.154e-5
-1.174, -9.293e-5
-1.173, -9.422e-5
-1.172, -9.552e-5
-1.171, -9.695e-5
-1.170, -9.833e-5
-1.169, -9.979e-5
-1.168, -1.012e-4
-1.167, -1.027e-4
-1.166, -1.042e-4
-1.165, -1.055e-4
-1.164, -1.071e-4
-1.163, -1.086e-4
-1.162, -1.099e-4
-1.161, -1.117e-4
-1.160, -1.131e-4
-1.159, -1.148e-4
-1.158, -1.165e-4
-1.157, -1.180e-4
-1.156, -1.196e-4
-1.155, -1.212e-4
-1.154, -1.228e-4
-1.153, -1.246e-4
-1.152, -1.261e-4
-1.151, -1.279e-4
-1.150, -1.298e-4
-1.149, -1.314e-4
-1.148, -1.333e-4
-1.147, -1.351e-4
-1.146, -1.368e-4
-1.145, -1.388e-4
-1.144, -1.406e-4
-1.143, -1.424e-4
-1.142, -1.444e-4
-1.141, -1.461e-4
-1.140, -1.483e-4
-1.139, -1.502e-4
-1.138, -1.523e-4
-1.137, -1.544e-4
-1.136, -1.563e-4
-1.135, -1.584e-4
-1.134, -1.605e-4
-1.133, -1.626e-4
-1.132, -1.647e-4
-1.131, -1.669e-4
-1.130, -1.690e-4
-1.129, -1.713e-4
-1.128, -1.735e-4
-1.127, -1.758e-4
-1.126, -1.781e-4
-1.125, -1.803e-4
-1.124, -1.827e-4
-1.123, -1.851e-4
-1.122, -1.874e-4
-1.121, -1.899e-4
-1.120, -1.922e-4
-1.119, -1.946e-4
-1.118, -1.972e-4
-1.117, -1.996e-4
-1.116, -2.022e-4
-1.115, -2.048e-4
-1.114, -2.073e-4
-1.113, -2.101e-4
-1.112, -2.126e-4
-1.111, -2.152e-4
-1.110, -2.180e-4
-1.109, -2.207e-4
-1.108, -2.236e-4
-1.107, -2.263e-4
-1.106, -2.291e-4
-1.105, -2.320e-4
-1.104, -2.348e-4
-1.103, -2.378e-4
-1.102, -2.407e-4
-1.101, -2.437e-4
-1.100, -2.467e-4
-1.099, -2.497e-4
-1.098, -2.527e-4
-1.097, -2.558e-4
-1.096, -2.588e-4
-1.095, -2.620e-4
-1.094, -2.651e-4
-1.093, -2.683e-4
-1.092, -2.715e-4
-1.091, -2.748e-4
-1.090, -2.780e-4
-1.089, -2.814e-4
-1.088, -2.847e-4
-1.087, -2.880e-4
-1.086, -2.914e-4
-1.085, -2.946e-4
-1.084, -2.981e-4
-1.083, -3.016e-4
-1.082, -3.052e-4
-1.081, -3.088e-4
-1.080, -3.122e-4
-1.079, -3.157e-4
-1.078, -3.194e-4
-1.077, -3.231e-4
-1.076, -3.268e-4
-1.075, -3.308e-4
-1.074, -3.344e-4
-1.073, -3.383e-4
-1.072, -3.418e-4
-1.071, -3.458e-4
-1.070, -3.496e-4
-1.069, -3.532e-4
-1.068, -3.573e-4
-1.067, -3.612e-4
-1.066, -3.651e-4
-1.065, -3.690e-4
-1.064, -3.729e-4
-1.063, -3.768e-4
-1.062, -3.810e-4
-1.061, -3.850e-4
-1.060, -3.892e-4
-1.059, -3.933e-4
-1.058, -3.972e-4
-1.057, -4.016e-4
-1.056, -4.056e-4
-1.055, -4.100e-4
-1.054, -4.142e-4
-1.053, -4.184e-4
-1.052, -4.228e-4
-1.051, -4.272e-4
-1.050, -4.316e-4
-1.049, -4.359e-4
-1.048, -4.402e-4
-1.047, -4.445e-4
-1.046, -4.488e-4
-1.045, -4.532e-4
-1.044, -4.577e-4
-1.043, -4.622e-4
-1.042, -4.665e-4
-1.041, -4.711e-4
-1.040, -4.754e-4
-1.039, -4.798e-4
-1.038, -4.845e-4
-1.037, -4.888e-4
-1.036, -4.934e-4
-1.035, -4.978e-4
-1.034, -5.023e-4
-1.033, -5.068e-4
-1.032, -5.110e-4
-1.031, -5.154e-4
-1.030, -5.198e-4
-1.029, -5.242e-4
-1.028, -5.286e-4
-1.027, -5.329e-4
-1.026, -5.373e-4
-1.025, -5.416e-4
-1.024, -5.461e-4
-1.023, -5.501e-4
-1.022, -5.543e-4
-1.021, -5.584e-4
-1.020, -5.624e-4
-1.019, -5.666e-4
-1.018, -5.706e-4
-1.017, -5.747e-4
-1.016, -5.785e-4
-1.015, -5.823e-4
-1.014, -5.860e-4
-1.013, -5.895e-4
-1.012, -5.931e-4
-1.011, -5.966e-4
-1.010, -6.001e-4
-1.009, -6.033e-4
-1.008, -6.063e-4
-1.007, -6.098e-4
-1.006, -6.129e-4
-1.005, -6.156e-4
-1.004, -6.183e-4
-1.003, -6.210e-4
-1.002, -6.234e-4
-1.001, -6.258e-4
-1.000, -6.013e-4
-1.001, -5.644e-4
-1.002, -5.371e-4
-1.003, -5.128e-4
-1.004, -4.902e-4
-1.005, -4.691e-4
-1.006, -4.489e-4
-1.007, -4.295e-4
-1.008, -4.111e-4
-1.009, -3.934e-4
-1.010, -3.764e-4
-1.011, -3.604e-4
-1.012, -3.451e-4
-1.013, -3.305e-4
-1.014, -3.164e-4
-1.015, -3.028e-4
-1.016, -2.897e-4
-1.017, -2.775e-4
-1.018, -2.655e-4
-1.019, -2.541e-4
-1.020, -2.429e-4
-1.021, -2.325e-4
-1.022, -2.222e-4
-1.023, -2.122e-4
-1.024, -2.028e-4
-1.025, -1.937e-4
-1.026, -1.850e-4
-1.027, -1.767e-4
-1.028, -1.685e-4
-1.029, -1.606e-4
-1.030, -1.529e-4
-1.031, -1.453e-4
-1.032, -1.383e-4
-1.033, -1.314e-4
-1.034, -1.247e-4
-1.035, -1.184e-4
-1.036, -1.119e-4
-1.037, -1.060e-4
-1.038, -1.001e-4
-1.039, -9.452e-5
-1.040, -8.916e-5
-1.041, -8.356e-5
-1.042, -7.848e-5
-1.043, -7.365e-5
-1.044, -6.881e-5
-1.045, -6.425e-5
-1.046, -5.965e-5
-1.047, -5.514e-5
-1.048, -5.095e-5
-1.049, -4.681e-5
-1.050, -4.284e-5
-1.051, -3.904e-5
-1.052, -3.523e-5
-1.053, -3.163e-5
-1.054, -2.809e-5
-1.055, -2.448e-5
-1.056, -2.129e-5
-1.057, -1.804e-5
-1.058, -1.486e-5
-1.059, -1.188e-5
-1.060, -8.847e-6
-1.061, -6.039e-6
-1.062, -3.114e-6
-1.063, -3.268e-7
-1.064, 2.287e-6
-1.065, 4.929e-6
-1.066, 7.474e-6
-1.067, 9.971e-6
-1.068, 1.246e-5
-1.069, 1.473e-5
-1.070, 1.702e-5
-1.071, 1.927e-5
-1.072, 2.134e-5
-1.073, 2.349e-5
-1.074, 2.552e-5
-1.075, 2.767e-5
-1.076, 2.968e-5
-1.077, 3.138e-5
-1.078, 3.327e-5
-1.079, 3.514e-5
-1.080, 3.679e-5
-1.081, 3.865e-5
-1.082, 4.024e-5
-1.083, 4.188e-5
-1.084, 4.355e-5
-1.085, 4.501e-5
-1.086, 4.664e-5
-1.087, 4.828e-5
-1.088, 4.965e-5
-1.089, 5.115e-5
-1.090, 5.262e-5
-1.091, 5.400e-5
-1.092, 5.548e-5
-1.093, 5.680e-5
-1.094, 5.822e-5
-1.095, 5.949e-5
-1.096, 6.075e-5
-1.097, 6.200e-5
-1.098, 6.333e-5
-1.099, 6.452e-5
-1.100, 6.580e-5
-1.101, 6.689e-5
-1.102, 6.803e-5
-1.103, 6.933e-5
-1.104, 7.043e-5
-1.105, 7.170e-5
-1.106, 7.282e-5
-1.107, 7.389e-5
-1.108, 7.518e-5
-1.109, 7.614e-5
-1.110, 7.721e-5
-1.111, 7.850e-5
-1.112, 7.938e-5
-1.113, 8.053e-5
-1.114, 8.166e-5
-1.115, 8.260e-5
-1.116, 8.372e-5
-1.117, 8.460e-5
-1.118, 8.567e-5
-1.119, 8.676e-5
-1.120, 8.774e-5
-1.121, 8.882e-5
-1.122, 8.991e-5
-1.123, 9.081e-5
-1.124, 9.190e-5
-1.125, 9.287e-5
-1.126, 9.395e-5
-1.127, 9.510e-5
-1.128, 9.596e-5
-1.129, 9.700e-5
-1.130, 9.803e-5
-1.131, 9.900e-5
-1.132, 1.001e-4
-1.133, 1.010e-4
-1.134, 1.021e-4
-1.135, 1.032e-4
-1.136, 1.041e-4
-1.137, 1.051e-4
-1.138, 1.062e-4
-1.139, 1.072e-4
-1.140, 1.083e-4
-1.141, 1.093e-4
-1.142, 1.104e-4
-1.143, 1.115e-4
-1.144, 1.125e-4
-1.145, 1.135e-4
-1.146, 1.147e-4
-1.147, 1.157e-4
-1.148, 1.167e-4
-1.149, 1.176e-4
-1.150, 1.188e-4
-1.151, 1.199e-4
-1.152, 1.211e-4
-1.153, 1.222e-4
-1.154, 1.233e-4
-1.155, 1.244e-4
-1.156, 1.255e-4
-1.157, 1.266e-4
-1.158, 1.278e-4
-1.159, 1.291e-4
-1.160, 1.300e-4
-1.161, 1.314e-4
-1.162, 1.326e-4
-1.163, 1.337e-4
-1.164, 1.350e-4
-1.165, 1.361e-4
-1.166, 1.375e-4
-1.167, 1.388e-4
-1.168, 1.401e-4
-1.169, 1.413e-4
-1.170, 1.427e-4
-1.171, 1.438e-4
-1.172, 1.452e-4
-1.173, 1.466e-4
-1.174, 1.479e-4
-1.175, 1.493e-4
-1.176, 1.507e-4
-1.177, 1.524e-4
-1.178, 1.538e-4
-1.179, 1.550e-4
-1.180, 1.565e-4
-1.181, 1.577e-4
-1.182, 1.593e-4
-1.183, 1.608e-4
-1.184, 1.623e-4
-1.185, 1.637e-4
-1.186, 1.652e-4
-1.187, 1.669e-4
-1.188, 1.686e-4
-1.189, 1.702e-4
-1.190, 1.718e-4
-1.191, 1.735e-4
-1.192, 1.750e-4
-1.193, 1.768e-4
-1.194, 1.786e-4
-1.195, 1.803e-4
-1.196, 1.821e-4
-1.197, 1.838e-4
-1.198, 1.856e-4
-1.199, 1.875e-4
-1.200, 1.893e-4
-1.201, 1.912e-4
-1.202, 1.931e-4
-1.203, 1.951e-4
-1.204, 1.972e-4
-1.205, 1.990e-4
-1.206, 2.011e-4
-1.207, 2.032e-4
-1.208, 2.052e-4
-1.209, 2.074e-4
-1.210, 2.095e-4
-1.211, 2.115e-4
-1.212, 2.138e-4
-1.213, 2.158e-4
-1.214, 2.181e-4
-1.215, 2.205e-4
-1.216, 2.229e-4
-1.217, 2.251e-4
-1.218, 2.278e-4
-1.219, 2.300e-4
-1.220, 2.326e-4
-1.221, 2.351e-4
-1.222, 2.377e-4
-1.223, 2.404e-4
-1.224, 2.430e-4
-1.225, 2.455e-4
-1.226, 2.483e-4
-1.227, 2.509e-4
-1.228, 2.540e-4
-1.229, 2.571e-4
-1.230, 2.596e-4
-1.231, 2.624e-4
-1.232, 2.653e-4
-1.233, 2.684e-4
-1.234, 2.713e-4
-1.235, 2.740e-4
-1.236, 2.772e-4
-1.237, 2.802e-4
-1.238, 2.832e-4
-1.239, 2.866e-4
-1.240, 2.896e-4
-1.241, 2.931e-4
-1.242, 2.963e-4
-1.243, 2.994e-4
-1.244, 3.029e-4
-1.245, 3.062e-4
-1.246, 3.097e-4
-1.247, 3.134e-4
-1.248, 3.170e-4
-1.249, 3.205e-4
-1.250, 3.241e-4
-1.251, 3.276e-4
-1.252, 3.312e-4
-1.253, 3.349e-4
-1.254, 3.387e-4
-1.255, 3.424e-4
-1.256, 3.461e-4
-1.257, 3.500e-4
-1.258, 3.537e-4
-1.259, 3.575e-4
-1.260, 3.612e-4
-1.261, 3.650e-4
-1.262, 3.690e-4
-1.263, 3.727e-4
-1.264, 3.766e-4
-1.265, 3.805e-4
-1.266, 3.843e-4
-1.267, 3.882e-4
-1.268, 3.921e-4
-1.269, 3.957e-4
-1.270, 3.994e-4
-1.271, 4.033e-4
-1.272, 4.068e-4
-1.273, 4.104e-4
-1.274, 4.142e-4
-1.275, 4.174e-4
-1.276, 4.211e-4
-1.277, 4.240e-4
-1.278, 4.273e-4
-1.279, 4.303e-4
-1.280, 4.334e-4
-1.281, 4.363e-4
-1.282, 4.390e-4
-1.283, 4.417e-4
-1.284, 4.444e-4
-1.285, 4.465e-4
-1.286, 4.488e-4
-1.287, 4.510e-4
-1.288, 4.527e-4
-1.289, 4.543e-4
-1.290, 4.558e-4
-1.291, 4.569e-4
-1.292, 4.581e-4
-1.293, 4.589e-4
-1.294, 4.596e-4
-1.295, 4.601e-4
-1.296, 4.601e-4
-1.297, 4.601e-4
-1.298, 4.597e-4
-1.299, 4.593e-4
-1.300, 4.586e-4
-1.301, 4.573e-4
-1.302, 4.563e-4
-1.303, 4.548e-4
-1.304, 4.531e-4
-1.305, 4.513e-4
-1.306, 4.493e-4
-1.307, 4.469e-4
-1.308, 4.445e-4
-1.309, 4.418e-4
-1.310, 4.388e-4
-1.311, 4.357e-4
-1.312, 4.325e-4
-1.313, 4.291e-4
-1.314, 4.257e-4
-1.315, 4.221e-4
-1.316, 4.186e-4
-1.317, 4.146e-4
-1.318, 4.110e-4
-1.319, 4.072e-4
-1.320, 4.032e-4
-1.321, 3.992e-4
-1.322, 3.952e-4
-1.323, 3.912e-4
-1.324, 3.873e-4
-1.325, 3.834e-4
-1.326, 3.795e-4
-1.327, 3.758e-4
-1.328, 3.719e-4
-1.329, 3.683e-4
-1.330, 3.646e-4
-1.331, 3.611e-4
-1.332, 3.576e-4
-1.333, 3.541e-4
-1.334, 3.509e-4
-1.335, 3.478e-4
-1.336, 3.446e-4
-1.337, 3.416e-4
-1.338, 3.388e-4
-1.339, 3.360e-4
-1.340, 3.334e-4
-1.341, 3.309e-4
-1.342, 3.286e-4
-1.343, 3.264e-4
-1.344, 3.242e-4
-1.345, 3.223e-4
-1.346, 3.204e-4
-1.347, 3.186e-4
-1.348, 3.169e-4
-1.349, 3.153e-4
-1.350, 3.139e-4
-1.351, 3.128e-4
-1.352, 3.115e-4
-1.353, 3.107e-4
-1.354, 3.098e-4
-1.355, 3.089e-4
-1.356, 3.085e-4
-1.357, 3.079e-4
-1.358, 3.075e-4
-1.359, 3.075e-4
-1.360, 3.073e-4
-1.361, 3.071e-4
-1.362, 3.071e-4
-1.363, 3.073e-4
-1.364, 3.077e-4
-1.365, 3.080e-4
-1.366, 3.085e-4
-1.367, 3.092e-4
-1.368, 3.098e-4
-1.369, 3.107e-4
-1.370, 3.117e-4
-1.371, 3.126e-4
-1.372, 3.139e-4
-1.373, 3.150e-4
-1.374, 3.164e-4
-1.375, 3.180e-4
-1.376, 3.194e-4
-1.377, 3.212e-4
-1.378, 3.229e-4
-1.379, 3.249e-4
-1.380, 3.270e-4
-1.381, 3.290e-4
-1.382, 3.313e-4
-1.383, 3.336e-4
-1.384, 3.359e-4
-1.385, 3.384e-4
-1.386, 3.412e-4
-1.387, 3.436e-4
-1.388, 3.465e-4
-1.389, 3.493e-4
-1.390, 3.522e-4
-1.391, 3.555e-4
-1.392, 3.586e-4
-1.393, 3.618e-4
-1.394, 3.652e-4
-1.395, 3.687e-4
-1.396, 3.723e-4
-1.397, 3.760e-4
-1.398, 3.800e-4
-1.399, 3.838e-4
-1.400, 3.656e-4
-1.399, 3.466e-4
-1.398, 3.368e-4
-1.397, 3.285e-4
-1.396, 3.204e-4
-1.395, 3.128e-4
-1.394, 3.056e-4
-1.393, 2.985e-4
-1.392, 2.918e-4
-1.391, 2.852e-4
-1.390, 2.789e-4
-1.389, 2.729e-4
-1.388, 2.669e-4
-1.387, 2.611e-4
-1.386, 2.555e-4
-1.385, 2.498e-4
-1.384, 2.445e-4
-1.383, 2.392e-4
-1.382, 2.338e-4
-1.381, 2.290e-4
-1.380, 2.240e-4
-1.379, 2.191e-4
-1.378, 2.146e-4
-1.377, 2.098e-4
-1.376, 2.055e-4
-1.375, 2.011e-4
-1.374, 1.967e-4
-1.373, 1.926e-4
-1.372, 1.884e-4
-1.371, 1.844e-4
-1.370, 1.805e-4
-1.369, 1.765e-4
-1.368, 1.729e-4
-1.367, 1.693e-4
-1.366, 1.656e-4
-1.365, 1.620e-4
-1.364, 1.586e-4
-1.363, 1.551e-4
-1.362, 1.518e-4
-1.361, 1.484e-4
-1.360, 1.453e-4
-1.359, 1.422e-4
-1.358, 1.391e-4
-1.357, 1.361e-4
-1.356, 1.331e-4
-1.355, 1.301e-4
-1.354, 1.274e-4
-1.353, 1.245e-4
-1.352, 1.218e-4
-1.351, 1.191e-4
-1.350, 1.164e-4
-1.349, 1.139e-4
-1.348, 1.113e-4
-1.347, 1.087e-4
-1.346, 1.063e-4
-1.345, 1.038e-4
-1.344, 1.016e-4
-1.343, 9.914e-5
-1.342, 9.666e-5
-1.341, 9.456e-5
-1.340, 9.229e-5
-1.339, 9.006e-5
-1.338, 8.799e-5
-1.337, 8.572e-5
-1.336, 8.373e-5
-1.335, 8.164e-5
-1.334, 7.950e-5
-1.333, 7.765e-5
-1.332, 7.566e-5
-1.331, 7.368e-5
-1.330, 7.190e-5
-1.329, 6.993e-5
-1.328, 6.827e-5
-1.327, 6.641e-5
-1.326, 6.462e-5
-1.325, 6.297e-5
-1.324, 6.120e-5
-1.323, 5.949e-5
-1.322, 5.790e-5
-1.321, 5.622e-5
-1.320, 5.473e-5
-1.319, 5.313e-5
-1.318, 5.148e-5
-1.317, 5.008e-5
-1.316, 4.854e-5
-1.315, 4.713e-5
-1.314, 4.568e-5
-1.313, 4.406e-5
-1.312, 4.287e-5
-1.311, 4.151e-5
-1.310, 3.996e-5
-1.309, 3.880e-5
-1.308, 3.736e-5
-1.307, 3.601e-5
-1.306, 3.472e-5
-1.305, 3.338e-5
-1.304, 3.221e-5
-1.303, 3.093e-5
-1.302, 2.960e-5
-1.301, 2.853e-5
-1.300, 2.728e-5
-1.299, 2.601e-5
-1.298, 2.490e-5
-1.297, 2.363e-5
-1.296, 2.263e-5
-1.295, 2.149e-5
-1.294, 2.021e-5
-1.293, 1.925e-5
-1.292, 1.804e-5
-1.291, 1.698e-5
-1.290, 1.597e-5
-1.289, 1.480e-5
-1.288, 1.374e-5
-1.287, 1.270e-5
-1.286, 1.161e-5
-1.285, 1.066e-5
-1.284, 9.619e-6
-1.283, 8.665e-6
-1.282, 7.759e-6
-1.281, 6.702e-6
-1.280, 5.540e-6
-1.279, 4.696e-6
-1.278, 3.819e-6
-1.277, 2.868e-6
-1.276, 1.985e-6
-1.275, 1.005e-6
-1.274, 1.784e-7
-1.273, -8.418e-7
-1.272, -1.614e-6
-1.271, -2.506e-6
-1.270, -3.533e-6
-1.269, -4.213e-6
-1.268, -5.167e-6
-1.267, -6.036e-6
-1.266, -6.844e-6
-1.265, -7.764e-6
-1.264, -8.467e-6
-1.263, -9.356e-6
-1.262, -1.024e-5
-1.261, -1.097e-5
-1.260, -1.179e-5
-1.259, -1.266e-5
-1.258, -1.341e-5
-1.257, -1.432e-5
-1.256, -1.497e-5
-1.255, -1.583e-5
-1.254, -1.668e-5
-1.253, -1.740e-5
-1.252, -1.830e-5
-1.251, -1.903e-5
-1.250, -1.977e-5
-1.249, -2.070e-5
-1.248, -2.128e-5
-1.247, -2.213e-5
-1.246, -2.300e-5
-1.245, -2.359e-5
-1.244, -2.450e-5
-1.243, -2.518e-5
-1.242, -2.613e-5
-1.241, -2.685e-5
-1.240, -2.745e-5
-1.239, -2.829e-5
-1.238, -2.912e-5
-1.237, -2.977e-5
-1.236, -3.061e-5
-1.235, -3.137e-5
-1.234, -3.210e-5
-1.233, -3.293e-5
-1.232, -3.366e-5
-1.231, -3.442e-5
-1.230, -3.524e-5
-1.229, -3.639e-5
-1.228, -3.692e-5
-1.227, -3.778e-5
-1.226, -3.837e-5
-1.225, -3.919e-5
-1.224, -3.988e-5
-1.223, -4.066e-5
-1.222, -4.158e-5
-1.221, -4.232e-5
-1.220, -4.314e-5
-1.219, -4.401e-5
-1.218, -4.481e-5
-1.217, -4.579e-5
-1.216, -4.656e-5
-1.215, -4.743e-5
-1.214, -4.837e-5
-1.213, -4.912e-5
-1.212, -5.010e-5
-1.211, -5.100e-5
-1.210, -5.171e-5
-1.209, -5.271e-5
-1.208, -5.346e-5
-1.207, -5.436e-5
-1.206, -5.532e-5
-1.205, -5.612e-5
-1.204, -5.714e-5
-1.203, -5.821e-5
-1.202, -5.911e-5
-1.201, -6.012e-5
-1.200, -6.096e-5
-1.199, -6.197e-5
-1.198, -6.297e-5
-1.197, -6.383e-5
-1.196, -6.482e-5
-1.195, -6.577e-5
-1.194, -6.670e-5
-1.193, -6.788e-5
-1.192, -6.879e-5
-1.191, -6.982e-5
-1.190, -7.105e-5
-1.189, -7.202e-5
-1.188, -7.315e-5
-1.187, -7.430e-5
-1.186, -7.531e-5
-1.185, -7.647e-5
-1.184, -7.756e-5
-1.183, -7.866e-5
-1.182, -7.996e-5
-1.181, -8.092e-5
-1.180, -8.223e-5
-1.179, -8.338e-5
-1.178, -8.466e-5
-1.177, -8.592e-5
-1.176, -8.700e-5
-1.175, -8.826e-5
-1.174, -8.952e-5
-1.173, -9.070e-5
-1.172, -9.203e-5
-1.171, -9.330e-5
-1.170, -9.453e-5
-1.169, -9.596e-5
-1.168, -9.706e-5
-1.167, -9.845e-5
-1.166, -9.988e-5
-1.165, -1.011e-4
-1.164, -1.026e-4
-1.163, -1.039e-4
-1.162, -1.053e-4
-1.161, -1.068e-4
-1.160, -1.081e-4
-1.159, -1.096e-4
-1.158, -1.111e-4
-1.157, -1.125e-4
-1.156, -1.142e-4
-1.155, -1.158e-4
-1.154, -1.174e-4
-1.153, -1.191e-4
-1.152, -1.206e-4
-1.151, -1.223e-4
-1.150, -1.240e-4
-1.149, -1.255e-4
-1.148, -1.273e-4
-1.147, -1.289e-4
-1.146, -1.306e-4
-1.145, -1.324e-4
-1.144, -1.341e-4
-1.143, -1.359e-4
-1.142, -1.378e-4
-1.141, -1.394e-4
-1.140, -1.413e-4
-1.139, -1.432e-4
-1.138, -1.450e-4
-1.137, -1.470e-4
-1.136, -1.487e-4
-1.135, -1.506e-4
-1.134, -1.527e-4
-1.133, -1.547e-4
-1.132, -1.568e-4
-1.131, -1.588e-4
-1.130, -1.607e-4
-1.129, -1.630e-4
-1.128, -1.650e-4
-1.127, -1.672e-4
-1.126, -1.695e-4
-1.125, -1.715e-4
-1.124, -1.737e-4
-1.123, -1.760e-4
-1.122, -1.782e-4
-1.121, -1.806e-4
-1.120, -1.828e-4
-1.119, -1.851e-4
-1.118, -1.875e-4
-1.117, -1.897e-4
-1.116, -1.921e-4
-1.115, -1.945e-4
-1.114, -1.969e-4
-1.113, -1.995e-4
-1.112, -2.018e-4
-1.111, -2.044e-4
-1.110, -2.070e-4
-1.109, -2.094e-4
-1.108, -2.122e-4
-1.107, -2.146e-4
-1.106, -2.173e-4
-1.105, -2.200e-4
-1.104, -2.225e-4
-1.103, -2.253e-4
-1.102, -2.281e-4
-1.101, -2.310e-4
-1.100, -2.338e-4
-1.099, -2.366e-4
-1.098, -2.394e-4
-1.097, -2.424e-4
-1.096, -2.451e-4
-1.095, -2.481e-4
-1.094, -2.510e-4
-1.093, -2.539e-4
-1.092, -2.569e-4
-1.091, -2.599e-4
-1.090, -2.629e-4
-1.089, -2.661e-4
-1.088, -2.690e-4
-1.087, -2.722e-4
-1.086, -2.753e-4
-1.085, -2.783e-4
-1.084, -2.816e-4
-1.083, -2.848e-4
-1.082, -2.879e-4
-1.081, -2.913e-4
-1.080, -2.944e-4
-1.079, -2.977e-4
-1.078, -3.011e-4
-1.077, -3.044e-4
-1.076, -3.079e-4
-1.075, -3.115e-4
-1.074, -3.148e-4
-1.073, -3.184e-4
-1.072, -3.217e-4
-1.071, -3.253e-4
-1.070, -3.289e-4
-1.069, -3.323e-4
-1.068, -3.361e-4
-1.067, -3.397e-4
-1.066, -3.433e-4
-1.065, -3.471e-4
-1.064, -3.506e-4
-1.063, -3.543e-4
-1.062, -3.582e-4
-1.061, -3.618e-4
-1.060, -3.656e-4
-1.059, -3.694e-4
-1.058, -3.731e-4
-1.057, -3.770e-4
-1.056, -3.808e-4
-1.055, -3.847e-4
-1.054, -3.887e-4
-1.053, -3.925e-4
-1.052, -3.965e-4
-1.051, -4.005e-4
-1.050, -4.044e-4
-1.049, -4.085e-4
-1.048, -4.125e-4
-1.047, -4.165e-4
-1.046, -4.207e-4
-1.045, -4.247e-4
-1.044, -4.287e-4
-1.043, -4.328e-4
-1.042, -4.368e-4
-1.041, -4.410e-4
-1.040, -4.451e-4
-1.039, -4.491e-4
-1.038, -4.534e-4
-1.037, -4.574e-4
-1.036, -4.616e-4
-1.035, -4.658e-4
-1.034, -4.699e-4
-1.033, -4.742e-4
-1.032, -4.782e-4
-1.031, -4.824e-4
-1.030, -4.865e-4
-1.029, -4.904e-4
-1.028, -4.945e-4
-1.027, -4.986e-4
-1.026, -5.027e-4
-1.025, -5.068e-4
-1.024, -5.109e-4
-1.023, -5.149e-4
-1.022, -5.188e-4
-1.021, -5.226e-4
-1.020, -5.264e-4
-1.019, -5.304e-4
-1.018, -5.341e-4
-1.017, -5.380e-4
-1.016, -5.417e-4
-1.015, -5.454e-4
-1.014, -5.492e-4
-1.013, -5.527e-4
-1.012, -5.564e-4
-1.011, -5.599e-4
-1.010, -5.632e-4
-1.009, -5.665e-4
-1.008, -5.697e-4
-1.007, -5.728e-4
-1.006, -5.758e-4
-1.005, -5.787e-4
-1.004, -5.815e-4
-1.003, -5.845e-4
-1.002, -5.873e-4
-1.001, -5.899e-4
