July 1, 2026   04:51:15
Cyclic Voltammetry
File: c:/users/guazh/data/20260623_doe_duplica2/2026-06-24-exp56\exp56-2026-07-01t04_17_07-h2koh\exp56_cv_sr_800mvs_efin_-2000mv.bin
Data Source:  Experiment
Instrument Model:  CHI760E
Header: CV ran at 800 mVs
Note: 

Init E (V) = -1
High E (V) = -1
Low E (V) = -2
Final E (V) = -1
Init P/N = N
Scan Rate (V/s) = 0.8
Segment = 3
Sample Interval (V) = 0.001
Quiet Time (sec) = 2
Sensitivity (A/V) = 0.01
Comp R (ohm) = 2.1

Results:

Channel 1:
Segment 1:
Ep = -1.296V
ip = 7.414e-6A
Ah = 6.736e-7C

Segment 2:

Segment 3:

Potential/V, Current/A

-1.000, 1.559e-7
-1.001, 3.239e-6
-1.002, 3.239e-6
-1.003, 3.239e-6
-1.004, 3.239e-6
-1.005, 3.239e-6
-1.006, 3.239e-6
-1.007, 3.239e-6
-1.008, 3.239e-6
-1.009, 3.239e-6
-1.010, 3.239e-6
-1.011, 3.239e-6
-1.012, 3.239e-6
-1.013, 3.239e-6
-1.014, 3.239e-6
-1.015, 3.239e-6
-1.016, 3.239e-6
-1.017, 3.239e-6
-1.018, 3.239e-6
-1.019, 3.239e-6
-1.020, 3.239e-6
-1.021, 3.239e-6
-1.022, 3.239e-6
-1.023, 3.239e-6
-1.024, 3.239e-6
-1.025, 3.239e-6
-1.026, 3.239e-6
-1.027, 3.239e-6
-1.028, 6.322e-6
-1.029, 3.239e-6
-1.030, 6.322e-6
-1.031, 3.239e-6
-1.032, 3.239e-6
-1.033, 6.322e-6
-1.034, 6.322e-6
-1.035, 3.239e-6
-1.036, 3.239e-6
-1.037, 3.239e-6
-1.038, 3.239e-6
-1.039, 3.239e-6
-1.040, 3.239e-6
-1.041, 6.322e-6
-1.042, 3.239e-6
-1.043, 6.322e-6
-1.044, 3.239e-6
-1.045, 6.322e-6
-1.046, 3.239e-6
-1.047, 6.322e-6
-1.048, 3.239e-6
-1.049, 3.239e-6
-1.050, 6.322e-6
-1.051, 6.322e-6
-1.052, 6.322e-6
-1.053, 6.322e-6
-1.054, 6.322e-6
-1.055, 6.322e-6
-1.056, 6.322e-6
-1.057, 6.322e-6
-1.058, 3.239e-6
-1.059, 6.322e-6
-1.060, 6.322e-6
-1.061, 6.322e-6
-1.062, 6.322e-6
-1.063, 6.322e-6
-1.064, 6.322e-6
-1.065, 6.322e-6
-1.066, 6.322e-6
-1.067, 6.322e-6
-1.068, 6.322e-6
-1.069, 6.322e-6
-1.070, 6.322e-6
-1.071, 6.322e-6
-1.072, 3.239e-6
-1.073, 6.322e-6
-1.074, 6.322e-6
-1.075, 6.322e-6
-1.076, 6.322e-6
-1.077, 6.322e-6
-1.078, 6.322e-6
-1.079, 6.322e-6
-1.080, 6.322e-6
-1.081, 6.322e-6
-1.082, 6.322e-6
-1.083, 6.322e-6
-1.084, 6.322e-6
-1.085, 6.322e-6
-1.086, 6.322e-6
-1.087, 6.322e-6
-1.088, 6.322e-6
-1.089, 6.322e-6
-1.090, 6.322e-6
-1.091, 6.322e-6
-1.092, 6.322e-6
-1.093, 6.322e-6
-1.094, 6.322e-6
-1.095, 6.322e-6
-1.096, 9.405e-6
-1.097, 6.322e-6
-1.098, 6.322e-6
-1.099, 6.322e-6
-1.100, 6.322e-6
-1.101, 6.322e-6
-1.102, 6.322e-6
-1.103, 6.322e-6
-1.104, 6.322e-6
-1.105, 6.322e-6
-1.106, 6.322e-6
-1.107, 6.322e-6
-1.108, 6.322e-6
-1.109, 6.322e-6
-1.110, 6.322e-6
-1.111, 6.322e-6
-1.112, 6.322e-6
-1.113, 6.322e-6
-1.114, 6.322e-6
-1.115, 6.322e-6
-1.116, 6.322e-6
-1.117, 6.322e-6
-1.118, 6.322e-6
-1.119, 9.405e-6
-1.120, 6.322e-6
-1.121, 6.322e-6
-1.122, 6.322e-6
-1.123, 6.322e-6
-1.124, 6.322e-6
-1.125, 6.322e-6
-1.126, 6.322e-6
-1.127, 9.405e-6
-1.128, 6.322e-6
-1.129, 9.405e-6
-1.130, 6.322e-6
-1.131, 9.405e-6
-1.132, 6.322e-6
-1.133, 9.405e-6
-1.134, 9.405e-6
-1.135, 9.405e-6
-1.136, 6.322e-6
-1.137, 9.405e-6
-1.138, 6.322e-6
-1.139, 9.405e-6
-1.140, 9.405e-6
-1.141, 9.405e-6
-1.142, 9.405e-6
-1.143, 9.405e-6
-1.144, 6.322e-6
-1.145, 6.322e-6
-1.146, 6.322e-6
-1.147, 6.322e-6
-1.148, 9.405e-6
-1.149, 9.405e-6
-1.150, 9.405e-6
-1.151, 6.322e-6
-1.152, 9.405e-6
-1.153, 9.405e-6
-1.154, 9.405e-6
-1.155, 9.405e-6
-1.156, 9.405e-6
-1.157, 9.405e-6
-1.158, 9.405e-6
-1.159, 6.322e-6
-1.160, 9.405e-6
-1.161, 9.405e-6
-1.162, 9.405e-6
-1.163, 9.405e-6
-1.164, 9.405e-6
-1.165, 9.405e-6
-1.166, 9.405e-6
-1.167, 9.405e-6
-1.168, 9.405e-6
-1.169, 9.405e-6
-1.170, 9.405e-6
-1.171, 9.405e-6
-1.172, 9.405e-6
-1.173, 9.405e-6
-1.174, 9.405e-6
-1.175, 9.405e-6
-1.176, 9.405e-6
-1.177, 9.405e-6
-1.178, 9.405e-6
-1.179, 9.405e-6
-1.180, 9.405e-6
-1.181, 9.405e-6
-1.182, 9.405e-6
-1.183, 9.405e-6
-1.184, 9.405e-6
-1.185, 9.405e-6
-1.186, 9.405e-6
-1.187, 9.405e-6
-1.188, 9.405e-6
-1.189, 9.405e-6
-1.190, 9.405e-6
-1.191, 9.405e-6
-1.192, 9.405e-6
-1.193, 9.405e-6
-1.194, 9.405e-6
-1.195, 9.405e-6
-1.196, 9.405e-6
-1.197, 9.405e-6
-1.198, 9.405e-6
-1.199, 9.405e-6
-1.200, 9.405e-6
-1.201, 9.405e-6
-1.202, 9.405e-6
-1.203, 9.405e-6
-1.204, 9.405e-6
-1.205, 9.405e-6
-1.206, 9.405e-6
-1.207, 9.405e-6
-1.208, 9.405e-6
-1.209, 9.405e-6
-1.210, 9.405e-6
-1.211, 9.405e-6
-1.212, 9.405e-6
-1.213, 9.405e-6
-1.214, 9.405e-6
-1.215, 9.405e-6
-1.216, 9.405e-6
-1.217, 9.405e-6
-1.218, 1.249e-5
-1.219, 9.405e-6
-1.220, 9.405e-6
-1.221, 1.249e-5
-1.222, 9.405e-6
-1.223, 9.405e-6
-1.224, 9.405e-6
-1.225, 9.405e-6
-1.226, 1.249e-5
-1.227, 9.405e-6
-1.228, 9.405e-6
-1.229, 9.405e-6
-1.230, 1.249e-5
-1.231, 1.249e-5
-1.232, 1.249e-5
-1.233, 1.249e-5
-1.234, 1.249e-5
-1.235, 1.249e-5
-1.236, 1.249e-5
-1.237, 1.249e-5
-1.238, 1.249e-5
-1.239, 1.249e-5
-1.240, 1.249e-5
-1.241, 1.249e-5
-1.242, 1.249e-5
-1.243, 1.249e-5
-1.244, 1.249e-5
-1.245, 1.249e-5
-1.246, 1.249e-5
-1.247, 1.249e-5
-1.248, 1.249e-5
-1.249, 1.249e-5
-1.250, 1.249e-5
-1.251, 1.249e-5
-1.252, 1.249e-5
-1.253, 1.249e-5
-1.254, 1.249e-5
-1.255, 1.249e-5
-1.256, 1.249e-5
-1.257, 1.249e-5
-1.258, 1.249e-5
-1.259, 1.249e-5
-1.260, 1.249e-5
-1.261, 1.249e-5
-1.262, 1.249e-5
-1.263, 1.249e-5
-1.264, 1.249e-5
-1.265, 1.249e-5
-1.266, 1.249e-5
-1.267, 1.249e-5
-1.268, 1.249e-5
-1.269, 1.249e-5
-1.270, 1.249e-5
-1.271, 1.249e-5
-1.272, 1.249e-5
-1.273, 1.249e-5
-1.274, 1.249e-5
-1.275, 1.249e-5
-1.276, 1.249e-5
-1.277, 1.249e-5
-1.278, 1.249e-5
-1.279, 1.249e-5
-1.280, 1.249e-5
-1.281, 1.249e-5
-1.282, 1.249e-5
-1.283, 1.249e-5
-1.284, 1.249e-5
-1.285, 1.249e-5
-1.286, 1.249e-5
-1.287, 1.249e-5
-1.288, 1.249e-5
-1.289, 1.249e-5
-1.290, 1.249e-5
-1.291, 1.249e-5
-1.292, 1.249e-5
-1.293, 1.249e-5
-1.294, 1.249e-5
-1.295, 1.249e-5
-1.296, 1.557e-5
-1.297, 1.249e-5
-1.298, 1.557e-5
-1.299, 1.249e-5
-1.300, 1.557e-5
-1.301, 1.249e-5
-1.302, 1.557e-5
-1.303, 1.249e-5
-1.304, 1.249e-5
-1.305, 1.249e-5
-1.306, 1.557e-5
-1.307, 1.249e-5
-1.308, 1.249e-5
-1.309, 1.557e-5
-1.310, 1.557e-5
-1.311, 1.249e-5
-1.312, 1.557e-5
-1.313, 1.557e-5
-1.314, 1.557e-5
-1.315, 1.557e-5
-1.316, 1.557e-5
-1.317, 1.249e-5
-1.318, 1.557e-5
-1.319, 1.557e-5
-1.320, 1.557e-5
-1.321, 1.557e-5
-1.322, 1.557e-5
-1.323, 1.557e-5
-1.324, 1.557e-5
-1.325, 1.557e-5
-1.326, 1.249e-5
-1.327, 1.557e-5
-1.328, 1.557e-5
-1.329, 1.557e-5
-1.330, 1.557e-5
-1.331, 1.557e-5
-1.332, 1.557e-5
-1.333, 1.557e-5
-1.334, 1.557e-5
-1.335, 1.557e-5
-1.336, 1.557e-5
-1.337, 1.557e-5
-1.338, 1.557e-5
-1.339, 1.557e-5
-1.340, 1.557e-5
-1.341, 1.557e-5
-1.342, 1.557e-5
-1.343, 1.557e-5
-1.344, 1.557e-5
-1.345, 1.557e-5
-1.346, 1.557e-5
-1.347, 1.557e-5
-1.348, 1.557e-5
-1.349, 1.557e-5
-1.350, 1.557e-5
-1.351, 1.557e-5
-1.352, 1.557e-5
-1.353, 1.557e-5
-1.354, 1.557e-5
-1.355, 1.557e-5
-1.356, 1.557e-5
-1.357, 1.557e-5
-1.358, 1.865e-5
-1.359, 1.557e-5
-1.360, 1.557e-5
-1.361, 1.557e-5
-1.362, 1.557e-5
-1.363, 1.557e-5
-1.364, 1.557e-5
-1.365, 1.557e-5
-1.366, 1.557e-5
-1.367, 1.557e-5
-1.368, 1.557e-5
-1.369, 1.557e-5
-1.370, 1.865e-5
-1.371, 1.557e-5
-1.372, 1.865e-5
-1.373, 1.557e-5
-1.374, 1.865e-5
-1.375, 1.557e-5
-1.376, 1.865e-5
-1.377, 1.557e-5
-1.378, 1.865e-5
-1.379, 1.557e-5
-1.380, 1.557e-5
-1.381, 1.557e-5
-1.382, 1.557e-5
-1.383, 1.865e-5
-1.384, 1.557e-5
-1.385, 1.557e-5
-1.386, 1.865e-5
-1.387, 1.865e-5
-1.388, 1.865e-5
-1.389, 1.557e-5
-1.390, 1.865e-5
-1.391, 1.865e-5
-1.392, 1.865e-5
-1.393, 1.865e-5
-1.394, 1.557e-5
-1.395, 1.865e-5
-1.396, 1.865e-5
-1.397, 1.865e-5
-1.398, 1.865e-5
-1.399, 1.865e-5
-1.400, 1.865e-5
-1.401, 1.865e-5
-1.402, 1.865e-5
-1.403, 1.865e-5
-1.404, 1.865e-5
-1.405, 1.865e-5
-1.406, 1.865e-5
-1.407, 1.865e-5
-1.408, 1.865e-5
-1.409, 1.865e-5
-1.410, 1.865e-5
-1.411, 1.865e-5
-1.412, 1.865e-5
-1.413, 1.865e-5
-1.414, 1.865e-5
-1.415, 1.865e-5
-1.416, 1.865e-5
-1.417, 1.865e-5
-1.418, 1.865e-5
-1.419, 1.865e-5
-1.420, 1.865e-5
-1.421, 1.865e-5
-1.422, 1.865e-5
-1.423, 1.865e-5
-1.424, 1.865e-5
-1.425, 1.865e-5
-1.426, 1.865e-5
-1.427, 1.865e-5
-1.428, 1.865e-5
-1.429, 1.865e-5
-1.430, 2.174e-5
-1.431, 1.865e-5
-1.432, 1.865e-5
-1.433, 1.865e-5
-1.434, 1.865e-5
-1.435, 1.865e-5
-1.436, 1.865e-5
-1.437, 1.865e-5
-1.438, 2.174e-5
-1.439, 1.865e-5
-1.440, 1.865e-5
-1.441, 1.865e-5
-1.442, 2.174e-5
-1.443, 1.865e-5
-1.444, 1.865e-5
-1.445, 1.865e-5
-1.446, 1.865e-5
-1.447, 1.865e-5
-1.448, 2.174e-5
-1.449, 1.865e-5
-1.450, 2.174e-5
-1.451, 1.865e-5
-1.452, 2.174e-5
-1.453, 2.174e-5
-1.454, 2.174e-5
-1.455, 1.865e-5
-1.456, 2.174e-5
-1.457, 2.174e-5
-1.458, 2.174e-5
-1.459, 1.865e-5
-1.460, 1.865e-5
-1.461, 1.865e-5
-1.462, 2.174e-5
-1.463, 2.174e-5
-1.464, 2.174e-5
-1.465, 2.174e-5
-1.466, 2.174e-5
-1.467, 2.174e-5
-1.468, 1.865e-5
-1.469, 2.174e-5
-1.470, 2.174e-5
-1.471, 2.174e-5
-1.472, 2.174e-5
-1.473, 2.174e-5
-1.474, 2.174e-5
-1.475, 2.174e-5
-1.476, 2.174e-5
-1.477, 2.174e-5
-1.478, 2.174e-5
-1.479, 2.174e-5
-1.480, 2.174e-5
-1.481, 2.174e-5
-1.482, 2.174e-5
-1.483, 2.174e-5
-1.484, 2.174e-5
-1.485, 2.174e-5
-1.486, 2.174e-5
-1.487, 2.174e-5
-1.488, 2.174e-5
-1.489, 2.174e-5
-1.490, 2.174e-5
-1.491, 2.174e-5
-1.492, 2.174e-5
-1.493, 2.174e-5
-1.494, 2.174e-5
-1.495, 2.174e-5
-1.496, 2.174e-5
-1.497, 2.174e-5
-1.498, 2.174e-5
-1.499, 2.174e-5
-1.500, 2.174e-5
-1.501, 2.174e-5
-1.502, 2.174e-5
-1.503, 2.174e-5
-1.504, 2.482e-5
-1.505, 2.174e-5
-1.506, 2.174e-5
-1.507, 2.174e-5
-1.508, 2.482e-5
-1.509, 2.174e-5
-1.510, 2.174e-5
-1.511, 2.174e-5
-1.512, 2.482e-5
-1.513, 2.174e-5
-1.514, 2.482e-5
-1.515, 2.174e-5
-1.516, 2.482e-5
-1.517, 2.174e-5
-1.518, 2.482e-5
-1.519, 2.482e-5
-1.520, 2.174e-5
-1.521, 2.482e-5
-1.522, 2.482e-5
-1.523, 2.174e-5
-1.524, 2.482e-5
-1.525, 2.482e-5
-1.526, 2.174e-5
-1.527, 2.482e-5
-1.528, 2.174e-5
-1.529, 2.482e-5
-1.530, 2.482e-5
-1.531, 2.482e-5
-1.532, 2.482e-5
-1.533, 2.482e-5
-1.534, 2.482e-5
-1.535, 2.482e-5
-1.536, 2.482e-5
-1.537, 2.482e-5
-1.538, 2.482e-5
-1.539, 2.482e-5
-1.540, 2.482e-5
-1.541, 2.482e-5
-1.542, 2.482e-5
-1.543, 2.482e-5
-1.544, 2.482e-5
-1.545, 2.482e-5
-1.546, 2.482e-5
-1.547, 2.482e-5
-1.548, 2.482e-5
-1.549, 2.790e-5
-1.550, 2.482e-5
-1.551, 2.482e-5
-1.552, 2.482e-5
-1.553, 2.482e-5
-1.554, 2.482e-5
-1.555, 2.790e-5
-1.556, 2.482e-5
-1.557, 2.482e-5
-1.558, 2.482e-5
-1.559, 2.482e-5
-1.560, 2.482e-5
-1.561, 2.482e-5
-1.562, 2.482e-5
-1.563, 2.482e-5
-1.564, 2.482e-5
-1.565, 2.482e-5
-1.566, 2.482e-5
-1.567, 2.482e-5
-1.568, 2.790e-5
-1.569, 2.482e-5
-1.570, 2.482e-5
-1.571, 2.482e-5
-1.572, 2.790e-5
-1.573, 2.482e-5
-1.574, 2.790e-5
-1.575, 2.790e-5
-1.576, 2.790e-5
-1.577, 2.790e-5
-1.578, 2.790e-5
-1.579, 2.482e-5
-1.580, 2.790e-5
-1.581, 2.482e-5
-1.582, 2.790e-5
-1.583, 2.790e-5
-1.584, 2.790e-5
-1.585, 2.790e-5
-1.586, 2.790e-5
-1.587, 2.790e-5
-1.588, 2.790e-5
-1.589, 2.790e-5
-1.590, 2.790e-5
-1.591, 2.790e-5
-1.592, 2.790e-5
-1.593, 2.790e-5
-1.594, 2.790e-5
-1.595, 2.790e-5
-1.596, 2.790e-5
-1.597, 2.790e-5
-1.598, 2.790e-5
-1.599, 2.790e-5
-1.600, 2.790e-5
-1.601, 3.099e-5
-1.602, 2.790e-5
-1.603, 2.790e-5
-1.604, 2.790e-5
-1.605, 2.790e-5
-1.606, 2.790e-5
-1.607, 2.790e-5
-1.608, 2.790e-5
-1.609, 2.790e-5
-1.610, 3.099e-5
-1.611, 3.099e-5
-1.612, 2.790e-5
-1.613, 3.099e-5
-1.614, 2.790e-5
-1.615, 3.099e-5
-1.616, 3.099e-5
-1.617, 2.790e-5
-1.618, 2.790e-5
-1.619, 3.099e-5
-1.620, 3.099e-5
-1.621, 3.099e-5
-1.622, 2.790e-5
-1.623, 3.099e-5
-1.624, 3.099e-5
-1.625, 3.099e-5
-1.626, 3.099e-5
-1.627, 3.099e-5
-1.628, 3.099e-5
-1.629, 3.099e-5
-1.630, 3.099e-5
-1.631, 3.099e-5
-1.632, 3.099e-5
-1.633, 3.099e-5
-1.634, 3.099e-5
-1.635, 3.099e-5
-1.636, 3.099e-5
-1.637, 3.099e-5
-1.638, 3.099e-5
-1.639, 3.099e-5
-1.640, 3.099e-5
-1.641, 3.099e-5
-1.642, 3.099e-5
-1.643, 3.099e-5
-1.644, 3.099e-5
-1.645, 3.099e-5
-1.646, 3.099e-5
-1.647, 3.099e-5
-1.648, 3.099e-5
-1.649, 3.099e-5
-1.650, 3.407e-5
-1.651, 3.099e-5
-1.652, 3.099e-5
-1.653, 3.099e-5
-1.654, 3.099e-5
-1.655, 3.099e-5
-1.656, 3.407e-5
-1.657, 3.407e-5
-1.658, 3.407e-5
-1.659, 3.407e-5
-1.660, 3.407e-5
-1.661, 3.099e-5
-1.662, 3.407e-5
-1.663, 3.407e-5
-1.664, 3.407e-5
-1.665, 3.407e-5
-1.666, 3.407e-5
-1.667, 3.407e-5
-1.668, 3.407e-5
-1.669, 3.407e-5
-1.670, 3.407e-5
-1.671, 3.407e-5
-1.672, 3.715e-5
-1.673, 3.715e-5
-1.674, 3.715e-5
-1.675, 3.407e-5
-1.676, 3.407e-5
-1.677, 3.715e-5
-1.678, 3.715e-5
-1.679, 3.715e-5
-1.680, 3.407e-5
-1.681, 3.715e-5
-1.682, 3.407e-5
-1.683, 3.715e-5
-1.684, 3.715e-5
-1.685, 3.715e-5
-1.686, 3.715e-5
-1.687, 3.715e-5
-1.688, 3.715e-5
-1.689, 3.715e-5
-1.690, 3.715e-5
-1.691, 3.715e-5
-1.692, 3.715e-5
-1.693, 3.715e-5
-1.694, 3.715e-5
-1.695, 3.715e-5
-1.696, 3.715e-5
-1.697, 4.024e-5
-1.698, 3.715e-5
-1.699, 4.024e-5
-1.700, 4.024e-5
-1.701, 4.024e-5
-1.702, 4.024e-5
-1.703, 4.024e-5
-1.704, 4.024e-5
-1.705, 4.024e-5
-1.706, 4.024e-5
-1.707, 4.024e-5
-1.708, 4.024e-5
-1.709, 4.024e-5
-1.710, 4.024e-5
-1.711, 4.024e-5
-1.712, 4.332e-5
-1.713, 4.024e-5
-1.714, 4.024e-5
-1.715, 4.024e-5
-1.716, 4.332e-5
-1.717, 4.332e-5
-1.718, 4.332e-5
-1.719, 4.332e-5
-1.720, 4.332e-5
-1.721, 4.332e-5
-1.722, 4.332e-5
-1.723, 4.332e-5
-1.724, 4.332e-5
-1.725, 4.332e-5
-1.726, 4.640e-5
-1.727, 4.640e-5
-1.728, 4.332e-5
-1.729, 4.332e-5
-1.730, 4.640e-5
-1.731, 4.640e-5
-1.732, 4.640e-5
-1.733, 4.640e-5
-1.734, 4.640e-5
-1.735, 4.640e-5
-1.736, 4.640e-5
-1.737, 4.640e-5
-1.738, 4.640e-5
-1.739, 4.640e-5
-1.740, 4.949e-5
-1.741, 4.949e-5
-1.742, 4.949e-5
-1.743, 4.949e-5
-1.744, 4.949e-5
-1.745, 4.949e-5
-1.746, 4.949e-5
-1.747, 5.257e-5
-1.748, 5.257e-5
-1.749, 5.257e-5
-1.750, 5.257e-5
-1.751, 5.257e-5
-1.752, 5.257e-5
-1.753, 5.565e-5
-1.754, 5.257e-5
-1.755, 5.565e-5
-1.756, 5.565e-5
-1.757, 5.565e-5
-1.758, 5.257e-5
-1.759, 5.565e-5
-1.760, 5.565e-5
-1.761, 5.565e-5
-1.762, 5.565e-5
-1.763, 5.873e-5
-1.764, 5.873e-5
-1.765, 5.873e-5
-1.766, 5.873e-5
-1.767, 5.873e-5
-1.768, 5.873e-5
-1.769, 6.182e-5
-1.770, 6.182e-5
-1.771, 6.182e-5
-1.772, 6.182e-5
-1.773, 6.182e-5
-1.774, 6.490e-5
-1.775, 6.490e-5
-1.776, 6.490e-5
-1.777, 6.490e-5
-1.778, 6.490e-5
-1.779, 6.490e-5
-1.780, 6.798e-5
-1.781, 6.798e-5
-1.782, 7.107e-5
-1.783, 6.798e-5
-1.784, 7.107e-5
-1.785, 7.107e-5
-1.786, 7.107e-5
-1.787, 7.107e-5
-1.788, 7.415e-5
-1.789, 7.415e-5
-1.790, 7.415e-5
-1.791, 7.415e-5
-1.792, 7.723e-5
-1.793, 7.723e-5
-1.794, 7.723e-5
-1.795, 8.032e-5
-1.796, 8.032e-5
-1.797, 8.032e-5
-1.798, 8.340e-5
-1.799, 8.340e-5
-1.800, 8.340e-5
-1.801, 8.648e-5
-1.802, 8.648e-5
-1.803, 8.957e-5
-1.804, 8.957e-5
-1.805, 8.957e-5
-1.806, 9.265e-5
-1.807, 9.265e-5
-1.808, 9.265e-5
-1.809, 9.573e-5
-1.810, 9.573e-5
-1.811, 9.882e-5
-1.812, 9.882e-5
-1.813, 9.882e-5
-1.814, 1.019e-4
-1.815, 1.019e-4
-1.816, 1.050e-4
-1.817, 1.050e-4
-1.818, 1.081e-4
-1.819, 1.081e-4
-1.820, 1.111e-4
-1.821, 1.142e-4
-1.822, 1.142e-4
-1.823, 1.173e-4
-1.824, 1.173e-4
-1.825, 1.204e-4
-1.826, 1.204e-4
-1.827, 1.235e-4
-1.828, 1.235e-4
-1.829, 1.266e-4
-1.830, 1.296e-4
-1.831, 1.327e-4
-1.832, 1.327e-4
-1.833, 1.358e-4
-1.834, 1.389e-4
-1.835, 1.389e-4
-1.836, 1.420e-4
-1.837, 1.451e-4
-1.838, 1.481e-4
-1.839, 1.481e-4
-1.840, 1.512e-4
-1.841, 1.543e-4
-1.842, 1.574e-4
-1.843, 1.605e-4
-1.844, 1.636e-4
-1.845, 1.666e-4
-1.846, 1.666e-4
-1.847, 1.697e-4
-1.848, 1.759e-4
-1.849, 1.759e-4
-1.850, 1.821e-4
-1.851, 1.851e-4
-1.852, 1.882e-4
-1.853, 1.913e-4
-1.854, 1.944e-4
-1.855, 1.975e-4
-1.856, 2.006e-4
-1.857, 2.067e-4
-1.858, 2.098e-4
-1.859, 2.129e-4
-1.860, 2.160e-4
-1.861, 2.191e-4
-1.862, 2.252e-4
-1.863, 2.283e-4
-1.864, 2.345e-4
-1.865, 2.376e-4
-1.866, 2.406e-4
-1.867, 2.468e-4
-1.868, 2.499e-4
-1.869, 2.561e-4
-1.870, 2.591e-4
-1.871, 2.653e-4
-1.872, 2.715e-4
-1.873, 2.746e-4
-1.874, 2.807e-4
-1.875, 2.869e-4
-1.876, 2.900e-4
-1.877, 2.992e-4
-1.878, 3.023e-4
-1.879, 3.085e-4
-1.880, 3.146e-4
-1.881, 3.208e-4
-1.882, 3.270e-4
-1.883, 3.331e-4
-1.884, 3.393e-4
-1.885, 3.485e-4
-1.886, 3.516e-4
-1.887, 3.609e-4
-1.888, 3.670e-4
-1.889, 3.732e-4
-1.890, 3.825e-4
-1.891, 3.886e-4
-1.892, 3.948e-4
-1.893, 4.010e-4
-1.894, 4.102e-4
-1.895, 4.195e-4
-1.896, 4.256e-4
-1.897, 4.349e-4
-1.898, 4.410e-4
-1.899, 4.503e-4
-1.900, 4.595e-4
-1.901, 4.657e-4
-1.902, 4.780e-4
-1.903, 4.842e-4
-1.904, 4.935e-4
-1.905, 5.027e-4
-1.906, 5.120e-4
-1.907, 5.212e-4
-1.908, 5.335e-4
-1.909, 5.428e-4
-1.910, 5.520e-4
-1.911, 5.613e-4
-1.912, 5.736e-4
-1.913, 5.829e-4
-1.914, 5.952e-4
-1.915, 6.044e-4
-1.916, 6.168e-4
-1.917, 6.260e-4
-1.918, 6.384e-4
-1.919, 6.507e-4
-1.920, 6.630e-4
-1.921, 6.723e-4
-1.922, 6.846e-4
-1.923, 6.969e-4
-1.924, 7.093e-4
-1.925, 7.216e-4
-1.926, 7.370e-4
-1.927, 7.494e-4
-1.928, 7.617e-4
-1.929, 7.740e-4
-1.930, 7.863e-4
-1.931, 8.018e-4
-1.932, 8.141e-4
-1.933, 8.295e-4
-1.934, 8.449e-4
-1.935, 8.603e-4
-1.936, 8.727e-4
-1.937, 8.881e-4
-1.938, 9.035e-4
-1.939, 9.189e-4
-1.940, 9.343e-4
-1.941, 9.498e-4
-1.942, 9.652e-4
-1.943, 9.806e-4
-1.944, 9.960e-4
-1.945, 1.014e-3
-1.946, 1.030e-3
-1.947, 1.045e-3
-1.948, 1.064e-3
-1.949, 1.079e-3
-1.950, 1.101e-3
-1.951, 1.116e-3
-1.952, 1.135e-3
-1.953, 1.153e-3
-1.954, 1.169e-3
-1.955, 1.187e-3
-1.956, 1.209e-3
-1.957, 1.224e-3
-1.958, 1.246e-3
-1.959, 1.264e-3
-1.960, 1.283e-3
-1.961, 1.304e-3
-1.962, 1.323e-3
-1.963, 1.344e-3
-1.964, 1.363e-3
-1.965, 1.384e-3
-1.966, 1.406e-3
-1.967, 1.428e-3
-1.968, 1.449e-3
-1.969, 1.471e-3
-1.970, 1.492e-3
-1.971, 1.514e-3
-1.972, 1.536e-3
-1.973, 1.557e-3
-1.974, 1.582e-3
-1.975, 1.603e-3
-1.976, 1.628e-3
-1.977, 1.653e-3
-1.978, 1.677e-3
-1.979, 1.702e-3
-1.980, 1.727e-3
-1.981, 1.748e-3
-1.982, 1.776e-3
-1.983, 1.801e-3
-1.984, 1.825e-3
-1.985, 1.850e-3
-1.986, 1.878e-3
-1.987, 1.902e-3
-1.988, 1.930e-3
-1.989, 1.955e-3
-1.990, 1.986e-3
-1.991, 2.010e-3
-1.992, 2.038e-3
-1.993, 2.066e-3
-1.994, 2.094e-3
-1.995, 2.121e-3
-1.996, 2.152e-3
-1.997, 2.180e-3
-1.998, 2.208e-3
-1.999, 2.238e-3
-2.000, 2.245e-3
-1.999, 2.223e-3
-1.998, 2.208e-3
-1.997, 2.192e-3
-1.996, 2.171e-3
-1.995, 2.155e-3
-1.994, 2.137e-3
-1.993, 2.118e-3
-1.992, 2.100e-3
-1.991, 2.081e-3
-1.990, 2.060e-3
-1.989, 2.044e-3
-1.988, 2.023e-3
-1.987, 2.004e-3
-1.986, 1.986e-3
-1.985, 1.967e-3
-1.984, 1.949e-3
-1.983, 1.930e-3
-1.982, 1.909e-3
-1.981, 1.893e-3
-1.980, 1.875e-3
-1.979, 1.853e-3
-1.978, 1.835e-3
-1.977, 1.819e-3
-1.976, 1.801e-3
-1.975, 1.782e-3
-1.974, 1.761e-3
-1.973, 1.745e-3
-1.972, 1.727e-3
-1.971, 1.708e-3
-1.970, 1.690e-3
-1.969, 1.671e-3
-1.968, 1.656e-3
-1.967, 1.637e-3
-1.966, 1.619e-3
-1.965, 1.600e-3
-1.964, 1.585e-3
-1.963, 1.566e-3
-1.962, 1.551e-3
-1.961, 1.532e-3
-1.960, 1.517e-3
-1.959, 1.499e-3
-1.958, 1.483e-3
-1.957, 1.468e-3
-1.956, 1.449e-3
-1.955, 1.434e-3
-1.954, 1.418e-3
-1.953, 1.400e-3
-1.952, 1.384e-3
-1.951, 1.369e-3
-1.950, 1.354e-3
-1.949, 1.338e-3
-1.948, 1.323e-3
-1.947, 1.307e-3
-1.946, 1.292e-3
-1.945, 1.277e-3
-1.944, 1.261e-3
-1.943, 1.246e-3
-1.942, 1.230e-3
-1.941, 1.218e-3
-1.940, 1.206e-3
-1.939, 1.190e-3
-1.938, 1.178e-3
-1.937, 1.162e-3
-1.936, 1.150e-3
-1.935, 1.135e-3
-1.934, 1.122e-3
-1.933, 1.107e-3
-1.932, 1.095e-3
-1.931, 1.082e-3
-1.930, 1.067e-3
-1.929, 1.055e-3
-1.928, 1.039e-3
-1.927, 1.030e-3
-1.926, 1.014e-3
-1.925, 1.002e-3
-1.924, 9.898e-4
-1.923, 9.775e-4
-1.922, 9.652e-4
-1.921, 9.528e-4
-1.920, 9.405e-4
-1.919, 9.282e-4
-1.918, 9.158e-4
-1.917, 9.066e-4
-1.916, 8.943e-4
-1.915, 8.850e-4
-1.914, 8.696e-4
-1.913, 8.603e-4
-1.912, 8.480e-4
-1.911, 8.388e-4
-1.910, 8.264e-4
-1.909, 8.172e-4
-1.908, 8.048e-4
-1.907, 7.956e-4
-1.906, 7.833e-4
-1.905, 7.709e-4
-1.904, 7.648e-4
-1.903, 7.524e-4
-1.902, 7.432e-4
-1.901, 7.339e-4
-1.900, 7.247e-4
-1.899, 7.124e-4
-1.898, 7.031e-4
-1.897, 6.939e-4
-1.896, 6.846e-4
-1.895, 6.754e-4
-1.894, 6.661e-4
-1.893, 6.569e-4
-1.892, 6.476e-4
-1.891, 6.384e-4
-1.890, 6.322e-4
-1.889, 6.229e-4
-1.888, 6.137e-4
-1.887, 6.044e-4
-1.886, 5.952e-4
-1.885, 5.890e-4
-1.884, 5.798e-4
-1.883, 5.705e-4
-1.882, 5.644e-4
-1.881, 5.551e-4
-1.880, 5.489e-4
-1.879, 5.397e-4
-1.878, 5.335e-4
-1.877, 5.243e-4
-1.876, 5.181e-4
-1.875, 5.089e-4
-1.874, 5.027e-4
-1.873, 4.965e-4
-1.872, 4.873e-4
-1.871, 4.811e-4
-1.870, 4.750e-4
-1.869, 4.688e-4
-1.868, 4.595e-4
-1.867, 4.534e-4
-1.866, 4.472e-4
-1.865, 4.410e-4
-1.864, 4.349e-4
-1.863, 4.287e-4
-1.862, 4.225e-4
-1.861, 4.164e-4
-1.860, 4.102e-4
-1.859, 4.040e-4
-1.858, 3.979e-4
-1.857, 3.948e-4
-1.856, 3.855e-4
-1.855, 3.825e-4
-1.854, 3.732e-4
-1.853, 3.701e-4
-1.852, 3.640e-4
-1.851, 3.578e-4
-1.850, 3.547e-4
-1.849, 3.485e-4
-1.848, 3.424e-4
-1.847, 3.393e-4
-1.846, 3.331e-4
-1.845, 3.270e-4
-1.844, 3.208e-4
-1.843, 3.177e-4
-1.842, 3.115e-4
-1.841, 3.085e-4
-1.840, 3.023e-4
-1.839, 2.992e-4
-1.838, 2.931e-4
-1.837, 2.900e-4
-1.836, 2.838e-4
-1.835, 2.807e-4
-1.834, 2.746e-4
-1.833, 2.715e-4
-1.832, 2.684e-4
-1.831, 2.622e-4
-1.830, 2.591e-4
-1.829, 2.561e-4
-1.828, 2.499e-4
-1.827, 2.468e-4
-1.826, 2.437e-4
-1.825, 2.406e-4
-1.824, 2.376e-4
-1.823, 2.314e-4
-1.822, 2.283e-4
-1.821, 2.252e-4
-1.820, 2.221e-4
-1.819, 2.191e-4
-1.818, 2.160e-4
-1.817, 2.129e-4
-1.816, 2.098e-4
-1.815, 2.036e-4
-1.814, 2.006e-4
-1.813, 1.975e-4
-1.812, 1.944e-4
-1.811, 1.913e-4
-1.810, 1.913e-4
-1.809, 1.851e-4
-1.808, 1.821e-4
-1.807, 1.790e-4
-1.806, 1.759e-4
-1.805, 1.759e-4
-1.804, 1.697e-4
-1.803, 1.697e-4
-1.802, 1.666e-4
-1.801, 1.636e-4
-1.800, 1.605e-4
-1.799, 1.574e-4
-1.798, 1.543e-4
-1.797, 1.543e-4
-1.796, 1.512e-4
-1.795, 1.481e-4
-1.794, 1.451e-4
-1.793, 1.451e-4
-1.792, 1.420e-4
-1.791, 1.389e-4
-1.790, 1.358e-4
-1.789, 1.358e-4
-1.788, 1.327e-4
-1.787, 1.296e-4
-1.786, 1.266e-4
-1.785, 1.266e-4
-1.784, 1.235e-4
-1.783, 1.204e-4
-1.782, 1.173e-4
-1.781, 1.173e-4
-1.780, 1.142e-4
-1.779, 1.142e-4
-1.778, 1.111e-4
-1.777, 1.111e-4
-1.776, 1.081e-4
-1.775, 1.050e-4
-1.774, 1.050e-4
-1.773, 1.019e-4
-1.772, 1.019e-4
-1.771, 9.882e-5
-1.770, 9.882e-5
-1.769, 9.573e-5
-1.768, 9.573e-5
-1.767, 9.265e-5
-1.766, 9.265e-5
-1.765, 8.648e-5
-1.764, 8.957e-5
-1.763, 8.648e-5
-1.762, 8.340e-5
-1.761, 8.340e-5
-1.760, 8.340e-5
-1.759, 8.032e-5
-1.758, 8.032e-5
-1.757, 7.723e-5
-1.756, 7.723e-5
-1.755, 7.415e-5
-1.754, 7.415e-5
-1.753, 7.107e-5
-1.752, 7.107e-5
-1.751, 7.107e-5
-1.750, 6.798e-5
-1.749, 6.798e-5
-1.748, 6.798e-5
-1.747, 6.490e-5
-1.746, 6.490e-5
-1.745, 6.182e-5
-1.744, 6.182e-5
-1.743, 6.182e-5
-1.742, 5.873e-5
-1.741, 5.873e-5
-1.740, 5.873e-5
-1.739, 5.565e-5
-1.738, 5.565e-5
-1.737, 5.565e-5
-1.736, 5.565e-5
-1.735, 5.257e-5
-1.734, 4.949e-5
-1.733, 5.257e-5
-1.732, 4.949e-5
-1.731, 4.949e-5
-1.730, 4.949e-5
-1.729, 4.949e-5
-1.728, 4.640e-5
-1.727, 4.640e-5
-1.726, 4.332e-5
-1.725, 4.332e-5
-1.724, 4.332e-5
-1.723, 4.332e-5
-1.722, 4.024e-5
-1.721, 4.024e-5
-1.720, 4.024e-5
-1.719, 4.024e-5
-1.718, 3.715e-5
-1.717, 3.715e-5
-1.716, 3.715e-5
-1.715, 3.715e-5
-1.714, 3.715e-5
-1.713, 3.407e-5
-1.712, 3.407e-5
-1.711, 3.407e-5
-1.710, 3.407e-5
-1.709, 3.099e-5
-1.708, 3.099e-5
-1.707, 3.099e-5
-1.706, 3.099e-5
-1.705, 2.790e-5
-1.704, 3.099e-5
-1.703, 3.099e-5
-1.702, 2.790e-5
-1.701, 2.790e-5
-1.700, 2.790e-5
-1.699, 2.482e-5
-1.698, 2.482e-5
-1.697, 2.482e-5
-1.696, 2.482e-5
-1.695, 2.482e-5
-1.694, 2.482e-5
-1.693, 2.174e-5
-1.692, 2.174e-5
-1.691, 2.174e-5
-1.690, 2.174e-5
-1.689, 2.174e-5
-1.688, 2.174e-5
-1.687, 1.865e-5
-1.686, 2.174e-5
-1.685, 1.865e-5
-1.684, 1.865e-5
-1.683, 1.865e-5
-1.682, 1.865e-5
-1.681, 1.865e-5
-1.680, 1.557e-5
-1.679, 1.557e-5
-1.678, 1.557e-5
-1.677, 1.865e-5
-1.676, 1.557e-5
-1.675, 1.557e-5
-1.674, 1.557e-5
-1.673, 1.557e-5
-1.672, 1.249e-5
-1.671, 1.557e-5
-1.670, 1.249e-5
-1.669, 1.557e-5
-1.668, 1.249e-5
-1.667, 1.249e-5
-1.666, 1.249e-5
-1.665, 1.249e-5
-1.664, 1.249e-5
-1.663, 1.249e-5
-1.662, 9.405e-6
-1.661, 1.249e-5
-1.660, 9.405e-6
-1.659, 9.405e-6
-1.658, 9.405e-6
-1.657, 9.405e-6
-1.656, 9.405e-6
-1.655, 9.405e-6
-1.654, 9.405e-6
-1.653, 9.405e-6
-1.652, 9.405e-6
-1.651, 9.405e-6
-1.650, 9.405e-6
-1.649, 6.322e-6
-1.648, 6.322e-6
-1.647, 6.322e-6
-1.646, 6.322e-6
-1.645, 6.322e-6
-1.644, 6.322e-6
-1.643, 6.322e-6
-1.642, 6.322e-6
-1.641, 6.322e-6
-1.640, 6.322e-6
-1.639, 6.322e-6
-1.638, 3.239e-6
-1.637, 6.322e-6
-1.636, 3.239e-6
-1.635, 3.239e-6
-1.634, 6.322e-6
-1.633, 3.239e-6
-1.632, 3.239e-6
-1.631, 3.239e-6
-1.630, 3.239e-6
-1.629, 3.239e-6
-1.628, 3.239e-6
-1.627, 3.239e-6
-1.626, 3.239e-6
-1.625, 3.239e-6
-1.624, 3.239e-6
-1.623, 3.239e-6
-1.622, 3.239e-6
-1.621, 3.239e-6
-1.620, 3.239e-6
-1.619, 1.559e-7
-1.618, 3.239e-6
-1.617, 3.239e-6
-1.616, 1.559e-7
-1.615, 3.239e-6
-1.614, 1.559e-7
-1.613, 1.559e-7
-1.612, 1.559e-7
-1.611, 1.559e-7
-1.610, 1.559e-7
-1.609, 1.559e-7
-1.608, 1.559e-7
-1.607, 1.559e-7
-1.606, 1.559e-7
-1.605, 1.559e-7
-1.604, 1.559e-7
-1.603, 1.559e-7
-1.602, 1.559e-7
-1.601, 1.559e-7
-1.600, 1.559e-7
-1.599, 1.559e-7
-1.598, 1.559e-7
-1.597, 1.559e-7
-1.596, 1.559e-7
-1.595, 1.559e-7
-1.594, -2.927e-6
-1.593, 1.559e-7
-1.592, -2.927e-6
-1.591, 1.559e-7
-1.590, 1.559e-7
-1.589, 1.559e-7
-1.588, -2.927e-6
-1.587, -2.927e-6
-1.586, -2.927e-6
-1.585, -2.927e-6
-1.584, -2.927e-6
-1.583, -2.927e-6
-1.582, -2.927e-6
-1.581, -2.927e-6
-1.580, -2.927e-6
-1.579, -2.927e-6
-1.578, -2.927e-6
-1.577, -2.927e-6
-1.576, -2.927e-6
-1.575, -2.927e-6
-1.574, -2.927e-6
-1.573, -2.927e-6
-1.572, -2.927e-6
-1.571, -2.927e-6
-1.570, -2.927e-6
-1.569, -2.927e-6
-1.568, -2.927e-6
-1.567, -2.927e-6
-1.566, -2.927e-6
-1.565, -2.927e-6
-1.564, -2.927e-6
-1.563, -2.927e-6
-1.562, -2.927e-6
-1.561, -2.927e-6
-1.560, -2.927e-6
-1.559, -2.927e-6
-1.558, -2.927e-6
-1.557, -2.927e-6
-1.556, -2.927e-6
-1.555, -2.927e-6
-1.554, -2.927e-6
-1.553, -2.927e-6
-1.552, -6.010e-6
-1.551, -2.927e-6
-1.550, -2.927e-6
-1.549, -2.927e-6
-1.548, -2.927e-6
-1.547, -2.927e-6
-1.546, -2.927e-6
-1.545, -2.927e-6
-1.544, -6.010e-6
-1.543, -2.927e-6
-1.542, -6.010e-6
-1.541, -6.010e-6
-1.540, -6.010e-6
-1.539, -2.927e-6
-1.538, -6.010e-6
-1.537, -6.010e-6
-1.536, -6.010e-6
-1.535, -2.927e-6
-1.534, -6.010e-6
-1.533, -6.010e-6
-1.532, -6.010e-6
-1.531, -6.010e-6
-1.530, -6.010e-6
-1.529, -2.927e-6
-1.528, -6.010e-6
-1.527, -6.010e-6
-1.526, -6.010e-6
-1.525, -6.010e-6
-1.524, -6.010e-6
-1.523, -6.010e-6
-1.522, -6.010e-6
-1.521, -6.010e-6
-1.520, -6.010e-6
-1.519, -6.010e-6
-1.518, -6.010e-6
-1.517, -2.927e-6
-1.516, -6.010e-6
-1.515, -6.010e-6
-1.514, -6.010e-6
-1.513, -6.010e-6
-1.512, -6.010e-6
-1.511, -6.010e-6
-1.510, -6.010e-6
-1.509, -6.010e-6
-1.508, -6.010e-6
-1.507, -6.010e-6
-1.506, -6.010e-6
-1.505, -6.010e-6
-1.504, -6.010e-6
-1.503, -6.010e-6
-1.502, -6.010e-6
-1.501, -6.010e-6
-1.500, -6.010e-6
-1.499, -6.010e-6
-1.498, -6.010e-6
-1.497, -6.010e-6
-1.496, -6.010e-6
-1.495, -6.010e-6
-1.494, -6.010e-6
-1.493, -6.010e-6
-1.492, -6.010e-6
-1.491, -6.010e-6
-1.490, -6.010e-6
-1.489, -6.010e-6
-1.488, -6.010e-6
-1.487, -6.010e-6
-1.486, -6.010e-6
-1.485, -6.010e-6
-1.484, -6.010e-6
-1.483, -6.010e-6
-1.482, -6.010e-6
-1.481, -6.010e-6
-1.480, -6.010e-6
-1.479, -6.010e-6
-1.478, -6.010e-6
-1.477, -6.010e-6
-1.476, -6.010e-6
-1.475, -6.010e-6
-1.474, -6.010e-6
-1.473, -6.010e-6
-1.472, -6.010e-6
-1.471, -6.010e-6
-1.470, -6.010e-6
-1.469, -6.010e-6
-1.468, -9.093e-6
-1.467, -6.010e-6
-1.466, -6.010e-6
-1.465, -6.010e-6
-1.464, -6.010e-6
-1.463, -6.010e-6
-1.462, -9.093e-6
-1.461, -6.010e-6
-1.460, -6.010e-6
-1.459, -6.010e-6
-1.458, -6.010e-6
-1.457, -6.010e-6
-1.456, -6.010e-6
-1.455, -6.010e-6
-1.454, -6.010e-6
-1.453, -9.093e-6
-1.452, -9.093e-6
-1.451, -6.010e-6
-1.450, -6.010e-6
-1.449, -6.010e-6
-1.448, -6.010e-6
-1.447, -6.010e-6
-1.446, -6.010e-6
-1.445, -6.010e-6
-1.444, -6.010e-6
-1.443, -6.010e-6
-1.442, -6.010e-6
-1.441, -6.010e-6
-1.440, -6.010e-6
-1.439, -6.010e-6
-1.438, -6.010e-6
-1.437, -9.093e-6
-1.436, -6.010e-6
-1.435, -9.093e-6
-1.434, -9.093e-6
-1.433, -9.093e-6
-1.432, -6.010e-6
-1.431, -9.093e-6
-1.430, -6.010e-6
-1.429, -6.010e-6
-1.428, -6.010e-6
-1.427, -6.010e-6
-1.426, -6.010e-6
-1.425, -6.010e-6
-1.424, -6.010e-6
-1.423, -6.010e-6
-1.422, -6.010e-6
-1.421, -9.093e-6
-1.420, -9.093e-6
-1.419, -6.010e-6
-1.418, -9.093e-6
-1.417, -6.010e-6
-1.416, -9.093e-6
-1.415, -6.010e-6
-1.414, -6.010e-6
-1.413, -6.010e-6
-1.412, -6.010e-6
-1.411, -6.010e-6
-1.410, -6.010e-6
-1.409, -9.093e-6
-1.408, -9.093e-6
-1.407, -6.010e-6
-1.406, -9.093e-6
-1.405, -6.010e-6
-1.404, -6.010e-6
-1.403, -6.010e-6
-1.402, -6.010e-6
-1.401, -6.010e-6
-1.400, -9.093e-6
-1.399, -6.010e-6
-1.398, -9.093e-6
-1.397, -6.010e-6
-1.396, -6.010e-6
-1.395, -6.010e-6
-1.394, -6.010e-6
-1.393, -9.093e-6
-1.392, -6.010e-6
-1.391, -6.010e-6
-1.390, -6.010e-6
-1.389, -6.010e-6
-1.388, -6.010e-6
-1.387, -6.010e-6
-1.386, -9.093e-6
-1.385, -9.093e-6
-1.384, -9.093e-6
-1.383, -6.010e-6
-1.382, -9.093e-6
-1.381, -9.093e-6
-1.380, -6.010e-6
-1.379, -9.093e-6
-1.378, -6.010e-6
-1.377, -9.093e-6
-1.376, -6.010e-6
-1.375, -6.010e-6
-1.374, -6.010e-6
-1.373, -9.093e-6
-1.372, -6.010e-6
-1.371, -9.093e-6
-1.370, -6.010e-6
-1.369, -9.093e-6
-1.368, -9.093e-6
-1.367, -9.093e-6
-1.366, -9.093e-6
-1.365, -9.093e-6
-1.364, -6.010e-6
-1.363, -9.093e-6
-1.362, -6.010e-6
-1.361, -9.093e-6
-1.360, -9.093e-6
-1.359, -6.010e-6
-1.358, -9.093e-6
-1.357, -6.010e-6
-1.356, -9.093e-6
-1.355, -9.093e-6
-1.354, -6.010e-6
-1.353, -9.093e-6
-1.352, -9.093e-6
-1.351, -9.093e-6
-1.350, -6.010e-6
-1.349, -9.093e-6
-1.348, -9.093e-6
-1.347, -6.010e-6
-1.346, -9.093e-6
-1.345, -9.093e-6
-1.344, -9.093e-6
-1.343, -9.093e-6
-1.342, -9.093e-6
-1.341, -9.093e-6
-1.340, -9.093e-6
-1.339, -9.093e-6
-1.338, -9.093e-6
-1.337, -6.010e-6
-1.336, -6.010e-6
-1.335, -9.093e-6
-1.334, -9.093e-6
-1.333, -6.010e-6
-1.332, -9.093e-6
-1.331, -9.093e-6
-1.330, -9.093e-6
-1.329, -9.093e-6
-1.328, -9.093e-6
-1.327, -6.010e-6
-1.326, -9.093e-6
-1.325, -6.010e-6
-1.324, -9.093e-6
-1.323, -6.010e-6
-1.322, -9.093e-6
-1.321, -9.093e-6
-1.320, -9.093e-6
-1.319, -9.093e-6
-1.318, -9.093e-6
-1.317, -9.093e-6
-1.316, -9.093e-6
-1.315, -9.093e-6
-1.314, -6.010e-6
-1.313, -9.093e-6
-1.312, -9.093e-6
-1.311, -9.093e-6
-1.310, -9.093e-6
-1.309, -6.010e-6
-1.308, -9.093e-6
-1.307, -9.093e-6
-1.306, -9.093e-6
-1.305, -9.093e-6
-1.304, -6.010e-6
-1.303, -9.093e-6
-1.302, -9.093e-6
-1.301, -9.093e-6
-1.300, -9.093e-6
-1.299, -9.093e-6
-1.298, -9.093e-6
-1.297, -9.093e-6
-1.296, -6.010e-6
-1.295, -9.093e-6
-1.294, -9.093e-6
-1.293, -9.093e-6
-1.292, -9.093e-6
-1.291, -9.093e-6
-1.290, -9.093e-6
-1.289, -9.093e-6
-1.288, -9.093e-6
-1.287, -9.093e-6
-1.286, -9.093e-6
-1.285, -9.093e-6
-1.284, -9.093e-6
-1.283, -9.093e-6
-1.282, -9.093e-6
-1.281, -9.093e-6
-1.280, -9.093e-6
-1.279, -9.093e-6
-1.278, -9.093e-6
-1.277, -6.010e-6
-1.276, -9.093e-6
-1.275, -9.093e-6
-1.274, -9.093e-6
-1.273, -9.093e-6
-1.272, -9.093e-6
-1.271, -9.093e-6
-1.270, -9.093e-6
-1.269, -6.010e-6
-1.268, -9.093e-6
-1.267, -6.010e-6
-1.266, -9.093e-6
-1.265, -9.093e-6
-1.264, -9.093e-6
-1.263, -6.010e-6
-1.262, -9.093e-6
-1.261, -9.093e-6
-1.260, -9.093e-6
-1.259, -9.093e-6
-1.258, -9.093e-6
-1.257, -9.093e-6
-1.256, -9.093e-6
-1.255, -9.093e-6
-1.254, -9.093e-6
-1.253, -9.093e-6
-1.252, -9.093e-6
-1.251, -9.093e-6
-1.250, -6.010e-6
-1.249, -9.093e-6
-1.248, -9.093e-6
-1.247, -9.093e-6
-1.246, -9.093e-6
-1.245, -9.093e-6
-1.244, -9.093e-6
-1.243, -9.093e-6
-1.242, -9.093e-6
-1.241, -9.093e-6
-1.240, -9.093e-6
-1.239, -9.093e-6
-1.238, -9.093e-6
-1.237, -9.093e-6
-1.236, -9.093e-6
-1.235, -9.093e-6
-1.234, -9.093e-6
-1.233, -9.093e-6
-1.232, -9.093e-6
-1.231, -9.093e-6
-1.230, -9.093e-6
-1.229, -9.093e-6
-1.228, -9.093e-6
-1.227, -9.093e-6
-1.226, -9.093e-6
-1.225, -9.093e-6
-1.224, -9.093e-6
-1.223, -9.093e-6
-1.222, -9.093e-6
-1.221, -9.093e-6
-1.220, -9.093e-6
-1.219, -9.093e-6
-1.218, -9.093e-6
-1.217, -9.093e-6
-1.216, -9.093e-6
-1.215, -9.093e-6
-1.214, -9.093e-6
-1.213, -9.093e-6
-1.212, -9.093e-6
-1.211, -9.093e-6
-1.210, -9.093e-6
-1.209, -9.093e-6
-1.208, -9.093e-6
-1.207, -6.010e-6
-1.206, -9.093e-6
-1.205, -6.010e-6
-1.204, -9.093e-6
-1.203, -9.093e-6
-1.202, -6.010e-6
-1.201, -9.093e-6
-1.200, -9.093e-6
-1.199, -9.093e-6
-1.198, -9.093e-6
-1.197, -9.093e-6
-1.196, -9.093e-6
-1.195, -9.093e-6
-1.194, -9.093e-6
-1.193, -9.093e-6
-1.192, -9.093e-6
-1.191, -9.093e-6
-1.190, -9.093e-6
-1.189, -9.093e-6
-1.188, -9.093e-6
-1.187, -9.093e-6
-1.186, -9.093e-6
-1.185, -9.093e-6
-1.184, -9.093e-6
-1.183, -9.093e-6
-1.182, -9.093e-6
-1.181, -9.093e-6
-1.180, -9.093e-6
-1.179, -9.093e-6
-1.178, -9.093e-6
-1.177, -9.093e-6
-1.176, -9.093e-6
-1.175, -9.093e-6
-1.174, -9.093e-6
-1.173, -9.093e-6
-1.172, -9.093e-6
-1.171, -9.093e-6
-1.170, -9.093e-6
-1.169, -9.093e-6
-1.168, -9.093e-6
-1.167, -9.093e-6
-1.166, -9.093e-6
-1.165, -9.093e-6
-1.164, -9.093e-6
-1.163, -9.093e-6
-1.162, -9.093e-6
-1.161, -9.093e-6
-1.160, -9.093e-6
-1.159, -9.093e-6
-1.158, -9.093e-6
-1.157, -9.093e-6
-1.156, -9.093e-6
-1.155, -9.093e-6
-1.154, -9.093e-6
-1.153, -9.093e-6
-1.152, -9.093e-6
-1.151, -9.093e-6
-1.150, -9.093e-6
-1.149, -9.093e-6
-1.148, -9.093e-6
-1.147, -9.093e-6
-1.146, -9.093e-6
-1.145, -9.093e-6
-1.144, -9.093e-6
-1.143, -9.093e-6
-1.142, -9.093e-6
-1.141, -9.093e-6
-1.140, -9.093e-6
-1.139, -9.093e-6
-1.138, -9.093e-6
-1.137, -9.093e-6
-1.136, -9.093e-6
-1.135, -9.093e-6
-1.134, -9.093e-6
-1.133, -9.093e-6
-1.132, -9.093e-6
-1.131, -9.093e-6
-1.130, -9.093e-6
-1.129, -9.093e-6
-1.128, -9.093e-6
-1.127, -9.093e-6
-1.126, -9.093e-6
-1.125, -9.093e-6
-1.124, -9.093e-6
-1.123, -9.093e-6
-1.122, -9.093e-6
-1.121, -9.093e-6
-1.120, -9.093e-6
-1.119, -9.093e-6
-1.118, -9.093e-6
-1.117, -9.093e-6
-1.116, -9.093e-6
-1.115, -9.093e-6
-1.114, -9.093e-6
-1.113, -9.093e-6
-1.112, -9.093e-6
-1.111, -9.093e-6
-1.110, -9.093e-6
-1.109, -9.093e-6
-1.108, -9.093e-6
-1.107, -9.093e-6
-1.106, -9.093e-6
-1.105, -9.093e-6
-1.104, -9.093e-6
-1.103, -9.093e-6
-1.102, -9.093e-6
-1.101, -9.093e-6
-1.100, -9.093e-6
-1.099, -9.093e-6
-1.098, -9.093e-6
-1.097, -9.093e-6
-1.096, -9.093e-6
-1.095, -9.093e-6
-1.094, -9.093e-6
-1.093, -9.093e-6
-1.092, -9.093e-6
-1.091, -9.093e-6
-1.090, -9.093e-6
-1.089, -9.093e-6
-1.088, -9.093e-6
-1.087, -9.093e-6
-1.086, -9.093e-6
-1.085, -9.093e-6
-1.084, -9.093e-6
-1.083, -9.093e-6
-1.082, -9.093e-6
-1.081, -9.093e-6
-1.080, -9.093e-6
-1.079, -9.093e-6
-1.078, -9.093e-6
-1.077, -9.093e-6
-1.076, -9.093e-6
-1.075, -9.093e-6
-1.074, -9.093e-6
-1.073, -9.093e-6
-1.072, -9.093e-6
-1.071, -9.093e-6
-1.070, -9.093e-6
-1.069, -9.093e-6
-1.068, -9.093e-6
-1.067, -9.093e-6
-1.066, -9.093e-6
-1.065, -9.093e-6
-1.064, -9.093e-6
-1.063, -9.093e-6
-1.062, -9.093e-6
-1.061, -9.093e-6
-1.060, -9.093e-6
-1.059, -9.093e-6
-1.058, -9.093e-6
-1.057, -9.093e-6
-1.056, -9.093e-6
-1.055, -9.093e-6
-1.054, -9.093e-6
-1.053, -9.093e-6
-1.052, -9.093e-6
-1.051, -9.093e-6
-1.050, -9.093e-6
-1.049, -9.093e-6
-1.048, -9.093e-6
-1.047, -1.218e-5
-1.046, -9.093e-6
-1.045, -9.093e-6
-1.044, -9.093e-6
-1.043, -9.093e-6
-1.042, -9.093e-6
-1.041, -9.093e-6
-1.040, -9.093e-6
-1.039, -9.093e-6
-1.038, -9.093e-6
-1.037, -9.093e-6
-1.036, -9.093e-6
-1.035, -9.093e-6
-1.034, -1.218e-5
-1.033, -1.218e-5
-1.032, -9.093e-6
-1.031, -1.218e-5
-1.030, -1.218e-5
-1.029, -9.093e-6
-1.028, -9.093e-6
-1.027, -9.093e-6
-1.026, -1.218e-5
-1.025, -9.093e-6
-1.024, -9.093e-6
-1.023, -9.093e-6
-1.022, -1.218e-5
-1.021, -9.093e-6
-1.020, -9.093e-6
-1.019, -9.093e-6
-1.018, -1.218e-5
-1.017, -9.093e-6
-1.016, -1.218e-5
-1.015, -9.093e-6
-1.014, -9.093e-6
-1.013, -9.093e-6
-1.012, -9.093e-6
-1.011, -9.093e-6
-1.010, -9.093e-6
-1.009, -9.093e-6
-1.008, -1.218e-5
-1.007, -9.093e-6
-1.006, -9.093e-6
-1.005, -1.218e-5
-1.004, -1.218e-5
-1.003, -9.093e-6
-1.002, -1.218e-5
-1.001, -1.218e-5
