June 25, 2026   07:01:54
Linear Sweep Voltammetry
File: c:/users/guazh/data/20260623_doe_duplica2/2026-06-24-exp3\post-regen1-2026-06-25t06_58_41-lsvinphos\post-regen1_lsv_50mvs_efin_-2300mv.bin
Data Source:  Experiment
Instrument Model:  CHI760E
Header: LSV ran at 50 mVs with Efin at -2300mV
Note: 

Init E (V) = -0.6
Final E (V) = -2.3
Scan Rate (V/s) = 0.05
Sample Interval (V) = 0.001
Quiet Time (sec) = 2
Sensitivity (A/V) = 1e-4
Comp R (ohm) = 19.4

Results:

Channel 1:
Ep = -1.258V
ip = 4.512e-5A
Ah = 8.416e-5C

Ep = -1.843V
ip = 7.948e-4A
Ah = 7.695e-4C

Potential/V, Current/A

-0.600, 2.334e-5
-0.601, 2.413e-5
-0.602, 2.433e-5
-0.603, 2.433e-5
-0.604, 2.429e-5
-0.605, 2.423e-5
-0.606, 2.419e-5
-0.607, 2.412e-5
-0.608, 2.406e-5
-0.609, 2.400e-5
-0.610, 2.392e-5
-0.611, 2.385e-5
-0.612, 2.379e-5
-0.613, 2.373e-5
-0.614, 2.367e-5
-0.615, 2.360e-5
-0.616, 2.352e-5
-0.617, 2.345e-5
-0.618, 2.337e-5
-0.619, 2.331e-5
-0.620, 2.324e-5
-0.621, 2.316e-5
-0.622, 2.310e-5
-0.623, 2.302e-5
-0.624, 2.295e-5
-0.625, 2.289e-5
-0.626, 2.282e-5
-0.627, 2.276e-5
-0.628, 2.269e-5
-0.629, 2.261e-5
-0.630, 2.255e-5
-0.631, 2.249e-5
-0.632, 2.243e-5
-0.633, 2.236e-5
-0.634, 2.230e-5
-0.635, 2.224e-5
-0.636, 2.217e-5
-0.637, 2.211e-5
-0.638, 2.206e-5
-0.639, 2.200e-5
-0.640, 2.194e-5
-0.641, 2.189e-5
-0.642, 2.182e-5
-0.643, 2.177e-5
-0.644, 2.172e-5
-0.645, 2.166e-5
-0.646, 2.161e-5
-0.647, 2.155e-5
-0.648, 2.149e-5
-0.649, 2.144e-5
-0.650, 2.138e-5
-0.651, 2.133e-5
-0.652, 2.128e-5
-0.653, 2.122e-5
-0.654, 2.118e-5
-0.655, 2.112e-5
-0.656, 2.107e-5
-0.657, 2.102e-5
-0.658, 2.097e-5
-0.659, 2.093e-5
-0.660, 2.087e-5
-0.661, 2.082e-5
-0.662, 2.078e-5
-0.663, 2.072e-5
-0.664, 2.068e-5
-0.665, 2.065e-5
-0.666, 2.062e-5
-0.667, 2.057e-5
-0.668, 2.052e-5
-0.669, 2.046e-5
-0.670, 2.042e-5
-0.671, 2.037e-5
-0.672, 2.032e-5
-0.673, 2.028e-5
-0.674, 2.022e-5
-0.675, 2.019e-5
-0.676, 2.014e-5
-0.677, 2.009e-5
-0.678, 2.006e-5
-0.679, 2.001e-5
-0.680, 1.998e-5
-0.681, 1.995e-5
-0.682, 1.991e-5
-0.683, 1.987e-5
-0.684, 1.983e-5
-0.685, 1.978e-5
-0.686, 1.975e-5
-0.687, 1.970e-5
-0.688, 1.967e-5
-0.689, 1.963e-5
-0.690, 1.958e-5
-0.691, 1.955e-5
-0.692, 1.951e-5
-0.693, 1.947e-5
-0.694, 1.944e-5
-0.695, 1.939e-5
-0.696, 1.940e-5
-0.697, 1.946e-5
-0.698, 1.939e-5
-0.699, 1.933e-5
-0.700, 1.927e-5
-0.701, 1.923e-5
-0.702, 1.919e-5
-0.703, 1.913e-5
-0.704, 1.909e-5
-0.705, 1.905e-5
-0.706, 1.901e-5
-0.707, 1.897e-5
-0.708, 1.893e-5
-0.709, 1.889e-5
-0.710, 1.886e-5
-0.711, 1.882e-5
-0.712, 1.878e-5
-0.713, 1.874e-5
-0.714, 1.870e-5
-0.715, 1.867e-5
-0.716, 1.864e-5
-0.717, 1.860e-5
-0.718, 1.857e-5
-0.719, 1.853e-5
-0.720, 1.850e-5
-0.721, 1.847e-5
-0.722, 1.844e-5
-0.723, 1.841e-5
-0.724, 1.838e-5
-0.725, 1.835e-5
-0.726, 1.832e-5
-0.727, 1.828e-5
-0.728, 1.825e-5
-0.729, 1.823e-5
-0.730, 1.820e-5
-0.731, 1.818e-5
-0.732, 1.815e-5
-0.733, 1.812e-5
-0.734, 1.810e-5
-0.735, 1.807e-5
-0.736, 1.805e-5
-0.737, 1.803e-5
-0.738, 1.800e-5
-0.739, 1.798e-5
-0.740, 1.796e-5
-0.741, 1.794e-5
-0.742, 1.792e-5
-0.743, 1.790e-5
-0.744, 1.787e-5
-0.745, 1.785e-5
-0.746, 1.782e-5
-0.747, 1.780e-5
-0.748, 1.777e-5
-0.749, 1.775e-5
-0.750, 1.773e-5
-0.751, 1.771e-5
-0.752, 1.768e-5
-0.753, 1.767e-5
-0.754, 1.765e-5
-0.755, 1.763e-5
-0.756, 1.762e-5
-0.757, 1.761e-5
-0.758, 1.760e-5
-0.759, 1.758e-5
-0.760, 1.756e-5
-0.761, 1.755e-5
-0.762, 1.754e-5
-0.763, 1.752e-5
-0.764, 1.751e-5
-0.765, 1.750e-5
-0.766, 1.748e-5
-0.767, 1.747e-5
-0.768, 1.747e-5
-0.769, 1.746e-5
-0.770, 1.744e-5
-0.771, 1.743e-5
-0.772, 1.742e-5
-0.773, 1.741e-5
-0.774, 1.741e-5
-0.775, 1.740e-5
-0.776, 1.738e-5
-0.777, 1.737e-5
-0.778, 1.735e-5
-0.779, 1.735e-5
-0.780, 1.734e-5
-0.781, 1.734e-5
-0.782, 1.733e-5
-0.783, 1.731e-5
-0.784, 1.731e-5
-0.785, 1.731e-5
-0.786, 1.730e-5
-0.787, 1.729e-5
-0.788, 1.729e-5
-0.789, 1.727e-5
-0.790, 1.727e-5
-0.791, 1.726e-5
-0.792, 1.725e-5
-0.793, 1.725e-5
-0.794, 1.725e-5
-0.795, 1.723e-5
-0.796, 1.721e-5
-0.797, 1.721e-5
-0.798, 1.721e-5
-0.799, 1.719e-5
-0.800, 1.718e-5
-0.801, 1.718e-5
-0.802, 1.718e-5
-0.803, 1.718e-5
-0.804, 1.718e-5
-0.805, 1.717e-5
-0.806, 1.717e-5
-0.807, 1.717e-5
-0.808, 1.716e-5
-0.809, 1.716e-5
-0.810, 1.714e-5
-0.811, 1.715e-5
-0.812, 1.714e-5
-0.813, 1.714e-5
-0.814, 1.714e-5
-0.815, 1.713e-5
-0.816, 1.713e-5
-0.817, 1.713e-5
-0.818, 1.713e-5
-0.819, 1.714e-5
-0.820, 1.715e-5
-0.821, 1.714e-5
-0.822, 1.713e-5
-0.823, 1.713e-5
-0.824, 1.713e-5
-0.825, 1.713e-5
-0.826, 1.713e-5
-0.827, 1.714e-5
-0.828, 1.714e-5
-0.829, 1.715e-5
-0.830, 1.716e-5
-0.831, 1.715e-5
-0.832, 1.716e-5
-0.833, 1.716e-5
-0.834, 1.716e-5
-0.835, 1.716e-5
-0.836, 1.715e-5
-0.837, 1.715e-5
-0.838, 1.716e-5
-0.839, 1.716e-5
-0.840, 1.716e-5
-0.841, 1.717e-5
-0.842, 1.716e-5
-0.843, 1.716e-5
-0.844, 1.716e-5
-0.845, 1.717e-5
-0.846, 1.717e-5
-0.847, 1.717e-5
-0.848, 1.718e-5
-0.849, 1.719e-5
-0.850, 1.719e-5
-0.851, 1.720e-5
-0.852, 1.720e-5
-0.853, 1.721e-5
-0.854, 1.722e-5
-0.855, 1.722e-5
-0.856, 1.724e-5
-0.857, 1.725e-5
-0.858, 1.725e-5
-0.859, 1.727e-5
-0.860, 1.728e-5
-0.861, 1.729e-5
-0.862, 1.729e-5
-0.863, 1.730e-5
-0.864, 1.732e-5
-0.865, 1.734e-5
-0.866, 1.735e-5
-0.867, 1.737e-5
-0.868, 1.738e-5
-0.869, 1.739e-5
-0.870, 1.740e-5
-0.871, 1.742e-5
-0.872, 1.743e-5
-0.873, 1.744e-5
-0.874, 1.745e-5
-0.875, 1.747e-5
-0.876, 1.749e-5
-0.877, 1.751e-5
-0.878, 1.753e-5
-0.879, 1.754e-5
-0.880, 1.756e-5
-0.881, 1.758e-5
-0.882, 1.760e-5
-0.883, 1.762e-5
-0.884, 1.764e-5
-0.885, 1.765e-5
-0.886, 1.767e-5
-0.887, 1.769e-5
-0.888, 1.770e-5
-0.889, 1.773e-5
-0.890, 1.776e-5
-0.891, 1.778e-5
-0.892, 1.779e-5
-0.893, 1.780e-5
-0.894, 1.783e-5
-0.895, 1.785e-5
-0.896, 1.787e-5
-0.897, 1.790e-5
-0.898, 1.791e-5
-0.899, 1.794e-5
-0.900, 1.797e-5
-0.901, 1.799e-5
-0.902, 1.801e-5
-0.903, 1.803e-5
-0.904, 1.806e-5
-0.905, 1.809e-5
-0.906, 1.812e-5
-0.907, 1.814e-5
-0.908, 1.817e-5
-0.909, 1.821e-5
-0.910, 1.824e-5
-0.911, 1.826e-5
-0.912, 1.830e-5
-0.913, 1.834e-5
-0.914, 1.836e-5
-0.915, 1.840e-5
-0.916, 1.843e-5
-0.917, 1.847e-5
-0.918, 1.851e-5
-0.919, 1.854e-5
-0.920, 1.857e-5
-0.921, 1.861e-5
-0.922, 1.864e-5
-0.923, 1.869e-5
-0.924, 1.874e-5
-0.925, 1.877e-5
-0.926, 1.882e-5
-0.927, 1.886e-5
-0.928, 1.891e-5
-0.929, 1.895e-5
-0.930, 1.898e-5
-0.931, 1.903e-5
-0.932, 1.908e-5
-0.933, 1.913e-5
-0.934, 1.920e-5
-0.935, 1.925e-5
-0.936, 1.931e-5
-0.937, 1.938e-5
-0.938, 1.943e-5
-0.939, 1.950e-5
-0.940, 1.957e-5
-0.941, 1.963e-5
-0.942, 1.970e-5
-0.943, 1.978e-5
-0.944, 1.986e-5
-0.945, 1.995e-5
-0.946, 2.004e-5
-0.947, 2.013e-5
-0.948, 2.023e-5
-0.949, 2.033e-5
-0.950, 2.043e-5
-0.951, 2.053e-5
-0.952, 2.064e-5
-0.953, 2.075e-5
-0.954, 2.085e-5
-0.955, 2.097e-5
-0.956, 2.109e-5
-0.957, 2.122e-5
-0.958, 2.136e-5
-0.959, 2.150e-5
-0.960, 2.165e-5
-0.961, 2.179e-5
-0.962, 2.194e-5
-0.963, 2.208e-5
-0.964, 2.223e-5
-0.965, 2.239e-5
-0.966, 2.255e-5
-0.967, 2.271e-5
-0.968, 2.287e-5
-0.969, 2.304e-5
-0.970, 2.320e-5
-0.971, 2.337e-5
-0.972, 2.354e-5
-0.973, 2.373e-5
-0.974, 2.390e-5
-0.975, 2.407e-5
-0.976, 2.424e-5
-0.977, 2.440e-5
-0.978, 2.458e-5
-0.979, 2.475e-5
-0.980, 2.491e-5
-0.981, 2.509e-5
-0.982, 2.526e-5
-0.983, 2.542e-5
-0.984, 2.558e-5
-0.985, 2.574e-5
-0.986, 2.590e-5
-0.987, 2.605e-5
-0.988, 2.621e-5
-0.989, 2.635e-5
-0.990, 2.650e-5
-0.991, 2.663e-5
-0.992, 2.676e-5
-0.993, 2.690e-5
-0.994, 2.703e-5
-0.995, 2.716e-5
-0.996, 2.728e-5
-0.997, 2.740e-5
-0.998, 2.751e-5
-0.999, 2.761e-5
-1.000, 2.773e-5
-1.001, 2.783e-5
-1.002, 2.792e-5
-1.003, 2.803e-5
-1.004, 2.812e-5
-1.005, 2.821e-5
-1.006, 2.830e-5
-1.007, 2.839e-5
-1.008, 2.848e-5
-1.009, 2.857e-5
-1.010, 2.866e-5
-1.011, 2.875e-5
-1.012, 2.883e-5
-1.013, 2.890e-5
-1.014, 2.898e-5
-1.015, 2.906e-5
-1.016, 2.914e-5
-1.017, 2.921e-5
-1.018, 2.926e-5
-1.019, 2.935e-5
-1.020, 2.942e-5
-1.021, 2.948e-5
-1.022, 2.956e-5
-1.023, 2.963e-5
-1.024, 2.972e-5
-1.025, 2.980e-5
-1.026, 2.987e-5
-1.027, 2.994e-5
-1.028, 3.001e-5
-1.029, 3.008e-5
-1.030, 3.017e-5
-1.031, 3.024e-5
-1.032, 3.032e-5
-1.033, 3.041e-5
-1.034, 3.049e-5
-1.035, 3.058e-5
-1.036, 3.067e-5
-1.037, 3.076e-5
-1.038, 3.085e-5
-1.039, 3.094e-5
-1.040, 3.105e-5
-1.041, 3.116e-5
-1.042, 3.125e-5
-1.043, 3.136e-5
-1.044, 3.146e-5
-1.045, 3.157e-5
-1.046, 3.169e-5
-1.047, 3.181e-5
-1.048, 3.193e-5
-1.049, 3.205e-5
-1.050, 3.217e-5
-1.051, 3.230e-5
-1.052, 3.243e-5
-1.053, 3.255e-5
-1.054, 3.269e-5
-1.055, 3.281e-5
-1.056, 3.296e-5
-1.057, 3.310e-5
-1.058, 3.324e-5
-1.059, 3.340e-5
-1.060, 3.355e-5
-1.061, 3.369e-5
-1.062, 3.384e-5
-1.063, 3.399e-5
-1.064, 3.414e-5
-1.065, 3.431e-5
-1.066, 3.446e-5
-1.067, 3.463e-5
-1.068, 3.479e-5
-1.069, 3.494e-5
-1.070, 3.511e-5
-1.071, 3.528e-5
-1.072, 3.546e-5
-1.073, 3.563e-5
-1.074, 3.581e-5
-1.075, 3.599e-5
-1.076, 3.617e-5
-1.077, 3.634e-5
-1.078, 3.654e-5
-1.079, 3.673e-5
-1.080, 3.691e-5
-1.081, 3.709e-5
-1.082, 3.727e-5
-1.083, 3.747e-5
-1.084, 3.767e-5
-1.085, 3.785e-5
-1.086, 3.805e-5
-1.087, 3.825e-5
-1.088, 3.845e-5
-1.089, 3.866e-5
-1.090, 3.887e-5
-1.091, 3.908e-5
-1.092, 3.930e-5
-1.093, 3.951e-5
-1.094, 3.972e-5
-1.095, 3.994e-5
-1.096, 4.015e-5
-1.097, 4.037e-5
-1.098, 4.060e-5
-1.099, 4.082e-5
-1.100, 4.106e-5
-1.101, 4.128e-5
-1.102, 4.153e-5
-1.103, 4.176e-5
-1.104, 4.201e-5
-1.105, 4.225e-5
-1.106, 4.250e-5
-1.107, 4.275e-5
-1.108, 4.301e-5
-1.109, 4.329e-5
-1.110, 4.354e-5
-1.111, 4.378e-5
-1.112, 4.405e-5
-1.113, 4.433e-5
-1.114, 4.459e-5
-1.115, 4.485e-5
-1.116, 4.516e-5
-1.117, 4.547e-5
-1.118, 4.575e-5
-1.119, 4.602e-5
-1.120, 4.630e-5
-1.121, 4.659e-5
-1.122, 4.688e-5
-1.123, 4.716e-5
-1.124, 4.746e-5
-1.125, 4.777e-5
-1.126, 4.807e-5
-1.127, 4.837e-5
-1.128, 4.870e-5
-1.129, 4.902e-5
-1.130, 4.935e-5
-1.131, 4.965e-5
-1.132, 4.997e-5
-1.133, 5.032e-5
-1.134, 5.065e-5
-1.135, 5.096e-5
-1.136, 5.129e-5
-1.137, 5.164e-5
-1.138, 5.197e-5
-1.139, 5.230e-5
-1.140, 5.264e-5
-1.141, 5.295e-5
-1.142, 5.330e-5
-1.143, 5.366e-5
-1.144, 5.403e-5
-1.145, 5.439e-5
-1.146, 5.474e-5
-1.147, 5.512e-5
-1.148, 5.552e-5
-1.149, 5.586e-5
-1.150, 5.622e-5
-1.151, 5.661e-5
-1.152, 5.701e-5
-1.153, 5.738e-5
-1.154, 5.774e-5
-1.155, 5.814e-5
-1.156, 5.854e-5
-1.157, 5.893e-5
-1.158, 5.934e-5
-1.159, 5.972e-5
-1.160, 6.011e-5
-1.161, 6.049e-5
-1.162, 6.091e-5
-1.163, 6.132e-5
-1.164, 6.170e-5
-1.165, 6.209e-5
-1.166, 6.249e-5
-1.167, 6.287e-5
-1.168, 6.327e-5
-1.169, 6.365e-5
-1.170, 6.399e-5
-1.171, 6.437e-5
-1.172, 6.475e-5
-1.173, 6.511e-5
-1.174, 6.549e-5
-1.175, 6.582e-5
-1.176, 6.619e-5
-1.177, 6.658e-5
-1.178, 6.699e-5
-1.179, 6.738e-5
-1.180, 6.778e-5
-1.181, 6.815e-5
-1.182, 6.850e-5
-1.183, 6.884e-5
-1.184, 6.926e-5
-1.185, 6.962e-5
-1.186, 6.993e-5
-1.187, 7.034e-5
-1.188, 7.074e-5
-1.189, 7.112e-5
-1.190, 7.152e-5
-1.191, 7.186e-5
-1.192, 7.221e-5
-1.193, 7.260e-5
-1.194, 7.300e-5
-1.195, 7.338e-5
-1.196, 7.372e-5
-1.197, 7.413e-5
-1.198, 7.452e-5
-1.199, 7.494e-5
-1.200, 7.538e-5
-1.201, 7.576e-5
-1.202, 7.616e-5
-1.203, 7.658e-5
-1.204, 7.696e-5
-1.205, 7.731e-5
-1.206, 7.769e-5
-1.207, 7.809e-5
-1.208, 7.851e-5
-1.209, 7.896e-5
-1.210, 7.937e-5
-1.211, 7.981e-5
-1.212, 8.019e-5
-1.213, 8.056e-5
-1.214, 8.102e-5
-1.215, 8.145e-5
-1.216, 8.185e-5
-1.217, 8.227e-5
-1.218, 8.264e-5
-1.219, 8.304e-5
-1.220, 8.336e-5
-1.221, 8.372e-5
-1.222, 8.407e-5
-1.223, 8.442e-5
-1.224, 8.478e-5
-1.225, 8.518e-5
-1.226, 8.554e-5
-1.227, 8.591e-5
-1.228, 8.635e-5
-1.229, 8.675e-5
-1.230, 8.706e-5
-1.231, 8.744e-5
-1.232, 8.779e-5
-1.233, 8.813e-5
-1.234, 8.849e-5
-1.235, 8.885e-5
-1.236, 8.917e-5
-1.237, 8.950e-5
-1.238, 8.975e-5
-1.239, 8.995e-5
-1.240, 9.024e-5
-1.241, 9.059e-5
-1.242, 9.094e-5
-1.243, 9.110e-5
-1.244, 9.126e-5
-1.245, 9.154e-5
-1.246, 9.183e-5
-1.247, 9.204e-5
-1.248, 9.223e-5
-1.249, 9.243e-5
-1.250, 9.261e-5
-1.251, 9.274e-5
-1.252, 9.284e-5
-1.253, 9.293e-5
-1.254, 9.295e-5
-1.255, 9.298e-5
-1.256, 9.309e-5
-1.257, 9.318e-5
-1.258, 9.323e-5
-1.259, 9.319e-5
-1.260, 9.307e-5
-1.261, 9.301e-5
-1.262, 9.296e-5
-1.263, 9.283e-5
-1.264, 9.259e-5
-1.265, 9.239e-5
-1.266, 9.216e-5
-1.267, 9.189e-5
-1.268, 9.163e-5
-1.269, 9.137e-5
-1.270, 9.106e-5
-1.271, 9.072e-5
-1.272, 9.035e-5
-1.273, 9.004e-5
-1.274, 8.962e-5
-1.275, 8.921e-5
-1.276, 8.884e-5
-1.277, 8.846e-5
-1.278, 8.805e-5
-1.279, 8.758e-5
-1.280, 8.714e-5
-1.281, 8.669e-5
-1.282, 8.631e-5
-1.283, 8.593e-5
-1.284, 8.549e-5
-1.285, 8.500e-5
-1.286, 8.457e-5
-1.287, 8.411e-5
-1.288, 8.358e-5
-1.289, 8.305e-5
-1.290, 8.255e-5
-1.291, 8.207e-5
-1.292, 8.161e-5
-1.293, 8.124e-5
-1.294, 8.086e-5
-1.295, 8.042e-5
-1.296, 8.009e-5
-1.297, 7.976e-5
-1.298, 7.948e-5
-1.299, 7.927e-5
-1.300, 7.906e-5
-1.301, 7.880e-5
-1.302, 7.853e-5
-1.303, 7.830e-5
-1.304, 7.808e-5
-1.305, 7.781e-5
-1.306, 7.765e-5
-1.307, 7.755e-5
-1.308, 7.746e-5
-1.309, 7.728e-5
-1.310, 7.714e-5
-1.311, 7.702e-5
-1.312, 7.699e-5
-1.313, 7.699e-5
-1.314, 7.683e-5
-1.315, 7.675e-5
-1.316, 7.670e-5
-1.317, 7.660e-5
-1.318, 7.660e-5
-1.319, 7.659e-5
-1.320, 7.663e-5
-1.321, 7.665e-5
-1.322, 7.672e-5
-1.323, 7.673e-5
-1.324, 7.673e-5
-1.325, 7.670e-5
-1.326, 7.675e-5
-1.327, 7.674e-5
-1.328, 7.663e-5
-1.329, 7.658e-5
-1.330, 7.654e-5
-1.331, 7.644e-5
-1.332, 7.631e-5
-1.333, 7.631e-5
-1.334, 7.639e-5
-1.335, 7.639e-5
-1.336, 7.639e-5
-1.337, 7.639e-5
-1.338, 7.649e-5
-1.339, 7.664e-5
-1.340, 7.674e-5
-1.341, 7.685e-5
-1.342, 7.696e-5
-1.343, 7.710e-5
-1.344, 7.726e-5
-1.345, 7.741e-5
-1.346, 7.764e-5
-1.347, 7.780e-5
-1.348, 7.799e-5
-1.349, 7.825e-5
-1.350, 7.837e-5
-1.351, 7.860e-5
-1.352, 7.879e-5
-1.353, 7.904e-5
-1.354, 7.920e-5
-1.355, 7.944e-5
-1.356, 7.962e-5
-1.357, 7.991e-5
-1.358, 8.018e-5
-1.359, 8.036e-5
-1.360, 8.074e-5
-1.361, 8.123e-5
-1.362, 8.155e-5
-1.363, 8.174e-5
-1.364, 8.199e-5
-1.365, 8.222e-5
-1.366, 8.248e-5
-1.367, 8.271e-5
-1.368, 8.296e-5
-1.369, 8.336e-5
-1.370, 8.384e-5
-1.371, 8.433e-5
-1.372, 8.478e-5
-1.373, 8.496e-5
-1.374, 8.507e-5
-1.375, 8.541e-5
-1.376, 8.588e-5
-1.377, 8.637e-5
-1.378, 8.702e-5
-1.379, 8.746e-5
-1.380, 8.797e-5
-1.381, 8.840e-5
-1.382, 8.880e-5
-1.383, 8.925e-5
-1.384, 8.965e-5
-1.385, 9.011e-5
-1.386, 9.043e-5
-1.387, 9.063e-5
-1.388, 9.096e-5
-1.389, 9.145e-5
-1.390, 9.182e-5
-1.391, 9.254e-5
-1.392, 9.306e-5
-1.393, 9.349e-5
-1.394, 9.368e-5
-1.395, 9.384e-5
-1.396, 9.431e-5
-1.397, 9.469e-5
-1.398, 9.489e-5
-1.399, 9.509e-5
-1.400, 9.532e-5
-1.401, 9.588e-5
-1.402, 9.635e-5
-1.403, 9.703e-5
-1.404, 9.749e-5
-1.405, 9.801e-5
-1.406, 9.821e-5
-1.407, 9.864e-5
-1.408, 9.925e-5
-1.409, 9.935e-5
-1.410, 9.956e-5
-1.411, 1.002e-4
-1.412, 1.005e-4
-1.413, 1.007e-4
-1.414, 1.010e-4
-1.415, 1.012e-4
-1.416, 1.016e-4
-1.417, 1.019e-4
-1.418, 1.024e-4
-1.419, 1.030e-4
-1.420, 1.035e-4
-1.421, 1.037e-4
-1.422, 1.039e-4
-1.423, 1.043e-4
-1.424, 1.046e-4
-1.425, 1.048e-4
-1.426, 1.045e-4
-1.427, 1.046e-4
-1.428, 1.047e-4
-1.429, 1.051e-4
-1.430, 1.055e-4
-1.431, 1.057e-4
-1.432, 1.057e-4
-1.433, 1.060e-4
-1.434, 1.059e-4
-1.435, 1.061e-4
-1.436, 1.065e-4
-1.437, 1.066e-4
-1.438, 1.065e-4
-1.439, 1.067e-4
-1.440, 1.068e-4
-1.441, 1.068e-4
-1.442, 1.067e-4
-1.443, 1.066e-4
-1.444, 1.066e-4
-1.445, 1.065e-4
-1.446, 1.063e-4
-1.447, 1.060e-4
-1.448, 1.058e-4
-1.449, 1.054e-4
-1.450, 1.051e-4
-1.451, 1.048e-4
-1.452, 1.042e-4
-1.453, 1.039e-4
-1.454, 1.035e-4
-1.455, 1.032e-4
-1.456, 1.029e-4
-1.457, 1.027e-4
-1.458, 1.025e-4
-1.459, 1.025e-4
-1.460, 1.024e-4
-1.461, 1.021e-4
-1.462, 1.019e-4
-1.463, 1.017e-4
-1.464, 1.017e-4
-1.465, 1.012e-4
-1.466, 1.009e-4
-1.467, 1.007e-4
-1.468, 1.005e-4
-1.469, 1.002e-4
-1.470, 1.000e-4
-1.471, 9.977e-5
-1.472, 9.967e-5
-1.473, 9.964e-5
-1.474, 9.981e-5
-1.475, 1.001e-4
-1.476, 1.002e-4
-1.477, 1.001e-4
-1.478, 1.000e-4
-1.479, 9.983e-5
-1.480, 9.972e-5
-1.481, 9.937e-5
-1.482, 9.925e-5
-1.483, 9.912e-5
-1.484, 9.893e-5
-1.485, 9.861e-5
-1.486, 9.839e-5
-1.487, 9.819e-5
-1.488, 9.811e-5
-1.489, 9.813e-5
-1.490, 9.823e-5
-1.491, 9.815e-5
-1.492, 9.790e-5
-1.493, 9.776e-5
-1.494, 9.784e-5
-1.495, 9.813e-5
-1.496, 9.822e-5
-1.497, 9.817e-5
-1.498, 9.802e-5
-1.499, 9.797e-5
-1.500, 9.812e-5
-1.501, 9.791e-5
-1.502, 9.801e-5
-1.503, 9.824e-5
-1.504, 9.868e-5
-1.505, 9.883e-5
-1.506, 9.879e-5
-1.507, 9.881e-5
-1.508, 9.888e-5
-1.509, 9.887e-5
-1.510, 9.883e-5
-1.511, 9.901e-5
-1.512, 9.942e-5
-1.513, 9.934e-5
-1.514, 9.931e-5
-1.515, 9.916e-5
-1.516, 9.921e-5
-1.517, 9.902e-5
-1.518, 9.879e-5
-1.519, 9.880e-5
-1.520, 9.892e-5
-1.521, 9.880e-5
-1.522, 9.879e-5
-1.523, 9.888e-5
-1.524, 9.884e-5
-1.525, 9.832e-5
-1.526, 9.789e-5
-1.527, 9.785e-5
-1.528, 9.785e-5
-1.529, 9.797e-5
-1.530, 9.790e-5
-1.531, 9.763e-5
-1.532, 9.740e-5
-1.533, 9.747e-5
-1.534, 9.743e-5
-1.535, 9.725e-5
-1.536, 9.699e-5
-1.537, 9.670e-5
-1.538, 9.653e-5
-1.539, 9.622e-5
-1.540, 9.587e-5
-1.541, 9.586e-5
-1.542, 9.565e-5
-1.543, 9.567e-5
-1.544, 9.577e-5
-1.545, 9.580e-5
-1.546, 9.602e-5
-1.547, 9.620e-5
-1.548, 9.638e-5
-1.549, 9.659e-5
-1.550, 9.713e-5
-1.551, 9.772e-5
-1.552, 9.799e-5
-1.553, 9.811e-5
-1.554, 9.818e-5
-1.555, 9.827e-5
-1.556, 9.848e-5
-1.557, 9.849e-5
-1.558, 9.882e-5
-1.559, 9.912e-5
-1.560, 9.919e-5
-1.561, 9.927e-5
-1.562, 9.945e-5
-1.563, 9.973e-5
-1.564, 1.001e-4
-1.565, 1.003e-4
-1.566, 1.008e-4
-1.567, 1.014e-4
-1.568, 1.017e-4
-1.569, 1.020e-4
-1.570, 1.021e-4
-1.571, 1.023e-4
-1.572, 1.026e-4
-1.573, 1.029e-4
-1.574, 1.032e-4
-1.575, 1.034e-4
-1.576, 1.037e-4
-1.577, 1.040e-4
-1.578, 1.044e-4
-1.579, 1.046e-4
-1.580, 1.045e-4
-1.581, 1.045e-4
-1.582, 1.046e-4
-1.583, 1.047e-4
-1.584, 1.049e-4
-1.585, 1.056e-4
-1.586, 1.063e-4
-1.587, 1.066e-4
-1.588, 1.072e-4
-1.589, 1.075e-4
-1.590, 1.071e-4
-1.591, 1.072e-4
-1.592, 1.075e-4
-1.593, 1.076e-4
-1.594, 1.079e-4
-1.595, 1.082e-4
-1.596, 1.086e-4
-1.597, 1.093e-4
-1.598, 1.097e-4
-1.599, 1.102e-4
-1.600, 1.106e-4
-1.601, 1.110e-4
-1.602, 1.116e-4
-1.603, 1.121e-4
-1.604, 1.126e-4
-1.605, 1.131e-4
-1.606, 1.133e-4
-1.607, 1.132e-4
-1.608, 1.136e-4
-1.609, 1.142e-4
-1.610, 1.145e-4
-1.611, 1.149e-4
-1.612, 1.151e-4
-1.613, 1.154e-4
-1.614, 1.159e-4
-1.615, 1.164e-4
-1.616, 1.171e-4
-1.617, 1.176e-4
-1.618, 1.181e-4
-1.619, 1.185e-4
-1.620, 1.188e-4
-1.621, 1.195e-4
-1.622, 1.200e-4
-1.623, 1.202e-4
-1.624, 1.206e-4
-1.625, 1.213e-4
-1.626, 1.220e-4
-1.627, 1.223e-4
-1.628, 1.228e-4
-1.629, 1.236e-4
-1.630, 1.243e-4
-1.631, 1.248e-4
-1.632, 1.255e-4
-1.633, 1.259e-4
-1.634, 1.263e-4
-1.635, 1.267e-4
-1.636, 1.275e-4
-1.637, 1.282e-4
-1.638, 1.292e-4
-1.639, 1.299e-4
-1.640, 1.307e-4
-1.641, 1.315e-4
-1.642, 1.323e-4
-1.643, 1.330e-4
-1.644, 1.336e-4
-1.645, 1.340e-4
-1.646, 1.348e-4
-1.647, 1.358e-4
-1.648, 1.369e-4
-1.649, 1.375e-4
-1.650, 1.382e-4
-1.651, 1.389e-4
-1.652, 1.394e-4
-1.653, 1.401e-4
-1.654, 1.410e-4
-1.655, 1.421e-4
-1.656, 1.431e-4
-1.657, 1.436e-4
-1.658, 1.443e-4
-1.659, 1.455e-4
-1.660, 1.463e-4
-1.661, 1.473e-4
-1.662, 1.480e-4
-1.663, 1.484e-4
-1.664, 1.492e-4
-1.665, 1.502e-4
-1.666, 1.514e-4
-1.667, 1.523e-4
-1.668, 1.530e-4
-1.669, 1.541e-4
-1.670, 1.550e-4
-1.671, 1.560e-4
-1.672, 1.571e-4
-1.673, 1.582e-4
-1.674, 1.593e-4
-1.675, 1.604e-4
-1.676, 1.616e-4
-1.677, 1.625e-4
-1.678, 1.635e-4
-1.679, 1.643e-4
-1.680, 1.653e-4
-1.681, 1.665e-4
-1.682, 1.676e-4
-1.683, 1.687e-4
-1.684, 1.696e-4
-1.685, 1.706e-4
-1.686, 1.718e-4
-1.687, 1.728e-4
-1.688, 1.742e-4
-1.689, 1.757e-4
-1.690, 1.771e-4
-1.691, 1.785e-4
-1.692, 1.799e-4
-1.693, 1.814e-4
-1.694, 1.829e-4
-1.695, 1.843e-4
-1.696, 1.861e-4
-1.697, 1.875e-4
-1.698, 1.890e-4
-1.699, 1.903e-4
-1.700, 1.918e-4
-1.701, 1.940e-4
-1.702, 1.951e-4
-1.703, 1.962e-4
-1.704, 1.977e-4
-1.705, 1.993e-4
-1.706, 2.006e-4
-1.707, 2.024e-4
-1.708, 2.042e-4
-1.709, 2.054e-4
-1.710, 2.066e-4
-1.711, 2.078e-4
-1.712, 2.096e-4
-1.713, 2.114e-4
-1.714, 2.131e-4
-1.715, 2.146e-4
-1.716, 2.160e-4
-1.717, 2.178e-4
-1.718, 2.194e-4
-1.719, 2.212e-4
-1.720, 2.230e-4
-1.721, 2.246e-4
-1.722, 2.263e-4
-1.723, 2.285e-4
-1.724, 2.309e-4
-1.725, 2.329e-4
-1.726, 2.351e-4
-1.727, 2.372e-4
-1.728, 2.391e-4
-1.729, 2.413e-4
-1.730, 2.436e-4
-1.731, 2.457e-4
-1.732, 2.475e-4
-1.733, 2.496e-4
-1.734, 2.519e-4
-1.735, 2.541e-4
-1.736, 2.563e-4
-1.737, 2.587e-4
-1.738, 2.614e-4
-1.739, 2.638e-4
-1.740, 2.660e-4
-1.741, 2.685e-4
-1.742, 2.706e-4
-1.743, 2.728e-4
-1.744, 2.751e-4
-1.745, 2.778e-4
-1.746, 2.804e-4
-1.747, 2.830e-4
-1.748, 2.858e-4
-1.749, 2.890e-4
-1.750, 2.915e-4
-1.751, 2.942e-4
-1.752, 2.972e-4
-1.753, 3.006e-4
-1.754, 3.043e-4
-1.755, 3.072e-4
-1.756, 3.100e-4
-1.757, 3.129e-4
-1.758, 3.161e-4
-1.759, 3.194e-4
-1.760, 3.228e-4
-1.761, 3.262e-4
-1.762, 3.297e-4
-1.763, 3.331e-4
-1.764, 3.367e-4
-1.765, 3.402e-4
-1.766, 3.440e-4
-1.767, 3.480e-4
-1.768, 3.520e-4
-1.769, 3.560e-4
-1.770, 3.600e-4
-1.771, 3.643e-4
-1.772, 3.686e-4
-1.773, 3.732e-4
-1.774, 3.782e-4
-1.775, 3.826e-4
-1.776, 3.867e-4
-1.777, 3.913e-4
-1.778, 3.958e-4
-1.779, 4.006e-4
-1.780, 4.053e-4
-1.781, 4.101e-4
-1.782, 4.149e-4
-1.783, 4.202e-4
-1.784, 4.257e-4
-1.785, 4.310e-4
-1.786, 4.366e-4
-1.787, 4.424e-4
-1.788, 4.483e-4
-1.789, 4.540e-4
-1.790, 4.602e-4
-1.791, 4.664e-4
-1.792, 4.725e-4
-1.793, 4.788e-4
-1.794, 4.851e-4
-1.795, 4.916e-4
-1.796, 4.984e-4
-1.797, 5.055e-4
-1.798, 5.126e-4
-1.799, 5.199e-4
-1.800, 5.273e-4
-1.801, 5.348e-4
-1.802, 5.423e-4
-1.803, 5.504e-4
-1.804, 5.586e-4
-1.805, 5.668e-4
-1.806, 5.755e-4
-1.807, 5.849e-4
-1.808, 5.938e-4
-1.809, 6.017e-4
-1.810, 6.108e-4
-1.811, 6.203e-4
-1.812, 6.297e-4
-1.813, 6.396e-4
-1.814, 6.498e-4
-1.815, 6.600e-4
-1.816, 6.700e-4
-1.817, 6.806e-4
-1.818, 6.917e-4
-1.819, 7.026e-4
-1.820, 7.136e-4
-1.821, 7.249e-4
-1.822, 7.367e-4
-1.823, 7.488e-4
-1.824, 7.611e-4
-1.825, 7.734e-4
-1.826, 7.863e-4
-1.827, 7.991e-4
-1.828, 8.123e-4
-1.829, 8.255e-4
-1.830, 8.398e-4
-1.831, 8.546e-4
-1.832, 8.684e-4
-1.833, 8.817e-4
-1.834, 8.955e-4
-1.835, 9.099e-4
-1.836, 9.244e-4
-1.837, 9.392e-4
-1.838, 9.545e-4
-1.839, 9.700e-4
-1.840, 9.855e-4
-1.841, 1.001e-3
-1.842, 1.011e-3
-1.843, 1.011e-3
-1.844, 1.011e-3
-1.845, 1.011e-3
-1.846, 1.011e-3
-1.847, 1.011e-3
-1.848, 1.011e-3
-1.849, 1.011e-3
-1.850, 1.011e-3
-1.851, 1.011e-3
-1.852, 1.011e-3
-1.853, 1.011e-3
-1.854, 1.011e-3
-1.855, 1.011e-3
-1.856, 1.011e-3
-1.857, 1.011e-3
-1.858, 1.011e-3
-1.859, 1.011e-3
-1.860, 1.011e-3
-1.861, 1.011e-3
-1.862, 1.011e-3
-1.863, 1.011e-3
-1.864, 1.011e-3
-1.865, 1.011e-3
-1.866, 1.011e-3
-1.867, 1.011e-3
-1.868, 1.011e-3
-1.869, 1.011e-3
-1.870, 1.011e-3
-1.871, 1.011e-3
-1.872, 1.011e-3
-1.873, 1.011e-3
-1.874, 1.011e-3
-1.875, 1.011e-3
-1.876, 1.011e-3
-1.877, 1.011e-3
-1.878, 1.011e-3
-1.879, 1.011e-3
-1.880, 1.011e-3
-1.881, 1.011e-3
-1.882, 1.011e-3
-1.883, 1.011e-3
-1.884, 1.011e-3
-1.885, 1.011e-3
-1.886, 1.011e-3
-1.887, 1.011e-3
-1.888, 1.011e-3
-1.889, 1.011e-3
-1.890, 1.011e-3
-1.891, 1.011e-3
-1.892, 1.011e-3
-1.893, 1.011e-3
-1.894, 1.011e-3
-1.895, 1.011e-3
-1.896, 1.011e-3
-1.897, 1.011e-3
-1.898, 1.011e-3
-1.899, 1.011e-3
-1.900, 1.011e-3
-1.901, 1.011e-3
-1.902, 1.011e-3
-1.903, 1.011e-3
-1.904, 1.011e-3
-1.905, 1.011e-3
-1.906, 1.011e-3
-1.907, 1.011e-3
-1.908, 1.011e-3
-1.909, 1.011e-3
-1.910, 1.011e-3
-1.911, 1.011e-3
-1.912, 1.011e-3
-1.913, 1.011e-3
-1.914, 1.011e-3
-1.915, 1.011e-3
-1.916, 1.011e-3
-1.917, 1.011e-3
-1.918, 1.011e-3
-1.919, 1.011e-3
-1.920, 1.011e-3
-1.921, 1.011e-3
-1.922, 1.011e-3
-1.923, 1.011e-3
-1.924, 1.011e-3
-1.925, 1.011e-3
-1.926, 1.011e-3
-1.927, 1.011e-3
-1.928, 1.011e-3
-1.929, 1.011e-3
-1.930, 1.011e-3
-1.931, 1.011e-3
-1.932, 1.011e-3
-1.933, 1.011e-3
-1.934, 1.011e-3
-1.935, 1.011e-3
-1.936, 1.011e-3
-1.937, 1.011e-3
-1.938, 1.011e-3
-1.939, 1.011e-3
-1.940, 1.011e-3
-1.941, 1.011e-3
-1.942, 1.011e-3
-1.943, 1.011e-3
-1.944, 1.011e-3
-1.945, 1.011e-3
-1.946, 1.011e-3
-1.947, 1.011e-3
-1.948, 1.011e-3
-1.949, 1.011e-3
-1.950, 1.011e-3
-1.951, 1.011e-3
-1.952, 1.011e-3
-1.953, 1.011e-3
-1.954, 1.011e-3
-1.955, 1.011e-3
-1.956, 1.011e-3
-1.957, 1.011e-3
-1.958, 1.011e-3
-1.959, 1.011e-3
-1.960, 1.011e-3
-1.961, 1.011e-3
-1.962, 1.011e-3
-1.963, 1.011e-3
-1.964, 1.011e-3
-1.965, 1.011e-3
-1.966, 1.011e-3
-1.967, 1.011e-3
-1.968, 1.011e-3
-1.969, 1.011e-3
-1.970, 1.011e-3
-1.971, 1.011e-3
-1.972, 1.011e-3
-1.973, 1.011e-3
-1.974, 1.011e-3
-1.975, 1.011e-3
-1.976, 1.011e-3
-1.977, 1.011e-3
-1.978, 1.011e-3
-1.979, 1.011e-3
-1.980, 1.011e-3
-1.981, 1.011e-3
-1.982, 1.011e-3
-1.983, 1.011e-3
-1.984, 1.011e-3
-1.985, 1.011e-3
-1.986, 1.011e-3
-1.987, 1.011e-3
-1.988, 1.011e-3
-1.989, 1.011e-3
-1.990, 1.011e-3
-1.991, 1.011e-3
-1.992, 1.011e-3
-1.993, 1.011e-3
-1.994, 1.011e-3
-1.995, 1.011e-3
-1.996, 1.011e-3
-1.997, 1.011e-3
-1.998, 1.011e-3
-1.999, 1.011e-3
-2.000, 1.011e-3
-2.001, 1.011e-3
-2.002, 1.011e-3
-2.003, 1.011e-3
-2.004, 1.011e-3
-2.005, 1.011e-3
-2.006, 1.011e-3
-2.007, 1.011e-3
-2.008, 1.011e-3
-2.009, 1.011e-3
-2.010, 1.011e-3
-2.011, 1.011e-3
-2.012, 1.011e-3
-2.013, 1.011e-3
-2.014, 1.011e-3
-2.015, 1.011e-3
-2.016, 1.011e-3
-2.017, 1.011e-3
-2.018, 1.011e-3
-2.019, 1.011e-3
-2.020, 1.011e-3
-2.021, 1.011e-3
-2.022, 1.011e-3
-2.023, 1.011e-3
-2.024, 1.011e-3
-2.025, 1.011e-3
-2.026, 1.011e-3
-2.027, 1.011e-3
-2.028, 1.011e-3
-2.029, 1.011e-3
-2.030, 1.011e-3
-2.031, 1.011e-3
-2.032, 1.011e-3
-2.033, 1.011e-3
-2.034, 1.011e-3
-2.035, 1.011e-3
-2.036, 1.011e-3
-2.037, 1.011e-3
-2.038, 1.011e-3
-2.039, 1.011e-3
-2.040, 1.011e-3
-2.041, 1.011e-3
-2.042, 1.011e-3
-2.043, 1.011e-3
-2.044, 1.011e-3
-2.045, 1.011e-3
-2.046, 1.011e-3
-2.047, 1.011e-3
-2.048, 1.011e-3
-2.049, 1.011e-3
-2.050, 1.011e-3
-2.051, 1.011e-3
-2.052, 1.011e-3
-2.053, 1.011e-3
-2.054, 1.011e-3
-2.055, 1.011e-3
-2.056, 1.011e-3
-2.057, 1.011e-3
-2.058, 1.011e-3
-2.059, 1.011e-3
-2.060, 1.011e-3
-2.061, 1.011e-3
-2.062, 1.011e-3
-2.063, 1.011e-3
-2.064, 1.011e-3
-2.065, 1.011e-3
-2.066, 1.011e-3
-2.067, 1.011e-3
-2.068, 1.011e-3
-2.069, 1.011e-3
-2.070, 1.011e-3
-2.071, 1.011e-3
-2.072, 1.011e-3
-2.073, 1.011e-3
-2.074, 1.011e-3
-2.075, 1.011e-3
-2.076, 1.011e-3
-2.077, 1.011e-3
-2.078, 1.011e-3
-2.079, 1.011e-3
-2.080, 1.011e-3
-2.081, 1.011e-3
-2.082, 1.011e-3
-2.083, 1.011e-3
-2.084, 1.011e-3
-2.085, 1.011e-3
-2.086, 1.011e-3
-2.087, 1.011e-3
-2.088, 1.011e-3
-2.089, 1.011e-3
-2.090, 1.011e-3
-2.091, 1.011e-3
-2.092, 1.011e-3
-2.093, 1.011e-3
-2.094, 1.011e-3
-2.095, 1.011e-3
-2.096, 1.011e-3
-2.097, 1.011e-3
-2.098, 1.011e-3
-2.099, 1.011e-3
-2.100, 1.011e-3
-2.101, 1.011e-3
-2.102, 1.011e-3
-2.103, 1.011e-3
-2.104, 1.011e-3
-2.105, 1.011e-3
-2.106, 1.011e-3
-2.107, 1.011e-3
-2.108, 1.011e-3
-2.109, 1.011e-3
-2.110, 1.011e-3
-2.111, 1.011e-3
-2.112, 1.011e-3
-2.113, 1.011e-3
-2.114, 1.011e-3
-2.115, 1.011e-3
-2.116, 1.011e-3
-2.117, 1.011e-3
-2.118, 1.011e-3
-2.119, 1.011e-3
-2.120, 1.011e-3
-2.121, 1.011e-3
-2.122, 1.011e-3
-2.123, 1.011e-3
-2.124, 1.011e-3
-2.125, 1.011e-3
-2.126, 1.011e-3
-2.127, 1.011e-3
-2.128, 1.011e-3
-2.129, 1.011e-3
-2.130, 1.011e-3
-2.131, 1.011e-3
-2.132, 1.011e-3
-2.133, 1.011e-3
-2.134, 1.011e-3
-2.135, 1.011e-3
-2.136, 1.011e-3
-2.137, 1.011e-3
-2.138, 1.011e-3
-2.139, 1.011e-3
-2.140, 1.011e-3
-2.141, 1.011e-3
-2.142, 1.011e-3
-2.143, 1.011e-3
-2.144, 1.011e-3
-2.145, 1.011e-3
-2.146, 1.011e-3
-2.147, 1.011e-3
-2.148, 1.011e-3
-2.149, 1.011e-3
-2.150, 1.011e-3
-2.151, 1.011e-3
-2.152, 1.011e-3
-2.153, 1.011e-3
-2.154, 1.011e-3
-2.155, 1.011e-3
-2.156, 1.011e-3
-2.157, 1.011e-3
-2.158, 1.011e-3
-2.159, 1.011e-3
-2.160, 1.011e-3
-2.161, 1.011e-3
-2.162, 1.011e-3
-2.163, 1.011e-3
-2.164, 1.011e-3
-2.165, 1.011e-3
-2.166, 1.011e-3
-2.167, 1.011e-3
-2.168, 1.011e-3
-2.169, 1.011e-3
-2.170, 1.011e-3
-2.171, 1.011e-3
-2.172, 1.011e-3
-2.173, 1.011e-3
-2.174, 1.011e-3
-2.175, 1.011e-3
-2.176, 1.011e-3
-2.177, 1.011e-3
-2.178, 1.011e-3
-2.179, 1.011e-3
-2.180, 1.011e-3
-2.181, 1.011e-3
-2.182, 1.011e-3
-2.183, 1.011e-3
-2.184, 1.011e-3
-2.185, 1.011e-3
-2.186, 1.011e-3
-2.187, 1.011e-3
-2.188, 1.011e-3
-2.189, 1.011e-3
-2.190, 1.011e-3
-2.191, 1.011e-3
-2.192, 1.011e-3
-2.193, 1.011e-3
-2.194, 1.011e-3
-2.195, 1.011e-3
-2.196, 1.011e-3
-2.197, 1.011e-3
-2.198, 1.011e-3
-2.199, 1.011e-3
-2.200, 1.011e-3
-2.201, 1.011e-3
-2.202, 1.011e-3
-2.203, 1.011e-3
-2.204, 1.011e-3
-2.205, 1.011e-3
-2.206, 1.011e-3
-2.207, 1.011e-3
-2.208, 1.011e-3
-2.209, 1.011e-3
-2.210, 1.011e-3
-2.211, 1.011e-3
-2.212, 1.011e-3
-2.213, 1.011e-3
-2.214, 1.011e-3
-2.215, 1.011e-3
-2.216, 1.011e-3
-2.217, 1.011e-3
-2.218, 1.011e-3
-2.219, 1.011e-3
-2.220, 1.011e-3
-2.221, 1.011e-3
-2.222, 1.011e-3
-2.223, 1.011e-3
-2.224, 1.011e-3
-2.225, 1.011e-3
-2.226, 1.011e-3
-2.227, 1.011e-3
-2.228, 1.011e-3
-2.229, 1.011e-3
-2.230, 1.011e-3
-2.231, 1.011e-3
-2.232, 1.011e-3
-2.233, 1.011e-3
-2.234, 1.011e-3
-2.235, 1.011e-3
-2.236, 1.011e-3
-2.237, 1.011e-3
-2.238, 1.011e-3
-2.239, 1.011e-3
-2.240, 1.011e-3
-2.241, 1.011e-3
-2.242, 1.011e-3
-2.243, 1.011e-3
-2.244, 1.011e-3
-2.245, 1.011e-3
-2.246, 1.011e-3
-2.247, 1.011e-3
-2.248, 1.011e-3
-2.249, 1.011e-3
-2.250, 1.011e-3
-2.251, 1.011e-3
-2.252, 1.011e-3
-2.253, 1.011e-3
-2.254, 1.011e-3
-2.255, 1.011e-3
-2.256, 1.011e-3
-2.257, 1.011e-3
-2.258, 1.011e-3
-2.259, 1.011e-3
-2.260, 1.011e-3
-2.261, 1.011e-3
-2.262, 1.011e-3
-2.263, 1.011e-3
-2.264, 1.011e-3
-2.265, 1.011e-3
-2.266, 1.011e-3
-2.267, 1.011e-3
-2.268, 1.011e-3
-2.269, 1.011e-3
-2.270, 1.011e-3
-2.271, 1.011e-3
-2.272, 1.011e-3
-2.273, 1.011e-3
-2.274, 1.011e-3
-2.275, 1.011e-3
-2.276, 1.011e-3
-2.277, 1.011e-3
-2.278, 1.011e-3
-2.279, 1.011e-3
-2.280, 1.011e-3
-2.281, 1.011e-3
-2.282, 1.011e-3
-2.283, 1.011e-3
-2.284, 1.011e-3
-2.285, 1.011e-3
-2.286, 1.011e-3
-2.287, 1.011e-3
-2.288, 1.011e-3
-2.289, 1.011e-3
-2.290, 1.011e-3
-2.291, 1.011e-3
-2.292, 1.011e-3
-2.293, 1.011e-3
-2.294, 1.011e-3
-2.295, 1.011e-3
-2.296, 1.011e-3
-2.297, 1.011e-3
-2.298, 1.011e-3
-2.299, 1.011e-3
