June 30, 2026   06:42:41
Cyclic Voltammetry
File: c:/users/guazh/data/20260623_doe_duplica2/2026-06-24-exp48\exp48-2026-06-30t06_18_40-h2koh\exp48_cv_sr_600mvs_efin_-1800mv.bin
Data Source:  Experiment
Instrument Model:  CHI760E
Header: CV ran at 600 mVs
Note: 

Init E (V) = -1
High E (V) = -1
Low E (V) = -1.8
Final E (V) = -1
Init P/N = N
Scan Rate (V/s) = 0.6
Segment = 3
Sample Interval (V) = 0.001
Quiet Time (sec) = 2
Sensitivity (A/V) = 0.01
Comp R (ohm) = 2.9

Results:

Channel 1:
Segment 1:

Segment 2:

Segment 3:

Potential/V, Current/A

-1.000, -6.010e-6
-1.001, -2.927e-6
-1.002, -2.927e-6
-1.003, -2.927e-6
-1.004, 1.559e-7
-1.005, 1.559e-7
-1.006, 1.559e-7
-1.007, 1.559e-7
-1.008, 1.559e-7
-1.009, 3.239e-6
-1.010, 3.239e-6
-1.011, 3.239e-6
-1.012, 3.239e-6
-1.013, 3.239e-6
-1.014, 6.322e-6
-1.015, 6.322e-6
-1.016, 6.322e-6
-1.017, 6.322e-6
-1.018, 6.322e-6
-1.019, 9.405e-6
-1.020, 9.405e-6
-1.021, 9.405e-6
-1.022, 9.405e-6
-1.023, 9.405e-6
-1.024, 9.405e-6
-1.025, 9.405e-6
-1.026, 1.249e-5
-1.027, 1.249e-5
-1.028, 1.249e-5
-1.029, 1.249e-5
-1.030, 1.249e-5
-1.031, 1.249e-5
-1.032, 1.249e-5
-1.033, 1.249e-5
-1.034, 1.557e-5
-1.035, 1.557e-5
-1.036, 1.557e-5
-1.037, 1.557e-5
-1.038, 1.557e-5
-1.039, 1.557e-5
-1.040, 1.557e-5
-1.041, 1.557e-5
-1.042, 1.865e-5
-1.043, 1.865e-5
-1.044, 1.865e-5
-1.045, 1.865e-5
-1.046, 1.865e-5
-1.047, 1.865e-5
-1.048, 1.865e-5
-1.049, 1.865e-5
-1.050, 1.865e-5
-1.051, 1.865e-5
-1.052, 2.174e-5
-1.053, 2.174e-5
-1.054, 2.174e-5
-1.055, 2.174e-5
-1.056, 2.174e-5
-1.057, 2.174e-5
-1.058, 2.174e-5
-1.059, 2.174e-5
-1.060, 2.174e-5
-1.061, 2.174e-5
-1.062, 2.174e-5
-1.063, 2.482e-5
-1.064, 2.482e-5
-1.065, 2.482e-5
-1.066, 2.482e-5
-1.067, 2.482e-5
-1.068, 2.482e-5
-1.069, 2.790e-5
-1.070, 2.482e-5
-1.071, 2.790e-5
-1.072, 2.790e-5
-1.073, 2.790e-5
-1.074, 2.790e-5
-1.075, 2.790e-5
-1.076, 2.482e-5
-1.077, 2.790e-5
-1.078, 2.790e-5
-1.079, 2.790e-5
-1.080, 2.790e-5
-1.081, 2.790e-5
-1.082, 2.790e-5
-1.083, 3.099e-5
-1.084, 3.099e-5
-1.085, 3.099e-5
-1.086, 3.099e-5
-1.087, 3.099e-5
-1.088, 3.099e-5
-1.089, 3.099e-5
-1.090, 3.099e-5
-1.091, 3.407e-5
-1.092, 3.407e-5
-1.093, 3.407e-5
-1.094, 3.407e-5
-1.095, 3.407e-5
-1.096, 3.407e-5
-1.097, 3.715e-5
-1.098, 3.407e-5
-1.099, 3.715e-5
-1.100, 3.715e-5
-1.101, 3.715e-5
-1.102, 3.715e-5
-1.103, 3.715e-5
-1.104, 3.715e-5
-1.105, 3.715e-5
-1.106, 3.715e-5
-1.107, 3.407e-5
-1.108, 3.407e-5
-1.109, 3.407e-5
-1.110, 3.407e-5
-1.111, 3.407e-5
-1.112, 3.715e-5
-1.113, 3.407e-5
-1.114, 3.715e-5
-1.115, 3.715e-5
-1.116, 3.715e-5
-1.117, 3.715e-5
-1.118, 3.715e-5
-1.119, 3.715e-5
-1.120, 3.715e-5
-1.121, 3.715e-5
-1.122, 4.024e-5
-1.123, 3.715e-5
-1.124, 3.715e-5
-1.125, 3.715e-5
-1.126, 3.715e-5
-1.127, 3.715e-5
-1.128, 3.715e-5
-1.129, 3.715e-5
-1.130, 3.715e-5
-1.131, 3.715e-5
-1.132, 3.715e-5
-1.133, 3.407e-5
-1.134, 3.407e-5
-1.135, 3.407e-5
-1.136, 3.099e-5
-1.137, 3.407e-5
-1.138, 3.099e-5
-1.139, 3.099e-5
-1.140, 3.099e-5
-1.141, 3.099e-5
-1.142, 3.099e-5
-1.143, 3.407e-5
-1.144, 3.099e-5
-1.145, 3.407e-5
-1.146, 3.407e-5
-1.147, 3.407e-5
-1.148, 3.407e-5
-1.149, 3.407e-5
-1.150, 3.407e-5
-1.151, 3.715e-5
-1.152, 3.715e-5
-1.153, 3.715e-5
-1.154, 3.715e-5
-1.155, 4.024e-5
-1.156, 4.024e-5
-1.157, 4.024e-5
-1.158, 4.024e-5
-1.159, 4.332e-5
-1.160, 4.332e-5
-1.161, 4.332e-5
-1.162, 4.640e-5
-1.163, 4.640e-5
-1.164, 4.949e-5
-1.165, 4.640e-5
-1.166, 4.949e-5
-1.167, 4.640e-5
-1.168, 4.949e-5
-1.169, 4.949e-5
-1.170, 4.949e-5
-1.171, 4.949e-5
-1.172, 4.949e-5
-1.173, 4.949e-5
-1.174, 4.949e-5
-1.175, 4.949e-5
-1.176, 4.949e-5
-1.177, 5.257e-5
-1.178, 4.949e-5
-1.179, 4.949e-5
-1.180, 4.949e-5
-1.181, 4.949e-5
-1.182, 5.257e-5
-1.183, 5.257e-5
-1.184, 5.257e-5
-1.185, 5.257e-5
-1.186, 4.949e-5
-1.187, 5.257e-5
-1.188, 5.257e-5
-1.189, 5.257e-5
-1.190, 5.257e-5
-1.191, 5.257e-5
-1.192, 5.257e-5
-1.193, 5.565e-5
-1.194, 5.565e-5
-1.195, 5.257e-5
-1.196, 5.257e-5
-1.197, 5.565e-5
-1.198, 5.565e-5
-1.199, 5.565e-5
-1.200, 5.565e-5
-1.201, 5.565e-5
-1.202, 5.565e-5
-1.203, 5.565e-5
-1.204, 5.565e-5
-1.205, 5.565e-5
-1.206, 5.565e-5
-1.207, 5.257e-5
-1.208, 5.257e-5
-1.209, 5.257e-5
-1.210, 5.565e-5
-1.211, 5.565e-5
-1.212, 5.257e-5
-1.213, 5.257e-5
-1.214, 5.257e-5
-1.215, 5.257e-5
-1.216, 5.257e-5
-1.217, 5.257e-5
-1.218, 5.565e-5
-1.219, 5.565e-5
-1.220, 5.565e-5
-1.221, 5.257e-5
-1.222, 5.565e-5
-1.223, 5.257e-5
-1.224, 5.257e-5
-1.225, 5.565e-5
-1.226, 5.565e-5
-1.227, 5.565e-5
-1.228, 5.565e-5
-1.229, 5.565e-5
-1.230, 5.565e-5
-1.231, 5.873e-5
-1.232, 5.873e-5
-1.233, 5.873e-5
-1.234, 5.873e-5
-1.235, 5.873e-5
-1.236, 5.873e-5
-1.237, 6.182e-5
-1.238, 6.182e-5
-1.239, 5.873e-5
-1.240, 5.873e-5
-1.241, 5.873e-5
-1.242, 5.873e-5
-1.243, 5.873e-5
-1.244, 5.873e-5
-1.245, 5.873e-5
-1.246, 5.873e-5
-1.247, 6.182e-5
-1.248, 6.182e-5
-1.249, 6.182e-5
-1.250, 6.182e-5
-1.251, 6.182e-5
-1.252, 6.182e-5
-1.253, 6.182e-5
-1.254, 6.182e-5
-1.255, 5.873e-5
-1.256, 6.182e-5
-1.257, 6.182e-5
-1.258, 6.182e-5
-1.259, 6.182e-5
-1.260, 6.182e-5
-1.261, 6.182e-5
-1.262, 6.182e-5
-1.263, 6.182e-5
-1.264, 6.490e-5
-1.265, 6.490e-5
-1.266, 6.490e-5
-1.267, 6.490e-5
-1.268, 7.107e-5
-1.269, 6.490e-5
-1.270, 6.490e-5
-1.271, 6.798e-5
-1.272, 6.490e-5
-1.273, 6.490e-5
-1.274, 6.798e-5
-1.275, 6.798e-5
-1.276, 6.798e-5
-1.277, 6.798e-5
-1.278, 6.490e-5
-1.279, 6.798e-5
-1.280, 6.798e-5
-1.281, 6.798e-5
-1.282, 7.107e-5
-1.283, 6.798e-5
-1.284, 6.798e-5
-1.285, 6.798e-5
-1.286, 6.798e-5
-1.287, 7.107e-5
-1.288, 6.798e-5
-1.289, 6.798e-5
-1.290, 6.798e-5
-1.291, 6.798e-5
-1.292, 6.798e-5
-1.293, 6.798e-5
-1.294, 6.798e-5
-1.295, 6.798e-5
-1.296, 7.107e-5
-1.297, 7.107e-5
-1.298, 7.107e-5
-1.299, 7.107e-5
-1.300, 6.798e-5
-1.301, 7.107e-5
-1.302, 7.107e-5
-1.303, 7.107e-5
-1.304, 7.107e-5
-1.305, 7.107e-5
-1.306, 7.107e-5
-1.307, 7.415e-5
-1.308, 7.107e-5
-1.309, 7.107e-5
-1.310, 7.107e-5
-1.311, 7.415e-5
-1.312, 7.107e-5
-1.313, 7.107e-5
-1.314, 7.107e-5
-1.315, 7.107e-5
-1.316, 7.415e-5
-1.317, 7.107e-5
-1.318, 7.107e-5
-1.319, 7.415e-5
-1.320, 7.107e-5
-1.321, 7.107e-5
-1.322, 7.107e-5
-1.323, 7.107e-5
-1.324, 7.107e-5
-1.325, 7.107e-5
-1.326, 7.107e-5
-1.327, 7.107e-5
-1.328, 7.415e-5
-1.329, 7.107e-5
-1.330, 7.415e-5
-1.331, 7.415e-5
-1.332, 7.415e-5
-1.333, 7.415e-5
-1.334, 7.415e-5
-1.335, 7.415e-5
-1.336, 7.415e-5
-1.337, 7.415e-5
-1.338, 7.415e-5
-1.339, 7.723e-5
-1.340, 7.415e-5
-1.341, 7.723e-5
-1.342, 7.723e-5
-1.343, 7.415e-5
-1.344, 7.415e-5
-1.345, 7.415e-5
-1.346, 7.415e-5
-1.347, 7.723e-5
-1.348, 7.415e-5
-1.349, 7.415e-5
-1.350, 7.723e-5
-1.351, 7.723e-5
-1.352, 7.723e-5
-1.353, 7.723e-5
-1.354, 7.723e-5
-1.355, 7.723e-5
-1.356, 7.723e-5
-1.357, 8.032e-5
-1.358, 8.032e-5
-1.359, 7.723e-5
-1.360, 7.723e-5
-1.361, 7.723e-5
-1.362, 8.032e-5
-1.363, 8.032e-5
-1.364, 8.032e-5
-1.365, 8.032e-5
-1.366, 8.032e-5
-1.367, 8.032e-5
-1.368, 7.723e-5
-1.369, 7.723e-5
-1.370, 7.723e-5
-1.371, 7.723e-5
-1.372, 8.340e-5
-1.373, 8.032e-5
-1.374, 8.032e-5
-1.375, 8.032e-5
-1.376, 8.032e-5
-1.377, 8.032e-5
-1.378, 8.032e-5
-1.379, 8.032e-5
-1.380, 8.032e-5
-1.381, 8.340e-5
-1.382, 8.340e-5
-1.383, 8.340e-5
-1.384, 8.648e-5
-1.385, 8.340e-5
-1.386, 8.648e-5
-1.387, 8.648e-5
-1.388, 8.340e-5
-1.389, 8.648e-5
-1.390, 8.648e-5
-1.391, 8.648e-5
-1.392, 8.957e-5
-1.393, 8.648e-5
-1.394, 8.957e-5
-1.395, 8.957e-5
-1.396, 8.957e-5
-1.397, 8.957e-5
-1.398, 8.957e-5
-1.399, 8.957e-5
-1.400, 8.648e-5
-1.401, 8.957e-5
-1.402, 8.648e-5
-1.403, 8.957e-5
-1.404, 8.957e-5
-1.405, 8.957e-5
-1.406, 8.957e-5
-1.407, 8.957e-5
-1.408, 9.265e-5
-1.409, 9.265e-5
-1.410, 9.265e-5
-1.411, 9.265e-5
-1.412, 9.265e-5
-1.413, 9.265e-5
-1.414, 9.265e-5
-1.415, 9.265e-5
-1.416, 9.882e-5
-1.417, 9.882e-5
-1.418, 9.882e-5
-1.419, 9.882e-5
-1.420, 9.882e-5
-1.421, 9.882e-5
-1.422, 9.882e-5
-1.423, 1.019e-4
-1.424, 1.019e-4
-1.425, 1.019e-4
-1.426, 1.050e-4
-1.427, 1.050e-4
-1.428, 1.019e-4
-1.429, 1.019e-4
-1.430, 1.019e-4
-1.431, 1.019e-4
-1.432, 1.050e-4
-1.433, 1.050e-4
-1.434, 1.050e-4
-1.435, 1.050e-4
-1.436, 1.050e-4
-1.437, 1.050e-4
-1.438, 1.081e-4
-1.439, 1.081e-4
-1.440, 1.081e-4
-1.441, 1.081e-4
-1.442, 1.081e-4
-1.443, 1.111e-4
-1.444, 1.111e-4
-1.445, 1.081e-4
-1.446, 1.111e-4
-1.447, 1.111e-4
-1.448, 1.111e-4
-1.449, 1.111e-4
-1.450, 1.111e-4
-1.451, 1.111e-4
-1.452, 1.111e-4
-1.453, 1.111e-4
-1.454, 1.111e-4
-1.455, 1.111e-4
-1.456, 1.142e-4
-1.457, 1.142e-4
-1.458, 1.111e-4
-1.459, 1.111e-4
-1.460, 1.111e-4
-1.461, 1.081e-4
-1.462, 1.081e-4
-1.463, 1.081e-4
-1.464, 1.081e-4
-1.465, 1.111e-4
-1.466, 1.111e-4
-1.467, 1.111e-4
-1.468, 1.111e-4
-1.469, 1.111e-4
-1.470, 1.111e-4
-1.471, 1.142e-4
-1.472, 1.142e-4
-1.473, 1.142e-4
-1.474, 1.142e-4
-1.475, 1.142e-4
-1.476, 1.142e-4
-1.477, 1.173e-4
-1.478, 1.173e-4
-1.479, 1.173e-4
-1.480, 1.173e-4
-1.481, 1.204e-4
-1.482, 1.235e-4
-1.483, 1.235e-4
-1.484, 1.266e-4
-1.485, 1.266e-4
-1.486, 1.266e-4
-1.487, 1.266e-4
-1.488, 1.266e-4
-1.489, 1.266e-4
-1.490, 1.266e-4
-1.491, 1.266e-4
-1.492, 1.266e-4
-1.493, 1.266e-4
-1.494, 1.296e-4
-1.495, 1.296e-4
-1.496, 1.296e-4
-1.497, 1.296e-4
-1.498, 1.327e-4
-1.499, 1.327e-4
-1.500, 1.327e-4
-1.501, 1.358e-4
-1.502, 1.358e-4
-1.503, 1.389e-4
-1.504, 1.389e-4
-1.505, 1.420e-4
-1.506, 1.420e-4
-1.507, 1.451e-4
-1.508, 1.451e-4
-1.509, 1.451e-4
-1.510, 1.451e-4
-1.511, 1.481e-4
-1.512, 1.481e-4
-1.513, 1.512e-4
-1.514, 1.512e-4
-1.515, 1.512e-4
-1.516, 1.512e-4
-1.517, 1.512e-4
-1.518, 1.512e-4
-1.519, 1.512e-4
-1.520, 1.543e-4
-1.521, 1.543e-4
-1.522, 1.543e-4
-1.523, 1.543e-4
-1.524, 1.574e-4
-1.525, 1.574e-4
-1.526, 1.574e-4
-1.527, 1.605e-4
-1.528, 1.605e-4
-1.529, 1.636e-4
-1.530, 1.636e-4
-1.531, 1.636e-4
-1.532, 1.636e-4
-1.533, 1.636e-4
-1.534, 1.636e-4
-1.535, 1.636e-4
-1.536, 1.666e-4
-1.537, 1.697e-4
-1.538, 1.697e-4
-1.539, 1.728e-4
-1.540, 1.728e-4
-1.541, 1.728e-4
-1.542, 1.728e-4
-1.543, 1.759e-4
-1.544, 1.790e-4
-1.545, 1.790e-4
-1.546, 1.821e-4
-1.547, 1.851e-4
-1.548, 1.851e-4
-1.549, 1.851e-4
-1.550, 1.851e-4
-1.551, 1.913e-4
-1.552, 1.913e-4
-1.553, 1.882e-4
-1.554, 1.882e-4
-1.555, 1.913e-4
-1.556, 1.944e-4
-1.557, 1.975e-4
-1.558, 1.975e-4
-1.559, 2.006e-4
-1.560, 2.006e-4
-1.561, 1.975e-4
-1.562, 2.036e-4
-1.563, 1.944e-4
-1.564, 1.944e-4
-1.565, 1.975e-4
-1.566, 2.006e-4
-1.567, 2.067e-4
-1.568, 2.067e-4
-1.569, 2.067e-4
-1.570, 2.067e-4
-1.571, 2.098e-4
-1.572, 2.129e-4
-1.573, 2.129e-4
-1.574, 2.129e-4
-1.575, 2.129e-4
-1.576, 2.160e-4
-1.577, 2.160e-4
-1.578, 2.160e-4
-1.579, 2.191e-4
-1.580, 2.221e-4
-1.581, 2.221e-4
-1.582, 2.252e-4
-1.583, 2.252e-4
-1.584, 2.283e-4
-1.585, 2.283e-4
-1.586, 2.314e-4
-1.587, 2.376e-4
-1.588, 2.376e-4
-1.589, 2.345e-4
-1.590, 2.406e-4
-1.591, 2.437e-4
-1.592, 2.468e-4
-1.593, 2.530e-4
-1.594, 2.499e-4
-1.595, 2.499e-4
-1.596, 2.468e-4
-1.597, 2.499e-4
-1.598, 2.530e-4
-1.599, 2.591e-4
-1.600, 2.622e-4
-1.601, 2.591e-4
-1.602, 2.622e-4
-1.603, 2.622e-4
-1.604, 2.684e-4
-1.605, 2.746e-4
-1.606, 2.746e-4
-1.607, 2.776e-4
-1.608, 2.776e-4
-1.609, 2.838e-4
-1.610, 2.900e-4
-1.611, 2.869e-4
-1.612, 2.900e-4
-1.613, 2.931e-4
-1.614, 2.961e-4
-1.615, 2.992e-4
-1.616, 3.054e-4
-1.617, 3.054e-4
-1.618, 3.054e-4
-1.619, 3.115e-4
-1.620, 3.115e-4
-1.621, 3.146e-4
-1.622, 3.208e-4
-1.623, 3.239e-4
-1.624, 3.270e-4
-1.625, 3.331e-4
-1.626, 3.362e-4
-1.627, 3.393e-4
-1.628, 3.424e-4
-1.629, 3.455e-4
-1.630, 3.516e-4
-1.631, 3.547e-4
-1.632, 3.578e-4
-1.633, 3.640e-4
-1.634, 3.640e-4
-1.635, 3.670e-4
-1.636, 3.670e-4
-1.637, 3.701e-4
-1.638, 3.732e-4
-1.639, 3.794e-4
-1.640, 3.855e-4
-1.641, 3.917e-4
-1.642, 3.948e-4
-1.643, 3.979e-4
-1.644, 3.979e-4
-1.645, 4.010e-4
-1.646, 4.071e-4
-1.647, 4.164e-4
-1.648, 4.225e-4
-1.649, 4.287e-4
-1.650, 4.318e-4
-1.651, 4.380e-4
-1.652, 4.441e-4
-1.653, 4.534e-4
-1.654, 4.565e-4
-1.655, 4.657e-4
-1.656, 4.719e-4
-1.657, 4.780e-4
-1.658, 4.873e-4
-1.659, 4.935e-4
-1.660, 4.996e-4
-1.661, 5.120e-4
-1.662, 5.212e-4
-1.663, 5.274e-4
-1.664, 5.335e-4
-1.665, 5.397e-4
-1.666, 5.520e-4
-1.667, 5.613e-4
-1.668, 5.644e-4
-1.669, 5.767e-4
-1.670, 5.921e-4
-1.671, 6.044e-4
-1.672, 6.075e-4
-1.673, 6.168e-4
-1.674, 6.260e-4
-1.675, 6.322e-4
-1.676, 6.445e-4
-1.677, 6.599e-4
-1.678, 6.692e-4
-1.679, 6.784e-4
-1.680, 6.908e-4
-1.681, 7.031e-4
-1.682, 7.124e-4
-1.683, 7.093e-4
-1.684, 7.216e-4
-1.685, 7.247e-4
-1.686, 7.370e-4
-1.687, 7.524e-4
-1.688, 7.617e-4
-1.689, 7.709e-4
-1.690, 7.833e-4
-1.691, 7.987e-4
-1.692, 8.110e-4
-1.693, 8.233e-4
-1.694, 8.418e-4
-1.695, 8.511e-4
-1.696, 8.603e-4
-1.697, 8.696e-4
-1.698, 8.788e-4
-1.699, 8.943e-4
-1.700, 9.128e-4
-1.701, 9.251e-4
-1.702, 9.405e-4
-1.703, 9.467e-4
-1.704, 9.621e-4
-1.705, 9.744e-4
-1.706, 9.898e-4
-1.707, 1.008e-3
-1.708, 1.024e-3
-1.709, 1.042e-3
-1.710, 1.064e-3
-1.711, 1.079e-3
-1.712, 1.098e-3
-1.713, 1.110e-3
-1.714, 1.135e-3
-1.715, 1.147e-3
-1.716, 1.169e-3
-1.717, 1.190e-3
-1.718, 1.206e-3
-1.719, 1.230e-3
-1.720, 1.243e-3
-1.721, 1.258e-3
-1.722, 1.283e-3
-1.723, 1.298e-3
-1.724, 1.317e-3
-1.725, 1.344e-3
-1.726, 1.363e-3
-1.727, 1.381e-3
-1.728, 1.397e-3
-1.729, 1.428e-3
-1.730, 1.446e-3
-1.731, 1.468e-3
-1.732, 1.495e-3
-1.733, 1.520e-3
-1.734, 1.551e-3
-1.735, 1.582e-3
-1.736, 1.613e-3
-1.737, 1.647e-3
-1.738, 1.668e-3
-1.739, 1.696e-3
-1.740, 1.733e-3
-1.741, 1.764e-3
-1.742, 1.795e-3
-1.743, 1.822e-3
-1.744, 1.850e-3
-1.745, 1.878e-3
-1.746, 1.912e-3
-1.747, 1.943e-3
-1.748, 1.976e-3
-1.749, 2.010e-3
-1.750, 2.044e-3
-1.751, 2.075e-3
-1.752, 2.118e-3
-1.753, 2.152e-3
-1.754, 2.186e-3
-1.755, 2.242e-3
-1.756, 2.275e-3
-1.757, 2.312e-3
-1.758, 2.359e-3
-1.759, 2.393e-3
-1.760, 2.433e-3
-1.761, 2.479e-3
-1.762, 2.522e-3
-1.763, 2.565e-3
-1.764, 2.612e-3
-1.765, 2.658e-3
-1.766, 2.710e-3
-1.767, 2.753e-3
-1.768, 2.800e-3
-1.769, 2.846e-3
-1.770, 2.895e-3
-1.771, 2.941e-3
-1.772, 3.000e-3
-1.773, 3.059e-3
-1.774, 3.105e-3
-1.775, 3.154e-3
-1.776, 3.194e-3
-1.777, 3.244e-3
-1.778, 3.293e-3
-1.779, 3.339e-3
-1.780, 3.388e-3
-1.781, 3.447e-3
-1.782, 3.499e-3
-1.783, 3.555e-3
-1.784, 3.610e-3
-1.785, 3.663e-3
-1.786, 3.715e-3
-1.787, 3.771e-3
-1.788, 3.826e-3
-1.789, 3.876e-3
-1.790, 3.937e-3
-1.791, 3.974e-3
-1.792, 4.033e-3
-1.793, 4.091e-3
-1.794, 4.156e-3
-1.795, 4.233e-3
-1.796, 4.289e-3
-1.797, 4.338e-3
-1.798, 4.412e-3
-1.799, 4.468e-3
-1.800, 4.505e-3
-1.799, 4.489e-3
-1.798, 4.486e-3
-1.797, 4.477e-3
-1.796, 4.440e-3
-1.795, 4.391e-3
-1.794, 4.375e-3
-1.793, 4.347e-3
-1.792, 4.317e-3
-1.791, 4.249e-3
-1.790, 4.221e-3
-1.789, 4.178e-3
-1.788, 4.138e-3
-1.787, 4.107e-3
-1.786, 4.070e-3
-1.785, 4.027e-3
-1.784, 3.996e-3
-1.783, 3.953e-3
-1.782, 3.925e-3
-1.781, 3.891e-3
-1.780, 3.848e-3
-1.779, 3.823e-3
-1.778, 3.786e-3
-1.777, 3.765e-3
-1.776, 3.734e-3
-1.775, 3.688e-3
-1.774, 3.657e-3
-1.773, 3.604e-3
-1.772, 3.570e-3
-1.771, 3.527e-3
-1.770, 3.487e-3
-1.769, 3.450e-3
-1.768, 3.410e-3
-1.767, 3.370e-3
-1.766, 3.330e-3
-1.765, 3.296e-3
-1.764, 3.262e-3
-1.763, 3.234e-3
-1.762, 3.197e-3
-1.761, 3.167e-3
-1.760, 3.139e-3
-1.759, 3.111e-3
-1.758, 3.083e-3
-1.757, 3.040e-3
-1.756, 3.019e-3
-1.755, 3.006e-3
-1.754, 2.963e-3
-1.753, 2.951e-3
-1.752, 2.920e-3
-1.751, 2.889e-3
-1.750, 2.849e-3
-1.749, 2.824e-3
-1.748, 2.797e-3
-1.747, 2.763e-3
-1.746, 2.735e-3
-1.745, 2.704e-3
-1.744, 2.661e-3
-1.743, 2.636e-3
-1.742, 2.612e-3
-1.741, 2.596e-3
-1.740, 2.544e-3
-1.739, 2.513e-3
-1.738, 2.497e-3
-1.737, 2.464e-3
-1.736, 2.439e-3
-1.735, 2.411e-3
-1.734, 2.374e-3
-1.733, 2.349e-3
-1.732, 2.319e-3
-1.731, 2.291e-3
-1.730, 2.272e-3
-1.729, 2.251e-3
-1.728, 2.217e-3
-1.727, 2.198e-3
-1.726, 2.168e-3
-1.725, 2.143e-3
-1.724, 2.103e-3
-1.723, 2.087e-3
-1.722, 2.060e-3
-1.721, 2.035e-3
-1.720, 2.013e-3
-1.719, 1.983e-3
-1.718, 1.961e-3
-1.717, 1.930e-3
-1.716, 1.909e-3
-1.715, 1.881e-3
-1.714, 1.853e-3
-1.713, 1.835e-3
-1.712, 1.804e-3
-1.711, 1.788e-3
-1.710, 1.742e-3
-1.709, 1.727e-3
-1.708, 1.693e-3
-1.707, 1.656e-3
-1.706, 1.619e-3
-1.705, 1.603e-3
-1.704, 1.582e-3
-1.703, 1.563e-3
-1.702, 1.526e-3
-1.701, 1.523e-3
-1.700, 1.495e-3
-1.699, 1.477e-3
-1.698, 1.465e-3
-1.697, 1.434e-3
-1.696, 1.412e-3
-1.695, 1.397e-3
-1.694, 1.372e-3
-1.693, 1.351e-3
-1.692, 1.329e-3
-1.691, 1.314e-3
-1.690, 1.292e-3
-1.689, 1.280e-3
-1.688, 1.255e-3
-1.687, 1.240e-3
-1.686, 1.224e-3
-1.685, 1.212e-3
-1.684, 1.193e-3
-1.683, 1.175e-3
-1.682, 1.153e-3
-1.681, 1.141e-3
-1.680, 1.129e-3
-1.679, 1.116e-3
-1.678, 1.095e-3
-1.677, 1.079e-3
-1.676, 1.064e-3
-1.675, 1.058e-3
-1.674, 1.039e-3
-1.673, 1.021e-3
-1.672, 1.008e-3
-1.671, 9.929e-4
-1.670, 9.775e-4
-1.669, 9.621e-4
-1.668, 9.467e-4
-1.667, 9.343e-4
-1.666, 9.189e-4
-1.665, 9.004e-4
-1.664, 8.881e-4
-1.663, 8.758e-4
-1.662, 8.573e-4
-1.661, 8.511e-4
-1.660, 8.480e-4
-1.659, 8.326e-4
-1.658, 8.141e-4
-1.657, 8.079e-4
-1.656, 7.987e-4
-1.655, 7.863e-4
-1.654, 7.771e-4
-1.653, 7.709e-4
-1.652, 7.494e-4
-1.651, 7.370e-4
-1.650, 7.309e-4
-1.649, 7.278e-4
-1.648, 7.247e-4
-1.647, 7.124e-4
-1.646, 6.939e-4
-1.645, 6.815e-4
-1.644, 6.692e-4
-1.643, 6.630e-4
-1.642, 6.569e-4
-1.641, 6.538e-4
-1.640, 6.384e-4
-1.639, 6.291e-4
-1.638, 6.168e-4
-1.637, 6.044e-4
-1.636, 5.983e-4
-1.635, 5.859e-4
-1.634, 5.705e-4
-1.633, 5.674e-4
-1.632, 5.644e-4
-1.631, 5.705e-4
-1.630, 5.582e-4
-1.629, 5.428e-4
-1.628, 5.397e-4
-1.627, 5.305e-4
-1.626, 5.212e-4
-1.625, 5.212e-4
-1.624, 5.089e-4
-1.623, 4.873e-4
-1.622, 4.811e-4
-1.621, 4.688e-4
-1.620, 4.472e-4
-1.619, 4.472e-4
-1.618, 4.410e-4
-1.617, 4.318e-4
-1.616, 4.225e-4
-1.615, 4.195e-4
-1.614, 4.102e-4
-1.613, 4.040e-4
-1.612, 4.040e-4
-1.611, 3.948e-4
-1.610, 3.917e-4
-1.609, 3.825e-4
-1.608, 3.763e-4
-1.607, 3.732e-4
-1.606, 3.701e-4
-1.605, 3.670e-4
-1.604, 3.609e-4
-1.603, 3.516e-4
-1.602, 3.455e-4
-1.601, 3.424e-4
-1.600, 3.424e-4
-1.599, 3.393e-4
-1.598, 3.331e-4
-1.597, 3.239e-4
-1.596, 3.208e-4
-1.595, 3.177e-4
-1.594, 3.146e-4
-1.593, 3.054e-4
-1.592, 2.961e-4
-1.591, 3.054e-4
-1.590, 2.961e-4
-1.589, 2.869e-4
-1.588, 2.869e-4
-1.587, 2.900e-4
-1.586, 2.869e-4
-1.585, 2.838e-4
-1.584, 2.807e-4
-1.583, 2.807e-4
-1.582, 2.746e-4
-1.581, 2.715e-4
-1.580, 2.591e-4
-1.579, 2.622e-4
-1.578, 2.468e-4
-1.577, 2.437e-4
-1.576, 2.406e-4
-1.575, 2.437e-4
-1.574, 2.345e-4
-1.573, 2.345e-4
-1.572, 2.283e-4
-1.571, 2.283e-4
-1.570, 2.345e-4
-1.569, 2.283e-4
-1.568, 2.314e-4
-1.567, 2.345e-4
-1.566, 2.191e-4
-1.565, 2.160e-4
-1.564, 2.129e-4
-1.563, 2.067e-4
-1.562, 2.036e-4
-1.561, 1.975e-4
-1.560, 1.944e-4
-1.559, 1.944e-4
-1.558, 1.913e-4
-1.557, 1.882e-4
-1.556, 1.913e-4
-1.555, 1.851e-4
-1.554, 1.851e-4
-1.553, 1.851e-4
-1.552, 1.821e-4
-1.551, 1.851e-4
-1.550, 1.790e-4
-1.549, 1.790e-4
-1.548, 1.728e-4
-1.547, 1.697e-4
-1.546, 1.636e-4
-1.545, 1.666e-4
-1.544, 1.605e-4
-1.543, 1.574e-4
-1.542, 1.543e-4
-1.541, 1.543e-4
-1.540, 1.481e-4
-1.539, 1.481e-4
-1.538, 1.451e-4
-1.537, 1.512e-4
-1.536, 1.512e-4
-1.535, 1.481e-4
-1.534, 1.481e-4
-1.533, 1.451e-4
-1.532, 1.420e-4
-1.531, 1.389e-4
-1.530, 1.327e-4
-1.529, 1.296e-4
-1.528, 1.327e-4
-1.527, 1.235e-4
-1.526, 1.235e-4
-1.525, 1.266e-4
-1.524, 1.266e-4
-1.523, 1.235e-4
-1.522, 1.204e-4
-1.521, 1.173e-4
-1.520, 1.111e-4
-1.519, 1.111e-4
-1.518, 1.081e-4
-1.517, 1.142e-4
-1.516, 1.111e-4
-1.515, 1.142e-4
-1.514, 1.111e-4
-1.513, 1.019e-4
-1.512, 9.882e-5
-1.511, 1.019e-4
-1.510, 1.019e-4
-1.509, 1.019e-4
-1.508, 9.882e-5
-1.507, 1.019e-4
-1.506, 9.573e-5
-1.505, 9.882e-5
-1.504, 1.019e-4
-1.503, 1.019e-4
-1.502, 1.019e-4
-1.501, 9.573e-5
-1.500, 8.957e-5
-1.499, 8.957e-5
-1.498, 8.957e-5
-1.497, 8.957e-5
-1.496, 8.648e-5
-1.495, 8.648e-5
-1.494, 8.648e-5
-1.493, 8.648e-5
-1.492, 8.340e-5
-1.491, 8.340e-5
-1.490, 8.340e-5
-1.489, 8.648e-5
-1.488, 8.957e-5
-1.487, 8.648e-5
-1.486, 8.648e-5
-1.485, 8.340e-5
-1.484, 8.340e-5
-1.483, 8.648e-5
-1.482, 8.340e-5
-1.481, 8.340e-5
-1.480, 8.340e-5
-1.479, 8.032e-5
-1.478, 8.032e-5
-1.477, 8.032e-5
-1.476, 7.723e-5
-1.475, 7.723e-5
-1.474, 7.723e-5
-1.473, 7.415e-5
-1.472, 7.415e-5
-1.471, 7.415e-5
-1.470, 7.415e-5
-1.469, 7.107e-5
-1.468, 7.107e-5
-1.467, 7.107e-5
-1.466, 6.798e-5
-1.465, 6.490e-5
-1.464, 6.798e-5
-1.463, 6.490e-5
-1.462, 6.182e-5
-1.461, 6.182e-5
-1.460, 6.182e-5
-1.459, 6.182e-5
-1.458, 6.182e-5
-1.457, 5.873e-5
-1.456, 5.873e-5
-1.455, 5.873e-5
-1.454, 5.565e-5
-1.453, 5.565e-5
-1.452, 5.565e-5
-1.451, 5.257e-5
-1.450, 5.257e-5
-1.449, 5.257e-5
-1.448, 4.949e-5
-1.447, 5.257e-5
-1.446, 4.949e-5
-1.445, 4.949e-5
-1.444, 4.949e-5
-1.443, 4.640e-5
-1.442, 4.332e-5
-1.441, 4.640e-5
-1.440, 4.332e-5
-1.439, 4.332e-5
-1.438, 4.640e-5
-1.437, 4.640e-5
-1.436, 3.715e-5
-1.435, 4.024e-5
-1.434, 3.715e-5
-1.433, 4.024e-5
-1.432, 4.024e-5
-1.431, 4.024e-5
-1.430, 3.715e-5
-1.429, 3.715e-5
-1.428, 3.715e-5
-1.427, 3.715e-5
-1.426, 3.407e-5
-1.425, 3.407e-5
-1.424, 3.407e-5
-1.423, 3.715e-5
-1.422, 3.099e-5
-1.421, 3.407e-5
-1.420, 3.407e-5
-1.419, 3.099e-5
-1.418, 3.099e-5
-1.417, 3.099e-5
-1.416, 3.099e-5
-1.415, 2.790e-5
-1.414, 2.790e-5
-1.413, 2.790e-5
-1.412, 2.790e-5
-1.411, 2.790e-5
-1.410, 2.482e-5
-1.409, 2.482e-5
-1.408, 2.482e-5
-1.407, 2.482e-5
-1.406, 2.174e-5
-1.405, 2.174e-5
-1.404, 2.174e-5
-1.403, 2.174e-5
-1.402, 2.174e-5
-1.401, 2.174e-5
-1.400, 1.865e-5
-1.399, 1.865e-5
-1.398, 1.865e-5
-1.397, 1.865e-5
-1.396, 1.865e-5
-1.395, 1.557e-5
-1.394, 1.557e-5
-1.393, 1.865e-5
-1.392, 1.865e-5
-1.391, 1.557e-5
-1.390, 1.557e-5
-1.389, 1.557e-5
-1.388, 1.249e-5
-1.387, 1.249e-5
-1.386, 1.249e-5
-1.385, 9.405e-6
-1.384, 1.249e-5
-1.383, 1.249e-5
-1.382, 9.405e-6
-1.381, 9.405e-6
-1.380, 9.405e-6
-1.379, 9.405e-6
-1.378, 9.405e-6
-1.377, 6.322e-6
-1.376, 6.322e-6
-1.375, 6.322e-6
-1.374, 6.322e-6
-1.373, 6.322e-6
-1.372, 3.239e-6
-1.371, 6.322e-6
-1.370, 6.322e-6
-1.369, 3.239e-6
-1.368, 3.239e-6
-1.367, 6.322e-6
-1.366, 3.239e-6
-1.365, 3.239e-6
-1.364, 3.239e-6
-1.363, 3.239e-6
-1.362, 3.239e-6
-1.361, 3.239e-6
-1.360, 1.559e-7
-1.359, 3.239e-6
-1.358, 1.559e-7
-1.357, -2.927e-6
-1.356, -2.927e-6
-1.355, -2.927e-6
-1.354, -2.927e-6
-1.353, -2.927e-6
-1.352, -2.927e-6
-1.351, -2.927e-6
-1.350, -2.927e-6
-1.349, -6.010e-6
-1.348, -2.927e-6
-1.347, -6.010e-6
-1.346, -6.010e-6
-1.345, -6.010e-6
-1.344, -6.010e-6
-1.343, -6.010e-6
-1.342, -6.010e-6
-1.341, -6.010e-6
-1.340, -6.010e-6
-1.339, -6.010e-6
-1.338, -6.010e-6
-1.337, -6.010e-6
-1.336, -6.010e-6
-1.335, -9.093e-6
-1.334, -9.093e-6
-1.333, -9.093e-6
-1.332, -9.093e-6
-1.331, -9.093e-6
-1.330, -9.093e-6
-1.329, -9.093e-6
-1.328, -9.093e-6
-1.327, -9.093e-6
-1.326, -1.218e-5
-1.325, -9.093e-6
-1.324, -1.218e-5
-1.323, -1.218e-5
-1.322, -1.218e-5
-1.321, -1.218e-5
-1.320, -1.218e-5
-1.319, -1.218e-5
-1.318, -1.218e-5
-1.317, -1.218e-5
-1.316, -1.218e-5
-1.315, -1.218e-5
-1.314, -1.218e-5
-1.313, -1.218e-5
-1.312, -1.526e-5
-1.311, -1.526e-5
-1.310, -1.526e-5
-1.309, -1.526e-5
-1.308, -1.526e-5
-1.307, -1.218e-5
-1.306, -1.526e-5
-1.305, -1.526e-5
-1.304, -1.526e-5
-1.303, -1.526e-5
-1.302, -1.526e-5
-1.301, -1.526e-5
-1.300, -1.834e-5
-1.299, -1.526e-5
-1.298, -1.526e-5
-1.297, -1.526e-5
-1.296, -1.526e-5
-1.295, -1.834e-5
-1.294, -1.834e-5
-1.293, -1.834e-5
-1.292, -1.834e-5
-1.291, -1.834e-5
-1.290, -1.834e-5
-1.289, -1.834e-5
-1.288, -1.834e-5
-1.287, -1.834e-5
-1.286, -2.143e-5
-1.285, -2.143e-5
-1.284, -2.143e-5
-1.283, -2.143e-5
-1.282, -2.143e-5
-1.281, -2.143e-5
-1.280, -2.143e-5
-1.279, -2.143e-5
-1.278, -2.451e-5
-1.277, -2.143e-5
-1.276, -2.143e-5
-1.275, -2.451e-5
-1.274, -2.451e-5
-1.273, -2.451e-5
-1.272, -2.451e-5
-1.271, -2.451e-5
-1.270, -2.451e-5
-1.269, -2.759e-5
-1.268, -2.759e-5
-1.267, -2.759e-5
-1.266, -2.759e-5
-1.265, -2.759e-5
-1.264, -2.759e-5
-1.263, -2.451e-5
-1.262, -2.759e-5
-1.261, -2.759e-5
-1.260, -2.759e-5
-1.259, -2.759e-5
-1.258, -2.759e-5
-1.257, -2.759e-5
-1.256, -2.759e-5
-1.255, -2.759e-5
-1.254, -2.759e-5
-1.253, -2.759e-5
-1.252, -2.759e-5
-1.251, -2.759e-5
-1.250, -2.759e-5
-1.249, -2.759e-5
-1.248, -2.759e-5
-1.247, -2.759e-5
-1.246, -2.759e-5
-1.245, -2.759e-5
-1.244, -2.759e-5
-1.243, -2.759e-5
-1.242, -2.759e-5
-1.241, -2.759e-5
-1.240, -2.759e-5
-1.239, -2.759e-5
-1.238, -2.451e-5
-1.237, -2.759e-5
-1.236, -2.759e-5
-1.235, -2.759e-5
-1.234, -2.759e-5
-1.233, -2.451e-5
-1.232, -2.451e-5
-1.231, -2.143e-5
-1.230, -2.143e-5
-1.229, -2.143e-5
-1.228, -2.143e-5
-1.227, -2.143e-5
-1.226, -2.143e-5
-1.225, -2.143e-5
-1.224, -2.143e-5
-1.223, -2.143e-5
-1.222, -2.143e-5
-1.221, -2.451e-5
-1.220, -2.143e-5
-1.219, -2.451e-5
-1.218, -2.451e-5
-1.217, -2.451e-5
-1.216, -2.451e-5
-1.215, -2.451e-5
-1.214, -2.143e-5
-1.213, -2.451e-5
-1.212, -2.451e-5
-1.211, -2.451e-5
-1.210, -2.759e-5
-1.209, -2.451e-5
-1.208, -2.451e-5
-1.207, -2.759e-5
-1.206, -2.451e-5
-1.205, -2.451e-5
-1.204, -2.759e-5
-1.203, -2.451e-5
-1.202, -2.759e-5
-1.201, -2.759e-5
-1.200, -3.068e-5
-1.199, -3.068e-5
-1.198, -3.376e-5
-1.197, -3.068e-5
-1.196, -3.376e-5
-1.195, -3.376e-5
-1.194, -3.376e-5
-1.193, -3.376e-5
-1.192, -3.376e-5
-1.191, -3.684e-5
-1.190, -3.992e-5
-1.189, -4.301e-5
-1.188, -3.992e-5
-1.187, -4.301e-5
-1.186, -3.992e-5
-1.185, -4.301e-5
-1.184, -4.301e-5
-1.183, -3.992e-5
-1.182, -3.992e-5
-1.181, -3.992e-5
-1.180, -4.301e-5
-1.179, -4.301e-5
-1.178, -4.301e-5
-1.177, -4.301e-5
-1.176, -4.301e-5
-1.175, -4.301e-5
-1.174, -4.301e-5
-1.173, -4.301e-5
-1.172, -4.609e-5
-1.171, -4.301e-5
-1.170, -4.301e-5
-1.169, -4.301e-5
-1.168, -4.609e-5
-1.167, -4.301e-5
-1.166, -4.301e-5
-1.165, -4.301e-5
-1.164, -4.609e-5
-1.163, -4.301e-5
-1.162, -4.609e-5
-1.161, -4.609e-5
-1.160, -4.609e-5
-1.159, -4.609e-5
-1.158, -4.301e-5
-1.157, -4.609e-5
-1.156, -5.226e-5
-1.155, -4.609e-5
-1.154, -4.917e-5
-1.153, -4.609e-5
-1.152, -4.301e-5
-1.151, -4.609e-5
-1.150, -4.917e-5
-1.149, -4.609e-5
-1.148, -4.917e-5
-1.147, -4.609e-5
-1.146, -4.609e-5
-1.145, -4.609e-5
-1.144, -4.301e-5
-1.143, -4.301e-5
-1.142, -4.609e-5
-1.141, -4.609e-5
-1.140, -4.301e-5
-1.139, -4.301e-5
-1.138, -4.301e-5
-1.137, -4.301e-5
-1.136, -4.301e-5
-1.135, -4.301e-5
-1.134, -4.301e-5
-1.133, -4.301e-5
-1.132, -4.301e-5
-1.131, -4.301e-5
-1.130, -4.301e-5
-1.129, -4.301e-5
-1.128, -4.301e-5
-1.127, -4.301e-5
-1.126, -4.301e-5
-1.125, -4.301e-5
-1.124, -4.301e-5
-1.123, -4.301e-5
-1.122, -4.609e-5
-1.121, -4.609e-5
-1.120, -4.917e-5
-1.119, -4.609e-5
-1.118, -4.609e-5
-1.117, -4.609e-5
-1.116, -4.609e-5
-1.115, -4.609e-5
-1.114, -4.917e-5
-1.113, -4.609e-5
-1.112, -4.917e-5
-1.111, -4.917e-5
-1.110, -4.917e-5
-1.109, -4.917e-5
-1.108, -5.226e-5
-1.107, -4.917e-5
-1.106, -4.917e-5
-1.105, -5.226e-5
-1.104, -5.226e-5
-1.103, -5.226e-5
-1.102, -5.226e-5
-1.101, -5.226e-5
-1.100, -5.226e-5
-1.099, -5.226e-5
-1.098, -5.226e-5
-1.097, -5.226e-5
-1.096, -5.226e-5
-1.095, -5.226e-5
-1.094, -5.226e-5
-1.093, -5.226e-5
-1.092, -5.226e-5
-1.091, -5.534e-5
-1.090, -5.534e-5
-1.089, -5.534e-5
-1.088, -5.534e-5
-1.087, -5.226e-5
-1.086, -5.534e-5
-1.085, -5.534e-5
-1.084, -5.226e-5
-1.083, -5.534e-5
-1.082, -5.534e-5
-1.081, -5.534e-5
-1.080, -5.534e-5
-1.079, -5.226e-5
-1.078, -5.534e-5
-1.077, -5.534e-5
-1.076, -5.534e-5
-1.075, -5.534e-5
-1.074, -5.534e-5
-1.073, -5.534e-5
-1.072, -5.842e-5
-1.071, -6.151e-5
-1.070, -5.842e-5
-1.069, -5.842e-5
-1.068, -5.842e-5
-1.067, -6.151e-5
-1.066, -5.842e-5
-1.065, -5.842e-5
-1.064, -5.842e-5
-1.063, -6.151e-5
-1.062, -6.151e-5
-1.061, -5.842e-5
-1.060, -5.842e-5
-1.059, -5.842e-5
-1.058, -5.842e-5
-1.057, -5.842e-5
-1.056, -5.842e-5
-1.055, -5.842e-5
-1.054, -5.842e-5
-1.053, -5.842e-5
-1.052, -6.151e-5
-1.051, -5.842e-5
-1.050, -6.151e-5
-1.049, -6.151e-5
-1.048, -5.534e-5
-1.047, -5.534e-5
-1.046, -5.842e-5
-1.045, -5.534e-5
-1.044, -5.842e-5
-1.043, -5.534e-5
-1.042, -5.842e-5
-1.041, -5.534e-5
-1.040, -5.842e-5
-1.039, -5.534e-5
-1.038, -5.842e-5
-1.037, -5.842e-5
-1.036, -5.842e-5
-1.035, -5.842e-5
-1.034, -5.842e-5
-1.033, -5.842e-5
-1.032, -6.151e-5
-1.031, -6.151e-5
-1.030, -5.842e-5
-1.029, -6.151e-5
-1.028, -6.151e-5
-1.027, -5.842e-5
-1.026, -6.151e-5
-1.025, -6.151e-5
-1.024, -6.151e-5
-1.023, -6.151e-5
-1.022, -6.151e-5
-1.021, -6.459e-5
-1.020, -6.459e-5
-1.019, -6.151e-5
-1.018, -6.459e-5
-1.017, -6.459e-5
-1.016, -6.459e-5
-1.015, -6.459e-5
-1.014, -6.767e-5
-1.013, -6.767e-5
-1.012, -6.767e-5
-1.011, -6.767e-5
-1.010, -6.767e-5
-1.009, -7.076e-5
-1.008, -7.076e-5
-1.007, -7.076e-5
-1.006, -7.076e-5
-1.005, -7.384e-5
-1.004, -7.076e-5
-1.003, -7.076e-5
-1.002, -7.384e-5
-1.001, -7.384e-5
