Potential V vs RHE, Current mA cm-2
0.013299999999999867,0.1270410747278803
0.012299999999999978,0.10722096941677112
0.011299999999999866,0.09313044487011536
0.010299999999999976,0.08014339513735433
0.009299999999999864,0.0672978165345798
0.008299999999999974,0.05725336630553804
0.007299999999999862,0.048736804280350515
0.006299999999999972,0.03910262032826961
0.00529999999999986,0.030175792026121234
0.0042999999999999705,0.0232012653177866
0.0032999999999998586,0.014684703292599082
0.0022999999999999687,0.007983215865138404
0.0012999999999998568,0.0011445014415908147
0.00029999999999996696,-0.005275458437196722
-0.000700000000000145,-0.010997965645150794
-0.0017000000000000348,-0.01615600304445872
-0.0027000000000001467,-0.020343548492059226
-0.0037000000000000366,-0.025931658126526123
-0.0047000000000001485,-0.03040214583409964
-0.005700000000000038,-0.03347206935480676
-0.00670000000000015,-0.04016365380316839
-0.00770000000000004,-0.04729379875448818
-0.008700000000000152,-0.05050519340518181
-0.009700000000000042,-0.053150703535929426
-0.010700000000000154,-0.057196777853543435
-0.011700000000000044,-0.06124285217115744
-0.012700000000000156,-0.06402983343189157
-0.013700000000000045,-0.06711390406559734
-0.014700000000000157,-0.07227760031010473
-0.015700000000000047,-0.07520605270082535
-0.01670000000000016,-0.07925212701843935
-0.01770000000000005,-0.0814873708722261
-0.01870000000000016,-0.08315673020606687
-0.01970000000000005,-0.08622665372677399
-0.020700000000000163,-0.08776868904362688
-0.021700000000000053,-0.08915510611749461
-0.022700000000000164,-0.09348412269508162
-0.023700000000000054,-0.09655404621578875
-0.024700000000000166,-0.09738872588270912
-0.025700000000000056,-0.10088306279337576
-0.026700000000000168,-0.10102453392336228
-0.027700000000000058,-0.10004838312645539
-0.02870000000000017,-0.09753019701269564
-0.02970000000000006,-0.1039529863140829
-0.03070000000000017,-0.1098240382085228
-0.03170000000000006,-0.11204513494931091
-0.03270000000000017,-0.11177633980233655
-0.03370000000000006,-0.11163486867235005
-0.034700000000000175,-0.11051724674545668
-0.035700000000000065,-0.11596388524993705
-0.03670000000000018,-0.11609120926692493
-0.03770000000000007,-0.11568094298996405
-0.03870000000000018,-0.11860939538068467
-0.03970000000000007,-0.12391456275517856
-0.04070000000000018,-0.12349014936521906
-0.04170000000000007,-0.12293841195827168
-0.04270000000000018,-0.12084463923447143
-0.04370000000000007,-0.1202787547145254
-0.044700000000000184,-0.12419750501515157
-0.045700000000000074,-0.12377309162519207
-0.046700000000000186,-0.12210373229135131
-0.047700000000000076,-0.1255839220890193
-0.04870000000000019,-0.1271259574058722
-0.04970000000000008,-0.1272674285358587
-0.05070000000000019,-0.1257253932190058
-0.05170000000000008,-0.12446630016212593
-0.05270000000000019,-0.11889233764065768
-0.05370000000000008,-0.12237252743832566
-0.05470000000000019,-0.1296299964066333
-0.05570000000000008,-0.1314549739834592
-0.056700000000000195,-0.1307476183335267
-0.057700000000000085,-0.13005440979659283
-0.058700000000000196,-0.12767769481281957
-0.059700000000000086,-0.12600833547897883
-0.0607000000000002,-0.12503218468207195
-0.06170000000000009,-0.12796063707279257
-0.0627000000000002,-0.1313135028534727
-0.06370000000000009,-0.13340727557727297
-0.0647000000000002,-0.13340727557727297
-0.06570000000000009,-0.1296299964066333
-0.0667000000000002,-0.13062029431653882
-0.0677000000000001,-0.12907825899968592
-0.0687000000000002,-0.13033735205656583
-0.0697000000000001,-0.1322896536503796
-0.07070000000000021,-0.1313135028534727
-0.0717000000000001,-0.13200671139040657
-0.07270000000000021,-0.1297714675366198
-0.0737000000000001,-0.12629127773895182
-0.07470000000000021,-0.12517365581205844
-0.0757000000000001,-0.1274088996658452
-0.07670000000000021,-0.1311720317234862
-0.0777000000000001,-0.1299129386666063
-0.07870000000000021,-0.12921973012967244
-0.0797000000000001,-0.12921973012967244
-0.08070000000000022,-0.1258668643489923
-0.0817000000000001,-0.12781916594280607
-0.08270000000000022,-0.12474924242209892
-0.08370000000000011,-0.12781916594280607
-0.08470000000000022,-0.13186524026042007
-0.08570000000000011,-0.1272674285358587
-0.08670000000000022,-0.1275503707958317
-0.08770000000000011,-0.12251399856831217
-0.08870000000000022,-0.12460777129211242
-0.08970000000000011,-0.12921973012967244
-0.09070000000000022,-0.12545659807203147
-0.09170000000000011,-0.12531512694204497
-0.09270000000000023,-0.12363162049520555
-0.09370000000000012,-0.11860939538068467
-0.09470000000000023,-0.11749177345379128
-0.09570000000000012,-0.12237252743832566
-0.09670000000000023,-0.12950267238964547
-0.09770000000000012,-0.1275503707958317
-0.09870000000000023,-0.12322135421824468
-0.09970000000000012,-0.12474924242209892
-0.10070000000000023,-0.12322135421824468
-0.10170000000000012,-0.12377309162519207
-0.10270000000000024,-0.12265546969829867
-0.10370000000000013,-0.12322135421824468
-0.10470000000000024,-0.12126905262443094
-0.10570000000000013,-0.12112758149444444
-0.10670000000000024,-0.12015143069753757
-0.10770000000000013,-0.12126905262443094
-0.10870000000000024,-0.11917527990063068
-0.10970000000000013,-0.11846792425069817
-0.11070000000000024,-0.11553947185997754
-0.11170000000000013,-0.11917527990063068
-0.11270000000000002,-0.1202787547145254
-0.11370000000000013,-0.12015143069753757
-0.11470000000000002,-0.11818498199072516
-0.11570000000000014,-0.11720883119381828
-0.11670000000000003,-0.11720883119381828
-0.11770000000000014,-0.11442184993308416
-0.11870000000000003,-0.11372864139615031
-0.11970000000000014,-0.11903380877064418
-0.12070000000000003,-0.12336282534823118
-0.12170000000000014,-0.11846792425069817
-0.12270000000000003,-0.11609120926692493
-0.12370000000000014,-0.11665709378687093
-0.12470000000000003,-0.11456332106307067
-0.12570000000000014,-0.11511505847001803
-0.12670000000000003,-0.11763324458377779
-0.12770000000000015,-0.11930260391761856
-0.12870000000000004,-0.11679856491685743
-0.12970000000000015,-0.11708150717683044
-0.13070000000000004,-0.11511505847001803
-0.13170000000000015,-0.11498773445303019
-0.13270000000000004,-0.11289396172922993
-0.13370000000000015,-0.11442184993308416
-0.13470000000000004,-0.1135871702661638
-0.13570000000000015,-0.11511505847001803
-0.13670000000000004,-0.11553947185997754
-0.13770000000000016,-0.11609120926692493
-0.13870000000000005,-0.11958554617759155
-0.13970000000000016,-0.11930260391761856
-0.14070000000000005,-0.11218660607929741
-0.14170000000000016,-0.11261101946925692
-0.14270000000000005,-0.11009283335549715
-0.14370000000000016,-0.11401158365612331
-0.14470000000000005,-0.11651562265688443
-0.14570000000000016,-0.11777471571376431
-0.14670000000000005,-0.11568094298996405
-0.14770000000000016,-0.11246954833927042
-0.14870000000000005,-0.11135192641237703
-0.14970000000000017,-0.1133042280061908
-0.15070000000000006,-0.11511505847001803
-0.15170000000000017,-0.11708150717683044
-0.15270000000000006,-0.11777471571376431
-0.15370000000000017,-0.11958554617759155
-0.15470000000000006,-0.11860939538068467
-0.15570000000000017,-0.1131627568762043
-0.15670000000000006,-0.11218660607929741
-0.15770000000000017,-0.11372864139615031
-0.15870000000000006,-0.11539800072999104
-0.15970000000000018,-0.11553947185997754
-0.16070000000000007,-0.1134456991361773
-0.16170000000000018,-0.11553947185997754
-0.16270000000000007,-0.11413890767311115
-0.16370000000000018,-0.11498773445303019
-0.16470000000000007,-0.11609120926692493
-0.16570000000000018,-0.11511505847001803
-0.16670000000000007,-0.11958554617759155
-0.16770000000000018,-0.11846792425069817
-0.16870000000000007,-0.11665709378687093
-0.16970000000000018,-0.11623268039691143
-0.17070000000000007,-0.11498773445303019
-0.17170000000000019,-0.11777471571376431
-0.17270000000000008,-0.11903380877064418
-0.1737000000000002,-0.11875086651067117
-0.17470000000000008,-0.11860939538068467
-0.1757000000000002,-0.11777471571376431
-0.17670000000000008,-0.12112758149444444
-0.1777000000000002,-0.11846792425069817
-0.17870000000000008,-0.11805765797373731
-0.1797000000000002,-0.11986848843756456
-0.18070000000000008,-0.12112758149444444
-0.1817000000000002,-0.12098611036445794
-0.18270000000000008,-0.11846792425069817
-0.1837000000000002,-0.11986848843756456
-0.1847000000000001,-0.12265546969829867
-0.1857000000000002,-0.12042022584451192
-0.1867000000000001,-0.12349014936521906
-0.1877000000000002,-0.12293841195827168
-0.1887000000000001,-0.11777471571376431
-0.1897000000000002,-0.11986848843756456
-0.1907000000000001,-0.11860939538068467
-0.1917000000000001,-0.1213963766414188
-0.19269999999999998,-0.12767769481281957
-0.1937000000000001,-0.1310305605934997
-0.19469999999999998,-0.1271259574058722
-0.1957000000000001,-0.12433897614513807
-0.19669999999999999,-0.12405603388516506
-0.1977000000000001,-0.12251399856831217
-0.1987,-0.12879531673971292
-0.1997000000000001,-0.12810210820277906
-0.2007,-0.12950267238964547
-0.2017000000000001,-0.12921973012967244
-0.2027,-0.1257253932190058
-0.2037000000000001,-0.1255839220890193
-0.2047,-0.1314549739834592
-0.2057000000000001,-0.1327140670403391
-0.2067,-0.13172376913043357
-0.2077000000000001,-0.12810210820277906
-0.2087,-0.12950267238964547
-0.2097000000000001,-0.13340727557727297
-0.2107,-0.13298286218731345
-0.2117000000000001,-0.1356425194310597
-0.2127,-0.1367601413579531
-0.2137000000000001,-0.14121648195252795
-0.2147,-0.1394056514887007
-0.2157000000000001,-0.13983006487866023
-0.2167,-0.14189554337646318
-0.21770000000000012,-0.1421784856364362
-0.2187,-0.14302731241635522
-0.21970000000000012,-0.14302731241635522
-0.2207,-0.14430055258623375
-0.22170000000000012,-0.14543232162612577
-0.2227,-0.14797880196588284
-0.22370000000000012,-0.14642261953603128
-0.2247,-0.14868615761581536
-0.22570000000000012,-0.14840321535584233
-0.2267,-0.14953498439573437
-0.22770000000000012,-0.15179852247551845
-0.22870000000000001,-0.15179852247551845
-0.22970000000000013,-0.1540620605553025
-0.23070000000000002,-0.1551938295951945
-0.23170000000000013,-0.1574573676749786
-0.23270000000000002,-0.1585891367148706
-0.23370000000000013,-0.15675001202504607
-0.23470000000000002,-0.15915502123481662
-0.23570000000000013,-0.16071120366466815
-0.23670000000000002,-0.15774030993495158
-0.2376999999999999,-0.15759883880496509
-0.23870000000000002,-0.1628332706144657
-0.2396999999999999,-0.16990682711379093
-0.24070000000000003,-0.17103859615368294
-0.24169999999999991,-0.17061418276372342
-0.24270000000000003,-0.17231183632356148
-0.24369999999999992,-0.17103859615368294
-0.24470000000000003,-0.17075565389370992
-0.24569999999999992,-0.1728777208435075
-0.24670000000000003,-0.18150745977268423
-0.24769999999999992,-0.17867803717295414
-0.24870000000000003,-0.18136598864269768
-0.24969999999999992,-0.1843368823724143
-0.25070000000000003,-0.1844783535024008
-0.2516999999999999,-0.18263922881257624
-0.25270000000000004,-0.18419541124242778
-0.2536999999999999,-0.18829807401203638
-0.25470000000000004,-0.19423986147146954
-0.2556999999999999,-0.19551310164134805
-0.25670000000000004,-0.19523015938137506
-0.25769999999999993,-0.19919135102099716
-0.25870000000000004,-0.19692781294121312
-0.25969999999999993,-0.19961576441095666
-0.26070000000000004,-0.20173783136075424
-0.26169999999999993,-0.20923580125003893
-0.26270000000000004,-0.21036757028993097
-0.26369999999999993,-0.21234816610974203
-0.26470000000000005,-0.21022609915994445
-0.26569999999999994,-0.20909433012005244
-0.26670000000000005,-0.2157434732294181
-0.26769999999999994,-0.2202705493889862
-0.26870000000000005,-0.22635380797840585
-0.26969999999999994,-0.22861734605818995
-0.27070000000000005,-0.22465615441856782
-0.27169999999999994,-0.22550498119848683
-0.27270000000000005,-0.22253408746877026
-0.27369999999999994,-0.23229559543783898
-0.27470000000000006,-0.24149121888696176
-0.27569999999999995,-0.24587682391654336
-0.27670000000000006,-0.24318887244679982
-0.27769999999999995,-0.251960082505963
-0.27870000000000006,-0.24729153521640837
-0.27969999999999995,-0.25096978459605745
-0.28070000000000006,-0.2540821494557606
-0.28169999999999995,-0.2614386482150588
-0.28270000000000006,-0.2627118883849373
-0.28369999999999995,-0.2692195603643165
-0.28470000000000006,-0.2700683871442355
-0.28569999999999995,-0.27190751183406003
-0.28670000000000007,-0.26709749341451894
-0.28769999999999996,-0.27615164573365514
-0.28870000000000007,-0.2751613478237496
-0.28969999999999996,-0.28591315370272397
-0.29070000000000007,-0.2931281813320356
-0.29169999999999996,-0.2949673060218601
-0.29270000000000007,-0.29751378636161724
-0.29369999999999996,-0.31123648597030806
-0.2947000000000001,-0.30826559224059147
-0.29569999999999996,-0.29807967088156323
-0.2967000000000001,-0.30260674704113133
-0.29769999999999996,-0.3009090934812933
-0.2987000000000001,-0.3119438416202406
-0.29969999999999997,-0.3351451069380272
-0.3007000000000001,-0.3348621646780542
-0.30169999999999997,-0.33344745337818915
-0.3027000000000001,-0.3340133378981352
-0.30369999999999997,-0.33571099145797323
-0.3047000000000001,-0.3432089613472579
-0.30569999999999997,-0.35155575801646166
-0.3067000000000001,-0.3608928525955709
-0.3077,-0.3594781412957058
-0.3087000000000001,-0.3642881597152469
-0.3097,-0.3661272844050715
-0.3107000000000001,-0.3703714183046666
-0.3117,-0.37687909028404576
-0.3127000000000001,-0.3754643789841807
-0.3137,-0.3825379354835059
-0.3147000000000001,-0.38862119407292556
-0.3157,-0.38961149198283107
-0.3167000000000001,-0.3954118083122777
-0.3177,-0.40404154724145447
-0.3187000000000001,-0.42200838074974045
-0.3197,-0.43021370628895766
-0.3207000000000001,-0.423281620919619
-0.3217,-0.42130102509980794
-0.3227000000000001,-0.4293648795090386
-0.3237,-0.4428046368577565
-0.3247000000000001,-0.4483220109272302
-0.3257,-0.43672137826833685
-0.3267000000000001,-0.4528490870867982
-0.3277,-0.4678450268653676
-0.3287000000000001,-0.47916271726428794
-0.3297,-0.4756259390146253
-0.3307000000000001,-0.4761918235345713
-0.3317,-0.4907633499231812
-0.3327000000000001,-0.4928854168729787
-0.3337,-0.5049104629218315
-0.3347000000000001,-0.5186331625305225
-0.3357,-0.5234431809500636
-0.3367000000000001,-0.5129743173310622
-0.3377,-0.5078813566515481
-0.3387000000000001,-0.5121254905511432
-0.3397,-0.5275458437196722
-0.3407000000000001,-0.5630550973462846
-0.3417,-0.5735239609652859
-0.3427000000000001,-0.5619233283063926
-0.3437,-0.5660259910760012
-0.3447000000000001,-0.5694212981956773
-0.3457,-0.5653186354260686
-0.3467000000000001,-0.5883784296138688
-0.3477,-0.6022426003525461
-0.3487000000000001,-0.6163897133511964
-0.3497,-0.6176629535210749
-0.3507000000000001,-0.6088917434619118
-0.3517,-0.6178044246510616
-0.3527000000000001,-0.6460986506483622
-0.3537,-0.6548698607075254
-0.3547000000000001,-0.6609531192969451
-0.3557,-0.6676022624063108
-0.35670000000000013,-0.6770808281154066
-0.3577,-0.6719878674358926
-0.35870000000000013,-0.6762320013354877
-0.3597,-0.6889644030342729
-0.36070000000000013,-0.7046676984627748
-0.3617,-0.7041018139428288
-0.3626999999999999,-0.7309813286402644
-0.3637,-0.7243321855308987
-0.3646999999999999,-0.733386337850035
-0.3657,-0.7512117002283345
-0.3666999999999999,-0.7595584968975382
-0.3677,-0.7681882358267149
-0.3686999999999999,-0.7768179747558916
-0.36970000000000003,-0.7896918475846634
-0.3706999999999999,-0.7981801153838536
-0.37170000000000003,-0.810912517082639
-0.3726999999999999,-0.8222302074815594
-0.37370000000000003,-0.8242108033013704
-0.3746999999999999,-0.8194007848818293
-0.37570000000000003,-0.8133175262924096
-0.3766999999999999,-0.8358114359602636
-0.37770000000000004,-0.850807375738833
-0.3786999999999999,-0.8816480820758908
-0.37970000000000004,-0.8860336871054725
-0.3806999999999999,-0.8837701490256885
-0.38170000000000004,-0.8857507448454994
-0.38269999999999993,-0.9109326059830971
-0.38370000000000004,-0.9192794026523009
-0.38469999999999993,-0.9172988068324897
-0.38570000000000004,-0.9313044487011536
-0.38669999999999993,-0.9438953792699524
-0.38770000000000004,-0.9645501642479821
-0.38869999999999993,-0.9687942981475771
-0.38970000000000005,-0.982234055496295
-0.39069999999999994,-0.9764337391668484
-0.39170000000000005,-0.9840731801861196
-0.39269999999999994,-0.9818096421063355
-0.39370000000000005,-1.0243924522322732
-0.39469999999999994,-1.0443398815603702
-0.39570000000000005,-1.0553746296993174
-0.39669999999999994,-1.0504231401497897
-0.39770000000000005,-1.0317489509915712
-0.39869999999999994,-1.0338710179413688
-0.39970000000000006,-1.0498572556298436
-0.40069999999999995,-1.1036162850247149
-0.40170000000000006,-1.1337496357118404
-0.40269999999999995,-1.1493114600103558
-0.40370000000000006,-1.1558191319897348
-0.40469999999999995,-1.137852298481449
-0.40570000000000006,-1.1287981461623127
-0.40669999999999995,-1.1519994114800993
-0.40770000000000006,-1.1720883119381829
-0.40869999999999995,-1.2166517178839316
-0.40970000000000006,-1.2182079003137831
-0.41069999999999995,-1.209153747994647
-0.41170000000000007,-1.1884989630166172
-0.41269999999999996,-1.2064657965249033
-0.41370000000000007,-1.2585271723599365
-0.41469999999999996,-1.2784746016880337
-0.41570000000000007,-1.2961584929363463
-0.41669999999999996,-1.274654881178398
-0.41770000000000007,-1.2790404862079796
-0.41869999999999996,-1.288094638527116
-0.4197000000000001,-1.329404208483175
-0.42069999999999996,-1.3592546169103275
-0.4217000000000001,-1.349634580071245
-0.42269999999999996,-1.333931284642743
-0.4237000000000001,-1.3360533515925408
-0.42469999999999997,-1.3735432010389639
-0.4257000000000001,-1.3998568312164539
-0.42669999999999997,-1.4132965885651718
-0.4277000000000001,-1.4189554337646317
-0.42869999999999997,-1.4302731241635522
-0.4297000000000001,-1.4125892329152392
-0.43069999999999997,-1.420370145064497
-0.4317000000000001,-1.423199567664227
-0.4327,-1.431687835463417
-0.4337000000000001,-1.3862756027377494
-0.4347,-1.3896709098574256
-0.4357000000000001,-1.5094969569559942
-0.4367,-1.54769416205235
-0.4377000000000001,-1.5519382959519452
-0.4387,-1.5533530072518102
-0.4397000000000001,-1.512326379555724
-0.4407,-1.5179852247551844
-0.4417000000000001,-1.5675001202504606
-0.4427,-1.5943796349478963
-0.4437000000000001,-1.5986237688474914
-0.4447,-1.5972090575476263
-0.4457000000000001,-1.6226738609451972
-0.4467,-1.6523827982423631
-0.4477000000000001,-1.6736034677403384
-0.4487,-1.6693593338407433
-0.4497000000000001,-1.696238848538179
-0.4507,-1.7259477858353447
-0.4517000000000001,-1.7174595180361545
-0.4527,-1.7287772084350748
-0.4537000000000001,-1.7415096101338603
-0.4547,-1.7570714344323757
-0.4557000000000001,-1.769803836131161
-0.4567,-1.8080010412275167
-0.4577000000000001,-1.822148154226167
-0.4587,-1.822148154226167
-0.4597000000000001,-1.8193187316264372
-0.4607,-1.8660042045219833
-0.4617000000000001,-1.8688336271217136
-0.4627,-1.8645894932221183
-0.4637000000000001,-1.8405394011244125
-0.4647,-1.857515936722793
-0.4657000000000001,-1.8716630497214433
-0.4667,-1.9169338113171246
-0.4677000000000001,-1.9820105311109162
-0.4687,-1.959375150313076
-0.4697000000000001,-1.9664487068124006
-0.4707,-1.9706928407119961
-0.4717000000000001,-1.9876693763103765
-0.4727,-2.0060606232086218
-0.4737000000000001,-2.0357695605057877
-0.4747,-2.0357695605057877
-0.4757000000000001,-2.0654784978029537
-0.4767,-2.102260991599445
-0.4777000000000001,-2.1404581966958003
-0.4787,-2.174411267892561
-0.4797000000000001,-2.133384640196476
-0.4807,-2.102260991599445
-0.48170000000000013,-2.0569902300037635
-0.4827,-2.023037158807002
-0.48370000000000013,-1.9523015938137507
-0.4847,-2.1659230000933714
-0.48570000000000013,-2.2423174102860832
-0.4867,-2.2423174102860832
-0.4876999999999999,-2.215437895588648
-0.4887,-2.199876071290132
-0.4896999999999999,-2.228170297287433
-0.4907,-2.235243853786758
-0.4916999999999999,-2.284758749282034
-0.4927,-2.310223552679605
-0.4936999999999999,-2.32861479957785
-0.49470000000000003,-2.2890028831816296
-0.4956999999999999,-2.30597941878001
-0.49670000000000003,-2.3342736447773107
-0.4976999999999999,-2.4163269001694827
-0.49870000000000003,-2.4446211261667834
-0.4996999999999999,-2.4446211261667834
-0.5007,-2.4191563227692128
-0.5016999999999999,-2.427644590568403
-0.5027,-2.4983801555616547
-0.5036999999999999,-2.504039000761115
-0.5047,-2.533747938058281
-0.5056999999999999,-2.5224302476593605
-0.5067,-2.532333226758415
-0.5076999999999999,-2.552139184956526
-0.5087,-2.581848122253692
-0.5096999999999999,-2.6200453273500477
-0.5107,-2.6016540804518025
-0.5116999999999999,-2.639851285548158
-0.5127,-2.69643973754276
-0.5136999999999999,-2.627118883849373
-0.5147,-2.5662862979551764
-0.5156999999999999,-2.5733598544545018
-0.5167,-2.6172159047503176
-0.5176999999999999,-2.734636942639116
-0.5187,-2.778492992934932
-0.5196999999999999,-2.764345879936282
-0.5207,-2.7105868505414104
-0.5216999999999999,-2.6950250262428948
-0.5227,-2.734636942639116
-0.5236999999999999,-2.8350814449295334
-0.5247,-2.9086464325225156
-0.5257,-2.9100611438223805
-0.5267000000000001,-2.9100611438223805
-0.5277,-2.927037679420761
-0.5287000000000001,-2.972308441016442
-0.5297,-2.9539171941181968
-0.5307000000000001,-2.8959140308237297
-0.5317,-2.8845963404248094
-0.5327000000000001,-2.9213788342213007
-0.5337,-3.010505646112798
-0.5347000000000001,-3.0614352529079394
-0.5357,-3.0373851608102336
-0.5367000000000001,-3.0232380478115832
-0.5377,-3.004846800913338
-0.5387000000000001,-3.0586058303082093
-0.5397,-3.1548061986990317
-0.5407000000000001,-3.201491671594578
-0.5417,-3.2241270523924186
-0.5427000000000001,-3.178856290796737
-0.5437,-3.1774415794968722
-0.5447000000000001,-3.204321094194308
-0.5457,-3.2396888766909337
-0.5467000000000001,-3.2609095461889095
-0.5477,-3.325986265982701
-0.5487000000000001,-3.355695203279867
-0.5497,-3.3641834710790572
-0.5507000000000001,-3.3330598224820265
-0.5517,-3.3401333789813514
-0.5527000000000001,-3.382574717977303
-0.5537,-3.3981365422758185
-0.5547000000000001,-3.4419925925716344
-0.5557,-3.532534115762996
-0.5567000000000001,-3.4830192202677206
-0.5577,-3.4518955716706894
-0.5587000000000001,-3.405210098775143
-0.5597,-3.4221866343735234
-0.5607000000000001,-3.519801714064211
-0.5617,-3.566487186959758
-0.5627000000000001,-3.683908224848555
-0.5637,-3.707958316946261
-0.5647000000000001,-3.7065436056463965
-0.5657,-3.644296308452334
-0.5667000000000001,-3.6358080406531443
-0.5677,-3.710787739545991
-0.5687000000000001,-3.7206907186450464
-0.5697,-3.8055733966369485
-0.5707000000000001,-3.8041586853370832
-0.5717,-3.8437706017333046
-0.5727000000000001,-3.8833825181295256
-0.5737,-3.975338752620753
-0.5747000000000001,-3.9937299995189983
-0.5757,-4.03900076111468
-0.5767000000000001,-3.9852417317198086
-0.5777,-3.979582886520348
-0.5787000000000001,-4.050318451513601
-0.5797,-4.068709698411845
-0.5807000000000001,-4.20452198319889
-0.5817,-4.285160527291196
-0.5827000000000001,-4.321943021087687
-0.5837,-4.336090134086337
-0.5847000000000001,-4.317698887188092
-0.5857,-4.290819372490656
-0.5867000000000001,-4.338919556686067
-0.5877,-4.555370385565419
-0.5887000000000001,-4.568102787264204
-0.5897,-4.592152879361908
-0.5907000000000001,-4.541223272566767
-0.5917,-4.5369791386671725
-0.5927000000000001,-4.529905582167847
-0.5937,-4.6487413313565105
-0.5947000000000001,-4.85387446983694
-0.5957,-4.866606871535726
-0.5967000000000001,-4.8849981184339715
-0.5977,-4.877924561934646
-0.5987000000000001,-4.918951189630732
-0.5997,-4.933098302629383
-0.6007000000000001,-5.059007608317371
-0.6017,-5.135402018510083
-0.6027000000000001,-5.268384880697396
-0.6037,-5.248578922499286
-0.6047000000000001,-5.288190838895507
-0.6057,-5.399953031584845
-0.6067000000000001,-5.5003975338752635
-0.6077,-5.469273885278232
-0.6087000000000001,-5.472103307877963
-0.6097,-5.551327140670404
-0.6107000000000001,-5.585280211867165
-0.6117,-5.654601065560552
-0.6126999999999999,-5.6984571158563675
-0.6137,-5.814463442445301
-0.6146999999999999,-5.902175543036933
-0.6157,-5.913493233435854
-0.6166999999999999,-6.018181869625866
-0.6177,-6.042231961723571
-0.6186999999999999,-6.138432330114394
-0.6197,-6.193606070809131
-0.6206999999999999,-6.329418355596174
-0.6217,-6.332247778195904
-0.6226999999999999,-6.452498238684432
-0.6237,-6.540210339276065
-0.6246999999999999,-6.6491431093656725
-0.6257,-6.691584448361623
-0.6266999999999999,-6.6958285822612185
-0.6277,-6.7609053020550105
-0.6286999999999999,-6.852861536546238
-0.6297,-7.001406223032068
-0.6306999999999999,-7.124486106120324
-0.6317,-7.268786658706559
-0.6326999999999999,-7.212198206711958
-0.6337,-7.227760031010472
-0.6346999999999999,-7.048091695927613
-0.6357,-7.254639545707908
-0.6366999999999999,-7.544655362180241
-0.6377,-7.737056098961886
-0.6386999999999999,-7.829012333453114
-0.6397,-7.966239329540022
-0.6406999999999999,-7.991704132937592
-0.6417,-7.995948266837187
-0.6426999999999999,-8.073757388329765
-0.6437,-8.236449187814243
-0.6446999999999999,-8.441582326294675
-0.6457,-8.591541724080368
-0.6466999999999999,-8.7075480506693
-0.6477,-8.834872067657153
-0.6486999999999999,-8.987660888042578
-0.6497,-9.126302595429351
-0.6507,-9.300312085312752
-0.6517000000000001,-9.375291784205599
-0.6527,-9.546471851489269
-0.6537000000000001,-9.658234044178606
-0.6547,-9.80536401936457
-0.6557000000000001,-9.925614479853097
-0.6567,-10.122259350534337
-0.6577000000000001,-10.304757108216927
-0.6587,-10.485840154599652
-0.6597000000000001,-10.654190799283592
-0.6607,-10.8480062473651
-0.6617000000000001,-11.048895251945936
-0.6627,-11.116801394339458
-0.6637000000000001,-11.258272524325962
-0.6647,-11.365790583115706
-0.6657000000000001,-11.66287995608736
-0.6667,-11.906210299664147
-0.6677000000000001,-12.067487387848763
-0.6687,-12.329208978323795
-0.6697000000000001,-12.599418836598016
-0.6707,-12.794648995979392
-0.6717000000000001,-12.895093498269809
-0.6727,-13.127106151447675
-0.6737000000000001,-13.27140670403391
-0.6747,-13.472295708614745
-0.6757000000000001,-13.598205014302733
-0.6767,-13.8868061194752
-0.6777000000000001,-14.028277249461704
-0.6787,-14.288584128636872
-0.6797000000000001,-14.62811484060448
-0.6807,-14.882762874580186
-0.6817000000000001,-15.080822456561293
-0.6827,-15.264734925543747
-0.6837000000000001,-15.575971411514052
-0.6847,-15.943796349478962
-0.6857000000000001,-16.269179948447924
-0.6867,-16.438945304431726
-0.6877000000000001,-16.736034677403385
-0.6887,-17.018976937376394
-0.6897000000000001,-17.34436053634535
-0.6907,-17.599008570321057
-0.6917000000000001,-17.938539282288666
-0.6927,-18.17904020326572
-0.6937000000000001,-18.47612957623738
-0.6947,-18.999572757187444
-0.6957000000000001,-19.2683679041618
-0.6967,-19.73522263311726
-0.6977000000000001,-20.17378313607542
-0.6987,-20.329401379060574
-0.6997000000000001,-20.357695605057877
-0.7007,-20.626490752032236
-0.7017000000000001,-21.22066949797555
-0.7027,-21.857289582914817
-0.7037000000000001,-22.267555859875678
-0.7047,-22.748557701829792
-0.7057000000000001,-23.031499961802798
-0.7067,-23.342736447773106
-0.7077000000000001,-23.781296950731264
-0.7087,-24.134974775697525
-0.7097000000000001,-24.630123730650286
-0.7107,-25.012095781613848
-0.7117000000000001,-25.46480339757066
-0.7127,-25.931658126526123
-0.7137000000000001,-26.38436574248293
-0.7147,-26.69560222845324
-0.7157000000000001,-27.162456957408708
-0.7167,-27.64345879936282
-0.7177000000000001,-28.19519620631018
-0.7187,-28.506432692280487
-0.7197000000000001,-29.171347003217054
-0.7207,-29.66649595816982
-0.7217000000000001,-30.13335068712528
-0.7227,-30.685088094072643
-0.7237000000000001,-31.08120725803486
-0.7247,-31.57635621298762
-0.7257000000000001,-32.19882918492823
-0.7267,-32.807155043870196
-0.7277000000000001,-33.344745337818914
-0.7287,-33.59939337179462
-0.7297000000000001,-34.25016056973254
-0.7307,-35.04239889765696
-0.7317000000000001,-35.608283417602976
-0.7327,-36.13172659855304
-0.7337000000000001,-36.6834640055004
-0.7347,-37.305936977441014
-0.7357000000000001,-37.87182149738703
-0.7367,-38.42355890433439
-0.7376999999999999,-39.03188476327636
-0.7387,-39.54118083122778
-0.7396999999999999,-40.20609514216434
-0.7407,-40.701244097117105
-0.7416999999999999,-41.47933531204288
-0.7427,-42.186690961975394
-0.7436999999999999,-42.93648795090387
-0.7447,-43.672137826833676
-0.7456999999999999,-44.36534636376755
-0.7467,-45.030260674704124
-0.7476999999999999,-45.61029230764878
-0.7487,-46.36008929657725
-0.7496999999999999,-46.96841515551922
-0.7507,-47.78894770944093
-0.7516999999999999,-48.3406851163883
-0.7527,-49.03389365332217
-0.7536999999999999,-49.48660126927898
-0.7547,-50.46275206618586
-0.7556999999999999,-51.127666377122424
-0.7567,-52.00478738303875
-0.7576999999999999,-52.853614162957776
-0.7587,-53.433645795902436
-0.7596999999999999,-54.18344278483091
-0.7607,-54.82006286977017
-0.7616999999999999,-55.484977180706736
-0.7627,-56.164038604641945
-0.7636999999999999,-56.998718271562325
-0.7647,-57.819250825484055
-0.7656999999999999,-58.45587091042332
-0.7667,-59.23396212534908
-0.7676999999999999,-59.7715524192978
-0.7687,-60.87502723319253
-0.7696999999999999,-61.48335309213449
-0.7707,-62.41706255004542
-0.7716999999999999,-63.19515376497119
-0.7727,-63.64786138092801
-0.7736999999999999,-64.79377753381868
-0.7747,-65.40210339276065
-0.7757,-66.13775326869046
-0.7767000000000001,-66.87340314462028
-0.7777,-67.36855209957304
-0.7787000000000001,-68.41543846147317
-0.7797,-69.151088337403
-0.7807000000000001,-69.81600264833956
-0.7817,-70.52335829827209
-0.7827000000000001,-71.2024197222073
-0.7837,-71.76830424215332
-0.7847000000000001,-72.22101185811013
-0.7857,-73.0556915250305
-0.7867000000000001,-73.40936934999675
-0.7857,-73.197162655017
-0.7847000000000001,-72.65957236106827
-0.7837,-72.29174742310337
-0.7827000000000001,-71.74001001615602
-0.7817,-71.47121486918165
-0.7807000000000001,-70.59409386326533
-0.7797,-70.02820934331933
-0.7787000000000001,-69.50476616236925
-0.7777,-69.06620565941108
-0.7767000000000001,-68.44373268747047
-0.7757,-67.70808281154066
-0.7747,-67.25537519558385
-0.7736999999999999,-66.56216665864997
-0.7727,-66.27922439867696
-0.7716999999999999,-66.33581285067157
-0.7707,-65.5011331837512
-0.7696999999999999,-64.00153920589426
-0.7687,-63.350772007956344
-0.7676999999999999,-63.03953552198603
-0.7667,-62.44535677604272
-0.7656999999999999,-61.9926491600859
-0.7647,-61.6531184481183
-0.7636999999999999,-61.313587736150694
-0.7627,-60.54964363422357
-0.7616999999999999,-60.23840714825326
-0.7607,-59.7432581933005
-0.7596999999999999,-59.24810923834774
-0.7587,-58.83784296138688
-0.7576999999999999,-57.974869068469204
-0.7567,-57.19677785354343
-0.7556999999999999,-56.98457115856368
-0.7547,-56.36209818662306
-0.7536999999999999,-55.65474253669055
-0.7527,-55.34350605072023
-0.7516999999999999,-54.77762153077422
-0.7507,-53.985383202849796
-0.7496999999999999,-53.419498682903786
-0.7487,-53.26388043991864
-0.7476999999999999,-52.81117282396182
-0.7467,-52.1886998520212
-0.7456999999999999,-51.410608637095436
-0.7447,-50.85887123014807
-0.7436999999999999,-50.547634744177756
-0.7427,-50.179809806212845
-0.7416999999999999,-49.72710219025603
-0.7407,-49.387571478288436
-0.7396999999999999,-48.70851005435321
-0.7387,-47.987007291422046
-0.7376999999999999,-47.633329466455784
-0.7367,-47.16647473750032
-0.7357000000000001,-46.69962000854486
-0.7347,-46.289353731584
-0.7337000000000001,-45.949823019616396
-0.7327,-45.412232725667685
-0.7317000000000001,-44.91708377071491
-0.7307,-44.4926703807554
-0.7297000000000001,-44.223875233781044
-0.7287,-43.58725514884178
-0.7277000000000001,-43.09210619388902
-0.7267,-42.82331104691466
-0.7257000000000001,-42.229132300971344
-0.7247,-41.88960158900374
-0.7237000000000001,-41.55007087703613
-0.7227,-41.196393052069865
-0.7217000000000001,-40.460743176140056
-0.7207,-39.89485865619403
-0.7197000000000001,-39.51288660523048
-0.7187,-39.01773765027771
-0.7177000000000001,-38.72064827730605
-0.7167,-38.23964643535194
-0.7157000000000001,-37.85767438438838
-0.7147,-37.178612960453165
-0.7137000000000001,-36.669316892501755
-0.7127,-36.44296308452335
-0.7117000000000001,-35.91951990357328
-0.7107,-35.49510651361377
-0.7097000000000001,-35.098987349651566
-0.7087,-34.67457395969205
-0.7077000000000001,-34.33504324772444
-0.7067,-33.910629857764924
-0.7057000000000001,-33.47206935480677
-0.7047,-33.00521462585131
-0.7037000000000001,-32.6090954618891
-0.7027,-32.51006567089854
-0.7017000000000001,-32.00076960294713
-0.7007,-31.533914873991666
-0.6997000000000001,-31.095354371033505
-0.6987,-30.71338232006995
-0.6977000000000001,-30.50117562509019
-0.6967,-30.260674704113132
-0.6957000000000001,-29.949438218142824
-0.6947,-29.63820173217252
-0.6937000000000001,-29.22793545521166
-0.6927,-28.8742576302454
-0.6917000000000001,-28.478138466283188
-0.6907,-28.15275486731423
-0.6897000000000001,-27.855665494342567
-0.6887,-27.487840556377662
-0.6877000000000001,-27.14830984441005
-0.6867,-26.752190680447846
-0.6857000000000001,-26.511689759470787
-0.6847,-26.087276369511276
-0.6837000000000001,-26.002393691519377
-0.6827,-25.60627452755716
-0.6817000000000001,-25.210155363594954
-0.6807,-24.941360216620595
-0.6797000000000001,-24.65841795664759
-0.6787,-24.432064148669184
-0.6777000000000001,-24.23400456668808
-0.6767,-23.908620967719123
-0.6757000000000001,-23.597384481748815
-0.6747,-23.314442221775803
-0.6737000000000001,-22.932470170812245
-0.6727,-22.522203893851387
-0.6717000000000001,-22.055349164895922
-0.6707,-21.659230000933714
-0.6697000000000001,-21.447023305953955
-0.6687,-21.2348166109742
-0.6677000000000001,-21.107492593986347
-0.6667,-20.838697447011988
-0.6657000000000001,-20.541608074040333
-0.6647,-20.230371588070028
-0.6637000000000001,-19.523015938137508
-0.6627,-19.2683679041618
-0.6617000000000001,-19.25422079116315
-0.6607,-19.01371987018609
-0.6597000000000001,-18.843954514202288
-0.6587,-18.589306480226583
-0.6577000000000001,-18.306364220253574
-0.6567,-18.009274847281915
-0.6557000000000001,-17.72633258730891
-0.6547,-17.542420118326454
-0.6537000000000001,-17.358507649344002
-0.6527,-17.188742293360193
-0.6517000000000001,-16.849211581392588
-0.6507,-16.52382798242363
-0.6497,-16.339915513441174
-0.6486999999999999,-16.29747417444522
-0.6477,-16.184297270456018
-0.6466999999999999,-15.957943462477614
-0.6457,-15.618412750510005
-0.6446999999999999,-15.208146473549144
-0.6437,-14.755438857592333
-0.6426999999999999,-14.514937936615278
-0.6417,-14.345172580631472
-0.6406999999999999,-14.274437015638219
-0.6397,-14.24614278964092
-0.6386999999999999,-14.130136463051985
-0.6377,-13.946223994069532
-0.6366999999999999,-13.660452311496796
-0.6357,-13.48785753291326
-0.6346999999999999,-13.107300193249564
-0.6337,-12.994123289260362
-0.6326999999999999,-12.784746016880337
-0.6317,-12.694204493688973
-0.6306999999999999,-12.579612878399907
-0.6297,-12.374479739919476
-0.6286999999999999,-12.10285517034539
-0.6277,-11.763324458377781
-0.6266999999999999,-11.529897093900049
-0.6257,-11.405402499511926
-0.6246999999999999,-11.348814047517324
-0.6237,-11.360131737916245
-0.6226999999999999,-11.1960252271319
-0.6217,-10.978159686952685
-0.6206999999999999,-10.787173661470904
-0.6197,-10.579211100390744
-0.6186999999999999,-10.43491054780451
-0.6177,-10.28919528391841
-0.6166999999999999,-10.143480020032312
-0.6157,-10.048694362941355
-0.6146999999999999,-9.942591015451477
-0.6137,-9.785558061166459
-0.6126999999999999,-9.540813006289808
-0.6117,-9.419147834501414
-0.6107000000000001,-9.256456035016935
-0.6097,-9.127717306729215
-0.6087000000000001,-8.990490310642308
-0.6077,-8.887216385752161
-0.6067000000000001,-8.730183431467141
-0.6057,-8.689156803771056
-0.6047000000000001,-8.532123849486036
-0.6037,-8.426020501996158
-0.6027000000000001,-8.252011012112758
-0.6017,-8.147322375922746
-0.6007000000000001,-8.003021823336512
-0.5997,-7.851647714250955
-0.5987000000000001,-7.789400417056893
-0.5977,-7.647929287070388
-0.5967000000000001,-7.5941702576755175
-0.5957,-7.438552014690363
-0.5947000000000001,-7.321130976801564
-0.5937,-7.234833587509797
-0.5927000000000001,-7.070727076725453
-0.5917,-6.883985185143269
-0.5907000000000001,-6.794858373251771
-0.5897,-6.729781653457979
-0.5887000000000001,-6.5769928330725556
-0.5877,-6.5317220714768744
-0.5867000000000001,-6.400153920589426
-0.5857,-6.309612397398063
-0.5847000000000001,-6.1624824222121
-0.5837,-6.035158405224247
-0.5827000000000001,-5.955934572431804
-0.5817,-5.94603159333275
-0.5807000000000001,-5.902175543036933
-0.5797,-5.811634019845571
-0.5787000000000001,-5.658845199460147
-0.5777,-5.572547810168379
-0.5767000000000001,-5.568303676268785
-0.5757,-5.484835709576747
-0.5747000000000001,-5.397123608985115
-0.5737,-5.285361416295777
-0.5727000000000001,-5.262726035497936
-0.5717,-5.149549131508733
-0.5707000000000001,-5.090131256914402
-0.5697,-5.023639825820745
-0.5687000000000001,-4.869436294135457
-0.5677,-4.810018419541125
-0.5667000000000001,-4.767577080545174
-0.5657,-4.749185833646928
-0.5647000000000001,-4.651570753956241
-0.5637,-4.545467406466363
-0.5627000000000001,-4.474731841473111
-0.5617,-4.389849163481209
-0.5607000000000001,-4.331846000186743
-0.5597,-4.2483780334947046
-0.5587000000000001,-4.2087661170984845
-0.5577,-4.145104108604558
-0.5567000000000001,-4.1040774809084715
-0.5557,-4.034756627215084
-0.5547000000000001,-3.932897413624801
-0.5537,-3.8664059825311448
-0.5527000000000001,-3.7772791706396474
-0.5517,-3.7433260994428865
-0.5507000000000001,-3.7758644593397825
-0.5497,-3.7503996559422124
-0.5487000000000001,-3.6244903502542236
-0.5477,-3.542437094862052
-0.5467000000000001,-3.512728157564886
-0.5457,-3.4236013456733887
-0.5447000000000001,-3.4136983665743337
-0.5437,-3.3189127094833766
-0.5427000000000001,-3.253835989689584
-0.5417,-3.2425182992906643
-0.5407000000000001,-3.211394650693633
-0.5397,-3.1873445585959277
-0.5387000000000001,-3.08972947890524
-0.5377,-2.9609907506175217
-0.5367000000000001,-2.877522783925485
-0.5357,-2.8619609596269693
-0.5347000000000001,-2.798298951133043
-0.5337,-2.6921956036431647
-0.5327000000000001,-2.656827821146539
-0.5317,-2.6016540804518025
-0.5307000000000001,-2.5691157205549064
-0.5297,-2.6073129256512626
-0.5287000000000001,-2.5563833188561214
-0.5277,-2.5478950510569307
-0.5267000000000001,-2.506868423360845
-0.5257,-2.4559388165657037
-0.5247,-2.3767149837732613
-0.5236999999999999,-2.330029510877715
-0.5227,-2.3371030673770408
-0.5216999999999999,-2.307394130079875
-0.5207,-2.318711820478795
-0.5196999999999999,-2.273441058883114
-0.5187,-2.208364339089322
-0.5176999999999999,-2.171581845292831
-0.5167,-2.1546053096944506
-0.5156999999999999,-2.1206522384976902
-0.5147,-2.095187435100119
-0.5136999999999999,-2.0612343639033583
-0.5127,-2.011719468408082
-0.5116999999999999,-1.993328221509837
-0.5107,-1.9848399537106465
-0.5096999999999999,-1.9508868825138854
-0.5087,-1.8999572757187444
-0.5076999999999999,-1.8278069994256272
-0.5067,-1.7655597022315657
-0.5056999999999999,-1.7556567231325106
-0.5047,-1.7938539282288664
-0.5036999999999999,-1.7910245056291363
-0.5027,-1.7867803717295414
-0.5016999999999999,-1.8051716186277869
-0.5007,-1.7301919197349398
-0.4996999999999999,-1.6424798191433077
-0.49870000000000003,-1.5618412750510005
-0.4976999999999999,-1.502423400456669
-0.49670000000000003,-1.5816472332491107
-0.4956999999999999,-1.6396503965435776
-0.49470000000000003,-1.6113561705462767
-0.4936999999999999,-1.5618412750510005
-0.4927,-1.54203531685289
-0.4916999999999999,-1.4797880196588282
-0.4907,-1.4345172580631471
-0.4896999999999999,-1.4076377433657117
-0.4887,-1.3753823257287887
-0.4876999999999999,-1.4008471291263593
-0.4867,-1.4046668496359949
-0.48570000000000013,-1.3787776328484649
-0.4847,-1.3626499240300034
-0.48370000000000013,-1.3404389566221222
-0.4827,-1.3006855690959147
-0.48170000000000013,-1.2766354769982091
-0.4807,-1.2736645832684925
-0.4797000000000001,-1.2644689598193697
-0.4787,-1.268430151458992
-0.4777000000000001,-1.236740618342015
-0.4767,-1.201655778105362
-0.4757000000000001,-1.180010695217427
-0.4747,-1.2247155722931624
-0.4737000000000001,-1.210851401554485
-0.4727,-1.1893477897965363
-0.4717000000000001,-1.141247605601125
-0.4707,-1.101918631464877
-0.4697000000000001,-1.0814053176168341
-0.4687,-1.101635689204904
-0.4677000000000001,-1.090317998805984
-0.4667,-1.0716438096477652
-0.4657000000000001,-1.0359930848911665
-0.4647,-0.9900149676455526
-0.4637000000000001,-0.9929858613752693
-0.4627,-0.9852049492260115
-0.4617000000000001,-0.9894490831256065
-0.4607,-0.9727554897871993
-0.4597000000000001,-0.9942591015451476
-0.4587,-0.9993520622246619
-0.4577000000000001,-0.9291823817513559
-0.4567,-0.8335478978804797
-0.4557000000000001,-0.7589926123775922
-0.4547,-0.8017168936335162
-0.4537000000000001,-0.8433094058495484
-0.4527,-0.9187135181323548
-0.4517000000000001,-0.9372462361605868
-0.4507,-0.8605688837079019
-0.4497000000000001,-0.8185519581019103
-0.4487,-0.7922383279244205
-0.4477000000000001,-0.8058195564031249
-0.4467,-0.8215228518316268
-0.4457000000000001,-0.8076586810929495
-0.4447,-0.7819109354354057
-0.4437000000000001,-0.7656417554869578
-0.4427,-0.7424404901691712
-0.4417000000000001,-0.7625293906272548
-0.4407,-0.7349425202798866
-0.4397000000000001,-0.7359328181897921
-0.4387,-0.7164098022516546
-0.4377000000000001,-0.729425146210413
-0.4367,-0.7190977537213982
-0.4357000000000001,-0.6818908465349477
-0.4347,-0.6845787980046913
-0.4337000000000001,-0.6760905302055011
-0.4327,-0.6593969368670936
-0.4317000000000001,-0.6429862857886591
-0.43069999999999997,-0.6418545167487671
-0.4297000000000001,-0.6291221150499817
-0.42869999999999997,-0.5994131777528161
-0.4277000000000001,-0.5946031593332749
-0.42669999999999997,-0.6074770321620467
-0.4257000000000001,-0.6077599744220198
-0.42469999999999997,-0.599696120012789
-0.4237000000000001,-0.5869637183140037
-0.42269999999999996,-0.540136774288471
-0.4217000000000001,-0.5275458437196722
-0.42069999999999996,-0.5020810403221014
-0.4197000000000001,-0.5119840194211568
-0.41869999999999996,-0.539287947508552
-0.41770000000000007,-0.5457956194879312
-0.41669999999999996,-0.5322143910092269
-0.41570000000000007,-0.4993930888523579
-0.41469999999999996,-0.4798700729142204
-0.41370000000000007,-0.46317647957581304
-0.41269999999999996,-0.46020558584609644
-0.41170000000000007,-0.4832653800338965
-0.41069999999999995,-0.48793392732345114
-0.40970000000000006,-0.4715232762450167
-0.40869999999999995,-0.45185878917689276
-0.40770000000000006,-0.44407787702763507
-0.40669999999999995,-0.4329016577587012
-0.40570000000000006,-0.4319113598487957
-0.40469999999999995,-0.4187545447600509
-0.40370000000000006,-0.4150762953804018
-0.40269999999999995,-0.40913450792096867
-0.40170000000000006,-0.406446556451225
-0.40069999999999995,-0.3989485865619403
-0.39970000000000006,-0.3893285497228581
-0.39869999999999994,-0.36188315050547637
-0.39770000000000005,-0.3425016056973254
-0.39669999999999994,-0.3396721830975953
-0.39570000000000005,-0.346604268466934
-0.39469999999999994,-0.36711758231497704
-0.39370000000000005,-0.3625905061554089
-0.39269999999999994,-0.35594136304604324
-0.39170000000000005,-0.3382574717977303
-0.39069999999999994,-0.3259494834889044
-0.38970000000000005,-0.3178856290796737
-0.38869999999999993,-0.3113779571002946
-0.38770000000000004,-0.31236825501020005
-0.38669999999999993,-0.310387659190389
-0.38570000000000004,-0.3055776407708479
-0.38469999999999993,-0.29100611438223806
-0.38370000000000004,-0.27190751183406003
-0.38269999999999993,-0.2518186113759765
-0.38170000000000004,-0.2665316088945729
-0.3806999999999999,-0.28379108675292636
-0.37970000000000004,-0.2692195603643165
-0.3786999999999999,-0.2662486666345999
-0.37770000000000004,-0.24955507329619245
-0.3766999999999999,-0.22225114520879727
-0.37570000000000003,-0.20244518701068673
-0.3746999999999999,-0.22225114520879727
-0.37370000000000003,-0.24078386323702924
-0.3726999999999999,-0.24403769922671883
-0.37170000000000003,-0.22904175944814942
-0.3706999999999999,-0.2284758749282034
-0.36970000000000003,-0.2189973092191077
-0.3686999999999999,-0.2081040322101469
-0.3677,-0.2008890045808352
-0.3666999999999999,-0.20230371588070023
-0.3657,-0.20046459119087567
-0.3646999999999999,-0.19423986147146954
-0.3637,-0.2008890045808352
-0.3626999999999999,-0.18716630497214437
-0.3617,-0.16764328903400685
-0.36070000000000013,-0.14882762874580185
-0.3597,-0.1367601413579531
-0.35870000000000013,-0.14024033115562107
-0.3577,-0.14613967727605828
-0.35670000000000013,-0.1619844438345467
-0.3557,-0.1694824137238314
-0.3547000000000001,-0.16014531914472213
-0.3537,-0.15377911829532948
-0.3527000000000001,-0.14135795308251448
-0.3517,-0.13298286218731345
-0.3507000000000001,-0.13369021783724597
-0.3497,-0.13172376913043357
-0.3487000000000001,-0.1355010483010732
-0.3477,-0.13298286218731345
-0.3467000000000001,-0.12433897614513807
-0.3457,-0.11484626332304368
-0.3447000000000001,-0.10995136222551065
-0.3437,-0.10673996757481702
-0.3427000000000001,-0.11037577561547016
-0.3417,-0.1056364927609223
-0.3407000000000001,-0.10130747618333527
-0.3397,-0.09669551734577525
-0.3387000000000001,-0.09236650076818824
-0.3377,-0.08986246176742714
-0.3367000000000001,-0.0869340093767065
-0.3357,-0.08567491631982663
-0.3347000000000001,-0.07799303396155947
-0.3337,-0.07520605270082535
-0.3327000000000001,-0.07394695964394547
-0.3317,-0.07366401738397246
-0.3307000000000001,-0.07297080884703859
-0.3297,-0.06780711260253121
-0.3287000000000001,-0.057479720113516444
-0.3277,-0.04896315808832892
-0.3267000000000001,-0.04770406503144904
-0.3257,-0.05650356931660957
-0.3247000000000001,-0.055796213666677044
-0.3237,-0.05119840194211568
-0.3227000000000001,-0.048269949551395054
-0.3217,-0.04254036878694165
-0.3207000000000001,-0.042823311046914656
-0.3197,-0.042130102509980796
-0.3187000000000001,-0.04170568912002128
-0.3177,-0.039894858656194035
-0.3167000000000001,-0.032071505167940384
-0.3157,-0.027190751183406005
-0.3147000000000001,-0.023427619125765006
-0.3137,-0.025238449589592253
-0.3127000000000001,-0.0230032057358055
-0.3117,-0.02007475334508487
-0.3107000000000001,-0.017839509491298113
-0.3097,-0.01588720789748436
-0.3087000000000001,-0.0135104929137111
-0.3077,-0.011416720189910844
-0.3067000000000001,-0.009044249340037178
-0.30569999999999997,-0.007928042124443665
-0.3047000000000001,-0.0036004402581565186
-0.30369999999999997,-0.0003907432610227231
-0.3027000000000001,0.0011445014415908147
-0.30169999999999997,0.0025408214945576058
-0.3007000000000001,0.0022607086571843284
-0.29969999999999997,0.005051934051818046
-0.2987000000000001,0.0064482541047848375
-0.29769999999999996,0.009100837792031781
-0.2967000000000001,0.012170761312738912
-0.29569999999999996,0.013985835910465752
-0.2947000000000001,0.016495533756426328
-0.29369999999999996,0.016212591496453318
-0.29270000000000007,0.0173302134233467
-0.29169999999999996,0.02194217226090672
-0.29070000000000007,0.022493909667854084
-0.28969999999999996,0.02417741611469348
-0.28870000000000007,0.024729153521640842
-0.28769999999999996,0.027657605912361466
-0.28670000000000007,0.028223490432307482
-0.28569999999999995,0.030458734286094236
-0.28470000000000006,0.03338718667681487
-0.28369999999999995,0.03352865780680137
-0.28270000000000006,0.034915074880669104
-0.28169999999999995,0.037433260994428876
-0.28070000000000006,0.03771620325440188
-0.27969999999999995,0.040927597905095515
-0.27870000000000006,0.04147933531204288
-0.27769999999999995,0.044138992555789146
-0.27670000000000006,0.04497367222270952
-0.27569999999999995,0.046232765279589395
-0.27470000000000006,0.04804359574341665
-0.27369999999999994,0.048185066873403154
-0.27270000000000005,0.051396461524096784
-0.27169999999999994,0.05068910587416426
-0.27070000000000005,0.05306582085793753
-0.26969999999999994,0.054324913914817405
-0.26870000000000005,0.05515959358173778
-0.26769999999999994,0.05670162889859067
-0.26670000000000005,0.06032328982624517
-0.26569999999999994,0.060606232086218174
-0.26470000000000005,0.062134120290072405
-0.26369999999999993,0.060606232086218174
-0.26270000000000004,0.06270000481001843
-0.26169999999999993,0.06493524866380519
-0.26070000000000004,0.06702902138760544
-0.25969999999999993,0.06939158925838004
-0.25870000000000004,0.0678637010545258
-0.25769999999999993,0.07107509570521944
-0.25670000000000004,0.07107509570521944
-0.2556999999999999,0.07107509570521944
-0.25470000000000004,0.07386207696595355
-0.2536999999999999,0.07526264115281994
-0.25270000000000004,0.07567290742978082
-0.2516999999999999,0.07623879194972684
-0.25070000000000003,0.07609732081974033
-0.24969999999999992,0.07945018660042047
-0.24870000000000003,0.07971898174739482
-0.24769999999999992,0.08209569673116808
-0.24670000000000003,0.08404799832498183
-0.24569999999999992,0.08516562025187521
-0.24470000000000003,0.08390652719499532
-0.24369999999999992,0.08181275447119508
-0.24270000000000003,0.08502414912188871
-0.24169999999999991,0.08544856251184822
-0.24070000000000003,0.0867076555687281
-0.2396999999999999,0.08935316569947571
-0.23870000000000002,0.09061225875635559
-0.2376999999999999,0.09018784536639608
-0.23670000000000002,0.09187135181323548
-0.23570000000000013,0.09187135181323548
-0.23470000000000002,0.09354071114707624
-0.23370000000000013,0.09228161809019635
-0.23270000000000002,0.09396512453703573
-0.23170000000000013,0.09703504805774286
-0.23070000000000002,0.09661063466778336
-0.22970000000000013,0.09758678546469024
-0.22870000000000001,0.09884587852157012
-0.22770000000000012,0.10065670898539736
-0.2267,0.10093965124537037
-0.22570000000000012,0.10093965124537037
-0.2247,0.10248168656222324
-0.22370000000000012,0.10345783735913014
-0.2227,0.10359930848911664
-0.22170000000000012,0.10541013895294389
-0.2207,0.10386810363609099
-0.21970000000000012,0.10596187635989125
-0.2187,0.10764538280673064
-0.21770000000000012,0.1095976844005444
-0.2167,0.10848006247365101
-0.2157000000000001,0.10889032875061187
-0.2147,0.11280907905123803
-0.2137000000000001,0.11447843838507876
-0.2127,0.11307787419821237
-0.2117000000000001,0.11476138064505177
-0.2107,0.11573753144195865
-0.2097000000000001,0.1175483619057859
-0.2087,0.116289268848906
-0.2077000000000001,0.11587900257194515
-0.2067,0.11196025227131902
-0.2057000000000001,0.11169145712434464
-0.2047,0.11587900257194515
-0.2037000000000001,0.11992507688955915
-0.2027,0.12899337632169403
-0.2017000000000001,0.12523024426405305
-0.2007,0.11992507688955915
-0.1997000000000001,0.11545458918198566
-0.1987,0.10848006247365101
-0.1977000000000001,0.11295055018122453
-0.19669999999999999,0.1223017918733324
-0.1957000000000001,0.13122862017548081
-0.19469999999999998,0.13067688276853343
-0.1937000000000001,0.12982805598861444
-0.19269999999999998,0.12941778971165355
-0.1917000000000001,0.12913484745168055
-0.1907000000000001,0.12368820894720017
-0.1897000000000002,0.12592345280098693
-0.1887000000000001,0.1285831100447332
-0.1877000000000002,0.13332239289928105
-0.1867000000000001,0.1366752586799612
-0.1857000000000002,0.13401560143621494
-0.1847000000000001,0.12982805598861444
-0.1837000000000002,0.12759281213482765
-0.18270000000000008,0.13374680628924054
-0.1817000000000002,0.13862756027377496
-0.18070000000000008,0.13569910788305434
-0.1797000000000002,0.13820314688381544
-0.17870000000000008,0.13472295708614743
-0.1777000000000002,0.1394622399406953
-0.17670000000000008,0.1390378265507358
-0.1757000000000002,0.1390378265507358
-0.17470000000000008,0.13722699608690858
-0.1737000000000002,0.1394622399406953
-0.17270000000000008,0.13862756027377496
-0.17170000000000019,0.1408628041275617
-0.17070000000000007,0.14430055258623375
-0.16970000000000018,0.1467055617960043
-0.16870000000000007,0.1428858412863687
-0.16770000000000018,0.1427443701563822
-0.16670000000000007,0.1437346680662877
-0.16570000000000018,0.1467055617960043
-0.16470000000000007,0.14755438857592332
-0.16370000000000018,0.14430055258623375
-0.16270000000000007,0.14401761032626076
-0.16170000000000018,0.1424614278964092
-0.16070000000000007,0.14741291744593682
-0.15970000000000018,0.1496764555257209
-0.15870000000000006,0.15052528230563988
-0.15770000000000017,0.15293029151541046
-0.15670000000000006,0.15293029151541046
-0.15570000000000017,0.15561824298515403
-0.15470000000000006,0.154203531685289
-0.15370000000000017,0.14840321535584233
-0.15270000000000006,0.15165705134553195
-0.15170000000000017,0.1584476655848841
-0.15070000000000006,0.15618412750510002
-0.14970000000000017,0.15208146473549145
-0.14870000000000005,0.1498179266557074
-0.14770000000000016,0.15774030993495158
-0.14670000000000005,0.16014531914472213
-0.14570000000000016,0.16806770242396638
-0.14470000000000005,0.16820917355395287
-0.14370000000000016,0.1655212220842093
-0.14270000000000005,0.16127708818461417
-0.14170000000000016,0.15675001202504607
-0.14070000000000005,0.15689148315503257
-0.13970000000000016,0.15646706976507307
-0.13870000000000005,0.1624088572245062
-0.13770000000000016,0.16820917355395287
-0.13670000000000004,0.1697653559838044
-0.13570000000000015,0.1656626932141958
-0.13470000000000004,0.16721887564404736
-0.13370000000000015,0.17004829824377743
-0.13270000000000004,0.17245330745354798
-0.13170000000000015,0.17400948988339954
-0.13070000000000004,0.173019191973494
-0.12970000000000015,0.173019191973494
-0.12870000000000004,0.173019191973494
-0.12770000000000015,0.17202889406358848
-0.12670000000000003,0.173019191973494
-0.12570000000000014,0.17485831666331855
-0.12470000000000003,0.17415096101338604
-0.12370000000000014,0.17556567231325104
-0.12270000000000003,0.17811215265300812
-0.12170000000000014,0.18320511333252223
-0.12070000000000003,0.18278069994256274
-0.11970000000000014,0.18009274847281917
-0.11870000000000003,0.17570714344323757
-0.11770000000000014,0.17938539282288665
-0.11670000000000003,0.1847612957623738
-0.11570000000000014,0.18829807401203638
-0.11470000000000002,0.18985425644188791
-0.11370000000000013,0.18787366062207686
-0.11270000000000002,0.1808001041227517
-0.11170000000000013,0.1808001041227517
-0.11070000000000024,0.1766974413531431
-0.10970000000000013,0.1860345359322523
-0.10870000000000024,0.19395691921149652
-0.10770000000000013,0.1966448706812401
-0.10670000000000024,0.1966448706812401
-0.10570000000000013,0.19423986147146954
-0.10470000000000024,0.19423986147146954
-0.10370000000000013,0.19551310164134805
-0.10270000000000024,0.19622045729128057
-0.10170000000000012,0.1973522263311726
-0.10070000000000023,0.2008890045808352
-0.09970000000000012,0.20315254266061927
-0.09870000000000023,0.20145488910078121
-0.09770000000000012,0.19848399537106462
-0.09670000000000023,0.20315254266061927
-0.09570000000000012,0.20711373430024138
-0.09470000000000023,0.2086699167300929
-0.09370000000000012,0.20937727238002546
-0.09270000000000023,0.2081040322101469
-0.09170000000000011,0.2153190598394586
-0.09070000000000022,0.2151775887094721
-0.08970000000000011,0.21461170418952608
-0.08870000000000022,0.21248963723972852
-0.08770000000000011,0.20966021463999845
-0.08670000000000022,0.20626490752032234
-0.08570000000000011,0.20216224475071373
-0.08470000000000022,0.20909433012005244
-0.08370000000000011,0.2279099904082574
-0.08270000000000022,0.24064239210704275
-0.0817000000000001,0.23498354690758255
-0.08070000000000022,0.2284758749282034
-0.0797000000000001,0.22253408746877026
-0.07870000000000021,0.22536351006850036
-0.0777000000000001,0.23272000882779853
-0.07670000000000021,0.2365397293374341
-0.0757000000000001,0.24318887244679982
-0.07470000000000021,0.23625678707746112
-0.0737000000000001,0.2284758749282034
-0.07270000000000021,0.2250805678085273
-0.0717000000000001,0.22493909667854084
-0.07070000000000021,0.23498354690758255
-0.0697000000000001,0.24064239210704275
-0.0687000000000002,0.24799889086634092
-0.0677000000000001,0.25931658126526125
-0.0667000000000002,0.2634192440348699
-0.06570000000000009,0.2628533595149239
-0.0647000000000002,0.2477159486063679
-0.06370000000000009,0.24531093939659734
-0.0627000000000002,0.250545371206098
-0.06170000000000009,0.251111255726044
-0.0607000000000002,0.2581848122253692
-0.059700000000000086,0.2692195603643165
-0.058700000000000196,0.2770004725135742
-0.057700000000000085,0.27035132940420853
-0.056700000000000195,0.2663901377645864
-0.05570000000000008,0.268795146974357
-0.05470000000000019,0.2728978097439656
-0.05370000000000008,0.2765760591236147
-0.05270000000000019,0.2803957796332503
-0.05170000000000008,0.2799713662432907
-0.05070000000000019,0.2805372507632368
-0.04970000000000008,0.28633756709268343
-0.04870000000000019,0.28732786500258894
-0.047700000000000076,0.28364961562293983
-0.046700000000000186,0.2914305277721975
-0.045700000000000074,0.28775227839254847
-0.044700000000000184,0.2891669896924135
-0.04370000000000007,0.2963820173217252
-0.04270000000000018,0.30204086252118534
-0.04170000000000007,0.30699235207071296
-0.04070000000000018,0.30953883241047003
-0.03970000000000007,0.30953883241047003
-0.03870000000000018,0.3108120725803486
-0.03770000000000007,0.31604650438984916
-0.03670000000000018,0.32029063828944426
-0.035700000000000065,0.3251006567089854
-0.034700000000000175,0.32722272365878297
-0.03370000000000006,0.32948626173856704
-0.03270000000000017,0.33075950190844555
-0.03170000000000006,0.3316083286883646
-0.03070000000000017,0.33585246258795975
-0.02970000000000006,0.3422186634373524
-0.02870000000000017,0.34844339315675854
-0.027700000000000058,0.34476514377710943
-0.026700000000000168,0.34037953874752785
-0.025700000000000056,0.346038383946988
-0.024700000000000166,0.35551694965608377
-0.023700000000000054,0.36046843920561134
-0.022700000000000164,0.37065436056463963
-0.021700000000000053,0.3770205614140323
-0.020700000000000163,0.383952646783371
-0.01970000000000005,0.3770205614140323
-0.01870000000000016,0.3637222751953009
-0.01770000000000005,0.3620246216354629
-0.01670000000000016,0.3901773765027771
-0.015700000000000047,0.4187545447600509
-0.014700000000000157,0.4273842836892276
-0.013700000000000045,0.41748130459017235
-0.012700000000000156,0.40432448950142746
-0.011700000000000044,0.3712202450845856
-0.010700000000000154,0.3589122567757598
-0.009700000000000042,0.383952646783371
-0.008700000000000152,0.42879899498909263
-0.00770000000000004,0.44407787702763507
-0.00670000000000015,0.44619994397743257
-0.005700000000000038,0.43601402261840433
-0.0047000000000001485,0.4320528309787822
-0.0037000000000000366,0.4469072996273651
-0.0027000000000001467,0.4655814887855836
-0.0017000000000000348,0.462610595055867
-0.000700000000000145,0.4682694402553271
0.00029999999999996696,0.4770406503144904
0.0012999999999998568,0.4933098302629383
0.0022999999999999687,0.4913292344431272
0.0032999999999998586,0.48567038924366707
0.0042999999999999705,0.4760503524045848
0.00529999999999986,0.5043445784018855
0.006299999999999972,0.5108522503812647
0.007299999999999862,0.5146719708909003
0.008299999999999974,0.5197649315704145
0.009299999999999864,0.5228772964301176
0.010299999999999976,0.5208967006103065
0.011299999999999866,0.5402782454184575
0.012299999999999978,0.556971838756865
