Potential V vs RHE, Current mA cm-2
0.013299999999999867,-0.2740295787838576
0.012299999999999978,-0.38480147356329
0.011299999999999866,-0.40573920080129255
0.010299999999999976,-0.41677394894023984
0.009299999999999864,-0.4320528309787822
0.008299999999999974,-0.43615549374839085
0.007299999999999862,-0.4399752142580264
0.006299999999999972,-0.44874642431718964
0.00529999999999986,-0.4505855490070142
0.0042999999999999705,-0.45666880759643386
0.0032999999999998586,-0.46374236409575903
0.0022999999999999687,-0.4616202971459614
0.0012999999999998568,-0.4667132578254756
0.00029999999999996696,-0.47124033398504367
-0.000700000000000145,-0.4727965164148953
-0.0017000000000000348,-0.4776065348344364
-0.0027000000000001467,-0.47774800596442285
-0.0037000000000000366,-0.4776065348344364
-0.0047000000000001485,-0.48765098506347815
-0.005700000000000038,-0.48354832229386957
-0.00670000000000015,-0.4892071674933296
-0.00770000000000004,-0.4886412829733836
-0.008700000000000152,-0.4884998118433972
-0.009700000000000042,-0.49613925286266836
-0.010700000000000154,-0.4981198486824793
-0.011700000000000044,-0.49755396416253334
-0.012700000000000156,-0.5005248578922499
-0.013700000000000045,-0.4985442620724389
-0.014700000000000157,-0.5040616361419126
-0.015700000000000047,-0.505334876311791
-0.01670000000000016,-0.5064666453516832
-0.01770000000000005,-0.5090131256914401
-0.01870000000000016,-0.5067495876116561
-0.01970000000000005,-0.5115596060311972
-0.020700000000000163,-0.5165110955807248
-0.021700000000000053,-0.5156622688008059
-0.022700000000000164,-0.5152378554108463
-0.023700000000000054,-0.5172184512306574
-0.024700000000000166,-0.5186331625305225
-0.025700000000000056,-0.5247164211199421
-0.026700000000000168,-0.5230187675601041
-0.027700000000000058,-0.5235846520800501
-0.02870000000000017,-0.5269799591997262
-0.02970000000000006,-0.5288190838895507
-0.03070000000000017,-0.5322143910092269
-0.03170000000000006,-0.5326388043991863
-0.03270000000000017,-0.5317899776192673
-0.03370000000000006,-0.5370244094287681
-0.034700000000000175,-0.5368829382987814
-0.035700000000000065,-0.5415514855883361
-0.03670000000000018,-0.5450882638379987
-0.03770000000000007,-0.5411270721983766
-0.03870000000000018,-0.5452297349679852
-0.03970000000000007,-0.5482006286977017
-0.04070000000000018,-0.5497568111275533
-0.04170000000000007,-0.556405954236919
-0.04270000000000018,-0.5514544646873913
-0.04370000000000007,-0.5555571274569999
-0.044700000000000184,-0.55838655005673
-0.045700000000000074,-0.5599427324865814
-0.046700000000000186,-0.5663089333359742
-0.047700000000000076,-0.5636209818662306
-0.04870000000000019,-0.5647527509061226
-0.04970000000000008,-0.5711189517555153
-0.05070000000000019,-0.5714018940154882
-0.05170000000000008,-0.5750801433951374
-0.05270000000000019,-0.5759289701750565
-0.05370000000000008,-0.57578749904507
-0.05470000000000019,-0.5817292865045031
-0.05570000000000008,-0.5847001802342197
-0.056700000000000195,-0.5841342957142737
-0.057700000000000085,-0.5868222471840172
-0.058700000000000196,-0.5872466605739768
-0.059700000000000086,-0.5923396212534908
-0.0607000000000002,-0.5954519861131939
-0.06170000000000009,-0.6005449467927081
-0.0627000000000002,-0.601393773572627
-0.06370000000000009,-0.5998375911427756
-0.0647000000000002,-0.6029499560024787
-0.06570000000000009,-0.6090332145918983
-0.0667000000000002,-0.6080429166819927
-0.0677000000000001,-0.6095990991118443
-0.0687000000000002,-0.6135602907514663
-0.0697000000000001,-0.614833530921345
-0.07070000000000021,-0.6217656162906836
-0.0717000000000001,-0.6224729719406161
-0.07270000000000021,-0.620775318380778
-0.0737000000000001,-0.6272829903601572
-0.07470000000000021,-0.6281318171400763
-0.0757000000000001,-0.6299709418299009
-0.07670000000000021,-0.6363371426792934
-0.0777000000000001,-0.6340736045995095
-0.07870000000000021,-0.6391665652790235
-0.0797000000000001,-0.6422789301387266
-0.08070000000000022,-0.6451083527384567
-0.0817000000000001,-0.6516160247178359
-0.08270000000000022,-0.6459571795183757
-0.08370000000000011,-0.652747793757728
-0.08470000000000022,-0.6569919276573231
-0.08570000000000011,-0.6589725234771341
-0.08670000000000022,-0.6636410707666887
-0.08770000000000011,-0.6651972531965403
-0.08870000000000022,-0.6642069552866348
-0.08970000000000011,-0.6738269921257171
-0.09070000000000022,-0.6739684632557035
-0.09170000000000011,-0.6762320013354877
-0.09270000000000023,-0.6806176063650692
-0.09370000000000012,-0.6800517218451232
-0.09470000000000023,-0.6872667494744349
-0.09570000000000012,-0.6905205854641244
-0.09670000000000023,-0.6925011812839355
-0.09770000000000012,-0.6963209017935711
-0.09870000000000023,-0.6963209017935711
-0.09970000000000012,-0.7022626892530042
-0.10070000000000023,-0.7094777168823159
-0.10170000000000012,-0.7062238808926263
-0.10270000000000024,-0.7124486106120325
-0.10370000000000013,-0.7164098022516546
-0.10470000000000024,-0.7246151277908718
-0.10570000000000013,-0.7261713102207233
-0.10670000000000024,-0.7284348483005074
-0.10770000000000013,-0.729425146210413
-0.10870000000000024,-0.734518106889927
-0.10970000000000013,-0.7398940098294141
-0.11070000000000024,-0.7456943261588609
-0.11170000000000013,-0.7496555177984829
-0.11270000000000002,-0.7489481621485504
-0.11370000000000013,-0.7588511412476057
-0.11470000000000002,-0.7584267278576461
-0.11570000000000014,-0.7666320533968634
-0.11670000000000003,-0.769037062606634
-0.11770000000000014,-0.7698858893865529
-0.11870000000000003,-0.7786570994457161
-0.11970000000000014,-0.7826182910853382
-0.12070000000000003,-0.7874283095048794
-0.12170000000000014,-0.7966239329540021
-0.12270000000000003,-0.7937945103542721
-0.12370000000000014,-0.8008680668535972
-0.12470000000000003,-0.8092148635228009
-0.12570000000000014,-0.8116198727325715
-0.12670000000000003,-0.8186934292318968
-0.12770000000000015,-0.8230790342614784
-0.12870000000000004,-0.8249181589513029
-0.12970000000000015,-0.8380749740400478
-0.13070000000000004,-0.8397726275998858
-0.13170000000000015,-0.847129126359184
-0.13270000000000004,-0.8543441539884957
-0.13370000000000015,-0.8559003364183472
-0.13470000000000004,-0.866793613427308
-0.13570000000000015,-0.8720280452368087
-0.13670000000000004,-0.8774039481762959
-0.13770000000000016,-0.88532633145554
-0.13870000000000005,-0.8908437055250136
-0.13970000000000016,-0.8993319733242039
-0.14070000000000005,-0.9061225875635559
-0.14170000000000016,-0.9147523264927326
-0.14270000000000005,-0.9204111716921929
-0.14370000000000016,-0.9301726796612616
-0.14470000000000005,-0.9375291784205598
-0.14570000000000016,-0.9494127533394261
-0.14670000000000005,-0.9537983583690077
-0.14770000000000016,-0.961154857128306
-0.14870000000000005,-0.9702090094474421
-0.14970000000000017,-0.9806778730664433
-0.15070000000000006,-0.9908637944254716
-0.15170000000000017,-0.9976544086648237
-0.15270000000000006,-1.0060012053340277
-0.15370000000000017,-1.020997145112597
-0.15470000000000006,-1.0276462882219626
-0.15570000000000017,-1.0368419116710854
-0.15670000000000006,-1.0512719669297088
-0.15770000000000017,-1.0548087451793715
-0.15870000000000006,-1.0673996757481703
-0.15970000000000018,-1.0822541443967533
-0.16070000000000007,-1.0930059502757274
-0.16170000000000018,-1.1115386683039592
-0.16270000000000007,-1.114792504293649
-0.16370000000000018,-1.1334666934518673
-0.16470000000000007,-1.1466235085406122
-0.16570000000000018,-1.1531311805199913
-0.16670000000000007,-1.1718053696782098
-0.16770000000000018,-1.1808595219973461
-0.16870000000000007,-1.195148106125983
-0.16970000000000018,-1.2143881798041476
-0.17070000000000007,-1.2238667455132433
-0.17170000000000019,-1.2407018099816371
-0.17270000000000008,-1.254990394110274
-0.1737000000000002,-1.2689960359789378
-0.17470000000000008,-1.289226407567008
-0.1757000000000002,-1.3053541163854694
-0.17670000000000008,-1.3180865180842547
-0.1777000000000002,-1.3393071875822302
-0.17870000000000008,-1.3517566470210427
-0.1797000000000002,-1.3725529031290586
-0.18070000000000008,-1.3910856211572906
-0.1817000000000002,-1.4073548011057386
-0.18270000000000008,-1.427443701563822
-0.1837000000000002,-1.4472496597619326
-0.1847000000000001,-1.4684703292599082
-0.1857000000000002,-1.4896909987578837
-0.1867000000000001,-1.505252823056399
-0.1877000000000002,-1.5307176264539697
-0.1887000000000001,-1.55052358465208
-0.1897000000000002,-1.5745736767497858
-0.1907000000000001,-1.5972090575476263
-0.1917000000000001,-1.6170150157457368
-0.19269999999999998,-1.6410651078434426
-0.1937000000000001,-1.6693593338407433
-0.19469999999999998,-1.690580003338719
-0.1957000000000001,-1.7160448067362895
-0.19669999999999999,-1.7429243214337253
-0.1977000000000001,-1.7641449909317006
-0.1987,-1.7938539282288664
-0.1997000000000001,-1.8207334429263025
-0.2007,-1.849027668923603
-0.2017000000000001,-1.8773218949209036
-0.2027,-1.9056161209182045
-0.2037000000000001,-1.933910346915505
-0.2047,-1.967863418112266
-0.2057000000000001,-1.9961576441095665
-0.2067,-2.0301107153063276
-0.2077000000000001,-2.0569902300037635
-0.2087,-2.092358012500389
-0.2097000000000001,-2.12914050629688
-0.2107,-2.1602641548939108
-0.2117000000000001,-2.194217226090672
-0.2127,-2.230999719887163
-0.2137000000000001,-2.2663675023837886
-0.2147,-2.30880884137974
-0.2157000000000001,-2.349835469075826
-0.2167,-2.382373828972722
-0.21770000000000012,-2.4219857453689424
-0.2187,-2.4587682391654337
-0.21970000000000012,-2.5012095781613843
-0.2207,-2.545065628457201
-0.22170000000000012,-2.581848122253692
-0.2227,-2.627118883849373
-0.22370000000000012,-2.6681455115454593
-0.2247,-2.7162456957408705
-0.22570000000000012,-2.7615164573365516
-0.2267,-2.8082019302320975
-0.22770000000000012,-2.852057980527914
-0.22870000000000001,-2.90157287602319
-0.22970000000000013,-2.9468436376188714
-0.23070000000000002,-2.994943821814283
-0.23170000000000013,-3.047288139909289
-0.23270000000000002,-3.0939736128048354
-0.23370000000000013,-3.153391487399167
-0.23470000000000002,-3.201491671594578
-0.23570000000000013,-3.2580801235891794
-0.23670000000000002,-3.310424441684186
-0.2376999999999999,-3.361354048479327
-0.23870000000000002,-3.4236013456733887
-0.2396999999999999,-3.4844339315675854
-0.24070000000000003,-3.539607672262322
-0.24169999999999991,-3.6075138146558436
-0.24270000000000003,-3.6513698649516595
-0.24369999999999992,-3.7192760073451816
-0.24470000000000003,-3.7772791706396474
-0.24569999999999992,-3.855088292132225
-0.24670000000000003,-3.9088473215270967
-0.24769999999999992,-3.9781681752204827
-0.24870000000000003,-4.0446596063141405
-0.24969999999999992,-4.109736326107932
-0.25070000000000003,-4.170568912002128
-0.2516999999999999,-4.245548610894974
-0.25270000000000004,-4.316284175888227
-0.2536999999999999,-4.388434452181344
-0.25470000000000004,-4.461999439774326
-0.2556999999999999,-4.534149716067443
-0.25670000000000004,-4.6091294149602895
-0.25769999999999993,-4.702500360751382
-0.25870000000000004,-4.766162369245309
-0.25969999999999993,-4.855289181136806
-0.26070000000000004,-4.931683591329518
-0.26169999999999993,-5.015151558021555
-0.26270000000000004,-5.087301834314672
-0.26369999999999993,-5.177843357506034
-0.26470000000000005,-5.249993633799152
-0.26569999999999994,-5.332046889191323
-0.26670000000000005,-5.432491391481741
-0.26769999999999994,-5.531521182472294
-0.26870000000000005,-5.5994273248658155
-0.26969999999999994,-5.699871827156233
-0.27070000000000005,-5.805975174646111
-0.27169999999999994,-5.893687275237743
-0.27270000000000005,-5.99130235492843
-0.27369999999999994,-6.062037919921682
-0.27470000000000006,-6.161067710912235
-0.27569999999999995,-6.270000481001842
-0.27670000000000006,-6.37327440589199
-0.27769999999999995,-6.472304196882543
-0.27870000000000006,-6.5769928330725556
-0.27969999999999995,-6.680266757962703
-0.28070000000000006,-6.786370105452581
-0.28169999999999995,-6.895302875542188
-0.28270000000000006,-6.999991511732201
-0.28369999999999995,-7.111753704421539
-0.28470000000000006,-7.227760031010472
-0.28569999999999995,-7.335278089800215
-0.28670000000000007,-7.456943261588608
-0.28769999999999996,-7.567290742978082
-0.28870000000000007,-7.688955914766475
-0.28969999999999996,-7.809206375255003
-0.29070000000000007,-7.926627413143801
-0.29169999999999996,-8.048292584932193
-0.29270000000000007,-8.172787179320316
-0.29369999999999996,-8.301525907608035
-0.2947000000000001,-8.426020501996158
-0.29569999999999996,-8.551929807684147
-0.2967000000000001,-8.680668535971865
-0.29769999999999996,-8.815066109459044
-0.2987000000000001,-8.949463682946222
-0.29969999999999997,-9.086690679033131
-0.3007000000000001,-9.225332386419904
-0.30169999999999997,-9.356900537307352
-0.3027000000000001,-9.504030512493316
-0.30369999999999997,-9.639842797280359
-0.3047000000000001,-9.788387483766188
-0.30569999999999997,-9.936932170252017
-0.3067000000000001,-10.081232722838251
-0.3077,-10.232606831923809
-0.3087000000000001,-10.37832209580991
-0.3097,-10.539599183994524
-0.3107000000000001,-10.693802715679812
-0.3117,-10.856494515164291
-0.3127000000000001,-11.009283335549716
-0.3137,-11.174804557633923
-0.3147000000000001,-11.33891106841827
-0.3157,-11.497358734003152
-0.3167000000000001,-11.664294667387228
-0.3177,-11.831230600771303
-0.3187000000000001,-12.017972492353486
-0.3197,-12.189152559637156
-0.3207000000000001,-12.37023560601988
-0.3217,-12.545659807203146
-0.3227000000000001,-12.71825458578668
-0.3237,-12.910655322568324
-0.3247000000000001,-13.101641348050105
-0.3257,-13.296871507431481
-0.3267000000000001,-13.492101666812855
-0.3277,-13.691575960093825
-0.3287000000000001,-13.898123809874122
-0.3297,-14.110330504853877
-0.3307000000000001,-14.316878354634172
-0.3317,-14.543232162612577
-0.3327000000000001,-14.769585970590983
-0.3337,-15.01008689156804
-0.3347000000000001,-15.236440699546446
-0.3357,-15.4769416205235
-0.3367000000000001,-15.717442541500558
-0.3377,-15.986237688474914
-0.3387000000000001,-16.25503283544927
-0.3397,-16.52382798242363
-0.3407000000000001,-16.820917355395284
-0.3417,-17.118006728366943
-0.3427000000000001,-17.429243214337255
-0.3437,-17.72633258730891
-0.3447000000000001,-18.03756907327922
-0.3457,-18.377099785246827
-0.3467000000000001,-18.716630497214435
-0.3477,-19.056161209182044
-0.3487000000000001,-19.395691921149652
-0.3497,-19.763516859114564
-0.3507000000000001,-20.117194684080822
-0.3517,-20.48501962204573
-0.3527000000000001,-20.85284456001064
-0.3537,-21.2348166109742
-0.3547000000000001,-21.602641548939108
-0.3557,-21.98461359990267
-0.35670000000000013,-22.36658565086623
-0.3577,-22.748557701829792
-0.35870000000000013,-23.13052975279335
-0.3597,-23.51250180375691
-0.36070000000000013,-23.92276808071777
-0.3617,-24.304740131681328
-0.3626999999999999,-24.67256506964624
-0.3637,-25.04039000761115
-0.3646999999999999,-25.43650917157336
-0.3657,-25.81848122253692
-0.3666999999999999,-26.18630616050183
-0.3677,-26.539983985468087
-0.3686999999999999,-26.921956036431645
-0.36970000000000003,-27.303928087395207
-0.3706999999999999,-27.671753025360115
-0.37170000000000003,-28.05372507632368
-0.3726999999999999,-28.407402901289935
-0.37370000000000003,-28.789374952253496
-0.3746999999999999,-29.157199890218404
-0.37570000000000003,-29.510877715184666
-0.3766999999999999,-29.906996879146874
-0.37770000000000004,-30.317263156107735
-0.3786999999999999,-30.71338232006995
-0.37970000000000004,-31.08120725803486
-0.3806999999999999,-31.47732642199707
-0.38170000000000004,-31.901739811956578
-0.38269999999999993,-32.31200608891744
-0.38370000000000004,-32.7222723658783
-0.38469999999999993,-33.10424441684186
-0.38570000000000004,-33.54280491980002
-0.38669999999999993,-33.13253864283916
-0.38570000000000004,-32.269564749921486
-0.38469999999999993,-31.519767760993016
-0.38370000000000004,-30.79826499806185
-0.38269999999999993,-30.10505646112798
-0.38170000000000004,-29.468436376188716
-0.3806999999999999,-28.80352206525215
-0.37970000000000004,-28.15275486731423
-0.3786999999999999,-27.501987669376312
-0.37770000000000004,-26.86536758443705
-0.3766999999999999,-26.242894612496432
-0.37570000000000003,-25.648715866553115
-0.3746999999999999,-25.0828313466071
-0.37370000000000003,-24.516946826661083
-0.3726999999999999,-23.97935653271237
-0.37170000000000003,-23.427619125765005
-0.3706999999999999,-22.890028831816295
-0.36970000000000003,-22.36658565086623
-0.3686999999999999,-21.857289582914817
-0.3677,-21.390434853959356
-0.3666999999999999,-20.89528589900659
-0.3657,-20.42843117005113
-0.3646999999999999,-19.961576441095666
-0.3637,-19.508868825138855
-0.3626999999999999,-19.070308322180697
-0.3617,-18.645894932221182
-0.36070000000000013,-18.207334429263025
-0.3597,-17.81121526530081
-0.35870000000000013,-17.40094898833995
-0.3577,-17.00482982437774
-0.35670000000000013,-16.622857773414182
-0.3557,-16.24088572245062
-0.3547000000000001,-15.88720789748436
-0.3537,-15.519382959519453
-0.3527000000000001,-15.165705134553193
-0.3517,-14.826174422585586
-0.3507000000000001,-14.486643710617974
-0.3497,-14.147112998650368
-0.3487000000000001,-13.827388244880868
-0.3477,-13.50483406851164
-0.3467000000000001,-13.203500561640388
-0.3457,-12.890849364370213
-0.3447000000000001,-12.585271723599366
-0.3437,-12.300914752326493
-0.3427000000000001,-12.012313647154027
-0.3417,-11.736444943680345
-0.3407000000000001,-11.460576240206661
-0.3397,-11.193195804532172
-0.3387000000000001,-10.928644791457408
-0.3377,-10.673996757481701
-0.3367000000000001,-10.413689878306533
-0.3357,-10.171774246029615
-0.3347000000000001,-9.929858613752693
-0.3337,-9.692187115375367
-0.3327000000000001,-9.458759750897634
-0.3317,-9.22391767512004
-0.3307000000000001,-9.004637423640958
-0.3297,-8.791016017361338
-0.3287000000000001,-8.578809322381582
-0.3277,-8.370846761301422
-0.3267000000000001,-8.162884200221262
-0.3257,-7.961995195640427
-0.3247000000000001,-7.768179747558916
-0.3237,-7.57294958817754
-0.3227000000000001,-7.390451830494952
-0.3217,-7.2022952276129
-0.3207000000000001,-7.019797469930312
-0.3197,-6.848617402646643
-0.3187000000000001,-6.667534356263918
-0.3177,-6.499183711579978
-0.3167000000000001,-6.332247778195904
-0.3157,-6.169555978711425
-0.3147000000000001,-6.016767158326001
-0.3137,-5.866807760540307
-0.3127000000000001,-5.694212981956773
-0.3117,-5.5598154084695945
-0.3107000000000001,-5.409856010683901
-0.3097,-5.2655554580976665
-0.3087000000000001,-5.100034236013457
-0.3077,-4.985442620724389
-0.3067000000000001,-4.842556779438021
-0.30569999999999997,-4.7208916076496275
-0.3047000000000001,-4.579420477663124
-0.30369999999999997,-4.46058472847446
-0.3027000000000001,-4.326187154987283
-0.30169999999999997,-4.191789581500104
-0.3007000000000001,-4.089930367909821
-0.29969999999999997,-3.969679907421293
-0.2987000000000001,-3.86782069383101
-0.29769999999999996,-3.7461555220426166
-0.2967000000000001,-3.6315639067535495
-0.29569999999999996,-3.525460559263671
-0.2947000000000001,-3.4066248100750083
-0.29369999999999996,-3.313253864283916
-0.29270000000000007,-3.2227123410925533
-0.29169999999999996,-3.1151942823028107
-0.29070000000000007,-3.013335068712528
-0.28969999999999996,-2.927037679420761
-0.28870000000000007,-2.819519620631018
-0.28769999999999996,-2.7275633861397908
-0.28670000000000007,-2.639851285548158
-0.28569999999999995,-2.5606274527557162
-0.28470000000000006,-2.4771594860636794
-0.28369999999999995,-2.389447385472047
-0.28270000000000006,-2.3045647074801447
-0.28169999999999995,-2.225340874687703
-0.28070000000000006,-2.1447023305953956
-0.27969999999999995,-2.071137343002414
-0.27870000000000006,-1.9919135102099716
-0.27769999999999995,-1.9155191000172598
-0.27670000000000006,-1.8447835350240078
-0.27569999999999995,-1.774047970030756
-0.27470000000000006,-1.7089712502369643
-0.27369999999999994,-1.6481386643427678
-0.27270000000000005,-1.5745736767497858
-0.27169999999999994,-1.5038381117565338
-0.27070000000000005,-1.4373466806628774
-0.26969999999999994,-1.369016124879396
-0.26870000000000005,-1.3165303356544031
-0.26769999999999994,-1.2528683271604766
-0.26670000000000005,-1.1868013094567793
-0.26569999999999994,-1.1377108273514627
-0.26470000000000005,-1.0804150197069284
-0.26369999999999993,-1.0283536438718952
-0.26270000000000004,-0.9754434412569427
-0.26169999999999993,-0.9161670377925977
-0.26070000000000004,-0.8679253824672
-0.25969999999999993,-0.8136004685523825
-0.25870000000000004,-0.7670564667868228
-0.25769999999999993,-0.7168342156416141
-0.25670000000000004,-0.6649143109365673
-0.2556999999999999,-0.6238876832404812
-0.25470000000000004,-0.5746557300051779
-0.2536999999999999,-0.5262726035497938
-0.25270000000000004,-0.48340685116388304
-0.2516999999999999,-0.4348822535785123
-0.25070000000000003,-0.40022182673181883
-0.24969999999999992,-0.35933667016571935
-0.24870000000000003,-0.3188759269895793
-0.24769999999999992,-0.27898106833338526
-0.24670000000000003,-0.24050092097705625
-0.24569999999999992,-0.2007475334508487
-0.24470000000000003,-0.1658041643441823
-0.24369999999999992,-0.12818699088077098
-0.24270000000000003,-0.09324362177410456
-0.24169999999999991,-0.05698457115856368
-0.24070000000000003,-0.019805958198110513
-0.2396999999999999,0.011014942180749176
-0.23870000000000002,0.04334675422786472
-0.2376999999999999,0.07956336350440966
-0.23670000000000002,0.11037577561547016
-0.23570000000000013,0.14161260111649018
-0.23470000000000002,0.1658041643441823
-0.23370000000000013,0.19537163051136155
-0.23270000000000002,0.22875881718817642
-0.23170000000000013,0.25394067832577405
-0.23070000000000002,0.27883959720339874
-0.22970000000000013,0.30487028512091535
-0.22870000000000001,0.32736419478876944
-0.22770000000000012,0.35735607434590827
-0.2267,0.3802743974037219
-0.22570000000000012,0.39838270204199433
-0.2247,0.42526221673943004
-0.22370000000000012,0.4459170017174596
-0.2227,0.4688353247752731
-0.22170000000000012,0.49302688800296524
-0.2207,0.5075984143915752
-0.21970000000000012,0.5295264395394833
-0.2187,0.5445223793180526
-0.21770000000000012,0.5653186354260686
-0.2167,0.5906419676936527
-0.2157000000000001,0.6129944062315204
-0.2147,0.6240291543704677
-0.2137000000000001,0.6402983343189155
-0.2127,0.657274869917296
-0.2117000000000001,0.6753831745555685
-0.2107,0.6859935093045563
-0.2097000000000001,0.7015553336030717
-0.2087,0.7200880516313036
-0.2077000000000001,0.7332448667200485
-0.2067,0.748806691018564
-0.2057000000000001,0.7638026307971333
-0.2047,0.771866485206364
-0.2037000000000001,0.7872868383748929
-0.2027,0.7971898174739481
-0.2017000000000001,0.8106295748226661
-0.2007,0.8240693321713839
-0.1997000000000001,0.8293037639808845
-0.1987,0.8437338192395079
-0.1977000000000001,0.8561832786783202
-0.19669999999999999,0.865944786647389
-0.1957000000000001,0.8778283615662553
-0.19469999999999998,0.8854678025855264
-0.1937000000000001,0.8929657724748112
-0.19269999999999998,0.9089520101632861
-0.1917000000000001,0.911781432763016
-0.1907000000000001,0.9199867583022334
-0.1897000000000002,0.9301726796612616
-0.1887000000000001,0.932860631131005
-0.1877000000000002,0.9453100905698175
-0.1867000000000001,0.947998042039561
-0.1857000000000002,0.9542227717589672
-0.1847000000000001,0.9624280972981845
-0.1837000000000002,0.96341839520809
-0.18270000000000008,0.9699260671874691
-0.1817000000000002,0.9785558061166459
-0.18070000000000008,0.9806778730664433
-0.1797000000000002,0.9876099584357821
-0.17870000000000008,0.9907223232954853
-0.1777000000000002,0.9948249860650937
-0.17670000000000008,1.0017570714344324
-0.1757000000000002,0.9982202931847698
-0.17470000000000008,1.0002008890045808
-0.1737000000000002,1.0069915032439332
-0.17270000000000008,1.0081232722838251
-0.17170000000000019,1.0177433091229073
-0.17070000000000007,1.0093965124537037
-0.16970000000000018,1.0105282814935956
-0.16870000000000007,1.0205727317226374
-0.16770000000000018,1.0157627133030962
-0.16670000000000007,1.0197239049427183
-0.16570000000000018,1.0250998078822056
-0.16470000000000007,1.0282121727419087
-0.16370000000000018,1.0290609995218278
-0.16270000000000007,1.0262315769220975
-0.16170000000000018,1.027221874832003
-0.16070000000000007,1.0277877593519493
-0.15970000000000018,1.0234021543223675
-0.15870000000000006,1.0241095099723
-0.15770000000000017,1.0338710179413688
-0.15670000000000006,1.0340124890713553
-0.15570000000000017,1.0352857292412339
-0.15470000000000006,1.0283536438718952
-0.15370000000000017,1.0293439417818007
-0.15270000000000006,1.0323148355115173
-0.15170000000000017,1.0290609995218278
-0.15070000000000006,1.0276462882219626
-0.14970000000000017,1.0279292304819356
-0.14870000000000005,1.025241279012192
-0.14770000000000016,1.026373048052084
-0.14670000000000005,1.022694798672435
-0.14570000000000016,1.0207142028526242
-0.14470000000000005,1.022411856412462
-0.14370000000000016,1.0177433091229073
-0.14270000000000005,1.0183091936428532
-0.14170000000000016,1.0184506647728397
-0.14070000000000005,1.0127918195733798
-0.13970000000000016,1.0130747618333529
-0.13870000000000005,1.0068500321139466
-0.13770000000000016,1.0068500321139466
-0.13670000000000004,1.010103868103636
-0.13570000000000015,1.0003423601345676
-0.13470000000000004,0.9990691199646888
-0.13370000000000015,0.9989276488347025
-0.13270000000000004,0.9968055818849048
-0.13170000000000015,0.9972299952748643
-0.13070000000000004,0.9891661408656335
-0.12970000000000015,0.9901564387755392
-0.12870000000000004,0.9878929006957552
-0.12770000000000015,0.9826584688862544
-0.12670000000000003,0.9835072956661735
-0.12570000000000014,0.9803949308064704
-0.12470000000000003,0.9771410948167809
-0.12370000000000014,0.9758678546469023
-0.12270000000000003,0.9753019701269563
-0.12170000000000014,0.9716237207473072
-0.12070000000000003,0.9726140186572129
-0.11970000000000014,0.9645501642479821
-0.11870000000000003,0.9632769240781034
-0.11770000000000014,0.9670966445877391
-0.11670000000000003,0.9610133859983194
-0.11570000000000014,0.9628525106881439
-0.11470000000000002,0.9584669056585623
-0.11370000000000013,0.9598816169584273
-0.11270000000000002,0.9617207416482519
-0.11170000000000013,0.9612963282582925
-0.11070000000000024,0.9591742613084948
-0.10970000000000013,0.961154857128306
-0.10870000000000024,0.9553545407988592
-0.10770000000000013,0.9595986746984544
-0.10670000000000024,0.9533739449790483
-0.10570000000000013,0.9516762914192101
-0.10470000000000024,0.9553545407988592
-0.10370000000000013,0.9546471851489268
-0.10270000000000024,0.9554960119288457
-0.10170000000000012,0.9579010211386163
-0.10070000000000023,0.9550715985388862
-0.09970000000000012,0.9569107232287108
-0.09870000000000023,0.9549301274088997
-0.09770000000000012,0.9530910027190752
-0.09670000000000023,0.9621451550382114
-0.09570000000000012,0.9543642428889537
-0.09470000000000023,0.9607304437383465
-0.09370000000000012,0.9583254345285759
-0.09270000000000023,0.9627110395581575
-0.09170000000000011,0.9642672219880091
-0.09070000000000022,0.962003683908225
-0.08970000000000011,0.9601645592184004
-0.08870000000000022,0.9682284136276312
-0.08770000000000011,0.967662529107685
-0.08670000000000022,0.9697845960574827
-0.08570000000000011,0.9700675383174557
-0.08470000000000022,0.9689357692775638
-0.08370000000000011,0.9785558061166459
-0.08270000000000022,0.9755849123869293
-0.0817000000000001,0.9789802195066053
-0.08070000000000022,0.9803949308064704
-0.0797000000000001,0.9795461040265513
-0.07870000000000021,0.9820925843663083
-0.0777000000000001,0.9914296789454178
-0.07670000000000021,0.9908637944254716
-0.0757000000000001,0.9941176304151613
-0.07470000000000021,0.9951079283250667
-0.0737000000000001,0.9979373509247967
-0.07270000000000021,1.0043035517741894
-0.0717000000000001,1.0057182630740547
-0.07070000000000021,1.0099623969736498
-0.0697000000000001,1.0143480020032312
-0.0687000000000002,1.0149138865231773
-0.0677000000000001,1.0250998078822056
-0.0667000000000002,1.022694798672435
-0.06570000000000009,1.0297683551717602
-0.0647000000000002,1.0328807200314631
-0.06370000000000009,1.0382566229709504
-0.0627000000000002,1.0466034196401541
-0.06170000000000009,1.0535355050094928
-0.0607000000000002,1.0535355050094928
-0.059700000000000086,1.060892003768791
-0.058700000000000196,1.064287310888467
-0.057700000000000085,1.0715023385177789
-0.056700000000000195,1.0842347402165642
-0.05570000000000008,1.0826785577867126
-0.05470000000000019,1.0911668255859028
-0.05370000000000008,1.101352746944931
-0.05270000000000019,1.107718947794324
-0.05170000000000008,1.115924273333541
-0.05070000000000019,1.1197439938431764
-0.04970000000000008,1.1285152039023398
-0.04870000000000019,1.1408231922111656
-0.047700000000000076,1.14832116210045
-0.046700000000000186,1.156385016509681
-0.045700000000000074,1.1682685914285473
-0.044700000000000184,1.173503023238048
-0.04370000000000007,1.1849621847669547
-0.04270000000000018,1.1935919236961314
-0.04170000000000007,1.2056169697449843
-0.04070000000000018,1.2159443622339992
-0.03970000000000007,1.2218861496934323
-0.03870000000000018,1.2381553296418801
-0.03770000000000007,1.2520195003805574
-0.03670000000000018,1.2614980660896533
-0.035700000000000065,1.2712595740587218
-0.034700000000000175,1.28144549541775
-0.03370000000000006,1.295734079546387
-0.03270000000000017,1.3129935574047407
-0.03170000000000006,1.3241697766736744
-0.03070000000000017,1.3352045248126216
-0.02970000000000006,1.349634580071245
-0.02870000000000017,1.3647719909798008
-0.027700000000000058,1.381889997708168
-0.026700000000000168,1.3919344479372096
-0.025700000000000056,1.4048083207659814
-0.024700000000000166,1.4246142789640919
-0.023700000000000054,1.4387613919627424
-0.022700000000000164,1.4557379275611226
-0.021700000000000053,1.4741291744593683
-0.020700000000000163,1.4854468648582886
-0.01970000000000005,1.506667534356264
-0.01870000000000016,1.5208146473549145
-0.01770000000000005,1.540620605553025
-0.01670000000000016,1.5632559863508655
-0.015700000000000047,1.5759883880496508
-0.014700000000000157,1.5957943462477613
-0.013700000000000045,1.6184297270456018
-0.012700000000000156,1.6368209739438475
-0.011700000000000044,1.660871066041553
-0.010700000000000154,1.6806770242396636
-0.009700000000000042,1.6990682711379093
-0.008700000000000152,1.7245330745354797
-0.00770000000000004,1.7443390327335901
-0.00670000000000015,1.769803836131161
-0.005700000000000038,1.7910245056291363
-0.0047000000000001485,1.815074597726842
-0.0037000000000000366,1.8405394011244125
-0.0027000000000001467,1.8645894932221183
-0.0017000000000000348,1.890054296619689
-0.000700000000000145,1.9169338113171246
0.00029999999999996696,1.9409839034148304
0.0012999999999998568,1.9692781294121309
0.0022999999999999687,1.9989870667092968
0.0032999999999998586,2.023037158807002
0.0042999999999999705,2.054160807404033
0.00529999999999986,2.081040322101469
0.006299999999999972,2.110749259398635
0.007299999999999862,2.1475317531951257
0.008299999999999974,2.174411267892561
0.009299999999999864,2.204120205189727
0.010299999999999976,2.238073276386488
0.011299999999999866,2.2691969249835187
0.012299999999999978,2.307394130079875
0.013299999999999867,1.7047271163373692
0.012299999999999978,1.3172376913043355
0.011299999999999866,1.1409646633411519
0.010299999999999976,1.0102453392336226
0.009299999999999864,0.8966440218544603
0.008299999999999974,0.794077452614245
0.007299999999999862,0.7033944582928963
0.006299999999999972,0.6178044246510616
0.00529999999999986,0.5523032914673103
0.0042999999999999705,0.4846800913337616
0.0032999999999998586,0.42299867865964597
0.0022999999999999687,0.3617416793754899
0.0012999999999998568,0.30897294789052404
0.00029999999999996696,0.2624289461249643
-0.000700000000000145,0.2160264154893911
-0.0017000000000000348,0.16905800033387192
-0.0027000000000001467,0.129601702180636
-0.0037000000000000366,0.09117814327630162
-0.0047000000000001485,0.05344779290890109
-0.005700000000000038,0.025648715866553113
-0.00670000000000015,-0.010464619485101676
-0.00770000000000004,-0.040545625854131954
-0.008700000000000152,-0.06828811444448532
-0.009700000000000042,-0.0966813702327766
-0.010700000000000154,-0.12029290182752407
-0.011700000000000044,-0.14500790823616627
-0.012700000000000156,-0.17004829824377743
-0.013700000000000045,-0.18815660288204988
-0.014700000000000157,-0.21008462802995795
-0.015700000000000047,-0.2273441058883114
-0.01670000000000016,-0.2468671218264489
-0.01770000000000005,-0.26738043567449193
-0.01870000000000016,-0.27926401059335826
-0.01970000000000005,-0.2952502482818331
-0.020700000000000163,-0.31123648597030806
-0.021700000000000053,-0.3245347721890394
-0.022700000000000164,-0.3419357211773794
-0.023700000000000054,-0.3539607672262322
-0.024700000000000166,-0.36216609276544937
-0.025700000000000056,-0.3750399655942212
-0.026700000000000168,-0.385933242603182
-0.027700000000000058,-0.3976753463920618
-0.02870000000000017,-0.4122468727806717
-0.02970000000000006,-0.4152177665103883
-0.03070000000000017,-0.4265354569093086
-0.03170000000000006,-0.4377116761782423
-0.03270000000000017,-0.4428046368577565
-0.03370000000000006,-0.45610292307648787
-0.034700000000000175,-0.4586494034162448
-0.035700000000000065,-0.46685472895546215
-0.03670000000000018,-0.4778894770944094
-0.03770000000000007,-0.48241655325397753
-0.03870000000000018,-0.48991452314326217
-0.03970000000000007,-0.49599778173268183
-0.04070000000000018,-0.4979783775524929
-0.04170000000000007,-0.5111351926412377
-0.04270000000000018,-0.5126913750710893
-0.04370000000000007,-0.5186331625305225
-0.044700000000000184,-0.5255652478998613
-0.045700000000000074,-0.5257067190298478
-0.046700000000000186,-0.5361755826488489
-0.047700000000000076,-0.5407026588084171
-0.04870000000000019,-0.5453712060979717
-0.04970000000000008,-0.5476347441777557
-0.05070000000000019,-0.5489079843476343
-0.05170000000000008,-0.5596597902266085
-0.05270000000000019,-0.5640453952561902
-0.05370000000000008,-0.5692798270656908
-0.05470000000000019,-0.5697042404556503
-0.05570000000000008,-0.5726751341853669
-0.056700000000000195,-0.577485152604908
-0.057700000000000085,-0.5831439978043682
-0.058700000000000196,-0.5841342957142737
-0.059700000000000086,-0.5878125450939228
-0.0607000000000002,-0.5929055057734368
-0.06170000000000009,-0.5964422840230995
-0.0627000000000002,-0.5995546488828025
-0.06370000000000009,-0.6021011292225595
-0.0647000000000002,-0.6004034756627216
-0.06570000000000009,-0.6091746857218847
-0.0667000000000002,-0.6080429166819927
-0.0677000000000001,-0.6145505886613719
-0.0687000000000002,-0.617380011261102
-0.0697000000000001,-0.6161067710912235
-0.07070000000000021,-0.6250194522803731
-0.0717000000000001,-0.6244535677604272
-0.07270000000000021,-0.6279903460100897
-0.0737000000000001,-0.6330833066896038
-0.07470000000000021,-0.6328003644296308
-0.0757000000000001,-0.6343565468594824
-0.07670000000000021,-0.639873920928956
-0.0777000000000001,-0.6397324497989695
-0.07870000000000021,-0.6470889485582677
-0.0797000000000001,-0.6434106991786186
-0.08070000000000022,-0.6469474774282812
-0.0817000000000001,-0.6509086690679033
-0.08270000000000022,-0.6509086690679033
-0.08370000000000011,-0.6524648514977549
-0.08470000000000022,-0.6620848883368372
-0.08570000000000011,-0.658406638957188
-0.08670000000000022,-0.6640654841566482
-0.08770000000000011,-0.6698658004860949
-0.08870000000000022,-0.6681681469262569
-0.08970000000000011,-0.6734025787357575
-0.09070000000000022,-0.6684510891862299
-0.09170000000000011,-0.6728366942158115
-0.09270000000000023,-0.6776467126353526
-0.09370000000000012,-0.6782125971552986
-0.09470000000000023,-0.6792028950652041
-0.09570000000000012,-0.6787784816752446
-0.09670000000000023,-0.6850032113946508
-0.09770000000000012,-0.6902376432041514
-0.09870000000000023,-0.6891058741642594
-0.09970000000000012,-0.6903791143341379
-0.10070000000000023,-0.69434030597376
-0.10170000000000012,-0.692359710153949
-0.10270000000000024,-0.6977356130934361
-0.10370000000000013,-0.7012723913430987
-0.10470000000000024,-0.6984429687433686
-0.10570000000000013,-0.7039603428128423
-0.10670000000000024,-0.7032529871629097
-0.10770000000000013,-0.7065068231525994
-0.10870000000000024,-0.7121656683520595
-0.10970000000000013,-0.7069312365425588
-0.11070000000000024,-0.7130144951319785
-0.11170000000000013,-0.714004793041884
-0.11270000000000002,-0.7161268599916816
-0.11370000000000013,-0.7212198206711957
-0.11470000000000002,-0.7174001001615601
-0.11570000000000014,-0.7199465805013172
-0.11670000000000003,-0.7239077721409393
-0.11770000000000014,-0.7264542524806964
-0.11870000000000003,-0.729425146210413
-0.11970000000000014,-0.7282933771705209
-0.12070000000000003,-0.7277274926505749
-0.12170000000000014,-0.7340936934999676
-0.12270000000000003,-0.7332448667200485
-0.12370000000000014,-0.7359328181897921
-0.12470000000000003,-0.7380548851395896
-0.12570000000000014,-0.7376304717496301
-0.12670000000000003,-0.7435722592090632
-0.12770000000000015,-0.7430063746891172
-0.12870000000000004,-0.7434307880790767
-0.12970000000000015,-0.7480993353686314
-0.13070000000000004,-0.7482408064986178
-0.13170000000000015,-0.750504344578402
-0.13270000000000004,-0.7519190558782669
-0.13370000000000015,-0.7541825939580511
-0.13470000000000004,-0.7571534876877677
-0.13570000000000015,-0.7595584968975382
-0.13670000000000004,-0.7592755546375651
-0.13770000000000016,-0.7676223513067688
-0.13870000000000005,-0.7621049772372952
-0.13970000000000016,-0.7630952751472008
-0.14070000000000005,-0.7688955914766474
-0.14170000000000016,-0.7711591295564314
-0.14270000000000005,-0.7751203211960536
-0.14370000000000016,-0.7758276768459861
-0.14470000000000005,-0.7768179747558916
-0.14570000000000016,-0.7813450509154597
-0.14670000000000005,-0.7807791663955137
-0.14770000000000016,-0.7865794827249604
-0.14870000000000005,-0.788984491934731
-0.14970000000000017,-0.7872868383748929
-0.15070000000000006,-0.7936530392242855
-0.15170000000000017,-0.7957751061740831
-0.15270000000000006,-0.7980386442538671
-0.15370000000000017,-0.8044048451032598
-0.15470000000000006,-0.8000192400736782
-0.15570000000000017,-0.8055366141431518
-0.15670000000000006,-0.8130345840324366
-0.15770000000000017,-0.81289311290245
-0.15870000000000006,-0.8189763714918699
-0.15970000000000018,-0.8182690158419373
-0.16070000000000007,-0.8222302074815594
-0.16170000000000018,-0.8307184752807496
-0.16270000000000007,-0.8298696485008306
-0.16370000000000018,-0.8379335029100613
-0.16470000000000007,-0.8403385121198318
-0.16570000000000018,-0.841187338899751
-0.16670000000000007,-0.847977953139103
-0.16770000000000018,-0.8517976736487386
-0.16870000000000007,-0.8551929807684147
-0.16970000000000018,-0.8615591816178074
-0.17070000000000007,-0.8608518259678749
-0.17170000000000019,-0.8697645071570246
-0.17270000000000008,-0.8772624770463092
-0.1737000000000002,-0.8772624770463092
-0.17470000000000008,-0.884194562415648
-0.1757000000000002,-0.8878728117952971
-0.17670000000000008,-0.8946634260346491
-0.1777000000000002,-0.90272728044388
-0.17870000000000008,-0.9058396453035829
-0.1797000000000002,-0.9100837792031781
-0.18070000000000008,-0.9178646913524358
-0.1817000000000002,-0.9218258829920579
-0.18270000000000008,-0.9322947466110592
-0.1837000000000002,-0.9351241692107891
-0.1847000000000001,-0.9421977257101145
-0.1857000000000002,-0.9504030512493317
-0.1867000000000001,-0.9564863098387513
-0.1877000000000002,-0.9661063466778336
-0.1887000000000001,-0.9726140186572129
-0.1897000000000002,-0.9782728638566729
-0.1907000000000001,-0.9869026027858494
-0.1917000000000001,-0.9942591015451476
-0.19269999999999998,-1.0041620806442029
-0.1937000000000001,-1.0164700689530288
-0.19469999999999998,-1.0208556739826105
-0.1957000000000001,-1.0301927685617198
-0.19669999999999999,-1.0432081125204782
-0.1977000000000001,-1.0490084288499246
-0.1987,-1.0618823016786967
-0.1997000000000001,-1.0655605510583457
-0.2007,-1.079990606316969
-0.2017000000000001,-1.0921571234958085
-0.2027,-1.1029089293747827
-0.2037000000000001,-1.112811908473838
-0.2047,-1.127241963732461
-0.2057000000000001,-1.1340325779718134
-0.2067,-1.1514335269601534
-0.2077000000000001,-1.1637415152689792
-0.2087,-1.1737859654980207
-0.2097000000000001,-1.1846792425069816
-0.2107,-1.1986848843756457
-0.2117000000000001,-1.212549055114323
-0.2127,-1.233628253482312
-0.2137000000000001,-1.248482722130895
-0.2147,-1.269561920498884
-0.2157000000000001,-1.2831431489775882
-0.2167,-1.2933290703366165
-0.21770000000000012,-1.3141253264446326
-0.2187,-1.321764767463904
-0.21970000000000012,-1.3367607072424732
-0.2207,-1.3550104830107321
-0.22170000000000012,-1.3792020462384242
-0.2227,-1.3980177065266295
-0.22370000000000012,-1.4189554337646317
-0.2247,-1.433102546763282
-0.22570000000000012,-1.4571526388609877
-0.2267,-1.4769585970590984
-0.22770000000000012,-1.4967645552572086
-0.22870000000000001,-1.5193999360550492
-0.22970000000000013,-1.5363764716534298
-0.23070000000000002,-1.5618412750510005
-0.23170000000000013,-1.585891367148706
-0.23270000000000002,-1.6099414592464116
-0.23370000000000013,-1.6354062626439825
-0.23470000000000002,-1.656626932141958
-0.23570000000000013,-1.6806770242396636
-0.23670000000000002,-1.7118006728366943
-0.2376999999999999,-1.7358507649344
-0.23870000000000002,-1.7655597022315657
-0.2396999999999999,-1.7881950830294064
-0.24070000000000003,-1.8164893090267071
-0.24169999999999991,-1.8518570915233332
-0.24270000000000003,-1.8787366062207687
-0.24369999999999992,-1.9084455435179344
-0.24470000000000003,-1.9395691921149654
-0.24569999999999992,-1.9692781294121309
-0.24670000000000003,-2.007475334508487
-0.24769999999999992,-2.040013694405383
-0.24870000000000003,-2.072552054302279
-0.24969999999999992,-2.1079198367989047
-0.25070000000000003,-2.1404581966958003
-0.2516999999999999,-2.181484824391887
-0.25270000000000004,-2.2196820294882422
-0.2536999999999999,-2.2550498119848683
-0.25470000000000004,-2.2932470170812245
-0.2556999999999999,-2.3342736447773107
-0.25670000000000004,-2.3767149837732613
-0.25769999999999993,-2.420571034069078
-0.25870000000000004,-2.461597661765164
-0.25969999999999993,-2.50262428946125
-0.26070000000000004,-2.549309762356796
-0.26169999999999993,-2.5945805239524775
-0.26270000000000004,-2.6455101307476188
-0.26369999999999993,-2.689366181043435
-0.26470000000000005,-2.737466365238846
-0.26569999999999994,-2.7869812607341222
-0.26670000000000005,-2.8478138466283185
-0.26769999999999994,-2.8944993195238653
-0.26870000000000005,-2.9482583489187366
-0.26969999999999994,-2.9935291105144173
-0.27070000000000005,-3.0529469851087487
-0.27169999999999994,-3.10104716930416
-0.27270000000000005,-3.171782734297412
-0.27369999999999994,-3.2241270523924186
-0.27470000000000006,-3.2906184834860754
-0.27569999999999995,-3.347206935480677
-0.27670000000000006,-3.405210098775143
-0.27769999999999995,-3.4646279733694745
-0.27870000000000006,-3.536778249662592
-0.27969999999999995,-3.6032696807562488
-0.28070000000000006,-3.674005245749501
-0.28169999999999995,-3.751814367242077
-0.28270000000000006,-3.815476375736004
-0.28369999999999995,-3.881967806829661
-0.28470000000000006,-3.952703371822913
-0.28569999999999995,-4.027683070715759
-0.28670000000000007,-4.111151037407797
-0.28769999999999996,-4.187545447600509
-0.28870000000000007,-4.26393985779322
-0.28969999999999996,-4.345993113185393
-0.29070000000000007,-4.422387523378105
-0.29169999999999996,-4.512929046569467
-0.29270000000000007,-4.6020558584609645
-0.29369999999999996,-4.685523825153001
-0.2947000000000001,-4.776065348344364
-0.29569999999999996,-4.866606871535726
-0.2967000000000001,-4.964221951226414
-0.29769999999999996,-5.056178185717641
-0.2987000000000001,-5.149549131508733
-0.29969999999999997,-5.247164211199421
-0.3007000000000001,-5.351852847389433
-0.30169999999999997,-5.449467927080121
-0.3027000000000001,-5.558400697169729
-0.30369999999999997,-5.661674622059877
-0.3047000000000001,-5.772022103449349
-0.30569999999999997,-5.882369584838822
-0.3067000000000001,-5.992717066228296
-0.3077,-6.110138104117093
-0.3087000000000001,-6.227559142005892
-0.3097,-6.342150757294959
-0.3107000000000001,-6.469474774282813
-0.3117,-6.591139946071206
-0.3127000000000001,-6.711390406559734
-0.3137,-6.844373268747047
-0.3147000000000001,-6.970282574435036
-0.3157,-7.107509570521944
-0.3167000000000001,-7.241907144009123
-0.3177,-7.381963562695762
-0.3187000000000001,-7.520605270082535
-0.3197,-7.660661688769173
-0.3207000000000001,-7.803547530055542
-0.3217,-7.9549216391411015
-0.3227000000000001,-8.107710459526524
-0.3237,-8.256255146012354
-0.3247000000000001,-8.413288100297372
-0.3257,-8.573150477182121
-0.3267000000000001,-8.735842276666602
-0.3277,-8.897119364851218
-0.3287000000000001,-9.049908185236639
-0.3297,-9.225332386419904
-0.3307000000000001,-9.389438897204249
-0.3317,-9.559204253188051
-0.3327000000000001,-9.786972772466322
-0.3337,-9.979373509247969
-0.3347000000000001,-10.142065308732448
-0.3357,-10.297683551717602
-0.3367000000000001,-10.490084288499247
-0.3377,-10.698046849579406
-0.3387000000000001,-10.897521142860379
-0.3397,-11.094166013541617
-0.3407000000000001,-11.303543285921643
-0.3417,-11.515749980901399
-0.3427000000000001,-11.689759470784798
-0.3437,-11.909039722263879
-0.3447000000000001,-12.108514015544849
-0.3457,-12.33345311222339
-0.3467000000000001,-12.523024426405305
-0.3477,-12.776257749081147
-0.3487000000000001,-12.985635021461173
-0.3497,-13.230380076337823
-0.3507000000000001,-13.46522215211542
-0.3517,-13.690161248793961
-0.3527000000000001,-13.926418035871421
-0.3537,-14.189554337646317
-0.3547000000000001,-14.415908145624723
-0.3557,-14.599820614607177
-0.35670000000000013,-14.868615761581536
-0.3577,-15.123263795557243
-0.35870000000000013,-15.37791182953295
-0.3597,-15.632559863508657
-0.36070000000000013,-15.901355010483012
-0.3617,-16.184297270456018
-0.3626999999999999,-16.453092417430376
-0.3637,-16.721887564404735
-0.3646999999999999,-17.00482982437774
-0.3657,-17.28777208435075
-0.3666999999999999,-17.584861457322408
-0.3677,-17.867803717295413
-0.3686999999999999,-18.17904020326572
-0.36970000000000003,-18.461982463238726
-0.3706999999999999,-18.759071836210385
-0.37170000000000003,-19.070308322180697
-0.3726999999999999,-19.367397695152352
-0.37370000000000003,-19.69278129412131
-0.3746999999999999,-20.01816489309027
-0.37570000000000003,-20.329401379060574
-0.3766999999999999,-20.654784978029536
-0.37770000000000004,-20.994315689997144
-0.3786999999999999,-21.319699288966106
-0.37970000000000004,-21.67337711393236
-0.3806999999999999,-21.99876071290132
-0.38170000000000004,-22.352438537867577
-0.38269999999999993,-22.706116362833843
-0.38370000000000004,-23.045647074801447
-0.38469999999999993,-23.399324899767706
-0.38570000000000004,-23.753002724733967
-0.38669999999999993,-23.356883560771752
-0.38570000000000004,-22.734410588831135
-0.38469999999999993,-22.239261633878378
-0.38370000000000004,-21.772406904922917
-0.38269999999999993,-21.319699288966106
-0.38170000000000004,-20.89528589900659
-0.3806999999999999,-20.456725396048434
-0.37970000000000004,-20.046459119087572
-0.3786999999999999,-19.636192842126707
-0.37770000000000004,-19.2400736781645
-0.3766999999999999,-18.872248740199588
-0.37570000000000003,-18.546865141230633
-0.3746999999999999,-18.13659886426977
-0.37370000000000003,-17.655597022315657
-0.3726999999999999,-17.37265476234265
-0.37170000000000003,-17.061418276372343
-0.3706999999999999,-16.70774045140608
-0.36970000000000003,-16.325768400442524
-0.3686999999999999,-16.000384801473565
-0.3677,-15.70329542850191
-0.3666999999999999,-15.363764716534297
-0.3657,-15.03838111756534
-0.3646999999999999,-14.71299751859638
-0.3637,-14.444202371622024
-0.3626999999999999,-14.115989350053338
-0.3617,-13.835876512680057
-0.36070000000000013,-13.560007809206377
-0.3597,-13.295456796131614
-0.35870000000000013,-13.028076360457122
-0.3577,-12.723913430986139
-0.35670000000000013,-12.421165212815023
-0.3557,-12.208958517835267
-0.3547000000000001,-11.978360575957266
-0.3537,-11.66287995608736
-0.3527000000000001,-11.477552775805044
-0.3517,-11.234222432228256
-0.3507000000000001,-10.995136222551066
-0.3497,-10.724926364276843
-0.3487000000000001,-10.52403735969601
-0.3477,-10.304757108216927
-0.3467000000000001,-10.074159166338926
-0.3457,-9.84780535836052
-0.3447000000000001,-9.648331065079551
-0.3437,-9.451686194398311
-0.3427000000000001,-9.242308922018283
-0.3417,-9.028687515738664
-0.3407000000000001,-8.81931024335864
-0.3397,-8.649544887374834
-0.3387000000000001,-8.47129126359184
-0.3377,-8.274646392910599
-0.3367000000000001,-8.089319212628281
-0.3357,-7.909650877545419
-0.3347000000000001,-7.7059324503648545
-0.3337,-7.557387763879025
-0.3327000000000001,-7.413087211292793
-0.3317,-7.224930608410742
-0.3307000000000001,-7.069312365425588
-0.3297,-6.888229319042864
-0.3287000000000001,-6.738269921257169
-0.3277,-6.574163410472826
-0.3267000000000001,-6.438351125685783
-0.3257,-6.298294706999143
-0.3247000000000001,-6.137017618814529
-0.3237,-5.992717066228296
-0.3227000000000001,-5.856904781441251
-0.3217,-5.702701249755963
-0.3207000000000001,-5.57537723276811
-0.3197,-5.443809081880661
-0.3187000000000001,-5.319314487492538
-0.3177,-5.191990470504685
-0.3167000000000001,-5.077398855215616
-0.3157,-4.950074838227763
-0.3147000000000001,-4.8128478421408545
-0.3137,-4.695426804252056
-0.3127000000000001,-4.558199808165148
-0.3117,-4.46058472847446
-0.3107000000000001,-4.357310803584314
-0.3097,-4.2413044769953805
-0.3087000000000001,-4.133786418205637
-0.3077,-4.029097782015624
-0.3067000000000001,-3.927238568425342
-0.30569999999999997,-3.822549932235329
-0.3047000000000001,-3.716446584745451
-0.30369999999999997,-3.6216609276544935
-0.3027000000000001,-3.5268752705635364
-0.30169999999999997,-3.427845479572984
-0.3007000000000001,-3.3373039563816214
-0.29969999999999997,-3.2411035879907995
-0.2987000000000001,-3.156220909998897
-0.29769999999999996,-3.069923520707129
-0.2967000000000001,-2.977967286215902
-0.29569999999999996,-2.8944993195238653
-0.2947000000000001,-2.8096166415319628
-0.29369999999999996,-2.7261486748399255
-0.29270000000000007,-2.6525836872469437
-0.29169999999999996,-2.5677010092550416
-0.29070000000000007,-2.49413602166206
-0.28969999999999996,-2.4191563227692128
-0.28870000000000007,-2.3413472012766356
-0.28769999999999996,-2.2748557701829792
-0.28670000000000007,-2.199876071290132
-0.28569999999999995,-2.1305552175967453
-0.28470000000000006,-2.0683079204026833
-0.28369999999999995,-1.9876693763103765
-0.28270000000000006,-1.9310809243157752
-0.28169999999999995,-1.8688336271217136
-0.28070000000000006,-1.8051716186277869
-0.27969999999999995,-1.7400948988339953
-0.27870000000000006,-1.6792623129397986
-0.27769999999999995,-1.6170150157457368
-0.27670000000000006,-1.5675001202504606
-0.27569999999999995,-1.5038381117565338
-0.27470000000000006,-1.4529085049613928
-0.27369999999999994,-1.3964615240967775
-0.27270000000000005,-1.3412877834020411
-0.27169999999999994,-1.292338772426711
-0.27070000000000005,-1.2382968007718667
-0.26969999999999994,-1.1849621847669547
-0.26870000000000005,-1.1368620005715435
-0.26769999999999994,-1.0884788741161593
-0.26670000000000005,-1.03868103636091
-0.26569999999999994,-0.9934102747652287
-0.26470000000000005,-0.9429050813600469
-0.26369999999999993,-0.9020199247939473
-0.26270000000000004,-0.8609932970978613
-0.26169999999999993,-0.8143078242023152
-0.26070000000000004,-0.7739885521561616
-0.25969999999999993,-0.729991030730359
-0.25870000000000004,-0.6906620565941108
-0.25769999999999993,-0.6547283895775389
-0.25670000000000004,-0.6111552815416958
-0.2556999999999999,-0.5793242772947326
-0.25470000000000004,-0.539853832028498
-0.2536999999999999,-0.5029298671020205
-0.25270000000000004,-0.4691182670352462
-0.2516999999999999,-0.4341748979285798
-0.25070000000000003,-0.4016365380316839
-0.24969999999999992,-0.36909817813478807
-0.24870000000000003,-0.3318912709483376
-0.24769999999999992,-0.3055776407708479
-0.24670000000000003,-0.27501987669376315
-0.24569999999999992,-0.24276445905684027
-0.24470000000000003,-0.2151775887094721
-0.24369999999999992,-0.18263922881257624
-0.24270000000000003,-0.16085267479465465
-0.24169999999999991,-0.1324877132323607
-0.24070000000000003,-0.1036983382801072
-0.2396999999999999,-0.07942189237442315
-0.23870000000000002,-0.05501812245175128
-0.2376999999999999,-0.0269643973754276
-0.23670000000000002,-0.006668949067563782
-0.23570000000000013,0.020767961882018737
-0.23470000000000002,0.04428046368577565
-0.23370000000000013,0.06637825418966752
-0.23270000000000002,0.08928243013448246
-0.23170000000000013,0.10713608673877922
-0.23070000000000002,0.1288943465307035
-0.22970000000000013,0.15236440699546444
-0.22870000000000001,0.1693409425938449
-0.22770000000000012,0.19112749661176645
-0.2267,0.20541608074040332
-0.22570000000000012,0.22465615441856782
-0.2247,0.2485647753862869
-0.22370000000000012,0.2581848122253692
-0.2227,0.2770004725135742
-0.22170000000000012,0.29454289263190064
-0.2207,0.30699235207071296
-0.21970000000000012,0.32821302156868853
-0.2187,0.33769158727778426
-0.21770000000000012,0.3545266517461782
-0.2167,0.37263495638445066
-0.2157000000000001,0.3913091455426691
-0.2147,0.4014950669016974
-0.2137000000000001,0.4109736326107932
-0.2127,0.4224327941397
-0.2117000000000001,0.43601402261840433
-0.2107,0.4442193481576215
-0.2097000000000001,0.4606299992360559
-0.2087,0.4736453431948142
-0.2077000000000001,0.47831389048436895
-0.2067,0.4892071674933296
-0.2057000000000001,0.5012322135421824
-0.2047,0.5117010771611837
-0.2037000000000001,0.5230187675601041
-0.2027,0.5269799591997262
-0.2017000000000001,0.5341949868290379
-0.2007,0.5465029751378637
-0.1997000000000001,0.553293589377216
-0.1987,0.5603671458765411
-0.1977000000000001,0.5687139425457448
-0.19669999999999999,0.5759289701750565
-0.1957000000000001,0.5839928245842871
-0.19469999999999998,0.5900760831737067
-0.1937000000000001,0.597998466452951
-0.19269999999999998,0.6012523024426406
-0.1917000000000001,0.6067696765121142
-0.1907000000000001,0.6127114639715473
-0.1897000000000002,0.6219070874206701
-0.1887000000000001,0.6233217987205352
-0.1877000000000002,0.6301124129598873
-0.1867000000000001,0.6344980179894689
-0.1857000000000002,0.6401568631889291
-0.1847000000000001,0.6476548330782137
-0.1837000000000002,0.6489280732480923
-0.18270000000000008,0.6496354288980248
-0.1817000000000002,0.6545869184475525
-0.18070000000000008,0.6568504565273365
-0.1797000000000002,0.6637825418966752
-0.17870000000000008,0.6640654841566482
-0.1777000000000002,0.6657631377164863
-0.17670000000000008,0.6704316850060409
-0.1757000000000002,0.6709975695259869
-0.17470000000000008,0.673544049865744
-0.1737000000000002,0.6770808281154066
-0.17270000000000008,0.6770808281154066
-0.17170000000000019,0.6833055578348128
-0.17070000000000007,0.6827396733148667
-0.16970000000000018,0.6892473452942459
-0.16870000000000007,0.6908035277240974
-0.16770000000000018,0.6878326339943809
-0.16670000000000007,0.69151088337403
-0.16570000000000018,0.6981600264833956
-0.16470000000000007,0.7019797469930312
-0.16370000000000018,0.7024041603829907
-0.16270000000000007,0.6997162089132472
-0.16170000000000018,0.7021212181230176
-0.16070000000000007,0.7066482942825859
-0.15970000000000018,0.7063653520226129
-0.15870000000000006,0.7082044767124374
-0.15770000000000017,0.7094777168823159
-0.15670000000000006,0.711458312702127
-0.15570000000000017,0.714004793041884
-0.15470000000000006,0.7168342156416141
-0.15370000000000017,0.7132974373919515
-0.15270000000000006,0.716551273381641
-0.15170000000000017,0.7151365620817761
-0.15070000000000006,0.7166927445116276
-0.14970000000000017,0.7212198206711957
-0.14870000000000005,0.7169756867716006
-0.14770000000000016,0.7196636382413442
-0.14670000000000005,0.7175415712915466
-0.14570000000000016,0.7181074558114927
-0.14470000000000005,0.7246151277908718
-0.14370000000000016,0.7178245135515195
-0.14270000000000005,0.7182489269414791
-0.14170000000000016,0.7203709938912767
-0.14070000000000005,0.7207954072812361
-0.13970000000000016,0.7253224834408043
-0.13870000000000005,0.7203709938912767
-0.13770000000000016,0.7185318692014522
-0.13670000000000004,0.7223515897110878
-0.13570000000000015,0.7198051093713307
-0.13470000000000004,0.7240492432709258
-0.13370000000000015,0.7227760031010473
-0.13270000000000004,0.7207954072812361
-0.13170000000000015,0.7246151277908718
-0.13070000000000004,0.7219271763211282
-0.12970000000000015,0.7254639545707907
-0.12870000000000004,0.7261713102207233
-0.12770000000000015,0.7227760031010473
-0.12670000000000003,0.7229174742310338
-0.12570000000000014,0.7263127813507099
-0.12470000000000003,0.7253224834408043
-0.12370000000000014,0.7291422039504398
-0.12270000000000003,0.7247565989208583
-0.12170000000000014,0.7256054257007774
-0.12070000000000003,0.7312642709002375
-0.11970000000000014,0.7290007328204534
-0.11870000000000003,0.7304154441203184
-0.11770000000000014,0.731405742030224
-0.11670000000000003,0.7290007328204534
-0.11570000000000014,0.7357913470598055
-0.11470000000000002,0.7348010491499001
-0.11370000000000013,0.7355084047998326
-0.11270000000000002,0.7386207696595357
-0.11170000000000013,0.7376304717496301
-0.11070000000000024,0.7403184232193737
-0.10970000000000013,0.7459772684188338
-0.10870000000000024,0.7401769520893872
-0.10770000000000013,0.7448454993789418
-0.10670000000000024,0.7434307880790767
-0.10570000000000013,0.7476749219786718
-0.10470000000000024,0.7531922960481455
-0.10370000000000013,0.7482408064986178
-0.10270000000000024,0.7529093537881726
-0.10170000000000012,0.7557387763879025
-0.10070000000000023,0.7563046609078485
-0.09970000000000012,0.7616805638473357
-0.09870000000000023,0.7580023144676866
-0.09770000000000012,0.7619635061073088
-0.09670000000000023,0.7653588132269848
-0.09570000000000012,0.7663491111368903
-0.09470000000000023,0.7711591295564314
-0.09370000000000012,0.7720079563363506
-0.09270000000000023,0.77243236972631
-0.09170000000000011,0.7773838592758376
-0.09070000000000022,0.7779497437957836
-0.08970000000000011,0.7820524065653922
-0.08870000000000022,0.7851647714250953
-0.08770000000000011,0.7837500601252303
-0.08670000000000022,0.7867209538549468
-0.08570000000000011,0.7949262793941642
-0.08470000000000022,0.7966239329540021
-0.08370000000000011,0.7990289421637727
-0.08270000000000022,0.8003021823336512
-0.0817000000000001,0.8036974894533273
-0.08070000000000022,0.810912517082639
-0.0797000000000001,0.812327228382504
-0.07870000000000021,0.8140248819423421
-0.0777000000000001,0.8198251982717888
-0.07670000000000021,0.8213813807016404
-0.0757000000000001,0.8295867062408576
-0.07470000000000021,0.832274657710601
-0.0737000000000001,0.8365187916101962
-0.07270000000000021,0.8438752903694944
-0.0717000000000001,0.845148530539373
-0.07070000000000021,0.8540612117285227
-0.0697000000000001,0.8591541724080368
-0.0687000000000002,0.8631153640476589
-0.0677000000000001,0.8691986226370785
-0.0667000000000002,0.8731598142767006
-0.06570000000000009,0.8810821975559447
-0.0647000000000002,0.8915510611749462
-0.06370000000000009,0.8918340034349193
-0.0627000000000002,0.9028687515738664
-0.06170000000000009,0.9107911348531107
-0.0607000000000002,0.9170158645725168
-0.059700000000000086,0.9280506127114639
-0.058700000000000196,0.9300312085312752
-0.057700000000000085,0.9365388805106541
-0.056700000000000195,0.9474321575196151
-0.05570000000000008,0.9573351366186703
-0.05470000000000019,0.9652575198979146
-0.05370000000000008,0.9755849123869293
-0.05270000000000019,0.9813852287163759
-0.05170000000000008,0.9948249860650937
-0.05070000000000019,1.002181484824392
-0.04970000000000008,1.0134991752233122
-0.04870000000000019,1.0255242212721651
-0.047700000000000076,1.0324563066415038
-0.046700000000000186,1.0436325259104375
-0.045700000000000074,1.0604675903788316
-0.044700000000000184,1.068107031398103
-0.04370000000000007,1.0814053176168341
-0.04270000000000018,1.0896106431560515
-0.04170000000000007,1.1067286498844182
-0.04070000000000018,1.1231393009628525
-0.03970000000000007,1.1337496357118404
-0.03870000000000018,1.1436526148108959
-0.03770000000000007,1.160629150409276
-0.03670000000000018,1.1727956675881153
-0.035700000000000065,1.1910454433563744
-0.034700000000000175,1.2020801914953216
-0.03370000000000006,1.216793189013918
-0.03270000000000017,1.2341941380022579
-0.03170000000000006,1.2465021263110838
-0.03070000000000017,1.2677227958090596
-0.02970000000000006,1.2851237447973993
-0.02870000000000017,1.2982805598861442
-0.027700000000000058,1.3165303356544031
-0.026700000000000168,1.329687150743148
-0.025700000000000056,1.3528884160609347
-0.024700000000000166,1.372694374259045
-0.023700000000000054,1.3865585449977225
-0.022700000000000164,1.4059400898058736
-0.021700000000000053,1.427443701563822
-0.020700000000000163,1.4458349484620676
-0.01970000000000005,1.4698850405597732
-0.01870000000000016,1.4812027309586933
-0.01770000000000005,1.5038381117565338
-0.01670000000000016,1.5278882038542394
-0.015700000000000047,1.5491088733522151
-0.014700000000000157,1.5689148315503256
-0.013700000000000045,1.5943796349478963
-0.012700000000000156,1.6156003044458718
-0.011700000000000044,1.6368209739438475
-0.010700000000000154,1.6594563547416883
-0.009700000000000042,1.6835064468393939
-0.008700000000000152,1.7103859615368293
-0.00770000000000004,1.7316066310348048
-0.00670000000000015,1.7570714344323757
-0.005700000000000038,1.7881950830294064
-0.0047000000000001485,1.8065863299276517
-0.0037000000000000366,1.8334658446250875
-0.0027000000000001467,1.857515936722793
-0.0017000000000000348,1.8815660288204987
-0.000700000000000145,1.9042014096183393
0.00029999999999996696,1.9282515017160449
0.0012999999999998568,1.9579604390132106
0.0022999999999999687,1.9947429328097017
0.0032999999999998586,2.0187930249074073
0.0042999999999999705,2.0584049413036287
0.00529999999999986,2.085284456001064
0.006299999999999972,2.1121639706984996
0.007299999999999862,2.1447023305953956
0.008299999999999974,2.174411267892561
0.009299999999999864,2.2111937616890525
0.010299999999999976,2.2465615441856785
0.011299999999999866,2.2776851927827093
0.012299999999999978,2.3116382639794697
0.013299999999999867,1.7188742293360195
0.012299999999999978,1.3374680628924058
0.011299999999999866,1.1596388524993706
0.010299999999999976,1.0219874430225024
0.009299999999999864,0.9024443381839068
0.008299999999999974,0.8029901338033948
0.007299999999999862,0.7142877353018571
0.006299999999999972,0.6311027108697929
0.00529999999999986,0.55838655005673
0.0042999999999999705,0.48651921602358617
0.0032999999999998586,0.42271573639967297
0.0022999999999999687,0.37192760073451814
0.0012999999999998568,0.3130756106601326
0.00029999999999996696,0.26412659968480234
-0.000700000000000145,0.21475317531951257
-0.0017000000000000348,0.17146300954364244
-0.0027000000000001467,0.13543031273607994
-0.0037000000000000366,0.09447442060498715
-0.0047000000000001485,0.054876651321764766
-0.005700000000000038,0.022960764396809545
-0.00670000000000015,-0.00809214863522801
-0.00770000000000004,-0.03628734484153819
-0.008700000000000152,-0.0652181909237782
-0.009700000000000042,-0.09699260671874692
-0.010700000000000154,-0.1233345311222339
-0.011700000000000044,-0.1421784856364362
-0.012700000000000156,-0.16651151999411481
-0.013700000000000045,-0.1843368823724143
-0.014700000000000157,-0.20838697447011992
-0.015700000000000047,-0.22720263475832486
-0.01670000000000016,-0.24177416114693479
-0.01770000000000005,-0.2634192440348699
-0.01870000000000016,-0.2751613478237496
-0.01970000000000005,-0.29284523907206256
-0.020700000000000163,-0.3108120725803486
-0.021700000000000053,-0.31972475376949827
-0.022700000000000164,-0.33571099145797323
-0.023700000000000054,-0.34462367264712296
-0.024700000000000166,-0.3587707856457733
-0.025700000000000056,-0.3737667254243427
-0.026700000000000168,-0.3784352727138973
-0.027700000000000058,-0.38961149198283107
-0.02870000000000017,-0.4010706535117379
-0.02970000000000006,-0.40899303679098215
-0.03070000000000017,-0.4190374870200239
-0.03170000000000006,-0.4276672259492006
-0.03270000000000017,-0.4321943021087687
-0.03370000000000006,-0.44393640589764854
-0.034700000000000175,-0.4486049531872031
-0.035700000000000065,-0.45666880759643386
-0.03670000000000018,-0.46402530635573197
-0.03770000000000007,-0.46699620008544857
-0.03870000000000018,-0.47463564110471984
-0.03970000000000007,-0.4829824377739235
-0.04070000000000018,-0.4851045047237211
-0.04170000000000007,-0.49246100348301924
-0.04270000000000018,-0.4943001281728438
-0.04370000000000007,-0.49967603111233094
-0.044700000000000184,-0.5091545968214266
-0.045700000000000074,-0.5100034236013458
-0.046700000000000186,-0.5159452110607788
-0.047700000000000076,-0.5173599223606439
-0.04870000000000019,-0.5230187675601041
-0.04970000000000008,-0.5282531993696047
-0.05070000000000019,-0.5279702571096317
-0.05170000000000008,-0.5344779290890109
-0.05270000000000019,-0.5354682269989164
-0.05370000000000008,-0.5382976495986466
-0.05470000000000019,-0.5452297349679852
-0.05570000000000008,-0.5472103307877962
-0.056700000000000195,-0.5480591575677152
-0.057700000000000085,-0.5534350605072024
-0.058700000000000196,-0.5537180027671754
-0.059700000000000086,-0.5554156563270134
-0.0607000000000002,-0.5610745015264736
-0.06170000000000009,-0.5658845199460147
-0.0627000000000002,-0.5654601065560552
-0.06370000000000009,-0.5661674622059877
-0.0647000000000002,-0.5681480580257988
-0.06570000000000009,-0.5749386722651508
-0.0667000000000002,-0.5718263074054479
-0.0677000000000001,-0.5740898454852319
-0.0687000000000002,-0.578333979384827
-0.0697000000000001,-0.5779095659948674
-0.07070000000000021,-0.5830025266743816
-0.0717000000000001,-0.5825781132844221
-0.07270000000000021,-0.5827195844144085
-0.0737000000000001,-0.5878125450939228
-0.07470000000000021,-0.5893687275237742
-0.0757000000000001,-0.5897931409137338
-0.07670000000000021,-0.5923396212534908
-0.0777000000000001,-0.5906419676936527
-0.07870000000000021,-0.5946031593332749
-0.0797000000000001,-0.5961593417631265
-0.08070000000000022,-0.5975740530629915
-0.0817000000000001,-0.5998375911427756
-0.08270000000000022,-0.5984228798429104
-0.08370000000000011,-0.6005449467927081
-0.08470000000000022,-0.6069111476421007
-0.08570000000000011,-0.6036573116524112
-0.08670000000000022,-0.6054964363422356
-0.08770000000000011,-0.6059208497321952
-0.08870000000000022,-0.6074770321620467
-0.08970000000000011,-0.6127114639715473
-0.09070000000000022,-0.6098820413718172
-0.09170000000000011,-0.6121455794516013
-0.09270000000000023,-0.6138432330114394
-0.09370000000000012,-0.614267646401399
-0.09470000000000023,-0.6175214823910884
-0.09570000000000012,-0.6183703091710075
-0.09670000000000023,-0.6170970690011289
-0.09770000000000012,-0.6200679627308455
-0.09870000000000023,-0.6196435493408861
-0.09970000000000012,-0.6217656162906836
-0.10070000000000023,-0.6271415192301707
-0.10170000000000012,-0.6224729719406161
-0.10270000000000024,-0.6243120966304406
-0.10370000000000013,-0.6265756347102247
-0.10470000000000024,-0.6274244614901437
-0.10570000000000013,-0.6323759510396714
-0.10670000000000024,-0.6282732882700627
-0.10770000000000013,-0.6302538840898738
-0.10870000000000024,-0.6335077200795635
-0.10970000000000013,-0.63364919120955
-0.11070000000000024,-0.6369030271992394
-0.11170000000000013,-0.635912729289334
-0.11270000000000002,-0.634780960249442
-0.11370000000000013,-0.638742151889064
-0.11470000000000002,-0.638742151889064
-0.11570000000000014,-0.6412886322288212
-0.11670000000000003,-0.6424204012687131
-0.11770000000000014,-0.6390250941490371
-0.11870000000000003,-0.6476548330782137
-0.11970000000000014,-0.6453912949984297
-0.12070000000000003,-0.6475133619482272
-0.12170000000000014,-0.6487866021181058
-0.12270000000000003,-0.6472304196882542
-0.12370000000000014,-0.6463815929083352
-0.12470000000000003,-0.6528892648877144
-0.12570000000000014,-0.6513330824578628
-0.12670000000000003,-0.6548698607075254
-0.12770000000000015,-0.6524648514977549
-0.12870000000000004,-0.6557186874874444
-0.12970000000000015,-0.6603872347769991
-0.13070000000000004,-0.6574163410472825
-0.13170000000000015,-0.6579822255672285
-0.13270000000000004,-0.6599628213870395
-0.13370000000000015,-0.6609531192969451
-0.13470000000000004,-0.6663290222364323
-0.13570000000000015,-0.6666119644964053
-0.13670000000000004,-0.6627922439867696
-0.13770000000000016,-0.6695828582261218
-0.13870000000000005,-0.6674607912763243
-0.13970000000000016,-0.6692999159661489
-0.14070000000000005,-0.6728366942158115
-0.14170000000000016,-0.672129338565879
-0.14270000000000005,-0.6773637703753796
-0.14370000000000016,-0.6772222992453931
-0.14470000000000005,-0.678071126025312
-0.14570000000000016,-0.6827396733148667
-0.14670000000000005,-0.6797687795851503
-0.14770000000000016,-0.6770808281154066
-0.14870000000000005,-0.6864179226945158
-0.14970000000000017,-0.6895302875542189
-0.15070000000000006,-0.6958964884036116
-0.15170000000000017,-0.6903791143341379
-0.15270000000000006,-0.6895302875542189
-0.15370000000000017,-0.7001406223032067
-0.15470000000000006,-0.6998576800432337
-0.15570000000000017,-0.6998576800432337
-0.15670000000000006,-0.7046676984627748
-0.15770000000000017,-0.7029700449029368
-0.15870000000000006,-0.712024197222073
-0.15970000000000018,-0.7141462641718705
-0.16070000000000007,-0.7142877353018571
-0.16170000000000018,-0.7192392248513847
-0.16270000000000007,-0.7166927445116276
-0.16370000000000018,-0.7240492432709258
-0.16470000000000007,-0.7285763194304938
-0.16570000000000018,-0.7297080884703859
-0.16670000000000007,-0.735083991409873
-0.16770000000000018,-0.7352254625398595
-0.16870000000000007,-0.7417331345192387
-0.16970000000000018,-0.7465431529387798
-0.17070000000000007,-0.7452699127689013
-0.17170000000000019,-0.751636113618294
-0.17270000000000008,-0.753050824918159
-0.1737000000000002,-0.7587096701176191
-0.17470000000000008,-0.7656417554869578
-0.1757000000000002,-0.7680467646967284
-0.17670000000000008,-0.7717250140763775
-0.1777000000000002,-0.7755447345860131
-0.17870000000000008,-0.7804962241355408
-0.1797000000000002,-0.7841744735151899
-0.18070000000000008,-0.792945683574353
-0.1817000000000002,-0.7953506927841236
-0.18270000000000008,-0.7997362978137053
-0.1837000000000002,-0.8058195564031249
-0.1847000000000001,-0.810912517082639
-0.1857000000000002,-0.8189763714918699
-0.1867000000000001,-0.8201081405317618
-0.1877000000000002,-0.8247766878213164
-0.1887000000000001,-0.8400555698598587
-0.1897000000000002,-0.8396311564698993
-0.1907000000000001,-0.8452900016693595
-0.1917000000000001,-0.8547685673784552
-0.19269999999999998,-0.8621250661377534
-0.1937000000000001,-0.8682083247271731
-0.19469999999999998,-0.8717451029768355
-0.1957000000000001,-0.8817895532058773
-0.19669999999999999,-0.8908437055250136
-0.1977000000000001,-0.8907022343950269
-0.1987,-0.9048493473936775
-0.1997000000000001,-0.9092349524232591
-0.2007,-0.9218258829920579
-0.2017000000000001,-0.9270603148015586
-0.2027,-0.9351241692107891
-0.2037000000000001,-0.9492712822094397
-0.2047,-0.9597401458284408
-0.2057000000000001,-0.9638428085980495
-0.2067,-0.9738872588270913
-0.2077000000000001,-0.9818096421063355
-0.2087,-0.9905808521654985
-0.2097000000000001,-1.0085476856737847
-0.2107,-1.0157627133030962
-0.2117000000000001,-1.0248168656222325
-0.2127,-1.0357101426311934
-0.2137000000000001,-1.0522622648396145
-0.2147,-1.0664093778382648
-0.2157000000000001,-1.078858837277077
-0.2167,-1.0866397494263347
-0.21770000000000012,-1.1024845159848229
-0.2187,-1.114226619773703
-0.21970000000000012,-1.1252613679126502
-0.2207,-1.1471893930605581
-0.22170000000000012,-1.1507261713102208
-0.2227,-1.1675612357786147
-0.22370000000000012,-1.1858110115468736
-0.2247,-1.2056169697449843
-0.22570000000000012,-1.2197640827436345
-0.2267,-1.2334867823523255
-0.22770000000000012,-1.2490486066508408
-0.22870000000000001,-1.270693689538776
-0.22970000000000013,-1.2848408025374263
-0.23070000000000002,-1.3070517699453075
-0.23170000000000013,-1.3221891808538633
-0.23270000000000002,-1.3380339474123517
-0.23370000000000013,-1.3643475775898415
-0.23470000000000002,-1.383870593527979
-0.23570000000000013,-1.4033936094661164
-0.23670000000000002,-1.4246142789640919
-0.2376999999999999,-1.4444202371622026
-0.23870000000000002,-1.4642261953603128
-0.2396999999999999,-1.4925204213576138
-0.24070000000000003,-1.5193999360550492
-0.24169999999999991,-1.5377911829532949
-0.24270000000000003,-1.5618412750510005
-0.24369999999999992,-1.584476655848841
-0.24470000000000003,-1.6156003044458718
-0.24569999999999992,-1.6382356852437125
-0.24670000000000003,-1.6693593338407433
-0.24769999999999992,-1.6891652920388538
-0.24870000000000003,-1.7231183632356148
-0.24969999999999992,-1.7471684553333202
-0.25070000000000003,-1.778292103930351
-0.2516999999999999,-1.8051716186277869
-0.25270000000000004,-1.8461982463238729
-0.2536999999999999,-1.8716630497214433
-0.25470000000000004,-1.9056161209182045
-0.2556999999999999,-1.9395691921149654
-0.25670000000000004,-1.967863418112266
-0.25769999999999993,-2.007475334508487
-0.25870000000000004,-2.0357695605057877
-0.25969999999999993,-2.081040322101469
-0.26070000000000004,-2.113578681998365
-0.26169999999999993,-2.151775887094721
-0.26270000000000004,-2.1871436695913467
-0.26369999999999993,-2.2324144311870278
-0.26470000000000005,-2.272026347583249
-0.26569999999999994,-2.3144676865791998
-0.26670000000000005,-2.362567870774611
-0.26769999999999994,-2.4007650758709675
-0.26870000000000005,-2.4488652600663787
-0.26969999999999994,-2.4884771764625997
-0.27070000000000005,-2.5309185154585507
-0.27169999999999994,-2.581848122253692
-0.27270000000000005,-2.629948306449103
-0.27369999999999994,-2.6822926245441097
-0.27470000000000006,-2.7275633861397908
-0.27569999999999995,-2.7799077042347973
-0.27670000000000006,-2.8350814449295334
-0.27769999999999995,-2.8860110517246746
-0.27870000000000006,-2.942599503719276
-0.27969999999999995,-2.997773244414013
-0.28070000000000006,-3.054361696408614
-0.28169999999999995,-3.113779571002946
-0.28270000000000006,-3.1703680229975473
-0.28369999999999995,-3.2340300314914736
-0.28470000000000006,-3.2962773286855356
-0.28569999999999995,-3.355695203279867
-0.28670000000000007,-3.4207719230736586
-0.28769999999999996,-3.4872633541673155
-0.28870000000000007,-3.553754785260972
-0.28969999999999996,-3.627319772853954
-0.29070000000000007,-3.6895670700480157
-0.29169999999999996,-3.7617173463411326
-0.29270000000000007,-3.838111756533844
-0.29369999999999996,-3.9074326102272314
-0.2947000000000001,-3.988071154319539
-0.29569999999999996,-4.06163614191252
-0.2967000000000001,-4.138030552105232
-0.29769999999999996,-4.217254384897673
-0.2987000000000001,-4.299307640289847
-0.29969999999999997,-4.384190318281749
-0.3007000000000001,-4.473317130173245
-0.30169999999999997,-4.5497115403659585
-0.3027000000000001,-4.638838352257455
-0.30369999999999997,-4.733624009348413
-0.3047000000000001,-4.82558024383964
-0.30569999999999997,-4.918951189630732
-0.3067000000000001,-5.00807800152223
-0.3077,-5.107107792512783
-0.3087000000000001,-5.2075522948032
-0.3097,-5.303752663194023
-0.3107000000000001,-5.407026588084171
-0.3117,-5.511715224274183
-0.3127000000000001,-5.617818571764061
-0.3137,-5.729580764453398
-0.3147000000000001,-5.83143997804368
-0.3157,-5.94320217073302
-0.3167000000000001,-6.057793786022088
-0.3177,-6.169555978711425
-0.3187000000000001,-6.292635861799683
-0.3197,-6.410056899688482
-0.3207000000000001,-6.5317220714768744
-0.3217,-6.654801954565133
-0.3227000000000001,-6.780711260253121
-0.3237,-6.910864699840705
-0.3247000000000001,-7.042432850728153
-0.3257,-7.171171579015871
-0.3267000000000001,-7.302739729903319
-0.3277,-7.4427961485899585
-0.3287000000000001,-7.580023144676867
-0.3297,-7.729982542462561
-0.3307000000000001,-7.871453672449064
-0.3317,-8.015754225035298
-0.3327000000000001,-8.167128334120857
-0.3337,-8.312843598006955
-0.3347000000000001,-8.47129126359184
-0.3357,-8.62549479527713
-0.3367000000000001,-8.783942460862013
-0.3377,-8.94663426034649
-0.3387000000000001,-9.112155482430701
-0.3397,-9.27484728191518
-0.3407000000000001,-9.447442060498714
-0.3417,-9.612963282582925
-0.3427000000000001,-9.788387483766188
-0.3437,-9.968055818849047
-0.3447000000000001,-10.144894731332178
-0.3457,-10.331636622914363
-0.3467000000000001,-10.504231401497897
-0.3477,-10.702290983479003
-0.3487000000000001,-10.893277008960782
-0.3497,-11.084263034442563
-0.3507000000000001,-11.280907905123803
-0.3517,-11.471893930605583
-0.3527000000000001,-11.684100625585337
-0.3537,-11.894892609265227
-0.3547000000000001,-12.10285517034539
-0.3557,-12.306573597525954
-0.35670000000000013,-12.53009798290463
-0.3577,-12.74088996658452
-0.35870000000000013,-12.967243774562927
-0.3597,-13.187938737341872
-0.36070000000000013,-13.397316009721898
-0.3617,-13.620840395100572
-0.3626999999999999,-13.842950069179384
-0.3637,-14.137210019551313
-0.3646999999999999,-14.387613919627421
-0.3657,-14.65640906660178
-0.3666999999999999,-14.882762874580186
-0.3677,-15.080822456561293
-0.3686999999999999,-15.349617603535648
-0.36970000000000003,-15.604265637511356
-0.3706999999999999,-15.88720789748436
-0.37170000000000003,-16.141855931460068
-0.3726999999999999,-16.424798191433077
-0.37370000000000003,-16.665299112410132
-0.3746999999999999,-17.047271163373694
-0.37570000000000003,-17.316066310348052
-0.3766999999999999,-17.584861457322408
-0.37770000000000004,-17.867803717295413
-0.3786999999999999,-18.13659886426977
-0.37970000000000004,-18.419541124242777
-0.3806999999999999,-18.730777610213085
-0.38170000000000004,-19.027866983184744
-0.38269999999999993,-19.353250582153702
-0.38370000000000004,-19.664487068124007
-0.38469999999999993,-19.97572355409432
-0.38570000000000004,-20.301107153063278
-0.38669999999999993,-19.876693763103766
-0.38570000000000004,-19.339103469155052
-0.38469999999999993,-18.92883719219419
-0.38370000000000004,-18.561012254229283
-0.38269999999999993,-18.19318731626437
-0.38170000000000004,-17.839509491298113
-0.3806999999999999,-17.499978779330505
-0.37970000000000004,-17.160448067362896
-0.3786999999999999,-16.820917355395284
-0.37770000000000004,-16.481386643427676
-0.3766999999999999,-16.170150157457368
-0.37570000000000003,-15.844766558488407
-0.3746999999999999,-15.547677185516752
-0.37370000000000003,-15.264734925543747
-0.3726999999999999,-14.967645552572087
-0.37170000000000003,-14.67055617960043
-0.3706999999999999,-14.373466806628771
-0.36970000000000003,-14.083450990156441
-0.3686999999999999,-13.800508730183433
-0.3677,-13.548690118807457
-0.3666999999999999,-13.279894971833098
-0.3657,-13.021002803957797
-0.3646999999999999,-12.75503707958317
-0.3637,-12.501803756907329
-0.3626999999999999,-12.254229279430946
-0.3617,-12.009484224554296
-0.36070000000000013,-11.774642148776701
-0.3597,-11.544044206898699
-0.35870000000000013,-11.312031553720834
-0.3577,-11.077189477943236
-0.35670000000000013,-10.855079803864427
-0.3557,-10.632970129785615
-0.3547000000000001,-10.42359285740559
-0.3537,-10.21563029632543
-0.3527000000000001,-9.997764756146214
-0.3517,-9.796875751565379
-0.3507000000000001,-9.600230880884139
-0.3497,-9.402171298903033
-0.3487000000000001,-9.209770562121388
-0.3477,-9.01595511403988
-0.3467000000000001,-8.826383799857965
-0.3457,-8.646715464775104
-0.3447000000000001,-8.461388284492784
-0.3437,-8.29445235110871
-0.3427000000000001,-8.110539882126256
-0.3417,-7.933700969643125
-0.3407000000000001,-7.773838592758376
-0.3397,-7.6012438141748415
-0.3387000000000001,-7.447040282489553
-0.3377,-7.28576319430494
-0.3367000000000001,-7.127315528720055
-0.3357,-6.973111997034766
-0.3347000000000001,-6.824567310548938
-0.3337,-6.6689490675637835
-0.3327000000000001,-6.526063226277413
-0.3317,-6.378933251091451
-0.3307000000000001,-6.244535677604272
-0.3297,-6.107308681517363
-0.3287000000000001,-5.964422840230995
-0.3277,-5.838513534543006
-0.3267000000000001,-5.699871827156233
-0.3257,-5.572547810168379
-0.3247000000000001,-5.448053215780256
-0.3237,-5.320729198792402
-0.3227000000000001,-5.204722872203471
-0.3217,-5.080228277815347
-0.3207000000000001,-4.962807239926549
-0.3197,-4.8453862020377505
-0.3187000000000001,-4.732209298048548
-0.3177,-4.619032394059345
-0.3167000000000001,-4.512929046569467
-0.3157,-4.401166853880129
-0.3147000000000001,-4.296478217690116
-0.3137,-4.187545447600509
-0.3127000000000001,-4.08710094531009
-0.3117,-3.9937299995189983
-0.3107000000000001,-3.8975296311281755
-0.3097,-3.799914551437489
-0.3087000000000001,-3.7037141830466664
-0.3077,-3.6046843920561136
-0.3067000000000001,-3.515557580164616
-0.30569999999999997,-3.426430768273119
-0.3047000000000001,-3.3373039563816214
-0.30369999999999997,-3.2552507009894494
-0.3027000000000001,-3.1632944664982214
-0.30169999999999997,-3.076997077206455
-0.3007000000000001,-3.002017378313608
-0.29969999999999997,-2.9185494116215707
-0.2987000000000001,-2.843569712728724
-0.29769999999999996,-2.765760591236147
-0.2967000000000001,-2.6851220471438397
-0.29569999999999996,-2.6129717708507227
-0.2947000000000001,-2.539406783257741
-0.29369999999999996,-2.467256506964624
-0.29270000000000007,-2.396520941971372
-0.29169999999999996,-2.3243706656782552
-0.29070000000000007,-2.2592939458844636
-0.28969999999999996,-2.194217226090672
-0.28870000000000007,-2.124896372397285
-0.28769999999999996,-2.0626490752032236
-0.28670000000000007,-1.9989870667092968
-0.28569999999999995,-1.9367397695152353
-0.28470000000000006,-1.8801513175206337
-0.28369999999999995,-1.815074597726842
-0.28270000000000006,-1.7613155683319706
-0.28169999999999995,-1.701897693737639
-0.28070000000000006,-1.643894530443173
-0.27969999999999995,-1.5901355010483011
-0.27870000000000006,-1.543450028152755
-0.27769999999999995,-1.4868615761581534
-0.27670000000000006,-1.4359319693630124
-0.27569999999999995,-1.3811826420582352
-0.27470000000000006,-1.3352045248126216
-0.27369999999999994,-1.2837090334975343
-0.27270000000000005,-1.2317891287924876
-0.27169999999999994,-1.1875086651067117
-0.27070000000000005,-1.142945259160963
-0.26969999999999994,-1.0959768440054438
-0.26870000000000005,-1.0559405142192635
-0.26769999999999994,-1.0071329743739197
-0.26670000000000005,-0.963135452948117
-0.26569999999999994,-0.9262114880216394
-0.26470000000000005,-0.8840530912856616
-0.26369999999999993,-0.846563241839238
-0.26270000000000004,-0.8058195564031249
-0.26169999999999993,-0.7635196885371602
-0.26070000000000004,-0.7304154441203184
-0.25969999999999993,-0.6930670658038814
-0.25870000000000004,-0.659255465737107
-0.25769999999999993,-0.6217656162906836
-0.25670000000000004,-0.5854075358841522
-0.2556999999999999,-0.5571133098868515
-0.25470000000000004,-0.5242920077299826
-0.2536999999999999,-0.48694362941354563
-0.25270000000000004,-0.45907381680620446
-0.2516999999999999,-0.4221498518797269
-0.25070000000000003,-0.3979582886520348
-0.24969999999999992,-0.3692396492647746
-0.24870000000000003,-0.33641834710790575
-0.24769999999999992,-0.31208531275022705
-0.24670000000000003,-0.28322520223298037
-0.24569999999999992,-0.2560627452755716
-0.24470000000000003,-0.2321541243078525
-0.24369999999999992,-0.20612343639033584
-0.24270000000000003,-0.18094157525273818
-0.24169999999999991,-0.15561824298515403
-0.24070000000000003,-0.13062029431653882
-0.2396999999999999,-0.11031918716347557
-0.23870000000000002,-0.08897119364851215
-0.2376999999999999,-0.06240291543704677
-0.23670000000000002,-0.041535923764037475
-0.23570000000000013,-0.024149121888696175
-0.23470000000000002,-0.002286173460581899
-0.23370000000000013,0.013750993834688155
-0.23270000000000002,0.040361713385149496
-0.23170000000000013,0.05639039241262036
-0.23070000000000002,0.07260298390907369
-0.22970000000000013,0.09491298110794531
-0.22870000000000001,0.10737658765975629
-0.22770000000000012,0.12863969849672777
-0.2267,0.1427443701563822
-0.22570000000000012,0.15717442541500556
-0.2247,0.17542420118326454
-0.22370000000000012,0.18702483384215784
-0.2227,0.20428431170051128
-0.22170000000000012,0.2229585008587298
-0.2207,0.23003205735805496
-0.21970000000000012,0.24700859295643537
-0.2187,0.25662862979551765
-0.21770000000000012,0.27204898296404656
-0.2167,0.28732786500258894
-0.2157000000000001,0.3031726315610774
-0.2147,0.30854853450056446
-0.2137000000000001,0.3211394650693633
-0.2127,0.3335889245081756
-0.2117000000000001,0.3453310282970554
-0.2107,0.3511313446265021
-0.2097000000000001,0.36075138146558433
-0.2087,0.3730593697744102
-0.2077000000000001,0.37970851288377583
-0.2067,0.3884797229429391
-0.2057000000000001,0.3990900576919268
-0.2047,0.4037586049814815
-0.2037000000000001,0.41804718911011834
-0.2027,0.4245548610894975
-0.2017000000000001,0.43304312888868773
-0.2007,0.4405410987779724
-0.1997000000000001,0.4433705213777025
-0.1987,0.45341497160674427
-0.1977000000000001,0.46020558584609644
-0.19669999999999999,0.46742061347540814
-0.1957000000000001,0.4747771122347063
-0.19469999999999998,0.4761918235345713
-0.1937000000000001,0.48397273568382904
-0.19269999999999998,0.4935927725229112
-0.1917000000000001,0.49514895495276273
-0.1907000000000001,0.5006663290222364
-0.1897000000000002,0.5084472411714941
-0.1887000000000001,0.5091545968214266
-0.1877000000000002,0.518774633660509
-0.1867000000000001,0.5206137583503335
-0.1857000000000002,0.5234431809500636
-0.1847000000000001,0.5310826219693349
-0.1837000000000002,0.5322143910092269
-0.18270000000000008,0.5380147073386735
-0.1817000000000002,0.5431076680181876
-0.18070000000000008,0.5426832546282281
-0.1797000000000002,0.5482006286977017
-0.17870000000000008,0.5506056379074723
-0.1777000000000002,0.5548497718070674
-0.17670000000000008,0.5619233283063926
-0.1757000000000002,0.5593768479666354
-0.17470000000000008,0.5630550973462846
-0.1737000000000002,0.5682895291557853
-0.17270000000000008,0.5698457115856368
-0.17170000000000019,0.5736654320952724
-0.17070000000000007,0.5719677785354343
-0.16970000000000018,0.5749386722651508
-0.16870000000000007,0.5798901618146786
-0.16770000000000018,0.5801731040746516
-0.16670000000000007,0.5842757668442602
-0.16570000000000018,0.5841342957142737
-0.16470000000000007,0.5896516697837473
-0.16370000000000018,0.5923396212534908
-0.16270000000000007,0.5896516697837473
-0.16170000000000018,0.5934713902933829
-0.16070000000000007,0.5964422840230995
-0.15970000000000018,0.5934713902933829
-0.15870000000000006,0.5978569953229644
-0.15770000000000017,0.6015352447026135
-0.15670000000000006,0.6016767158326001
-0.15570000000000017,0.6039402539123842
-0.15470000000000006,0.6030914271324651
-0.15370000000000017,0.6042231961723572
-0.15270000000000006,0.6100235125018038
-0.15170000000000017,0.6095990991118443
-0.15070000000000006,0.6097405702418307
-0.14970000000000017,0.6118626371916284
-0.14870000000000005,0.6129944062315204
-0.14770000000000016,0.618228838041021
-0.14670000000000005,0.6145505886613719
-0.14570000000000016,0.6158238288312504
-0.14470000000000005,0.6210582606407511
-0.14370000000000016,0.6192191359509266
-0.14270000000000005,0.620209433860832
-0.14170000000000016,0.6247365100204001
-0.14070000000000005,0.6214826740307106
-0.13970000000000016,0.6264341635802383
-0.13870000000000005,0.6265756347102247
-0.13770000000000016,0.6295465284399413
-0.13670000000000004,0.6337906623395364
-0.13570000000000015,0.6286977016600223
-0.13470000000000004,0.6318100665197254
-0.13370000000000015,0.634780960249442
-0.13270000000000004,0.635912729289334
-0.13170000000000015,0.6400153920589425
-0.13070000000000004,0.637044498329226
-0.12970000000000015,0.6383177384991046
-0.12870000000000004,0.6434106991786186
-0.12770000000000015,0.6472304196882542
-0.12670000000000003,0.6449668816084703
-0.12570000000000014,0.6483621887281462
-0.12470000000000003,0.6446839393484972
-0.12370000000000014,0.6511916113278763
-0.12270000000000003,0.6513330824578628
-0.12170000000000014,0.6523233803677684
-0.12070000000000003,0.655860158617431
-0.11970000000000014,0.6538795627976199
-0.11870000000000003,0.6554357452274714
-0.11770000000000014,0.6613775326869047
-0.11670000000000003,0.6603872347769991
-0.11570000000000014,0.6619434172068507
-0.11470000000000002,0.6603872347769991
-0.11370000000000013,0.6618019460768642
-0.11270000000000002,0.6700072716160814
-0.11170000000000013,0.6667534356263918
-0.11070000000000024,0.6688755025761894
-0.10970000000000013,0.6709975695259869
-0.10870000000000024,0.6705731561360274
-0.10770000000000013,0.6770808281154066
-0.10670000000000024,0.6760905302055011
-0.10570000000000013,0.6748172900356225
-0.10470000000000024,0.6811834908850152
-0.10370000000000013,0.6779296548953256
-0.10270000000000024,0.6817493754049612
-0.10170000000000012,0.6910864699840705
-0.10070000000000023,0.6838714423547588
-0.09970000000000012,0.6879741051243674
-0.09870000000000023,0.6903791143341379
-0.09770000000000012,0.69151088337403
-0.09670000000000023,0.6958964884036116
-0.09570000000000012,0.6930670658038814
-0.09470000000000023,0.6941988348437735
-0.09370000000000012,0.7019797469930312
-0.09270000000000023,0.7007065068231527
-0.09170000000000011,0.7059409386326533
-0.09070000000000022,0.7038188716828558
-0.08970000000000011,0.7062238808926263
-0.08870000000000022,0.7128730240019919
-0.08770000000000011,0.7135803796519244
-0.08670000000000022,0.715985388861695
-0.08570000000000011,0.7181074558114927
-0.08470000000000022,0.7196636382413442
-0.08370000000000011,0.7248980700508447
-0.08270000000000022,0.7260298390907369
-0.0817000000000001,0.7301325018603455
-0.08070000000000022,0.735083991409873
-0.0797000000000001,0.733386337850035
-0.07870000000000021,0.7391866541794817
-0.0777000000000001,0.7439966725990228
-0.07670000000000021,0.7479578642386449
-0.0757000000000001,0.749089633278537
-0.07470000000000021,0.7529093537881726
-0.0737000000000001,0.7581437855976731
-0.07270000000000021,0.7676223513067688
-0.0717000000000001,0.7647929287070389
-0.07070000000000021,0.7691785337366205
-0.0697000000000001,0.7768179747558916
-0.0687000000000002,0.7807791663955137
-0.0677000000000001,0.7906821454945689
-0.0667000000000002,0.7919553856644476
-0.06570000000000009,0.794643337134191
-0.0647000000000002,0.8036974894533273
-0.06370000000000009,0.8073757388329764
-0.0627000000000002,0.8171372468020451
-0.06170000000000009,0.8252011012112759
-0.0607000000000002,0.8254840434712489
-0.059700000000000086,0.8368017338701692
-0.058700000000000196,0.8417532234196969
-0.057700000000000085,0.850807375738833
-0.056700000000000195,0.8587297590180772
-0.05570000000000008,0.8621250661377534
-0.05470000000000019,0.8728768720167276
-0.05370000000000008,0.8820724954658503
-0.05270000000000019,0.8902778210050675
-0.05170000000000008,0.9000393289741364
-0.05070000000000019,0.9061225875635559
-0.04970000000000008,0.9153182110126787
-0.04870000000000019,0.9301726796612616
-0.047700000000000076,0.9376706495505462
-0.046700000000000186,0.9453100905698175
-0.045700000000000074,0.9600230880884139
-0.044700000000000184,0.9663892889378066
-0.04370000000000007,0.9837902379261465
-0.04270000000000018,0.9919955634653637
-0.04170000000000007,1.0026058982143515
-0.04070000000000018,1.017035953472975
-0.03970000000000007,1.0277877593519493
-0.03870000000000018,1.041227516700667
-0.03770000000000007,1.060043176988872
-0.03670000000000018,1.0676826180081431
-0.035700000000000065,1.0839517979565911
-0.034700000000000175,1.0958353728754573
-0.03370000000000006,1.1105483703940537
-0.03270000000000017,1.1316275687620427
-0.03170000000000006,1.1409646633411519
-0.03070000000000017,1.157799727809546
-0.02970000000000006,1.1736444943680344
-0.02870000000000017,1.1918942701362936
-0.027700000000000058,1.2107099304244984
-0.026700000000000168,1.2216032074334593
-0.025700000000000056,1.2407018099816371
-0.024700000000000166,1.2607907104397207
-0.023700000000000054,1.2756451790883037
-0.022700000000000164,1.2982805598861442
-0.021700000000000053,1.3152570954845246
-0.020700000000000163,1.33081891978304
-0.01970000000000005,1.3541616562308132
-0.01870000000000016,1.371562605219153
-0.01770000000000005,1.3915100345472502
-0.01670000000000016,1.4138624730851177
-0.015700000000000047,1.4302731241635522
-0.014700000000000157,1.4514937936615278
-0.013700000000000045,1.4769585970590984
-0.012700000000000156,1.4953498439573436
-0.011700000000000044,1.5179852247551844
-0.010700000000000154,1.540620605553025
-0.009700000000000042,1.5604265637511354
-0.008700000000000152,1.587306078448571
-0.00770000000000004,1.6071120366466816
-0.00670000000000015,1.6283327061446573
-0.005700000000000038,1.655212220842093
-0.0047000000000001485,1.6764328903400685
-0.0037000000000000366,1.7047271163373692
-0.0027000000000001467,1.7301919197349398
-0.0017000000000000348,1.7514125892329155
-0.000700000000000145,1.779706815230216
0.00029999999999996696,1.8009274847281918
0.0012999999999998568,1.8306364220253575
0.0022999999999999687,1.8589306480226582
0.0032999999999998586,1.891469007919554
0.0042999999999999705,1.92117794521672
0.00529999999999986,1.9480574599141556
0.006299999999999972,1.9735222633117262
0.007299999999999862,2.004645911908757
0.008299999999999974,2.0329401379060577
0.009299999999999864,2.0654784978029537
0.010299999999999976,2.10367570289931
0.011299999999999866,2.1347993514963406
0.012299999999999978,2.1659230000933714
