Potential V vs RHE, Current mA cm-2
0.013299999999999867,-0.04582249900262853
0.012299999999999978,-0.04582249900262853
0.011299999999999866,-0.04582249900262853
0.010299999999999976,-0.04582249900262853
0.009299999999999864,-0.04582249900262853
0.008299999999999974,-0.08943804837746762
0.007299999999999862,-0.04582249900262853
0.006299999999999972,-0.08943804837746762
0.00529999999999986,-0.04582249900262853
0.0042999999999999705,-0.08943804837746762
0.0032999999999998586,-0.08943804837746762
0.0022999999999999687,-0.08943804837746762
0.0012999999999998568,-0.08943804837746762
0.00029999999999996696,-0.08943804837746762
-0.000700000000000145,-0.08943804837746762
-0.0017000000000000348,-0.08943804837746762
-0.0027000000000001467,-0.08943804837746762
-0.0037000000000000366,-0.08943804837746762
-0.0047000000000001485,-0.08943804837746762
-0.005700000000000038,-0.08943804837746762
-0.00670000000000015,-0.08943804837746762
-0.00770000000000004,-0.08943804837746762
-0.008700000000000152,-0.08943804837746762
-0.009700000000000042,-0.08943804837746762
-0.010700000000000154,-0.08943804837746762
-0.011700000000000044,-0.08943804837746762
-0.012700000000000156,-0.08943804837746762
-0.013700000000000045,-0.08943804837746762
-0.014700000000000157,-0.1330535977523067
-0.015700000000000047,-0.08943804837746762
-0.01670000000000016,-0.1330535977523067
-0.01770000000000005,-0.08943804837746762
-0.01870000000000016,-0.1330535977523067
-0.01970000000000005,-0.08943804837746762
-0.020700000000000163,-0.1330535977523067
-0.021700000000000053,-0.08943804837746762
-0.022700000000000164,-0.08943804837746762
-0.023700000000000054,-0.08943804837746762
-0.024700000000000166,-0.08943804837746762
-0.025700000000000056,-0.1330535977523067
-0.026700000000000168,-0.1330535977523067
-0.027700000000000058,-0.1330535977523067
-0.02870000000000017,-0.1330535977523067
-0.02970000000000006,-0.1330535977523067
-0.03070000000000017,-0.1330535977523067
-0.03170000000000006,-0.1330535977523067
-0.03270000000000017,-0.1330535977523067
-0.03370000000000006,-0.08943804837746762
-0.034700000000000175,-0.1330535977523067
-0.035700000000000065,-0.1330535977523067
-0.03670000000000018,-0.1330535977523067
-0.03770000000000007,-0.1330535977523067
-0.03870000000000018,-0.1330535977523067
-0.03970000000000007,-0.1330535977523067
-0.04070000000000018,-0.1330535977523067
-0.04170000000000007,-0.1330535977523067
-0.04270000000000018,-0.1330535977523067
-0.04370000000000007,-0.1330535977523067
-0.044700000000000184,-0.1330535977523067
-0.045700000000000074,-0.1330535977523067
-0.046700000000000186,-0.1330535977523067
-0.047700000000000076,-0.1330535977523067
-0.04870000000000019,-0.1330535977523067
-0.04970000000000008,-0.1330535977523067
-0.05070000000000019,-0.1330535977523067
-0.05170000000000008,-0.1330535977523067
-0.05270000000000019,-0.1330535977523067
-0.05370000000000008,-0.1330535977523067
-0.05470000000000019,-0.1330535977523067
-0.05570000000000008,-0.1330535977523067
-0.056700000000000195,-0.1330535977523067
-0.057700000000000085,-0.1330535977523067
-0.058700000000000196,-0.1330535977523067
-0.059700000000000086,-0.1330535977523067
-0.0607000000000002,-0.1330535977523067
-0.06170000000000009,-0.1330535977523067
-0.0627000000000002,-0.1330535977523067
-0.06370000000000009,-0.1330535977523067
-0.0647000000000002,-0.1330535977523067
-0.06570000000000009,-0.1330535977523067
-0.0667000000000002,-0.1330535977523067
-0.0677000000000001,-0.1766974413531431
-0.0687000000000002,-0.1330535977523067
-0.0697000000000001,-0.1330535977523067
-0.07070000000000021,-0.1330535977523067
-0.0717000000000001,-0.1330535977523067
-0.07270000000000021,-0.1766974413531431
-0.0737000000000001,-0.1330535977523067
-0.07470000000000021,-0.1766974413531431
-0.0757000000000001,-0.1330535977523067
-0.07670000000000021,-0.1766974413531431
-0.0777000000000001,-0.1330535977523067
-0.07870000000000021,-0.1766974413531431
-0.0797000000000001,-0.1330535977523067
-0.08070000000000022,-0.1766974413531431
-0.0817000000000001,-0.1766974413531431
-0.08270000000000022,-0.1766974413531431
-0.08370000000000011,-0.1766974413531431
-0.08470000000000022,-0.1330535977523067
-0.08570000000000011,-0.1766974413531431
-0.08670000000000022,-0.1330535977523067
-0.08770000000000011,-0.1330535977523067
-0.08870000000000022,-0.1766974413531431
-0.08970000000000011,-0.1330535977523067
-0.09070000000000022,-0.1766974413531431
-0.09170000000000011,-0.1766974413531431
-0.09270000000000023,-0.1766974413531431
-0.09370000000000012,-0.1766974413531431
-0.09470000000000023,-0.1766974413531431
-0.09570000000000012,-0.1766974413531431
-0.09670000000000023,-0.1766974413531431
-0.09770000000000012,-0.1766974413531431
-0.09870000000000023,-0.1766974413531431
-0.09970000000000012,-0.1766974413531431
-0.10070000000000023,-0.1766974413531431
-0.10170000000000012,-0.1766974413531431
-0.10270000000000024,-0.1766974413531431
-0.10370000000000013,-0.1766974413531431
-0.10470000000000024,-0.1766974413531431
-0.10570000000000013,-0.1766974413531431
-0.10670000000000024,-0.1766974413531431
-0.10770000000000013,-0.1766974413531431
-0.10870000000000024,-0.1766974413531431
-0.10970000000000013,-0.1766974413531431
-0.11070000000000024,-0.1766974413531431
-0.11170000000000013,-0.1766974413531431
-0.11270000000000002,-0.1766974413531431
-0.11370000000000013,-0.1766974413531431
-0.11470000000000002,-0.1766974413531431
-0.11570000000000014,-0.1766974413531431
-0.11670000000000003,-0.1766974413531431
-0.11770000000000014,-0.2202705493889862
-0.11870000000000003,-0.1766974413531431
-0.11970000000000014,-0.1766974413531431
-0.12070000000000003,-0.1766974413531431
-0.12170000000000014,-0.1766974413531431
-0.12270000000000003,-0.1766974413531431
-0.12370000000000014,-0.2202705493889862
-0.12470000000000003,-0.1766974413531431
-0.12570000000000014,-0.1766974413531431
-0.12670000000000003,-0.2202705493889862
-0.12770000000000015,-0.1766974413531431
-0.12870000000000004,-0.2202705493889862
-0.12970000000000015,-0.1766974413531431
-0.13070000000000004,-0.2202705493889862
-0.13170000000000015,-0.2202705493889862
-0.13270000000000004,-0.2202705493889862
-0.13370000000000015,-0.2202705493889862
-0.13470000000000004,-0.1766974413531431
-0.13570000000000015,-0.1766974413531431
-0.13670000000000004,-0.2202705493889862
-0.13770000000000016,-0.2202705493889862
-0.13870000000000005,-0.2202705493889862
-0.13970000000000016,-0.2202705493889862
-0.14070000000000005,-0.2202705493889862
-0.14170000000000016,-0.2202705493889862
-0.14270000000000005,-0.2202705493889862
-0.14370000000000016,-0.2202705493889862
-0.14470000000000005,-0.2202705493889862
-0.14570000000000016,-0.2202705493889862
-0.14670000000000005,-0.2202705493889862
-0.14770000000000016,-0.2202705493889862
-0.14870000000000005,-0.2202705493889862
-0.14970000000000017,-0.2202705493889862
-0.15070000000000006,-0.2202705493889862
-0.15170000000000017,-0.2202705493889862
-0.15270000000000006,-0.2202705493889862
-0.15370000000000017,-0.2202705493889862
-0.15470000000000006,-0.2202705493889862
-0.15570000000000017,-0.2202705493889862
-0.15670000000000006,-0.2202705493889862
-0.15770000000000017,-0.2202705493889862
-0.15870000000000006,-0.2202705493889862
-0.15970000000000018,-0.2202705493889862
-0.16070000000000007,-0.2202705493889862
-0.16170000000000018,-0.2202705493889862
-0.16270000000000007,-0.2202705493889862
-0.16370000000000018,-0.2202705493889862
-0.16470000000000007,-0.2202705493889862
-0.16570000000000018,-0.2202705493889862
-0.16670000000000007,-0.2202705493889862
-0.16770000000000018,-0.2202705493889862
-0.16870000000000007,-0.2202705493889862
-0.16970000000000018,-0.2202705493889862
-0.17070000000000007,-0.2202705493889862
-0.17170000000000019,-0.2202705493889862
-0.17270000000000008,-0.2202705493889862
-0.1737000000000002,-0.2202705493889862
-0.17470000000000008,-0.2202705493889862
-0.1757000000000002,-0.26384365742482935
-0.17670000000000008,-0.2202705493889862
-0.1777000000000002,-0.26384365742482935
-0.17870000000000008,-0.26384365742482935
-0.1797000000000002,-0.2202705493889862
-0.18070000000000008,-0.2202705493889862
-0.1817000000000002,-0.26384365742482935
-0.18270000000000008,-0.26384365742482935
-0.1837000000000002,-0.2202705493889862
-0.1847000000000001,-0.26384365742482935
-0.1857000000000002,-0.2202705493889862
-0.1867000000000001,-0.2202705493889862
-0.1877000000000002,-0.26384365742482935
-0.1887000000000001,-0.26384365742482935
-0.1897000000000002,-0.26384365742482935
-0.1907000000000001,-0.26384365742482935
-0.1917000000000001,-0.26384365742482935
-0.19269999999999998,-0.26384365742482935
-0.1937000000000001,-0.26384365742482935
-0.19469999999999998,-0.26384365742482935
-0.1957000000000001,-0.26384365742482935
-0.19669999999999999,-0.26384365742482935
-0.1977000000000001,-0.26384365742482935
-0.1987,-0.26384365742482935
-0.1997000000000001,-0.26384365742482935
-0.2007,-0.26384365742482935
-0.2017000000000001,-0.26384365742482935
-0.2027,-0.26384365742482935
-0.2037000000000001,-0.26384365742482935
-0.2047,-0.26384365742482935
-0.2057000000000001,-0.26384365742482935
-0.2067,-0.26384365742482935
-0.2077000000000001,-0.26384365742482935
-0.2087,-0.26384365742482935
-0.2097000000000001,-0.26384365742482935
-0.2107,-0.26384365742482935
-0.2117000000000001,-0.26384365742482935
-0.2127,-0.26384365742482935
-0.2137000000000001,-0.30755823659065895
-0.2147,-0.26384365742482935
-0.2157000000000001,-0.30755823659065895
-0.2167,-0.26384365742482935
-0.21770000000000012,-0.26384365742482935
-0.2187,-0.30755823659065895
-0.21970000000000012,-0.26384365742482935
-0.2207,-0.30755823659065895
-0.22170000000000012,-0.30755823659065895
-0.2227,-0.30755823659065895
-0.22370000000000012,-0.30755823659065895
-0.2247,-0.30755823659065895
-0.22570000000000012,-0.30755823659065895
-0.2267,-0.30755823659065895
-0.22770000000000012,-0.30755823659065895
-0.22870000000000001,-0.30755823659065895
-0.22970000000000013,-0.30755823659065895
-0.23070000000000002,-0.30755823659065895
-0.23170000000000013,-0.30755823659065895
-0.23270000000000002,-0.30755823659065895
-0.23370000000000013,-0.30755823659065895
-0.23470000000000002,-0.30755823659065895
-0.23570000000000013,-0.30755823659065895
-0.23670000000000002,-0.3511313446265021
-0.2376999999999999,-0.30755823659065895
-0.23870000000000002,-0.30755823659065895
-0.2396999999999999,-0.30755823659065895
-0.24070000000000003,-0.3511313446265021
-0.24169999999999991,-0.30755823659065895
-0.24270000000000003,-0.30755823659065895
-0.24369999999999992,-0.3511313446265021
-0.24470000000000003,-0.30755823659065895
-0.24569999999999992,-0.3511313446265021
-0.24670000000000003,-0.30755823659065895
-0.24769999999999992,-0.3511313446265021
-0.24870000000000003,-0.3511313446265021
-0.24969999999999992,-0.3511313446265021
-0.25070000000000003,-0.3511313446265021
-0.2516999999999999,-0.3511313446265021
-0.25270000000000004,-0.3511313446265021
-0.2536999999999999,-0.3511313446265021
-0.25470000000000004,-0.3511313446265021
-0.2556999999999999,-0.3511313446265021
-0.25670000000000004,-0.3511313446265021
-0.25769999999999993,-0.3511313446265021
-0.25870000000000004,-0.3511313446265021
-0.25969999999999993,-0.3511313446265021
-0.26070000000000004,-0.3511313446265021
-0.26169999999999993,-0.3947044526623452
-0.26270000000000004,-0.3511313446265021
-0.26369999999999993,-0.3947044526623452
-0.26470000000000005,-0.3947044526623452
-0.26569999999999994,-0.3947044526623452
-0.26670000000000005,-0.3947044526623452
-0.26769999999999994,-0.3947044526623452
-0.26870000000000005,-0.3947044526623452
-0.26969999999999994,-0.3947044526623452
-0.27070000000000005,-0.3947044526623452
-0.27169999999999994,-0.3947044526623452
-0.27270000000000005,-0.3947044526623452
-0.27369999999999994,-0.3947044526623452
-0.27470000000000006,-0.3947044526623452
-0.27569999999999995,-0.3947044526623452
-0.27670000000000006,-0.4384190318281749
-0.27769999999999995,-0.3947044526623452
-0.27870000000000006,-0.3947044526623452
-0.27969999999999995,-0.4384190318281749
-0.28070000000000006,-0.4384190318281749
-0.28169999999999995,-0.4384190318281749
-0.28270000000000006,-0.4384190318281749
-0.28369999999999995,-0.4384190318281749
-0.28470000000000006,-0.4384190318281749
-0.28569999999999995,-0.4384190318281749
-0.28670000000000007,-0.4384190318281749
-0.28769999999999996,-0.4384190318281749
-0.28870000000000007,-0.48199213986401795
-0.28969999999999996,-0.48199213986401795
-0.29070000000000007,-0.48199213986401795
-0.29169999999999996,-0.48199213986401795
-0.29270000000000007,-0.48199213986401795
-0.29369999999999996,-0.48199213986401795
-0.2947000000000001,-0.48199213986401795
-0.29569999999999996,-0.48199213986401795
-0.2967000000000001,-0.48199213986401795
-0.29769999999999996,-0.48199213986401795
-0.2987000000000001,-0.48199213986401795
-0.29969999999999997,-0.5255652478998613
-0.3007000000000001,-0.5255652478998613
-0.30169999999999997,-0.5255652478998613
-0.3027000000000001,-0.5255652478998613
-0.30369999999999997,-0.5255652478998613
-0.3047000000000001,-0.5255652478998613
-0.30569999999999997,-0.5255652478998613
-0.3067000000000001,-0.5255652478998613
-0.3077,-0.5255652478998613
-0.3087000000000001,-0.5255652478998613
-0.3097,-0.5255652478998613
-0.3107000000000001,-0.5692798270656908
-0.3117,-0.5692798270656908
-0.3127000000000001,-0.5692798270656908
-0.3137,-0.5692798270656908
-0.3147000000000001,-0.5692798270656908
-0.3157,-0.5692798270656908
-0.3167000000000001,-0.5692798270656908
-0.3177,-0.6128529351015338
-0.3187000000000001,-0.6128529351015338
-0.3197,-0.6128529351015338
-0.3207000000000001,-0.6128529351015338
-0.3217,-0.6128529351015338
-0.3227000000000001,-0.6128529351015338
-0.3237,-0.6128529351015338
-0.3247000000000001,-0.6128529351015338
-0.3257,-0.6128529351015338
-0.3267000000000001,-0.6564260431373771
-0.3277,-0.6128529351015338
-0.3287000000000001,-0.6564260431373771
-0.3297,-0.6564260431373771
-0.3307000000000001,-0.6564260431373771
-0.3317,-0.6564260431373771
-0.3327000000000001,-0.7001406223032067
-0.3337,-0.7001406223032067
-0.3347000000000001,-0.6564260431373771
-0.3357,-0.7001406223032067
-0.3367000000000001,-0.7001406223032067
-0.3377,-0.7001406223032067
-0.3387000000000001,-0.7001406223032067
-0.3397,-0.7001406223032067
-0.3407000000000001,-0.7001406223032067
-0.3417,-0.7437137303390498
-0.3427000000000001,-0.7437137303390498
-0.3437,-0.7437137303390498
-0.3447000000000001,-0.7437137303390498
-0.3457,-0.7437137303390498
-0.3467000000000001,-0.7872868383748929
-0.3477,-0.7437137303390498
-0.3487000000000001,-0.7872868383748929
-0.3497,-0.7872868383748929
-0.3507000000000001,-0.7872868383748929
-0.3517,-0.7872868383748929
-0.3527000000000001,-0.7872868383748929
-0.3537,-0.8308599464107361
-0.3547000000000001,-0.8308599464107361
-0.3557,-0.8308599464107361
-0.35670000000000013,-0.8308599464107361
-0.3577,-0.8308599464107361
-0.35870000000000013,-0.8308599464107361
-0.3597,-0.8745745255765657
-0.36070000000000013,-0.8745745255765657
-0.3617,-0.8745745255765657
-0.3626999999999999,-0.8745745255765657
-0.3637,-0.8745745255765657
-0.3646999999999999,-0.9181476336124089
-0.3657,-0.9181476336124089
-0.3666999999999999,-0.9181476336124089
-0.3677,-0.9181476336124089
-0.3686999999999999,-0.9181476336124089
-0.36970000000000003,-0.9181476336124089
-0.3706999999999999,-0.9617207416482519
-0.37170000000000003,-0.9617207416482519
-0.3726999999999999,-0.9617207416482519
-0.37370000000000003,-0.9617207416482519
-0.3746999999999999,-0.9617207416482519
-0.37570000000000003,-0.9617207416482519
-0.3766999999999999,-1.0054353208140816
-0.37770000000000004,-1.0054353208140816
-0.3786999999999999,-1.0054353208140816
-0.37970000000000004,-1.0054353208140816
-0.3806999999999999,-1.0054353208140816
-0.38170000000000004,-1.0490084288499246
-0.38269999999999993,-1.0490084288499246
-0.38370000000000004,-1.0490084288499246
-0.38469999999999993,-1.0490084288499246
-0.38570000000000004,-1.0490084288499246
-0.38669999999999993,-1.0490084288499246
-0.38770000000000004,-1.0925815368857679
-0.38869999999999993,-1.0925815368857679
-0.38970000000000005,-1.0925815368857679
-0.39069999999999994,-1.0925815368857679
-0.39170000000000005,-1.1362961160515976
-0.39269999999999994,-1.1362961160515976
-0.39370000000000005,-1.1362961160515976
-0.39469999999999994,-1.1362961160515976
-0.39570000000000005,-1.1362961160515976
-0.39669999999999994,-1.1362961160515976
-0.39770000000000005,-1.1362961160515976
-0.39869999999999994,-1.1798692240874404
-0.39970000000000006,-1.1798692240874404
-0.40069999999999995,-1.1798692240874404
-0.40170000000000006,-1.1798692240874404
-0.40269999999999995,-1.1798692240874404
-0.40370000000000006,-1.2234423321232837
-0.40469999999999995,-1.2234423321232837
-0.40570000000000006,-1.2234423321232837
-0.40669999999999995,-1.2234423321232837
-0.40770000000000006,-1.2671569112891135
-0.40869999999999995,-1.2234423321232837
-0.40970000000000006,-1.2671569112891135
-0.41069999999999995,-1.2671569112891135
-0.41170000000000007,-1.3107300193249565
-0.41269999999999996,-1.2671569112891135
-0.41370000000000007,-1.3107300193249565
-0.41469999999999996,-1.3107300193249565
-0.41570000000000007,-1.3107300193249565
-0.41669999999999996,-1.3543031273607997
-0.41770000000000007,-1.3543031273607997
-0.41869999999999996,-1.3543031273607997
-0.4197000000000001,-1.3543031273607997
-0.42069999999999996,-1.3543031273607997
-0.4217000000000001,-1.3543031273607997
-0.42269999999999996,-1.3980177065266295
-0.4237000000000001,-1.3980177065266295
-0.42469999999999997,-1.3980177065266295
-0.4257000000000001,-1.3980177065266295
-0.42669999999999997,-1.4415908145624723
-0.4277000000000001,-1.4415908145624723
-0.42869999999999997,-1.4415908145624723
-0.4297000000000001,-1.4415908145624723
-0.43069999999999997,-1.4415908145624723
-0.4317000000000001,-1.4854468648582886
-0.4327,-1.4854468648582886
-0.4337000000000001,-1.4854468648582886
-0.4347,-1.5293029151541047
-0.4357000000000001,-1.5293029151541047
-0.4367,-1.5293029151541047
-0.4377000000000001,-1.5293029151541047
-0.4387,-1.5293029151541047
-0.4397000000000001,-1.5293029151541047
-0.4407,-1.5717442541500557
-0.4417000000000001,-1.5717442541500557
-0.4427,-1.5717442541500557
-0.4437000000000001,-1.5717442541500557
-0.4447,-1.5717442541500557
-0.4457000000000001,-1.6156003044458718
-0.4467,-1.6156003044458718
-0.4477000000000001,-1.6156003044458718
-0.4487,-1.6156003044458718
-0.4497000000000001,-1.6156003044458718
-0.4507,-1.6594563547416883
-0.4517000000000001,-1.6594563547416883
-0.4527,-1.6594563547416883
-0.4537000000000001,-1.6594563547416883
-0.4547,-1.7033124050375041
-0.4557000000000001,-1.7033124050375041
-0.4567,-1.7033124050375041
-0.4577000000000001,-1.7033124050375041
-0.4587,-1.7471684553333202
-0.4597000000000001,-1.7471684553333202
-0.4607,-1.7471684553333202
-0.4617000000000001,-1.7471684553333202
-0.4627,-1.7910245056291363
-0.4637000000000001,-1.7910245056291363
-0.4647,-1.7910245056291363
-0.4657000000000001,-1.8334658446250875
-0.4667,-1.8334658446250875
-0.4677000000000001,-1.8334658446250875
-0.4687,-1.8334658446250875
-0.4697000000000001,-1.8773218949209036
-0.4707,-1.8773218949209036
-0.4717000000000001,-1.8773218949209036
-0.4727,-1.92117794521672
-0.4737000000000001,-1.92117794521672
-0.4747,-1.92117794521672
-0.4757000000000001,-1.92117794521672
-0.4767,-1.92117794521672
-0.4777000000000001,-1.9650339955125358
-0.4787,-1.9650339955125358
-0.4797000000000001,-1.9650339955125358
-0.4807,-1.9650339955125358
-0.48170000000000013,-2.008890045808352
-0.4827,-2.008890045808352
-0.48370000000000013,-2.008890045808352
-0.4847,-2.052746096104168
-0.48570000000000013,-2.052746096104168
-0.4867,-2.052746096104168
-0.4876999999999999,-2.095187435100119
-0.4887,-2.095187435100119
-0.4896999999999999,-2.095187435100119
-0.4907,-2.095187435100119
-0.4916999999999999,-2.095187435100119
-0.4927,-2.1390434853959355
-0.4936999999999999,-2.1390434853959355
-0.49470000000000003,-2.1390434853959355
-0.4956999999999999,-2.1390434853959355
-0.49670000000000003,-2.1390434853959355
-0.4976999999999999,-2.1390434853959355
-0.49870000000000003,-2.1390434853959355
-0.4996999999999999,-2.1828995356917518
-0.5007,-2.1828995356917518
-0.5016999999999999,-2.1828995356917518
-0.5027,-2.226755585987568
-0.5036999999999999,-2.226755585987568
-0.5047,-2.226755585987568
-0.5056999999999999,-2.2706116362833835
-0.5067,-2.2706116362833835
-0.5076999999999999,-2.2706116362833835
-0.5087,-2.2706116362833835
-0.5096999999999999,-2.2706116362833835
-0.5107,-2.3144676865791998
-0.5116999999999999,-2.3144676865791998
-0.5127,-2.3569090255751513
-0.5136999999999999,-2.3569090255751513
-0.5147,-2.4007650758709675
-0.5156999999999999,-2.4007650758709675
-0.5167,-2.4007650758709675
-0.5176999999999999,-2.4007650758709675
-0.5187,-2.4007650758709675
-0.5196999999999999,-2.4446211261667834
-0.5207,-2.4446211261667834
-0.5216999999999999,-2.4884771764625997
-0.5227,-2.4884771764625997
-0.5236999999999999,-2.4884771764625997
-0.5247,-2.4884771764625997
-0.5257,-2.532333226758415
-0.5267000000000001,-2.532333226758415
-0.5277,-2.576189277054232
-0.5287000000000001,-2.576189277054232
-0.5297,-2.576189277054232
-0.5307000000000001,-2.618630616050183
-0.5317,-2.618630616050183
-0.5327000000000001,-2.662486666345999
-0.5337,-2.662486666345999
-0.5347000000000001,-2.662486666345999
-0.5357,-2.706342716641815
-0.5367000000000001,-2.706342716641815
-0.5377,-2.7501987669376318
-0.5387000000000001,-2.706342716641815
-0.5397,-2.7501987669376318
-0.5407000000000001,-2.7501987669376318
-0.5417,-2.7501987669376318
-0.5427000000000001,-2.7501987669376318
-0.5437,-2.794054817233447
-0.5447000000000001,-2.794054817233447
-0.5457,-2.8379108675292635
-0.5467000000000001,-2.8379108675292635
-0.5477,-2.8379108675292635
-0.5487000000000001,-2.8803522065252145
-0.5497,-2.8803522065252145
-0.5507000000000001,-2.968064307116847
-0.5517,-2.968064307116847
-0.5527000000000001,-2.968064307116847
-0.5537,-3.0119203574126634
-0.5547000000000001,-3.0119203574126634
-0.5557,-3.0119203574126634
-0.5567000000000001,-3.0119203574126634
-0.5577,-3.055776407708479
-0.5587000000000001,-3.055776407708479
-0.5597,-3.0996324580042955
-0.5607000000000001,-3.0996324580042955
-0.5617,-3.1420737970002466
-0.5627000000000001,-3.1420737970002466
-0.5637,-3.1859298472960624
-0.5647000000000001,-3.1859298472960624
-0.5657,-3.1859298472960624
-0.5667000000000001,-3.1859298472960624
-0.5677,-3.1859298472960624
-0.5687000000000001,-3.273641947887695
-0.5697,-3.273641947887695
-0.5707000000000001,-3.273641947887695
-0.5717,-3.317497998183511
-0.5727000000000001,-3.317497998183511
-0.5737,-3.361354048479327
-0.5747000000000001,-3.361354048479327
-0.5757,-3.403795387475278
-0.5767000000000001,-3.403795387475278
-0.5777,-3.447651437771094
-0.5787000000000001,-3.4915074880669104
-0.5797,-3.4915074880669104
-0.5807000000000001,-3.4915074880669104
-0.5817,-3.5353635383627267
-0.5827000000000001,-3.5353635383627267
-0.5837,-3.579219588658543
-0.5847000000000001,-3.579219588658543
-0.5857,-3.623075638954359
-0.5867000000000001,-3.623075638954359
-0.5877,-3.623075638954359
-0.5887000000000001,-3.6655169779503103
-0.5897,-3.6655169779503103
-0.5907000000000001,-3.7093730282461257
-0.5917,-3.7093730282461257
-0.5927000000000001,-3.7093730282461257
-0.5937,-3.7532290785419424
-0.5947000000000001,-3.7532290785419424
-0.5957,-3.7970851288377587
-0.5967000000000001,-3.840941179133574
-0.5977,-3.884797229429391
-0.5987000000000001,-3.927238568425342
-0.5997,-3.971094618721158
-0.6007000000000001,-3.971094618721158
-0.6017,-3.971094618721158
-0.6027000000000001,-4.0588067193127895
-0.6037,-4.0588067193127895
-0.6047000000000001,-4.102662769608606
-0.6057,-4.102662769608606
-0.6067000000000001,-4.146518819904423
-0.6077,-4.1889601589003735
-0.6087000000000001,-4.1889601589003735
-0.6097,-4.23281620919619
-0.6107000000000001,-4.23281620919619
-0.6117,-4.23281620919619
-0.6126999999999999,-4.23281620919619
-0.6137,-4.276672259492005
-0.6146999999999999,-4.276672259492005
-0.6157,-4.3205283097878215
-0.6166999999999999,-4.364384360083638
-0.6177,-4.406825699079589
-0.6186999999999999,-4.406825699079589
-0.6197,-4.450681749375406
-0.6206999999999999,-4.538393849967037
-0.6217,-4.538393849967037
-0.6226999999999999,-4.626105950558669
-0.6237,-4.668547289554621
-0.6246999999999999,-4.712403339850438
-0.6257,-4.756259390146253
-0.6266999999999999,-4.800115440442069
-0.6277,-4.843971490737885
-0.6286999999999999,-4.843971490737885
-0.6297,-4.800115440442069
-0.6306999999999999,-4.887827541033701
-0.6317,-4.887827541033701
-0.6326999999999999,-4.9302688800296535
-0.6337,-4.974124930325469
-0.6346999999999999,-4.974124930325469
-0.6357,-5.0618370309171015
-0.6366999999999999,-5.105693081212917
-0.6377,-5.149549131508733
-0.6386999999999999,-5.235846520800501
-0.6397,-5.279702571096316
-0.6406999999999999,-5.323558621392133
-0.6417,-5.411270721983764
-0.6426999999999999,-5.453712060979717
-0.6437,-5.497568111275533
-0.6446999999999999,-5.585280211867165
-0.6457,-5.672992312458796
-0.6466999999999999,-5.629136262162981
-0.6477,-5.629136262162981
-0.6486999999999999,-5.672992312458796
-0.6497,-5.759289701750564
-0.6507,-5.759289701750564
-0.6517000000000001,-5.847001802342197
-0.6527,-5.9347139029338285
-0.6537000000000001,-5.977155241929781
-0.6547,-6.064867342521412
-0.6557000000000001,-6.152579443113044
-0.6567,-6.238876832404812
-0.6577000000000001,-6.282732882700628
-0.6587,-6.282732882700628
-0.6597000000000001,-6.326588932996443
-0.6607,-6.414301033588076
-0.6617000000000001,-6.500598422879844
-0.6627,-6.54445447317566
-0.6637000000000001,-6.588310523471475
-0.6647,-6.6760226240631075
-0.6657000000000001,-6.762320013354876
-0.6667,-6.806176063650692
-0.6677000000000001,-6.93774421453814
-0.6687,-6.981600264833956
-0.6697000000000001,-7.067897654125724
-0.6707,-7.067897654125724
-0.6717000000000001,-7.155609754717355
-0.6727,-7.243321855308987
-0.6737000000000001,-7.329619244600755
-0.6747,-7.4173313451923875
-0.6757000000000001,-7.50504344578402
-0.6767,-7.591340835075788
-0.6777000000000001,-7.679052935667419
-0.6787,-7.853062425550818
-0.6797000000000001,-7.984630576438266
-0.6807,-8.027071915434218
-0.6817000000000001,-8.027071915434218
-0.6827,-8.158640066321666
-0.6837000000000001,-8.288793505909249
-0.6847,-8.376505606500881
-0.6857000000000001,-8.508073757388331
-0.6867,-8.594371146680096
-0.6877000000000001,-8.725939297567548
-0.6887,-8.85609273715513
-0.6897000000000001,-8.899948787450944
-0.6907,-8.987660888042578
-0.6917000000000001,-9.161670377925978
-0.6927,-9.24938247851761
-0.6937000000000001,-9.423391968401008
-0.6947,-9.59740145828441
-0.6957000000000001,-9.728969609171857
-0.6967,-9.902979099055257
-0.6977000000000001,-10.034547249942705
-0.6987,-9.99069119964689
-0.6997000000000001,-10.120844639234473
-0.7007,-10.340124890713554
-0.7017000000000001,-10.514134380596953
-0.7027,-10.731999920776168
-0.7037000000000001,-10.863568071663616
-0.7047,-11.081433611842833
-0.7057000000000001,-11.081433611842833
-0.7067,-11.211587051430415
-0.7077000000000001,-11.473308641905447
-0.7087,-11.691174182084664
-0.7097000000000001,-11.909039722263879
-0.7107,-12.170761312738911
-0.7117000000000001,-12.302329463626359
-0.7127,-12.346185513922174
-0.7137000000000001,-12.432482903213943
-0.7147,-12.56405105410139
-0.7157000000000001,-12.825772644576423
-0.7167,-13.087494235051453
-0.7177000000000001,-13.3930718758223
-0.7187,-13.610937416001518
-0.7197000000000001,-13.523225315409885
-0.7207,-13.741090855589102
-0.7217000000000001,-14.002812446064135
-0.7227,-14.26028990263957
-0.7237000000000001,-14.529085049613924
-0.7247,-14.783733083589633
-0.7257000000000001,-14.925204213576137
-0.7267,-15.137410908555893
-0.7277000000000001,-15.349617603535648
-0.7287,-15.575971411514052
-0.7297000000000001,-15.91550212348166
-0.7307,-16.311621287443874
-0.7317000000000001,-16.269179948447924
-0.7327,-16.438945304431726
-0.7337000000000001,-16.792623129397985
-0.7347,-17.103859615368293
-0.7357000000000001,-17.542420118326454
-0.7367,-17.71218547431026
-0.7376999999999999,-18.009274847281915
-0.7387,-18.23562865526032
-0.7396999999999999,-18.44783535024008
-0.7407,-18.80151317520634
-0.7416999999999999,-19.01371987018609
-0.7427,-19.3249563561564
-0.7436999999999999,-19.678634181122664
-0.7447,-20.159636023076775
-0.7456999999999999,-20.499166735044383
-0.7467,-20.626490752032236
-0.7476999999999999,-20.85284456001064
-0.7487,-21.2065223849769
-0.7496999999999999,-21.63093577493641
-0.7507,-22.027054938898623
-0.7516999999999999,-22.42317410286083
-0.7527,-22.776851927827092
-0.7536999999999999,-23.24370665678255
-0.7547,-23.385177786769056
-0.7556999999999999,-23.823738289727217
-0.7567,-24.120827662698876
-0.7576999999999999,-24.64427084364894
-0.7587,-25.0828313466071
-0.7596999999999999,-25.43650917157336
-0.7607,-25.73359854454502
-0.7616999999999999,-26.38436574248293
-0.7627,-26.738043567449193
-0.7636999999999999,-27.00683871442355
-0.7647,-27.34636942639116
-0.7656999999999999,-28.05372507632368
-0.7667,-28.478138466283188
-0.7676999999999999,-28.789374952253496
-0.7687,-29.27037679420761
-0.7696999999999999,-29.836261314153624
-0.7707,-30.232380478115836
-0.7716999999999999,-30.670940981073993
-0.7727,-31.27926684001596
-0.7736999999999999,-31.887592698957924
-0.7747,-32.14224073293363
-0.7757,-32.764713704874254
-0.7767000000000001,-33.14668575583781
-0.7777,-33.58524625879597
-0.7787000000000001,-34.33504324772444
-0.7797,-34.98581044566235
-0.7807000000000001,-35.32534115762997
-0.7817,-35.90537279057463
-0.7827000000000001,-36.4288159715247
-0.7837,-37.122024508458566
-0.7847000000000001,-37.51814367242077
-0.7857,-38.38111756533845
-0.7867000000000001,-38.86211940729255
-0.7877,-39.42800392723857
-0.7887000000000001,-40.26268359415894
-0.7897,-40.65880275812115
-0.7907000000000001,-41.30956995605907
-0.7917,-42.087661170984845
-0.7927000000000001,-42.526221673943
-0.7937,-43.53066669684718
-0.7947000000000001,-44.138992555789144
-0.7957,-44.66243573673921
-0.7967000000000001,-45.53955674265553
-0.7977,-46.2327652795894
-0.7987000000000001,-46.88353247752732
-0.7997,-47.71821214444768
-0.8007000000000001,-48.1992139864018
-0.8017,-48.89242252333566
-0.8027000000000001,-49.939308885235796
-0.8037,-50.60422319617236
-0.8047000000000001,-51.509638428085985
-0.8057,-52.42920077299826
-0.8067000000000001,-53.03752663194023
-0.8077,-53.74488228187274
-0.8087000000000001,-54.480532157802564
-0.8097,-55.400094502714836
-0.8107000000000001,-56.30550973462846
-0.8117,-56.88554136757313
-0.8127000000000001,-58.14463442445301
-0.8137,-59.14907944735718
-0.8147000000000001,-59.54519861131939
-0.8157,-60.67696765121143
-0.8167000000000001,-61.53994154412909
-0.8177,-62.58682790602922
-0.8187000000000001,-63.5063902509415
-0.8197,-64.02983343189156
-0.8207000000000001,-65.43039761875795
-0.8217,-66.51972531965401
-0.8227000000000001,-67.08560983960004
-0.8237,-68.25982021848802
-0.8247000000000001,-69.30670658038814
-0.8257,-70.31115160329232
-0.8267000000000001,-71.0043601402262
-0.8277,-72.19271763211282
-0.8287000000000001,-73.2820453330089
-0.8297,-74.20160767792116
-0.8307000000000001,-75.1070229098348
-0.8317,-76.23879194972683
-0.8327000000000001,-77.28567831162695
-0.8337,-78.38915312552167
-0.8347000000000001,-79.37945103542721
-0.8357,-80.34145471933543
-0.8367000000000001,-81.61469488921396
-0.8377,-82.746463929106
-0.8387000000000001,-83.43967246603985
-0.8397,-84.61388284492786
-0.8407000000000001,-85.66076920682796
-0.8417,-87.01889205469841
-0.8427000000000001,-88.27798511157829
-0.8437,-89.15510611749461
-0.8447000000000001,-90.59811164335694
-0.8457,-91.46108553627462
-0.8467000000000001,-92.3806478811869
-0.8477,-93.69632939006138
-0.8487000000000001,-94.7432157519615
-0.8497,-96.12963282582925
-0.8507000000000001,-97.09163650973747
-0.8517,-98.26584688862545
-0.8527000000000001,-99.45420438051207
-0.8537,-100.5010907424122
-0.8547000000000001,-101.76018379929208
-0.8557,-102.4958336752219
-0.8567000000000001,-103.76907384510045
-0.8577,-105.07060824097626
-0.8587000000000001,-106.2589657328629
-0.8597,-107.51805878974278
-0.8607000000000001,-108.69226916863077
-0.8617,-109.8240382085228
-0.8626999999999999,-111.01239570040943
-0.8637,-112.22904741829338
-0.8646999999999999,-113.31837511918944
-0.8657,-114.4925854980774
-0.8666999999999999,-115.8931496849438
-0.8677,-116.81271202985609
-0.8686999999999999,-118.1991291037238
-0.8697,-119.3450452566145
-0.8706999999999999,-120.9153747994647
-0.8717,-121.90567270937021
-0.8726999999999999,-123.26379555724066
-0.8737,-124.57947706611512
-0.8746999999999999,-125.92345280098691
-0.8757,-127.32401698785328
-0.8766999999999999,-128.28602067176152
-0.8777,-130.1534395875834
-0.8786999999999999,-131.37009130546733
-0.8797,-132.9404208483175
-0.8806999999999999,-134.17121967920008
-0.8817,-135.91131457803408
-0.8826999999999999,-137.12796629591801
-0.8837,-138.48608914378846
-0.8846999999999999,-139.61785818368048
-0.8857,-140.89109835355902
-0.8866999999999999,-141.89554337646317
-0.8857,-141.14574638753473
-0.8846999999999999,-140.53742052859275
-0.8837,-139.80177065266292
-0.8826999999999999,-139.05197366373446
-0.8817,-137.9626459628384
-0.8806999999999999,-137.3543201038964
-0.8797,-135.99619725602597
-0.8786999999999999,-135.34543005808808
-0.8777,-134.256102357192
-0.8766999999999999,-133.3365400122797
-0.8757,-132.2896536503796
-0.8746999999999999,-131.76621046942952
-0.8737,-130.98811925450374
-0.8726999999999999,-130.1534395875834
-0.8717,-129.27631858166706
-0.8706999999999999,-128.32846201075745
-0.8697,-127.57866502182902
-0.8686999999999999,-126.5317786599289
-0.8677,-125.7536874450031
-0.8666999999999999,-124.62191840511109
-0.8657,-123.65991472120285
-0.8646999999999999,-122.95255907127036
-0.8637,-121.86323137037427
-0.8626999999999999,-121.00025747745659
-0.8617,-120.25046048852812
-0.8607000000000001,-119.81189998556997
-0.8597,-118.42548291170223
-0.8587000000000001,-117.42103788879804
-0.8577,-115.97803236293572
-0.8567000000000001,-114.88870466203963
-0.8557,-114.23793746410173
-0.8547000000000001,-112.96469729422319
-0.8537,-112.14416474030146
-0.8527000000000001,-111.09727837840134
-0.8517,-110.48895251945936
-0.8507000000000001,-109.4845074965552
-0.8497,-108.2537086656726
-0.8487000000000001,-107.64538280673065
-0.8477,-106.64093778382647
-0.8467000000000001,-105.69308121291688
-0.8457,-104.94328422398843
-0.8447000000000001,-103.98128054008019
-0.8437,-102.93439417818009
-0.8427000000000001,-102.02897894626645
-0.8417,-101.3640646353299
-0.8407000000000001,-100.670856098396
-0.8397,-99.75129375348374
-0.8387000000000001,-99.14296789454177
-0.8377,-97.96875751565379
-0.8367000000000001,-97.00675383174556
-0.8357,-96.3984279728036
-0.8347000000000001,-95.39398294989942
-0.8337,-94.38953792699526
-0.8327000000000001,-93.42753424308701
-0.8317,-92.33820654219093
-0.8307000000000001,-91.64499800525708
-0.8297,-90.89520101632861
-0.8287000000000001,-90.20199247939475
-0.8277,-89.23998879548651
-0.8267000000000001,-88.6741042755405
-0.8257,-88.02333707760259
-0.8247000000000001,-87.37256987966467
-0.8237,-86.09932970978613
-0.8227000000000001,-85.32123849486035
-0.8217,-84.7129126359184
-0.8207000000000001,-83.75090895201016
-0.8197,-83.0011119630817
-0.8187000000000001,-82.30790342614785
-0.8177,-81.3458997422396
-0.8167000000000001,-80.34145471933543
-0.8157,-79.56336350440966
-0.8147000000000001,-78.64380115949739
-0.8137,-77.95059262256353
-0.8127000000000001,-77.20079563363505
-0.8117,-76.46514575770523
-0.8107000000000001,-75.85681989876326
-0.8097,-74.97969889284694
-0.8087000000000001,-74.24404901691713
-0.8077,-73.89037119195086
-0.8067000000000001,-72.8859261690467
-0.8057,-72.05124650212633
-0.8047000000000001,-71.44292064318435
-0.8037,-70.43847562028017
-0.8027000000000001,-69.61794306635846
-0.8017,-68.96717586842054
-0.8007000000000001,-68.38714423547587
-0.7997,-67.52417034255821
-0.7987000000000001,-66.77437335362974
-0.7977,-65.86895812171612
-0.7967000000000001,-64.94939577680383
-0.7957,-64.46839393484973
-0.7947000000000001,-63.860068075907755
-0.7937,-63.02538840898739
-0.7927000000000001,-62.501945228037314
-0.7917,-61.80873669110345
-0.7907000000000001,-60.80429166819927
-0.7897,-60.15352447026136
-0.7887000000000001,-59.67252262830725
-0.7877,-58.97931409137338
-0.7867000000000001,-58.35684111943277
-0.7857,-57.66363258249889
-0.7847000000000001,-57.012865384560975
-0.7837,-55.9235376836649
-0.7827000000000001,-55.357653163718886
-0.7817,-54.69273885278232
-0.7807000000000001,-54.0419716548444
-0.7797,-53.518528473894335
-0.7787000000000001,-52.95264395394832
-0.7777,-52.11796428702795
-0.7767000000000001,-51.38231441109813
-0.7757,-50.77398855215617
-0.7747,-50.29298671020206
-0.7736999999999999,-49.33098302629383
-0.7727,-48.80753984534376
-0.7716999999999999,-48.24165532539775
-0.7707,-47.80309482243959
-0.7696999999999999,-47.067444946509774
-0.7687,-46.2327652795894
-0.7676999999999999,-45.79420477663124
-0.7667,-45.27076159568118
-0.7656999999999999,-44.535111719751356
-0.7647,-44.054109877797245
-0.7636999999999999,-43.36090134086337
-0.7627,-42.71013414292546
-0.7616999999999999,-42.04521983198889
-0.7607,-41.52177665103883
-0.7596999999999999,-41.04077480908471
-0.7587,-40.51733162813464
-0.7576999999999999,-39.78168175220483
-0.7567,-39.258238571254765
-0.7556999999999999,-38.81967806829661
-0.7547,-38.253793548350586
-0.7536999999999999,-37.60302635041268
-0.7527,-37.07958316946261
-0.7516999999999999,-36.64102266650445
-0.7507,-36.244903502542236
-0.7496999999999999,-35.594136304604326
-0.7487,-34.94336910666641
-0.7476999999999999,-34.58969128170015
-0.7467,-34.193572117737936
-0.7456999999999999,-33.670128936787876
-0.7447,-33.10424441684186
-0.7436999999999999,-32.66568391388369
-0.7427,-32.14224073293363
-0.7416999999999999,-31.618797551983565
-0.7407,-30.968030354045652
-0.7396999999999999,-30.614352529079397
-0.7387,-30.232380478115836
-0.7376999999999999,-29.836261314153624
-0.7367,-29.31281813320356
-0.7357000000000001,-28.831816291249446
-0.7347,-28.308373110299385
-0.7337000000000001,-28.09616641531963
-0.7327,-27.615164573365515
-0.7317000000000001,-27.134162731411404
-0.7307,-26.65316088945729
-0.7297000000000001,-26.34192440348698
-0.7287,-25.91751101352747
-0.7277000000000001,-25.563833188561212
-0.7267,-25.252596702590903
-0.7257000000000001,-24.729153521640843
-0.7247,-24.290593018682678
-0.7237000000000001,-23.951062306715073
-0.7227,-23.639825820744765
-0.7217000000000001,-23.300295108777156
-0.7207,-22.904175944814945
-0.7197000000000001,-22.508056780852733
-0.7187,-22.15437895588647
-0.7177000000000001,-21.857289582914817
-0.7167,-21.503611757948562
-0.7157000000000001,-21.149933932982297
-0.7147,-20.810403221014692
-0.7137000000000001,-20.371842718056527
-0.7127,-20.06060623208622
-0.7117000000000001,-19.721075520118614
-0.7107,-19.367397695152352
-0.7097000000000001,-19.197632339168546
-0.7087,-18.88639585319824
-0.7077000000000001,-18.631747819222536
-0.7067,-18.27806999425627
-0.7057000000000001,-17.924392169290012
-0.7047,-17.627302796318357
-0.7037000000000001,-17.358507649344002
-0.7027,-17.103859615368293
-0.7017000000000001,-16.877505807389888
-0.7007,-16.438945304431726
-0.6997000000000001,-16.141855931460068
-0.6987,-15.91550212348166
-0.6977000000000001,-15.70329542850191
-0.6967,-15.491088733522153
-0.6957000000000001,-15.222293586547794
-0.6947,-15.01008689156804
-0.6937000000000001,-14.741291744593681
-0.6927,-14.345172580631472
-0.6917000000000001,-14.13438059695158
-0.6907,-13.916515056772363
-0.6897000000000001,-13.654793466297335
-0.6887,-13.436927926118118
-0.6877000000000001,-13.217647674639037
-0.6867,-12.955926084164007
-0.6857000000000001,-12.781916594280606
-0.6847,-12.607907104397206
-0.6837000000000001,-12.302329463626359
-0.6827,-12.12831997374296
-0.6817000000000001,-11.86659838326793
-0.6807,-11.73503023238048
-0.6797000000000001,-11.473308641905447
-0.6787,-11.343155202317865
-0.6777000000000001,-11.1677310011346
-0.6767,-10.993721511251199
-0.6757000000000001,-10.644287820184536
-0.6747,-10.42642228000532
-0.6737000000000001,-10.25241279012192
-0.6727,-10.078403300238522
-0.6717000000000001,-9.902979099055257
-0.6707,-9.772825659467674
-0.6697000000000001,-9.59740145828441
-0.6687,-9.423391968401008
-0.6677000000000001,-9.293238528813426
-0.6667,-9.073958277334345
-0.6657000000000001,-8.899948787450944
-0.6647,-8.769795347863363
-0.6637000000000001,-8.638227196975913
-0.6627,-8.464217707092514
-0.6617000000000001,-8.332649556205066
-0.6607,-8.202496116617484
-0.6597000000000001,-8.027071915434218
-0.6587,-7.896918475846635
-0.6577000000000001,-7.7653503249591855
-0.6567,-7.679052935667419
-0.6557000000000001,-7.50504344578402
-0.6547,-7.37347529489657
-0.6537000000000001,-7.199465805013171
-0.6527,-7.024041603829907
-0.6517000000000001,-6.893888164242324
-0.6507,-6.806176063650692
-0.6497,-6.6760226240631075
-0.6486999999999999,-6.588310523471475
-0.6477,-6.500598422879844
-0.6466999999999999,-6.37044498329226
-0.6457,-6.282732882700628
-0.6446999999999999,-6.152579443113044
-0.6437,-6.064867342521412
-0.6426999999999999,-5.9347139029338285
-0.6417,-5.847001802342197
-0.6406999999999999,-5.759289701750564
-0.6397,-5.629136262162981
-0.6386999999999999,-5.5414241615713475
-0.6377,-5.411270721983764
-0.6366999999999999,-5.323558621392133
-0.6357,-5.235846520800501
-0.6346999999999999,-5.105693081212917
-0.6337,-5.017980980621284
-0.6326999999999999,-4.974124930325469
-0.6317,-4.887827541033701
-0.6306999999999999,-4.800115440442069
-0.6297,-4.712403339850438
-0.6286999999999999,-4.626105950558669
-0.6277,-4.538393849967037
-0.6266999999999999,-4.494537799671222
-0.6257,-4.406825699079589
-0.6246999999999999,-4.3205283097878215
-0.6237,-4.23281620919619
-0.6226999999999999,-4.1889601589003735
-0.6217,-4.146518819904423
-0.6206999999999999,-4.0588067193127895
-0.6197,-3.971094618721158
-0.6186999999999999,-3.884797229429391
-0.6177,-3.840941179133574
-0.6166999999999999,-3.7532290785419424
-0.6157,-3.7093730282461257
-0.6146999999999999,-3.623075638954359
-0.6137,-3.5353635383627267
-0.6126999999999999,-3.4915074880669104
-0.6117,-3.447651437771094
-0.6107000000000001,-3.403795387475278
-0.6097,-3.361354048479327
-0.6087000000000001,-3.273641947887695
-0.6077,-3.2297858975918787
-0.6067000000000001,-3.1859298472960624
-0.6057,-3.1420737970002466
-0.6047000000000001,-3.055776407708479
-0.6037,-3.055776407708479
-0.6027000000000001,-3.0119203574126634
-0.6017,-2.924208256821031
-0.6007000000000001,-2.8803522065252145
-0.5997,-2.8379108675292635
-0.5987000000000001,-2.794054817233447
-0.5977,-2.794054817233447
-0.5967000000000001,-2.706342716641815
-0.5957,-2.706342716641815
-0.5947000000000001,-2.662486666345999
-0.5937,-2.618630616050183
-0.5927000000000001,-2.532333226758415
-0.5917,-2.532333226758415
-0.5907000000000001,-2.4884771764625997
-0.5897,-2.4446211261667834
-0.5887000000000001,-2.4007650758709675
-0.5877,-2.3569090255751513
-0.5867000000000001,-2.3569090255751513
-0.5857,-2.3144676865791998
-0.5847000000000001,-2.2706116362833835
-0.5837,-2.2706116362833835
-0.5827000000000001,-2.226755585987568
-0.5817,-2.1828995356917518
-0.5807000000000001,-2.1390434853959355
-0.5797,-2.1390434853959355
-0.5787000000000001,-2.095187435100119
-0.5777,-2.052746096104168
-0.5767000000000001,-2.052746096104168
-0.5757,-2.008890045808352
-0.5747000000000001,-2.008890045808352
-0.5737,-1.9650339955125358
-0.5727000000000001,-1.92117794521672
-0.5717,-1.92117794521672
-0.5707000000000001,-1.8773218949209036
-0.5697,-1.8773218949209036
-0.5687000000000001,-1.8334658446250875
-0.5677,-1.8334658446250875
-0.5667000000000001,-1.7910245056291363
-0.5657,-1.7471684553333202
-0.5647000000000001,-1.7471684553333202
-0.5637,-1.7033124050375041
-0.5627000000000001,-1.7033124050375041
-0.5617,-1.6594563547416883
-0.5607000000000001,-1.6156003044458718
-0.5597,-1.6156003044458718
-0.5587000000000001,-1.6156003044458718
-0.5577,-1.6156003044458718
-0.5567000000000001,-1.5717442541500557
-0.5557,-1.5293029151541047
-0.5547000000000001,-1.5293029151541047
-0.5537,-1.5293029151541047
-0.5527000000000001,-1.4854468648582886
-0.5517,-1.4854468648582886
-0.5507000000000001,-1.4415908145624723
-0.5497,-1.4415908145624723
-0.5487000000000001,-1.4415908145624723
-0.5477,-1.3980177065266295
-0.5467000000000001,-1.3980177065266295
-0.5457,-1.3543031273607997
-0.5447000000000001,-1.3543031273607997
-0.5437,-1.3107300193249565
-0.5427000000000001,-1.3107300193249565
-0.5417,-1.3107300193249565
-0.5407000000000001,-1.2671569112891135
-0.5397,-1.2671569112891135
-0.5387000000000001,-1.2671569112891135
-0.5377,-1.2671569112891135
-0.5367000000000001,-1.2234423321232837
-0.5357,-1.2234423321232837
-0.5347000000000001,-1.1798692240874404
-0.5337,-1.1798692240874404
-0.5327000000000001,-1.1798692240874404
-0.5317,-1.1798692240874404
-0.5307000000000001,-1.1362961160515976
-0.5297,-1.1362961160515976
-0.5287000000000001,-1.1362961160515976
-0.5277,-1.1362961160515976
-0.5267000000000001,-1.0925815368857679
-0.5257,-1.0925815368857679
-0.5247,-1.0925815368857679
-0.5236999999999999,-1.0490084288499246
-0.5227,-1.0490084288499246
-0.5216999999999999,-1.0490084288499246
-0.5207,-1.0490084288499246
-0.5196999999999999,-1.0054353208140816
-0.5187,-1.0054353208140816
-0.5176999999999999,-1.0054353208140816
-0.5167,-0.9617207416482519
-0.5156999999999999,-1.0054353208140816
-0.5147,-0.9617207416482519
-0.5136999999999999,-0.9617207416482519
-0.5127,-0.9181476336124089
-0.5116999999999999,-0.9181476336124089
-0.5107,-0.9181476336124089
-0.5096999999999999,-0.9181476336124089
-0.5087,-0.9181476336124089
-0.5076999999999999,-0.8745745255765657
-0.5067,-0.8745745255765657
-0.5056999999999999,-0.8745745255765657
-0.5047,-0.8745745255765657
-0.5036999999999999,-0.8308599464107361
-0.5027,-0.8308599464107361
-0.5016999999999999,-0.8308599464107361
-0.5007,-0.8308599464107361
-0.4996999999999999,-0.8308599464107361
-0.49870000000000003,-0.7872868383748929
-0.4976999999999999,-0.7872868383748929
-0.49670000000000003,-0.7872868383748929
-0.4956999999999999,-0.7872868383748929
-0.49470000000000003,-0.7872868383748929
-0.4936999999999999,-0.7437137303390498
-0.4927,-0.7437137303390498
-0.4916999999999999,-0.7437137303390498
-0.4907,-0.7437137303390498
-0.4896999999999999,-0.7001406223032067
-0.4887,-0.7001406223032067
-0.4876999999999999,-0.7001406223032067
-0.4867,-0.7001406223032067
-0.48570000000000013,-0.6564260431373771
-0.4847,-0.7001406223032067
-0.48370000000000013,-0.6564260431373771
-0.4827,-0.6564260431373771
-0.48170000000000013,-0.6564260431373771
-0.4807,-0.6564260431373771
-0.4797000000000001,-0.6128529351015338
-0.4787,-0.6564260431373771
-0.4777000000000001,-0.6128529351015338
-0.4767,-0.6128529351015338
-0.4757000000000001,-0.6128529351015338
-0.4747,-0.6128529351015338
-0.4737000000000001,-0.5692798270656908
-0.4727,-0.5692798270656908
-0.4717000000000001,-0.5692798270656908
-0.4707,-0.5692798270656908
-0.4697000000000001,-0.5692798270656908
-0.4687,-0.5255652478998613
-0.4677000000000001,-0.5255652478998613
-0.4667,-0.5255652478998613
-0.4657000000000001,-0.5255652478998613
-0.4647,-0.5255652478998613
-0.4637000000000001,-0.5255652478998613
-0.4627,-0.48199213986401795
-0.4617000000000001,-0.48199213986401795
-0.4607,-0.48199213986401795
-0.4597000000000001,-0.48199213986401795
-0.4587,-0.48199213986401795
-0.4577000000000001,-0.48199213986401795
-0.4567,-0.48199213986401795
-0.4557000000000001,-0.4384190318281749
-0.4547,-0.4384190318281749
-0.4537000000000001,-0.4384190318281749
-0.4527,-0.4384190318281749
-0.4517000000000001,-0.4384190318281749
-0.4507,-0.4384190318281749
-0.4497000000000001,-0.4384190318281749
-0.4487,-0.3947044526623452
-0.4477000000000001,-0.3947044526623452
-0.4467,-0.3947044526623452
-0.4457000000000001,-0.3947044526623452
-0.4447,-0.3511313446265021
-0.4437000000000001,-0.3947044526623452
-0.4427,-0.3947044526623452
-0.4417000000000001,-0.3511313446265021
-0.4407,-0.3511313446265021
-0.4397000000000001,-0.3511313446265021
-0.4387,-0.3511313446265021
-0.4377000000000001,-0.3511313446265021
-0.4367,-0.3511313446265021
-0.4357000000000001,-0.30755823659065895
-0.4347,-0.3511313446265021
-0.4337000000000001,-0.30755823659065895
-0.4327,-0.30755823659065895
-0.4317000000000001,-0.30755823659065895
-0.43069999999999997,-0.30755823659065895
-0.4297000000000001,-0.30755823659065895
-0.42869999999999997,-0.30755823659065895
-0.4277000000000001,-0.30755823659065895
-0.42669999999999997,-0.26384365742482935
-0.4257000000000001,-0.30755823659065895
-0.42469999999999997,-0.26384365742482935
-0.4237000000000001,-0.26384365742482935
-0.42269999999999996,-0.26384365742482935
-0.4217000000000001,-0.26384365742482935
-0.42069999999999996,-0.26384365742482935
-0.4197000000000001,-0.2202705493889862
-0.41869999999999996,-0.2202705493889862
-0.41770000000000007,-0.2202705493889862
-0.41669999999999996,-0.2202705493889862
-0.41570000000000007,-0.2202705493889862
-0.41469999999999996,-0.2202705493889862
-0.41370000000000007,-0.2202705493889862
-0.41269999999999996,-0.2202705493889862
-0.41170000000000007,-0.1766974413531431
-0.41069999999999995,-0.1766974413531431
-0.40970000000000006,-0.1766974413531431
-0.40869999999999995,-0.1766974413531431
-0.40770000000000006,-0.1766974413531431
-0.40669999999999995,-0.1766974413531431
-0.40570000000000006,-0.1766974413531431
-0.40469999999999995,-0.1766974413531431
-0.40370000000000006,-0.1766974413531431
-0.40269999999999995,-0.1766974413531431
-0.40170000000000006,-0.1766974413531431
-0.40069999999999995,-0.1766974413531431
-0.39970000000000006,-0.1330535977523067
-0.39869999999999994,-0.1766974413531431
-0.39770000000000005,-0.1330535977523067
-0.39669999999999994,-0.1330535977523067
-0.39570000000000005,-0.1330535977523067
-0.39469999999999994,-0.1330535977523067
-0.39370000000000005,-0.1330535977523067
-0.39269999999999994,-0.1330535977523067
-0.39170000000000005,-0.1330535977523067
-0.39069999999999994,-0.1330535977523067
-0.38970000000000005,-0.08943804837746762
-0.38869999999999993,-0.08943804837746762
-0.38770000000000004,-0.1330535977523067
-0.38669999999999993,-0.08943804837746762
-0.38570000000000004,-0.08943804837746762
-0.38469999999999993,-0.08943804837746762
-0.38370000000000004,-0.08943804837746762
-0.38269999999999993,-0.08943804837746762
-0.38170000000000004,-0.08943804837746762
-0.3806999999999999,-0.08943804837746762
-0.37970000000000004,-0.08943804837746762
-0.3786999999999999,-0.08943804837746762
-0.37770000000000004,-0.04582249900262853
-0.3766999999999999,-0.08943804837746762
-0.37570000000000003,-0.04582249900262853
-0.3746999999999999,-0.04582249900262853
-0.37370000000000003,-0.04582249900262853
-0.3726999999999999,-0.04582249900262853
-0.37170000000000003,-0.04582249900262853
-0.3706999999999999,-0.04582249900262853
-0.36970000000000003,-0.04582249900262853
-0.3686999999999999,-0.04582249900262853
-0.3677,-0.04582249900262853
-0.3666999999999999,-0.04582249900262853
-0.3657,-0.04582249900262853
-0.3646999999999999,-0.04582249900262853
-0.3637,-0.04582249900262853
-0.3626999999999999,-0.002205534916489592
-0.3617,-0.002205534916489592
-0.36070000000000013,-0.002205534916489592
-0.3597,-0.002205534916489592
-0.35870000000000013,-0.002205534916489592
-0.3577,-0.002205534916489592
-0.35670000000000013,-0.002205534916489592
-0.3557,-0.002205534916489592
-0.3547000000000001,-0.002205534916489592
-0.3537,-0.002205534916489592
-0.3527000000000001,-0.002205534916489592
-0.3517,-0.002205534916489592
-0.3507000000000001,-0.002205534916489592
-0.3497,-0.002205534916489592
-0.3487000000000001,-0.002205534916489592
-0.3477,0.04140859974704963
-0.3467000000000001,0.04140859974704963
-0.3457,-0.002205534916489592
-0.3447000000000001,0.04140859974704963
-0.3437,0.04140859974704963
-0.3427000000000001,0.04140859974704963
-0.3417,0.04140859974704963
-0.3407000000000001,0.04140859974704963
-0.3397,0.04140859974704963
-0.3387000000000001,0.04140859974704963
-0.3377,0.04140859974704963
-0.3367000000000001,0.04140859974704963
-0.3357,0.04140859974704963
-0.3347000000000001,0.04140859974704963
-0.3337,0.04140859974704963
-0.3327000000000001,0.04140859974704963
-0.3317,0.04140859974704963
-0.3307000000000001,0.04140859974704963
-0.3297,0.04140859974704963
-0.3287000000000001,0.04140859974704963
-0.3277,0.08502414912188871
-0.3267000000000001,0.04140859974704963
-0.3257,0.08502414912188871
-0.3247000000000001,0.08502414912188871
-0.3237,0.08502414912188871
-0.3227000000000001,0.08502414912188871
-0.3217,0.08502414912188871
-0.3207000000000001,0.08502414912188871
-0.3197,0.08502414912188871
-0.3187000000000001,0.08502414912188871
-0.3177,0.08502414912188871
-0.3167000000000001,0.08502414912188871
-0.3157,0.08502414912188871
-0.3147000000000001,0.08502414912188871
-0.3137,0.08502414912188871
-0.3127000000000001,0.08502414912188871
-0.3117,0.08502414912188871
-0.3107000000000001,0.08502414912188871
-0.3097,0.08502414912188871
-0.3087000000000001,0.08502414912188871
-0.3077,0.08502414912188871
-0.3067000000000001,0.08502414912188871
-0.30569999999999997,0.08502414912188871
-0.3047000000000001,0.08502414912188871
-0.30369999999999997,0.08502414912188871
-0.3027000000000001,0.12863969849672777
-0.30169999999999997,0.08502414912188871
-0.3007000000000001,0.08502414912188871
-0.29969999999999997,0.08502414912188871
-0.2987000000000001,0.12863969849672777
-0.29769999999999996,0.12863969849672777
-0.2967000000000001,0.12863969849672777
-0.29569999999999996,0.12863969849672777
-0.2947000000000001,0.12863969849672777
-0.29369999999999996,0.12863969849672777
-0.29270000000000007,0.12863969849672777
-0.29169999999999996,0.12863969849672777
-0.29070000000000007,0.12863969849672777
-0.28969999999999996,0.12863969849672777
-0.28870000000000007,0.12863969849672777
-0.28769999999999996,0.12863969849672777
-0.28670000000000007,0.12863969849672777
-0.28569999999999995,0.12863969849672777
-0.28470000000000006,0.12863969849672777
-0.28369999999999995,0.12863969849672777
-0.28270000000000006,0.12863969849672777
-0.28169999999999995,0.12863969849672777
-0.28070000000000006,0.12863969849672777
-0.27969999999999995,0.12863969849672777
-0.27870000000000006,0.12863969849672777
-0.27769999999999995,0.12863969849672777
-0.27670000000000006,0.12863969849672777
-0.27569999999999995,0.12863969849672777
-0.27470000000000006,0.12863969849672777
-0.27369999999999994,0.12863969849672777
-0.27270000000000005,0.12863969849672777
-0.27169999999999994,0.12863969849672777
-0.27070000000000005,0.12863969849672777
-0.26969999999999994,0.12863969849672777
-0.26870000000000005,0.12863969849672777
-0.26769999999999994,0.12863969849672777
-0.26670000000000005,0.12863969849672777
-0.26569999999999994,0.12863969849672777
-0.26470000000000005,0.12863969849672777
-0.26369999999999993,0.17231183632356148
-0.26270000000000004,0.17231183632356148
-0.26169999999999993,0.12863969849672777
-0.26070000000000004,0.17231183632356148
-0.25969999999999993,0.12863969849672777
-0.25870000000000004,0.12863969849672777
-0.25769999999999993,0.12863969849672777
-0.25670000000000004,0.17231183632356148
-0.2556999999999999,0.17231183632356148
-0.25470000000000004,0.12863969849672777
-0.2536999999999999,0.17231183632356148
-0.25270000000000004,0.17231183632356148
-0.2516999999999999,0.17231183632356148
-0.25070000000000003,0.12863969849672777
-0.24969999999999992,0.17231183632356148
-0.24870000000000003,0.17231183632356148
-0.24769999999999992,0.17231183632356148
-0.24670000000000003,0.17231183632356148
-0.24569999999999992,0.17231183632356148
-0.24470000000000003,0.17231183632356148
-0.24369999999999992,0.17231183632356148
-0.24270000000000003,0.17231183632356148
-0.24169999999999991,0.17231183632356148
-0.24070000000000003,0.17231183632356148
-0.2396999999999999,0.17231183632356148
-0.23870000000000002,0.17231183632356148
-0.2376999999999999,0.17231183632356148
-0.23670000000000002,0.17231183632356148
-0.23570000000000013,0.17231183632356148
-0.23470000000000002,0.17231183632356148
-0.23370000000000013,0.17231183632356148
-0.23270000000000002,0.17231183632356148
-0.23170000000000013,0.17231183632356148
-0.23070000000000002,0.17231183632356148
-0.22970000000000013,0.17231183632356148
-0.22870000000000001,0.17231183632356148
-0.22770000000000012,0.17231183632356148
-0.2267,0.17231183632356148
-0.22570000000000012,0.17231183632356148
-0.2247,0.17231183632356148
-0.22370000000000012,0.17231183632356148
-0.2227,0.17231183632356148
-0.22170000000000012,0.17231183632356148
-0.2207,0.17231183632356148
-0.21970000000000012,0.17231183632356148
-0.2187,0.17231183632356148
-0.21770000000000012,0.17231183632356148
-0.2167,0.17231183632356148
-0.2157000000000001,0.17231183632356148
-0.2147,0.17231183632356148
-0.2137000000000001,0.17231183632356148
-0.2127,0.17231183632356148
-0.2117000000000001,0.17231183632356148
-0.2107,0.17231183632356148
-0.2097000000000001,0.17231183632356148
-0.2087,0.17231183632356148
-0.2077000000000001,0.17231183632356148
-0.2067,0.17231183632356148
-0.2057000000000001,0.17231183632356148
-0.2047,0.17231183632356148
-0.2037000000000001,0.17231183632356148
-0.2027,0.17231183632356148
-0.2017000000000001,0.17231183632356148
-0.2007,0.17231183632356148
-0.1997000000000001,0.17231183632356148
-0.1987,0.17231183632356148
-0.1977000000000001,0.21588494435940458
-0.19669999999999999,0.17231183632356148
-0.1957000000000001,0.17231183632356148
-0.19469999999999998,0.17231183632356148
-0.1937000000000001,0.17231183632356148
-0.19269999999999998,0.17231183632356148
-0.1917000000000001,0.17231183632356148
-0.1907000000000001,0.17231183632356148
-0.1897000000000002,0.17231183632356148
-0.1887000000000001,0.17231183632356148
-0.1877000000000002,0.17231183632356148
-0.1867000000000001,0.17231183632356148
-0.1857000000000002,0.17231183632356148
-0.1847000000000001,0.17231183632356148
-0.1837000000000002,0.17231183632356148
-0.18270000000000008,0.17231183632356148
-0.1817000000000002,0.21588494435940458
-0.18070000000000008,0.17231183632356148
-0.1797000000000002,0.17231183632356148
-0.17870000000000008,0.21588494435940458
-0.1777000000000002,0.17231183632356148
-0.17670000000000008,0.17231183632356148
-0.1757000000000002,0.21588494435940458
-0.17470000000000008,0.17231183632356148
-0.1737000000000002,0.21588494435940458
-0.17270000000000008,0.21588494435940458
-0.17170000000000019,0.17231183632356148
-0.17070000000000007,0.17231183632356148
-0.16970000000000018,0.21588494435940458
-0.16870000000000007,0.17231183632356148
-0.16770000000000018,0.17231183632356148
-0.16670000000000007,0.21588494435940458
-0.16570000000000018,0.17231183632356148
-0.16470000000000007,0.21588494435940458
-0.16370000000000018,0.21588494435940458
-0.16270000000000007,0.17231183632356148
-0.16170000000000018,0.21588494435940458
-0.16070000000000007,0.21588494435940458
-0.15970000000000018,0.21588494435940458
-0.15870000000000006,0.17231183632356148
-0.15770000000000017,0.21588494435940458
-0.15670000000000006,0.21588494435940458
-0.15570000000000017,0.21588494435940458
-0.15470000000000006,0.17231183632356148
-0.15370000000000017,0.17231183632356148
-0.15270000000000006,0.21588494435940458
-0.15170000000000017,0.21588494435940458
-0.15070000000000006,0.21588494435940458
-0.14970000000000017,0.21588494435940458
-0.14870000000000005,0.21588494435940458
-0.14770000000000016,0.17231183632356148
-0.14670000000000005,0.21588494435940458
-0.14570000000000016,0.21588494435940458
-0.14470000000000005,0.21588494435940458
-0.14370000000000016,0.21588494435940458
-0.14270000000000005,0.21588494435940458
-0.14170000000000016,0.21588494435940458
-0.14070000000000005,0.21588494435940458
-0.13970000000000016,0.21588494435940458
-0.13870000000000005,0.21588494435940458
-0.13770000000000016,0.21588494435940458
-0.13670000000000004,0.21588494435940458
-0.13570000000000015,0.21588494435940458
-0.13470000000000004,0.21588494435940458
-0.13370000000000015,0.21588494435940458
-0.13270000000000004,0.21588494435940458
-0.13170000000000015,0.21588494435940458
-0.13070000000000004,0.21588494435940458
-0.12970000000000015,0.21588494435940458
-0.12870000000000004,0.21588494435940458
-0.12770000000000015,0.21588494435940458
-0.12670000000000003,0.21588494435940458
-0.12570000000000014,0.21588494435940458
-0.12470000000000003,0.21588494435940458
-0.12370000000000014,0.21588494435940458
-0.12270000000000003,0.21588494435940458
-0.12170000000000014,0.21588494435940458
-0.12070000000000003,0.21588494435940458
-0.11970000000000014,0.21588494435940458
-0.11870000000000003,0.21588494435940458
-0.11770000000000014,0.21588494435940458
-0.11670000000000003,0.21588494435940458
-0.11570000000000014,0.21588494435940458
-0.11470000000000002,0.21588494435940458
-0.11370000000000013,0.21588494435940458
-0.11270000000000002,0.21588494435940458
-0.11170000000000013,0.21588494435940458
-0.11070000000000024,0.21588494435940458
-0.10970000000000013,0.21588494435940458
-0.10870000000000024,0.21588494435940458
-0.10770000000000013,0.21588494435940458
-0.10670000000000024,0.21588494435940458
-0.10570000000000013,0.21588494435940458
-0.10470000000000024,0.21588494435940458
-0.10370000000000013,0.21588494435940458
-0.10270000000000024,0.21588494435940458
-0.10170000000000012,0.21588494435940458
-0.10070000000000023,0.21588494435940458
-0.09970000000000012,0.21588494435940458
-0.09870000000000023,0.21588494435940458
-0.09770000000000012,0.21588494435940458
-0.09670000000000023,0.21588494435940458
-0.09570000000000012,0.21588494435940458
-0.09470000000000023,0.21588494435940458
-0.09370000000000012,0.21588494435940458
-0.09270000000000023,0.21588494435940458
-0.09170000000000011,0.21588494435940458
-0.09070000000000022,0.21588494435940458
-0.08970000000000011,0.21588494435940458
-0.08870000000000022,0.21588494435940458
-0.08770000000000011,0.21588494435940458
-0.08670000000000022,0.21588494435940458
-0.08570000000000011,0.21588494435940458
-0.08470000000000022,0.21588494435940458
-0.08370000000000011,0.21588494435940458
-0.08270000000000022,0.21588494435940458
-0.0817000000000001,0.21588494435940458
-0.08070000000000022,0.21588494435940458
-0.0797000000000001,0.2594580523952477
-0.07870000000000021,0.21588494435940458
-0.0777000000000001,0.21588494435940458
-0.07670000000000021,0.21588494435940458
-0.0757000000000001,0.21588494435940458
-0.07470000000000021,0.2594580523952477
-0.0737000000000001,0.21588494435940458
-0.07270000000000021,0.21588494435940458
-0.0717000000000001,0.21588494435940458
-0.07070000000000021,0.21588494435940458
-0.0697000000000001,0.21588494435940458
-0.0687000000000002,0.21588494435940458
-0.0677000000000001,0.2594580523952477
-0.0667000000000002,0.21588494435940458
-0.06570000000000009,0.21588494435940458
-0.0647000000000002,0.21588494435940458
-0.06370000000000009,0.2594580523952477
-0.0627000000000002,0.2594580523952477
-0.06170000000000009,0.21588494435940458
-0.0607000000000002,0.2594580523952477
-0.059700000000000086,0.21588494435940458
-0.058700000000000196,0.21588494435940458
-0.057700000000000085,0.2594580523952477
-0.056700000000000195,0.2594580523952477
-0.05570000000000008,0.21588494435940458
-0.05470000000000019,0.2594580523952477
-0.05370000000000008,0.2594580523952477
-0.05270000000000019,0.2594580523952477
-0.05170000000000008,0.2594580523952477
-0.05070000000000019,0.2594580523952477
-0.04970000000000008,0.2594580523952477
-0.04870000000000019,0.2594580523952477
-0.047700000000000076,0.2594580523952477
-0.046700000000000186,0.2594580523952477
-0.045700000000000074,0.2594580523952477
-0.044700000000000184,0.2594580523952477
-0.04370000000000007,0.2594580523952477
-0.04270000000000018,0.2594580523952477
-0.04170000000000007,0.2594580523952477
-0.04070000000000018,0.2594580523952477
-0.03970000000000007,0.2594580523952477
-0.03870000000000018,0.2594580523952477
-0.03770000000000007,0.2594580523952477
-0.03670000000000018,0.2594580523952477
-0.035700000000000065,0.2594580523952477
-0.034700000000000175,0.2594580523952477
-0.03370000000000006,0.2594580523952477
-0.03270000000000017,0.2594580523952477
-0.03170000000000006,0.2594580523952477
-0.03070000000000017,0.2594580523952477
-0.02970000000000006,0.2594580523952477
-0.02870000000000017,0.2594580523952477
-0.027700000000000058,0.2594580523952477
-0.026700000000000168,0.2594580523952477
-0.025700000000000056,0.2594580523952477
-0.024700000000000166,0.2594580523952477
-0.023700000000000054,0.2594580523952477
-0.022700000000000164,0.2594580523952477
-0.021700000000000053,0.2594580523952477
-0.020700000000000163,0.2594580523952477
-0.01970000000000005,0.2594580523952477
-0.01870000000000016,0.2594580523952477
-0.01770000000000005,0.2594580523952477
-0.01670000000000016,0.3031726315610774
-0.015700000000000047,0.2594580523952477
-0.014700000000000157,0.2594580523952477
-0.013700000000000045,0.2594580523952477
-0.012700000000000156,0.2594580523952477
-0.011700000000000044,0.2594580523952477
-0.010700000000000154,0.2594580523952477
-0.009700000000000042,0.3031726315610774
-0.008700000000000152,0.2594580523952477
-0.00770000000000004,0.3031726315610774
-0.00670000000000015,0.3031726315610774
-0.005700000000000038,0.2594580523952477
-0.0047000000000001485,0.2594580523952477
-0.0037000000000000366,0.3031726315610774
-0.0027000000000001467,0.3031726315610774
-0.0017000000000000348,0.2594580523952477
-0.000700000000000145,0.3031726315610774
0.00029999999999996696,0.3031726315610774
0.0012999999999998568,0.3031726315610774
0.0022999999999999687,0.3031726315610774
0.0032999999999998586,0.3031726315610774
0.0042999999999999705,0.3031726315610774
0.00529999999999986,0.3031726315610774
0.006299999999999972,0.3031726315610774
0.007299999999999862,0.3031726315610774
0.008299999999999974,0.3031726315610774
0.009299999999999864,0.3031726315610774
0.010299999999999976,0.3031726315610774
0.011299999999999866,0.3031726315610774
0.012299999999999978,0.3031726315610774
