Potential V vs RHE, Current mA cm-2
0.013299999999999867,-0.002205534916489592
0.012299999999999978,-0.04582249900262853
0.011299999999999866,-0.04582249900262853
0.010299999999999976,-0.04582249900262853
0.009299999999999864,-0.04582249900262853
0.008299999999999974,-0.04582249900262853
0.007299999999999862,-0.04582249900262853
0.006299999999999972,-0.04582249900262853
0.00529999999999986,-0.04582249900262853
0.0042999999999999705,-0.04582249900262853
0.0032999999999998586,-0.04582249900262853
0.0022999999999999687,-0.04582249900262853
0.0012999999999998568,-0.04582249900262853
0.00029999999999996696,-0.04582249900262853
-0.000700000000000145,-0.04582249900262853
-0.0017000000000000348,-0.04582249900262853
-0.0027000000000001467,-0.04582249900262853
-0.0037000000000000366,-0.04582249900262853
-0.0047000000000001485,-0.04582249900262853
-0.005700000000000038,-0.04582249900262853
-0.00670000000000015,-0.04582249900262853
-0.00770000000000004,-0.04582249900262853
-0.008700000000000152,-0.04582249900262853
-0.009700000000000042,-0.04582249900262853
-0.010700000000000154,-0.04582249900262853
-0.011700000000000044,-0.04582249900262853
-0.012700000000000156,-0.04582249900262853
-0.013700000000000045,-0.04582249900262853
-0.014700000000000157,-0.04582249900262853
-0.015700000000000047,-0.04582249900262853
-0.01670000000000016,-0.08943804837746762
-0.01770000000000005,-0.04582249900262853
-0.01870000000000016,-0.08943804837746762
-0.01970000000000005,-0.04582249900262853
-0.020700000000000163,-0.08943804837746762
-0.021700000000000053,-0.08943804837746762
-0.022700000000000164,-0.04582249900262853
-0.023700000000000054,-0.08943804837746762
-0.024700000000000166,-0.08943804837746762
-0.025700000000000056,-0.08943804837746762
-0.026700000000000168,-0.04582249900262853
-0.027700000000000058,-0.08943804837746762
-0.02870000000000017,-0.08943804837746762
-0.02970000000000006,-0.08943804837746762
-0.03070000000000017,-0.08943804837746762
-0.03170000000000006,-0.04582249900262853
-0.03270000000000017,-0.04582249900262853
-0.03370000000000006,-0.08943804837746762
-0.034700000000000175,-0.08943804837746762
-0.035700000000000065,-0.08943804837746762
-0.03670000000000018,-0.04582249900262853
-0.03770000000000007,-0.08943804837746762
-0.03870000000000018,-0.04582249900262853
-0.03970000000000007,-0.08943804837746762
-0.04070000000000018,-0.08943804837746762
-0.04170000000000007,-0.08943804837746762
-0.04270000000000018,-0.08943804837746762
-0.04370000000000007,-0.08943804837746762
-0.044700000000000184,-0.08943804837746762
-0.045700000000000074,-0.08943804837746762
-0.046700000000000186,-0.08943804837746762
-0.047700000000000076,-0.08943804837746762
-0.04870000000000019,-0.08943804837746762
-0.04970000000000008,-0.08943804837746762
-0.05070000000000019,-0.08943804837746762
-0.05170000000000008,-0.08943804837746762
-0.05270000000000019,-0.08943804837746762
-0.05370000000000008,-0.08943804837746762
-0.05470000000000019,-0.08943804837746762
-0.05570000000000008,-0.08943804837746762
-0.056700000000000195,-0.08943804837746762
-0.057700000000000085,-0.08943804837746762
-0.058700000000000196,-0.08943804837746762
-0.059700000000000086,-0.08943804837746762
-0.0607000000000002,-0.08943804837746762
-0.06170000000000009,-0.08943804837746762
-0.0627000000000002,-0.08943804837746762
-0.06370000000000009,-0.08943804837746762
-0.0647000000000002,-0.08943804837746762
-0.06570000000000009,-0.08943804837746762
-0.0667000000000002,-0.08943804837746762
-0.0677000000000001,-0.08943804837746762
-0.0687000000000002,-0.08943804837746762
-0.0697000000000001,-0.08943804837746762
-0.07070000000000021,-0.08943804837746762
-0.0717000000000001,-0.08943804837746762
-0.07270000000000021,-0.08943804837746762
-0.0737000000000001,-0.08943804837746762
-0.07470000000000021,-0.08943804837746762
-0.0757000000000001,-0.08943804837746762
-0.07670000000000021,-0.08943804837746762
-0.0777000000000001,-0.08943804837746762
-0.07870000000000021,-0.08943804837746762
-0.0797000000000001,-0.08943804837746762
-0.08070000000000022,-0.08943804837746762
-0.0817000000000001,-0.08943804837746762
-0.08270000000000022,-0.08943804837746762
-0.08370000000000011,-0.08943804837746762
-0.08470000000000022,-0.08943804837746762
-0.08570000000000011,-0.08943804837746762
-0.08670000000000022,-0.08943804837746762
-0.08770000000000011,-0.08943804837746762
-0.08870000000000022,-0.08943804837746762
-0.08970000000000011,-0.08943804837746762
-0.09070000000000022,-0.08943804837746762
-0.09170000000000011,-0.08943804837746762
-0.09270000000000023,-0.08943804837746762
-0.09370000000000012,-0.08943804837746762
-0.09470000000000023,-0.1330535977523067
-0.09570000000000012,-0.08943804837746762
-0.09670000000000023,-0.08943804837746762
-0.09770000000000012,-0.08943804837746762
-0.09870000000000023,-0.08943804837746762
-0.09970000000000012,-0.08943804837746762
-0.10070000000000023,-0.08943804837746762
-0.10170000000000012,-0.08943804837746762
-0.10270000000000024,-0.08943804837746762
-0.10370000000000013,-0.08943804837746762
-0.10470000000000024,-0.08943804837746762
-0.10570000000000013,-0.08943804837746762
-0.10670000000000024,-0.08943804837746762
-0.10770000000000013,-0.1330535977523067
-0.10870000000000024,-0.1330535977523067
-0.10970000000000013,-0.08943804837746762
-0.11070000000000024,-0.08943804837746762
-0.11170000000000013,-0.1330535977523067
-0.11270000000000002,-0.08943804837746762
-0.11370000000000013,-0.1330535977523067
-0.11470000000000002,-0.1330535977523067
-0.11570000000000014,-0.1330535977523067
-0.11670000000000003,-0.1330535977523067
-0.11770000000000014,-0.08943804837746762
-0.11870000000000003,-0.1330535977523067
-0.11970000000000014,-0.1330535977523067
-0.12070000000000003,-0.1330535977523067
-0.12170000000000014,-0.1330535977523067
-0.12270000000000003,-0.08943804837746762
-0.12370000000000014,-0.1330535977523067
-0.12470000000000003,-0.1330535977523067
-0.12570000000000014,-0.1330535977523067
-0.12670000000000003,-0.08943804837746762
-0.12770000000000015,-0.08943804837746762
-0.12870000000000004,-0.1330535977523067
-0.12970000000000015,-0.08943804837746762
-0.13070000000000004,-0.08943804837746762
-0.13170000000000015,-0.1330535977523067
-0.13270000000000004,-0.1330535977523067
-0.13370000000000015,-0.1330535977523067
-0.13470000000000004,-0.1330535977523067
-0.13570000000000015,-0.08943804837746762
-0.13670000000000004,-0.08943804837746762
-0.13770000000000016,-0.1330535977523067
-0.13870000000000005,-0.08943804837746762
-0.13970000000000016,-0.1330535977523067
-0.14070000000000005,-0.1330535977523067
-0.14170000000000016,-0.1330535977523067
-0.14270000000000005,-0.08943804837746762
-0.14370000000000016,-0.1330535977523067
-0.14470000000000005,-0.1330535977523067
-0.14570000000000016,-0.1330535977523067
-0.14670000000000005,-0.1330535977523067
-0.14770000000000016,-0.1330535977523067
-0.14870000000000005,-0.1330535977523067
-0.14970000000000017,-0.1330535977523067
-0.15070000000000006,-0.1330535977523067
-0.15170000000000017,-0.1330535977523067
-0.15270000000000006,-0.1330535977523067
-0.15370000000000017,-0.1330535977523067
-0.15470000000000006,-0.1330535977523067
-0.15570000000000017,-0.1330535977523067
-0.15670000000000006,-0.1330535977523067
-0.15770000000000017,-0.1330535977523067
-0.15870000000000006,-0.1330535977523067
-0.15970000000000018,-0.1330535977523067
-0.16070000000000007,-0.1330535977523067
-0.16170000000000018,-0.1330535977523067
-0.16270000000000007,-0.1330535977523067
-0.16370000000000018,-0.1330535977523067
-0.16470000000000007,-0.1330535977523067
-0.16570000000000018,-0.1330535977523067
-0.16670000000000007,-0.1330535977523067
-0.16770000000000018,-0.1330535977523067
-0.16870000000000007,-0.1330535977523067
-0.16970000000000018,-0.1330535977523067
-0.17070000000000007,-0.1330535977523067
-0.17170000000000019,-0.1330535977523067
-0.17270000000000008,-0.1330535977523067
-0.1737000000000002,-0.1330535977523067
-0.17470000000000008,-0.1330535977523067
-0.1757000000000002,-0.1330535977523067
-0.17670000000000008,-0.1330535977523067
-0.1777000000000002,-0.1330535977523067
-0.17870000000000008,-0.1330535977523067
-0.1797000000000002,-0.1330535977523067
-0.18070000000000008,-0.1330535977523067
-0.1817000000000002,-0.1330535977523067
-0.18270000000000008,-0.1330535977523067
-0.1837000000000002,-0.1330535977523067
-0.1847000000000001,-0.1330535977523067
-0.1857000000000002,-0.1330535977523067
-0.1867000000000001,-0.1330535977523067
-0.1877000000000002,-0.1330535977523067
-0.1887000000000001,-0.1330535977523067
-0.1897000000000002,-0.1330535977523067
-0.1907000000000001,-0.1330535977523067
-0.1917000000000001,-0.1330535977523067
-0.19269999999999998,-0.1330535977523067
-0.1937000000000001,-0.1330535977523067
-0.19469999999999998,-0.1330535977523067
-0.1957000000000001,-0.1330535977523067
-0.19669999999999999,-0.1330535977523067
-0.1977000000000001,-0.1330535977523067
-0.1987,-0.1766974413531431
-0.1997000000000001,-0.1330535977523067
-0.2007,-0.1330535977523067
-0.2017000000000001,-0.1330535977523067
-0.2027,-0.1330535977523067
-0.2037000000000001,-0.1330535977523067
-0.2047,-0.1330535977523067
-0.2057000000000001,-0.1330535977523067
-0.2067,-0.1330535977523067
-0.2077000000000001,-0.1766974413531431
-0.2087,-0.1330535977523067
-0.2097000000000001,-0.1330535977523067
-0.2107,-0.1330535977523067
-0.2117000000000001,-0.1330535977523067
-0.2127,-0.1330535977523067
-0.2137000000000001,-0.1330535977523067
-0.2147,-0.1330535977523067
-0.2157000000000001,-0.1766974413531431
-0.2167,-0.1766974413531431
-0.21770000000000012,-0.1330535977523067
-0.2187,-0.1330535977523067
-0.21970000000000012,-0.1766974413531431
-0.2207,-0.1330535977523067
-0.22170000000000012,-0.1766974413531431
-0.2227,-0.1330535977523067
-0.22370000000000012,-0.1766974413531431
-0.2247,-0.1766974413531431
-0.22570000000000012,-0.1330535977523067
-0.2267,-0.1766974413531431
-0.22770000000000012,-0.1766974413531431
-0.22870000000000001,-0.1766974413531431
-0.22970000000000013,-0.1766974413531431
-0.23070000000000002,-0.1766974413531431
-0.23170000000000013,-0.1766974413531431
-0.23270000000000002,-0.1766974413531431
-0.23370000000000013,-0.1766974413531431
-0.23470000000000002,-0.1766974413531431
-0.23570000000000013,-0.1766974413531431
-0.23670000000000002,-0.1766974413531431
-0.2376999999999999,-0.1766974413531431
-0.23870000000000002,-0.1766974413531431
-0.2396999999999999,-0.1766974413531431
-0.24070000000000003,-0.1766974413531431
-0.24169999999999991,-0.1766974413531431
-0.24270000000000003,-0.1766974413531431
-0.24369999999999992,-0.1766974413531431
-0.24470000000000003,-0.1766974413531431
-0.24569999999999992,-0.1766974413531431
-0.24670000000000003,-0.1766974413531431
-0.24769999999999992,-0.1766974413531431
-0.24870000000000003,-0.1766974413531431
-0.24969999999999992,-0.1766974413531431
-0.25070000000000003,-0.1766974413531431
-0.2516999999999999,-0.1766974413531431
-0.25270000000000004,-0.1766974413531431
-0.2536999999999999,-0.1766974413531431
-0.25470000000000004,-0.1766974413531431
-0.2556999999999999,-0.1766974413531431
-0.25670000000000004,-0.1766974413531431
-0.25769999999999993,-0.1766974413531431
-0.25870000000000004,-0.1766974413531431
-0.25969999999999993,-0.1766974413531431
-0.26070000000000004,-0.1766974413531431
-0.26169999999999993,-0.1766974413531431
-0.26270000000000004,-0.1766974413531431
-0.26369999999999993,-0.1766974413531431
-0.26470000000000005,-0.1766974413531431
-0.26569999999999994,-0.1766974413531431
-0.26670000000000005,-0.1766974413531431
-0.26769999999999994,-0.1766974413531431
-0.26870000000000005,-0.1766974413531431
-0.26969999999999994,-0.1766974413531431
-0.27070000000000005,-0.1766974413531431
-0.27169999999999994,-0.2202705493889862
-0.27270000000000005,-0.2202705493889862
-0.27369999999999994,-0.1766974413531431
-0.27470000000000006,-0.2202705493889862
-0.27569999999999995,-0.2202705493889862
-0.27670000000000006,-0.1766974413531431
-0.27769999999999995,-0.1766974413531431
-0.27870000000000006,-0.2202705493889862
-0.27969999999999995,-0.2202705493889862
-0.28070000000000006,-0.1766974413531431
-0.28169999999999995,-0.2202705493889862
-0.28270000000000006,-0.1766974413531431
-0.28369999999999995,-0.2202705493889862
-0.28470000000000006,-0.2202705493889862
-0.28569999999999995,-0.2202705493889862
-0.28670000000000007,-0.2202705493889862
-0.28769999999999996,-0.2202705493889862
-0.28870000000000007,-0.2202705493889862
-0.28969999999999996,-0.2202705493889862
-0.29070000000000007,-0.2202705493889862
-0.29169999999999996,-0.2202705493889862
-0.29270000000000007,-0.2202705493889862
-0.29369999999999996,-0.2202705493889862
-0.2947000000000001,-0.2202705493889862
-0.29569999999999996,-0.2202705493889862
-0.2967000000000001,-0.2202705493889862
-0.29769999999999996,-0.2202705493889862
-0.2987000000000001,-0.2202705493889862
-0.29969999999999997,-0.2202705493889862
-0.3007000000000001,-0.26384365742482935
-0.30169999999999997,-0.26384365742482935
-0.3027000000000001,-0.2202705493889862
-0.30369999999999997,-0.26384365742482935
-0.3047000000000001,-0.26384365742482935
-0.30569999999999997,-0.26384365742482935
-0.3067000000000001,-0.26384365742482935
-0.3077,-0.26384365742482935
-0.3087000000000001,-0.26384365742482935
-0.3097,-0.26384365742482935
-0.3107000000000001,-0.26384365742482935
-0.3117,-0.26384365742482935
-0.3127000000000001,-0.26384365742482935
-0.3137,-0.26384365742482935
-0.3147000000000001,-0.26384365742482935
-0.3157,-0.26384365742482935
-0.3167000000000001,-0.26384365742482935
-0.3177,-0.26384365742482935
-0.3187000000000001,-0.26384365742482935
-0.3197,-0.30755823659065895
-0.3207000000000001,-0.30755823659065895
-0.3217,-0.30755823659065895
-0.3227000000000001,-0.30755823659065895
-0.3237,-0.30755823659065895
-0.3247000000000001,-0.30755823659065895
-0.3257,-0.30755823659065895
-0.3267000000000001,-0.3511313446265021
-0.3277,-0.3511313446265021
-0.3287000000000001,-0.3511313446265021
-0.3297,-0.3511313446265021
-0.3307000000000001,-0.3511313446265021
-0.3317,-0.3511313446265021
-0.3327000000000001,-0.3947044526623452
-0.3337,-0.3947044526623452
-0.3347000000000001,-0.3947044526623452
-0.3357,-0.3947044526623452
-0.3367000000000001,-0.3947044526623452
-0.3377,-0.3947044526623452
-0.3387000000000001,-0.3947044526623452
-0.3397,-0.4384190318281749
-0.3407000000000001,-0.3947044526623452
-0.3417,-0.4384190318281749
-0.3427000000000001,-0.4384190318281749
-0.3437,-0.4384190318281749
-0.3447000000000001,-0.4384190318281749
-0.3457,-0.48199213986401795
-0.3467000000000001,-0.48199213986401795
-0.3477,-0.48199213986401795
-0.3487000000000001,-0.48199213986401795
-0.3497,-0.5255652478998613
-0.3507000000000001,-0.5255652478998613
-0.3517,-0.5255652478998613
-0.3527000000000001,-0.5255652478998613
-0.3537,-0.5255652478998613
-0.3547000000000001,-0.5692798270656908
-0.3557,-0.5692798270656908
-0.35670000000000013,-0.5692798270656908
-0.3577,-0.5692798270656908
-0.35870000000000013,-0.6128529351015338
-0.3597,-0.6128529351015338
-0.36070000000000013,-0.6564260431373771
-0.3617,-0.6564260431373771
-0.3626999999999999,-0.6564260431373771
-0.3637,-0.6564260431373771
-0.3646999999999999,-0.7001406223032067
-0.3657,-0.7001406223032067
-0.3666999999999999,-0.7437137303390498
-0.3677,-0.7437137303390498
-0.3686999999999999,-0.7872868383748929
-0.36970000000000003,-0.7872868383748929
-0.3706999999999999,-0.7872868383748929
-0.37170000000000003,-0.8308599464107361
-0.3726999999999999,-0.8308599464107361
-0.37370000000000003,-0.8308599464107361
-0.3746999999999999,-0.8308599464107361
-0.37570000000000003,-0.8745745255765657
-0.3766999999999999,-0.8745745255765657
-0.37770000000000004,-0.9181476336124089
-0.3786999999999999,-0.9181476336124089
-0.37970000000000004,-0.9617207416482519
-0.3806999999999999,-0.9617207416482519
-0.38170000000000004,-1.0054353208140816
-0.38269999999999993,-1.0054353208140816
-0.38370000000000004,-1.0490084288499246
-0.38469999999999993,-1.0490084288499246
-0.38570000000000004,-1.0490084288499246
-0.38669999999999993,-1.0925815368857679
-0.38770000000000004,-1.0925815368857679
-0.38869999999999993,-1.1362961160515976
-0.38970000000000005,-1.1362961160515976
-0.39069999999999994,-1.1798692240874404
-0.39170000000000005,-1.2234423321232837
-0.39269999999999994,-1.2234423321232837
-0.39370000000000005,-1.2671569112891135
-0.39469999999999994,-1.2671569112891135
-0.39570000000000005,-1.3107300193249565
-0.39669999999999994,-1.3107300193249565
-0.39770000000000005,-1.3543031273607997
-0.39869999999999994,-1.3980177065266295
-0.39970000000000006,-1.3980177065266295
-0.40069999999999995,-1.4415908145624723
-0.40170000000000006,-1.4854468648582886
-0.40269999999999995,-1.4854468648582886
-0.40370000000000006,-1.5293029151541047
-0.40469999999999995,-1.5717442541500557
-0.40570000000000006,-1.5717442541500557
-0.40669999999999995,-1.6156003044458718
-0.40770000000000006,-1.6594563547416883
-0.40869999999999995,-1.6594563547416883
-0.40970000000000006,-1.7033124050375041
-0.41069999999999995,-1.7471684553333202
-0.41170000000000007,-1.7910245056291363
-0.41269999999999996,-1.7910245056291363
-0.41370000000000007,-1.8334658446250875
-0.41469999999999996,-1.8773218949209036
-0.41570000000000007,-1.92117794521672
-0.41669999999999996,-1.9650339955125358
-0.41770000000000007,-1.9650339955125358
-0.41869999999999996,-2.008890045808352
-0.4197000000000001,-2.052746096104168
-0.42069999999999996,-2.095187435100119
-0.4217000000000001,-2.1390434853959355
-0.42269999999999996,-2.1828995356917518
-0.4237000000000001,-2.226755585987568
-0.42469999999999997,-2.2706116362833835
-0.4257000000000001,-2.3144676865791998
-0.42669999999999997,-2.3569090255751513
-0.4277000000000001,-2.4007650758709675
-0.42869999999999997,-2.4446211261667834
-0.4297000000000001,-2.4446211261667834
-0.43069999999999997,-2.532333226758415
-0.4317000000000001,-2.532333226758415
-0.4327,-2.576189277054232
-0.4337000000000001,-2.618630616050183
-0.4347,-2.706342716641815
-0.4357000000000001,-2.7501987669376318
-0.4367,-2.794054817233447
-0.4377000000000001,-2.8379108675292635
-0.4387,-2.8803522065252145
-0.4397000000000001,-2.924208256821031
-0.4407,-2.968064307116847
-0.4417000000000001,-3.055776407708479
-0.4427,-3.0996324580042955
-0.4437000000000001,-3.0996324580042955
-0.4447,-3.1859298472960624
-0.4457000000000001,-3.2297858975918787
-0.4467,-3.273641947887695
-0.4477000000000001,-3.317497998183511
-0.4487,-3.403795387475278
-0.4497000000000001,-3.447651437771094
-0.4507,-3.4915074880669104
-0.4517000000000001,-3.5353635383627267
-0.4527,-3.579219588658543
-0.4537000000000001,-3.6655169779503103
-0.4547,-3.7093730282461257
-0.4557000000000001,-3.7532290785419424
-0.4567,-3.7970851288377587
-0.4577000000000001,-3.884797229429391
-0.4587,-3.927238568425342
-0.4597000000000001,-4.014950669016974
-0.4607,-4.102662769608606
-0.4617000000000001,-4.146518819904423
-0.4627,-4.1889601589003735
-0.4637000000000001,-4.276672259492005
-0.4647,-4.3205283097878215
-0.4657000000000001,-4.406825699079589
-0.4667,-4.450681749375406
-0.4677000000000001,-4.538393849967037
-0.4687,-4.668547289554621
-0.4697000000000001,-4.712403339850438
-0.4707,-4.756259390146253
-0.4717000000000001,-4.800115440442069
-0.4727,-4.887827541033701
-0.4737000000000001,-4.9302688800296535
-0.4747,-5.017980980621284
-0.4757000000000001,-5.105693081212917
-0.4767,-5.191990470504685
-0.4777000000000001,-5.235846520800501
-0.4787,-5.367414671687949
-0.4797000000000001,-5.411270721983764
-0.4807,-5.5414241615713475
-0.48170000000000013,-5.5414241615713475
-0.4827,-5.672992312458796
-0.48370000000000013,-5.715433651454749
-0.4847,-5.80314575204638
-0.48570000000000013,-5.9347139029338285
-0.4867,-6.021011292225596
-0.4876999999999999,-6.108723392817228
-0.4887,-6.196435493408861
-0.4896999999999999,-6.238876832404812
-0.4907,-6.37044498329226
-0.4916999999999999,-6.282732882700628
-0.4927,-6.37044498329226
-0.4936999999999999,-6.414301033588076
-0.49470000000000003,-6.588310523471475
-0.4956999999999999,-6.6760226240631075
-0.49670000000000003,-6.719878674358924
-0.4976999999999999,-6.850032113946507
-0.49870000000000003,-6.93774421453814
-0.4996999999999999,-7.024041603829907
-0.5007,-7.067897654125724
-0.5016999999999999,-7.199465805013171
-0.5027,-7.28576319430494
-0.5036999999999999,-7.37347529489657
-0.5047,-7.50504344578402
-0.5056999999999999,-7.50504344578402
-0.5067,-7.591340835075788
-0.5076999999999999,-7.722908985963235
-0.5087,-7.809206375255003
-0.5096999999999999,-8.027071915434218
-0.5107,-8.11478401602585
-0.5116999999999999,-8.202496116617484
-0.5127,-8.288793505909249
-0.5136999999999999,-8.4203616567967
-0.5147,-8.508073757388331
-0.5156999999999999,-8.594371146680096
-0.5167,-8.68208324727173
-0.5176999999999999,-8.812236686859313
-0.5187,-8.943804837746763
-0.5196999999999999,-9.031516938338395
-0.5207,-9.205526428221793
-0.5216999999999999,-9.293238528813426
-0.5227,-9.379535918105192
-0.5236999999999999,-9.467248018696827
-0.5247,-9.59740145828441
-0.5257,-9.728969609171857
-0.5267000000000001,-9.85912304875944
-0.5277,-9.902979099055257
-0.5287000000000001,-9.99069119964689
-0.5297,-10.078403300238522
-0.5307000000000001,-10.164700689530287
-0.5317,-10.340124890713554
-0.5327000000000001,-10.42642228000532
-0.5337,-10.514134380596953
-0.5347000000000001,-10.688143870480351
-0.5357,-10.731999920776168
-0.5367000000000001,-10.775855971071984
-0.5377,-10.906009410659568
-0.5387000000000001,-10.993721511251199
-0.5397,-11.081433611842833
-0.5407000000000001,-11.255443101726232
-0.5417,-11.473308641905447
-0.5427000000000001,-11.56102074249708
-0.5437,-11.691174182084664
-0.5447000000000001,-11.82274233297211
-0.5457,-11.996751822855511
-0.5467000000000001,-12.084463923447142
-0.5477,-12.258473413330542
-0.5487000000000001,-12.346185513922174
-0.5497,-12.476338953509758
-0.5507000000000001,-12.651763154693022
-0.5517,-12.73806054398479
-0.5527000000000001,-12.825772644576423
-0.5537,-12.869628694872238
-0.5547000000000001,-12.694204493688973
-0.5557,-12.825772644576423
-0.5567000000000001,-13.13135028534727
-0.5577,-13.261503724934855
-0.5587000000000001,-13.30535977523067
-0.5597,-13.3930718758223
-0.5607000000000001,-13.567081365705702
-0.5617,-13.741090855589102
-0.5627000000000001,-13.784946905884919
-0.5637,-14.002812446064135
-0.5647000000000001,-14.26028990263957
-0.5657,-14.444202371622024
-0.5667000000000001,-14.57152638860988
-0.5677,-14.69885040559773
-0.5687000000000001,-14.826174422585586
-0.5697,-14.967645552572087
-0.5707000000000001,-15.094969569559943
-0.5717,-15.222293586547794
-0.5727000000000001,-15.3920589425316
-0.5737,-15.533530072518102
-0.5747000000000001,-15.349617603535648
-0.5757,-15.575971411514052
-0.5767000000000001,-15.660854089505953
-0.5777,-15.830619445489761
-0.5787000000000001,-15.830619445489761
-0.5797,-16.099414592464115
-0.5807000000000001,-16.269179948447924
-0.5817,-16.269179948447924
-0.5827000000000001,-16.438945304431726
-0.5837,-16.622857773414182
-0.5847000000000001,-16.835064468393938
-0.5857,-17.018976937376394
-0.5867000000000001,-17.188742293360193
-0.5877,-17.231183632356142
-0.5887000000000001,-17.358507649344002
-0.5897,-17.669744135314307
-0.5907000000000001,-17.75462681330621
-0.5917,-18.009274847281915
-0.5927000000000001,-18.23562865526032
-0.5937,-18.362952672248177
-0.5947000000000001,-18.53271802823198
-0.5957,-18.674189158218486
-0.5967000000000001,-18.53271802823198
-0.5977,-18.631747819222536
-0.5987000000000001,-18.759071836210385
-0.5997,-18.97127853119014
-0.6007000000000001,-19.197632339168546
-0.6017,-19.3249563561564
-0.6027000000000001,-19.537163051136158
-0.6037,-19.579604390132108
-0.6047000000000001,-19.763516859114564
-0.6057,-19.890840876102416
-0.6067000000000001,-19.97572355409432
-0.6077,-20.286960040064624
-0.6087000000000001,-20.584049413036283
-0.6097,-20.683079204026836
-0.6107000000000001,-20.810403221014692
-0.6117,-21.065051254990397
-0.6126999999999999,-21.065051254990397
-0.6137,-21.022609915994444
-0.6146999999999999,-21.149933932982297
-0.6157,-21.376287740960702
-0.6166999999999999,-21.63093577493641
-0.6177,-21.67337711393236
-0.6186999999999999,-21.94217226090672
-0.6197,-22.069496277894572
-0.6206999999999999,-22.196820294882425
-0.6217,-22.508056780852733
-0.6226999999999999,-22.776851927827092
-0.6237,-22.861734605818995
-0.6246999999999999,-23.031499961802798
-0.6257,-23.300295108777156
-0.6266999999999999,-23.031499961802798
-0.6277,-23.2012653177866
-0.6286999999999999,-23.300295108777156
-0.6297,-23.597384481748815
-0.6306999999999999,-23.724708498736668
-0.6317,-23.993503645711023
-0.6326999999999999,-24.24815167968673
-0.6337,-24.432064148669184
-0.6346999999999999,-24.771594860636792
-0.6357,-25.04039000761115
-0.6366999999999999,-25.167714024599
-0.6377,-25.252596702590903
-0.6386999999999999,-24.95550732961925
-0.6397,-25.252596702590903
-0.6406999999999999,-25.691157205549064
-0.6417,-25.77603988354097
-0.6426999999999999,-26.044835030515326
-0.6437,-26.21460038649913
-0.6446999999999999,-26.525836872469437
-0.6457,-26.61071955046134
-0.6466999999999999,-26.440954194477534
-0.6477,-26.65316088945729
-0.6486999999999999,-26.822926245441096
-0.6497,-27.134162731411404
-0.6507,-26.9643973754276
-0.6517000000000001,-27.303928087395207
-0.6527,-27.700047251357418
-0.6537000000000001,-27.912253946337174
-0.6547,-28.18104909331153
-0.6557000000000001,-28.478138466283188
-0.6567,-28.746933613257543
-0.6577000000000001,-28.393255788291288
-0.6587,-28.704492274261593
-0.6597000000000001,-28.959140308237306
-0.6607,-29.100611438223805
-0.6617000000000001,-29.581613280177915
-0.6627,-29.525024828183312
-0.6637000000000001,-29.836261314153624
-0.6647,-30.10505646112798
-0.6657000000000001,-30.487028512091538
-0.6667,-30.571911190083444
-0.6677000000000001,-30.529469851087494
-0.6687,-30.359704495103685
-0.6697000000000001,-30.71338232006995
-0.6707,-31.19438416202406
-0.6717000000000001,-31.36414951800786
-0.6727,-31.57635621298762
-0.6737000000000001,-31.930034037953877
-0.6747,-32.32615320191609
-0.6757000000000001,-32.368594540912035
-0.6767,-32.58080123589179
-0.6777000000000001,-32.41103587990799
-0.6787,-32.53835989689585
-0.6797000000000001,-32.93447906085806
-0.6807,-33.06180307784591
-0.6817000000000001,-33.18912709483376
-0.6827,-33.58524625879597
-0.6837000000000001,-34.02380676175414
-0.6847,-34.377484586720385
-0.6857000000000001,-34.632132620696105
-0.6867,-34.33504324772444
-0.6877000000000001,-34.67457395969205
-0.6887,-35.240458479638065
-0.6897000000000001,-35.198017140642115
-0.6907,-35.721460321592176
-0.6917000000000001,-35.55169496560837
-0.6927,-35.763901660588125
-0.6937000000000001,-35.90537279057463
-0.6947,-36.37222751953009
-0.6957000000000001,-36.47125731052064
-0.6967,-36.8532293614842
-0.6977000000000001,-37.376672542434264
-0.6987,-37.81523304539243
-0.6997000000000001,-38.08402819236679
-0.7007,-38.08402819236679
-0.7017000000000001,-37.645467689408626
-0.7027,-38.211352209354644
-0.7037000000000001,-38.5650300343209
-0.7047,-38.86211940729255
-0.7057000000000001,-39.51288660523048
-0.7067,-39.90900576919269
-0.7077000000000001,-39.47044526623452
-0.7087,-39.38556258824262
-0.7097000000000001,-39.78168175220483
-0.7107,-40.177800916167044
-0.7117000000000001,-40.701244097117105
-0.7127,-41.30956995605907
-0.7137000000000001,-41.91789581500104
-0.7147,-41.52177665103883
-0.7157000000000001,-41.96033715399699
-0.7167,-42.130102509980794
-0.7177000000000001,-42.3564563179592
-0.7187,-42.31401497896325
-0.7197000000000001,-42.71013414292546
-0.7207,-43.27601866287147
-0.7217000000000001,-43.79946184382153
-0.7227,-44.181433894785094
-0.7237000000000001,-44.223875233781044
-0.7247,-44.011668538801295
-0.7257000000000001,-44.28046368577565
-0.7267,-45.143437578693316
-0.7277000000000001,-45.624439420647434
-0.7287,-46.2327652795894
-0.7297000000000001,-46.45911908756781
-0.7307,-45.93567590661774
-0.7317000000000001,-46.19032394059345
-0.7327,-46.586443104555656
-0.7337000000000001,-47.40697565847737
-0.7347,-47.987007291422046
-0.7357000000000001,-48.63777448935996
-0.7367,-48.93486386233162
-0.7376999999999999,-48.97730520132757
-0.7387,-48.97730520132757
-0.7396999999999999,-49.373424365289786
-0.7407,-49.50074838227763
-0.7416999999999999,-49.557336834272235
-0.7427,-50.20810403221015
-0.7436999999999999,-50.64666453516831
-0.7447,-51.424755750094086
-0.7456999999999999,-51.90575759204819
-0.7467,-51.55207976708194
-0.7476999999999999,-51.82087491405629
-0.7487,-52.514083450990164
-0.7496999999999999,-52.995085292944275
-0.7507,-53.26388043991864
-0.7516999999999999,-53.39120445690648
-0.7527,-54.0419716548444
-0.7536999999999999,-54.876651321764776
-0.7547,-55.046416677748574
-0.7556999999999999,-55.484977180706736
-0.7567,-54.961533999756675
-0.7576999999999999,-55.21618203373238
-0.7587,-56.13574437864466
-0.7596999999999999,-56.57430488160282
-0.7607,-57.097748062552874
-0.7616999999999999,-57.57874990450699
-0.7627,-58.22951710244491
-0.7636999999999999,-58.10219308545706
-0.7647,-59.10663810836124
-0.7656999999999999,-59.54519861131939
-0.7667,-60.32328982624517
-0.7676999999999999,-59.7998466452951
-0.7687,-60.54964363422357
-0.7696999999999999,-60.80429166819927
-0.7707,-61.20041083216149
-0.7716999999999999,-62.11997317707376
-0.7727,-62.89806439199953
-0.7736999999999999,-62.58682790602922
-0.7747,-63.54883158993744
-0.7757,-63.902509414903705
-0.7767000000000001,-64.51083527384567
-0.7777,-64.55327661284163
-0.7787000000000001,-65.38795627976201
-0.7797,-66.25093017267966
-0.7807000000000001,-66.68949067563783
-0.7817,-66.25093017267966
-0.7827000000000001,-67.34025787357575
-0.7837,-67.9202895065204
-0.7847000000000001,-68.04761352350828
-0.7857,-68.38714423547587
-0.7867000000000001,-69.3491479193841
-0.7877,-69.70282574435035
-0.7887000000000001,-70.31115160329232
-0.7897,-70.62238808926263
-0.7907000000000001,-70.8345947842424
-0.7917,-71.7965984681506
-0.7927000000000001,-72.48980700508447
-0.7937,-73.3669280110008
-0.7947000000000001,-72.97080884703858
-0.7957,-73.57913470598055
-0.7967000000000001,-74.58357972888473
-0.7977,-75.81437855976732
-0.7987000000000001,-75.46070073480107
-0.7997,-76.15390927173492
-0.8007000000000001,-77.20079563363505
-0.8017,-78.24768199553519
-0.8027000000000001,-78.60135982050144
-0.8037,-79.08236166245555
-0.8047000000000001,-80.12924802435568
-0.8057,-80.25657204134353
-0.8067000000000001,-80.82245656128954
-0.8077,-80.34145471933543
-0.8087000000000001,-81.43078242023151
-0.8097,-81.78446024519776
-0.8107000000000001,-83.18502443206415
-0.8117,-83.70846761301424
-0.8127000000000001,-84.13288100297372
-0.8137,-84.48655882793999
-0.8147000000000001,-84.75535397491434
-0.8157,-85.23635581686847
-0.8167000000000001,-86.45300753475239
-0.8177,-87.23109874967815
-0.8187000000000001,-88.23554377258235
-0.8197,-88.63166293654454
-0.8207000000000001,-89.32487147347842
-0.8217,-90.15955114039879
-0.8227000000000001,-90.24443381839069
-0.8237,-91.56011532726518
-0.8247000000000001,-92.16844118620713
-0.8257,-92.86164972314101
-0.8267000000000001,-92.73432570615316
-0.8277,-93.55485826007487
-0.8287000000000001,-95.26665893291157
-0.8297,-95.22421759391563
-0.8307000000000001,-96.21451550382113
-0.8317,-96.73795868477121
-0.8327000000000001,-96.5681933287874
-0.8337,-97.78484504667132
-0.8347000000000001,-98.49220069660386
-0.8357,-99.35517458952152
-0.8367000000000001,-99.75129375348374
-0.8377,-101.02453392336226
-0.8387000000000001,-101.76018379929208
-0.8397,-101.80262513828804
-0.8407000000000001,-102.67974614420436
-0.8417,-103.81151518409638
-0.8427000000000001,-104.81596020700057
-0.8437,-105.42428606594254
-0.8447000000000001,-106.0326119248845
-0.8457,-106.68337912282242
-0.8467000000000001,-107.87173661470905
-0.8477,-107.914177953705
-0.8487000000000001,-108.56494515164292
-0.8497,-110.1352746944931
-0.8507000000000001,-110.70115921443913
-0.8517,-111.7904869153352
-0.8527000000000001,-112.22904741829338
-0.8537,-112.83737327723534
-0.8547000000000001,-113.75693562214758
-0.8557,-113.96914231712736
-0.8567000000000001,-115.19994114800993
-0.8577,-116.14779771891952
-0.8587000000000001,-117.10980140282774
-0.8597,-117.85959839175621
-0.8607000000000001,-118.63768960668197
-0.8617,-119.51481061259831
-0.8626999999999999,-120.20801914953216
-0.8637,-120.68902099148629
-0.8646999999999999,-121.69346601439047
-0.8657,-122.74035237629057
-0.8666999999999999,-123.1364715402528
-0.8677,-123.87212141618261
-0.8686999999999999,-125.04633179507057
-0.8697,-126.05077681797478
-0.8706999999999999,-126.5317786599289
-0.8717,-127.66354769982091
-0.8726999999999999,-128.54066870573723
-0.8737,-128.85190519170752
-0.8746999999999999,-129.89879155360765
-0.8757,-131.5115624354538
-0.8766999999999999,-131.63888645244168
-0.8777,-132.81309683132966
-0.8786999999999999,-133.20921599529186
-0.8797,-134.29854369618792
-0.8806999999999999,-135.3029887190921
-0.8817,-135.6142252050624
-0.8826999999999999,-136.66111156696255
-0.8837,-137.87776328484648
-0.8846999999999999,-139.05197366373446
-0.8857,-139.1792976807223
-0.8866999999999999,-139.22173901971826
-0.8857,-139.13685634172634
-0.8846999999999999,-139.3207688107088
-0.8837,-137.70799792886265
-0.8826999999999999,-137.3543201038964
-0.8817,-137.1845547479126
-0.8806999999999999,-135.99619725602597
-0.8797,-136.13766838601245
-0.8786999999999999,-135.5576367530678
-0.8777,-134.69466286015015
-0.8766999999999999,-133.52045248126214
-0.8757,-133.4214226902716
-0.8746999999999999,-132.7706554923337
-0.8737,-132.72821415333775
-0.8726999999999999,-131.68132779143764
-0.8717,-130.8042067855213
-0.8706999999999999,-130.32320494356716
-0.8697,-130.23832226557528
-0.8686999999999999,-129.33290703366166
-0.8677,-128.32846201075745
-0.8666999999999999,-128.2294322197669
-0.8657,-128.05966686378312
-0.8646999999999999,-127.62110636082497
-0.8637,-127.36645832684925
-0.8626999999999999,-127.57866502182902
-0.8617,-127.28157564885734
-0.8607000000000001,-126.3195719649491
-0.8597,-125.14536158606113
-0.8587000000000001,-125.14536158606113
-0.8577,-124.7916837610949
-0.8567000000000001,-123.4760022522204
-0.8557,-122.69791103729463
-0.8547000000000001,-122.0471438393567
-0.8537,-121.73590735338641
-0.8527000000000001,-120.56169697449842
-0.8517,-120.08069513254432
-0.8507000000000001,-119.51481061259831
-0.8497,-118.76501362366983
-0.8487000000000001,-117.3785965498021
-0.8477,-117.29371387181018
-0.8467000000000001,-116.54391688288172
-0.8457,-115.76582566795594
-0.8447000000000001,-115.10091135701937
-0.8437,-114.3228201420936
-0.8427000000000001,-113.79937696114357
-0.8417,-113.44569913617728
-0.8407000000000001,-112.75249059924342
-0.8397,-112.3563714352812
-0.8387000000000001,-112.01684072331359
-0.8377,-110.82848323142699
-0.8367000000000001,-110.48895251945936
-0.8357,-109.00350565460108
-0.8347000000000001,-109.00350565460108
-0.8337,-108.52250381264696
-0.8327000000000001,-107.64538280673065
-0.8317,-106.55605510583456
-0.8307000000000001,-106.68337912282242
-0.8297,-105.73552255191284
-0.8287000000000001,-105.29696204895468
-0.8277,-104.25007568705455
-0.8267000000000001,-104.16519300906265
-0.8257,-103.41539602013418
-0.8247000000000001,-102.59486346621246
-0.8237,-102.4958336752219
-0.8227000000000001,-102.02897894626645
-0.8217,-101.19429927934607
-0.8207000000000001,-100.71329743739196
-0.8197,-100.14741291744595
-0.8187000000000001,-98.93076119956201
-0.8177,-99.01564387755391
-0.8167000000000001,-98.83173140857146
-0.8157,-97.69996236867944
-0.8147000000000001,-97.4877556736997
-0.8137,-96.5681933287874
-0.8127000000000001,-95.47886562789132
-0.8117,-95.08274646392913
-0.8107000000000001,-95.04030512493317
-0.8097,-94.47442060498715
-0.8087000000000001,-93.13044487011537
-0.8077,-92.90409106213696
-0.8067000000000001,-92.6070016891653
-0.8057,-92.25332386419905
-0.8047000000000001,-91.85720470023682
-0.8037,-90.47078762636909
-0.8027000000000001,-89.94734444541903
-0.8017,-89.72099063744062
-0.8007000000000001,-89.32487147347842
-0.7997,-88.8438696315243
-0.7987000000000001,-87.75454193062824
-0.7977,-87.18865741068221
-0.7967000000000001,-86.49544887374834
-0.7957,-86.18421238777805
-0.7947000000000001,-85.57588652883607
-0.7937,-84.96756066989411
-0.7927000000000001,-84.7977953139103
-0.7917,-84.13288100297372
-0.7907000000000001,-83.79335029100612
-0.7897,-83.14258309306821
-0.7887000000000001,-82.22302074815593
-0.7877,-82.22302074815593
-0.7867000000000001,-81.82690158419373
-0.7857,-80.90733923928146
-0.7847000000000001,-80.04436534636378
-0.7837,-79.33700969643127
-0.7827000000000001,-78.72868383748929
-0.7817,-78.55891848150549
-0.7807000000000001,-78.24768199553519
-0.7797,-77.68179747558916
-0.7787000000000001,-76.63491111368903
-0.7777,-76.06902659374302
-0.7767000000000001,-76.02658525474708
-0.7757,-75.71534876877676
-0.7747,-75.02214023184291
-0.7736999999999999,-74.28649035591307
-0.7727,-74.58357972888473
-0.7716999999999999,-73.49425202798865
-0.7707,-72.97080884703858
-0.7696999999999999,-72.27760031010472
-0.7687,-72.15027629311687
-0.7676999999999999,-71.2307139482046
-0.7667,-70.79215344524643
-0.7656999999999999,-70.53750541127073
-0.7647,-70.09894490831257
-0.7636999999999999,-69.78770842234226
-0.7627,-68.78326339943808
-0.7616999999999999,-68.86814607742998
-0.7607,-68.48617402646643
-0.7596999999999999,-68.0051721845123
-0.7587,-67.2978165345798
-0.7576999999999999,-66.73193201463377
-0.7567,-65.76992833072556
-0.7556999999999999,-65.5577216357458
-0.7547,-65.16160247178358
-0.7536999999999999,-65.16160247178358
-0.7527,-64.55327661284163
-0.7516999999999999,-63.6761556069253
-0.7507,-63.5063902509415
-0.7496999999999999,-63.20930087796983
-0.7487,-62.64341635802381
-0.7476999999999999,-62.33217987205352
-0.7467,-61.72385401311155
-0.7456999999999999,-61.455058866137186
-0.7447,-60.40817250423707
-0.7436999999999999,-60.28084848724921
-0.7427,-59.9696120012789
-0.7416999999999999,-59.92717066228296
-0.7407,-59.23396212534908
-0.7396999999999999,-58.017310407465146
-0.7387,-57.66363258249889
-0.7376999999999999,-57.53630856551105
-0.7367,-57.22507207954074
-0.7357000000000001,-57.45142588751914
-0.7347,-57.097748062552874
-0.7337000000000001,-56.404539525619015
-0.7327,-55.484977180706736
-0.7317000000000001,-55.56985985869864
-0.7307,-54.56541483579447
-0.7297000000000001,-54.791768643772876
-0.7287,-54.60785617479041
-0.7277000000000001,-54.43809081880661
-0.7267,-54.1268543328363
-0.7257000000000001,-52.69799591997262
-0.7247,-52.25943541701445
-0.7237000000000001,-52.075522948032
-0.7227,-51.86331625305225
-0.7217000000000001,-51.86331625305225
-0.7207,-51.46719708909004
-0.7197000000000001,-51.071077925127824
-0.7187,-49.76954352925199
-0.7177000000000001,-49.81198486824794
-0.7167,-49.41586570428573
-0.7157000000000001,-49.03389365332217
-0.7147,-48.80753984534376
-0.7137000000000001,-48.63777448935996
-0.7127,-48.156772647405845
-0.7117000000000001,-47.84553616143554
-0.7107,-46.586443104555656
-0.7097000000000001,-46.79864979953541
-0.7087,-46.501560426563756
-0.7077000000000001,-46.3176479575813
-0.7067,-46.10544126260155
-0.7057000000000001,-45.70932209863933
-0.7047,-44.93123088371356
-0.7037000000000001,-44.80390686672572
-0.7027,-44.4077877027635
-0.7017000000000001,-44.138992555789144
-0.7007,-44.011668538801295
-0.6997000000000001,-43.61554937483908
-0.6987,-42.92234083790521
-0.6977000000000001,-42.752575481921404
-0.6967,-42.6111043519349
-0.6957000000000001,-42.130102509980794
-0.6947,-41.83301313700913
-0.6937000000000001,-41.39445263405098
-0.6927,-41.139804600075266
-0.6917000000000001,-40.828568114104954
-0.6907,-40.51733162813464
-0.6897000000000001,-40.177800916167044
-0.6887,-39.696799074212926
-0.6877000000000001,-39.696799074212926
-0.6867,-39.47044526623452
-0.6857000000000001,-38.98944342428042
-0.6847,-38.29623488734655
-0.6837000000000001,-38.42355890433439
-0.6827,-37.90011572338433
-0.6817000000000001,-37.687909028404576
-0.6807,-37.51814367242077
-0.6797000000000001,-37.291789864442364
-0.6787,-36.6834640055004
-0.6777000000000001,-36.28734484153819
-0.6767,-36.07513814655844
-0.6757000000000001,-35.94781412957058
-0.6747,-35.46681228761647
-0.6737000000000001,-35.07069312365426
-0.6727,-34.8018979766799
-0.6717000000000001,-34.8018979766799
-0.6707,-34.67457395969205
-0.6697000000000001,-34.236013456733886
-0.6687,-33.627687597791926
-0.6677000000000001,-33.373039563816214
-0.6667,-33.18912709483376
-0.6657000000000001,-33.01936173884996
-0.6647,-32.84959638286615
-0.6637000000000001,-32.41103587990799
-0.6627,-32.14224073293363
-0.6617000000000001,-31.84515135996197
-0.6607,-31.802710020966025
-0.6597000000000001,-31.533914873991666
-0.6587,-31.095354371033505
-0.6577000000000001,-30.529469851087494
-0.6567,-30.402145834099635
-0.6557000000000001,-30.189939139119886
-0.6547,-30.00602667013743
-0.6537000000000001,-29.751378636161718
-0.6527,-29.35525947219951
-0.6517000000000001,-29.27037679420761
-0.6507,-29.100611438223805
-0.6497,-28.8742576302454
-0.6486999999999999,-28.619609596269694
-0.6477,-28.435697127287238
-0.6466999999999999,-28.308373110299385
-0.6457,-28.05372507632368
-0.6446999999999999,-27.65760591236147
-0.6437,-27.615164573365515
-0.6426999999999999,-27.303928087395207
-0.6417,-27.134162731411404
-0.6406999999999999,-26.69560222845324
-0.6397,-26.440954194477534
-0.6386999999999999,-26.21460038649913
-0.6377,-26.087276369511276
-0.6366999999999999,-25.648715866553115
-0.6357,-25.478950510569312
-0.6346999999999999,-25.04039000761115
-0.6337,-24.729153521640843
-0.6326999999999999,-24.474505487665134
-0.6317,-24.516946826661083
-0.6306999999999999,-24.559388165657033
-0.6297,-24.290593018682678
-0.6286999999999999,-24.120827662698876
-0.6277,-24.035944984706973
-0.6266999999999999,-23.767149837732617
-0.6257,-23.385177786769056
-0.6246999999999999,-23.15882397879065
-0.6237,-22.63538079784059
-0.6226999999999999,-22.38073276386488
-0.6217,-22.295850085872978
-0.6206999999999999,-22.111937616890522
-0.6197,-21.63093577493641
-0.6186999999999999,-21.503611757948562
-0.6177,-21.333846401964752
-0.6166999999999999,-21.291405062968803
-0.6157,-21.248963723972853
-0.6146999999999999,-21.065051254990397
-0.6137,-20.89528589900659
-0.6126999999999999,-20.72552054302279
-0.6117,-20.286960040064624
-0.6107000000000001,-20.10304757108217
-0.6097,-20.10304757108217
-0.6087000000000001,-19.805958198110513
-0.6077,-19.49472171214021
-0.6067000000000001,-19.197632339168546
-0.6057,-18.97127853119014
-0.6047000000000001,-18.97127853119014
-0.6037,-18.88639585319824
-0.6027000000000001,-18.759071836210385
-0.6017,-18.362952672248177
-0.6007000000000001,-18.23562865526032
-0.5997,-18.06586329927652
-0.5987000000000001,-18.009274847281915
-0.5977,-17.839509491298113
-0.5967000000000001,-17.669744135314307
-0.5957,-17.48583166633185
-0.5947000000000001,-17.2736249713521
-0.5937,-17.018976937376394
-0.5927000000000001,-16.792623129397985
-0.5917,-16.622857773414182
-0.5907000000000001,-16.53797509542228
-0.5897,-16.184297270456018
-0.5887000000000001,-15.91550212348166
-0.5877,-15.74573676749786
-0.5867000000000001,-15.575971411514052
-0.5857,-15.264734925543747
-0.5847000000000001,-15.137410908555893
-0.5837,-15.179852247551842
-0.5827000000000001,-15.01008689156804
-0.5817,-14.967645552572087
-0.5807000000000001,-14.826174422585586
-0.5797,-14.65640906660178
-0.5787000000000001,-14.57152638860988
-0.5777,-14.444202371622024
-0.5767000000000001,-14.30273124163552
-0.5757,-14.175407224647667
-0.5747000000000001,-13.960371107068182
-0.5737,-13.872659006476551
-0.5727000000000001,-13.784946905884919
-0.5717,-13.610937416001518
-0.5707000000000001,-13.349215825526485
-0.5697,-13.217647674639037
-0.5687000000000001,-12.781916594280606
-0.5677,-12.651763154693022
-0.5667000000000001,-12.520195003805576
-0.5657,-12.432482903213943
-0.5647000000000001,-12.346185513922174
-0.5637,-12.170761312738911
-0.5627000000000001,-12.084463923447142
-0.5617,-11.86659838326793
-0.5607000000000001,-11.86659838326793
-0.5597,-11.691174182084664
-0.5587000000000001,-11.517164692201263
-0.5577,-11.473308641905447
-0.5567000000000001,-11.385596541313816
-0.5557,-11.255443101726232
-0.5547000000000001,-11.081433611842833
-0.5537,-11.037577561547016
-0.5527000000000001,-10.906009410659568
-0.5517,-10.688143870480351
-0.5507000000000001,-10.644287820184536
-0.5497,-10.557990430892769
-0.5487000000000001,-10.382566229709504
-0.5477,-10.208556739826104
-0.5467000000000001,-10.120844639234473
-0.5457,-9.99069119964689
-0.5447000000000001,-9.902979099055257
-0.5437,-9.728969609171857
-0.5427000000000001,-9.467248018696827
-0.5417,-9.24938247851761
-0.5407000000000001,-9.11781432763016
-0.5397,-9.161670377925978
-0.5387000000000001,-9.073958277334345
-0.5377,-8.943804837746763
-0.5367000000000001,-8.85609273715513
-0.5357,-8.725939297567548
-0.5347000000000001,-8.638227196975913
-0.5337,-8.55051509638428
-0.5327000000000001,-8.4203616567967
-0.5317,-8.376505606500881
-0.5307000000000001,-8.246352166913299
-0.5297,-8.11478401602585
-0.5287000000000001,-8.070927965730034
-0.5277,-7.984630576438266
-0.5267000000000001,-7.853062425550818
-0.5257,-7.722908985963235
-0.5247,-7.591340835075788
-0.5236999999999999,-7.50504344578402
-0.5227,-7.4173313451923875
-0.5216999999999999,-7.28576319430494
-0.5207,-7.243321855308987
-0.5196999999999999,-7.155609754717355
-0.5187,-7.067897654125724
-0.5176999999999999,-6.893888164242324
-0.5167,-6.850032113946507
-0.5156999999999999,-6.806176063650692
-0.5147,-6.719878674358924
-0.5136999999999999,-6.588310523471475
-0.5127,-6.458157083883892
-0.5116999999999999,-6.414301033588076
-0.5107,-6.326588932996443
-0.5096999999999999,-6.238876832404812
-0.5087,-6.196435493408861
-0.5076999999999999,-6.108723392817228
-0.5067,-6.021011292225596
-0.5056999999999999,-5.9347139029338285
-0.5047,-5.847001802342197
-0.5036999999999999,-5.759289701750564
-0.5027,-5.585280211867165
-0.5016999999999999,-5.497568111275533
-0.5007,-5.367414671687949
-0.4996999999999999,-5.323558621392133
-0.49870000000000003,-5.235846520800501
-0.4976999999999999,-5.235846520800501
-0.49670000000000003,-5.149549131508733
-0.4956999999999999,-5.0618370309171015
-0.49470000000000003,-4.974124930325469
-0.4936999999999999,-4.887827541033701
-0.4927,-4.800115440442069
-0.4916999999999999,-4.800115440442069
-0.4907,-4.712403339850438
-0.4896999999999999,-4.626105950558669
-0.4887,-4.538393849967037
-0.4876999999999999,-4.450681749375406
-0.4867,-4.406825699079589
-0.48570000000000013,-4.3205283097878215
-0.4847,-4.276672259492005
-0.48370000000000013,-4.23281620919619
-0.4827,-4.1889601589003735
-0.48170000000000013,-4.146518819904423
-0.4807,-4.0588067193127895
-0.4797000000000001,-3.971094618721158
-0.4787,-3.927238568425342
-0.4777000000000001,-3.840941179133574
-0.4767,-3.7970851288377587
-0.4757000000000001,-3.7532290785419424
-0.4747,-3.6655169779503103
-0.4737000000000001,-3.623075638954359
-0.4727,-3.579219588658543
-0.4717000000000001,-3.4915074880669104
-0.4707,-3.447651437771094
-0.4697000000000001,-3.361354048479327
-0.4687,-3.361354048479327
-0.4677000000000001,-3.273641947887695
-0.4667,-3.2297858975918787
-0.4657000000000001,-3.1859298472960624
-0.4647,-3.1420737970002466
-0.4637000000000001,-3.055776407708479
-0.4627,-3.0119203574126634
-0.4617000000000001,-2.968064307116847
-0.4607,-2.924208256821031
-0.4597000000000001,-2.8803522065252145
-0.4587,-2.8379108675292635
-0.4577000000000001,-2.794054817233447
-0.4567,-2.706342716641815
-0.4557000000000001,-2.706342716641815
-0.4547,-2.618630616050183
-0.4537000000000001,-2.576189277054232
-0.4527,-2.532333226758415
-0.4517000000000001,-2.4884771764625997
-0.4507,-2.4446211261667834
-0.4497000000000001,-2.4007650758709675
-0.4487,-2.3569090255751513
-0.4477000000000001,-2.3569090255751513
-0.4467,-2.3144676865791998
-0.4457000000000001,-2.2706116362833835
-0.4447,-2.226755585987568
-0.4437000000000001,-2.1828995356917518
-0.4427,-2.1390434853959355
-0.4417000000000001,-2.095187435100119
-0.4407,-2.052746096104168
-0.4397000000000001,-2.008890045808352
-0.4387,-1.9650339955125358
-0.4377000000000001,-1.92117794521672
-0.4367,-1.92117794521672
-0.4357000000000001,-1.8773218949209036
-0.4347,-1.8334658446250875
-0.4337000000000001,-1.7910245056291363
-0.4327,-1.7471684553333202
-0.4317000000000001,-1.7471684553333202
-0.43069999999999997,-1.7033124050375041
-0.4297000000000001,-1.7033124050375041
-0.42869999999999997,-1.6156003044458718
-0.4277000000000001,-1.6156003044458718
-0.42669999999999997,-1.5717442541500557
-0.4257000000000001,-1.5293029151541047
-0.42469999999999997,-1.5293029151541047
-0.4237000000000001,-1.4854468648582886
-0.42269999999999996,-1.4415908145624723
-0.4217000000000001,-1.3980177065266295
-0.42069999999999996,-1.3980177065266295
-0.4197000000000001,-1.3543031273607997
-0.41869999999999996,-1.3107300193249565
-0.41770000000000007,-1.3107300193249565
-0.41669999999999996,-1.2671569112891135
-0.41570000000000007,-1.2671569112891135
-0.41469999999999996,-1.2234423321232837
-0.41370000000000007,-1.1798692240874404
-0.41269999999999996,-1.1798692240874404
-0.41170000000000007,-1.1362961160515976
-0.41069999999999995,-1.0925815368857679
-0.40970000000000006,-1.0925815368857679
-0.40869999999999995,-1.0925815368857679
-0.40770000000000006,-1.0490084288499246
-0.40669999999999995,-1.0490084288499246
-0.40570000000000006,-1.0054353208140816
-0.40469999999999995,-1.0054353208140816
-0.40370000000000006,-0.9617207416482519
-0.40269999999999995,-0.9617207416482519
-0.40170000000000006,-0.9181476336124089
-0.40069999999999995,-0.9181476336124089
-0.39970000000000006,-0.8745745255765657
-0.39869999999999994,-0.8745745255765657
-0.39770000000000005,-0.8308599464107361
-0.39669999999999994,-0.8308599464107361
-0.39570000000000005,-0.8308599464107361
-0.39469999999999994,-0.7872868383748929
-0.39370000000000005,-0.7872868383748929
-0.39269999999999994,-0.7437137303390498
-0.39170000000000005,-0.7437137303390498
-0.39069999999999994,-0.7001406223032067
-0.38970000000000005,-0.7001406223032067
-0.38869999999999993,-0.7001406223032067
-0.38770000000000004,-0.7001406223032067
-0.38669999999999993,-0.6564260431373771
-0.38570000000000004,-0.6128529351015338
-0.38469999999999993,-0.6128529351015338
-0.38370000000000004,-0.6128529351015338
-0.38269999999999993,-0.6128529351015338
-0.38170000000000004,-0.5692798270656908
-0.3806999999999999,-0.5692798270656908
-0.37970000000000004,-0.5692798270656908
-0.3786999999999999,-0.5255652478998613
-0.37770000000000004,-0.5255652478998613
-0.3766999999999999,-0.5255652478998613
-0.37570000000000003,-0.48199213986401795
-0.3746999999999999,-0.48199213986401795
-0.37370000000000003,-0.4384190318281749
-0.3726999999999999,-0.4384190318281749
-0.37170000000000003,-0.4384190318281749
-0.3706999999999999,-0.4384190318281749
-0.36970000000000003,-0.3947044526623452
-0.3686999999999999,-0.3947044526623452
-0.3677,-0.3947044526623452
-0.3666999999999999,-0.3947044526623452
-0.3657,-0.3947044526623452
-0.3646999999999999,-0.3511313446265021
-0.3637,-0.3511313446265021
-0.3626999999999999,-0.3511313446265021
-0.3617,-0.3511313446265021
-0.36070000000000013,-0.30755823659065895
-0.3597,-0.30755823659065895
-0.35870000000000013,-0.30755823659065895
-0.3577,-0.30755823659065895
-0.35670000000000013,-0.26384365742482935
-0.3557,-0.26384365742482935
-0.3547000000000001,-0.26384365742482935
-0.3537,-0.26384365742482935
-0.3527000000000001,-0.26384365742482935
-0.3517,-0.26384365742482935
-0.3507000000000001,-0.2202705493889862
-0.3497,-0.2202705493889862
-0.3487000000000001,-0.2202705493889862
-0.3477,-0.2202705493889862
-0.3467000000000001,-0.2202705493889862
-0.3457,-0.1766974413531431
-0.3447000000000001,-0.1766974413531431
-0.3437,-0.1766974413531431
-0.3427000000000001,-0.1766974413531431
-0.3417,-0.1766974413531431
-0.3407000000000001,-0.1766974413531431
-0.3397,-0.1330535977523067
-0.3387000000000001,-0.1330535977523067
-0.3377,-0.1330535977523067
-0.3367000000000001,-0.1330535977523067
-0.3357,-0.1330535977523067
-0.3347000000000001,-0.1330535977523067
-0.3337,-0.1330535977523067
-0.3327000000000001,-0.1330535977523067
-0.3317,-0.1330535977523067
-0.3307000000000001,-0.08943804837746762
-0.3297,-0.08943804837746762
-0.3287000000000001,-0.08943804837746762
-0.3277,-0.08943804837746762
-0.3267000000000001,-0.08943804837746762
-0.3257,-0.08943804837746762
-0.3247000000000001,-0.08943804837746762
-0.3237,-0.08943804837746762
-0.3227000000000001,-0.04582249900262853
-0.3217,-0.04582249900262853
-0.3207000000000001,-0.04582249900262853
-0.3197,-0.04582249900262853
-0.3187000000000001,-0.04582249900262853
-0.3177,-0.04582249900262853
-0.3167000000000001,-0.04582249900262853
-0.3157,-0.04582249900262853
-0.3147000000000001,-0.04582249900262853
-0.3137,-0.04582249900262853
-0.3127000000000001,-0.04582249900262853
-0.3117,-0.04582249900262853
-0.3107000000000001,-0.04582249900262853
-0.3097,-0.002205534916489592
-0.3087000000000001,-0.002205534916489592
-0.3077,-0.002205534916489592
-0.3067000000000001,-0.002205534916489592
-0.30569999999999997,-0.002205534916489592
-0.3047000000000001,-0.002205534916489592
-0.30369999999999997,-0.002205534916489592
-0.3027000000000001,-0.002205534916489592
-0.30169999999999997,-0.002205534916489592
-0.3007000000000001,-0.002205534916489592
-0.29969999999999997,-0.002205534916489592
-0.2987000000000001,-0.002205534916489592
-0.29769999999999996,-0.002205534916489592
-0.2967000000000001,-0.002205534916489592
-0.29569999999999996,-0.002205534916489592
-0.2947000000000001,-0.002205534916489592
-0.29369999999999996,-0.002205534916489592
-0.29270000000000007,-0.002205534916489592
-0.29169999999999996,-0.002205534916489592
-0.29070000000000007,0.04140859974704963
-0.28969999999999996,0.04140859974704963
-0.28870000000000007,0.04140859974704963
-0.28769999999999996,0.04140859974704963
-0.28670000000000007,0.04140859974704963
-0.28569999999999995,0.04140859974704963
-0.28470000000000006,0.04140859974704963
-0.28369999999999995,0.04140859974704963
-0.28270000000000006,0.04140859974704963
-0.28169999999999995,0.04140859974704963
-0.28070000000000006,0.04140859974704963
-0.27969999999999995,0.04140859974704963
-0.27870000000000006,0.04140859974704963
-0.27769999999999995,0.04140859974704963
-0.27670000000000006,0.04140859974704963
-0.27569999999999995,0.04140859974704963
-0.27470000000000006,0.04140859974704963
-0.27369999999999994,0.04140859974704963
-0.27270000000000005,0.04140859974704963
-0.27169999999999994,0.04140859974704963
-0.27070000000000005,0.04140859974704963
-0.26969999999999994,0.04140859974704963
-0.26870000000000005,0.04140859974704963
-0.26769999999999994,0.04140859974704963
-0.26670000000000005,0.08502414912188871
-0.26569999999999994,0.04140859974704963
-0.26470000000000005,0.04140859974704963
-0.26369999999999993,0.04140859974704963
-0.26270000000000004,0.08502414912188871
-0.26169999999999993,0.08502414912188871
-0.26070000000000004,0.08502414912188871
-0.25969999999999993,0.08502414912188871
-0.25870000000000004,0.08502414912188871
-0.25769999999999993,0.08502414912188871
-0.25670000000000004,0.08502414912188871
-0.2556999999999999,0.04140859974704963
-0.25470000000000004,0.08502414912188871
-0.2536999999999999,0.08502414912188871
-0.25270000000000004,0.08502414912188871
-0.2516999999999999,0.08502414912188871
-0.25070000000000003,0.08502414912188871
-0.24969999999999992,0.08502414912188871
-0.24870000000000003,0.08502414912188871
-0.24769999999999992,0.08502414912188871
-0.24670000000000003,0.08502414912188871
-0.24569999999999992,0.08502414912188871
-0.24470000000000003,0.08502414912188871
-0.24369999999999992,0.08502414912188871
-0.24270000000000003,0.08502414912188871
-0.24169999999999991,0.08502414912188871
-0.24070000000000003,0.08502414912188871
-0.2396999999999999,0.08502414912188871
-0.23870000000000002,0.08502414912188871
-0.2376999999999999,0.08502414912188871
-0.23670000000000002,0.08502414912188871
-0.23570000000000013,0.08502414912188871
-0.23470000000000002,0.08502414912188871
-0.23370000000000013,0.08502414912188871
-0.23270000000000002,0.08502414912188871
-0.23170000000000013,0.08502414912188871
-0.23070000000000002,0.08502414912188871
-0.22970000000000013,0.08502414912188871
-0.22870000000000001,0.08502414912188871
-0.22770000000000012,0.08502414912188871
-0.2267,0.08502414912188871
-0.22570000000000012,0.08502414912188871
-0.2247,0.08502414912188871
-0.22370000000000012,0.08502414912188871
-0.2227,0.08502414912188871
-0.22170000000000012,0.08502414912188871
-0.2207,0.08502414912188871
-0.21970000000000012,0.08502414912188871
-0.2187,0.08502414912188871
-0.21770000000000012,0.08502414912188871
-0.2167,0.08502414912188871
-0.2157000000000001,0.08502414912188871
-0.2147,0.08502414912188871
-0.2137000000000001,0.08502414912188871
-0.2127,0.08502414912188871
-0.2117000000000001,0.08502414912188871
-0.2107,0.12863969849672777
-0.2097000000000001,0.08502414912188871
-0.2087,0.08502414912188871
-0.2077000000000001,0.12863969849672777
-0.2067,0.12863969849672777
-0.2057000000000001,0.12863969849672777
-0.2047,0.08502414912188871
-0.2037000000000001,0.12863969849672777
-0.2027,0.08502414912188871
-0.2017000000000001,0.08502414912188871
-0.2007,0.12863969849672777
-0.1997000000000001,0.08502414912188871
-0.1987,0.08502414912188871
-0.1977000000000001,0.08502414912188871
-0.19669999999999999,0.12863969849672777
-0.1957000000000001,0.12863969849672777
-0.19469999999999998,0.08502414912188871
-0.1937000000000001,0.08502414912188871
-0.19269999999999998,0.12863969849672777
-0.1917000000000001,0.08502414912188871
-0.1907000000000001,0.12863969849672777
-0.1897000000000002,0.12863969849672777
-0.1887000000000001,0.08502414912188871
-0.1877000000000002,0.12863969849672777
-0.1867000000000001,0.12863969849672777
-0.1857000000000002,0.08502414912188871
-0.1847000000000001,0.12863969849672777
-0.1837000000000002,0.12863969849672777
-0.18270000000000008,0.12863969849672777
-0.1817000000000002,0.12863969849672777
-0.18070000000000008,0.12863969849672777
-0.1797000000000002,0.12863969849672777
-0.17870000000000008,0.08502414912188871
-0.1777000000000002,0.12863969849672777
-0.17670000000000008,0.12863969849672777
-0.1757000000000002,0.12863969849672777
-0.17470000000000008,0.12863969849672777
-0.1737000000000002,0.12863969849672777
-0.17270000000000008,0.12863969849672777
-0.17170000000000019,0.12863969849672777
-0.17070000000000007,0.12863969849672777
-0.16970000000000018,0.12863969849672777
-0.16870000000000007,0.12863969849672777
-0.16770000000000018,0.12863969849672777
-0.16670000000000007,0.12863969849672777
-0.16570000000000018,0.12863969849672777
-0.16470000000000007,0.12863969849672777
-0.16370000000000018,0.12863969849672777
-0.16270000000000007,0.12863969849672777
-0.16170000000000018,0.08502414912188871
-0.16070000000000007,0.12863969849672777
-0.15970000000000018,0.12863969849672777
-0.15870000000000006,0.12863969849672777
-0.15770000000000017,0.12863969849672777
-0.15670000000000006,0.12863969849672777
-0.15570000000000017,0.12863969849672777
-0.15470000000000006,0.12863969849672777
-0.15370000000000017,0.12863969849672777
-0.15270000000000006,0.12863969849672777
-0.15170000000000017,0.12863969849672777
-0.15070000000000006,0.12863969849672777
-0.14970000000000017,0.12863969849672777
-0.14870000000000005,0.12863969849672777
-0.14770000000000016,0.12863969849672777
-0.14670000000000005,0.12863969849672777
-0.14570000000000016,0.12863969849672777
-0.14470000000000005,0.12863969849672777
-0.14370000000000016,0.12863969849672777
-0.14270000000000005,0.12863969849672777
-0.14170000000000016,0.12863969849672777
-0.14070000000000005,0.12863969849672777
-0.13970000000000016,0.12863969849672777
-0.13870000000000005,0.12863969849672777
-0.13770000000000016,0.12863969849672777
-0.13670000000000004,0.12863969849672777
-0.13570000000000015,0.12863969849672777
-0.13470000000000004,0.12863969849672777
-0.13370000000000015,0.12863969849672777
-0.13270000000000004,0.12863969849672777
-0.13170000000000015,0.12863969849672777
-0.13070000000000004,0.12863969849672777
-0.12970000000000015,0.12863969849672777
-0.12870000000000004,0.12863969849672777
-0.12770000000000015,0.12863969849672777
-0.12670000000000003,0.12863969849672777
-0.12570000000000014,0.12863969849672777
-0.12470000000000003,0.12863969849672777
-0.12370000000000014,0.12863969849672777
-0.12270000000000003,0.12863969849672777
-0.12170000000000014,0.12863969849672777
-0.12070000000000003,0.12863969849672777
-0.11970000000000014,0.12863969849672777
-0.11870000000000003,0.12863969849672777
-0.11770000000000014,0.12863969849672777
-0.11670000000000003,0.12863969849672777
-0.11570000000000014,0.12863969849672777
-0.11470000000000002,0.12863969849672777
-0.11370000000000013,0.12863969849672777
-0.11270000000000002,0.12863969849672777
-0.11170000000000013,0.12863969849672777
-0.11070000000000024,0.17231183632356148
-0.10970000000000013,0.12863969849672777
-0.10870000000000024,0.12863969849672777
-0.10770000000000013,0.12863969849672777
-0.10670000000000024,0.17231183632356148
-0.10570000000000013,0.12863969849672777
-0.10470000000000024,0.17231183632356148
-0.10370000000000013,0.17231183632356148
-0.10270000000000024,0.17231183632356148
-0.10170000000000012,0.17231183632356148
-0.10070000000000023,0.17231183632356148
-0.09970000000000012,0.17231183632356148
-0.09870000000000023,0.12863969849672777
-0.09770000000000012,0.17231183632356148
-0.09670000000000023,0.17231183632356148
-0.09570000000000012,0.17231183632356148
-0.09470000000000023,0.17231183632356148
-0.09370000000000012,0.17231183632356148
-0.09270000000000023,0.17231183632356148
-0.09170000000000011,0.17231183632356148
-0.09070000000000022,0.12863969849672777
-0.08970000000000011,0.17231183632356148
-0.08870000000000022,0.17231183632356148
-0.08770000000000011,0.17231183632356148
-0.08670000000000022,0.17231183632356148
-0.08570000000000011,0.17231183632356148
-0.08470000000000022,0.17231183632356148
-0.08370000000000011,0.17231183632356148
-0.08270000000000022,0.17231183632356148
-0.0817000000000001,0.17231183632356148
-0.08070000000000022,0.17231183632356148
-0.0797000000000001,0.17231183632356148
-0.07870000000000021,0.17231183632356148
-0.0777000000000001,0.17231183632356148
-0.07670000000000021,0.17231183632356148
-0.0757000000000001,0.17231183632356148
-0.07470000000000021,0.17231183632356148
-0.0737000000000001,0.17231183632356148
-0.07270000000000021,0.17231183632356148
-0.0717000000000001,0.17231183632356148
-0.07070000000000021,0.17231183632356148
-0.0697000000000001,0.17231183632356148
-0.0687000000000002,0.17231183632356148
-0.0677000000000001,0.17231183632356148
-0.0667000000000002,0.17231183632356148
-0.06570000000000009,0.17231183632356148
-0.0647000000000002,0.17231183632356148
-0.06370000000000009,0.17231183632356148
-0.0627000000000002,0.17231183632356148
-0.06170000000000009,0.17231183632356148
-0.0607000000000002,0.17231183632356148
-0.059700000000000086,0.17231183632356148
-0.058700000000000196,0.17231183632356148
-0.057700000000000085,0.17231183632356148
-0.056700000000000195,0.17231183632356148
-0.05570000000000008,0.17231183632356148
-0.05470000000000019,0.17231183632356148
-0.05370000000000008,0.17231183632356148
-0.05270000000000019,0.21588494435940458
-0.05170000000000008,0.17231183632356148
-0.05070000000000019,0.17231183632356148
-0.04970000000000008,0.21588494435940458
-0.04870000000000019,0.21588494435940458
-0.047700000000000076,0.21588494435940458
-0.046700000000000186,0.21588494435940458
-0.045700000000000074,0.21588494435940458
-0.044700000000000184,0.21588494435940458
-0.04370000000000007,0.21588494435940458
-0.04270000000000018,0.21588494435940458
-0.04170000000000007,0.17231183632356148
-0.04070000000000018,0.21588494435940458
-0.03970000000000007,0.21588494435940458
-0.03870000000000018,0.21588494435940458
-0.03770000000000007,0.21588494435940458
-0.03670000000000018,0.21588494435940458
-0.035700000000000065,0.21588494435940458
-0.034700000000000175,0.21588494435940458
-0.03370000000000006,0.21588494435940458
-0.03270000000000017,0.21588494435940458
-0.03170000000000006,0.21588494435940458
-0.03070000000000017,0.21588494435940458
-0.02970000000000006,0.21588494435940458
-0.02870000000000017,0.21588494435940458
-0.027700000000000058,0.21588494435940458
-0.026700000000000168,0.21588494435940458
-0.025700000000000056,0.21588494435940458
-0.024700000000000166,0.21588494435940458
-0.023700000000000054,0.21588494435940458
-0.022700000000000164,0.21588494435940458
-0.021700000000000053,0.21588494435940458
-0.020700000000000163,0.21588494435940458
-0.01970000000000005,0.21588494435940458
-0.01870000000000016,0.21588494435940458
-0.01770000000000005,0.21588494435940458
-0.01670000000000016,0.21588494435940458
-0.015700000000000047,0.21588494435940458
-0.014700000000000157,0.21588494435940458
-0.013700000000000045,0.21588494435940458
-0.012700000000000156,0.21588494435940458
-0.011700000000000044,0.2594580523952477
-0.010700000000000154,0.21588494435940458
-0.009700000000000042,0.21588494435940458
-0.008700000000000152,0.21588494435940458
-0.00770000000000004,0.21588494435940458
-0.00670000000000015,0.21588494435940458
-0.005700000000000038,0.2594580523952477
-0.0047000000000001485,0.21588494435940458
-0.0037000000000000366,0.2594580523952477
-0.0027000000000001467,0.2594580523952477
-0.0017000000000000348,0.21588494435940458
-0.000700000000000145,0.2594580523952477
0.00029999999999996696,0.21588494435940458
0.0012999999999998568,0.2594580523952477
0.0022999999999999687,0.2594580523952477
0.0032999999999998586,0.2594580523952477
0.0042999999999999705,0.2594580523952477
0.00529999999999986,0.2594580523952477
0.006299999999999972,0.2594580523952477
0.007299999999999862,0.2594580523952477
0.008299999999999974,0.2594580523952477
0.009299999999999864,0.2594580523952477
0.010299999999999976,0.2594580523952477
0.011299999999999866,0.2594580523952477
0.012299999999999978,0.2594580523952477
