June 26, 2026   10:54:07
Cyclic Voltammetry
File: c:/users/guazh/data/20260623_doe_duplica2/2026-06-24-exp14\exp14-2026-06-26t10_29_18-h2koh\exp14_cv_sr_900mvs_efin_-1800mv.bin
Data Source:  Experiment
Instrument Model:  CHI760E
Header: CV ran at 900 mVs
Note: 

Init E (V) = -1
High E (V) = -1
Low E (V) = -1.8
Final E (V) = -1
Init P/N = N
Scan Rate (V/s) = 0.9
Segment = 3
Sample Interval (V) = 0.001
Quiet Time (sec) = 2
Sensitivity (A/V) = 0.01
Comp R (ohm) = 2.2

Results:

Channel 1:
Segment 1:

Segment 2:

Segment 3:

Potential/V, Current/A

-1.000, 1.559e-7
-1.001, 1.559e-7
-1.002, 3.239e-6
-1.003, 3.239e-6
-1.004, 3.239e-6
-1.005, 3.239e-6
-1.006, 3.239e-6
-1.007, 3.239e-6
-1.008, 3.239e-6
-1.009, 3.239e-6
-1.010, 3.239e-6
-1.011, 6.322e-6
-1.012, 6.322e-6
-1.013, 3.239e-6
-1.014, 6.322e-6
-1.015, 6.322e-6
-1.016, 6.322e-6
-1.017, 3.239e-6
-1.018, 6.322e-6
-1.019, 6.322e-6
-1.020, 6.322e-6
-1.021, 6.322e-6
-1.022, 6.322e-6
-1.023, 6.322e-6
-1.024, 6.322e-6
-1.025, 6.322e-6
-1.026, 6.322e-6
-1.027, 6.322e-6
-1.028, 6.322e-6
-1.029, 6.322e-6
-1.030, 6.322e-6
-1.031, 6.322e-6
-1.032, 9.405e-6
-1.033, 6.322e-6
-1.034, 6.322e-6
-1.035, 6.322e-6
-1.036, 6.322e-6
-1.037, 6.322e-6
-1.038, 6.322e-6
-1.039, 9.405e-6
-1.040, 6.322e-6
-1.041, 9.405e-6
-1.042, 6.322e-6
-1.043, 9.405e-6
-1.044, 9.405e-6
-1.045, 6.322e-6
-1.046, 9.405e-6
-1.047, 9.405e-6
-1.048, 9.405e-6
-1.049, 9.405e-6
-1.050, 9.405e-6
-1.051, 9.405e-6
-1.052, 9.405e-6
-1.053, 9.405e-6
-1.054, 9.405e-6
-1.055, 9.405e-6
-1.056, 9.405e-6
-1.057, 9.405e-6
-1.058, 9.405e-6
-1.059, 9.405e-6
-1.060, 9.405e-6
-1.061, 9.405e-6
-1.062, 9.405e-6
-1.063, 9.405e-6
-1.064, 9.405e-6
-1.065, 9.405e-6
-1.066, 9.405e-6
-1.067, 9.405e-6
-1.068, 9.405e-6
-1.069, 9.405e-6
-1.070, 9.405e-6
-1.071, 9.405e-6
-1.072, 9.405e-6
-1.073, 9.405e-6
-1.074, 9.405e-6
-1.075, 9.405e-6
-1.076, 1.249e-5
-1.077, 9.405e-6
-1.078, 1.249e-5
-1.079, 1.249e-5
-1.080, 9.405e-6
-1.081, 1.249e-5
-1.082, 1.249e-5
-1.083, 1.249e-5
-1.084, 1.249e-5
-1.085, 1.249e-5
-1.086, 1.249e-5
-1.087, 1.249e-5
-1.088, 1.249e-5
-1.089, 1.249e-5
-1.090, 1.249e-5
-1.091, 1.249e-5
-1.092, 1.249e-5
-1.093, 1.249e-5
-1.094, 1.249e-5
-1.095, 1.249e-5
-1.096, 1.249e-5
-1.097, 1.249e-5
-1.098, 1.249e-5
-1.099, 1.249e-5
-1.100, 1.249e-5
-1.101, 1.249e-5
-1.102, 1.249e-5
-1.103, 1.249e-5
-1.104, 1.249e-5
-1.105, 1.249e-5
-1.106, 1.249e-5
-1.107, 1.249e-5
-1.108, 1.249e-5
-1.109, 1.249e-5
-1.110, 1.249e-5
-1.111, 1.557e-5
-1.112, 1.249e-5
-1.113, 1.249e-5
-1.114, 1.249e-5
-1.115, 1.557e-5
-1.116, 1.557e-5
-1.117, 1.557e-5
-1.118, 1.249e-5
-1.119, 1.557e-5
-1.120, 1.557e-5
-1.121, 1.249e-5
-1.122, 1.557e-5
-1.123, 1.249e-5
-1.124, 1.557e-5
-1.125, 1.557e-5
-1.126, 1.557e-5
-1.127, 1.557e-5
-1.128, 1.249e-5
-1.129, 1.557e-5
-1.130, 1.557e-5
-1.131, 1.557e-5
-1.132, 1.557e-5
-1.133, 1.557e-5
-1.134, 1.557e-5
-1.135, 1.557e-5
-1.136, 1.557e-5
-1.137, 1.557e-5
-1.138, 1.557e-5
-1.139, 1.557e-5
-1.140, 1.557e-5
-1.141, 1.557e-5
-1.142, 1.557e-5
-1.143, 1.557e-5
-1.144, 1.557e-5
-1.145, 1.557e-5
-1.146, 1.557e-5
-1.147, 1.557e-5
-1.148, 1.557e-5
-1.149, 1.557e-5
-1.150, 1.557e-5
-1.151, 1.557e-5
-1.152, 1.865e-5
-1.153, 1.557e-5
-1.154, 1.865e-5
-1.155, 1.865e-5
-1.156, 1.557e-5
-1.157, 1.865e-5
-1.158, 1.557e-5
-1.159, 1.865e-5
-1.160, 1.865e-5
-1.161, 1.865e-5
-1.162, 1.865e-5
-1.163, 1.865e-5
-1.164, 1.865e-5
-1.165, 1.865e-5
-1.166, 1.865e-5
-1.167, 1.865e-5
-1.168, 1.865e-5
-1.169, 1.865e-5
-1.170, 1.865e-5
-1.171, 1.865e-5
-1.172, 1.865e-5
-1.173, 1.865e-5
-1.174, 1.865e-5
-1.175, 1.865e-5
-1.176, 1.865e-5
-1.177, 1.865e-5
-1.178, 1.865e-5
-1.179, 1.865e-5
-1.180, 1.865e-5
-1.181, 1.865e-5
-1.182, 1.865e-5
-1.183, 1.865e-5
-1.184, 1.865e-5
-1.185, 1.865e-5
-1.186, 1.865e-5
-1.187, 1.865e-5
-1.188, 1.865e-5
-1.189, 2.174e-5
-1.190, 1.865e-5
-1.191, 2.174e-5
-1.192, 2.174e-5
-1.193, 1.865e-5
-1.194, 2.174e-5
-1.195, 2.174e-5
-1.196, 2.174e-5
-1.197, 2.174e-5
-1.198, 2.174e-5
-1.199, 2.174e-5
-1.200, 2.174e-5
-1.201, 2.174e-5
-1.202, 2.174e-5
-1.203, 2.174e-5
-1.204, 2.174e-5
-1.205, 2.174e-5
-1.206, 2.174e-5
-1.207, 2.174e-5
-1.208, 2.174e-5
-1.209, 2.174e-5
-1.210, 2.174e-5
-1.211, 2.174e-5
-1.212, 2.174e-5
-1.213, 2.174e-5
-1.214, 2.174e-5
-1.215, 2.174e-5
-1.216, 2.174e-5
-1.217, 2.174e-5
-1.218, 2.174e-5
-1.219, 2.482e-5
-1.220, 2.482e-5
-1.221, 2.482e-5
-1.222, 2.174e-5
-1.223, 2.174e-5
-1.224, 2.482e-5
-1.225, 2.174e-5
-1.226, 2.482e-5
-1.227, 2.174e-5
-1.228, 2.482e-5
-1.229, 2.482e-5
-1.230, 2.482e-5
-1.231, 2.482e-5
-1.232, 2.482e-5
-1.233, 2.482e-5
-1.234, 2.482e-5
-1.235, 2.482e-5
-1.236, 2.482e-5
-1.237, 2.482e-5
-1.238, 2.482e-5
-1.239, 2.482e-5
-1.240, 2.482e-5
-1.241, 2.482e-5
-1.242, 2.790e-5
-1.243, 2.790e-5
-1.244, 2.790e-5
-1.245, 2.790e-5
-1.246, 2.790e-5
-1.247, 2.790e-5
-1.248, 2.790e-5
-1.249, 2.790e-5
-1.250, 2.790e-5
-1.251, 2.790e-5
-1.252, 2.482e-5
-1.253, 2.790e-5
-1.254, 2.790e-5
-1.255, 2.790e-5
-1.256, 2.790e-5
-1.257, 2.790e-5
-1.258, 2.790e-5
-1.259, 2.790e-5
-1.260, 2.790e-5
-1.261, 2.790e-5
-1.262, 2.790e-5
-1.263, 2.790e-5
-1.264, 2.790e-5
-1.265, 3.099e-5
-1.266, 2.790e-5
-1.267, 3.099e-5
-1.268, 3.099e-5
-1.269, 2.790e-5
-1.270, 3.099e-5
-1.271, 3.099e-5
-1.272, 3.099e-5
-1.273, 3.099e-5
-1.274, 3.099e-5
-1.275, 3.099e-5
-1.276, 3.099e-5
-1.277, 3.099e-5
-1.278, 3.099e-5
-1.279, 3.099e-5
-1.280, 3.099e-5
-1.281, 3.407e-5
-1.282, 3.099e-5
-1.283, 3.099e-5
-1.284, 3.099e-5
-1.285, 3.099e-5
-1.286, 3.407e-5
-1.287, 3.099e-5
-1.288, 3.407e-5
-1.289, 3.407e-5
-1.290, 3.407e-5
-1.291, 3.407e-5
-1.292, 3.407e-5
-1.293, 3.407e-5
-1.294, 3.407e-5
-1.295, 3.407e-5
-1.296, 3.407e-5
-1.297, 3.407e-5
-1.298, 3.715e-5
-1.299, 3.715e-5
-1.300, 3.715e-5
-1.301, 3.715e-5
-1.302, 3.715e-5
-1.303, 3.715e-5
-1.304, 3.715e-5
-1.305, 3.715e-5
-1.306, 3.715e-5
-1.307, 3.715e-5
-1.308, 3.715e-5
-1.309, 4.024e-5
-1.310, 4.024e-5
-1.311, 4.024e-5
-1.312, 3.715e-5
-1.313, 4.024e-5
-1.314, 4.024e-5
-1.315, 4.024e-5
-1.316, 4.024e-5
-1.317, 4.024e-5
-1.318, 4.024e-5
-1.319, 4.332e-5
-1.320, 4.332e-5
-1.321, 4.332e-5
-1.322, 4.332e-5
-1.323, 4.332e-5
-1.324, 4.332e-5
-1.325, 4.332e-5
-1.326, 4.332e-5
-1.327, 4.332e-5
-1.328, 4.640e-5
-1.329, 4.640e-5
-1.330, 4.640e-5
-1.331, 4.640e-5
-1.332, 4.640e-5
-1.333, 4.640e-5
-1.334, 4.640e-5
-1.335, 4.640e-5
-1.336, 4.640e-5
-1.337, 4.640e-5
-1.338, 4.640e-5
-1.339, 4.949e-5
-1.340, 4.949e-5
-1.341, 4.949e-5
-1.342, 4.949e-5
-1.343, 4.949e-5
-1.344, 5.257e-5
-1.345, 4.949e-5
-1.346, 5.257e-5
-1.347, 5.257e-5
-1.348, 5.257e-5
-1.349, 5.257e-5
-1.350, 5.257e-5
-1.351, 5.257e-5
-1.352, 5.257e-5
-1.353, 5.257e-5
-1.354, 5.565e-5
-1.355, 5.565e-5
-1.356, 5.565e-5
-1.357, 5.565e-5
-1.358, 5.565e-5
-1.359, 5.873e-5
-1.360, 5.873e-5
-1.361, 5.873e-5
-1.362, 5.873e-5
-1.363, 5.873e-5
-1.364, 6.182e-5
-1.365, 5.873e-5
-1.366, 5.873e-5
-1.367, 6.182e-5
-1.368, 6.182e-5
-1.369, 6.182e-5
-1.370, 6.182e-5
-1.371, 6.490e-5
-1.372, 6.490e-5
-1.373, 6.182e-5
-1.374, 6.490e-5
-1.375, 6.490e-5
-1.376, 6.490e-5
-1.377, 6.798e-5
-1.378, 6.798e-5
-1.379, 6.798e-5
-1.380, 6.798e-5
-1.381, 6.798e-5
-1.382, 6.798e-5
-1.383, 7.107e-5
-1.384, 7.107e-5
-1.385, 7.107e-5
-1.386, 7.107e-5
-1.387, 7.107e-5
-1.388, 7.107e-5
-1.389, 7.107e-5
-1.390, 7.415e-5
-1.391, 7.415e-5
-1.392, 7.723e-5
-1.393, 7.415e-5
-1.394, 7.723e-5
-1.395, 7.723e-5
-1.396, 7.723e-5
-1.397, 7.723e-5
-1.398, 8.032e-5
-1.399, 8.032e-5
-1.400, 8.032e-5
-1.401, 8.032e-5
-1.402, 8.032e-5
-1.403, 8.032e-5
-1.404, 8.340e-5
-1.405, 8.340e-5
-1.406, 8.648e-5
-1.407, 8.340e-5
-1.408, 8.648e-5
-1.409, 8.648e-5
-1.410, 8.648e-5
-1.411, 8.648e-5
-1.412, 8.648e-5
-1.413, 8.957e-5
-1.414, 8.957e-5
-1.415, 8.957e-5
-1.416, 8.957e-5
-1.417, 8.957e-5
-1.418, 8.957e-5
-1.419, 9.265e-5
-1.420, 9.265e-5
-1.421, 9.265e-5
-1.422, 9.573e-5
-1.423, 9.573e-5
-1.424, 9.573e-5
-1.425, 9.573e-5
-1.426, 9.573e-5
-1.427, 9.882e-5
-1.428, 9.882e-5
-1.429, 9.882e-5
-1.430, 9.882e-5
-1.431, 1.019e-4
-1.432, 9.882e-5
-1.433, 1.019e-4
-1.434, 1.019e-4
-1.435, 1.019e-4
-1.436, 1.050e-4
-1.437, 1.050e-4
-1.438, 1.050e-4
-1.439, 1.050e-4
-1.440, 1.050e-4
-1.441, 1.081e-4
-1.442, 1.081e-4
-1.443, 1.081e-4
-1.444, 1.111e-4
-1.445, 1.111e-4
-1.446, 1.111e-4
-1.447, 1.111e-4
-1.448, 1.111e-4
-1.449, 1.111e-4
-1.450, 1.142e-4
-1.451, 1.142e-4
-1.452, 1.142e-4
-1.453, 1.142e-4
-1.454, 1.173e-4
-1.455, 1.173e-4
-1.456, 1.173e-4
-1.457, 1.173e-4
-1.458, 1.173e-4
-1.459, 1.204e-4
-1.460, 1.204e-4
-1.461, 1.204e-4
-1.462, 1.235e-4
-1.463, 1.235e-4
-1.464, 1.235e-4
-1.465, 1.235e-4
-1.466, 1.235e-4
-1.467, 1.235e-4
-1.468, 1.266e-4
-1.469, 1.266e-4
-1.470, 1.266e-4
-1.471, 1.266e-4
-1.472, 1.296e-4
-1.473, 1.296e-4
-1.474, 1.296e-4
-1.475, 1.327e-4
-1.476, 1.327e-4
-1.477, 1.327e-4
-1.478, 1.327e-4
-1.479, 1.327e-4
-1.480, 1.327e-4
-1.481, 1.327e-4
-1.482, 1.358e-4
-1.483, 1.358e-4
-1.484, 1.389e-4
-1.485, 1.389e-4
-1.486, 1.389e-4
-1.487, 1.389e-4
-1.488, 1.389e-4
-1.489, 1.420e-4
-1.490, 1.420e-4
-1.491, 1.420e-4
-1.492, 1.420e-4
-1.493, 1.420e-4
-1.494, 1.451e-4
-1.495, 1.451e-4
-1.496, 1.451e-4
-1.497, 1.451e-4
-1.498, 1.481e-4
-1.499, 1.481e-4
-1.500, 1.481e-4
-1.501, 1.481e-4
-1.502, 1.512e-4
-1.503, 1.512e-4
-1.504, 1.512e-4
-1.505, 1.543e-4
-1.506, 1.543e-4
-1.507, 1.543e-4
-1.508, 1.574e-4
-1.509, 1.574e-4
-1.510, 1.574e-4
-1.511, 1.605e-4
-1.512, 1.605e-4
-1.513, 1.605e-4
-1.514, 1.636e-4
-1.515, 1.636e-4
-1.516, 1.636e-4
-1.517, 1.636e-4
-1.518, 1.636e-4
-1.519, 1.666e-4
-1.520, 1.666e-4
-1.521, 1.697e-4
-1.522, 1.697e-4
-1.523, 1.697e-4
-1.524, 1.697e-4
-1.525, 1.697e-4
-1.526, 1.728e-4
-1.527, 1.728e-4
-1.528, 1.759e-4
-1.529, 1.759e-4
-1.530, 1.759e-4
-1.531, 1.759e-4
-1.532, 1.759e-4
-1.533, 1.790e-4
-1.534, 1.790e-4
-1.535, 1.790e-4
-1.536, 1.821e-4
-1.537, 1.821e-4
-1.538, 1.821e-4
-1.539, 1.821e-4
-1.540, 1.851e-4
-1.541, 1.851e-4
-1.542, 1.882e-4
-1.543, 1.882e-4
-1.544, 1.913e-4
-1.545, 1.913e-4
-1.546, 1.913e-4
-1.547, 1.913e-4
-1.548, 1.944e-4
-1.549, 1.975e-4
-1.550, 1.975e-4
-1.551, 2.006e-4
-1.552, 2.006e-4
-1.553, 2.006e-4
-1.554, 2.006e-4
-1.555, 2.036e-4
-1.556, 2.036e-4
-1.557, 2.036e-4
-1.558, 2.067e-4
-1.559, 2.067e-4
-1.560, 2.067e-4
-1.561, 2.067e-4
-1.562, 2.098e-4
-1.563, 2.129e-4
-1.564, 2.129e-4
-1.565, 2.160e-4
-1.566, 2.160e-4
-1.567, 2.160e-4
-1.568, 2.191e-4
-1.569, 2.191e-4
-1.570, 2.191e-4
-1.571, 2.191e-4
-1.572, 2.221e-4
-1.573, 2.221e-4
-1.574, 2.252e-4
-1.575, 2.283e-4
-1.576, 2.252e-4
-1.577, 2.283e-4
-1.578, 2.314e-4
-1.579, 2.314e-4
-1.580, 2.345e-4
-1.581, 2.345e-4
-1.582, 2.406e-4
-1.583, 2.406e-4
-1.584, 2.406e-4
-1.585, 2.437e-4
-1.586, 2.468e-4
-1.587, 2.468e-4
-1.588, 2.530e-4
-1.589, 2.591e-4
-1.590, 2.591e-4
-1.591, 2.591e-4
-1.592, 2.561e-4
-1.593, 2.561e-4
-1.594, 2.561e-4
-1.595, 2.591e-4
-1.596, 2.622e-4
-1.597, 2.622e-4
-1.598, 2.653e-4
-1.599, 2.653e-4
-1.600, 2.684e-4
-1.601, 2.684e-4
-1.602, 2.715e-4
-1.603, 2.746e-4
-1.604, 2.746e-4
-1.605, 2.776e-4
-1.606, 2.807e-4
-1.607, 2.807e-4
-1.608, 2.869e-4
-1.609, 2.869e-4
-1.610, 2.900e-4
-1.611, 2.931e-4
-1.612, 2.931e-4
-1.613, 2.961e-4
-1.614, 2.992e-4
-1.615, 2.992e-4
-1.616, 3.023e-4
-1.617, 3.054e-4
-1.618, 3.085e-4
-1.619, 3.115e-4
-1.620, 3.146e-4
-1.621, 3.146e-4
-1.622, 3.177e-4
-1.623, 3.208e-4
-1.624, 3.208e-4
-1.625, 3.239e-4
-1.626, 3.270e-4
-1.627, 3.300e-4
-1.628, 3.331e-4
-1.629, 3.362e-4
-1.630, 3.393e-4
-1.631, 3.424e-4
-1.632, 3.424e-4
-1.633, 3.455e-4
-1.634, 3.516e-4
-1.635, 3.547e-4
-1.636, 3.578e-4
-1.637, 3.609e-4
-1.638, 3.670e-4
-1.639, 3.701e-4
-1.640, 3.732e-4
-1.641, 3.825e-4
-1.642, 3.948e-4
-1.643, 3.979e-4
-1.644, 4.040e-4
-1.645, 3.948e-4
-1.646, 3.979e-4
-1.647, 4.010e-4
-1.648, 4.071e-4
-1.649, 4.102e-4
-1.650, 4.164e-4
-1.651, 4.195e-4
-1.652, 4.225e-4
-1.653, 4.287e-4
-1.654, 4.318e-4
-1.655, 4.380e-4
-1.656, 4.441e-4
-1.657, 4.503e-4
-1.658, 4.565e-4
-1.659, 4.626e-4
-1.660, 4.657e-4
-1.661, 4.719e-4
-1.662, 4.811e-4
-1.663, 4.842e-4
-1.664, 4.904e-4
-1.665, 4.965e-4
-1.666, 5.058e-4
-1.667, 5.120e-4
-1.668, 5.150e-4
-1.669, 5.243e-4
-1.670, 5.305e-4
-1.671, 5.335e-4
-1.672, 5.428e-4
-1.673, 5.489e-4
-1.674, 5.582e-4
-1.675, 5.644e-4
-1.676, 5.767e-4
-1.677, 5.859e-4
-1.678, 5.921e-4
-1.679, 6.137e-4
-1.680, 6.137e-4
-1.681, 6.168e-4
-1.682, 6.199e-4
-1.683, 6.322e-4
-1.684, 6.414e-4
-1.685, 6.507e-4
-1.686, 6.599e-4
-1.687, 6.692e-4
-1.688, 6.815e-4
-1.689, 6.908e-4
-1.690, 7.031e-4
-1.691, 7.154e-4
-1.692, 7.216e-4
-1.693, 7.339e-4
-1.694, 7.432e-4
-1.695, 7.524e-4
-1.696, 7.648e-4
-1.697, 7.709e-4
-1.698, 7.833e-4
-1.699, 7.987e-4
-1.700, 8.141e-4
-1.701, 8.326e-4
-1.702, 8.480e-4
-1.703, 8.511e-4
-1.704, 8.634e-4
-1.705, 8.758e-4
-1.706, 8.912e-4
-1.707, 9.066e-4
-1.708, 9.189e-4
-1.709, 9.343e-4
-1.710, 9.498e-4
-1.711, 9.683e-4
-1.712, 9.806e-4
-1.713, 9.960e-4
-1.714, 1.011e-3
-1.715, 1.027e-3
-1.716, 1.042e-3
-1.717, 1.058e-3
-1.718, 1.073e-3
-1.719, 1.095e-3
-1.720, 1.110e-3
-1.721, 1.138e-3
-1.722, 1.150e-3
-1.723, 1.169e-3
-1.724, 1.187e-3
-1.725, 1.206e-3
-1.726, 1.221e-3
-1.727, 1.240e-3
-1.728, 1.258e-3
-1.729, 1.277e-3
-1.730, 1.292e-3
-1.731, 1.317e-3
-1.732, 1.335e-3
-1.733, 1.347e-3
-1.734, 1.384e-3
-1.735, 1.403e-3
-1.736, 1.421e-3
-1.737, 1.443e-3
-1.738, 1.468e-3
-1.739, 1.489e-3
-1.740, 1.511e-3
-1.741, 1.539e-3
-1.742, 1.563e-3
-1.743, 1.588e-3
-1.744, 1.610e-3
-1.745, 1.647e-3
-1.746, 1.662e-3
-1.747, 1.680e-3
-1.748, 1.708e-3
-1.749, 1.733e-3
-1.750, 1.761e-3
-1.751, 1.798e-3
-1.752, 1.822e-3
-1.753, 1.844e-3
-1.754, 1.884e-3
-1.755, 1.912e-3
-1.756, 1.930e-3
-1.757, 1.961e-3
-1.758, 1.989e-3
-1.759, 2.026e-3
-1.760, 2.057e-3
-1.761, 2.097e-3
-1.762, 2.124e-3
-1.763, 2.161e-3
-1.764, 2.198e-3
-1.765, 2.229e-3
-1.766, 2.263e-3
-1.767, 2.294e-3
-1.768, 2.334e-3
-1.769, 2.371e-3
-1.770, 2.408e-3
-1.771, 2.451e-3
-1.772, 2.491e-3
-1.773, 2.538e-3
-1.774, 2.571e-3
-1.775, 2.612e-3
-1.776, 2.661e-3
-1.777, 2.701e-3
-1.778, 2.744e-3
-1.779, 2.790e-3
-1.780, 2.830e-3
-1.781, 2.880e-3
-1.782, 2.935e-3
-1.783, 2.969e-3
-1.784, 3.012e-3
-1.785, 3.046e-3
-1.786, 3.099e-3
-1.787, 3.148e-3
-1.788, 3.179e-3
-1.789, 3.237e-3
-1.790, 3.287e-3
-1.791, 3.342e-3
-1.792, 3.401e-3
-1.793, 3.444e-3
-1.794, 3.509e-3
-1.795, 3.564e-3
-1.796, 3.598e-3
-1.797, 3.647e-3
-1.798, 3.709e-3
-1.799, 3.765e-3
-1.800, 3.786e-3
-1.799, 3.789e-3
-1.798, 3.771e-3
-1.797, 3.737e-3
-1.796, 3.734e-3
-1.795, 3.721e-3
-1.794, 3.697e-3
-1.793, 3.654e-3
-1.792, 3.626e-3
-1.791, 3.620e-3
-1.790, 3.592e-3
-1.789, 3.543e-3
-1.788, 3.527e-3
-1.787, 3.509e-3
-1.786, 3.469e-3
-1.785, 3.432e-3
-1.784, 3.416e-3
-1.783, 3.379e-3
-1.782, 3.336e-3
-1.781, 3.311e-3
-1.780, 3.290e-3
-1.779, 3.256e-3
-1.778, 3.213e-3
-1.777, 3.185e-3
-1.776, 3.145e-3
-1.775, 3.117e-3
-1.774, 3.083e-3
-1.773, 3.059e-3
-1.772, 3.019e-3
-1.771, 2.985e-3
-1.770, 2.966e-3
-1.769, 2.935e-3
-1.768, 2.917e-3
-1.767, 2.867e-3
-1.766, 2.834e-3
-1.765, 2.806e-3
-1.764, 2.766e-3
-1.763, 2.753e-3
-1.762, 2.726e-3
-1.761, 2.673e-3
-1.760, 2.655e-3
-1.759, 2.627e-3
-1.758, 2.599e-3
-1.757, 2.547e-3
-1.756, 2.528e-3
-1.755, 2.504e-3
-1.754, 2.460e-3
-1.753, 2.433e-3
-1.752, 2.408e-3
-1.751, 2.390e-3
-1.750, 2.365e-3
-1.749, 2.325e-3
-1.748, 2.303e-3
-1.747, 2.266e-3
-1.746, 2.242e-3
-1.745, 2.205e-3
-1.744, 2.186e-3
-1.743, 2.158e-3
-1.742, 2.124e-3
-1.741, 2.103e-3
-1.740, 2.072e-3
-1.739, 2.047e-3
-1.738, 2.023e-3
-1.737, 2.007e-3
-1.736, 1.967e-3
-1.735, 1.939e-3
-1.734, 1.912e-3
-1.733, 1.890e-3
-1.732, 1.869e-3
-1.731, 1.832e-3
-1.730, 1.807e-3
-1.729, 1.785e-3
-1.728, 1.754e-3
-1.727, 1.721e-3
-1.726, 1.708e-3
-1.725, 1.693e-3
-1.724, 1.671e-3
-1.723, 1.643e-3
-1.722, 1.619e-3
-1.721, 1.591e-3
-1.720, 1.563e-3
-1.719, 1.539e-3
-1.718, 1.520e-3
-1.717, 1.495e-3
-1.716, 1.471e-3
-1.715, 1.449e-3
-1.714, 1.434e-3
-1.713, 1.434e-3
-1.712, 1.388e-3
-1.711, 1.366e-3
-1.710, 1.341e-3
-1.709, 1.329e-3
-1.708, 1.310e-3
-1.707, 1.292e-3
-1.706, 1.270e-3
-1.705, 1.252e-3
-1.704, 1.227e-3
-1.703, 1.212e-3
-1.702, 1.193e-3
-1.701, 1.181e-3
-1.700, 1.156e-3
-1.699, 1.150e-3
-1.698, 1.122e-3
-1.697, 1.104e-3
-1.696, 1.092e-3
-1.695, 1.070e-3
-1.694, 1.055e-3
-1.693, 1.036e-3
-1.692, 1.011e-3
-1.691, 9.960e-4
-1.690, 9.775e-4
-1.689, 9.652e-4
-1.688, 9.498e-4
-1.687, 9.313e-4
-1.686, 9.220e-4
-1.685, 9.097e-4
-1.684, 8.912e-4
-1.683, 8.881e-4
-1.682, 8.603e-4
-1.681, 8.480e-4
-1.680, 8.326e-4
-1.679, 8.203e-4
-1.678, 8.048e-4
-1.677, 7.894e-4
-1.676, 7.771e-4
-1.675, 7.586e-4
-1.674, 7.463e-4
-1.673, 7.339e-4
-1.672, 7.247e-4
-1.671, 7.093e-4
-1.670, 7.000e-4
-1.669, 6.877e-4
-1.668, 6.754e-4
-1.667, 6.661e-4
-1.666, 6.507e-4
-1.665, 6.414e-4
-1.664, 6.414e-4
-1.663, 6.168e-4
-1.662, 6.075e-4
-1.661, 6.044e-4
-1.660, 5.859e-4
-1.659, 5.767e-4
-1.658, 5.644e-4
-1.657, 5.551e-4
-1.656, 5.459e-4
-1.655, 5.366e-4
-1.654, 5.212e-4
-1.653, 5.150e-4
-1.652, 5.058e-4
-1.651, 4.965e-4
-1.650, 4.873e-4
-1.649, 4.811e-4
-1.648, 4.688e-4
-1.647, 4.595e-4
-1.646, 4.503e-4
-1.645, 4.441e-4
-1.644, 4.380e-4
-1.643, 4.287e-4
-1.642, 4.256e-4
-1.641, 4.256e-4
-1.640, 4.102e-4
-1.639, 4.010e-4
-1.638, 3.917e-4
-1.637, 3.825e-4
-1.636, 3.763e-4
-1.635, 3.701e-4
-1.634, 3.609e-4
-1.633, 3.578e-4
-1.632, 3.516e-4
-1.631, 3.424e-4
-1.630, 3.362e-4
-1.629, 3.270e-4
-1.628, 3.208e-4
-1.627, 3.177e-4
-1.626, 3.115e-4
-1.625, 3.054e-4
-1.624, 3.023e-4
-1.623, 2.961e-4
-1.622, 2.869e-4
-1.621, 2.838e-4
-1.620, 2.776e-4
-1.619, 2.746e-4
-1.618, 2.684e-4
-1.617, 2.622e-4
-1.616, 2.561e-4
-1.615, 2.499e-4
-1.614, 2.468e-4
-1.613, 2.437e-4
-1.612, 2.468e-4
-1.611, 2.468e-4
-1.610, 2.345e-4
-1.609, 2.252e-4
-1.608, 2.221e-4
-1.607, 2.160e-4
-1.606, 2.129e-4
-1.605, 2.098e-4
-1.604, 2.067e-4
-1.603, 2.036e-4
-1.602, 2.006e-4
-1.601, 1.944e-4
-1.600, 1.913e-4
-1.599, 1.913e-4
-1.598, 1.851e-4
-1.597, 1.821e-4
-1.596, 1.790e-4
-1.595, 1.759e-4
-1.594, 1.728e-4
-1.593, 1.697e-4
-1.592, 1.636e-4
-1.591, 1.636e-4
-1.590, 1.574e-4
-1.589, 1.574e-4
-1.588, 1.543e-4
-1.587, 1.512e-4
-1.586, 1.481e-4
-1.585, 1.451e-4
-1.584, 1.481e-4
-1.583, 1.420e-4
-1.582, 1.389e-4
-1.581, 1.358e-4
-1.580, 1.358e-4
-1.579, 1.327e-4
-1.578, 1.327e-4
-1.577, 1.266e-4
-1.576, 1.266e-4
-1.575, 1.235e-4
-1.574, 1.235e-4
-1.573, 1.266e-4
-1.572, 1.296e-4
-1.571, 1.266e-4
-1.570, 1.235e-4
-1.569, 1.142e-4
-1.568, 1.111e-4
-1.567, 1.111e-4
-1.566, 1.081e-4
-1.565, 1.081e-4
-1.564, 1.050e-4
-1.563, 1.050e-4
-1.562, 1.019e-4
-1.561, 9.882e-5
-1.560, 9.573e-5
-1.559, 9.573e-5
-1.558, 9.265e-5
-1.557, 9.265e-5
-1.556, 9.265e-5
-1.555, 8.957e-5
-1.554, 8.957e-5
-1.553, 8.957e-5
-1.552, 8.648e-5
-1.551, 8.648e-5
-1.550, 8.340e-5
-1.549, 8.340e-5
-1.548, 8.032e-5
-1.547, 8.032e-5
-1.546, 8.032e-5
-1.545, 7.723e-5
-1.544, 7.723e-5
-1.543, 7.723e-5
-1.542, 7.723e-5
-1.541, 7.415e-5
-1.540, 7.415e-5
-1.539, 7.107e-5
-1.538, 7.107e-5
-1.537, 6.798e-5
-1.536, 6.798e-5
-1.535, 6.798e-5
-1.534, 6.798e-5
-1.533, 6.490e-5
-1.532, 6.490e-5
-1.531, 6.490e-5
-1.530, 6.490e-5
-1.529, 6.182e-5
-1.528, 6.182e-5
-1.527, 6.182e-5
-1.526, 6.182e-5
-1.525, 6.182e-5
-1.524, 5.873e-5
-1.523, 5.873e-5
-1.522, 5.873e-5
-1.521, 5.565e-5
-1.520, 5.565e-5
-1.519, 5.565e-5
-1.518, 5.565e-5
-1.517, 5.873e-5
-1.516, 6.182e-5
-1.515, 5.873e-5
-1.514, 5.565e-5
-1.513, 5.565e-5
-1.512, 4.949e-5
-1.511, 4.949e-5
-1.510, 4.949e-5
-1.509, 4.949e-5
-1.508, 4.640e-5
-1.507, 4.640e-5
-1.506, 4.640e-5
-1.505, 4.640e-5
-1.504, 4.640e-5
-1.503, 4.332e-5
-1.502, 4.332e-5
-1.501, 4.332e-5
-1.500, 4.332e-5
-1.499, 4.332e-5
-1.498, 4.024e-5
-1.497, 4.024e-5
-1.496, 4.024e-5
-1.495, 4.024e-5
-1.494, 4.024e-5
-1.493, 4.024e-5
-1.492, 4.024e-5
-1.491, 3.715e-5
-1.490, 3.715e-5
-1.489, 3.715e-5
-1.488, 3.715e-5
-1.487, 3.407e-5
-1.486, 3.715e-5
-1.485, 3.407e-5
-1.484, 3.407e-5
-1.483, 3.407e-5
-1.482, 3.407e-5
-1.481, 3.407e-5
-1.480, 3.407e-5
-1.479, 3.407e-5
-1.478, 3.099e-5
-1.477, 3.099e-5
-1.476, 3.099e-5
-1.475, 3.099e-5
-1.474, 3.099e-5
-1.473, 3.099e-5
-1.472, 2.790e-5
-1.471, 3.099e-5
-1.470, 2.790e-5
-1.469, 2.790e-5
-1.468, 2.790e-5
-1.467, 2.790e-5
-1.466, 2.790e-5
-1.465, 2.790e-5
-1.464, 2.790e-5
-1.463, 2.790e-5
-1.462, 2.482e-5
-1.461, 2.482e-5
-1.460, 2.482e-5
-1.459, 2.482e-5
-1.458, 2.482e-5
-1.457, 2.482e-5
-1.456, 2.482e-5
-1.455, 2.482e-5
-1.454, 2.174e-5
-1.453, 2.482e-5
-1.452, 2.174e-5
-1.451, 2.174e-5
-1.450, 2.174e-5
-1.449, 2.174e-5
-1.448, 2.174e-5
-1.447, 1.865e-5
-1.446, 1.865e-5
-1.445, 1.865e-5
-1.444, 1.865e-5
-1.443, 1.865e-5
-1.442, 1.865e-5
-1.441, 1.865e-5
-1.440, 1.865e-5
-1.439, 1.865e-5
-1.438, 1.865e-5
-1.437, 1.865e-5
-1.436, 1.865e-5
-1.435, 1.865e-5
-1.434, 1.865e-5
-1.433, 1.865e-5
-1.432, 1.865e-5
-1.431, 1.557e-5
-1.430, 1.557e-5
-1.429, 1.865e-5
-1.428, 1.865e-5
-1.427, 1.557e-5
-1.426, 1.557e-5
-1.425, 1.249e-5
-1.424, 1.249e-5
-1.423, 1.249e-5
-1.422, 1.249e-5
-1.421, 1.249e-5
-1.420, 1.249e-5
-1.419, 1.249e-5
-1.418, 1.249e-5
-1.417, 1.249e-5
-1.416, 1.249e-5
-1.415, 9.405e-6
-1.414, 1.249e-5
-1.413, 9.405e-6
-1.412, 1.249e-5
-1.411, 9.405e-6
-1.410, 9.405e-6
-1.409, 9.405e-6
-1.408, 9.405e-6
-1.407, 9.405e-6
-1.406, 9.405e-6
-1.405, 9.405e-6
-1.404, 9.405e-6
-1.403, 9.405e-6
-1.402, 6.322e-6
-1.401, 6.322e-6
-1.400, 9.405e-6
-1.399, 6.322e-6
-1.398, 9.405e-6
-1.397, 6.322e-6
-1.396, 6.322e-6
-1.395, 6.322e-6
-1.394, 6.322e-6
-1.393, 6.322e-6
-1.392, 6.322e-6
-1.391, 6.322e-6
-1.390, 6.322e-6
-1.389, 6.322e-6
-1.388, 6.322e-6
-1.387, 6.322e-6
-1.386, 6.322e-6
-1.385, 3.239e-6
-1.384, 6.322e-6
-1.383, 3.239e-6
-1.382, 3.239e-6
-1.381, 3.239e-6
-1.380, 3.239e-6
-1.379, 3.239e-6
-1.378, 3.239e-6
-1.377, 3.239e-6
-1.376, 3.239e-6
-1.375, 3.239e-6
-1.374, 3.239e-6
-1.373, 3.239e-6
-1.372, 1.559e-7
-1.371, 1.559e-7
-1.370, 1.559e-7
-1.369, 1.559e-7
-1.368, 1.559e-7
-1.367, 1.559e-7
-1.366, 1.559e-7
-1.365, 1.559e-7
-1.364, 1.559e-7
-1.363, 1.559e-7
-1.362, 1.559e-7
-1.361, 1.559e-7
-1.360, 1.559e-7
-1.359, 1.559e-7
-1.358, 1.559e-7
-1.357, -2.927e-6
-1.356, -2.927e-6
-1.355, -2.927e-6
-1.354, -2.927e-6
-1.353, -2.927e-6
-1.352, -2.927e-6
-1.351, -2.927e-6
-1.350, -2.927e-6
-1.349, -2.927e-6
-1.348, -2.927e-6
-1.347, -2.927e-6
-1.346, -2.927e-6
-1.345, -2.927e-6
-1.344, -2.927e-6
-1.343, -2.927e-6
-1.342, -2.927e-6
-1.341, -6.010e-6
-1.340, -2.927e-6
-1.339, -6.010e-6
-1.338, -2.927e-6
-1.337, -2.927e-6
-1.336, -2.927e-6
-1.335, -6.010e-6
-1.334, -6.010e-6
-1.333, -6.010e-6
-1.332, -6.010e-6
-1.331, -6.010e-6
-1.330, -6.010e-6
-1.329, -6.010e-6
-1.328, -6.010e-6
-1.327, -6.010e-6
-1.326, -6.010e-6
-1.325, -6.010e-6
-1.324, -6.010e-6
-1.323, -6.010e-6
-1.322, -6.010e-6
-1.321, -6.010e-6
-1.320, -6.010e-6
-1.319, -6.010e-6
-1.318, -9.093e-6
-1.317, -9.093e-6
-1.316, -9.093e-6
-1.315, -9.093e-6
-1.314, -9.093e-6
-1.313, -9.093e-6
-1.312, -9.093e-6
-1.311, -9.093e-6
-1.310, -9.093e-6
-1.309, -9.093e-6
-1.308, -9.093e-6
-1.307, -9.093e-6
-1.306, -9.093e-6
-1.305, -9.093e-6
-1.304, -9.093e-6
-1.303, -9.093e-6
-1.302, -9.093e-6
-1.301, -9.093e-6
-1.300, -9.093e-6
-1.299, -9.093e-6
-1.298, -9.093e-6
-1.297, -9.093e-6
-1.296, -9.093e-6
-1.295, -1.218e-5
-1.294, -9.093e-6
-1.293, -1.218e-5
-1.292, -9.093e-6
-1.291, -9.093e-6
-1.290, -1.218e-5
-1.289, -9.093e-6
-1.288, -1.218e-5
-1.287, -9.093e-6
-1.286, -1.218e-5
-1.285, -9.093e-6
-1.284, -1.218e-5
-1.283, -9.093e-6
-1.282, -1.218e-5
-1.281, -1.218e-5
-1.280, -1.218e-5
-1.279, -1.218e-5
-1.278, -1.218e-5
-1.277, -1.218e-5
-1.276, -9.093e-6
-1.275, -1.218e-5
-1.274, -1.218e-5
-1.273, -1.218e-5
-1.272, -1.218e-5
-1.271, -1.218e-5
-1.270, -1.218e-5
-1.269, -1.218e-5
-1.268, -1.218e-5
-1.267, -1.218e-5
-1.266, -1.218e-5
-1.265, -1.526e-5
-1.264, -1.218e-5
-1.263, -1.218e-5
-1.262, -1.218e-5
-1.261, -1.218e-5
-1.260, -1.526e-5
-1.259, -1.526e-5
-1.258, -1.526e-5
-1.257, -1.526e-5
-1.256, -1.526e-5
-1.255, -1.218e-5
-1.254, -1.526e-5
-1.253, -1.218e-5
-1.252, -1.218e-5
-1.251, -1.526e-5
-1.250, -1.218e-5
-1.249, -1.526e-5
-1.248, -1.218e-5
-1.247, -1.526e-5
-1.246, -1.526e-5
-1.245, -1.526e-5
-1.244, -1.526e-5
-1.243, -1.526e-5
-1.242, -1.526e-5
-1.241, -1.526e-5
-1.240, -1.526e-5
-1.239, -1.526e-5
-1.238, -1.526e-5
-1.237, -1.526e-5
-1.236, -1.526e-5
-1.235, -1.526e-5
-1.234, -1.526e-5
-1.233, -1.526e-5
-1.232, -1.526e-5
-1.231, -1.526e-5
-1.230, -1.526e-5
-1.229, -1.526e-5
-1.228, -1.526e-5
-1.227, -1.526e-5
-1.226, -1.526e-5
-1.225, -1.526e-5
-1.224, -1.526e-5
-1.223, -1.526e-5
-1.222, -1.526e-5
-1.221, -1.526e-5
-1.220, -1.526e-5
-1.219, -1.526e-5
-1.218, -1.526e-5
-1.217, -1.526e-5
-1.216, -1.526e-5
-1.215, -1.834e-5
-1.214, -1.526e-5
-1.213, -1.526e-5
-1.212, -1.526e-5
-1.211, -1.526e-5
-1.210, -1.526e-5
-1.209, -1.526e-5
-1.208, -1.526e-5
-1.207, -1.526e-5
-1.206, -1.834e-5
-1.205, -1.834e-5
-1.204, -1.834e-5
-1.203, -1.834e-5
-1.202, -1.526e-5
-1.201, -1.834e-5
-1.200, -1.526e-5
-1.199, -1.834e-5
-1.198, -1.834e-5
-1.197, -1.834e-5
-1.196, -1.834e-5
-1.195, -1.834e-5
-1.194, -1.834e-5
-1.193, -1.834e-5
-1.192, -1.834e-5
-1.191, -1.834e-5
-1.190, -1.834e-5
-1.189, -1.834e-5
-1.188, -1.834e-5
-1.187, -1.834e-5
-1.186, -1.834e-5
-1.185, -1.834e-5
-1.184, -1.834e-5
-1.183, -1.834e-5
-1.182, -1.834e-5
-1.181, -1.834e-5
-1.180, -1.834e-5
-1.179, -1.834e-5
-1.178, -1.834e-5
-1.177, -1.834e-5
-1.176, -1.834e-5
-1.175, -1.834e-5
-1.174, -1.834e-5
-1.173, -1.834e-5
-1.172, -1.834e-5
-1.171, -1.834e-5
-1.170, -1.834e-5
-1.169, -1.834e-5
-1.168, -1.834e-5
-1.167, -1.834e-5
-1.166, -1.834e-5
-1.165, -1.834e-5
-1.164, -1.834e-5
-1.163, -1.834e-5
-1.162, -1.834e-5
-1.161, -1.834e-5
-1.160, -1.834e-5
-1.159, -1.834e-5
-1.158, -1.834e-5
-1.157, -1.834e-5
-1.156, -1.834e-5
-1.155, -1.834e-5
-1.154, -1.834e-5
-1.153, -2.143e-5
-1.152, -2.143e-5
-1.151, -2.143e-5
-1.150, -2.143e-5
-1.149, -1.834e-5
-1.148, -2.143e-5
-1.147, -2.143e-5
-1.146, -2.143e-5
-1.145, -2.143e-5
-1.144, -1.834e-5
-1.143, -2.143e-5
-1.142, -2.143e-5
-1.141, -1.834e-5
-1.140, -2.143e-5
-1.139, -2.143e-5
-1.138, -2.143e-5
-1.137, -2.143e-5
-1.136, -2.143e-5
-1.135, -2.143e-5
-1.134, -2.143e-5
-1.133, -1.834e-5
-1.132, -2.143e-5
-1.131, -2.143e-5
-1.130, -2.143e-5
-1.129, -2.143e-5
-1.128, -2.143e-5
-1.127, -2.143e-5
-1.126, -2.143e-5
-1.125, -2.143e-5
-1.124, -2.143e-5
-1.123, -2.143e-5
-1.122, -2.143e-5
-1.121, -2.143e-5
-1.120, -2.143e-5
-1.119, -2.143e-5
-1.118, -2.143e-5
-1.117, -2.143e-5
-1.116, -2.143e-5
-1.115, -2.143e-5
-1.114, -2.143e-5
-1.113, -2.143e-5
-1.112, -2.143e-5
-1.111, -2.143e-5
-1.110, -2.143e-5
-1.109, -2.143e-5
-1.108, -2.451e-5
-1.107, -2.143e-5
-1.106, -2.143e-5
-1.105, -2.143e-5
-1.104, -2.143e-5
-1.103, -2.143e-5
-1.102, -2.143e-5
-1.101, -2.143e-5
-1.100, -2.143e-5
-1.099, -2.451e-5
-1.098, -2.143e-5
-1.097, -2.143e-5
-1.096, -2.143e-5
-1.095, -2.143e-5
-1.094, -2.451e-5
-1.093, -2.451e-5
-1.092, -2.451e-5
-1.091, -2.451e-5
-1.090, -2.451e-5
-1.089, -2.143e-5
-1.088, -2.451e-5
-1.087, -2.451e-5
-1.086, -2.451e-5
-1.085, -2.451e-5
-1.084, -2.451e-5
-1.083, -2.451e-5
-1.082, -2.451e-5
-1.081, -2.451e-5
-1.080, -2.451e-5
-1.079, -2.451e-5
-1.078, -2.451e-5
-1.077, -2.451e-5
-1.076, -2.451e-5
-1.075, -2.451e-5
-1.074, -2.451e-5
-1.073, -2.451e-5
-1.072, -2.451e-5
-1.071, -2.451e-5
-1.070, -2.451e-5
-1.069, -2.451e-5
-1.068, -2.451e-5
-1.067, -2.451e-5
-1.066, -2.451e-5
-1.065, -2.451e-5
-1.064, -2.451e-5
-1.063, -2.451e-5
-1.062, -2.451e-5
-1.061, -2.451e-5
-1.060, -2.451e-5
-1.059, -2.451e-5
-1.058, -2.451e-5
-1.057, -2.451e-5
-1.056, -2.451e-5
-1.055, -2.759e-5
-1.054, -2.451e-5
-1.053, -2.759e-5
-1.052, -2.451e-5
-1.051, -2.451e-5
-1.050, -2.451e-5
-1.049, -2.759e-5
-1.048, -2.759e-5
-1.047, -2.451e-5
-1.046, -2.451e-5
-1.045, -2.759e-5
-1.044, -2.759e-5
-1.043, -2.759e-5
-1.042, -2.759e-5
-1.041, -2.759e-5
-1.040, -2.759e-5
-1.039, -2.759e-5
-1.038, -2.759e-5
-1.037, -2.759e-5
-1.036, -2.759e-5
-1.035, -2.759e-5
-1.034, -2.759e-5
-1.033, -2.759e-5
-1.032, -2.759e-5
-1.031, -2.759e-5
-1.030, -2.759e-5
-1.029, -2.759e-5
-1.028, -2.759e-5
-1.027, -2.759e-5
-1.026, -2.759e-5
-1.025, -2.759e-5
-1.024, -2.759e-5
-1.023, -2.759e-5
-1.022, -2.759e-5
-1.021, -2.759e-5
-1.020, -2.759e-5
-1.019, -2.759e-5
-1.018, -2.759e-5
-1.017, -2.759e-5
-1.016, -3.068e-5
-1.015, -2.759e-5
-1.014, -2.759e-5
-1.013, -2.759e-5
-1.012, -2.759e-5
-1.011, -2.759e-5
-1.010, -2.759e-5
-1.009, -3.068e-5
-1.008, -2.759e-5
-1.007, -2.759e-5
-1.006, -2.759e-5
-1.005, -3.068e-5
-1.004, -3.068e-5
-1.003, -3.068e-5
-1.002, -3.068e-5
-1.001, -3.068e-5
