Potential V vs RHE, Current mA cm-2
0.013299999999999867,0.040361713385149496
0.012299999999999978,0.0307275294330686
0.011299999999999866,0.026412659968480235
0.010299999999999976,0.02738881076538711
0.009299999999999864,0.021107492593986348
0.008299999999999974,0.02165923000093371
0.007299999999999862,0.01970692840711996
0.006299999999999972,0.013845779491779115
0.00529999999999986,0.0173302134233467
0.0042999999999999705,0.013427024947019063
0.0032999999999998586,0.013985835910465752
0.0022999999999999687,0.011193195804532171
0.0012999999999998568,0.00826332870251168
0.00029999999999996696,0.011611950349292221
-0.000700000000000145,0.004075783254911171
-0.0017000000000000348,0.00854202682858509
-0.0027000000000001467,0.004354481380984583
-0.0037000000000000366,0.004215839673597809
-0.0047000000000001485,0.002679463201944379
-0.005700000000000038,2.7912253946337174e-05
-0.00670000000000015,-0.00011166316289834735
-0.00770000000000004,-0.000809497805782774
-0.008700000000000152,-0.0034617985507697452
-0.009700000000000042,-0.0005303752663194022
-0.010700000000000154,-0.006112967526716823
-0.011700000000000044,-0.004718062185049898
-0.012700000000000156,-0.00597432581933005
-0.013700000000000045,-0.009603060303483868
-0.014700000000000157,-0.009322947466110591
-0.015700000000000047,-0.010997965645150794
-0.01670000000000016,-0.01044056939300397
-0.01770000000000005,-0.012953096661564276
-0.01870000000000016,-0.014628114840604478
-0.01970000000000005,-0.013929247458471152
-0.020700000000000163,-0.01658041643441823
-0.021700000000000053,-0.01588720789748436
-0.022700000000000164,-0.017556567231325104
-0.023700000000000054,-0.017273624971352097
-0.024700000000000166,-0.01588720789748436
-0.025700000000000056,-0.021461170418952607
-0.026700000000000168,-0.021333846401964753
-0.027700000000000058,-0.021602641548939108
-0.02870000000000017,-0.022437321215859483
-0.02970000000000006,-0.020216224475071376
-0.03070000000000017,-0.024814036199632745
-0.03170000000000006,-0.026073129256512624
-0.03270000000000017,-0.02509697845960575
-0.03370000000000006,-0.028308373110299385
-0.034700000000000175,-0.024120827662698876
-0.035700000000000065,-0.028591315370272388
-0.03670000000000018,-0.02969479018416712
-0.03770000000000007,-0.030260674704113137
-0.03870000000000018,-0.03304765596484726
-0.03970000000000007,-0.02802543085032638
-0.04070000000000018,-0.032637389687886396
-0.04170000000000007,-0.029836261314153626
-0.04270000000000018,-0.03347206935480676
-0.04370000000000007,-0.035282899818634014
-0.044700000000000184,-0.03304765596484726
-0.045700000000000074,-0.037518143672420776
-0.046700000000000186,-0.03318912709483376
-0.047700000000000076,-0.03458969128170015
-0.04870000000000019,-0.039046031876275006
-0.04970000000000008,-0.038635765599314156
-0.05070000000000019,-0.037801085932393785
-0.05170000000000008,-0.03806988107936814
-0.05270000000000019,-0.04003632978618053
-0.05370000000000008,-0.04225742652696864
-0.05470000000000019,-0.039894858656194035
-0.05570000000000008,-0.043106253306887665
-0.056700000000000195,-0.04254036878694165
-0.057700000000000085,-0.039611916396221025
-0.058700000000000196,-0.046586443104555654
-0.059700000000000086,-0.04408240410379454
-0.0607000000000002,-0.04672791423454216
-0.06170000000000009,-0.046586443104555654
-0.0627000000000002,-0.04603470569760829
-0.06370000000000009,-0.05063251742216966
-0.0647000000000002,-0.046586443104555654
-0.06570000000000009,-0.04979783775524929
-0.0667000000000002,-0.049939308885235796
-0.0677000000000001,-0.05189161047904954
-0.0687000000000002,-0.052316023869009055
-0.0697000000000001,-0.050363722275195304
-0.07070000000000021,-0.05189161047904954
-0.0717000000000001,-0.05119840194211568
-0.07270000000000021,-0.04979783775524929
-0.0737000000000001,-0.05510300512974318
-0.07470000000000021,-0.052584819015983414
-0.0757000000000001,-0.056645040446596066
-0.07670000000000021,-0.053702440942876795
-0.0777000000000001,-0.055796213666677044
-0.07870000000000021,-0.058031457520463806
-0.0797000000000001,-0.05496153399975667
-0.08070000000000022,-0.059573492837316694
-0.0817000000000001,-0.05998375911427755
-0.08270000000000022,-0.05845587091042332
-0.08370000000000011,-0.058172928650450303
-0.08470000000000022,-0.05831439978043681
-0.08570000000000011,-0.060832585894196586
-0.08670000000000022,-0.06110138104117093
-0.08770000000000011,-0.06528892648877145
-0.08870000000000022,-0.06305368263498468
-0.08970000000000011,-0.06333662489495769
-0.09070000000000022,-0.06333662489495769
-0.09170000000000011,-0.062360474098050823
-0.09270000000000023,-0.06571333987873097
-0.09370000000000012,-0.0675241703425582
-0.09470000000000023,-0.06459571795183758
-0.09570000000000012,-0.0692076767893976
-0.09670000000000023,-0.06502013134179709
-0.09770000000000012,-0.06878326339943809
-0.09870000000000023,-0.06961794306635845
-0.09970000000000012,-0.06850032113946508
-0.10070000000000023,-0.07059409386326533
-0.10170000000000012,-0.07101850725322485
-0.10270000000000024,-0.07213612918011822
-0.10370000000000013,-0.07087703612323834
-0.10470000000000024,-0.07227760031010473
-0.10570000000000013,-0.07548899496079836
-0.10670000000000024,-0.07240492432709257
-0.10770000000000013,-0.07464016818087933
-0.10870000000000024,-0.07254639545707908
-0.10970000000000013,-0.07254639545707908
-0.11070000000000024,-0.0767339409046796
-0.11170000000000013,-0.07520605270082535
-0.11270000000000002,-0.0771583542946391
-0.11370000000000013,-0.07994533555537323
-0.11470000000000002,-0.07896918475846634
-0.11570000000000014,-0.07966239329540022
-0.11670000000000003,-0.07813450509154597
-0.11770000000000014,-0.08022827781534624
-0.11870000000000003,-0.08051122007531925
-0.11970000000000014,-0.08051122007531925
-0.12070000000000003,-0.0826049927991195
-0.12170000000000014,-0.08051122007531925
-0.12270000000000003,-0.08232205053914649
-0.12370000000000014,-0.0813458997422396
-0.12470000000000003,-0.07966239329540022
-0.12570000000000014,-0.08594371146680099
-0.12670000000000003,-0.08329820133605337
-0.12770000000000015,-0.0869340093767065
-0.12870000000000004,-0.08902778210050676
-0.12970000000000015,-0.08594371146680099
-0.13070000000000004,-0.08832042645057424
-0.13170000000000015,-0.08803748419060124
-0.13270000000000004,-0.08832042645057424
-0.13370000000000015,-0.08791016017361337
-0.13470000000000004,-0.08817895532058774
-0.13570000000000015,-0.09098008369432051
-0.13670000000000004,-0.08860336871054725
-0.13770000000000016,-0.09236650076818824
-0.13870000000000005,-0.09488468688194801
-0.13970000000000016,-0.09250797189817477
-0.14070000000000005,-0.0957193665488684
-0.14170000000000016,-0.09124887884129487
-0.14270000000000005,-0.09502615801193452
-0.14370000000000016,-0.09697845960574826
-0.14470000000000005,-0.09362559382506812
-0.14570000000000016,-0.09823755266262815
-0.14670000000000005,-0.09641257508580224
-0.14770000000000016,-0.10171774246029613
-0.14870000000000005,-0.10088306279337576
-0.14970000000000017,-0.0962852510688144
-0.15070000000000006,-0.10018985425644189
-0.15170000000000017,-0.10157627133030964
-0.15270000000000006,-0.10256656924021516
-0.15370000000000017,-0.10535355050094929
-0.15470000000000006,-0.10018985425644189
-0.15570000000000017,-0.1039529863140829
-0.15670000000000006,-0.10171774246029613
-0.15770000000000017,-0.1040944574440694
-0.15870000000000006,-0.10647117242784265
-0.15970000000000018,-0.10549502163093578
-0.16070000000000007,-0.10702290983479003
-0.16170000000000018,-0.10549502163093578
-0.16270000000000007,-0.10954109594854979
-0.16370000000000018,-0.10954109594854979
-0.16470000000000007,-0.10954109594854979
-0.16570000000000018,-0.11121045528239053
-0.16670000000000007,-0.11149339754236354
-0.16770000000000018,-0.11275249059924342
-0.16870000000000007,-0.1134456991361773
-0.16970000000000018,-0.11023430448548364
-0.17070000000000007,-0.11456332106307067
-0.17170000000000019,-0.11889233764065768
-0.17270000000000008,-0.11470479219305717
-0.1737000000000002,-0.11930260391761856
-0.17470000000000008,-0.11511505847001803
-0.1757000000000002,-0.11818498199072516
-0.17670000000000008,-0.1202787547145254
-0.1777000000000002,-0.12224520342133782
-0.17870000000000008,-0.1297714675366198
-0.1797000000000002,-0.12446630016212593
-0.18070000000000008,-0.1269844862758857
-0.1817000000000002,-0.12377309162519207
-0.18270000000000008,-0.12781916594280607
-0.1837000000000002,-0.13005440979659283
-0.1847000000000001,-0.12336282534823118
-0.1857000000000002,-0.12824357933276556
-0.1867000000000001,-0.12781916594280607
-0.1877000000000002,-0.1268430151458992
-0.1887000000000001,-0.1297714675366198
-0.1897000000000002,-0.12936120125965894
-0.1907000000000001,-0.13257259591035261
-0.1917000000000001,-0.13033735205656583
-0.19269999999999998,-0.13591131457803407
-0.1937000000000001,-0.13354874670725947
-0.19469999999999998,-0.13326580444728645
-0.1957000000000001,-0.1366186702279666
-0.19669999999999999,-0.13410048411420683
-0.1977000000000001,-0.1392641803587142
-0.1987,-0.13871244295176685
-0.1997000000000001,-0.14175407224647668
-0.2007,-0.1424614278964092
-0.2017000000000001,-0.1434517258063147
-0.2027,-0.14472496597619325
-0.2037000000000001,-0.14628114840604478
-0.2047,-0.14826174422585583
-0.2057000000000001,-0.14925204213576138
-0.2067,-0.14868615761581536
-0.2077000000000001,-0.14911057100577488
-0.2087,-0.1499593977856939
-0.2097000000000001,-0.14840321535584233
-0.2107,-0.1508082245656129
-0.2117000000000001,-0.15052528230563988
-0.2127,-0.15052528230563988
-0.2137000000000001,-0.15236440699546444
-0.2147,-0.1502423400456669
-0.2157000000000001,-0.1588720789748436
-0.2167,-0.16028679027470866
-0.21770000000000012,-0.1617015015745737
-0.2187,-0.16481386643427676
-0.21970000000000012,-0.1625503283544927
-0.2207,-0.16707740451406086
-0.22170000000000012,-0.1697653559838044
-0.2227,-0.17033124050375043
-0.22370000000000012,-0.17089712502369644
-0.2247,-0.17217036519357498
-0.22570000000000012,-0.1766974413531431
-0.2267,-0.17132153841365594
-0.22770000000000012,-0.17613155683319706
-0.22870000000000001,-0.18023421960280567
-0.22970000000000013,-0.17995127734283267
-0.23070000000000002,-0.1843368823724143
-0.23170000000000013,-0.18334658446250876
-0.23270000000000002,-0.18334658446250876
-0.23370000000000013,-0.1854686514123063
-0.23470000000000002,-0.1856101225422928
-0.23570000000000013,-0.19056161209182043
-0.23670000000000002,-0.1890054296619689
-0.2376999999999999,-0.19013719870186094
-0.23870000000000002,-0.1931080924315775
-0.2396999999999999,-0.19282515017160448
-0.24070000000000003,-0.20032312006088918
-0.24169999999999991,-0.19805958198110513
-0.24270000000000003,-0.20046459119087567
-0.24369999999999992,-0.20470872509047083
-0.24470000000000003,-0.2044257828304978
-0.24569999999999992,-0.2089528589900659
-0.24670000000000003,-0.2089528589900659
-0.24769999999999992,-0.21135786819983648
-0.24870000000000003,-0.21263110836971502
-0.24969999999999992,-0.21687524226931013
-0.25070000000000003,-0.21800701130920216
-0.2516999999999999,-0.22154378955886472
-0.25270000000000004,-0.22097790503891873
-0.2536999999999999,-0.22720263475832486
-0.25470000000000004,-0.22890028831816295
-0.2556999999999999,-0.23484207577759608
-0.25670000000000004,-0.23286147995778506
-0.25769999999999993,-0.23583237368750162
-0.25870000000000004,-0.2426229879268538
-0.25969999999999993,-0.2429059301868268
-0.26070000000000004,-0.24799889086634092
-0.26169999999999993,-0.24672565069646235
-0.26270000000000004,-0.2477159486063679
-0.26369999999999993,-0.24969654442617895
-0.26470000000000005,-0.2532333226758416
-0.26569999999999994,-0.2584677544853422
-0.26670000000000005,-0.2610142348250993
-0.26769999999999994,-0.2639851285548159
-0.26870000000000005,-0.2686536758443705
-0.26969999999999994,-0.269643973754276
-0.27070000000000005,-0.27530281895373615
-0.27169999999999994,-0.27601017460366867
-0.27270000000000005,-0.2820934331930883
-0.27369999999999994,-0.2842155001428859
-0.27470000000000006,-0.28704492274261595
-0.27569999999999995,-0.29355259472199513
-0.27670000000000006,-0.29482583489187364
-0.27769999999999995,-0.2955331905418062
-0.27870000000000006,-0.30458734286094236
-0.27969999999999995,-0.30571911190083445
-0.28070000000000006,-0.3113779571002946
-0.28169999999999995,-0.3102461880604025
-0.28270000000000006,-0.31505620647994365
-0.28369999999999995,-0.32099799393937684
-0.28470000000000006,-0.3181685713396467
-0.28569999999999995,-0.32099799393937684
-0.28670000000000007,-0.32821302156868853
-0.28769999999999996,-0.33259862659827016
-0.28870000000000007,-0.3405210098775144
-0.28969999999999996,-0.3417942500473929
-0.29070000000000007,-0.34490661490709595
-0.29169999999999996,-0.34858486428674507
-0.29270000000000007,-0.3543851806161917
-0.29369999999999996,-0.3616002082455034
-0.2947000000000001,-0.35792195886585426
-0.29569999999999996,-0.3685322936148421
-0.2967000000000001,-0.37164465847454514
-0.29769999999999996,-0.38084028192366787
-0.2987000000000001,-0.38791383842299304
-0.29969999999999997,-0.3917335589326287
-0.3007000000000001,-0.3954118083122777
-0.30169999999999997,-0.40036329786180536
-0.3027000000000001,-0.40361713385149495
-0.30369999999999997,-0.4121054016506852
-0.3047000000000001,-0.40404154724145447
-0.30569999999999997,-0.4176227757201588
-0.3067000000000001,-0.4204521983198889
-0.3077,-0.4290819372490656
-0.3087000000000001,-0.4355896092284448
-0.3097,-0.43870197408814793
-0.3107000000000001,-0.4429461079877429
-0.3117,-0.44308757911772945
-0.3127000000000001,-0.44775612640728407
-0.3137,-0.45596145194650134
-0.3147000000000001,-0.4671376712154351
-0.3157,-0.47053297833511115
-0.3167000000000001,-0.4733624009348413
-0.3177,-0.4778894770944094
-0.3187000000000001,-0.48637774489359964
-0.3197,-0.49246100348301924
-0.3207000000000001,-0.49529042608274926
-0.3217,-0.5027883959720341
-0.3227000000000001,-0.5121254905511432
-0.3237,-0.5166525667107114
-0.3247000000000001,-0.5274043725896858
-0.3257,-0.540136774288471
-0.3267000000000001,-0.5415514855883361
-0.3277,-0.5457956194879312
-0.3287000000000001,-0.5531521182472294
-0.3297,-0.5627721550863116
-0.3307000000000001,-0.5814463442445301
-0.3317,-0.5820122287644761
-0.3327000000000001,-0.5835684111943277
-0.3337,-0.5893687275237742
-0.3347000000000001,-0.5880954873538957
-0.3357,-0.5960178706331399
-0.3367000000000001,-0.5977155241929779
-0.3377,-0.6050720229522761
-0.3387000000000001,-0.615965299961237
-0.3397,-0.6175214823910884
-0.3407000000000001,-0.6244535677604272
-0.3417,-0.6264341635802383
-0.3427000000000001,-0.6325174221696578
-0.3437,-0.6422789301387266
-0.3447000000000001,-0.6453912949984297
-0.3457,-0.6554357452274714
-0.3467000000000001,-0.6603872347769991
-0.3477,-0.6656216665864998
-0.3487000000000001,-0.6751002322955955
-0.3497,-0.675241703425582
-0.3507000000000001,-0.6840129134847454
-0.3517,-0.6950476616236926
-0.3527000000000001,-0.6967453151835306
-0.3537,-0.7066482942825859
-0.3547000000000001,-0.7169756867716006
-0.3557,-0.7284348483005074
-0.35670000000000013,-0.73197162655017
-0.3577,-0.7379134140096032
-0.35870000000000013,-0.7448454993789418
-0.3597,-0.7527678826581861
-0.36070000000000013,-0.7622464483672817
-0.3617,-0.7671979379168093
-0.3626999999999999,-0.7755447345860131
-0.3637,-0.7823353488253653
-0.3646999999999999,-0.7850233002951088
-0.3657,-0.7933700969643125
-0.3666999999999999,-0.7956336350440966
-0.3677,-0.8046877873632328
-0.3686999999999999,-0.81006369030272
-0.36970000000000003,-0.8171372468020451
-0.3706999999999999,-0.8194007848818293
-0.37170000000000003,-0.828313466070979
-0.3726999999999999,-0.8392067430799398
-0.37370000000000003,-0.8409043966397778
-0.3746999999999999,-0.8499585489589141
-0.37570000000000003,-0.8734427565366737
-0.3766999999999999,-0.88532633145554
-0.37770000000000004,-0.9023028670539204
-0.3786999999999999,-0.9085275967733266
-0.37970000000000004,-0.9113570193730566
-0.3806999999999999,-0.9195623449122737
-0.38170000000000004,-0.9157426244026382
-0.38269999999999993,-0.9007466846240689
-0.38370000000000004,-0.9093764235532455
-0.38469999999999993,-0.9144693842327598
-0.38570000000000004,-0.9263529591516261
-0.38669999999999993,-0.9293238528813426
-0.38770000000000004,-0.9416318411901684
-0.38869999999999993,-0.947998042039561
-0.38970000000000005,-0.9537983583690077
-0.39069999999999994,-0.96341839520809
-0.39170000000000005,-0.9672381157177256
-0.39269999999999994,-0.9734628454371318
-0.39370000000000005,-0.9843561224460924
-0.39469999999999994,-0.9856293626159711
-0.39570000000000005,-1.0006253023945404
-0.39669999999999994,-1.0041620806442029
-0.39770000000000005,-1.0108112237535687
-0.39869999999999994,-1.0190165492927858
-0.39970000000000006,-1.0239680388423136
-0.40069999999999995,-1.0371248539310585
-0.40170000000000006,-1.0357101426311934
-0.40269999999999995,-1.0456131217302487
-0.40370000000000006,-1.0550916874393443
-0.40469999999999995,-1.0552331585693309
-0.40570000000000006,-1.063438484108548
-0.40669999999999995,-1.0700876272179138
-0.40770000000000006,-1.079990606316969
-0.40869999999999995,-1.0924400657557813
-0.40970000000000006,-1.098523324345201
-0.41069999999999995,-1.1091336590941887
-0.41170000000000007,-1.114226619773703
-0.41269999999999996,-1.1231393009628525
-0.41370000000000007,-1.1295055018122453
-0.41469999999999996,-1.138701125261368
-0.41570000000000007,-1.1590729679794245
-0.41669999999999996,-1.1589314968494382
-0.41770000000000007,-1.164590342048898
-0.41869999999999996,-1.1726541964581287
-0.4197000000000001,-1.175483619057859
-0.42069999999999996,-1.1901966165764555
-0.4217000000000001,-1.199392240025578
-0.42269999999999996,-1.2000995956755107
-0.4237000000000001,-1.191752799006307
-0.42469999999999997,-1.199392240025578
-0.4257000000000001,-1.21226611285435
-0.42669999999999997,-1.2126905262443095
-0.4277000000000001,-1.2302329463626358
-0.42869999999999997,-1.2463606551810973
-0.4297000000000001,-1.279464899597939
-0.43069999999999997,-1.280879610897804
-0.4317000000000001,-1.2750792945683578
-0.4327,-1.2955926084164004
-0.4337000000000001,-1.2725328142286005
-0.4347,-1.2781916594280607
-0.4357000000000001,-1.2910655322568325
-0.4367,-1.3016758670058202
-0.4377000000000001,-1.314549739834592
-0.4387,-1.326574785883445
-0.4397000000000001,-1.3292627373531885
-0.4407,-1.3401560143621492
-0.4417000000000001,-1.3415707256620142
-0.4427,-1.3543031273607997
-0.4437000000000001,-1.3634987508099223
-0.4447,-1.3659037600196928
-0.4457000000000001,-1.3779288060685457
-0.4467,-1.381889997708168
-0.4477000000000001,-1.3941979860169935
-0.4487,-1.395754168446845
-0.4497000000000001,-1.4025447826861974
-0.4507,-1.40608156093586
-0.4517000000000001,-1.4108915793554009
-0.4527,-1.423199567664227
-0.4537000000000001,-1.426028990263957
-0.4547,-1.4373466806628774
-0.4557000000000001,-1.4444202371622026
-0.4567,-1.4500790823616625
-0.4577000000000001,-1.459982061460718
-0.4587,-1.4769585970590984
-0.4597000000000001,-1.4797880196588282
-0.4607,-1.4925204213576138
-0.4617000000000001,-1.4967645552572086
-0.4627,-1.510911668255859
-0.4637000000000001,-1.5278882038542394
-0.4647,-1.5547677185516753
-0.4657000000000001,-1.6170150157457368
-0.4667,-1.614185593146007
-0.4677000000000001,-1.5575971411514054
-0.4687,-1.5618412750510005
-0.4697000000000001,-1.5646706976507305
-0.4707,-1.5561824298515403
-0.4717000000000001,-1.5887207897484361
-0.4727,-1.5901355010483011
-0.4737000000000001,-1.587306078448571
-0.4747,-1.6226738609451972
-0.4757000000000001,-1.6339915513441174
-0.4767,-1.6467239530429028
-0.4777000000000001,-1.6453092417430377
-0.4787,-1.6523827982423631
-0.4797000000000001,-1.6622857773414181
-0.4807,-1.6792623129397986
-0.48170000000000013,-1.6778476016399335
-0.4827,-1.6877505807389888
-0.48370000000000013,-1.6919947146385839
-0.4847,-1.690580003338719
-0.48570000000000013,-1.701897693737639
-0.4867,-1.7075565389370995
-0.4876999999999999,-1.7174595180361545
-0.4887,-1.7301919197349398
-0.4896999999999999,-1.7358507649344
-0.4907,-1.7514125892329155
-0.4916999999999999,-1.7627302796318356
-0.4927,-1.779706815230216
-0.4936999999999999,-1.7896097943292715
-0.49470000000000003,-1.7995127734283267
-0.4956999999999999,-1.8886395853198237
-0.49670000000000003,-1.9070308322180693
-0.4976999999999999,-1.895713141819149
-0.49870000000000003,-1.850442380223468
-0.4996999999999999,-1.8617600706223882
-0.5007,-1.8759071836210386
-0.5016999999999999,-1.8999572757187444
-0.5027,-1.9126896774175295
-0.5036999999999999,-1.9282515017160449
-0.5047,-1.9310809243157752
-0.5056999999999999,-1.9622045729128061
-0.5067,-1.9452280373144257
-0.5076999999999999,-1.9551310164134805
-0.5087,-1.959375150313076
-0.5096999999999999,-1.9777663972113213
-0.5107,-1.9975723554094316
-0.5116999999999999,-2.0159636023076772
-0.5127,-2.014548891007812
-0.5136999999999999,-2.0187930249074073
-0.5147,-2.0286960040064623
-0.5156999999999999,-2.0598196526034935
-0.5167,-2.052746096104168
-0.5176999999999999,-2.072552054302279
-0.5187,-2.082455033401334
-0.5196999999999999,-2.085284456001064
-0.5207,-2.105090414199175
-0.5216999999999999,-2.102260991599445
-0.5227,-2.10367570289931
-0.5236999999999999,-2.13196992889661
-0.5247,-2.1404581966958003
-0.5257,-2.1630935774936413
-0.5267000000000001,-2.2239261633878376
-0.5277,-2.2691969249835187
-0.5287000000000001,-2.1913878034909415
-0.5297,-2.181484824391887
-0.5307000000000001,-2.1984613599902674
-0.5317,-2.2196820294882422
-0.5327000000000001,-2.2409026989862184
-0.5337,-2.2663675023837886
-0.5347000000000001,-2.286173460581899
-0.5357,-2.307394130079875
-0.5367000000000001,-2.3201265317786604
-0.5377,-2.348420757775961
-0.5387000000000001,-2.352664891675556
-0.5397,-2.3710561385738016
-0.5407000000000001,-2.3710561385738016
-0.5417,-2.3653972933743415
-0.5427000000000001,-2.3993503645711023
-0.5437,-2.433303435767863
-0.5447000000000001,-2.427644590568403
-0.5457,-2.465841795664759
-0.5467000000000001,-2.4913065990623298
-0.5477,-2.597409946552207
-0.5487000000000001,-2.591751101352747
-0.5497,-2.542236205857471
-0.5507000000000001,-2.515356691160035
-0.5517,-2.5210155363594953
-0.5527000000000001,-2.5210155363594953
-0.5537,-2.545065628457201
-0.5547000000000001,-2.5747745657543666
-0.5557,-2.591751101352747
-0.5567000000000001,-2.597409946552207
-0.5577,-2.6356071516485633
-0.5587000000000001,-2.659657243746269
-0.5597,-2.69926916014249
-0.5607000000000001,-2.69361031494303
-0.5617,-2.7162456957408705
-0.5627000000000001,-2.745954633038036
-0.5637,-2.7586870347368215
-0.5647000000000001,-2.8053725076323675
-0.5657,-2.9143052777219753
-0.5667000000000001,-2.90157287602319
-0.5677,-2.8350814449295334
-0.5687000000000001,-2.846399135328454
-0.5697,-2.8506432692280486
-0.5707000000000001,-2.900158164723325
-0.5717,-2.945428926319006
-0.5727000000000001,-2.965234884517117
-0.5737,-2.989284976614823
-0.5747000000000001,-3.009090934812933
-0.5757,-3.0076762235130676
-0.5767000000000001,-3.041629294709829
-0.5777,-3.041629294709829
-0.5787000000000001,-3.050117562509019
-0.5797,-3.069923520707129
-0.5807000000000001,-3.1095354371033506
-0.5817,-3.1873445585959277
-0.5827000000000001,-3.2920331947859403
-0.5837,-3.1859298472960624
-0.5847000000000001,-3.205735805494173
-0.5857,-3.2609095461889095
-0.5867000000000001,-3.2962773286855356
-0.5877,-3.303350885184861
-0.5887000000000001,-3.3344745337818917
-0.5897,-3.382574717977303
-0.5907000000000001,-3.3938924083762227
-0.5917,-3.430674902172714
-0.5927000000000001,-3.4957516219665052
-0.5937,-3.552340073961107
-0.5947000000000001,-3.576390166058813
-0.5957,-3.6188315050547635
-0.5967000000000001,-3.6683464005500404
-0.5977,-3.730593697744102
-0.5987000000000001,-3.8480147356329
-0.5997,-3.815476375736004
-0.6007000000000001,-3.823964643535194
-0.6017,-3.8593324260318203
-0.6027000000000001,-3.910262032826961
-0.6037,-3.958362217022373
-0.6047000000000001,-4.0121212464172435
-0.6057,-4.054562585413195
-0.6067000000000001,-4.084271522710361
-0.6077,-4.162080644202938
-0.6087000000000001,-4.174813045901724
-0.6097,-4.290819372490656
-0.6107000000000001,-4.324772443687417
-0.6117,-4.265354569093086
-0.6126999999999999,-4.324772443687417
-0.6137,-4.343163690585662
-0.6146999999999999,-4.408240410379454
-0.6157,-4.436534636376755
-0.6166999999999999,-4.486049531872031
-0.6177,-4.511514335269602
-0.6186999999999999,-4.558199808165148
-0.6197,-4.712403339850438
-0.6206999999999999,-4.730794586748683
-0.6217,-4.7406975658477375
-0.6226999999999999,-4.788797750043149
-0.6237,-4.887827541033701
-0.6246999999999999,-4.979783775524929
-0.6257,-5.129743173310623
-0.6266999999999999,-5.211796428702795
-0.6277,-5.281117282396182
-0.6286999999999999,-5.440979659280932
-0.6297,-5.473518019177827
-0.6306999999999999,-5.520203492073373
-0.6317,-5.548497718070673
-0.6326999999999999,-5.629136262162981
-0.6337,-5.705530672355693
-0.6346999999999999,-5.750801433951374
-0.6357,-5.837098823243141
-0.6366999999999999,-6.019596580925731
-0.6377,-6.057793786022088
-0.6386999999999999,-6.139847041414258
-0.6397,-6.245950388904137
-0.6406999999999999,-6.335077200795634
-0.6417,-6.473718908182407
-0.6426999999999999,-6.5642604313737705
-0.6437,-6.714219829159464
-0.6446999999999999,-6.7609053020550105
-0.6457,-6.820323176649342
-0.6466999999999999,-6.960379595335981
-0.6477,-7.090533034923564
-0.6486999999999999,-7.176830424215332
-0.6497,-7.263127813507099
-0.6507,-7.406013654793467
-0.6517000000000001,-7.514946424883075
-0.6527,-7.623879194972683
-0.6537000000000001,-7.759691479759726
-0.6547,-7.865794827249602
-0.6557000000000001,-8.012924802435567
-0.6567,-8.147322375922746
-0.6577000000000001,-8.321331865806146
-0.6587,-8.44016761499481
-0.6597000000000001,-8.583053456281176
-0.6607,-8.717451029768355
-0.6617000000000001,-8.89287523095162
-0.6627,-9.045664051337045
-0.6637000000000001,-9.206941139521659
-0.6647,-9.390853608504113
-0.6657000000000001,-9.621451550382114
-0.6667,-9.771410948167809
-0.6677000000000001,-9.972299952748642
-0.6687,-10.137821174832853
-0.6697000000000001,-10.347198447212879
-0.6707,-10.518378514496549
-0.6717000000000001,-10.715023385177787
-0.6727,-10.937133059256597
-0.6737000000000001,-11.143680909036894
-0.6747,-11.249784256526773
-0.6757000000000001,-11.460576240206661
-0.6767,-11.65156226568844
-0.6777000000000001,-11.88640434146604
-0.6787,-12.022216626253082
-0.6797000000000001,-12.18773784833729
-0.6807,-12.411262233715968
-0.6817000000000001,-12.53292740550436
-0.6827,-12.760695924782631
-0.6837000000000001,-12.972902619762385
-0.6847,-13.144082687046055
-0.6857000000000001,-13.427024947019063
-0.6867,-13.680258269694905
-0.6877000000000001,-13.859926604777764
-0.6887,-14.107501082254146
-0.6897000000000001,-14.359319693630123
-0.6907,-14.599820614607177
-0.6917000000000001,-14.812027309586934
-0.6927,-15.151558021554543
-0.6937000000000001,-15.335470490536997
-0.6947,-15.505235846520803
-0.6957000000000001,-15.858913671487063
-0.6967,-16.184297270456018
-0.6977000000000001,-16.495533756426326
-0.6987,-16.806770242396635
-0.6997000000000001,-17.047271163373694
-0.7007,-17.40094898833995
-0.7017000000000001,-17.683891248312957
-0.7027,-18.03756907327922
-0.7037000000000001,-18.292217107254928
-0.7047,-18.617600706223882
-0.7057000000000001,-18.94298430519284
-0.7067,-19.423986147146955
-0.7077000000000001,-19.466427486142905
-0.7087,-19.77766397211321
-0.7097000000000001,-20.088900458083522
-0.7107,-20.400136944053827
-0.7117000000000001,-20.76796188201874
-0.7127,-20.966021463999844
-0.7137000000000001,-21.362140627962056
-0.7147,-21.61678866193776
-0.7157000000000001,-22.012907825899973
-0.7167,-22.324144311870278
-0.7177000000000001,-22.734410588831135
-0.7187,-23.102235526796047
-0.7197000000000001,-23.51250180375691
-0.7207,-23.951062306715073
-0.7217000000000001,-24.290593018682678
-0.7227,-24.71500640864219
-0.7237000000000001,-25.280890928588207
-0.7247,-25.846775448534224
-0.7257000000000001,-26.17215904750318
-0.7267,-26.65316088945729
-0.7277000000000001,-27.134162731411404
-0.7287,-27.43125210438306
-0.7297000000000001,-27.883959720339874
-0.7307,-28.364961562293985
-0.7317000000000001,-28.761080726256196
-0.7327,-29.38355369819681
-0.7337000000000001,-29.793819975157668
-0.7347,-30.317263156107735
-0.7357000000000001,-30.82655922405915
-0.7367,-31.392443744005163
-0.7376999999999999,-31.84515135996197
-0.7387,-32.439330105905285
-0.7396999999999999,-32.90618483486075
-0.7407,-33.330598224820264
-0.7416999999999999,-33.924776970763574
-0.7427,-34.4906614907096
-0.7436999999999999,-34.9716633326637
-0.7447,-35.52340073961108
-0.7456999999999999,-36.04684392056114
-0.7467,-36.52784576251525
-0.7476999999999999,-36.98055337847206
-0.7487,-37.645467689408626
-0.7496999999999999,-38.22549932235329
-0.7507,-38.706501164307404
-0.7516999999999999,-39.314827023249364
-0.7527,-39.90900576919269
-0.7536999999999999,-40.40415472414545
-0.7547,-41.15395171307392
-0.7556999999999999,-41.91789581500104
-0.7567,-42.45548610894975
-0.7576999999999999,-43.205283097878215
-0.7587,-43.99752142580264
-0.7596999999999999,-44.78975975372706
-0.7607,-45.45467406466363
-0.7616999999999999,-46.30350084458265
-0.7627,-47.02500360751382
-0.7636999999999999,-47.73235925744634
-0.7647,-48.43971490737886
-0.7656999999999999,-49.104629218315424
-0.7667,-49.8261319812466
-0.7676999999999999,-50.61837030917101
-0.7687,-51.35402018510083
-0.7696999999999999,-52.11796428702795
-0.7707,-53.10826219693348
-0.7716999999999999,-53.67414671687949
-0.7727,-54.551267722795814
-0.7736999999999999,-55.470830067708086
-0.7747,-56.404539525619015
-0.7757,-57.45142588751914
-0.7767000000000001,-58.20122287644761
-0.7777,-59.12078522135989
-0.7787000000000001,-59.94131777528161
-0.7797,-60.80429166819927
-0.7807000000000001,-61.455058866137186
-0.7817,-62.36047409805081
-0.7827000000000001,-63.20930087796983
-0.7837,-64.14301033588076
-0.7847000000000001,-65.06257268079304
-0.7857,-65.93969368670936
-0.7867000000000001,-66.27922439867696
-0.7857,-66.23678305968102
-0.7847000000000001,-65.7557812177269
-0.7837,-65.34551494076604
-0.7827000000000001,-65.02013134179708
-0.7817,-64.60986506483623
-0.7807000000000001,-64.45424682185109
-0.7797,-63.930803640901004
-0.7787000000000001,-63.52053736394014
-0.7777,-63.16685953897389
-0.7767000000000001,-62.58682790602922
-0.7757,-62.20485585506566
-0.7747,-61.7662953521075
-0.7736999999999999,-61.14382238016689
-0.7727,-60.73355610320602
-0.7716999999999999,-59.87058221028835
-0.7707,-59.24810923834774
-0.7696999999999999,-58.61148915340847
-0.7687,-57.889986390477304
-0.7676999999999999,-57.465573000517786
-0.7667,-56.956276932566375
-0.7656999999999999,-56.23477416963521
-0.7647,-55.79621366667705
-0.7636999999999999,-55.17374069473642
-0.7627,-54.834209982768826
-0.7616999999999999,-54.28247257582146
-0.7607,-53.9005005248579
-0.7596999999999999,-53.447792908901086
-0.7587,-53.03752663194023
-0.7576999999999999,-52.59896612898206
-0.7567,-52.14625851302525
-0.7556999999999999,-51.60866821907654
-0.7547,-51.071077925127824
-0.7536999999999999,-50.63251742216966
-0.7527,-50.109074241219595
-0.7516999999999999,-49.69880796425874
-0.7507,-49.14707055731138
-0.7496999999999999,-48.538744698369406
-0.7487,-47.619182353457134
-0.7476999999999999,-46.96841515551922
-0.7467,-46.37423640957591
-0.7456999999999999,-46.10544126260155
-0.7447,-45.44052695166498
-0.7436999999999999,-45.00196644870681
-0.7427,-44.3229050247716
-0.7416999999999999,-43.96922719980534
-0.7407,-43.37504845386202
-0.7396999999999999,-42.86575238591062
-0.7387,-42.4413389959511
-0.7376999999999999,-42.073514057986195
-0.7367,-41.73398334601858
-0.7357000000000001,-41.38030552105233
-0.7347,-40.88515656609956
-0.7337000000000001,-40.4748902891387
-0.7327,-39.90900576919269
-0.7317000000000001,-39.30067991025072
-0.7307,-38.83382518129526
-0.7297000000000001,-38.5367358083236
-0.7287,-38.06988107936814
-0.7277000000000001,-37.617173463411326
-0.7267,-37.136171621457216
-0.7257000000000001,-36.740052457495004
-0.7247,-36.315639067535486
-0.7237000000000001,-35.707313208593526
-0.7227,-35.311194044631314
-0.7217000000000001,-34.731162411686654
-0.7207,-34.26430768273119
-0.7197000000000001,-33.76915872777842
-0.7187,-33.274009772825664
-0.7177000000000001,-32.892037721862096
-0.7167,-32.51006567089854
-0.7157000000000001,-31.930034037953877
-0.7147,-31.335855292010564
-0.7137000000000001,-30.82655922405915
-0.7127,-30.54361696408614
-0.7117000000000001,-30.06261512213203
-0.7107,-29.80796708815632
-0.7097000000000001,-29.440142150191413
-0.7087,-29.171347003217054
-0.7077000000000001,-28.761080726256196
-0.7067,-28.393255788291288
-0.7057000000000001,-27.997136624329073
-0.7047,-27.473693443379013
-0.7037000000000001,-27.049280053419505
-0.7027,-26.62486666345999
-0.7017000000000001,-26.313630177489685
-0.7007,-25.959952352523427
-0.6997000000000001,-25.507244736566612
-0.6987,-25.167714024599
-0.6977000000000001,-24.842330425630045
-0.6967,-24.37547569667458
-0.6957000000000001,-24.149121888696175
-0.6947,-23.696414272739364
-0.6937000000000001,-23.314442221775803
-0.6927,-22.974911509808198
-0.6917000000000001,-22.734410588831135
-0.6907,-22.39487987686353
-0.6897000000000001,-22.027054938898623
-0.6887,-21.71581845292831
-0.6877000000000001,-21.362140627962056
-0.6867,-21.022609915994444
-0.6857000000000001,-20.72552054302279
-0.6847,-20.48501962204573
-0.6837000000000001,-20.06060623208622
-0.6827,-19.763516859114564
-0.6817000000000001,-19.452280373144255
-0.6807,-19.1834852261699
-0.6797000000000001,-18.88639585319824
-0.6787,-18.377099785246827
-0.6777000000000001,-18.207334429263025
-0.6767,-17.881950830294063
-0.6757000000000001,-17.570714344323754
-0.6747,-17.316066310348052
-0.6737000000000001,-17.00482982437774
-0.6727,-16.637004886412832
-0.6717000000000001,-16.580416434418233
-0.6707,-16.269179948447924
-0.6697000000000001,-15.88720789748436
-0.6687,-15.689148315503255
-0.6677000000000001,-15.349617603535648
-0.6667,-15.080822456561293
-0.6657000000000001,-14.925204213576137
-0.6647,-14.61396772760583
-0.6637000000000001,-14.373466806628771
-0.6627,-14.120233483952932
-0.6617000000000001,-13.910856211572908
-0.6607,-13.623669817700303
-0.6597000000000001,-13.38175418542338
-0.6587,-13.284139105732693
-0.6577000000000001,-13.033735205656583
-0.6567,-12.750792945683575
-0.6557000000000001,-12.614980660896533
-0.6547,-12.411262233715968
-0.6537000000000001,-12.15944362233999
-0.6527,-11.872257228467388
-0.6517000000000001,-11.710980140282773
-0.6507,-11.514335269601535
-0.6497,-11.259687235625828
-0.6486999999999999,-11.105483703940537
-0.6477,-10.992306799951335
-0.6466999999999999,-10.751805878974281
-0.6457,-10.606090615088178
-0.6446999999999999,-10.362760271511394
-0.6437,-10.219874430225024
-0.6426999999999999,-10.054353208140816
-0.6417,-9.822340554962949
-0.6406999999999999,-9.720481341372667
-0.6397,-9.410659566702224
-0.6386999999999999,-9.219673541220443
-0.6377,-8.994734444541903
-0.6366999999999999,-8.796674862560797
-0.6357,-8.735842276666602
-0.6346999999999999,-8.450070594093864
-0.6337,-8.362358493502233
-0.6326999999999999,-8.215228518316268
-0.6317,-8.08366036742882
-0.6306999999999999,-7.978971731238807
-0.6297,-7.830427044752977
-0.6286999999999999,-7.6663205339686336
-0.6277,-7.507872868383751
-0.6266999999999999,-7.37347529489657
-0.6257,-7.193806959813711
-0.6246999999999999,-7.062238808926263
-0.6237,-6.963209017935711
-0.6226999999999999,-6.817493754049612
-0.6217,-6.680266757962703
-0.6206999999999999,-6.605287059069856
-0.6197,-6.445424682185107
-0.6186999999999999,-6.3803479623913155
-0.6177,-6.20209433860832
-0.6166999999999999,-6.083258589419658
-0.6157,-5.970081685430455
-0.6146999999999999,-5.886613718738418
-0.6137,-5.788998639047731
-0.6126999999999999,-5.7309954757532635
-0.6117,-5.547083006770809
-0.6107000000000001,-5.467859173978367
-0.6097,-5.3702440942876795
-0.6087000000000001,-5.211796428702795
-0.6077,-5.085887123014808
-0.6067000000000001,-5.037786938819395
-0.6057,-4.869436294135457
-0.6047000000000001,-4.757674101446118
-0.6037,-4.672791423454216
-0.6027000000000001,-4.6218618166590755
-0.6017,-4.535564427367307
-0.6007000000000001,-4.42946107987743
-0.5997,-4.391263874781075
-0.5987000000000001,-4.290819372490656
-0.5977,-4.171983623301993
-0.5967000000000001,-4.102662769608606
-0.5957,-4.026268359415894
-0.5947000000000001,-3.9484592379233177
-0.5937,-3.8748942503303354
-0.5927000000000001,-3.8055733966369485
-0.5917,-3.8282087774347895
-0.5907000000000001,-3.690981781347881
-0.5897,-3.6032696807562488
-0.5887000000000001,-3.5183870027643462
-0.5877,-3.4745309524685304
-0.5867000000000001,-3.415113077874199
-0.5857,-3.3457922241808116
-0.5847000000000001,-3.28354492698675
-0.5837,-3.2184682071929585
-0.5827000000000001,-3.243933010590529
-0.5817,-3.0982177467044303
-0.5807000000000001,-3.0515322738088844
-0.5797,-2.997773244414013
-0.5787000000000001,-2.941184792419411
-0.5777,-2.9086464325225156
-0.5767000000000001,-2.8393255788291283
-0.5757,-2.7869812607341222
-0.5747000000000001,-2.775663570335202
-0.5737,-2.712001561841275
-0.5727000000000001,-2.7219045409403306
-0.5717,-2.5747745657543666
-0.5707000000000001,-2.542236205857471
-0.5697,-2.4983801555616547
-0.5687000000000001,-2.4559388165657037
-0.5677,-2.417741611469348
-0.5667000000000001,-2.4035944984706976
-0.5657,-2.3455913351762305
-0.5647000000000001,-2.3172971091789303
-0.5637,-2.286173460581899
-0.5627000000000001,-2.2522203893851382
-0.5617,-2.2338291424868926
-0.5607000000000001,-2.229585008587298
-0.5597,-2.136214062796206
-0.5587000000000001,-2.0866991673009294
-0.5577,-2.052746096104168
-0.5567000000000001,-2.0272812927065975
-0.5557,-1.9834252424107812
-0.5547000000000001,-1.9409839034148304
-0.5537,-1.92400736781645
-0.5527000000000001,-1.897127853119014
-0.5517,-1.8617600706223882
-0.5507000000000001,-1.884395451420229
-0.5497,-1.8009274847281918
-0.5487000000000001,-1.769803836131161
-0.5477,-1.8009274847281918
-0.5467000000000001,-1.7627302796318356
-0.5457,-1.696238848538179
-0.5447000000000001,-1.6707740451406083
-0.5437,-1.658041643441823
-0.5427000000000001,-1.626917994844792
-0.5417,-1.6240885722450622
-0.5407000000000001,-1.587306078448571
-0.5397,-1.5491088733522151
-0.5387000000000001,-1.53920589425316
-0.5377,-1.5264734925543744
-0.5367000000000001,-1.4698850405597732
-0.5357,-1.4486643710617975
-0.5347000000000001,-1.4288584128636872
-0.5337,-1.4087695124056037
-0.5327000000000001,-1.4022618404262244
-0.5317,-1.3983006487866023
-0.5307000000000001,-1.4288584128636872
-0.5297,-1.326574785883445
-0.5287000000000001,-1.2936120125965895
-0.5277,-1.2899337632169405
-0.5267000000000001,-1.2824357933276558
-0.5257,-1.2603662970497613
-0.5247,-1.241550636761556
-0.5236999999999999,-1.2235838032532702
-0.5227,-1.208587863474701
-0.5216999999999999,-1.1884989630166172
-0.5207,-1.1739274366280075
-0.5196999999999999,-1.1597803236293571
-0.5187,-1.139267009781314
-0.5176999999999999,-1.1221490030529473
-0.5167,-1.103899227284688
-0.5156999999999999,-1.1338911068418267
-0.5147,-1.0944206615755925
-0.5136999999999999,-1.0778685393671714
-0.5127,-1.1054554097145397
-0.5116999999999999,-1.1229978298328662
-0.5107,-1.1101239570040942
-0.5096999999999999,-1.0572137543891418
-0.5087,-1.0393883920108424
-0.5076999999999999,-1.0270804037020165
-0.5067,-1.0137821174832853
-0.5056999999999999,-1.0157627133030962
-0.5047,-1.0085476856737847
-0.5036999999999999,-0.9975129375348374
-0.5027,-0.9884587852157011
-0.5016999999999999,-0.9723310763972398
-0.5007,-0.9419147834501415
-0.4996999999999999,-0.9300312085312752
-0.49870000000000003,-0.9123473172829621
-0.4976999999999999,-0.9105081925931376
-0.49670000000000003,-0.894380483774676
-0.4956999999999999,-0.8819310243358639
-0.49470000000000003,-0.8751404100965116
-0.4936999999999999,-0.8577394611081718
-0.4927,-0.8458558861893055
-0.4916999999999999,-0.8321331865806146
-0.4907,-0.8351040803103312
-0.4896999999999999,-0.8806577841659853
-0.4887,-0.8499585489589141
-0.4876999999999999,-0.8144492953323017
-0.4867,-0.793228625834326
-0.48570000000000013,-0.7862965404649873
-0.4847,-0.7789400417056891
-0.48370000000000013,-0.767905293566742
-0.4827,-0.7649343998370254
-0.48170000000000013,-0.7560217186478756
-0.4807,-0.7492311044085235
-0.4797000000000001,-0.7468260951987529
-0.4787,-0.7304154441203184
-0.4777000000000001,-0.7372060583596707
-0.4767,-0.7151365620817761
-0.4757000000000001,-0.7107509570521945
-0.4747,-0.7083459478424239
-0.4737000000000001,-0.6985844398733552
-0.4727,-0.692925594673895
-0.4717000000000001,-0.6809005486250422
-0.4707,-0.6760905302055011
-0.4697000000000001,-0.6670363778863648
-0.4687,-0.653313678277674
-0.4677000000000001,-0.6494939577680383
-0.4667,-0.6356297870293609
-0.4657000000000001,-0.6313856531297658
-0.4647,-0.6281318171400763
-0.4637000000000001,-0.6268585769701978
-0.4627,-0.6588310523471476
-0.4617000000000001,-0.6644898975466078
-0.4607,-0.6367615560692529
-0.4597000000000001,-0.6021011292225595
-0.4587,-0.5961593417631265
-0.4577000000000001,-0.5944616882032884
-0.4567,-0.5862563626640712
-0.4557000000000001,-0.5796072195547056
-0.4547,-0.5723921919253939
-0.4537000000000001,-0.5620647994363791
-0.4527,-0.5556985985869863
-0.4517000000000001,-0.5490494554776209
-0.4507,-0.5424003123682551
-0.4497000000000001,-0.5382976495986466
-0.4487,-0.5247164211199421
-0.4477000000000001,-0.5244334788599692
-0.4467,-0.5133987307210217
-0.4457000000000001,-0.5109937215112512
-0.4447,-0.5092960679514131
-0.4437000000000001,-0.4978369064225064
-0.4427,-0.4957148394727089
-0.4417000000000001,-0.48284096664393705
-0.4407,-0.48199213986401795
-0.4397000000000001,-0.47718212144447686
-0.4387,-0.465157075395624
-0.4377000000000001,-0.4630350084458265
-0.4367,-0.45822499002628536
-0.4357000000000001,-0.4546882117766228
-0.4347,-0.4484634820572166
-0.4337000000000001,-0.43983374312803997
-0.4327,-0.4371457916582963
-0.4317000000000001,-0.4265354569093086
-0.43069999999999997,-0.43021370628895766
-0.4297000000000001,-0.42596957238936256
-0.42869999999999997,-0.4370043205283098
-0.4277000000000001,-0.444360819287608
-0.42669999999999997,-0.43742873391826936
-0.4257000000000001,-0.4293648795090386
-0.42469999999999997,-0.40856862340102257
-0.4237000000000001,-0.3948459237923317
-0.42269999999999996,-0.39116767441268263
-0.4217000000000001,-0.38112322418364086
-0.42069999999999996,-0.384518531303317
-0.4197000000000001,-0.3790011572338433
-0.41869999999999996,-0.37419113881430216
-0.41770000000000007,-0.36909817813478807
-0.41669999999999996,-0.3623075638954359
-0.41570000000000007,-0.35961961242569235
-0.41469999999999996,-0.3541022383562187
-0.41370000000000007,-0.3473116241168665
-0.41269999999999996,-0.34434073038714996
-0.41170000000000007,-0.3352865780680137
-0.41069999999999995,-0.3362768759779193
-0.40970000000000006,-0.3350036358080407
-0.40869999999999995,-0.3234030031491474
-0.40770000000000006,-0.32071505167940384
-0.40669999999999995,-0.31406590857003813
-0.40570000000000006,-0.3166123889097952
-0.40469999999999995,-0.30600205416080745
-0.40370000000000006,-0.3013335068712528
-0.40269999999999995,-0.2996358533114148
-0.40170000000000006,-0.29072317212226506
-0.40069999999999995,-0.2888840474324405
-0.39970000000000006,-0.288742576302454
-0.39869999999999994,-0.2781322415534663
-0.39770000000000005,-0.2774248859035337
-0.39669999999999994,-0.27176604070407356
-0.39570000000000005,-0.27035132940420853
-0.39469999999999994,-0.2621460038649913
-0.39370000000000005,-0.2615801193450453
-0.39269999999999994,-0.2535162649358146
-0.39170000000000005,-0.25026242894612494
-0.39069999999999994,-0.24516946826661082
-0.38970000000000005,-0.24092533436701574
-0.38869999999999993,-0.23498354690758255
-0.38770000000000004,-0.2359738448174881
-0.38669999999999993,-0.2388032674172182
-0.38570000000000004,-0.24785741973635445
-0.38469999999999993,-0.2395106230671507
-0.38370000000000004,-0.231729710917893
-0.38269999999999993,-0.2281929326682304
-0.38170000000000004,-0.21432876192955308
-0.3806999999999999,-0.20711373430024138
-0.37970000000000004,-0.20315254266061927
-0.3786999999999999,-0.1974936974611591
-0.37770000000000004,-0.19805958198110513
-0.3766999999999999,-0.19141043887173945
-0.37570000000000003,-0.19013719870186094
-0.3746999999999999,-0.18730777610213087
-0.37370000000000003,-0.18023421960280567
-0.3726999999999999,-0.1854686514123063
-0.37170000000000003,-0.17881950830294063
-0.3706999999999999,-0.17754626813306212
-0.36970000000000003,-0.17259477858353447
-0.3686999999999999,-0.16495533756426325
-0.3677,-0.16820917355395287
-0.3666999999999999,-0.1619844438345467
-0.3657,-0.1619844438345467
-0.3646999999999999,-0.16311621287443873
-0.3637,-0.154203531685289
-0.3626999999999999,-0.14953498439573437
-0.3617,-0.1465640906660178
-0.36070000000000013,-0.1458567350160853
-0.3597,-0.14727144631595032
-0.35870000000000013,-0.13480783976413932
-0.3577,-0.13954712261868724
-0.35670000000000013,-0.13214818252039306
-0.3557,-0.1311720317234862
-0.3547000000000001,-0.12810210820277906
-0.3537,-0.12210373229135131
-0.3527000000000001,-0.12879531673971292
-0.3517,-0.11944407504760506
-0.3507000000000001,-0.11665709378687093
-0.3497,-0.11387011252613681
-0.3487000000000001,-0.10870641628162941
-0.3477,-0.11302128574621777
-0.3467000000000001,-0.10870641628162941
-0.3457,-0.10716438096477654
-0.3447000000000001,-0.10367004405410989
-0.3437,-0.09781313927266864
-0.3427000000000001,-0.09837902379261465
-0.3417,-0.09669551734577525
-0.3407000000000001,-0.09431880236200199
-0.3397,-0.10116600505334877
-0.3387000000000001,-0.09557789541888188
-0.3377,-0.08274646392910599
-0.3367000000000001,-0.07966239329540022
-0.3357,-0.08203910827917348
-0.3347000000000001,-0.07855891848150548
-0.3337,-0.0756163189777862
-0.3327000000000001,-0.07449869705089282
-0.3317,-0.07045262273327882
-0.3307000000000001,-0.06821737887949207
-0.3297,-0.06640654841566482
-0.3287000000000001,-0.06138432330114395
-0.3277,-0.0634780960249442
-0.3267000000000001,-0.05998375911427755
-0.3257,-0.06250194522803733
-0.3247000000000001,-0.06069111476421007
-0.3237,-0.060832585894196586
-0.3227000000000001,-0.05677236446358393
-0.3217,-0.05440979659280931
-0.3207000000000001,-0.052316023869009055
-0.3197,-0.04812847842140855
-0.3187000000000001,-0.06278488748801032
-0.3177,-0.06711390406559734
-0.3167000000000001,-0.06250194522803733
-0.3157,-0.05705530672355694
-0.3147000000000001,-0.04938757147828843
-0.3137,-0.046586443104555654
-0.3127000000000001,-0.046586443104555654
-0.3117,-0.04505855490070142
-0.3107000000000001,-0.03388233563176763
-0.3097,-0.029284523907206258
-0.3087000000000001,-0.023696414272739365
-0.3077,-0.029001581647233248
-0.3067000000000001,-0.026073129256512624
-0.30569999999999997,-0.024120827662698876
-0.3047000000000001,-0.02355494314275286
-0.30369999999999997,-0.023427619125765006
-0.3027000000000001,-0.021744112678925617
-0.30169999999999997,-0.020216224475071376
-0.3007000000000001,-0.020767961882018737
-0.29969999999999997,-0.016438945304431726
-0.2987000000000001,-0.02007475334508487
-0.29769999999999996,-0.012813040242877636
-0.2967000000000001,-0.010160456555630692
-0.29569999999999996,-0.011416720189910844
-0.2947000000000001,-0.007230589453610202
-0.29369999999999996,-0.004299307640289847
-0.29270000000000007,-0.0034617985507697452
-0.29169999999999996,-0.00025125272685603054
-0.29070000000000007,2.7912253946337174e-05
-0.28969999999999996,-0.0003907432610227231
-0.28870000000000007,0.0033783305840777073
-0.28769999999999996,0.005889443141338148
-0.28670000000000007,0.005750801433951375
-0.28569999999999995,0.008960781373345144
-0.28470000000000006,0.00770451773906499
-0.28369999999999995,0.004354481380984583
-0.28270000000000006,0.009658234044178605
-0.28169999999999995,0.013286968528332426
-0.28070000000000006,0.014401761032626074
-0.27969999999999995,0.01509496956955994
-0.27870000000000006,0.023753002724733966
-0.27769999999999995,0.0191551910001726
-0.27670000000000006,0.02208364339089322
-0.27569999999999995,0.01887224874019959
-0.27470000000000006,0.021107492593986348
-0.27369999999999994,0.02124896372397285
-0.27270000000000005,0.021517758870947205
-0.27169999999999994,0.02543650917157336
-0.27070000000000005,0.022366585650866227
-0.26969999999999994,0.02850643269228049
-0.26870000000000005,0.031434885083001116
-0.26769999999999994,0.02850643269228049
-0.26670000000000005,0.029751378636161722
-0.26569999999999994,0.029482583489187364
-0.26470000000000005,0.03771620325440188
-0.26369999999999993,0.039244091458256115
-0.26270000000000004,0.04147933531204288
-0.26169999999999993,0.046232765279589395
-0.26070000000000004,0.04259695723893625
-0.25969999999999993,0.045666880759643376
-0.25870000000000004,0.04650156042656376
-0.25769999999999993,0.04594982301961639
-0.25670000000000004,0.05180672780105764
-0.2556999999999999,0.048736804280350515
-0.25470000000000004,0.051113519264123775
-0.2536999999999999,0.0539005005248579
-0.25270000000000004,0.04901974654032352
-0.2516999999999999,0.05558400697169729
-0.25070000000000003,0.05446638504480392
-0.24969999999999992,0.05515959358173778
-0.24870000000000003,0.05989887643628565
-0.24769999999999992,0.05697042404556502
-0.24670000000000003,0.059771552419297796
-0.24569999999999992,0.05851245936241791
-0.24470000000000003,0.06158238288312505
-0.24369999999999992,0.06270000481001843
-0.24270000000000003,0.06270000481001843
-0.24169999999999991,0.06422789301387266
-0.24070000000000003,0.06576992833072555
-0.2396999999999999,0.06395909786689832
-0.23870000000000002,0.07190977537213981
-0.2376999999999999,0.06814664331449882
-0.23670000000000002,0.0716268331121668
-0.23570000000000013,0.07065068231525992
-0.23470000000000002,0.06883985185143268
-0.23370000000000013,0.07190977537213981
-0.23270000000000002,0.07093362457523293
-0.23170000000000013,0.07483822776286045
-0.23070000000000002,0.07274445503906019
-0.22970000000000013,0.07512117002283344
-0.22870000000000001,0.07902577321046096
-0.22770000000000012,0.07526264115281994
-0.2267,0.07888430208047445
-0.22570000000000012,0.07609732081974033
-0.2247,0.08069513254430169
-0.22370000000000012,0.08042633739732732
-0.2227,0.08083660367428819
-0.22170000000000012,0.08335478978804794
-0.2207,0.08056780852731382
-0.21970000000000012,0.08223716786115459
-0.2187,0.08573150477182122
-0.21770000000000012,0.08390652719499532
-0.2167,0.08754233523564847
-0.2157000000000001,0.08642471330875509
-0.2147,0.08796674862560798
-0.2137000000000001,0.08949463682946222
-0.2127,0.08782527749562147
-0.2117000000000001,0.09451686194398311
-0.2107,0.08865995716254185
-0.2097000000000001,0.08907022343950272
-0.2087,0.09354071114707624
-0.2077000000000001,0.09410659566702224
-0.2067,0.09256456035016934
-0.2057000000000001,0.0962003683908225
-0.2047,0.09396512453703573
-0.2037000000000001,0.09703504805774286
-0.2027,0.096058897260836
-0.2017000000000001,0.09996350044846349
-0.2007,0.09646916353779686
-0.1997000000000001,0.09703504805774286
-0.1987,0.10150553576531639
-0.1977000000000001,0.09786972772466324
-0.19669999999999999,0.10177433091229074
-0.1957000000000001,0.10150553576531639
-0.19469999999999998,0.10108112237535687
-0.1937000000000001,0.10345783735913014
-0.19269999999999998,0.1002464427084365
-0.1917000000000001,0.10819712021367801
-0.1907000000000001,0.10331636622914364
-0.1897000000000002,0.10555161008293039
-0.1887000000000001,0.10791417795370499
-0.1877000000000002,0.10289195283918412
-0.1867000000000001,0.10889032875061187
-0.1857000000000002,0.10722096941677112
-0.1847000000000001,0.1080556490836915
-0.1837000000000002,0.10986647954751874
-0.18270000000000008,0.1094562132705579
-0.1817000000000002,0.11266760792125154
-0.18070000000000008,0.11014942180749175
-0.1797000000000002,0.1097391555305309
-0.17870000000000008,0.11266760792125154
-0.1777000000000002,0.11295055018122453
-0.17670000000000008,0.11545458918198566
-0.1757000000000002,0.11295055018122453
-0.17470000000000008,0.11266760792125154
-0.1737000000000002,0.11740689077579938
-0.17270000000000008,0.11183292825433114
-0.17170000000000019,0.11740689077579938
-0.17070000000000007,0.116289268848906
-0.16970000000000018,0.11573753144195865
-0.16870000000000007,0.11992507688955915
-0.16770000000000018,0.11740689077579938
-0.16670000000000007,0.11992507688955915
-0.16570000000000018,0.11950066349959966
-0.16470000000000007,0.12075975655647953
-0.16370000000000018,0.1218773784833729
-0.16270000000000007,0.1218773784833729
-0.16170000000000018,0.12159443622339991
-0.16070000000000007,0.1221603207433459
-0.15970000000000018,0.11992507688955915
-0.15870000000000006,0.12425409346714618
-0.15770000000000017,0.12173590735338641
-0.15670000000000006,0.12411262233715968
-0.15570000000000017,0.12257058702030678
-0.15470000000000006,0.12578198167100044
-0.15370000000000017,0.12718254585786679
-0.15270000000000006,0.12313647154025278
-0.15170000000000017,0.1283001677847602
-0.15070000000000006,0.12746548811783978
-0.14970000000000017,0.12648933732093293
-0.14870000000000005,0.13122862017548081
-0.14770000000000016,0.12885190519170753
-0.14670000000000005,0.12955926084164004
-0.14570000000000016,0.12982805598861444
-0.14470000000000005,0.13039394050856043
-0.14370000000000016,0.13165303356544034
-0.14270000000000005,0.1313700913054673
-0.14170000000000016,0.1348502811031353
-0.14070000000000005,0.13122862017548081
-0.13970000000000016,0.13108714904549432
-0.13870000000000005,0.13694405382693556
-0.13770000000000016,0.13053541163854693
-0.13670000000000004,0.13750993834688158
-0.13570000000000015,0.13360533515925405
-0.13470000000000004,0.13429854369618793
-0.13370000000000015,0.13848608914378846
-0.13270000000000004,0.13541616562308129
-0.13170000000000015,0.13750993834688158
-0.13070000000000004,0.1363923164199882
-0.12970000000000015,0.13541616562308129
-0.12870000000000004,0.1405798618675887
-0.12770000000000015,0.1365337875499747
-0.12670000000000003,0.13820314688381544
-0.12570000000000014,0.14161260111649018
-0.12470000000000003,0.1404383907376022
-0.12370000000000014,0.14189554337646318
-0.12270000000000003,0.13625084529000167
-0.12170000000000014,0.14514937936615277
-0.12070000000000003,0.1423199567664227
-0.11970000000000014,0.1424614278964092
-0.11870000000000003,0.14472496597619325
-0.11770000000000014,0.1421784856364362
-0.11670000000000003,0.14141454153450908
-0.11570000000000014,0.14444202371622025
-0.11470000000000002,0.14302731241635522
-0.11370000000000013,0.14698850405597733
-0.11270000000000002,0.14698850405597733
-0.11170000000000013,0.14727144631595032
-0.11070000000000024,0.14387613919627423
-0.10970000000000013,0.14500790823616627
-0.10870000000000024,0.14925204213576138
-0.10770000000000013,0.1458567350160853
-0.10670000000000024,0.1510911668255859
-0.10570000000000013,0.14613967727605828
-0.10470000000000024,0.15052528230563988
-0.10370000000000013,0.14896909987578838
-0.10270000000000024,0.14755438857592332
-0.10170000000000012,0.1508082245656129
-0.10070000000000023,0.1498179266557074
-0.09970000000000012,0.15151558021554543
-0.09870000000000023,0.15476941620523502
-0.09770000000000012,0.1498179266557074
-0.09670000000000023,0.15561824298515403
-0.09570000000000012,0.14953498439573437
-0.09470000000000023,0.15165705134553195
-0.09370000000000012,0.15731589654499206
-0.09270000000000023,0.15193999360550495
-0.09170000000000011,0.15590118524512703
-0.09070000000000022,0.15491088733522151
-0.08970000000000011,0.15462794507524852
-0.08870000000000022,0.15915502123481662
-0.08770000000000011,0.15788178106493808
-0.08670000000000022,0.16014531914472213
-0.08570000000000011,0.15774030993495158
-0.08470000000000022,0.15929649236480314
-0.08370000000000011,0.1619844438345467
-0.08270000000000022,0.16056973253468165
-0.0817000000000001,0.16382356852437122
-0.08070000000000022,0.16127708818461417
-0.0797000000000001,0.15986237688474914
-0.07870000000000021,0.1618429727045602
-0.0777000000000001,0.16113561705462764
-0.07670000000000021,0.16651151999411481
-0.0757000000000001,0.16212591496453319
-0.07470000000000021,0.16354062626439822
-0.0737000000000001,0.1666529911241013
-0.07270000000000021,0.1656626932141958
-0.0717000000000001,0.16382356852437122
-0.07070000000000021,0.1655212220842093
-0.0697000000000001,0.16424798191433077
-0.0687000000000002,0.16820917355395287
-0.0677000000000001,0.16622857773414182
-0.0667000000000002,0.16820917355395287
-0.06570000000000009,0.16523827982423628
-0.0647000000000002,0.16707740451406086
-0.06370000000000009,0.16820917355395287
-0.0627000000000002,0.16778476016399335
-0.06170000000000009,0.17018976937376393
-0.0607000000000002,0.17146300954364244
-0.059700000000000086,0.1731606631034805
-0.058700000000000196,0.17485831666331855
-0.057700000000000085,0.17245330745354798
-0.056700000000000195,0.17457537440334553
-0.05570000000000008,0.173868018753413
-0.05470000000000019,0.17457537440334553
-0.05370000000000008,0.17542420118326454
-0.05270000000000019,0.17570714344323757
-0.05170000000000008,0.17797068152302162
-0.05070000000000019,0.17471684553333205
-0.04970000000000008,0.1734436053634535
-0.04870000000000019,0.17966833508285968
-0.047700000000000076,0.1769803836131161
-0.046700000000000186,0.1806586329927652
-0.045700000000000074,0.1782536237829946
-0.044700000000000184,0.17797068152302162
-0.04370000000000007,0.18278069994256274
-0.04270000000000018,0.17952686395287318
-0.04170000000000007,0.18221481542261672
-0.04070000000000018,0.18150745977268423
-0.03970000000000007,0.18221481542261672
-0.03870000000000018,0.1844783535024008
-0.03770000000000007,0.18249775768258975
-0.03670000000000018,0.18730777610213087
-0.035700000000000065,0.18405394011244128
-0.034700000000000175,0.18674189158218485
-0.03370000000000006,0.18759071836210386
-0.03270000000000017,0.1857515936722793
-0.03170000000000006,0.1899957275718744
-0.03070000000000017,0.18730777610213087
-0.02970000000000006,0.18801513175206336
-0.02870000000000017,0.1899957275718744
-0.027700000000000058,0.18886395853198237
-0.026700000000000168,0.1931080924315775
-0.025700000000000056,0.19155191000172597
-0.024700000000000166,0.192400736781645
-0.023700000000000054,0.19155191000172597
-0.022700000000000164,0.19636192842126707
-0.021700000000000053,0.19537163051136155
-0.020700000000000163,0.19452280373144254
-0.01970000000000005,0.19523015938137506
-0.01870000000000016,0.19876693763103764
-0.01770000000000005,0.19636192842126707
-0.01670000000000016,0.19919135102099716
-0.015700000000000047,0.1973522263311726
-0.014700000000000157,0.19890840876102414
-0.013700000000000045,0.20046459119087567
-0.012700000000000156,0.19805958198110513
-0.011700000000000044,0.20131341797079472
-0.010700000000000154,0.20131341797079472
-0.009700000000000042,0.20315254266061927
-0.008700000000000152,0.20258665814067325
-0.00770000000000004,0.20485019622045733
-0.00670000000000015,0.20683079204026839
-0.005700000000000038,0.20555755187038985
-0.0047000000000001485,0.20513313848043033
-0.0037000000000000366,0.2086699167300929
-0.0027000000000001467,0.20711373430024138
-0.0017000000000000348,0.21234816610974203
-0.000700000000000145,0.21404581966958006
0.00029999999999996696,0.21333846401964754
0.0012999999999998568,0.21503611757948557
0.0022999999999999687,0.21588494435940458
0.0032999999999998586,0.2192802514790807
0.0042999999999999705,0.21857289582914816
0.00529999999999986,0.2235243853786758
0.006299999999999972,0.2245146832885813
0.007299999999999862,0.22592939458844638
0.008299999999999974,0.22621233684841938
0.009299999999999864,0.22126084729889173
0.010299999999999976,0.22437321215859482
0.011299999999999866,0.22861734605818995
0.012299999999999978,0.2293247017081224
