June 29, 2026   06:48:37
Cyclic Voltammetry
File: c:/users/guazh/data/20260623_doe_duplica2/2026-06-24-exp39\exp39-2026-06-29t06_28_59-arkoh\exp39_cv_sr_600mvs_efin_-1700mv.bin
Data Source:  Experiment
Instrument Model:  CHI760E
Header: CV ran at 600 mVs
Note: 

Init E (V) = -1
High E (V) = -1
Low E (V) = -1.7
Final E (V) = -1
Init P/N = N
Scan Rate (V/s) = 0.6
Segment = 3
Sample Interval (V) = 0.001
Quiet Time (sec) = 2
Sensitivity (A/V) = 0.01
Comp R (ohm) = 1.5

Results:

Channel 1:
Segment 1:

Segment 2:

Segment 3:

Potential/V, Current/A

-1.000, 3.099e-5
-1.001, 8.957e-5
-1.002, 1.173e-4
-1.003, 1.296e-4
-1.004, 1.389e-4
-1.005, 1.420e-4
-1.006, 1.451e-4
-1.007, 1.451e-4
-1.008, 1.481e-4
-1.009, 1.481e-4
-1.010, 1.481e-4
-1.011, 1.481e-4
-1.012, 1.512e-4
-1.013, 1.512e-4
-1.014, 1.512e-4
-1.015, 1.512e-4
-1.016, 1.512e-4
-1.017, 1.543e-4
-1.018, 1.512e-4
-1.019, 1.512e-4
-1.020, 1.543e-4
-1.021, 1.543e-4
-1.022, 1.543e-4
-1.023, 1.543e-4
-1.024, 1.543e-4
-1.025, 1.543e-4
-1.026, 1.543e-4
-1.027, 1.543e-4
-1.028, 1.543e-4
-1.029, 1.543e-4
-1.030, 1.574e-4
-1.031, 1.574e-4
-1.032, 1.543e-4
-1.033, 1.543e-4
-1.034, 1.543e-4
-1.035, 1.574e-4
-1.036, 1.574e-4
-1.037, 1.574e-4
-1.038, 1.543e-4
-1.039, 1.543e-4
-1.040, 1.543e-4
-1.041, 1.574e-4
-1.042, 1.574e-4
-1.043, 1.574e-4
-1.044, 1.574e-4
-1.045, 1.574e-4
-1.046, 1.574e-4
-1.047, 1.574e-4
-1.048, 1.574e-4
-1.049, 1.574e-4
-1.050, 1.574e-4
-1.051, 1.574e-4
-1.052, 1.574e-4
-1.053, 1.574e-4
-1.054, 1.574e-4
-1.055, 1.574e-4
-1.056, 1.574e-4
-1.057, 1.574e-4
-1.058, 1.574e-4
-1.059, 1.574e-4
-1.060, 1.574e-4
-1.061, 1.574e-4
-1.062, 1.574e-4
-1.063, 1.574e-4
-1.064, 1.574e-4
-1.065, 1.605e-4
-1.066, 1.574e-4
-1.067, 1.574e-4
-1.068, 1.574e-4
-1.069, 1.574e-4
-1.070, 1.574e-4
-1.071, 1.574e-4
-1.072, 1.574e-4
-1.073, 1.605e-4
-1.074, 1.574e-4
-1.075, 1.605e-4
-1.076, 1.605e-4
-1.077, 1.574e-4
-1.078, 1.574e-4
-1.079, 1.574e-4
-1.080, 1.574e-4
-1.081, 1.605e-4
-1.082, 1.574e-4
-1.083, 1.605e-4
-1.084, 1.605e-4
-1.085, 1.605e-4
-1.086, 1.605e-4
-1.087, 1.605e-4
-1.088, 1.605e-4
-1.089, 1.605e-4
-1.090, 1.605e-4
-1.091, 1.574e-4
-1.092, 1.605e-4
-1.093, 1.605e-4
-1.094, 1.605e-4
-1.095, 1.605e-4
-1.096, 1.605e-4
-1.097, 1.605e-4
-1.098, 1.605e-4
-1.099, 1.605e-4
-1.100, 1.605e-4
-1.101, 1.605e-4
-1.102, 1.605e-4
-1.103, 1.605e-4
-1.104, 1.605e-4
-1.105, 1.605e-4
-1.106, 1.605e-4
-1.107, 1.605e-4
-1.108, 1.605e-4
-1.109, 1.605e-4
-1.110, 1.605e-4
-1.111, 1.605e-4
-1.112, 1.605e-4
-1.113, 1.605e-4
-1.114, 1.605e-4
-1.115, 1.605e-4
-1.116, 1.636e-4
-1.117, 1.605e-4
-1.118, 1.605e-4
-1.119, 1.605e-4
-1.120, 1.605e-4
-1.121, 1.605e-4
-1.122, 1.605e-4
-1.123, 1.605e-4
-1.124, 1.636e-4
-1.125, 1.636e-4
-1.126, 1.605e-4
-1.127, 1.605e-4
-1.128, 1.605e-4
-1.129, 1.636e-4
-1.130, 1.636e-4
-1.131, 1.636e-4
-1.132, 1.636e-4
-1.133, 1.605e-4
-1.134, 1.636e-4
-1.135, 1.636e-4
-1.136, 1.636e-4
-1.137, 1.636e-4
-1.138, 1.636e-4
-1.139, 1.605e-4
-1.140, 1.636e-4
-1.141, 1.636e-4
-1.142, 1.636e-4
-1.143, 1.636e-4
-1.144, 1.636e-4
-1.145, 1.636e-4
-1.146, 1.636e-4
-1.147, 1.636e-4
-1.148, 1.636e-4
-1.149, 1.636e-4
-1.150, 1.636e-4
-1.151, 1.636e-4
-1.152, 1.636e-4
-1.153, 1.636e-4
-1.154, 1.636e-4
-1.155, 1.666e-4
-1.156, 1.636e-4
-1.157, 1.636e-4
-1.158, 1.636e-4
-1.159, 1.636e-4
-1.160, 1.666e-4
-1.161, 1.636e-4
-1.162, 1.666e-4
-1.163, 1.636e-4
-1.164, 1.666e-4
-1.165, 1.666e-4
-1.166, 1.666e-4
-1.167, 1.666e-4
-1.168, 1.666e-4
-1.169, 1.666e-4
-1.170, 1.666e-4
-1.171, 1.666e-4
-1.172, 1.666e-4
-1.173, 1.666e-4
-1.174, 1.666e-4
-1.175, 1.666e-4
-1.176, 1.666e-4
-1.177, 1.666e-4
-1.178, 1.666e-4
-1.179, 1.666e-4
-1.180, 1.666e-4
-1.181, 1.666e-4
-1.182, 1.666e-4
-1.183, 1.666e-4
-1.184, 1.697e-4
-1.185, 1.666e-4
-1.186, 1.666e-4
-1.187, 1.666e-4
-1.188, 1.697e-4
-1.189, 1.666e-4
-1.190, 1.697e-4
-1.191, 1.697e-4
-1.192, 1.697e-4
-1.193, 1.697e-4
-1.194, 1.697e-4
-1.195, 1.697e-4
-1.196, 1.697e-4
-1.197, 1.697e-4
-1.198, 1.697e-4
-1.199, 1.697e-4
-1.200, 1.697e-4
-1.201, 1.697e-4
-1.202, 1.728e-4
-1.203, 1.728e-4
-1.204, 1.728e-4
-1.205, 1.728e-4
-1.206, 1.728e-4
-1.207, 1.728e-4
-1.208, 1.728e-4
-1.209, 1.728e-4
-1.210, 1.728e-4
-1.211, 1.728e-4
-1.212, 1.728e-4
-1.213, 1.759e-4
-1.214, 1.728e-4
-1.215, 1.759e-4
-1.216, 1.759e-4
-1.217, 1.759e-4
-1.218, 1.759e-4
-1.219, 1.759e-4
-1.220, 1.759e-4
-1.221, 1.759e-4
-1.222, 1.759e-4
-1.223, 1.790e-4
-1.224, 1.759e-4
-1.225, 1.790e-4
-1.226, 1.790e-4
-1.227, 1.790e-4
-1.228, 1.790e-4
-1.229, 1.790e-4
-1.230, 1.790e-4
-1.231, 1.821e-4
-1.232, 1.790e-4
-1.233, 1.821e-4
-1.234, 1.821e-4
-1.235, 1.821e-4
-1.236, 1.821e-4
-1.237, 1.821e-4
-1.238, 1.821e-4
-1.239, 1.821e-4
-1.240, 1.851e-4
-1.241, 1.851e-4
-1.242, 1.851e-4
-1.243, 1.851e-4
-1.244, 1.851e-4
-1.245, 1.851e-4
-1.246, 1.882e-4
-1.247, 1.882e-4
-1.248, 1.882e-4
-1.249, 1.882e-4
-1.250, 1.882e-4
-1.251, 1.882e-4
-1.252, 1.913e-4
-1.253, 1.913e-4
-1.254, 1.913e-4
-1.255, 1.944e-4
-1.256, 1.944e-4
-1.257, 1.944e-4
-1.258, 1.944e-4
-1.259, 1.944e-4
-1.260, 1.975e-4
-1.261, 1.975e-4
-1.262, 1.975e-4
-1.263, 1.975e-4
-1.264, 1.975e-4
-1.265, 2.006e-4
-1.266, 2.006e-4
-1.267, 2.006e-4
-1.268, 2.036e-4
-1.269, 2.036e-4
-1.270, 2.036e-4
-1.271, 2.036e-4
-1.272, 2.067e-4
-1.273, 2.067e-4
-1.274, 2.067e-4
-1.275, 2.098e-4
-1.276, 2.098e-4
-1.277, 2.098e-4
-1.278, 2.129e-4
-1.279, 2.129e-4
-1.280, 2.129e-4
-1.281, 2.160e-4
-1.282, 2.160e-4
-1.283, 2.160e-4
-1.284, 2.191e-4
-1.285, 2.191e-4
-1.286, 2.191e-4
-1.287, 2.221e-4
-1.288, 2.221e-4
-1.289, 2.252e-4
-1.290, 2.252e-4
-1.291, 2.283e-4
-1.292, 2.283e-4
-1.293, 2.283e-4
-1.294, 2.314e-4
-1.295, 2.314e-4
-1.296, 2.345e-4
-1.297, 2.345e-4
-1.298, 2.345e-4
-1.299, 2.376e-4
-1.300, 2.376e-4
-1.301, 2.406e-4
-1.302, 2.406e-4
-1.303, 2.437e-4
-1.304, 2.437e-4
-1.305, 2.468e-4
-1.306, 2.499e-4
-1.307, 2.499e-4
-1.308, 2.530e-4
-1.309, 2.530e-4
-1.310, 2.561e-4
-1.311, 2.561e-4
-1.312, 2.591e-4
-1.313, 2.622e-4
-1.314, 2.622e-4
-1.315, 2.653e-4
-1.316, 2.653e-4
-1.317, 2.684e-4
-1.318, 2.715e-4
-1.319, 2.715e-4
-1.320, 2.746e-4
-1.321, 2.776e-4
-1.322, 2.776e-4
-1.323, 2.807e-4
-1.324, 2.838e-4
-1.325, 2.838e-4
-1.326, 2.869e-4
-1.327, 2.900e-4
-1.328, 2.900e-4
-1.329, 2.931e-4
-1.330, 2.961e-4
-1.331, 2.992e-4
-1.332, 3.023e-4
-1.333, 3.054e-4
-1.334, 3.054e-4
-1.335, 3.085e-4
-1.336, 3.115e-4
-1.337, 3.146e-4
-1.338, 3.177e-4
-1.339, 3.177e-4
-1.340, 3.239e-4
-1.341, 3.239e-4
-1.342, 3.270e-4
-1.343, 3.300e-4
-1.344, 3.331e-4
-1.345, 3.362e-4
-1.346, 3.393e-4
-1.347, 3.424e-4
-1.348, 3.455e-4
-1.349, 3.485e-4
-1.350, 3.516e-4
-1.351, 3.547e-4
-1.352, 3.578e-4
-1.353, 3.609e-4
-1.354, 3.640e-4
-1.355, 3.670e-4
-1.356, 3.701e-4
-1.357, 3.732e-4
-1.358, 3.794e-4
-1.359, 3.794e-4
-1.360, 3.855e-4
-1.361, 3.886e-4
-1.362, 3.917e-4
-1.363, 3.948e-4
-1.364, 3.979e-4
-1.365, 4.040e-4
-1.366, 4.071e-4
-1.367, 4.102e-4
-1.368, 4.133e-4
-1.369, 4.164e-4
-1.370, 4.225e-4
-1.371, 4.256e-4
-1.372, 4.287e-4
-1.373, 4.349e-4
-1.374, 4.380e-4
-1.375, 4.441e-4
-1.376, 4.472e-4
-1.377, 4.503e-4
-1.378, 4.565e-4
-1.379, 4.595e-4
-1.380, 4.657e-4
-1.381, 4.688e-4
-1.382, 4.750e-4
-1.383, 4.780e-4
-1.384, 4.842e-4
-1.385, 4.873e-4
-1.386, 4.935e-4
-1.387, 4.965e-4
-1.388, 5.027e-4
-1.389, 5.058e-4
-1.390, 5.120e-4
-1.391, 5.150e-4
-1.392, 5.212e-4
-1.393, 5.274e-4
-1.394, 5.335e-4
-1.395, 5.366e-4
-1.396, 5.428e-4
-1.397, 5.489e-4
-1.398, 5.520e-4
-1.399, 5.582e-4
-1.400, 5.644e-4
-1.401, 5.705e-4
-1.402, 5.767e-4
-1.403, 5.829e-4
-1.404, 5.859e-4
-1.405, 5.921e-4
-1.406, 5.983e-4
-1.407, 6.044e-4
-1.408, 6.106e-4
-1.409, 6.137e-4
-1.410, 6.199e-4
-1.411, 6.260e-4
-1.412, 6.322e-4
-1.413, 6.384e-4
-1.414, 6.445e-4
-1.415, 6.507e-4
-1.416, 6.569e-4
-1.417, 6.661e-4
-1.418, 6.723e-4
-1.419, 6.754e-4
-1.420, 6.815e-4
-1.421, 6.908e-4
-1.422, 6.939e-4
-1.423, 7.031e-4
-1.424, 7.093e-4
-1.425, 7.154e-4
-1.426, 7.216e-4
-1.427, 7.309e-4
-1.428, 7.370e-4
-1.429, 7.432e-4
-1.430, 7.494e-4
-1.431, 7.586e-4
-1.432, 7.648e-4
-1.433, 7.740e-4
-1.434, 7.802e-4
-1.435, 7.863e-4
-1.436, 7.956e-4
-1.437, 8.018e-4
-1.438, 8.110e-4
-1.439, 8.172e-4
-1.440, 8.264e-4
-1.441, 8.326e-4
-1.442, 8.388e-4
-1.443, 8.480e-4
-1.444, 8.573e-4
-1.445, 8.634e-4
-1.446, 8.727e-4
-1.447, 8.819e-4
-1.448, 8.881e-4
-1.449, 8.973e-4
-1.450, 9.035e-4
-1.451, 9.128e-4
-1.452, 9.220e-4
-1.453, 9.313e-4
-1.454, 9.405e-4
-1.455, 9.498e-4
-1.456, 9.590e-4
-1.457, 9.652e-4
-1.458, 9.744e-4
-1.459, 9.837e-4
-1.460, 9.929e-4
-1.461, 1.002e-3
-1.462, 1.011e-3
-1.463, 1.021e-3
-1.464, 1.030e-3
-1.465, 1.039e-3
-1.466, 1.048e-3
-1.467, 1.061e-3
-1.468, 1.070e-3
-1.469, 1.079e-3
-1.470, 1.092e-3
-1.471, 1.101e-3
-1.472, 1.110e-3
-1.473, 1.122e-3
-1.474, 1.132e-3
-1.475, 1.144e-3
-1.476, 1.153e-3
-1.477, 1.162e-3
-1.478, 1.175e-3
-1.479, 1.187e-3
-1.480, 1.196e-3
-1.481, 1.209e-3
-1.482, 1.218e-3
-1.483, 1.230e-3
-1.484, 1.243e-3
-1.485, 1.255e-3
-1.486, 1.267e-3
-1.487, 1.277e-3
-1.488, 1.289e-3
-1.489, 1.304e-3
-1.490, 1.317e-3
-1.491, 1.329e-3
-1.492, 1.341e-3
-1.493, 1.354e-3
-1.494, 1.369e-3
-1.495, 1.381e-3
-1.496, 1.394e-3
-1.497, 1.406e-3
-1.498, 1.418e-3
-1.499, 1.434e-3
-1.500, 1.446e-3
-1.501, 1.462e-3
-1.502, 1.474e-3
-1.503, 1.489e-3
-1.504, 1.505e-3
-1.505, 1.520e-3
-1.506, 1.536e-3
-1.507, 1.548e-3
-1.508, 1.563e-3
-1.509, 1.579e-3
-1.510, 1.594e-3
-1.511, 1.610e-3
-1.512, 1.625e-3
-1.513, 1.643e-3
-1.514, 1.659e-3
-1.515, 1.677e-3
-1.516, 1.693e-3
-1.517, 1.708e-3
-1.518, 1.727e-3
-1.519, 1.742e-3
-1.520, 1.761e-3
-1.521, 1.779e-3
-1.522, 1.795e-3
-1.523, 1.813e-3
-1.524, 1.832e-3
-1.525, 1.850e-3
-1.526, 1.869e-3
-1.527, 1.884e-3
-1.528, 1.902e-3
-1.529, 1.924e-3
-1.530, 1.943e-3
-1.531, 1.964e-3
-1.532, 1.983e-3
-1.533, 2.001e-3
-1.534, 2.023e-3
-1.535, 2.044e-3
-1.536, 2.063e-3
-1.537, 2.084e-3
-1.538, 2.106e-3
-1.539, 2.128e-3
-1.540, 2.149e-3
-1.541, 2.171e-3
-1.542, 2.192e-3
-1.543, 2.214e-3
-1.544, 2.235e-3
-1.545, 2.257e-3
-1.546, 2.282e-3
-1.547, 2.303e-3
-1.548, 2.328e-3
-1.549, 2.349e-3
-1.550, 2.374e-3
-1.551, 2.402e-3
-1.552, 2.427e-3
-1.553, 2.448e-3
-1.554, 2.473e-3
-1.555, 2.501e-3
-1.556, 2.525e-3
-1.557, 2.550e-3
-1.558, 2.575e-3
-1.559, 2.602e-3
-1.560, 2.627e-3
-1.561, 2.655e-3
-1.562, 2.682e-3
-1.563, 2.710e-3
-1.564, 2.738e-3
-1.565, 2.766e-3
-1.566, 2.793e-3
-1.567, 2.821e-3
-1.568, 2.852e-3
-1.569, 2.880e-3
-1.570, 2.911e-3
-1.571, 2.938e-3
-1.572, 2.969e-3
-1.573, 3.000e-3
-1.574, 3.031e-3
-1.575, 3.062e-3
-1.576, 3.093e-3
-1.577, 3.123e-3
-1.578, 3.154e-3
-1.579, 3.188e-3
-1.580, 3.219e-3
-1.581, 3.253e-3
-1.582, 3.287e-3
-1.583, 3.321e-3
-1.584, 3.355e-3
-1.585, 3.388e-3
-1.586, 3.422e-3
-1.587, 3.456e-3
-1.588, 3.493e-3
-1.589, 3.527e-3
-1.590, 3.564e-3
-1.591, 3.598e-3
-1.592, 3.635e-3
-1.593, 3.672e-3
-1.594, 3.709e-3
-1.595, 3.743e-3
-1.596, 3.783e-3
-1.597, 3.820e-3
-1.598, 3.857e-3
-1.599, 3.897e-3
-1.600, 3.937e-3
-1.601, 3.977e-3
-1.602, 4.014e-3
-1.603, 4.054e-3
-1.604, 4.095e-3
-1.605, 4.135e-3
-1.606, 4.175e-3
-1.607, 4.218e-3
-1.608, 4.258e-3
-1.609, 4.301e-3
-1.610, 4.341e-3
-1.611, 4.381e-3
-1.612, 4.424e-3
-1.613, 4.468e-3
-1.614, 4.514e-3
-1.615, 4.557e-3
-1.616, 4.603e-3
-1.617, 4.646e-3
-1.618, 4.693e-3
-1.619, 4.739e-3
-1.620, 4.782e-3
-1.621, 4.828e-3
-1.622, 4.871e-3
-1.623, 4.918e-3
-1.624, 4.964e-3
-1.625, 5.013e-3
-1.626, 5.060e-3
-1.627, 5.106e-3
-1.628, 5.152e-3
-1.629, 5.201e-3
-1.630, 5.251e-3
-1.631, 5.300e-3
-1.632, 5.346e-3
-1.633, 5.399e-3
-1.634, 5.448e-3
-1.635, 5.497e-3
-1.636, 5.550e-3
-1.637, 5.602e-3
-1.638, 5.651e-3
-1.639, 5.704e-3
-1.640, 5.756e-3
-1.641, 5.809e-3
-1.642, 5.858e-3
-1.643, 5.910e-3
-1.644, 5.963e-3
-1.645, 6.015e-3
-1.646, 6.068e-3
-1.647, 6.123e-3
-1.648, 6.176e-3
-1.649, 6.234e-3
-1.650, 6.290e-3
-1.651, 6.345e-3
-1.652, 6.401e-3
-1.653, 6.459e-3
-1.654, 6.515e-3
-1.655, 6.573e-3
-1.656, 6.629e-3
-1.657, 6.687e-3
-1.658, 6.743e-3
-1.659, 6.801e-3
-1.660, 6.860e-3
-1.661, 6.919e-3
-1.662, 6.977e-3
-1.663, 7.036e-3
-1.664, 7.097e-3
-1.665, 7.162e-3
-1.666, 7.224e-3
-1.667, 7.282e-3
-1.668, 7.341e-3
-1.669, 7.400e-3
-1.670, 7.461e-3
-1.671, 7.523e-3
-1.672, 7.585e-3
-1.673, 7.649e-3
-1.674, 7.711e-3
-1.675, 7.779e-3
-1.676, 7.844e-3
-1.677, 7.911e-3
-1.678, 7.976e-3
-1.679, 8.044e-3
-1.680, 8.109e-3
-1.681, 8.177e-3
-1.682, 8.244e-3
-1.683, 8.309e-3
-1.684, 8.377e-3
-1.685, 8.442e-3
-1.686, 8.506e-3
-1.687, 8.574e-3
-1.688, 8.642e-3
-1.689, 8.713e-3
-1.690, 8.781e-3
-1.691, 8.849e-3
-1.692, 8.920e-3
-1.693, 8.987e-3
-1.694, 9.058e-3
-1.695, 9.129e-3
-1.696, 9.200e-3
-1.697, 9.271e-3
-1.698, 9.342e-3
-1.699, 9.413e-3
-1.700, 9.413e-3
-1.699, 9.327e-3
-1.698, 9.259e-3
-1.697, 9.191e-3
-1.696, 9.126e-3
-1.695, 9.061e-3
-1.694, 9.000e-3
-1.693, 8.935e-3
-1.692, 8.873e-3
-1.691, 8.812e-3
-1.690, 8.747e-3
-1.689, 8.682e-3
-1.688, 8.617e-3
-1.687, 8.553e-3
-1.686, 8.491e-3
-1.685, 8.429e-3
-1.684, 8.365e-3
-1.683, 8.300e-3
-1.682, 8.235e-3
-1.681, 8.170e-3
-1.680, 8.106e-3
-1.679, 8.044e-3
-1.678, 7.979e-3
-1.677, 7.918e-3
-1.676, 7.853e-3
-1.675, 7.791e-3
-1.674, 7.730e-3
-1.673, 7.668e-3
-1.672, 7.606e-3
-1.671, 7.545e-3
-1.670, 7.486e-3
-1.669, 7.427e-3
-1.668, 7.366e-3
-1.667, 7.307e-3
-1.666, 7.245e-3
-1.665, 7.184e-3
-1.664, 7.122e-3
-1.663, 7.060e-3
-1.662, 6.999e-3
-1.661, 6.940e-3
-1.660, 6.879e-3
-1.659, 6.820e-3
-1.658, 6.761e-3
-1.657, 6.700e-3
-1.656, 6.644e-3
-1.655, 6.586e-3
-1.654, 6.527e-3
-1.653, 6.472e-3
-1.652, 6.416e-3
-1.651, 6.361e-3
-1.650, 6.305e-3
-1.649, 6.247e-3
-1.648, 6.191e-3
-1.647, 6.139e-3
-1.646, 6.086e-3
-1.645, 6.034e-3
-1.644, 5.978e-3
-1.643, 5.926e-3
-1.642, 5.870e-3
-1.641, 5.815e-3
-1.640, 5.766e-3
-1.639, 5.710e-3
-1.638, 5.655e-3
-1.637, 5.605e-3
-1.636, 5.553e-3
-1.635, 5.500e-3
-1.634, 5.448e-3
-1.633, 5.396e-3
-1.632, 5.346e-3
-1.631, 5.297e-3
-1.630, 5.248e-3
-1.629, 5.198e-3
-1.628, 5.149e-3
-1.627, 5.100e-3
-1.626, 5.053e-3
-1.625, 5.004e-3
-1.624, 4.958e-3
-1.623, 4.908e-3
-1.622, 4.859e-3
-1.621, 4.813e-3
-1.620, 4.767e-3
-1.619, 4.717e-3
-1.618, 4.671e-3
-1.617, 4.622e-3
-1.616, 4.579e-3
-1.615, 4.535e-3
-1.614, 4.489e-3
-1.613, 4.446e-3
-1.612, 4.400e-3
-1.611, 4.360e-3
-1.610, 4.313e-3
-1.609, 4.270e-3
-1.608, 4.227e-3
-1.607, 4.187e-3
-1.606, 4.144e-3
-1.605, 4.101e-3
-1.604, 4.058e-3
-1.603, 4.017e-3
-1.602, 3.977e-3
-1.601, 3.934e-3
-1.600, 3.894e-3
-1.599, 3.857e-3
-1.598, 3.814e-3
-1.597, 3.774e-3
-1.596, 3.737e-3
-1.595, 3.700e-3
-1.594, 3.660e-3
-1.593, 3.623e-3
-1.592, 3.586e-3
-1.591, 3.546e-3
-1.590, 3.509e-3
-1.589, 3.472e-3
-1.588, 3.435e-3
-1.587, 3.398e-3
-1.586, 3.364e-3
-1.585, 3.327e-3
-1.584, 3.293e-3
-1.583, 3.256e-3
-1.582, 3.222e-3
-1.581, 3.185e-3
-1.580, 3.151e-3
-1.579, 3.117e-3
-1.578, 3.086e-3
-1.577, 3.052e-3
-1.576, 3.019e-3
-1.575, 2.988e-3
-1.574, 2.954e-3
-1.573, 2.923e-3
-1.572, 2.889e-3
-1.571, 2.858e-3
-1.570, 2.827e-3
-1.569, 2.797e-3
-1.568, 2.769e-3
-1.567, 2.735e-3
-1.566, 2.704e-3
-1.565, 2.676e-3
-1.564, 2.645e-3
-1.563, 2.618e-3
-1.562, 2.590e-3
-1.561, 2.559e-3
-1.560, 2.531e-3
-1.559, 2.504e-3
-1.558, 2.473e-3
-1.557, 2.445e-3
-1.556, 2.417e-3
-1.555, 2.390e-3
-1.554, 2.362e-3
-1.553, 2.337e-3
-1.552, 2.312e-3
-1.551, 2.288e-3
-1.550, 2.260e-3
-1.549, 2.235e-3
-1.548, 2.211e-3
-1.547, 2.186e-3
-1.546, 2.161e-3
-1.545, 2.137e-3
-1.544, 2.112e-3
-1.543, 2.087e-3
-1.542, 2.063e-3
-1.541, 2.041e-3
-1.540, 2.017e-3
-1.539, 1.995e-3
-1.538, 1.970e-3
-1.537, 1.949e-3
-1.536, 1.927e-3
-1.535, 1.902e-3
-1.534, 1.881e-3
-1.533, 1.862e-3
-1.532, 1.838e-3
-1.531, 1.816e-3
-1.530, 1.798e-3
-1.529, 1.776e-3
-1.528, 1.758e-3
-1.527, 1.736e-3
-1.526, 1.714e-3
-1.525, 1.696e-3
-1.524, 1.674e-3
-1.523, 1.656e-3
-1.522, 1.637e-3
-1.521, 1.619e-3
-1.520, 1.597e-3
-1.519, 1.579e-3
-1.518, 1.560e-3
-1.517, 1.542e-3
-1.516, 1.523e-3
-1.515, 1.505e-3
-1.514, 1.486e-3
-1.513, 1.468e-3
-1.512, 1.452e-3
-1.511, 1.434e-3
-1.510, 1.418e-3
-1.509, 1.400e-3
-1.508, 1.384e-3
-1.507, 1.369e-3
-1.506, 1.351e-3
-1.505, 1.335e-3
-1.504, 1.320e-3
-1.503, 1.301e-3
-1.502, 1.286e-3
-1.501, 1.270e-3
-1.500, 1.255e-3
-1.499, 1.243e-3
-1.498, 1.224e-3
-1.497, 1.212e-3
-1.496, 1.199e-3
-1.495, 1.184e-3
-1.494, 1.172e-3
-1.493, 1.156e-3
-1.492, 1.141e-3
-1.491, 1.125e-3
-1.490, 1.113e-3
-1.489, 1.098e-3
-1.488, 1.085e-3
-1.487, 1.070e-3
-1.486, 1.058e-3
-1.485, 1.045e-3
-1.484, 1.030e-3
-1.483, 1.018e-3
-1.482, 1.005e-3
-1.481, 9.929e-4
-1.480, 9.806e-4
-1.479, 9.683e-4
-1.478, 9.559e-4
-1.477, 9.467e-4
-1.476, 9.313e-4
-1.475, 9.220e-4
-1.474, 9.097e-4
-1.473, 8.973e-4
-1.472, 8.850e-4
-1.471, 8.758e-4
-1.470, 8.634e-4
-1.469, 8.511e-4
-1.468, 8.418e-4
-1.467, 8.295e-4
-1.466, 8.203e-4
-1.465, 8.079e-4
-1.464, 7.987e-4
-1.463, 7.863e-4
-1.462, 7.771e-4
-1.461, 7.648e-4
-1.460, 7.555e-4
-1.459, 7.463e-4
-1.458, 7.370e-4
-1.457, 7.247e-4
-1.456, 7.154e-4
-1.455, 7.062e-4
-1.454, 6.969e-4
-1.453, 6.877e-4
-1.452, 6.784e-4
-1.451, 6.692e-4
-1.450, 6.599e-4
-1.449, 6.507e-4
-1.448, 6.414e-4
-1.447, 6.322e-4
-1.446, 6.229e-4
-1.445, 6.168e-4
-1.444, 6.075e-4
-1.443, 5.983e-4
-1.442, 5.890e-4
-1.441, 5.798e-4
-1.440, 5.736e-4
-1.439, 5.644e-4
-1.438, 5.551e-4
-1.437, 5.489e-4
-1.436, 5.397e-4
-1.435, 5.335e-4
-1.434, 5.243e-4
-1.433, 5.150e-4
-1.432, 5.089e-4
-1.431, 4.996e-4
-1.430, 4.935e-4
-1.429, 4.842e-4
-1.428, 4.780e-4
-1.427, 4.719e-4
-1.426, 4.626e-4
-1.425, 4.565e-4
-1.424, 4.503e-4
-1.423, 4.410e-4
-1.422, 4.349e-4
-1.421, 4.287e-4
-1.420, 4.195e-4
-1.419, 4.164e-4
-1.418, 4.071e-4
-1.417, 4.010e-4
-1.416, 3.948e-4
-1.415, 3.886e-4
-1.414, 3.794e-4
-1.413, 3.732e-4
-1.412, 3.670e-4
-1.411, 3.609e-4
-1.410, 3.547e-4
-1.409, 3.485e-4
-1.408, 3.424e-4
-1.407, 3.393e-4
-1.406, 3.331e-4
-1.405, 3.270e-4
-1.404, 3.208e-4
-1.403, 3.146e-4
-1.402, 3.085e-4
-1.401, 3.023e-4
-1.400, 2.961e-4
-1.399, 2.900e-4
-1.398, 2.869e-4
-1.397, 2.807e-4
-1.396, 2.746e-4
-1.395, 2.684e-4
-1.394, 2.653e-4
-1.393, 2.591e-4
-1.392, 2.530e-4
-1.391, 2.468e-4
-1.390, 2.437e-4
-1.389, 2.376e-4
-1.388, 2.314e-4
-1.387, 2.283e-4
-1.386, 2.252e-4
-1.385, 2.191e-4
-1.384, 2.129e-4
-1.383, 2.067e-4
-1.382, 2.036e-4
-1.381, 1.975e-4
-1.380, 1.944e-4
-1.379, 1.913e-4
-1.378, 1.851e-4
-1.377, 1.821e-4
-1.376, 1.759e-4
-1.375, 1.728e-4
-1.374, 1.666e-4
-1.373, 1.636e-4
-1.372, 1.574e-4
-1.371, 1.543e-4
-1.370, 1.481e-4
-1.369, 1.451e-4
-1.368, 1.420e-4
-1.367, 1.358e-4
-1.366, 1.327e-4
-1.365, 1.296e-4
-1.364, 1.235e-4
-1.363, 1.204e-4
-1.362, 1.142e-4
-1.361, 1.111e-4
-1.360, 1.081e-4
-1.359, 1.050e-4
-1.358, 1.019e-4
-1.357, 9.882e-5
-1.356, 9.265e-5
-1.355, 8.957e-5
-1.354, 8.648e-5
-1.353, 8.032e-5
-1.352, 7.723e-5
-1.351, 7.415e-5
-1.350, 7.107e-5
-1.349, 6.798e-5
-1.348, 6.182e-5
-1.347, 6.182e-5
-1.346, 5.873e-5
-1.345, 5.565e-5
-1.344, 5.257e-5
-1.343, 4.640e-5
-1.342, 4.332e-5
-1.341, 4.024e-5
-1.340, 3.715e-5
-1.339, 3.407e-5
-1.338, 3.099e-5
-1.337, 2.790e-5
-1.336, 2.482e-5
-1.335, 2.174e-5
-1.334, 1.865e-5
-1.333, 1.557e-5
-1.332, 1.249e-5
-1.331, 9.405e-6
-1.330, 6.322e-6
-1.329, 3.239e-6
-1.328, 1.559e-7
-1.327, -2.927e-6
-1.326, -6.010e-6
-1.325, -9.093e-6
-1.324, -1.218e-5
-1.323, -1.526e-5
-1.322, -1.834e-5
-1.321, -2.143e-5
-1.320, -2.143e-5
-1.319, -2.451e-5
-1.318, -2.759e-5
-1.317, -3.068e-5
-1.316, -3.376e-5
-1.315, -3.376e-5
-1.314, -3.684e-5
-1.313, -3.992e-5
-1.312, -4.301e-5
-1.311, -4.609e-5
-1.310, -4.609e-5
-1.309, -4.917e-5
-1.308, -5.226e-5
-1.307, -5.534e-5
-1.306, -5.534e-5
-1.305, -5.842e-5
-1.304, -6.151e-5
-1.303, -6.151e-5
-1.302, -6.459e-5
-1.301, -6.767e-5
-1.300, -7.076e-5
-1.299, -7.076e-5
-1.298, -7.384e-5
-1.297, -7.692e-5
-1.296, -7.692e-5
-1.295, -8.000e-5
-1.294, -8.309e-5
-1.293, -8.309e-5
-1.292, -8.617e-5
-1.291, -8.925e-5
-1.290, -8.925e-5
-1.289, -9.234e-5
-1.288, -9.234e-5
-1.287, -9.542e-5
-1.286, -9.542e-5
-1.285, -9.850e-5
-1.284, -9.850e-5
-1.283, -1.016e-4
-1.282, -1.016e-4
-1.281, -1.047e-4
-1.280, -1.078e-4
-1.279, -1.078e-4
-1.278, -1.078e-4
-1.277, -1.108e-4
-1.276, -1.139e-4
-1.275, -1.139e-4
-1.274, -1.139e-4
-1.273, -1.170e-4
-1.272, -1.201e-4
-1.271, -1.201e-4
-1.270, -1.201e-4
-1.269, -1.201e-4
-1.268, -1.263e-4
-1.267, -1.263e-4
-1.266, -1.263e-4
-1.265, -1.263e-4
-1.264, -1.293e-4
-1.263, -1.293e-4
-1.262, -1.324e-4
-1.261, -1.324e-4
-1.260, -1.324e-4
-1.259, -1.324e-4
-1.258, -1.355e-4
-1.257, -1.355e-4
-1.256, -1.355e-4
-1.255, -1.386e-4
-1.254, -1.386e-4
-1.253, -1.386e-4
-1.252, -1.417e-4
-1.251, -1.417e-4
-1.250, -1.448e-4
-1.249, -1.417e-4
-1.248, -1.448e-4
-1.247, -1.448e-4
-1.246, -1.448e-4
-1.245, -1.478e-4
-1.244, -1.478e-4
-1.243, -1.478e-4
-1.242, -1.509e-4
-1.241, -1.509e-4
-1.240, -1.509e-4
-1.239, -1.509e-4
-1.238, -1.509e-4
-1.237, -1.540e-4
-1.236, -1.540e-4
-1.235, -1.540e-4
-1.234, -1.540e-4
-1.233, -1.571e-4
-1.232, -1.571e-4
-1.231, -1.571e-4
-1.230, -1.571e-4
-1.229, -1.602e-4
-1.228, -1.602e-4
-1.227, -1.602e-4
-1.226, -1.602e-4
-1.225, -1.602e-4
-1.224, -1.602e-4
-1.223, -1.602e-4
-1.222, -1.632e-4
-1.221, -1.632e-4
-1.220, -1.632e-4
-1.219, -1.632e-4
-1.218, -1.632e-4
-1.217, -1.632e-4
-1.216, -1.632e-4
-1.215, -1.632e-4
-1.214, -1.663e-4
-1.213, -1.663e-4
-1.212, -1.663e-4
-1.211, -1.663e-4
-1.210, -1.663e-4
-1.209, -1.663e-4
-1.208, -1.663e-4
-1.207, -1.694e-4
-1.206, -1.694e-4
-1.205, -1.663e-4
-1.204, -1.694e-4
-1.203, -1.694e-4
-1.202, -1.694e-4
-1.201, -1.694e-4
-1.200, -1.694e-4
-1.199, -1.694e-4
-1.198, -1.694e-4
-1.197, -1.694e-4
-1.196, -1.694e-4
-1.195, -1.694e-4
-1.194, -1.725e-4
-1.193, -1.694e-4
-1.192, -1.694e-4
-1.191, -1.725e-4
-1.190, -1.725e-4
-1.189, -1.725e-4
-1.188, -1.725e-4
-1.187, -1.725e-4
-1.186, -1.725e-4
-1.185, -1.725e-4
-1.184, -1.725e-4
-1.183, -1.725e-4
-1.182, -1.725e-4
-1.181, -1.725e-4
-1.180, -1.725e-4
-1.179, -1.725e-4
-1.178, -1.725e-4
-1.177, -1.756e-4
-1.176, -1.756e-4
-1.175, -1.756e-4
-1.174, -1.756e-4
-1.173, -1.756e-4
-1.172, -1.756e-4
-1.171, -1.756e-4
-1.170, -1.756e-4
-1.169, -1.756e-4
-1.168, -1.725e-4
-1.167, -1.756e-4
-1.166, -1.756e-4
-1.165, -1.725e-4
-1.164, -1.756e-4
-1.163, -1.756e-4
-1.162, -1.756e-4
-1.161, -1.756e-4
-1.160, -1.756e-4
-1.159, -1.756e-4
-1.158, -1.756e-4
-1.157, -1.756e-4
-1.156, -1.756e-4
-1.155, -1.756e-4
-1.154, -1.756e-4
-1.153, -1.756e-4
-1.152, -1.787e-4
-1.151, -1.787e-4
-1.150, -1.756e-4
-1.149, -1.756e-4
-1.148, -1.756e-4
-1.147, -1.756e-4
-1.146, -1.756e-4
-1.145, -1.756e-4
-1.144, -1.756e-4
-1.143, -1.787e-4
-1.142, -1.787e-4
-1.141, -1.787e-4
-1.140, -1.787e-4
-1.139, -1.756e-4
-1.138, -1.756e-4
-1.137, -1.787e-4
-1.136, -1.756e-4
-1.135, -1.787e-4
-1.134, -1.787e-4
-1.133, -1.756e-4
-1.132, -1.787e-4
-1.131, -1.787e-4
-1.130, -1.787e-4
-1.129, -1.787e-4
-1.128, -1.787e-4
-1.127, -1.787e-4
-1.126, -1.787e-4
-1.125, -1.787e-4
-1.124, -1.787e-4
-1.123, -1.787e-4
-1.122, -1.787e-4
-1.121, -1.787e-4
-1.120, -1.787e-4
-1.119, -1.787e-4
-1.118, -1.787e-4
-1.117, -1.787e-4
-1.116, -1.787e-4
-1.115, -1.787e-4
-1.114, -1.787e-4
-1.113, -1.787e-4
-1.112, -1.787e-4
-1.111, -1.817e-4
-1.110, -1.787e-4
-1.109, -1.787e-4
-1.108, -1.817e-4
-1.107, -1.787e-4
-1.106, -1.787e-4
-1.105, -1.817e-4
-1.104, -1.817e-4
-1.103, -1.787e-4
-1.102, -1.817e-4
-1.101, -1.817e-4
-1.100, -1.817e-4
-1.099, -1.817e-4
-1.098, -1.817e-4
-1.097, -1.817e-4
-1.096, -1.817e-4
-1.095, -1.817e-4
-1.094, -1.817e-4
-1.093, -1.817e-4
-1.092, -1.817e-4
-1.091, -1.817e-4
-1.090, -1.817e-4
-1.089, -1.817e-4
-1.088, -1.817e-4
-1.087, -1.817e-4
-1.086, -1.817e-4
-1.085, -1.817e-4
-1.084, -1.848e-4
-1.083, -1.817e-4
-1.082, -1.817e-4
-1.081, -1.848e-4
-1.080, -1.848e-4
-1.079, -1.848e-4
-1.078, -1.848e-4
-1.077, -1.848e-4
-1.076, -1.848e-4
-1.075, -1.848e-4
-1.074, -1.848e-4
-1.073, -1.848e-4
-1.072, -1.848e-4
-1.071, -1.848e-4
-1.070, -1.848e-4
-1.069, -1.848e-4
-1.068, -1.848e-4
-1.067, -1.848e-4
-1.066, -1.848e-4
-1.065, -1.848e-4
-1.064, -1.848e-4
-1.063, -1.848e-4
-1.062, -1.879e-4
-1.061, -1.879e-4
-1.060, -1.879e-4
-1.059, -1.848e-4
-1.058, -1.879e-4
-1.057, -1.879e-4
-1.056, -1.879e-4
-1.055, -1.879e-4
-1.054, -1.879e-4
-1.053, -1.879e-4
-1.052, -1.879e-4
-1.051, -1.879e-4
-1.050, -1.879e-4
-1.049, -1.910e-4
-1.048, -1.910e-4
-1.047, -1.910e-4
-1.046, -1.879e-4
-1.045, -1.910e-4
-1.044, -1.910e-4
-1.043, -1.910e-4
-1.042, -1.910e-4
-1.041, -1.910e-4
-1.040, -1.910e-4
-1.039, -1.910e-4
-1.038, -1.910e-4
-1.037, -1.910e-4
-1.036, -1.910e-4
-1.035, -1.941e-4
-1.034, -1.941e-4
-1.033, -1.941e-4
-1.032, -1.941e-4
-1.031, -1.941e-4
-1.030, -1.941e-4
-1.029, -1.941e-4
-1.028, -1.941e-4
-1.027, -1.941e-4
-1.026, -1.941e-4
-1.025, -1.941e-4
-1.024, -1.972e-4
-1.023, -1.972e-4
-1.022, -1.972e-4
-1.021, -1.972e-4
-1.020, -1.972e-4
-1.019, -1.972e-4
-1.018, -1.972e-4
-1.017, -1.972e-4
-1.016, -1.972e-4
-1.015, -1.972e-4
-1.014, -2.002e-4
-1.013, -2.002e-4
-1.012, -2.002e-4
-1.011, -2.002e-4
-1.010, -2.002e-4
-1.009, -2.002e-4
-1.008, -2.002e-4
-1.007, -2.002e-4
-1.006, -2.002e-4
-1.005, -2.033e-4
-1.004, -2.033e-4
-1.003, -2.033e-4
-1.002, -2.033e-4
-1.001, -2.033e-4
