Potential V vs RHE, Current mA cm-2
0.013299999999999867,-0.4384190318281749
0.012299999999999978,-1.3543031273607997
0.011299999999999866,-1.8773218949209036
0.010299999999999976,-2.1828995356917518
0.009299999999999864,-2.4007650758709675
0.008299999999999974,-2.532333226758415
0.007299999999999862,-2.576189277054232
0.006299999999999972,-2.662486666345999
0.00529999999999986,-2.706342716641815
0.0042999999999999705,-2.706342716641815
0.0032999999999998586,-2.706342716641815
0.0022999999999999687,-2.7501987669376318
0.0012999999999998568,-2.7501987669376318
0.00029999999999996696,-2.7501987669376318
-0.000700000000000145,-2.794054817233447
-0.0017000000000000348,-2.794054817233447
-0.0027000000000001467,-2.794054817233447
-0.0037000000000000366,-2.794054817233447
-0.0047000000000001485,-2.794054817233447
-0.005700000000000038,-2.794054817233447
-0.00670000000000015,-2.794054817233447
-0.00770000000000004,-2.794054817233447
-0.008700000000000152,-2.794054817233447
-0.009700000000000042,-2.8379108675292635
-0.010700000000000154,-2.794054817233447
-0.011700000000000044,-2.8379108675292635
-0.012700000000000156,-2.8379108675292635
-0.013700000000000045,-2.8379108675292635
-0.014700000000000157,-2.8379108675292635
-0.015700000000000047,-2.8379108675292635
-0.01670000000000016,-2.8379108675292635
-0.01770000000000005,-2.8379108675292635
-0.01870000000000016,-2.8379108675292635
-0.01970000000000005,-2.8379108675292635
-0.020700000000000163,-2.8379108675292635
-0.021700000000000053,-2.8379108675292635
-0.022700000000000164,-2.8379108675292635
-0.023700000000000054,-2.8379108675292635
-0.024700000000000166,-2.8379108675292635
-0.025700000000000056,-2.8379108675292635
-0.026700000000000168,-2.8379108675292635
-0.027700000000000058,-2.8379108675292635
-0.02870000000000017,-2.8803522065252145
-0.02970000000000006,-2.8803522065252145
-0.03070000000000017,-2.8803522065252145
-0.03170000000000006,-2.8803522065252145
-0.03270000000000017,-2.8803522065252145
-0.03370000000000006,-2.8803522065252145
-0.034700000000000175,-2.8379108675292635
-0.035700000000000065,-2.8803522065252145
-0.03670000000000018,-2.8803522065252145
-0.03770000000000007,-2.8803522065252145
-0.03870000000000018,-2.8803522065252145
-0.03970000000000007,-2.8803522065252145
-0.04070000000000018,-2.8803522065252145
-0.04170000000000007,-2.8803522065252145
-0.04270000000000018,-2.8803522065252145
-0.04370000000000007,-2.8803522065252145
-0.044700000000000184,-2.8803522065252145
-0.045700000000000074,-2.8803522065252145
-0.046700000000000186,-2.8803522065252145
-0.047700000000000076,-2.8803522065252145
-0.04870000000000019,-2.8803522065252145
-0.04970000000000008,-2.8803522065252145
-0.05070000000000019,-2.8803522065252145
-0.05170000000000008,-2.8803522065252145
-0.05270000000000019,-2.8803522065252145
-0.05370000000000008,-2.8803522065252145
-0.05470000000000019,-2.8803522065252145
-0.05570000000000008,-2.8803522065252145
-0.056700000000000195,-2.924208256821031
-0.057700000000000085,-2.924208256821031
-0.058700000000000196,-2.8803522065252145
-0.059700000000000086,-2.8803522065252145
-0.0607000000000002,-2.8803522065252145
-0.06170000000000009,-2.8803522065252145
-0.0627000000000002,-2.924208256821031
-0.06370000000000009,-2.8803522065252145
-0.0647000000000002,-2.924208256821031
-0.06570000000000009,-2.924208256821031
-0.0667000000000002,-2.924208256821031
-0.0677000000000001,-2.924208256821031
-0.0687000000000002,-2.924208256821031
-0.0697000000000001,-2.924208256821031
-0.07070000000000021,-2.8803522065252145
-0.0717000000000001,-2.8803522065252145
-0.07270000000000021,-2.924208256821031
-0.0737000000000001,-2.924208256821031
-0.07470000000000021,-2.924208256821031
-0.0757000000000001,-2.924208256821031
-0.07670000000000021,-2.924208256821031
-0.0777000000000001,-2.924208256821031
-0.07870000000000021,-2.924208256821031
-0.0797000000000001,-2.924208256821031
-0.08070000000000022,-2.924208256821031
-0.0817000000000001,-2.924208256821031
-0.08270000000000022,-2.924208256821031
-0.08370000000000011,-2.924208256821031
-0.08470000000000022,-2.924208256821031
-0.08570000000000011,-2.924208256821031
-0.08670000000000022,-2.924208256821031
-0.08770000000000011,-2.924208256821031
-0.08870000000000022,-2.924208256821031
-0.08970000000000011,-2.924208256821031
-0.09070000000000022,-2.924208256821031
-0.09170000000000011,-2.924208256821031
-0.09270000000000023,-2.924208256821031
-0.09370000000000012,-2.924208256821031
-0.09470000000000023,-2.968064307116847
-0.09570000000000012,-2.924208256821031
-0.09670000000000023,-2.924208256821031
-0.09770000000000012,-2.968064307116847
-0.09870000000000023,-2.968064307116847
-0.09970000000000012,-2.924208256821031
-0.10070000000000023,-2.968064307116847
-0.10170000000000012,-2.924208256821031
-0.10270000000000024,-2.924208256821031
-0.10370000000000013,-2.924208256821031
-0.10470000000000024,-2.924208256821031
-0.10570000000000013,-2.968064307116847
-0.10670000000000024,-2.968064307116847
-0.10770000000000013,-2.968064307116847
-0.10870000000000024,-2.968064307116847
-0.10970000000000013,-2.968064307116847
-0.11070000000000024,-2.968064307116847
-0.11170000000000013,-2.968064307116847
-0.11270000000000002,-2.968064307116847
-0.11370000000000013,-2.968064307116847
-0.11470000000000002,-2.968064307116847
-0.11570000000000014,-2.968064307116847
-0.11670000000000003,-2.968064307116847
-0.11770000000000014,-2.968064307116847
-0.11870000000000003,-2.968064307116847
-0.11970000000000014,-2.968064307116847
-0.12070000000000003,-2.968064307116847
-0.12170000000000014,-3.0119203574126634
-0.12270000000000003,-2.968064307116847
-0.12370000000000014,-2.968064307116847
-0.12470000000000003,-3.0119203574126634
-0.12570000000000014,-2.968064307116847
-0.12670000000000003,-2.968064307116847
-0.12770000000000015,-2.968064307116847
-0.12870000000000004,-2.968064307116847
-0.12970000000000015,-3.0119203574126634
-0.13070000000000004,-3.0119203574126634
-0.13170000000000015,-2.968064307116847
-0.13270000000000004,-2.968064307116847
-0.13370000000000015,-3.0119203574126634
-0.13470000000000004,-3.0119203574126634
-0.13570000000000015,-3.0119203574126634
-0.13670000000000004,-3.0119203574126634
-0.13770000000000016,-3.0119203574126634
-0.13870000000000005,-3.0119203574126634
-0.13970000000000016,-3.0119203574126634
-0.14070000000000005,-3.0119203574126634
-0.14170000000000016,-3.0119203574126634
-0.14270000000000005,-3.0119203574126634
-0.14370000000000016,-3.0119203574126634
-0.14470000000000005,-3.0119203574126634
-0.14570000000000016,-3.0119203574126634
-0.14670000000000005,-3.0119203574126634
-0.14770000000000016,-3.0119203574126634
-0.14870000000000005,-3.0119203574126634
-0.14970000000000017,-3.0119203574126634
-0.15070000000000006,-3.0119203574126634
-0.15170000000000017,-3.0119203574126634
-0.15270000000000006,-3.0119203574126634
-0.15370000000000017,-3.055776407708479
-0.15470000000000006,-3.0119203574126634
-0.15570000000000017,-3.055776407708479
-0.15670000000000006,-3.055776407708479
-0.15770000000000017,-3.055776407708479
-0.15870000000000006,-3.055776407708479
-0.15970000000000018,-3.055776407708479
-0.16070000000000007,-3.055776407708479
-0.16170000000000018,-3.055776407708479
-0.16270000000000007,-3.055776407708479
-0.16370000000000018,-3.0996324580042955
-0.16470000000000007,-3.055776407708479
-0.16570000000000018,-3.0996324580042955
-0.16670000000000007,-3.055776407708479
-0.16770000000000018,-3.055776407708479
-0.16870000000000007,-3.055776407708479
-0.16970000000000018,-3.055776407708479
-0.17070000000000007,-3.055776407708479
-0.17170000000000019,-3.0996324580042955
-0.17270000000000008,-3.0996324580042955
-0.1737000000000002,-3.0996324580042955
-0.17470000000000008,-3.0996324580042955
-0.1757000000000002,-3.0996324580042955
-0.17670000000000008,-3.0996324580042955
-0.1777000000000002,-3.0996324580042955
-0.17870000000000008,-3.0996324580042955
-0.1797000000000002,-3.0996324580042955
-0.18070000000000008,-3.0996324580042955
-0.1817000000000002,-3.0996324580042955
-0.18270000000000008,-3.0996324580042955
-0.1837000000000002,-3.0996324580042955
-0.1847000000000001,-3.0996324580042955
-0.1857000000000002,-3.1420737970002466
-0.1867000000000001,-3.1420737970002466
-0.1877000000000002,-3.1420737970002466
-0.1887000000000001,-3.1420737970002466
-0.1897000000000002,-3.1420737970002466
-0.1907000000000001,-3.1420737970002466
-0.1917000000000001,-3.1420737970002466
-0.19269999999999998,-3.1420737970002466
-0.1937000000000001,-3.1420737970002466
-0.19469999999999998,-3.1420737970002466
-0.1957000000000001,-3.1859298472960624
-0.19669999999999999,-3.1859298472960624
-0.1977000000000001,-3.1859298472960624
-0.1987,-3.1859298472960624
-0.1997000000000001,-3.1859298472960624
-0.2007,-3.1859298472960624
-0.2017000000000001,-3.1859298472960624
-0.2027,-3.2297858975918787
-0.2037000000000001,-3.2297858975918787
-0.2047,-3.2297858975918787
-0.2057000000000001,-3.2297858975918787
-0.2067,-3.2297858975918787
-0.2077000000000001,-3.2297858975918787
-0.2087,-3.2297858975918787
-0.2097000000000001,-3.2297858975918787
-0.2107,-3.2297858975918787
-0.2117000000000001,-3.2297858975918787
-0.2127,-3.273641947887695
-0.2137000000000001,-3.273641947887695
-0.2147,-3.273641947887695
-0.2157000000000001,-3.317497998183511
-0.2167,-3.317497998183511
-0.21770000000000012,-3.317497998183511
-0.2187,-3.317497998183511
-0.21970000000000012,-3.317497998183511
-0.2207,-3.317497998183511
-0.22170000000000012,-3.317497998183511
-0.2227,-3.317497998183511
-0.22370000000000012,-3.317497998183511
-0.2247,-3.361354048479327
-0.22570000000000012,-3.361354048479327
-0.2267,-3.361354048479327
-0.22770000000000012,-3.361354048479327
-0.22870000000000001,-3.361354048479327
-0.22970000000000013,-3.403795387475278
-0.23070000000000002,-3.403795387475278
-0.23170000000000013,-3.403795387475278
-0.23270000000000002,-3.403795387475278
-0.23370000000000013,-3.403795387475278
-0.23470000000000002,-3.447651437771094
-0.23570000000000013,-3.447651437771094
-0.23670000000000002,-3.447651437771094
-0.2376999999999999,-3.447651437771094
-0.23870000000000002,-3.447651437771094
-0.2396999999999999,-3.4915074880669104
-0.24070000000000003,-3.4915074880669104
-0.24169999999999991,-3.4915074880669104
-0.24270000000000003,-3.5353635383627267
-0.24369999999999992,-3.5353635383627267
-0.24470000000000003,-3.5353635383627267
-0.24569999999999992,-3.579219588658543
-0.24670000000000003,-3.579219588658543
-0.24769999999999992,-3.579219588658543
-0.24870000000000003,-3.579219588658543
-0.24969999999999992,-3.623075638954359
-0.25070000000000003,-3.623075638954359
-0.2516999999999999,-3.623075638954359
-0.25270000000000004,-3.6655169779503103
-0.2536999999999999,-3.6655169779503103
-0.25470000000000004,-3.6655169779503103
-0.2556999999999999,-3.7093730282461257
-0.25670000000000004,-3.7093730282461257
-0.25769999999999993,-3.7532290785419424
-0.25870000000000004,-3.7532290785419424
-0.25969999999999993,-3.7532290785419424
-0.26070000000000004,-3.7970851288377587
-0.26169999999999993,-3.7970851288377587
-0.26270000000000004,-3.7970851288377587
-0.26369999999999993,-3.840941179133574
-0.26470000000000005,-3.840941179133574
-0.26569999999999994,-3.840941179133574
-0.26670000000000005,-3.884797229429391
-0.26769999999999994,-3.884797229429391
-0.26870000000000005,-3.927238568425342
-0.26969999999999994,-3.927238568425342
-0.27070000000000005,-3.971094618721158
-0.27169999999999994,-3.971094618721158
-0.27270000000000005,-3.971094618721158
-0.27369999999999994,-4.014950669016974
-0.27470000000000006,-4.014950669016974
-0.27569999999999995,-4.0588067193127895
-0.27670000000000006,-4.0588067193127895
-0.27769999999999995,-4.102662769608606
-0.27870000000000006,-4.102662769608606
-0.27969999999999995,-4.102662769608606
-0.28070000000000006,-4.146518819904423
-0.28169999999999995,-4.1889601589003735
-0.28270000000000006,-4.1889601589003735
-0.28369999999999995,-4.23281620919619
-0.28470000000000006,-4.23281620919619
-0.28569999999999995,-4.276672259492005
-0.28670000000000007,-4.3205283097878215
-0.28769999999999996,-4.3205283097878215
-0.28870000000000007,-4.364384360083638
-0.28969999999999996,-4.364384360083638
-0.29070000000000007,-4.406825699079589
-0.29169999999999996,-4.450681749375406
-0.29270000000000007,-4.450681749375406
-0.29369999999999996,-4.494537799671222
-0.2947000000000001,-4.494537799671222
-0.29569999999999996,-4.538393849967037
-0.2967000000000001,-4.582249900262854
-0.29769999999999996,-4.582249900262854
-0.2987000000000001,-4.626105950558669
-0.29969999999999997,-4.668547289554621
-0.3007000000000001,-4.668547289554621
-0.30169999999999997,-4.712403339850438
-0.3027000000000001,-4.712403339850438
-0.30369999999999997,-4.756259390146253
-0.3047000000000001,-4.800115440442069
-0.30569999999999997,-4.843971490737885
-0.3067000000000001,-4.843971490737885
-0.3077,-4.887827541033701
-0.3087000000000001,-4.9302688800296535
-0.3097,-4.974124930325469
-0.3107000000000001,-5.017980980621284
-0.3117,-5.0618370309171015
-0.3127000000000001,-5.0618370309171015
-0.3137,-5.105693081212917
-0.3147000000000001,-5.149549131508733
-0.3157,-5.191990470504685
-0.3167000000000001,-5.235846520800501
-0.3177,-5.235846520800501
-0.3187000000000001,-5.323558621392133
-0.3197,-5.367414671687949
-0.3207000000000001,-5.367414671687949
-0.3217,-5.411270721983764
-0.3227000000000001,-5.497568111275533
-0.3237,-5.497568111275533
-0.3247000000000001,-5.585280211867165
-0.3257,-5.585280211867165
-0.3267000000000001,-5.629136262162981
-0.3277,-5.672992312458796
-0.3287000000000001,-5.715433651454749
-0.3297,-5.759289701750564
-0.3307000000000001,-5.80314575204638
-0.3317,-5.890857852638012
-0.3327000000000001,-5.890857852638012
-0.3337,-5.977155241929781
-0.3347000000000001,-6.021011292225596
-0.3357,-6.021011292225596
-0.3367000000000001,-6.108723392817228
-0.3377,-6.152579443113044
-0.3387000000000001,-6.196435493408861
-0.3397,-6.238876832404812
-0.3407000000000001,-6.282732882700628
-0.3417,-6.37044498329226
-0.3427000000000001,-6.414301033588076
-0.3437,-6.458157083883892
-0.3447000000000001,-6.500598422879844
-0.3457,-6.54445447317566
-0.3467000000000001,-6.632166573767292
-0.3477,-6.6760226240631075
-0.3487000000000001,-6.762320013354876
-0.3497,-6.806176063650692
-0.3507000000000001,-6.850032113946507
-0.3517,-6.93774421453814
-0.3527000000000001,-6.981600264833956
-0.3537,-7.024041603829907
-0.3547000000000001,-7.067897654125724
-0.3557,-7.155609754717355
-0.35670000000000013,-7.199465805013171
-0.3577,-7.28576319430494
-0.35870000000000013,-7.329619244600755
-0.3597,-7.4173313451923875
-0.36070000000000013,-7.461187395488204
-0.3617,-7.5474847847799715
-0.3626999999999999,-7.591340835075788
-0.3637,-7.679052935667419
-0.3646999999999999,-7.722908985963235
-0.3657,-7.809206375255003
-0.3666999999999999,-7.896918475846635
-0.3677,-7.940774526142452
-0.3686999999999999,-8.027071915434218
-0.36970000000000003,-8.070927965730034
-0.3706999999999999,-8.158640066321666
-0.37170000000000003,-8.246352166913299
-0.3726999999999999,-8.288793505909249
-0.37370000000000003,-8.376505606500881
-0.3746999999999999,-8.464217707092514
-0.37570000000000003,-8.508073757388331
-0.3766999999999999,-8.594371146680096
-0.37770000000000004,-8.68208324727173
-0.3786999999999999,-8.725939297567548
-0.37970000000000004,-8.812236686859313
-0.3806999999999999,-8.899948787450944
-0.38170000000000004,-8.987660888042578
-0.38269999999999993,-9.073958277334345
-0.38370000000000004,-9.11781432763016
-0.38469999999999993,-9.24938247851761
-0.38570000000000004,-9.293238528813426
-0.38669999999999993,-9.423391968401008
-0.38770000000000004,-9.467248018696827
-0.38869999999999993,-9.55496011928846
-0.38970000000000005,-9.641257508580225
-0.39069999999999994,-9.728969609171857
-0.39170000000000005,-9.81668170976349
-0.39269999999999994,-9.902979099055257
-0.39370000000000005,-9.99069119964689
-0.39469999999999994,-10.078403300238522
-0.39570000000000005,-10.164700689530287
-0.39669999999999994,-10.25241279012192
-0.39770000000000005,-10.340124890713554
-0.39869999999999994,-10.470278330301136
-0.39970000000000006,-10.557990430892769
-0.40069999999999995,-10.644287820184536
-0.40170000000000006,-10.731999920776168
-0.40269999999999995,-10.819712021367803
-0.40370000000000006,-10.906009410659568
-0.40469999999999995,-10.993721511251199
-0.40570000000000006,-11.123874950838783
-0.40669999999999995,-11.211587051430415
-0.40770000000000006,-11.299299152022046
-0.40869999999999995,-11.42945259160963
-0.40970000000000006,-11.473308641905447
-0.41069999999999995,-11.604876792792895
-0.41170000000000007,-11.691174182084664
-0.41269999999999996,-11.82274233297211
-0.41370000000000007,-11.909039722263879
-0.41469999999999996,-12.040607873151327
-0.41570000000000007,-12.12831997374296
-0.41669999999999996,-12.214617363034726
-0.41770000000000007,-12.346185513922174
-0.41869999999999996,-12.432482903213943
-0.4197000000000001,-12.56405105410139
-0.42069999999999996,-12.651763154693022
-0.4217000000000001,-12.73806054398479
-0.42269999999999996,-12.869628694872238
-0.4237000000000001,-12.955926084164007
-0.42469999999999997,-13.087494235051453
-0.4257000000000001,-13.217647674639037
-0.42669999999999997,-13.30535977523067
-0.4277000000000001,-13.436927926118118
-0.42869999999999997,-13.567081365705702
-0.4297000000000001,-13.654793466297335
-0.43069999999999997,-13.784946905884919
-0.4317000000000001,-13.916515056772363
-0.4327,-14.002812446064135
-0.4337000000000001,-14.13438059695158
-0.4347,-14.217848563643619
-0.4357000000000001,-14.345172580631472
-0.4367,-14.486643710617974
-0.4377000000000001,-14.61396772760583
-0.4387,-14.741291744593681
-0.4397000000000001,-14.826174422585586
-0.4407,-14.967645552572087
-0.4417000000000001,-15.137410908555893
-0.4427,-15.222293586547794
-0.4437000000000001,-15.349617603535648
-0.4447,-15.491088733522153
-0.4457000000000001,-15.618412750510005
-0.4467,-15.74573676749786
-0.4477000000000001,-15.87306078448571
-0.4487,-16.014531914472215
-0.4497000000000001,-16.141855931460068
-0.4507,-16.269179948447924
-0.4517000000000001,-16.438945304431726
-0.4527,-16.580416434418233
-0.4537000000000001,-16.70774045140608
-0.4547,-16.835064468393938
-0.4557000000000001,-16.962388485381787
-0.4567,-17.103859615368293
-0.4577000000000001,-17.2736249713521
-0.4587,-17.40094898833995
-0.4597000000000001,-17.542420118326454
-0.4607,-17.71218547431026
-0.4617000000000001,-17.839509491298113
-0.4627,-17.966833508285966
-0.4637000000000001,-18.10830463827247
-0.4647,-18.320511333252224
-0.4657000000000001,-18.44783535024008
-0.4667,-18.631747819222536
-0.4677000000000001,-18.759071836210385
-0.4687,-18.92883719219419
-0.4697000000000001,-19.112749661176647
-0.4707,-19.2400736781645
-0.4717000000000001,-19.409839034148305
-0.4727,-19.579604390132108
-0.4737000000000001,-19.763516859114564
-0.4747,-19.93328221509837
-0.4757000000000001,-20.10304757108217
-0.4767,-20.286960040064624
-0.4777000000000001,-20.414284057052477
-0.4787,-20.626490752032236
-0.4797000000000001,-20.76796188201874
-0.4807,-20.980168576998494
-0.48170000000000013,-21.149933932982297
-0.4827,-21.333846401964752
-0.48370000000000013,-21.503611757948562
-0.4847,-21.67337711393236
-0.48570000000000013,-21.899730921910766
-0.4867,-22.069496277894572
-0.4876999999999999,-22.295850085872978
-0.4887,-22.46561544185678
-0.4896999999999999,-22.67782213683654
-0.4907,-22.861734605818995
-0.4916999999999999,-23.073941300798747
-0.4927,-23.24370665678255
-0.4936999999999999,-23.47006046476096
-0.49470000000000003,-23.682267159740714
-0.4956999999999999,-23.908620967719123
-0.49670000000000003,-24.078386323702922
-0.4976999999999999,-24.34718147067728
-0.49870000000000003,-24.559388165657033
-0.4996999999999999,-24.729153521640843
-0.5007,-24.95550732961925
-0.5016999999999999,-25.167714024599
-0.5027,-25.39406783257741
-0.5036999999999999,-25.60627452755716
-0.5047,-25.81848122253692
-0.5056999999999999,-26.087276369511276
-0.5067,-26.29948306449103
-0.5076999999999999,-26.568278211465387
-0.5087,-26.822926245441096
-0.5096999999999999,-27.049280053419505
-0.5107,-27.261486748399253
-0.5116999999999999,-27.530281895373616
-0.5127,-27.78492992934932
-0.5136999999999999,-28.011283737327723
-0.5147,-28.265931771303435
-0.5156999999999999,-28.53472691827779
-0.5167,-28.789374952253496
-0.5176999999999999,-29.058170099227848
-0.5187,-29.31281813320356
-0.5196999999999999,-29.581613280177915
-0.5207,-29.836261314153624
-0.5216999999999999,-30.147497800123933
-0.5227,-30.402145834099635
-0.5236999999999999,-30.670940981073993
-0.5247,-30.968030354045652
-0.5257,-31.23682550102001
-0.5267000000000001,-31.533914873991666
-0.5277,-31.802710020966025
-0.5287000000000001,-32.09979939393769
-0.5297,-32.41103587990799
-0.5307000000000001,-32.66568391388369
-0.5317,-33.01936173884996
-0.5327000000000001,-33.330598224820264
-0.5337,-33.58524625879597
-0.5347000000000001,-33.93892408376223
-0.5357,-34.236013456733886
-0.5367000000000001,-34.58969128170015
-0.5377,-34.90092776767045
-0.5387000000000001,-35.198017140642115
-0.5397,-35.55169496560837
-0.5407000000000001,-35.848784338580025
-0.5417,-36.20246216354629
-0.5427000000000001,-36.55613998851254
-0.5437,-36.8532293614842
-0.5447000000000001,-37.206907186450465
-0.5457,-37.56058501141672
-0.5467000000000001,-37.90011572338433
-0.5477,-38.29623488734655
-0.5487000000000001,-38.6499127123128
-0.5497,-38.98944342428042
-0.5507000000000001,-39.38556258824262
-0.5517,-39.696799074212926
-0.5527000000000001,-40.092918238175145
-0.5537,-40.4748902891387
-0.5547000000000001,-40.828568114104954
-0.5557,-41.267128617063115
-0.5567000000000001,-41.606659329030734
-0.5577,-42.04521983198889
-0.5587000000000001,-42.39889765695515
-0.5597,-42.837458159913304
-0.5607000000000001,-43.23357732387552
-0.5617,-43.657990713835034
-0.5627000000000001,-44.054109877797245
-0.5637,-44.4926703807554
-0.5647000000000001,-44.93123088371356
-0.5657,-45.32735004767578
-0.5667000000000001,-45.75176343763528
-0.5677,-46.19032394059345
-0.5687000000000001,-46.628884443551605
-0.5697,-47.067444946509774
-0.5707000000000001,-47.506005449467935
-0.5717,-47.987007291422046
-0.5727000000000001,-48.41142068138156
-0.5737,-48.89242252333566
-0.5747000000000001,-49.373424365289786
-0.5757,-49.81198486824794
-0.5767000000000001,-50.29298671020206
-0.5777,-50.73154721316022
-0.5787000000000001,-51.21254905511432
-0.5797,-51.69355089706845
-0.5807000000000001,-52.2169940780185
-0.5817,-52.69799591997262
-0.5827000000000001,-53.16485064892808
-0.5837,-53.64585249088219
-0.5847000000000001,-54.16929567183226
-0.5857,-54.65029751378637
-0.5867000000000001,-55.17374069473642
-0.5877,-55.6971838756865
-0.5887000000000001,-56.22062705663656
-0.5897,-56.74407023758662
-0.5907000000000001,-57.30995475753264
-0.5917,-57.8333979384827
-0.5927000000000001,-58.35684111943277
-0.5937,-58.92272563937878
-0.5947000000000001,-59.44616882032884
-0.5957,-59.9696120012789
-0.5967000000000001,-60.59208497321952
-0.5977,-61.15796949316553
-0.5987000000000001,-61.6814126741156
-0.5997,-62.24729719406162
-0.6007000000000001,-62.81318171400764
-0.6017,-63.37906623395363
-0.6027000000000001,-63.98739209289561
-0.6037,-64.55327661284163
-0.6047000000000001,-65.16160247178358
-0.6057,-65.76992833072556
-0.6067000000000001,-66.34995996367022
-0.6077,-66.9582858226122
-0.6087000000000001,-67.56661168155415
-0.6097,-68.17493754049613
-0.6107000000000001,-68.78326339943808
-0.6117,-69.39158925838004
-0.6126999999999999,-70.05650356931662
-0.6137,-70.66482942825859
-0.6146999999999999,-71.31559662619651
-0.6157,-71.96636382413442
-0.6166999999999999,-72.63127813507097
-0.6177,-73.23960399401295
-0.6186999999999999,-73.89037119195086
-0.6197,-74.58357972888473
-0.6206999999999999,-75.2484940398213
-0.6217,-75.94170257675518
-0.6226999999999999,-76.5924697746931
-0.6237,-77.243236972631
-0.6246999999999999,-77.99303396155948
-0.6257,-78.68624249849334
-0.6266999999999999,-79.33700969643127
-0.6277,-80.08680668535972
-0.6286999999999999,-80.7800152222936
-0.6297,-81.47322375922747
-0.6306999999999999,-82.22302074815593
-0.6317,-82.9162292850898
-0.6326999999999999,-83.60943782202366
-0.6337,-84.31679347195619
-0.6346999999999999,-85.01000200889004
-0.6357,-85.75979899781852
-0.6366999999999999,-86.49544887374834
-0.6377,-87.18865741068221
-0.6386999999999999,-87.98089573860662
-0.6397,-88.71654561453644
-0.6406999999999999,-89.46634260346492
-0.6417,-90.20199247939475
-0.6426999999999999,-90.99423080731917
-0.6437,-91.72988068324898
-0.6446999999999999,-92.4655305591788
-0.6457,-93.21532754810727
-0.6466999999999999,-93.99341876303303
-0.6477,-94.78565709095746
-0.6486999999999999,-95.56374830588322
-0.6497,-96.35598663380765
-0.6507,-97.09163650973747
-0.6517000000000001,-97.88387483766188
-0.6527,-98.7044073915836
-0.6537000000000001,-99.49664571950804
-0.6547,-100.31717827342976
-0.6557000000000001,-101.15185794035013
-0.6567,-101.97239049427183
-0.6577000000000001,-102.80707016119221
-0.6587,-103.64174982811258
-0.6597000000000001,-104.46228238203432
-0.6607,-105.29696204895468
-0.6617000000000001,-106.15993594187235
-0.6627,-106.95217426979677
-0.6637000000000001,-107.8292952757131
-0.6647,-108.64982782963483
-0.6657000000000001,-109.52694883555114
-0.6667,-110.34748138947285
-0.6677000000000001,-111.22460239538917
-0.6687,-112.05928206230955
-0.6697000000000001,-112.92225595522721
-0.6707,-113.84181830013951
-0.6717000000000001,-114.71893930605583
-0.6727,-115.5819131989735
-0.6737000000000001,-116.50147554388576
-0.6747,-117.3785965498021
-0.6757000000000001,-118.24157044271978
-0.6767,-119.16113278763203
-0.6777000000000001,-120.08069513254432
-0.6787,-121.00025747745659
-0.6797000000000001,-121.90567270937021
-0.6807,-122.82523505428249
-0.6817000000000001,-123.78723873819072
-0.6827,-124.70680108310299
-0.6837000000000001,-125.62636342801528
-0.6847,-126.5317786599289
-0.6857000000000001,-127.45134100484115
-0.6867,-127.4088996658452
-0.6857000000000001,-126.14980660896532
-0.6847,-125.18780292505707
-0.6837000000000001,-124.31068191914078
-0.6827,-123.39111957422851
-0.6817000000000001,-122.57058702030677
-0.6807,-121.73590735338641
-0.6797000000000001,-120.85878634747009
-0.6787,-119.99581245455242
-0.6777000000000001,-119.1186914486361
-0.6767,-118.24157044271978
-0.6757000000000001,-117.3785965498021
-0.6747,-116.45903420488982
-0.6737000000000001,-115.5819131989735
-0.6727,-114.71893930605583
-0.6717000000000001,-113.84181830013951
-0.6707,-112.96469729422319
-0.6697000000000001,-112.10172340130552
-0.6687,-111.26704373438514
-0.6677000000000001,-110.40406984146746
-0.6667,-109.56939017454708
-0.6657000000000001,-108.64982782963483
-0.6647,-107.8292952757131
-0.6637000000000001,-106.90973293080083
-0.6627,-106.11749460287639
-0.6617000000000001,-105.29696204895468
-0.6607,-104.46228238203432
-0.6597000000000001,-103.59930848911664
-0.6587,-102.76462882219626
-0.6577000000000001,-101.92994915527588
-0.6567,-101.06697526235823
-0.6557000000000001,-100.23229559543785
-0.6547,-99.41176304151614
-0.6537000000000001,-98.6195247135917
-0.6527,-97.78484504667132
-0.6517000000000001,-97.00675383174556
-0.6507,-96.21451550382113
-0.6497,-95.39398294989942
-0.6486999999999999,-94.6583330739696
-0.6477,-93.86609474604518
-0.6466999999999999,-93.03141507912481
-0.6457,-92.25332386419905
-0.6446999999999999,-91.46108553627462
-0.6437,-90.68299432134886
-0.6426999999999999,-89.94734444541903
-0.6417,-89.15510611749461
-0.6406999999999999,-88.37701490256885
-0.6397,-87.58477657464444
-0.6386999999999999,-86.80668535971866
-0.6377,-86.05688837079018
-0.6366999999999999,-85.32123849486035
-0.6357,-84.57144150593189
-0.6346999999999999,-83.83579163000208
-0.6337,-83.08599464107361
-0.6326999999999999,-82.39278610413973
-0.6317,-81.65713622820991
-0.6306999999999999,-80.90733923928146
-0.6297,-80.17168936335163
-0.6286999999999999,-79.42189237442317
-0.6277,-78.68624249849334
-0.6266999999999999,-77.95059262256353
-0.6257,-77.243236972631
-0.6246999999999999,-76.50758709670117
-0.6237,-75.81437855976732
-0.6226999999999999,-75.1070229098348
-0.6217,-74.45625571189689
-0.6206999999999999,-73.76304717496302
-0.6197,-73.0556915250305
-0.6186999999999999,-72.36248298809663
-0.6177,-71.7117157901587
-0.6166999999999999,-71.0043601402262
-0.6157,-70.35359294228827
-0.6146999999999999,-69.70282574435035
-0.6137,-69.0096172074165
-0.6126999999999999,-68.34470289647993
-0.6117,-67.73637703753796
-0.6107000000000001,-67.08560983960004
-0.6097,-66.43484264166212
-0.6087000000000001,-65.82651678272015
-0.6077,-65.16160247178358
-0.6067000000000001,-64.51083527384567
-0.6057,-63.860068075907755
-0.6047000000000001,-63.20930087796983
-0.6037,-62.58682790602922
-0.6027000000000001,-61.97850204708726
-0.6017,-61.37017618814529
-0.6007000000000001,-60.761850329203334
-0.5997,-60.15352447026136
-0.5987000000000001,-59.587639950315335
-0.5977,-58.97931409137338
-0.5967000000000001,-58.39928245842871
-0.5957,-57.8333979384827
-0.5947000000000001,-57.26751341853669
-0.5937,-56.65918755959472
-0.5927000000000001,-56.13574437864466
-0.5917,-55.56985985869864
-0.5907000000000001,-55.003975338752625
-0.5897,-54.43809081880661
-0.5887000000000001,-53.872206298860604
-0.5877,-53.348763117910536
-0.5867000000000001,-52.82531993696047
-0.5857,-52.30187675601041
-0.5847000000000001,-51.73599223606439
-0.5837,-51.21254905511432
-0.5827000000000001,-50.68910587416426
-0.5817,-50.1656626932142
-0.5807000000000001,-49.642219512264134
-0.5797,-49.118776331314066
-0.5787000000000001,-48.59533315036401
-0.5777,-48.071889969413945
-0.5767000000000001,-47.590888127459834
-0.5757,-47.10988628550572
-0.5747000000000001,-46.586443104555656
-0.5737,-46.062999923605595
-0.5727000000000001,-45.581998081651484
-0.5717,-45.10099623969737
-0.5707000000000001,-44.619994397743255
-0.5697,-44.138992555789144
-0.5687000000000001,-43.657990713835034
-0.5677,-43.17698887188092
-0.5667000000000001,-42.752575481921404
-0.5657,-42.31401497896325
-0.5647000000000001,-41.83301313700913
-0.5637,-41.39445263405098
-0.5627000000000001,-40.91345079209687
-0.5617,-40.4748902891387
-0.5607000000000001,-40.03632978618054
-0.5597,-39.61191639622103
-0.5587000000000001,-39.21579723225882
-0.5577,-38.777236729300654
-0.5567000000000001,-38.38111756533845
-0.5557,-37.94255706238028
-0.5547000000000001,-37.56058501141672
-0.5537,-37.164465847454515
-0.5527000000000001,-36.725905344496354
-0.5517,-36.329786180534136
-0.5507000000000001,-35.94781412957058
-0.5497,-35.55169496560837
-0.5487000000000001,-35.15557580164616
-0.5477,-34.75945663768395
-0.5467000000000001,-34.377484586720385
-0.5457,-33.98136542275818
-0.5447000000000001,-33.58524625879597
-0.5437,-33.231568433829715
-0.5427000000000001,-32.84959638286615
-0.5417,-32.49591855789989
-0.5407000000000001,-32.09979939393769
-0.5397,-31.76026868197007
-0.5387000000000001,-31.40659085700382
-0.5377,-31.052913032037555
-0.5367000000000001,-30.670940981073993
-0.5357,-30.359704495103685
-0.5347000000000001,-30.00602667013743
-0.5337,-29.66649595816982
-0.5327000000000001,-29.31281813320356
-0.5317,-29.001581647233255
-0.5307000000000001,-28.662050935265643
-0.5297,-28.350814449295335
-0.5287000000000001,-28.011283737327723
-0.5277,-27.700047251357418
-0.5267000000000001,-27.38881076538711
-0.5257,-27.091721392415455
-0.5247,-26.780484906445146
-0.5236999999999999,-26.440954194477534
-0.5227,-26.17215904750318
-0.5216999999999999,-25.86092256153287
-0.5207,-25.563833188561212
-0.5196999999999999,-25.252596702590903
-0.5187,-24.95550732961925
-0.5176999999999999,-24.686712182644893
-0.5167,-24.389622809673234
-0.5156999999999999,-24.078386323702922
-0.5147,-23.823738289727217
-0.5136999999999999,-23.55494314275286
-0.5127,-23.300295108777156
-0.5116999999999999,-22.989058622806844
-0.5107,-22.72026347583249
-0.5096999999999999,-22.46561544185678
-0.5087,-22.15437895588647
-0.5076999999999999,-21.899730921910766
-0.5067,-21.67337711393236
-0.5056999999999999,-21.418729079956652
-0.5047,-21.149933932982297
-0.5036999999999999,-20.89528589900659
-0.5027,-20.683079204026836
-0.5016999999999999,-20.456725396048434
-0.5007,-20.202077362072725
-0.4996999999999999,-19.93328221509837
-0.49870000000000003,-19.721075520118614
-0.4976999999999999,-19.452280373144255
-0.49670000000000003,-19.2400736781645
-0.4956999999999999,-18.97127853119014
-0.49470000000000003,-18.759071836210385
-0.4936999999999999,-18.53271802823198
-0.4927,-18.320511333252224
-0.4916999999999999,-18.10830463827247
-0.4907,-17.881950830294063
-0.4896999999999999,-17.669744135314307
-0.4887,-17.4433903273359
-0.4876999999999999,-17.231183632356142
-0.4867,-17.061418276372343
-0.48570000000000013,-16.835064468393938
-0.4847,-16.622857773414182
-0.48370000000000013,-16.438945304431726
-0.4827,-16.269179948447924
-0.48170000000000013,-16.056973253468165
-0.4807,-15.830619445489761
-0.4797000000000001,-15.660854089505953
-0.4787,-15.491088733522153
-0.4777000000000001,-15.264734925543747
-0.4767,-15.05252823056399
-0.4757000000000001,-14.868615761581536
-0.4747,-14.69885040559773
-0.4737000000000001,-14.529085049613924
-0.4727,-14.345172580631472
-0.4717000000000001,-14.175407224647667
-0.4707,-13.960371107068182
-0.4697000000000001,-13.784946905884919
-0.4687,-13.654793466297335
-0.4677000000000001,-13.436927926118118
-0.4667,-13.261503724934855
-0.4657000000000001,-13.13135028534727
-0.4647,-12.955926084164007
-0.4637000000000001,-12.781916594280606
-0.4627,-12.607907104397206
-0.4617000000000001,-12.476338953509758
-0.4607,-12.302329463626359
-0.4597000000000001,-12.12831997374296
-0.4587,-11.996751822855511
-0.4577000000000001,-11.82274233297211
-0.4567,-11.647318131788847
-0.4557000000000001,-11.517164692201263
-0.4547,-11.343155202317865
-0.4537000000000001,-11.211587051430415
-0.4527,-11.037577561547016
-0.4517000000000001,-10.906009410659568
-0.4507,-10.731999920776168
-0.4497000000000001,-10.601846481188586
-0.4487,-10.470278330301136
-0.4477000000000001,-10.340124890713554
-0.4467,-10.208556739826104
-0.4457000000000001,-10.034547249942705
-0.4447,-9.946835149351072
-0.4437000000000001,-9.772825659467674
-0.4427,-9.641257508580225
-0.4417000000000001,-9.511104068992642
-0.4407,-9.379535918105192
-0.4397000000000001,-9.24938247851761
-0.4387,-9.11781432763016
-0.4377000000000001,-8.987660888042578
-0.4367,-8.85609273715513
-0.4357000000000001,-8.725939297567548
-0.4347,-8.594371146680096
-0.4337000000000001,-8.464217707092514
-0.4327,-8.332649556205066
-0.4317000000000001,-8.246352166913299
-0.43069999999999997,-8.11478401602585
-0.4297000000000001,-7.984630576438266
-0.42869999999999997,-7.853062425550818
-0.4277000000000001,-7.7653503249591855
-0.42669999999999997,-7.635196885371603
-0.4257000000000001,-7.5474847847799715
-0.42469999999999997,-7.4173313451923875
-0.4237000000000001,-7.28576319430494
-0.42269999999999996,-7.199465805013171
-0.4217000000000001,-7.111753704421539
-0.42069999999999996,-6.93774421453814
-0.4197000000000001,-6.850032113946507
-0.41869999999999996,-6.719878674358924
-0.41770000000000007,-6.632166573767292
-0.41669999999999996,-6.54445447317566
-0.41570000000000007,-6.414301033588076
-0.41469999999999996,-6.326588932996443
-0.41370000000000007,-6.238876832404812
-0.41269999999999996,-6.108723392817228
-0.41170000000000007,-6.021011292225596
-0.41069999999999995,-5.9347139029338285
-0.40970000000000006,-5.847001802342197
-0.40869999999999995,-5.715433651454749
-0.40770000000000006,-5.629136262162981
-0.40669999999999995,-5.5414241615713475
-0.40570000000000006,-5.411270721983764
-0.40469999999999995,-5.323558621392133
-0.40370000000000006,-5.235846520800501
-0.40269999999999995,-5.105693081212917
-0.40170000000000006,-5.017980980621284
-0.40069999999999995,-4.9302688800296535
-0.39970000000000006,-4.843971490737885
-0.39869999999999994,-4.756259390146253
-0.39770000000000005,-4.668547289554621
-0.39669999999999994,-4.582249900262854
-0.39570000000000005,-4.494537799671222
-0.39469999999999994,-4.406825699079589
-0.39370000000000005,-4.3205283097878215
-0.39269999999999994,-4.23281620919619
-0.39170000000000005,-4.146518819904423
-0.39069999999999994,-4.0588067193127895
-0.38970000000000005,-3.971094618721158
-0.38869999999999993,-3.884797229429391
-0.38770000000000004,-3.840941179133574
-0.38669999999999993,-3.7532290785419424
-0.38570000000000004,-3.623075638954359
-0.38469999999999993,-3.579219588658543
-0.38370000000000004,-3.4915074880669104
-0.38269999999999993,-3.403795387475278
-0.38170000000000004,-3.317497998183511
-0.3806999999999999,-3.273641947887695
-0.37970000000000004,-3.1859298472960624
-0.3786999999999999,-3.0996324580042955
-0.37770000000000004,-3.0119203574126634
-0.3766999999999999,-2.924208256821031
-0.37570000000000003,-2.8803522065252145
-0.3746999999999999,-2.794054817233447
-0.37370000000000003,-2.7501987669376318
-0.3726999999999999,-2.662486666345999
-0.37170000000000003,-2.576189277054232
-0.3706999999999999,-2.532333226758415
-0.36970000000000003,-2.4446211261667834
-0.3686999999999999,-2.3569090255751513
-0.3677,-2.2706116362833835
-0.3666999999999999,-2.226755585987568
-0.3657,-2.1390434853959355
-0.3646999999999999,-2.095187435100119
-0.3637,-2.008890045808352
-0.3626999999999999,-1.9650339955125358
-0.3617,-1.8773218949209036
-0.36070000000000013,-1.8334658446250875
-0.3597,-1.7471684553333202
-0.35870000000000013,-1.7033124050375041
-0.3577,-1.6156003044458718
-0.35670000000000013,-1.5717442541500557
-0.3557,-1.4854468648582886
-0.3547000000000001,-1.4415908145624723
-0.3537,-1.3543031273607997
-0.3527000000000001,-1.3107300193249565
-0.3517,-1.2671569112891135
-0.3507000000000001,-1.1798692240874404
-0.3497,-1.1362961160515976
-0.3487000000000001,-1.0490084288499246
-0.3477,-1.0490084288499246
-0.3467000000000001,-0.9617207416482519
-0.3457,-0.9181476336124089
-0.3447000000000001,-0.8308599464107361
-0.3437,-0.7872868383748929
-0.3427000000000001,-0.7437137303390498
-0.3417,-0.7001406223032067
-0.3407000000000001,-0.6128529351015338
-0.3397,-0.5692798270656908
-0.3387000000000001,-0.48199213986401795
-0.3377,-0.4384190318281749
-0.3367000000000001,-0.3947044526623452
-0.3357,-0.30755823659065895
-0.3347000000000001,-0.26384365742482935
-0.3337,-0.2202705493889862
-0.3327000000000001,-0.1766974413531431
-0.3317,-0.1330535977523067
-0.3307000000000001,-0.08943804837746762
-0.3297,-0.04582249900262853
-0.3287000000000001,0.04140859974704963
-0.3277,0.08502414912188871
-0.3267000000000001,0.12863969849672777
-0.3257,0.17231183632356148
-0.3247000000000001,0.21588494435940458
-0.3237,0.3031726315610774
-0.3227000000000001,0.3031726315610774
-0.3217,0.3903188476327636
-0.3207000000000001,0.43403342679859325
-0.3197,0.4776065348344364
-0.3187000000000001,0.5211796428702795
-0.3177,0.5647527509061226
-0.3167000000000001,0.6084673300719523
-0.3157,0.6520404381077953
-0.3147000000000001,0.6956135461436386
-0.3137,0.7393281253094681
-0.3127000000000001,0.7829012333453113
-0.3117,0.8264743413811545
-0.3107000000000001,0.870188920546984
-0.3097,0.9137620285828272
-0.3087000000000001,0.9573351366186703
-0.3077,1.0010497157844997
-0.3067000000000001,1.0446228238203432
-0.30569999999999997,1.0446228238203432
-0.3047000000000001,1.0881959318561862
-0.30369999999999997,1.1317690398920295
-0.3027000000000001,1.175483619057859
-0.30169999999999997,1.219056727093702
-0.3007000000000001,1.2626298351295453
-0.29969999999999997,1.3063444142953748
-0.2987000000000001,1.349917522331218
-0.29769999999999996,1.3934906303670611
-0.2967000000000001,1.3934906303670611
-0.29569999999999996,1.4812027309586933
-0.2947000000000001,1.4812027309586933
-0.29369999999999996,1.5250587812545096
-0.29270000000000007,1.5675001202504606
-0.29169999999999996,1.6113561705462767
-0.29070000000000007,1.655212220842093
-0.28969999999999996,1.655212220842093
-0.28870000000000007,1.6990682711379093
-0.28769999999999996,1.7429243214337253
-0.28670000000000007,1.7867803717295414
-0.28569999999999995,1.8292217107254924
-0.28470000000000006,1.8292217107254924
-0.28369999999999995,1.8730777610213083
-0.28270000000000006,1.8730777610213083
-0.28169999999999995,1.9169338113171246
-0.28070000000000006,1.9607898616129409
-0.27969999999999995,1.9607898616129409
-0.27870000000000006,2.004645911908757
-0.27769999999999995,2.048501962204573
-0.27670000000000006,2.048501962204573
-0.27569999999999995,2.0909433012005243
-0.27470000000000006,2.1347993514963406
-0.27369999999999994,2.1347993514963406
-0.27270000000000005,2.178655401792157
-0.27169999999999994,2.2225114520879723
-0.27070000000000005,2.2663675023837886
-0.26969999999999994,2.2663675023837886
-0.26870000000000005,2.30880884137974
-0.26769999999999994,2.30880884137974
-0.26670000000000005,2.352664891675556
-0.26569999999999994,2.352664891675556
-0.26470000000000005,2.396520941971372
-0.26369999999999993,2.396520941971372
-0.26270000000000004,2.4403769922671885
-0.26169999999999993,2.4403769922671885
-0.26070000000000004,2.4842330425630044
-0.25969999999999993,2.5280890928588207
-0.25870000000000004,2.5280890928588207
-0.25769999999999993,2.5705304318547717
-0.25670000000000004,2.5705304318547717
-0.2556999999999999,2.5705304318547717
-0.25470000000000004,2.6143864821505876
-0.2536999999999999,2.6143864821505876
-0.25270000000000004,2.6143864821505876
-0.2516999999999999,2.70209858274222
-0.25070000000000003,2.658242532446404
-0.24969999999999992,2.70209858274222
-0.24870000000000003,2.70209858274222
-0.24769999999999992,2.745954633038036
-0.24670000000000003,2.745954633038036
-0.24569999999999992,2.7898106833338523
-0.24470000000000003,2.7898106833338523
-0.24369999999999992,2.8322520223298033
-0.24270000000000003,2.8322520223298033
-0.24169999999999991,2.8761080726256196
-0.24070000000000003,2.8761080726256196
-0.2396999999999999,2.8761080726256196
-0.23870000000000002,2.919964122921436
-0.2376999999999999,2.8761080726256196
-0.23670000000000002,2.919964122921436
-0.23570000000000013,2.919964122921436
-0.23470000000000002,2.919964122921436
-0.23370000000000013,2.963820173217252
-0.23270000000000002,2.963820173217252
-0.23170000000000013,3.0076762235130676
-0.23070000000000002,3.0076762235130676
-0.22970000000000013,3.0076762235130676
-0.22870000000000001,3.0076762235130676
-0.22770000000000012,3.0515322738088844
-0.2267,3.0515322738088844
-0.22570000000000012,3.0515322738088844
-0.2247,3.0515322738088844
-0.22370000000000012,3.0515322738088844
-0.2227,3.0515322738088844
-0.22170000000000012,3.0939736128048354
-0.2207,3.0939736128048354
-0.21970000000000012,3.0939736128048354
-0.2187,3.1378296631006513
-0.21770000000000012,3.1378296631006513
-0.2167,3.1378296631006513
-0.2157000000000001,3.1816857133964676
-0.2147,3.1816857133964676
-0.2137000000000001,3.1816857133964676
-0.2127,3.1816857133964676
-0.2117000000000001,3.1816857133964676
-0.2107,3.1816857133964676
-0.2097000000000001,3.1816857133964676
-0.2087,3.1816857133964676
-0.2077000000000001,3.1816857133964676
-0.2067,3.225541763692284
-0.2057000000000001,3.225541763692284
-0.2047,3.225541763692284
-0.2037000000000001,3.225541763692284
-0.2027,3.225541763692284
-0.2017000000000001,3.225541763692284
-0.2007,3.2693978139880997
-0.1997000000000001,3.225541763692284
-0.1987,3.2693978139880997
-0.1977000000000001,3.2693978139880997
-0.19669999999999999,3.2693978139880997
-0.1957000000000001,3.2693978139880997
-0.19469999999999998,3.2693978139880997
-0.1937000000000001,3.2693978139880997
-0.19269999999999998,3.2693978139880997
-0.1917000000000001,3.2693978139880997
-0.1907000000000001,3.313253864283916
-0.1897000000000002,3.313253864283916
-0.1887000000000001,3.313253864283916
-0.1877000000000002,3.313253864283916
-0.1867000000000001,3.313253864283916
-0.1857000000000002,3.313253864283916
-0.1847000000000001,3.313253864283916
-0.1837000000000002,3.313253864283916
-0.18270000000000008,3.313253864283916
-0.1817000000000002,3.313253864283916
-0.18070000000000008,3.313253864283916
-0.1797000000000002,3.313253864283916
-0.17870000000000008,3.313253864283916
-0.1777000000000002,3.355695203279867
-0.17670000000000008,3.355695203279867
-0.1757000000000002,3.355695203279867
-0.17470000000000008,3.313253864283916
-0.1737000000000002,3.313253864283916
-0.17270000000000008,3.313253864283916
-0.17170000000000019,3.355695203279867
-0.17070000000000007,3.313253864283916
-0.16970000000000018,3.355695203279867
-0.16870000000000007,3.355695203279867
-0.16770000000000018,3.313253864283916
-0.16670000000000007,3.313253864283916
-0.16570000000000018,3.355695203279867
-0.16470000000000007,3.355695203279867
-0.16370000000000018,3.355695203279867
-0.16270000000000007,3.355695203279867
-0.16170000000000018,3.355695203279867
-0.16070000000000007,3.355695203279867
-0.15970000000000018,3.355695203279867
-0.15870000000000006,3.355695203279867
-0.15770000000000017,3.355695203279867
-0.15670000000000006,3.355695203279867
-0.15570000000000017,3.355695203279867
-0.15470000000000006,3.355695203279867
-0.15370000000000017,3.355695203279867
-0.15270000000000006,3.355695203279867
-0.15170000000000017,3.355695203279867
-0.15070000000000006,3.355695203279867
-0.14970000000000017,3.355695203279867
-0.14870000000000005,3.355695203279867
-0.14770000000000016,3.355695203279867
-0.14670000000000005,3.355695203279867
-0.14570000000000016,3.355695203279867
-0.14470000000000005,3.355695203279867
-0.14370000000000016,3.355695203279867
-0.14270000000000005,3.355695203279867
-0.14170000000000016,3.355695203279867
-0.14070000000000005,3.355695203279867
-0.13970000000000016,3.355695203279867
-0.13870000000000005,3.355695203279867
-0.13770000000000016,3.355695203279867
-0.13670000000000004,3.3995512535756833
-0.13570000000000015,3.355695203279867
-0.13470000000000004,3.355695203279867
-0.13370000000000015,3.355695203279867
-0.13270000000000004,3.355695203279867
-0.13170000000000015,3.355695203279867
-0.13070000000000004,3.355695203279867
-0.12970000000000015,3.355695203279867
-0.12870000000000004,3.355695203279867
-0.12770000000000015,3.355695203279867
-0.12670000000000003,3.355695203279867
-0.12570000000000014,3.355695203279867
-0.12470000000000003,3.355695203279867
-0.12370000000000014,3.3995512535756833
-0.12270000000000003,3.355695203279867
-0.12170000000000014,3.355695203279867
-0.12070000000000003,3.355695203279867
-0.11970000000000014,3.3995512535756833
-0.11870000000000003,3.355695203279867
-0.11770000000000014,3.355695203279867
-0.11670000000000003,3.355695203279867
-0.11570000000000014,3.355695203279867
-0.11470000000000002,3.355695203279867
-0.11370000000000013,3.355695203279867
-0.11270000000000002,3.355695203279867
-0.11170000000000013,3.355695203279867
-0.11070000000000024,3.3995512535756833
-0.10970000000000013,3.355695203279867
-0.10870000000000024,3.355695203279867
-0.10770000000000013,3.355695203279867
-0.10670000000000024,3.355695203279867
-0.10570000000000013,3.355695203279867
-0.10470000000000024,3.355695203279867
-0.10370000000000013,3.355695203279867
-0.10270000000000024,3.355695203279867
-0.10170000000000012,3.355695203279867
-0.10070000000000023,3.355695203279867
-0.09970000000000012,3.355695203279867
-0.09870000000000023,3.3995512535756833
-0.09770000000000012,3.3995512535756833
-0.09670000000000023,3.3995512535756833
-0.09570000000000012,3.3995512535756833
-0.09470000000000023,3.3995512535756833
-0.09370000000000012,3.3995512535756833
-0.09270000000000023,3.3995512535756833
-0.09170000000000011,3.3995512535756833
-0.09070000000000022,3.3995512535756833
-0.08970000000000011,3.355695203279867
-0.08870000000000022,3.3995512535756833
-0.08770000000000011,3.3995512535756833
-0.08670000000000022,3.3995512535756833
-0.08570000000000011,3.3995512535756833
-0.08470000000000022,3.3995512535756833
-0.08370000000000011,3.3995512535756833
-0.08270000000000022,3.3995512535756833
-0.0817000000000001,3.3995512535756833
-0.08070000000000022,3.3995512535756833
-0.0797000000000001,3.3995512535756833
-0.07870000000000021,3.3995512535756833
-0.0777000000000001,3.3995512535756833
-0.07670000000000021,3.3995512535756833
-0.0757000000000001,3.3995512535756833
-0.07470000000000021,3.3995512535756833
-0.0737000000000001,3.3995512535756833
-0.07270000000000021,3.3995512535756833
-0.0717000000000001,3.3995512535756833
-0.07070000000000021,3.3995512535756833
-0.0697000000000001,3.3995512535756833
-0.0687000000000002,3.3995512535756833
-0.0677000000000001,3.3995512535756833
-0.0667000000000002,3.3995512535756833
-0.06570000000000009,3.3995512535756833
-0.0647000000000002,3.3995512535756833
-0.06370000000000009,3.3995512535756833
-0.0627000000000002,3.4434073038714996
-0.06170000000000009,3.3995512535756833
-0.0607000000000002,3.3995512535756833
-0.059700000000000086,3.4434073038714996
-0.058700000000000196,3.4434073038714996
-0.057700000000000085,3.4434073038714996
-0.056700000000000195,3.4434073038714996
-0.05570000000000008,3.4434073038714996
-0.05470000000000019,3.4434073038714996
-0.05370000000000008,3.4434073038714996
-0.05270000000000019,3.4434073038714996
-0.05170000000000008,3.4434073038714996
-0.05070000000000019,3.4434073038714996
-0.04970000000000008,3.4434073038714996
-0.04870000000000019,3.4434073038714996
-0.047700000000000076,3.4434073038714996
-0.046700000000000186,3.4872633541673155
-0.045700000000000074,3.4872633541673155
-0.044700000000000184,3.4434073038714996
-0.04370000000000007,3.4872633541673155
-0.04270000000000018,3.4434073038714996
-0.04170000000000007,3.4872633541673155
-0.04070000000000018,3.4872633541673155
-0.03970000000000007,3.4872633541673155
-0.03870000000000018,3.4872633541673155
-0.03770000000000007,3.4872633541673155
-0.03670000000000018,3.4872633541673155
-0.035700000000000065,3.4872633541673155
-0.034700000000000175,3.4872633541673155
-0.03370000000000006,3.4872633541673155
-0.03270000000000017,3.4872633541673155
-0.03170000000000006,3.4872633541673155
-0.03070000000000017,3.5311194044631313
-0.02970000000000006,3.5311194044631313
-0.02870000000000017,3.5311194044631313
-0.027700000000000058,3.5311194044631313
-0.026700000000000168,3.5311194044631313
-0.025700000000000056,3.5311194044631313
-0.024700000000000166,3.4872633541673155
-0.023700000000000054,3.5311194044631313
-0.022700000000000164,3.5311194044631313
-0.021700000000000053,3.5311194044631313
-0.020700000000000163,3.5311194044631313
-0.01970000000000005,3.5311194044631313
-0.01870000000000016,3.5749754547589476
-0.01770000000000005,3.5311194044631313
-0.01670000000000016,3.5749754547589476
-0.015700000000000047,3.5749754547589476
-0.014700000000000157,3.5749754547589476
-0.013700000000000045,3.5749754547589476
-0.012700000000000156,3.5749754547589476
-0.011700000000000044,3.5749754547589476
-0.010700000000000154,3.5749754547589476
-0.009700000000000042,3.5749754547589476
-0.008700000000000152,3.5749754547589476
-0.00770000000000004,3.6174167937548987
-0.00670000000000015,3.6174167937548987
-0.005700000000000038,3.6174167937548987
-0.0047000000000001485,3.6174167937548987
-0.0037000000000000366,3.6174167937548987
-0.0027000000000001467,3.6174167937548987
-0.0017000000000000348,3.6174167937548987
-0.000700000000000145,3.661272844050715
0.00029999999999996696,3.661272844050715
0.0012999999999998568,3.661272844050715
0.0022999999999999687,3.661272844050715
0.0032999999999998586,3.661272844050715
0.0042999999999999705,3.661272844050715
0.00529999999999986,3.661272844050715
0.006299999999999972,3.661272844050715
0.007299999999999862,3.661272844050715
0.008299999999999974,3.7051288943465317
0.009299999999999864,3.7051288943465317
0.010299999999999976,3.7051288943465317
0.011299999999999866,3.7051288943465317
0.012299999999999978,3.7051288943465317
