June 30, 2026   08:15:31
Linear Sweep Voltammetry
File: c:/users/guazh/data/20260623_doe_duplica2/2026-06-24-exp48\regeneratedgce-2026-06-30t08_12_33-lsvinkoh\regeneratedgce_lsv_50mvs_efin_-1700mv.bin
Data Source:  Experiment
Instrument Model:  CHI760E
Header: LSV ran at 50 mVs with Efin at -1700mV
Note: 

Init E (V) = -0.6
Final E (V) = -1.7
Scan Rate (V/s) = 0.05
Sample Interval (V) = 0.001
Quiet Time (sec) = 2
Sensitivity (A/V) = 1e-4
Comp R (ohm) = 1.5

Results:

Channel 1:

Potential/V, Current/A

-0.600, 9.496e-7
-0.601, 1.106e-6
-0.602, 1.148e-6
-0.603, 1.170e-6
-0.604, 1.185e-6
-0.605, 1.197e-6
-0.606, 1.209e-6
-0.607, 1.218e-6
-0.608, 1.227e-6
-0.609, 1.237e-6
-0.610, 1.244e-6
-0.611, 1.251e-6
-0.612, 1.258e-6
-0.613, 1.263e-6
-0.614, 1.271e-6
-0.615, 1.278e-6
-0.616, 1.280e-6
-0.617, 1.286e-6
-0.618, 1.290e-6
-0.619, 1.297e-6
-0.620, 1.302e-6
-0.621, 1.304e-6
-0.622, 1.311e-6
-0.623, 1.314e-6
-0.624, 1.318e-6
-0.625, 1.324e-6
-0.626, 1.326e-6
-0.627, 1.331e-6
-0.628, 1.336e-6
-0.629, 1.339e-6
-0.630, 1.344e-6
-0.631, 1.347e-6
-0.632, 1.351e-6
-0.633, 1.354e-6
-0.634, 1.358e-6
-0.635, 1.361e-6
-0.636, 1.364e-6
-0.637, 1.367e-6
-0.638, 1.371e-6
-0.639, 1.375e-6
-0.640, 1.380e-6
-0.641, 1.384e-6
-0.642, 1.386e-6
-0.643, 1.390e-6
-0.644, 1.391e-6
-0.645, 1.394e-6
-0.646, 1.397e-6
-0.647, 1.401e-6
-0.648, 1.404e-6
-0.649, 1.408e-6
-0.650, 1.410e-6
-0.651, 1.413e-6
-0.652, 1.415e-6
-0.653, 1.419e-6
-0.654, 1.422e-6
-0.655, 1.426e-6
-0.656, 1.428e-6
-0.657, 1.432e-6
-0.658, 1.434e-6
-0.659, 1.436e-6
-0.660, 1.440e-6
-0.661, 1.441e-6
-0.662, 1.445e-6
-0.663, 1.448e-6
-0.664, 1.451e-6
-0.665, 1.456e-6
-0.666, 1.459e-6
-0.667, 1.461e-6
-0.668, 1.464e-6
-0.669, 1.466e-6
-0.670, 1.470e-6
-0.671, 1.472e-6
-0.672, 1.474e-6
-0.673, 1.478e-6
-0.674, 1.479e-6
-0.675, 1.485e-6
-0.676, 1.487e-6
-0.677, 1.490e-6
-0.678, 1.491e-6
-0.679, 1.493e-6
-0.680, 1.496e-6
-0.681, 1.499e-6
-0.682, 1.502e-6
-0.683, 1.506e-6
-0.684, 1.508e-6
-0.685, 1.511e-6
-0.686, 1.514e-6
-0.687, 1.516e-6
-0.688, 1.520e-6
-0.689, 1.524e-6
-0.690, 1.526e-6
-0.691, 1.530e-6
-0.692, 1.532e-6
-0.693, 1.534e-6
-0.694, 1.538e-6
-0.695, 1.542e-6
-0.696, 1.543e-6
-0.697, 1.546e-6
-0.698, 1.549e-6
-0.699, 1.552e-6
-0.700, 1.556e-6
-0.701, 1.556e-6
-0.702, 1.561e-6
-0.703, 1.563e-6
-0.704, 1.567e-6
-0.705, 1.571e-6
-0.706, 1.572e-6
-0.707, 1.576e-6
-0.708, 1.578e-6
-0.709, 1.580e-6
-0.710, 1.583e-6
-0.711, 1.584e-6
-0.712, 1.587e-6
-0.713, 1.591e-6
-0.714, 1.592e-6
-0.715, 1.596e-6
-0.716, 1.598e-6
-0.717, 1.602e-6
-0.718, 1.604e-6
-0.719, 1.606e-6
-0.720, 1.610e-6
-0.721, 1.612e-6
-0.722, 1.612e-6
-0.723, 1.616e-6
-0.724, 1.618e-6
-0.725, 1.620e-6
-0.726, 1.623e-6
-0.727, 1.625e-6
-0.728, 1.629e-6
-0.729, 1.633e-6
-0.730, 1.634e-6
-0.731, 1.638e-6
-0.732, 1.640e-6
-0.733, 1.642e-6
-0.734, 1.645e-6
-0.735, 1.646e-6
-0.736, 1.649e-6
-0.737, 1.653e-6
-0.738, 1.655e-6
-0.739, 1.658e-6
-0.740, 1.662e-6
-0.741, 1.662e-6
-0.742, 1.666e-6
-0.743, 1.668e-6
-0.744, 1.670e-6
-0.745, 1.674e-6
-0.746, 1.675e-6
-0.747, 1.679e-6
-0.748, 1.682e-6
-0.749, 1.684e-6
-0.750, 1.687e-6
-0.751, 1.688e-6
-0.752, 1.691e-6
-0.753, 1.694e-6
-0.754, 1.695e-6
-0.755, 1.699e-6
-0.756, 1.702e-6
-0.757, 1.703e-6
-0.758, 1.706e-6
-0.759, 1.709e-6
-0.760, 1.712e-6
-0.761, 1.716e-6
-0.762, 1.719e-6
-0.763, 1.720e-6
-0.764, 1.723e-6
-0.765, 1.723e-6
-0.766, 1.727e-6
-0.767, 1.728e-6
-0.768, 1.735e-6
-0.769, 1.737e-6
-0.770, 1.738e-6
-0.771, 1.740e-6
-0.772, 1.745e-6
-0.773, 1.745e-6
-0.774, 1.749e-6
-0.775, 1.752e-6
-0.776, 1.753e-6
-0.777, 1.756e-6
-0.778, 1.758e-6
-0.779, 1.761e-6
-0.780, 1.764e-6
-0.781, 1.765e-6
-0.782, 1.768e-6
-0.783, 1.770e-6
-0.784, 1.771e-6
-0.785, 1.774e-6
-0.786, 1.775e-6
-0.787, 1.779e-6
-0.788, 1.782e-6
-0.789, 1.783e-6
-0.790, 1.786e-6
-0.791, 1.786e-6
-0.792, 1.788e-6
-0.793, 1.791e-6
-0.794, 1.793e-6
-0.795, 1.798e-6
-0.796, 1.801e-6
-0.797, 1.803e-6
-0.798, 1.806e-6
-0.799, 1.807e-6
-0.800, 1.810e-6
-0.801, 1.813e-6
-0.802, 1.814e-6
-0.803, 1.819e-6
-0.804, 1.821e-6
-0.805, 1.821e-6
-0.806, 1.824e-6
-0.807, 1.826e-6
-0.808, 1.828e-6
-0.809, 1.833e-6
-0.810, 1.834e-6
-0.811, 1.837e-6
-0.812, 1.840e-6
-0.813, 1.843e-6
-0.814, 1.844e-6
-0.815, 1.847e-6
-0.816, 1.849e-6
-0.817, 1.854e-6
-0.818, 1.856e-6
-0.819, 1.865e-6
-0.820, 1.868e-6
-0.821, 1.865e-6
-0.822, 1.870e-6
-0.823, 1.873e-6
-0.824, 1.874e-6
-0.825, 1.878e-6
-0.826, 1.880e-6
-0.827, 1.882e-6
-0.828, 1.885e-6
-0.829, 1.887e-6
-0.830, 1.892e-6
-0.831, 1.893e-6
-0.832, 1.896e-6
-0.833, 1.899e-6
-0.834, 1.900e-6
-0.835, 1.903e-6
-0.836, 1.905e-6
-0.837, 1.910e-6
-0.838, 1.911e-6
-0.839, 1.915e-6
-0.840, 1.918e-6
-0.841, 1.919e-6
-0.842, 1.919e-6
-0.843, 1.922e-6
-0.844, 1.924e-6
-0.845, 1.930e-6
-0.846, 1.931e-6
-0.847, 1.934e-6
-0.848, 1.937e-6
-0.849, 1.940e-6
-0.850, 1.941e-6
-0.851, 1.944e-6
-0.852, 1.948e-6
-0.853, 1.949e-6
-0.854, 1.953e-6
-0.855, 1.957e-6
-0.856, 1.959e-6
-0.857, 1.964e-6
-0.858, 1.966e-6
-0.859, 1.971e-6
-0.860, 1.974e-6
-0.861, 1.974e-6
-0.862, 1.979e-6
-0.863, 1.981e-6
-0.864, 1.985e-6
-0.865, 1.989e-6
-0.866, 1.990e-6
-0.867, 1.995e-6
-0.868, 1.998e-6
-0.869, 2.001e-6
-0.870, 2.006e-6
-0.871, 2.009e-6
-0.872, 2.013e-6
-0.873, 2.015e-6
-0.874, 2.017e-6
-0.875, 2.020e-6
-0.876, 2.022e-6
-0.877, 2.023e-6
-0.878, 2.027e-6
-0.879, 2.029e-6
-0.880, 2.033e-6
-0.881, 2.035e-6
-0.882, 2.037e-6
-0.883, 2.041e-6
-0.884, 2.042e-6
-0.885, 2.046e-6
-0.886, 2.049e-6
-0.887, 2.052e-6
-0.888, 2.055e-6
-0.889, 2.058e-6
-0.890, 2.060e-6
-0.891, 2.064e-6
-0.892, 2.068e-6
-0.893, 2.070e-6
-0.894, 2.073e-6
-0.895, 2.075e-6
-0.896, 2.078e-6
-0.897, 2.083e-6
-0.898, 2.084e-6
-0.899, 2.087e-6
-0.900, 2.091e-6
-0.901, 2.092e-6
-0.902, 2.097e-6
-0.903, 2.098e-6
-0.904, 2.102e-6
-0.905, 2.106e-6
-0.906, 2.105e-6
-0.907, 2.108e-6
-0.908, 2.112e-6
-0.909, 2.115e-6
-0.910, 2.120e-6
-0.911, 2.122e-6
-0.912, 2.127e-6
-0.913, 2.132e-6
-0.914, 2.133e-6
-0.915, 2.135e-6
-0.916, 2.137e-6
-0.917, 2.137e-6
-0.918, 2.140e-6
-0.919, 2.144e-6
-0.920, 2.148e-6
-0.921, 2.152e-6
-0.922, 2.154e-6
-0.923, 2.156e-6
-0.924, 2.160e-6
-0.925, 2.162e-6
-0.926, 2.164e-6
-0.927, 2.167e-6
-0.928, 2.171e-6
-0.929, 2.176e-6
-0.930, 2.178e-6
-0.931, 2.179e-6
-0.932, 2.184e-6
-0.933, 2.187e-6
-0.934, 2.192e-6
-0.935, 2.194e-6
-0.936, 2.195e-6
-0.937, 2.201e-6
-0.938, 2.201e-6
-0.939, 2.204e-6
-0.940, 2.208e-6
-0.941, 2.210e-6
-0.942, 2.217e-6
-0.943, 2.218e-6
-0.944, 2.221e-6
-0.945, 2.226e-6
-0.946, 2.227e-6
-0.947, 2.231e-6
-0.948, 2.233e-6
-0.949, 2.237e-6
-0.950, 2.243e-6
-0.951, 2.244e-6
-0.952, 2.247e-6
-0.953, 2.253e-6
-0.954, 2.255e-6
-0.955, 2.258e-6
-0.956, 2.259e-6
-0.957, 2.263e-6
-0.958, 2.268e-6
-0.959, 2.273e-6
-0.960, 2.278e-6
-0.961, 2.280e-6
-0.962, 2.282e-6
-0.963, 2.286e-6
-0.964, 2.291e-6
-0.965, 2.295e-6
-0.966, 2.299e-6
-0.967, 2.303e-6
-0.968, 2.308e-6
-0.969, 2.315e-6
-0.970, 2.318e-6
-0.971, 2.321e-6
-0.972, 2.327e-6
-0.973, 2.336e-6
-0.974, 2.339e-6
-0.975, 2.343e-6
-0.976, 2.346e-6
-0.977, 2.351e-6
-0.978, 2.354e-6
-0.979, 2.360e-6
-0.980, 2.365e-6
-0.981, 2.369e-6
-0.982, 2.374e-6
-0.983, 2.377e-6
-0.984, 2.383e-6
-0.985, 2.388e-6
-0.986, 2.393e-6
-0.987, 2.400e-6
-0.988, 2.404e-6
-0.989, 2.405e-6
-0.990, 2.410e-6
-0.991, 2.415e-6
-0.992, 2.420e-6
-0.993, 2.425e-6
-0.994, 2.429e-6
-0.995, 2.434e-6
-0.996, 2.437e-6
-0.997, 2.441e-6
-0.998, 2.448e-6
-0.999, 2.452e-6
-1.000, 2.457e-6
-1.001, 2.461e-6
-1.002, 2.464e-6
-1.003, 2.468e-6
-1.004, 2.472e-6
-1.005, 2.475e-6
-1.006, 2.480e-6
-1.007, 2.483e-6
-1.008, 2.488e-6
-1.009, 2.492e-6
-1.010, 2.495e-6
-1.011, 2.501e-6
-1.012, 2.507e-6
-1.013, 2.508e-6
-1.014, 2.515e-6
-1.015, 2.518e-6
-1.016, 2.522e-6
-1.017, 2.527e-6
-1.018, 2.530e-6
-1.019, 2.535e-6
-1.020, 2.541e-6
-1.021, 2.543e-6
-1.022, 2.552e-6
-1.023, 2.555e-6
-1.024, 2.561e-6
-1.025, 2.564e-6
-1.026, 2.565e-6
-1.027, 2.570e-6
-1.028, 2.573e-6
-1.029, 2.577e-6
-1.030, 2.583e-6
-1.031, 2.584e-6
-1.032, 2.589e-6
-1.033, 2.592e-6
-1.034, 2.596e-6
-1.035, 2.602e-6
-1.036, 2.605e-6
-1.037, 2.610e-6
-1.038, 2.614e-6
-1.039, 2.614e-6
-1.040, 2.619e-6
-1.041, 2.622e-6
-1.042, 2.624e-6
-1.043, 2.630e-6
-1.044, 2.635e-6
-1.045, 2.639e-6
-1.046, 2.641e-6
-1.047, 2.646e-6
-1.048, 2.648e-6
-1.049, 2.653e-6
-1.050, 2.655e-6
-1.051, 2.659e-6
-1.052, 2.663e-6
-1.053, 2.664e-6
-1.054, 2.670e-6
-1.055, 2.673e-6
-1.056, 2.677e-6
-1.057, 2.682e-6
-1.058, 2.684e-6
-1.059, 2.689e-6
-1.060, 2.694e-6
-1.061, 2.695e-6
-1.062, 2.699e-6
-1.063, 2.698e-6
-1.064, 2.700e-6
-1.065, 2.705e-6
-1.066, 2.706e-6
-1.067, 2.711e-6
-1.068, 2.715e-6
-1.069, 2.716e-6
-1.070, 2.720e-6
-1.071, 2.722e-6
-1.072, 2.728e-6
-1.073, 2.733e-6
-1.074, 2.737e-6
-1.075, 2.741e-6
-1.076, 2.743e-6
-1.077, 2.742e-6
-1.078, 2.744e-6
-1.079, 2.749e-6
-1.080, 2.753e-6
-1.081, 2.757e-6
-1.082, 2.758e-6
-1.083, 2.763e-6
-1.084, 2.768e-6
-1.085, 2.770e-6
-1.086, 2.773e-6
-1.087, 2.778e-6
-1.088, 2.782e-6
-1.089, 2.789e-6
-1.090, 2.791e-6
-1.091, 2.795e-6
-1.092, 2.801e-6
-1.093, 2.804e-6
-1.094, 2.808e-6
-1.095, 2.811e-6
-1.096, 2.816e-6
-1.097, 2.821e-6
-1.098, 2.822e-6
-1.099, 2.828e-6
-1.100, 2.831e-6
-1.101, 2.837e-6
-1.102, 2.842e-6
-1.103, 2.847e-6
-1.104, 2.851e-6
-1.105, 2.854e-6
-1.106, 2.856e-6
-1.107, 2.863e-6
-1.108, 2.868e-6
-1.109, 2.870e-6
-1.110, 2.874e-6
-1.111, 2.877e-6
-1.112, 2.885e-6
-1.113, 2.889e-6
-1.114, 2.894e-6
-1.115, 2.898e-6
-1.116, 2.901e-6
-1.117, 2.901e-6
-1.118, 2.906e-6
-1.119, 2.909e-6
-1.120, 2.914e-6
-1.121, 2.918e-6
-1.122, 2.921e-6
-1.123, 2.924e-6
-1.124, 2.929e-6
-1.125, 2.932e-6
-1.126, 2.938e-6
-1.127, 2.941e-6
-1.128, 2.948e-6
-1.129, 2.951e-6
-1.130, 2.952e-6
-1.131, 2.956e-6
-1.132, 2.960e-6
-1.133, 2.962e-6
-1.134, 2.967e-6
-1.135, 2.971e-6
-1.136, 2.975e-6
-1.137, 2.979e-6
-1.138, 2.982e-6
-1.139, 2.987e-6
-1.140, 2.991e-6
-1.141, 2.992e-6
-1.142, 2.999e-6
-1.143, 3.000e-6
-1.144, 3.004e-6
-1.145, 3.009e-6
-1.146, 3.010e-6
-1.147, 3.018e-6
-1.148, 3.020e-6
-1.149, 3.023e-6
-1.150, 3.030e-6
-1.151, 3.032e-6
-1.152, 3.039e-6
-1.153, 3.045e-6
-1.154, 3.046e-6
-1.155, 3.050e-6
-1.156, 3.051e-6
-1.157, 3.055e-6
-1.158, 3.062e-6
-1.159, 3.066e-6
-1.160, 3.072e-6
-1.161, 3.076e-6
-1.162, 3.076e-6
-1.163, 3.082e-6
-1.164, 3.086e-6
-1.165, 3.092e-6
-1.166, 3.097e-6
-1.167, 3.100e-6
-1.168, 3.103e-6
-1.169, 3.110e-6
-1.170, 3.110e-6
-1.171, 3.116e-6
-1.172, 3.121e-6
-1.173, 3.121e-6
-1.174, 3.128e-6
-1.175, 3.131e-6
-1.176, 3.133e-6
-1.177, 3.140e-6
-1.178, 3.144e-6
-1.179, 3.148e-6
-1.180, 3.153e-6
-1.181, 3.154e-6
-1.182, 3.159e-6
-1.183, 3.161e-6
-1.184, 3.164e-6
-1.185, 3.168e-6
-1.186, 3.171e-6
-1.187, 3.178e-6
-1.188, 3.183e-6
-1.189, 3.186e-6
-1.190, 3.193e-6
-1.191, 3.192e-6
-1.192, 3.197e-6
-1.193, 3.201e-6
-1.194, 3.202e-6
-1.195, 3.208e-6
-1.196, 3.210e-6
-1.197, 3.215e-6
-1.198, 3.220e-6
-1.199, 3.223e-6
-1.200, 3.225e-6
-1.201, 3.230e-6
-1.202, 3.235e-6
-1.203, 3.240e-6
-1.204, 3.246e-6
-1.205, 3.249e-6
-1.206, 3.253e-6
-1.207, 3.254e-6
-1.208, 3.256e-6
-1.209, 3.263e-6
-1.210, 3.266e-6
-1.211, 3.272e-6
-1.212, 3.277e-6
-1.213, 3.279e-6
-1.214, 3.285e-6
-1.215, 3.286e-6
-1.216, 3.293e-6
-1.217, 3.300e-6
-1.218, 3.302e-6
-1.219, 3.308e-6
-1.220, 3.313e-6
-1.221, 3.315e-6
-1.222, 3.322e-6
-1.223, 3.325e-6
-1.224, 3.328e-6
-1.225, 3.332e-6
-1.226, 3.335e-6
-1.227, 3.341e-6
-1.228, 3.346e-6
-1.229, 3.361e-6
-1.230, 3.362e-6
-1.231, 3.362e-6
-1.232, 3.366e-6
-1.233, 3.370e-6
-1.234, 3.372e-6
-1.235, 3.376e-6
-1.236, 3.377e-6
-1.237, 3.382e-6
-1.238, 3.389e-6
-1.239, 3.389e-6
-1.240, 3.395e-6
-1.241, 3.400e-6
-1.242, 3.402e-6
-1.243, 3.404e-6
-1.244, 3.405e-6
-1.245, 3.405e-6
-1.246, 3.409e-6
-1.247, 3.414e-6
-1.248, 3.419e-6
-1.249, 3.425e-6
-1.250, 3.425e-6
-1.251, 3.428e-6
-1.252, 3.431e-6
-1.253, 3.434e-6
-1.254, 3.440e-6
-1.255, 3.442e-6
-1.256, 3.444e-6
-1.257, 3.450e-6
-1.258, 3.452e-6
-1.259, 3.455e-6
-1.260, 3.459e-6
-1.261, 3.463e-6
-1.262, 3.469e-6
-1.263, 3.470e-6
-1.264, 3.475e-6
-1.265, 3.481e-6
-1.266, 3.484e-6
-1.267, 3.490e-6
-1.268, 3.494e-6
-1.269, 3.495e-6
-1.270, 3.498e-6
-1.271, 3.498e-6
-1.272, 3.502e-6
-1.273, 3.507e-6
-1.274, 3.510e-6
-1.275, 3.515e-6
-1.276, 3.517e-6
-1.277, 3.518e-6
-1.278, 3.523e-6
-1.279, 3.526e-6
-1.280, 3.533e-6
-1.281, 3.535e-6
-1.282, 3.535e-6
-1.283, 3.539e-6
-1.284, 3.541e-6
-1.285, 3.543e-6
-1.286, 3.549e-6
-1.287, 3.550e-6
-1.288, 3.554e-6
-1.289, 3.557e-6
-1.290, 3.559e-6
-1.291, 3.563e-6
-1.292, 3.568e-6
-1.293, 3.571e-6
-1.294, 3.574e-6
-1.295, 3.576e-6
-1.296, 3.578e-6
-1.297, 3.584e-6
-1.298, 3.586e-6
-1.299, 3.595e-6
-1.300, 3.597e-6
-1.301, 3.596e-6
-1.302, 3.600e-6
-1.303, 3.601e-6
-1.304, 3.603e-6
-1.305, 3.608e-6
-1.306, 3.612e-6
-1.307, 3.618e-6
-1.308, 3.618e-6
-1.309, 3.621e-6
-1.310, 3.628e-6
-1.311, 3.627e-6
-1.312, 3.632e-6
-1.313, 3.637e-6
-1.314, 3.636e-6
-1.315, 3.641e-6
-1.316, 3.645e-6
-1.317, 3.646e-6
-1.318, 3.651e-6
-1.319, 3.653e-6
-1.320, 3.657e-6
-1.321, 3.661e-6
-1.322, 3.664e-6
-1.323, 3.668e-6
-1.324, 3.672e-6
-1.325, 3.674e-6
-1.326, 3.679e-6
-1.327, 3.682e-6
-1.328, 3.684e-6
-1.329, 3.689e-6
-1.330, 3.689e-6
-1.331, 3.694e-6
-1.332, 3.699e-6
-1.333, 3.703e-6
-1.334, 3.709e-6
-1.335, 3.709e-6
-1.336, 3.714e-6
-1.337, 3.718e-6
-1.338, 3.719e-6
-1.339, 3.726e-6
-1.340, 3.728e-6
-1.341, 3.730e-6
-1.342, 3.738e-6
-1.343, 3.741e-6
-1.344, 3.747e-6
-1.345, 3.751e-6
-1.346, 3.752e-6
-1.347, 3.756e-6
-1.348, 3.760e-6
-1.349, 3.762e-6
-1.350, 3.765e-6
-1.351, 3.769e-6
-1.352, 3.773e-6
-1.353, 3.781e-6
-1.354, 3.782e-6
-1.355, 3.785e-6
-1.356, 3.789e-6
-1.357, 3.794e-6
-1.358, 3.801e-6
-1.359, 3.804e-6
-1.360, 3.807e-6
-1.361, 3.812e-6
-1.362, 3.814e-6
-1.363, 3.821e-6
-1.364, 3.827e-6
-1.365, 3.829e-6
-1.366, 3.834e-6
-1.367, 3.836e-6
-1.368, 3.841e-6
-1.369, 3.846e-6
-1.370, 3.846e-6
-1.371, 3.853e-6
-1.372, 3.857e-6
-1.373, 3.860e-6
-1.374, 3.866e-6
-1.375, 3.869e-6
-1.376, 3.873e-6
-1.377, 3.878e-6
-1.378, 3.879e-6
-1.379, 3.886e-6
-1.380, 3.890e-6
-1.381, 3.894e-6
-1.382, 3.901e-6
-1.383, 3.904e-6
-1.384, 3.903e-6
-1.385, 3.905e-6
-1.386, 3.907e-6
-1.387, 3.915e-6
-1.388, 3.918e-6
-1.389, 3.921e-6
-1.390, 3.926e-6
-1.391, 3.926e-6
-1.392, 3.932e-6
-1.393, 3.934e-6
-1.394, 3.937e-6
-1.395, 3.943e-6
-1.396, 3.946e-6
-1.397, 3.948e-6
-1.398, 3.956e-6
-1.399, 3.958e-6
-1.400, 3.961e-6
-1.401, 3.964e-6
-1.402, 3.967e-6
-1.403, 3.973e-6
-1.404, 3.977e-6
-1.405, 3.979e-6
-1.406, 3.987e-6
-1.407, 3.989e-6
-1.408, 3.994e-6
-1.409, 3.999e-6
-1.410, 4.002e-6
-1.411, 4.006e-6
-1.412, 4.010e-6
-1.413, 4.013e-6
-1.414, 4.020e-6
-1.415, 4.023e-6
-1.416, 4.026e-6
-1.417, 4.031e-6
-1.418, 4.032e-6
-1.419, 4.039e-6
-1.420, 4.041e-6
-1.421, 4.043e-6
-1.422, 4.052e-6
-1.423, 4.056e-6
-1.424, 4.059e-6
-1.425, 4.063e-6
-1.426, 4.065e-6
-1.427, 4.070e-6
-1.428, 4.075e-6
-1.429, 4.078e-6
-1.430, 4.083e-6
-1.431, 4.090e-6
-1.432, 4.095e-6
-1.433, 4.101e-6
-1.434, 4.105e-6
-1.435, 4.107e-6
-1.436, 4.108e-6
-1.437, 4.113e-6
-1.438, 4.119e-6
-1.439, 4.121e-6
-1.440, 4.125e-6
-1.441, 4.131e-6
-1.442, 4.131e-6
-1.443, 4.136e-6
-1.444, 4.142e-6
-1.445, 4.142e-6
-1.446, 4.150e-6
-1.447, 4.152e-6
-1.448, 4.156e-6
-1.449, 4.162e-6
-1.450, 4.161e-6
-1.451, 4.168e-6
-1.452, 4.173e-6
-1.453, 4.176e-6
-1.454, 4.181e-6
-1.455, 4.181e-6
-1.456, 4.186e-6
-1.457, 4.191e-6
-1.458, 4.191e-6
-1.459, 4.199e-6
-1.460, 4.203e-6
-1.461, 4.204e-6
-1.462, 4.210e-6
-1.463, 4.211e-6
-1.464, 4.216e-6
-1.465, 4.222e-6
-1.466, 4.222e-6
-1.467, 4.227e-6
-1.468, 4.230e-6
-1.469, 4.235e-6
-1.470, 4.241e-6
-1.471, 4.244e-6
-1.472, 4.249e-6
-1.473, 4.258e-6
-1.474, 4.260e-6
-1.475, 4.262e-6
-1.476, 4.266e-6
-1.477, 4.267e-6
-1.478, 4.275e-6
-1.479, 4.279e-6
-1.480, 4.284e-6
-1.481, 4.294e-6
-1.482, 4.295e-6
-1.483, 4.302e-6
-1.484, 4.309e-6
-1.485, 4.317e-6
-1.486, 4.319e-6
-1.487, 4.325e-6
-1.488, 4.332e-6
-1.489, 4.340e-6
-1.490, 4.343e-6
-1.491, 4.351e-6
-1.492, 4.356e-6
-1.493, 4.357e-6
-1.494, 4.366e-6
-1.495, 4.370e-6
-1.496, 4.375e-6
-1.497, 4.384e-6
-1.498, 4.389e-6
-1.499, 4.398e-6
-1.500, 4.404e-6
-1.501, 4.407e-6
-1.502, 4.418e-6
-1.503, 4.425e-6
-1.504, 4.430e-6
-1.505, 4.438e-6
-1.506, 4.440e-6
-1.507, 4.450e-6
-1.508, 4.453e-6
-1.509, 4.459e-6
-1.510, 4.467e-6
-1.511, 4.472e-6
-1.512, 4.481e-6
-1.513, 4.490e-6
-1.514, 4.495e-6
-1.515, 4.503e-6
-1.516, 4.510e-6
-1.517, 4.516e-6
-1.518, 4.527e-6
-1.519, 4.533e-6
-1.520, 4.542e-6
-1.521, 4.554e-6
-1.522, 4.559e-6
-1.523, 4.568e-6
-1.524, 4.573e-6
-1.525, 4.580e-6
-1.526, 4.587e-6
-1.527, 4.595e-6
-1.528, 4.605e-6
-1.529, 4.617e-6
-1.530, 4.621e-6
-1.531, 4.634e-6
-1.532, 4.641e-6
-1.533, 4.649e-6
-1.534, 4.663e-6
-1.535, 4.670e-6
-1.536, 4.681e-6
-1.537, 4.695e-6
-1.538, 4.700e-6
-1.539, 4.712e-6
-1.540, 4.721e-6
-1.541, 4.732e-6
-1.542, 4.747e-6
-1.543, 4.754e-6
-1.544, 4.768e-6
-1.545, 4.780e-6
-1.546, 4.788e-6
-1.547, 4.800e-6
-1.548, 4.811e-6
-1.549, 4.821e-6
-1.550, 4.834e-6
-1.551, 4.843e-6
-1.552, 4.857e-6
-1.553, 4.873e-6
-1.554, 4.879e-6
-1.555, 4.892e-6
-1.556, 4.905e-6
-1.557, 4.918e-6
-1.558, 4.934e-6
-1.559, 4.944e-6
-1.560, 4.958e-6
-1.561, 4.974e-6
-1.562, 4.989e-6
-1.563, 5.004e-6
-1.564, 5.019e-6
-1.565, 5.030e-6
-1.566, 5.049e-6
-1.567, 5.063e-6
-1.568, 5.081e-6
-1.569, 5.098e-6
-1.570, 5.111e-6
-1.571, 5.126e-6
-1.572, 5.144e-6
-1.573, 5.161e-6
-1.574, 5.181e-6
-1.575, 5.198e-6
-1.576, 5.216e-6
-1.577, 5.237e-6
-1.578, 5.251e-6
-1.579, 5.273e-6
-1.580, 5.292e-6
-1.581, 5.311e-6
-1.582, 5.333e-6
-1.583, 5.350e-6
-1.584, 5.371e-6
-1.585, 5.390e-6
-1.586, 5.411e-6
-1.587, 5.440e-6
-1.588, 5.461e-6
-1.589, 5.482e-6
-1.590, 5.505e-6
-1.591, 5.530e-6
-1.592, 5.553e-6
-1.593, 5.580e-6
-1.594, 5.605e-6
-1.595, 5.631e-6
-1.596, 5.656e-6
-1.597, 5.684e-6
-1.598, 5.716e-6
-1.599, 5.746e-6
-1.600, 5.773e-6
-1.601, 5.804e-6
-1.602, 5.835e-6
-1.603, 5.867e-6
-1.604, 5.900e-6
-1.605, 5.927e-6
-1.606, 5.961e-6
-1.607, 5.996e-6
-1.608, 6.031e-6
-1.609, 6.070e-6
-1.610, 6.106e-6
-1.611, 6.144e-6
-1.612, 6.181e-6
-1.613, 6.220e-6
-1.614, 6.261e-6
-1.615, 6.300e-6
-1.616, 6.343e-6
-1.617, 6.390e-6
-1.618, 6.434e-6
-1.619, 6.482e-6
-1.620, 6.526e-6
-1.621, 6.577e-6
-1.622, 6.629e-6
-1.623, 6.675e-6
-1.624, 6.730e-6
-1.625, 6.777e-6
-1.626, 6.832e-6
-1.627, 6.887e-6
-1.628, 6.945e-6
-1.629, 7.003e-6
-1.630, 7.068e-6
-1.631, 7.126e-6
-1.632, 7.192e-6
-1.633, 7.258e-6
-1.634, 7.321e-6
-1.635, 7.390e-6
-1.636, 7.464e-6
-1.637, 7.532e-6
-1.638, 7.614e-6
-1.639, 7.701e-6
-1.640, 7.768e-6
-1.641, 7.849e-6
-1.642, 7.929e-6
-1.643, 8.020e-6
-1.644, 8.106e-6
-1.645, 8.195e-6
-1.646, 8.294e-6
-1.647, 8.384e-6
-1.648, 8.482e-6
-1.649, 8.581e-6
-1.650, 8.677e-6
-1.651, 8.789e-6
-1.652, 8.897e-6
-1.653, 9.011e-6
-1.654, 9.129e-6
-1.655, 9.244e-6
-1.656, 9.365e-6
-1.657, 9.493e-6
-1.658, 9.621e-6
-1.659, 9.760e-6
-1.660, 9.896e-6
-1.661, 1.003e-5
-1.662, 1.018e-5
-1.663, 1.032e-5
-1.664, 1.048e-5
-1.665, 1.064e-5
-1.666, 1.080e-5
-1.667, 1.097e-5
-1.668, 1.114e-5
-1.669, 1.132e-5
-1.670, 1.150e-5
-1.671, 1.169e-5
-1.672, 1.189e-5
-1.673, 1.208e-5
-1.674, 1.227e-5
-1.675, 1.249e-5
-1.676, 1.271e-5
-1.677, 1.293e-5
-1.678, 1.317e-5
-1.679, 1.340e-5
-1.680, 1.364e-5
-1.681, 1.390e-5
-1.682, 1.416e-5
-1.683, 1.443e-5
-1.684, 1.471e-5
-1.685, 1.500e-5
-1.686, 1.529e-5
-1.687, 1.560e-5
-1.688, 1.592e-5
-1.689, 1.626e-5
-1.690, 1.660e-5
-1.691, 1.695e-5
-1.692, 1.731e-5
-1.693, 1.768e-5
-1.694, 1.807e-5
-1.695, 1.846e-5
-1.696, 1.888e-5
-1.697, 1.931e-5
-1.698, 1.974e-5
-1.699, 2.019e-5
