Potential V vs RHE, Current mA cm-2
0.013299999999999867,-0.0038918707859287157
0.012299999999999978,-0.004938757147828843
0.011299999999999866,-0.005622062705663656
0.010299999999999976,-0.005957349283731669
0.009299999999999864,-0.006766564147254471
0.008299999999999974,-0.006626507728567831
0.007299999999999862,-0.007130144951319785
0.006299999999999972,-0.007031115160329232
0.00529999999999986,-0.007408843077393197
0.0042999999999999705,-0.007659246977469309
0.0032999999999998586,-0.007799303396155947
0.0022999999999999687,-0.008008680668535972
0.0012999999999998568,-0.008384993874300072
0.00029999999999996696,-0.008399140987298723
-0.000700000000000145,-0.00866510671167335
-0.0017000000000000348,-0.009027272804438798
-0.0027000000000001467,-0.008860336871054727
-0.0037000000000000366,-0.009083861256433401
-0.0047000000000001485,-0.009139034997128138
-0.005700000000000038,-0.00944602734919885
-0.00670000000000015,-0.009628525106881438
-0.00770000000000004,-0.009586083767885488
-0.008700000000000152,-0.009753019701269563
-0.009700000000000042,-0.009948249860650939
-0.010700000000000154,-0.010200068472026914
-0.011700000000000044,-0.010340124890713552
-0.012700000000000156,-0.010478766598100325
-0.013700000000000045,-0.01042359285740559
-0.014700000000000157,-0.010773026548472254
-0.015700000000000047,-0.010661264355782915
-0.01670000000000016,-0.011106898415240403
-0.01770000000000005,-0.011080018900542965
-0.01870000000000016,-0.011232807720928393
-0.01970000000000005,-0.011344569913617729
-0.020700000000000163,-0.011596388524993706
-0.021700000000000053,-0.011511505847001804
-0.022700000000000164,-0.011720883119381829
-0.023700000000000054,-0.011749177345379131
-0.024700000000000166,-0.011917527990063069
-0.025700000000000056,-0.01215378477714053
-0.026700000000000168,-0.012251399856831218
-0.027700000000000058,-0.012363162049520557
-0.02870000000000017,-0.012545659807203145
-0.02970000000000006,-0.012489071355208544
-0.03070000000000017,-0.01268430151458992
-0.03170000000000006,-0.012865384560972644
-0.03270000000000017,-0.012936120125965896
-0.03370000000000006,-0.012893678786969945
-0.034700000000000175,-0.013019588092657932
-0.035700000000000065,-0.01313135028534727
-0.03670000000000018,-0.01369016124879396
-0.03770000000000007,-0.01367601413579531
-0.03870000000000018,-0.013787776328484647
-0.03970000000000007,-0.013702893650492745
-0.04070000000000018,-0.013857097182178034
-0.04170000000000007,-0.013997153600864672
-0.04270000000000018,-0.014387613919627423
-0.04370000000000007,-0.014217848563643616
-0.044700000000000184,-0.014217848563643616
-0.045700000000000074,-0.014514937936615275
-0.046700000000000186,-0.014529085049613928
-0.047700000000000076,-0.014684703292599082
-0.04870000000000019,-0.014797880196588285
-0.04970000000000008,-0.015222293586547794
-0.05070000000000019,-0.015165705134553195
-0.05170000000000008,-0.015590118524512706
-0.05270000000000019,-0.015533530072518101
-0.05370000000000008,-0.01573158965449921
-0.05470000000000019,-0.01585891367148706
-0.05570000000000008,-0.015943796349478963
-0.056700000000000195,-0.01615600304445872
-0.057700000000000085,-0.016056973253468165
-0.058700000000000196,-0.016170150157457368
-0.059700000000000086,-0.01624088572245062
-0.0607000000000002,-0.01650968086942498
-0.06170000000000009,-0.016849211581392583
-0.0627000000000002,-0.01665115199941148
-0.06370000000000009,-0.01687750580738989
-0.0647000000000002,-0.01697653559838044
-0.06570000000000009,-0.017217036519357496
-0.0667000000000002,-0.017146300954364244
-0.0677000000000001,-0.017217036519357496
-0.0687000000000002,-0.017471684553333203
-0.0697000000000001,-0.0175282730053278
-0.07070000000000021,-0.01771218547431026
-0.0717000000000001,-0.01820733442926302
-0.07270000000000021,-0.017995127734283266
-0.0737000000000001,-0.018221481542261674
-0.07470000000000021,-0.01853271802823198
-0.0757000000000001,-0.018235628655260322
-0.07670000000000021,-0.01858930648022658
-0.0777000000000001,-0.018575159367227933
-0.07870000000000021,-0.018546865141230634
-0.0797000000000001,-0.01897127853119014
-0.08070000000000022,-0.019042014096183394
-0.0817000000000001,-0.019042014096183394
-0.08270000000000022,-0.01928251501716045
-0.08370000000000011,-0.019395691921149656
-0.08470000000000022,-0.019763516859114563
-0.08570000000000011,-0.019480574599141553
-0.08670000000000022,-0.01969278129412131
-0.08770000000000011,-0.02000401778009162
-0.08870000000000022,-0.020286960040064625
-0.08970000000000011,-0.020145488910078124
-0.09070000000000022,-0.020230371588070024
-0.09170000000000011,-0.02038598983105518
-0.09270000000000023,-0.020725520543022787
-0.09370000000000012,-0.02088113878600794
-0.09470000000000023,-0.020895285899006594
-0.09570000000000012,-0.021107492593986348
-0.09670000000000023,-0.021121639706984996
-0.09770000000000012,-0.021362140627962056
-0.09870000000000023,-0.02153190598394586
-0.09970000000000012,-0.021447023305953956
-0.10070000000000023,-0.021843142469916164
-0.10170000000000012,-0.02194217226090672
-0.10270000000000024,-0.02204120205189727
-0.10370000000000013,-0.022027054938898623
-0.10470000000000024,-0.02232414431187028
-0.10570000000000013,-0.022154378955886473
-0.10670000000000024,-0.022621233684841938
-0.10770000000000013,-0.022621233684841938
-0.10870000000000024,-0.02277685192782709
-0.10970000000000013,-0.022918323057813595
-0.11070000000000024,-0.022989058622806844
-0.11170000000000013,-0.023286147995778505
-0.11270000000000002,-0.0230597941878001
-0.11370000000000013,-0.02352664891675556
-0.11470000000000002,-0.023625678707746112
-0.11570000000000014,-0.02365397293374341
-0.11670000000000003,-0.02388032674172182
-0.11770000000000014,-0.024021797871708325
-0.11870000000000003,-0.024134974775697527
-0.11970000000000014,-0.024601829504652988
-0.12070000000000003,-0.02433303435767863
-0.12170000000000014,-0.024771594860636792
-0.12270000000000003,-0.024559388165657038
-0.12370000000000014,-0.024785741973635443
-0.12470000000000003,-0.024969654442617898
-0.12570000000000014,-0.024884771764625994
-0.12670000000000003,-0.02539406783257741
-0.12770000000000015,-0.0250828313466071
-0.12870000000000004,-0.025422362058574708
-0.12970000000000015,-0.025705304318547718
-0.13070000000000004,-0.02554968607556256
-0.13170000000000015,-0.025691157205549067
-0.13270000000000004,-0.02580433410953827
-0.13370000000000015,-0.026073129256512624
-0.13470000000000004,-0.02632777729048833
-0.13570000000000015,-0.026158011934504528
-0.13670000000000004,-0.02659657243746269
-0.13770000000000016,-0.026469248420474833
-0.13870000000000005,-0.026639013776458643
-0.13970000000000016,-0.026992691601424906
-0.14070000000000005,-0.02692195603643165
-0.14170000000000016,-0.02738881076538711
-0.14270000000000005,-0.02740295787838576
-0.14370000000000016,-0.027374663652388463
-0.14470000000000005,-0.027459546330380363
-0.14570000000000016,-0.027770782816350672
-0.14670000000000005,-0.02775663570335202
-0.14770000000000016,-0.02802543085032638
-0.14870000000000005,-0.028011283737327728
-0.14970000000000017,-0.02820934331930883
-0.15070000000000006,-0.028251784658304784
-0.15170000000000017,-0.028039577963325023
-0.15270000000000006,-0.028732786500258897
-0.15370000000000017,-0.028591315370272388
-0.15470000000000006,-0.028633756709268345
-0.15570000000000017,-0.02847813846628319
-0.15670000000000006,-0.0289025518562427
-0.15770000000000017,-0.029015728760231903
-0.15870000000000006,-0.029100611438223806
-0.15970000000000018,-0.0290723172122265
-0.16070000000000007,-0.029482583489187364
-0.16170000000000018,-0.029440142150191414
-0.16270000000000007,-0.02966649595816982
-0.16370000000000018,-0.02979381997515767
-0.16470000000000007,-0.029779672862159025
-0.16570000000000018,-0.029921143992145526
-0.16670000000000007,-0.030133350687125283
-0.16770000000000018,-0.030260674704113137
-0.16870000000000007,-0.03018993913911988
-0.16970000000000018,-0.030288968930110433
-0.17070000000000007,-0.03047288139909289
-0.17170000000000019,-0.030769970772064545
-0.17270000000000008,-0.030670940981073994
-0.1737000000000002,-0.031010471693041605
-0.17470000000000008,-0.030968030354045658
-0.1757000000000002,-0.031095354371033508
-0.17670000000000008,-0.03130756106601326
-0.1777000000000002,-0.031194384162024056
-0.17870000000000008,-0.03163294466498222
-0.1797000000000002,-0.03157635621298762
-0.18070000000000008,-0.03154806198699031
-0.1817000000000002,-0.03194418115095252
-0.18270000000000008,-0.03195832826395118
-0.1837000000000002,-0.032057358054941726
-0.1847000000000001,-0.032184682071929586
-0.1857000000000002,-0.03222712341092554
-0.1867000000000001,-0.03238274165391069
-0.1877000000000002,-0.032538359896895845
-0.1887000000000001,-0.032453477218903945
-0.1897000000000002,-0.03258080123589179
-0.1907000000000001,-0.032708125252879645
-0.1917000000000001,-0.03289203772186211
-0.19269999999999998,-0.033104244416841865
-0.1937000000000001,-0.03321742132083106
-0.19469999999999998,-0.03304765596484726
-0.1957000000000001,-0.033344745337818914
-0.19669999999999999,-0.03344377512880947
-0.1977000000000001,-0.03364183471079057
-0.1987,-0.03352865780680137
-0.1997000000000001,-0.03375501161477978
-0.2007,-0.033698423162785165
-0.2017000000000001,-0.033797452953775724
-0.2027,-0.03406624810075008
-0.2037000000000001,-0.03422186634373524
-0.2047,-0.03440577881271769
-0.2057000000000001,-0.034476514377710946
-0.2067,-0.0344906614907096
-0.2077000000000001,-0.034193572117737936
-0.2087,-0.0346321326206961
-0.2097000000000001,-0.03453310282970555
-0.2107,-0.034915074880669104
-0.2117000000000001,-0.0346887210726907
-0.2127,-0.03485848642867451
-0.2137000000000001,-0.03484433931567585
-0.2147,-0.035198017140642114
-0.2157000000000001,-0.03516972291464481
-0.2167,-0.03553754785260972
-0.21770000000000012,-0.035594136304604326
-0.2187,-0.03583463722558138
-0.21970000000000012,-0.035466812287616466
-0.2207,-0.036032696807562485
-0.22170000000000012,-0.036230756389543595
-0.2227,-0.036117579485554385
-0.22370000000000012,-0.036216609276544943
-0.2247,-0.03608928525955708
-0.22570000000000012,-0.03664102266650445
-0.2267,-0.03624490350254224
-0.22770000000000012,-0.03669761111849905
-0.22870000000000001,-0.036839082248485554
-0.22970000000000013,-0.036768346683492305
-0.23070000000000002,-0.03681078802248825
-0.23170000000000013,-0.0366551697795031
-0.23270000000000002,-0.03675419957049365
-0.23370000000000013,-0.037461555220426164
-0.23470000000000002,-0.03698055337847206
-0.23570000000000013,-0.037206907186450464
-0.23670000000000002,-0.03756058501141672
-0.2376999999999999,-0.03773035036740053
-0.23870000000000002,-0.03771620325440188
-0.2396999999999999,-0.03764546768940863
-0.24070000000000003,-0.037970851288377586
-0.24169999999999991,-0.03802743974037219
-0.24270000000000003,-0.03794255706238028
-0.24369999999999992,-0.037871821497387034
-0.24470000000000003,-0.03826794066134924
-0.24569999999999992,-0.03808402819236679
-0.24670000000000003,-0.0384518531303317
-0.24769999999999992,-0.03843770601733305
-0.24870000000000003,-0.038635765599314156
-0.24969999999999992,-0.038706501164307405
-0.25070000000000003,-0.038423558904334396
-0.2516999999999999,-0.03883382518129525
-0.25270000000000004,-0.03891870785928716
-0.2536999999999999,-0.03911676744126827
-0.25470000000000004,-0.03903188476327636
-0.2556999999999999,-0.039145061667265564
-0.25670000000000004,-0.03930067991025072
-0.25769999999999993,-0.03935726836224532
-0.25870000000000004,-0.03928653279725207
-0.25969999999999993,-0.03975338752620753
-0.26070000000000004,-0.039795828865203484
-0.26169999999999993,-0.03980997597820213
-0.26270000000000004,-0.03988071154319539
-0.26369999999999993,-0.04010706535117379
-0.26470000000000005,-0.04013535957717109
-0.26569999999999994,-0.040361713385149496
-0.26670000000000005,-0.04065880275812116
-0.26769999999999994,-0.04180471891101184
-0.26870000000000005,-0.041606659329030724
-0.26969999999999994,-0.04115395171307392
-0.27070000000000005,-0.04133786418205637
-0.27169999999999994,-0.04142274686004828
-0.27270000000000005,-0.041238834391065814
-0.27369999999999994,-0.041748130459017235
-0.27470000000000006,-0.04197448426699564
-0.27569999999999995,-0.04183301313700913
-0.27670000000000006,-0.04217254384897674
-0.27769999999999995,-0.04188960158900373
-0.27870000000000006,-0.042186690961975394
-0.27969999999999995,-0.04228572075296595
-0.28070000000000006,-0.04245548610894975
-0.28169999999999995,-0.042639398577932204
-0.28270000000000006,-0.042936487950903865
-0.28369999999999995,-0.04296478217690116
-0.28470000000000006,-0.04313454753288497
-0.28569999999999995,-0.04286575238591061
-0.28670000000000007,-0.043219430210876875
-0.28769999999999996,-0.04307795908089037
-0.28870000000000007,-0.04344578401885528
-0.28969999999999996,-0.043474078244852575
-0.29070000000000007,-0.04344578401885528
-0.29169999999999996,-0.04379946184382154
-0.29270000000000007,-0.04409655121679319
-0.29369999999999996,-0.04399752142580264
-0.2947000000000001,-0.0442097281207824
-0.29569999999999996,-0.04445022904175945
-0.2967000000000001,-0.044393640589764846
-0.29769999999999996,-0.04471902418873381
-0.2987000000000001,-0.04471902418873381
-0.29969999999999997,-0.045100996239697363
-0.3007000000000001,-0.04497367222270952
-0.30169999999999997,-0.045115143352696015
-0.3027000000000001,-0.045072702013700075
-0.30369999999999997,-0.04545467406466363
-0.3047000000000001,-0.045256614482682526
-0.30569999999999997,-0.046062999923605595
-0.3067000000000001,-0.0461195883756002
-0.3077,-0.0461195883756002
-0.3087000000000001,-0.046077147036604246
-0.3097,-0.04647326620056645
-0.3107000000000001,-0.04638838352257455
-0.3117,-0.04684109113853137
-0.3127000000000001,-0.04667132578254756
-0.3137,-0.046968415155519215
-0.3147000000000001,-0.047166474737500325
-0.3157,-0.04674206134754081
-0.3167000000000001,-0.04722306318949493
-0.3177,-0.04719476896349762
-0.3187000000000001,-0.04780309482243959
-0.3197,-0.04767577080545173
-0.3207000000000001,-0.04760503524045848
-0.3217,-0.04747771122347064
-0.3227000000000001,-0.04790212461343014
-0.3237,-0.04795871306542474
-0.3247000000000001,-0.048439714907378854
-0.3257,-0.048227508212399094
-0.3267000000000001,-0.048439714907378854
-0.3277,-0.04846800913337616
-0.3287000000000001,-0.04876509850634782
-0.3297,-0.048637774489359964
-0.3307000000000001,-0.04914707055731138
-0.3317,-0.04934513013929248
-0.3327000000000001,-0.04930268880029653
-0.3337,-0.04931683591329518
-0.3347000000000001,-0.049741249303254687
-0.3357,-0.05015151558021554
-0.3367000000000001,-0.05012322135421825
-0.3377,-0.0498827204332412
-0.3387000000000001,-0.05033542804919801
-0.3397,-0.050363722275195304
-0.3407000000000001,-0.05098619524713593
-0.3417,-0.05105693081212918
-0.3427000000000001,-0.051042783699130526
-0.3437,-0.05119840194211568
-0.3447000000000001,-0.05115596060311973
-0.3457,-0.05163696244507385
-0.3467000000000001,-0.05206137583503335
-0.3477,-0.052075522948032
-0.3487000000000001,-0.05245749499899556
-0.3497,-0.05242920077299826
-0.3507000000000001,-0.05283946704995912
-0.3517,-0.053348763117910536
-0.3527000000000001,-0.05374488228187274
-0.3537,-0.053702440942876795
-0.3547000000000001,-0.053957088976852495
-0.3557,-0.053971236089851146
-0.35670000000000013,-0.054438090818806614
-0.3577,-0.05453712060979717
-0.35870000000000013,-0.05463615040078772
-0.3597,-0.05506056379074723
-0.36070000000000013,-0.055272770485726985
-0.3617,-0.055640595423691895
-0.3626999999999999,-0.05582450789267435
-0.3637,-0.05588109634466895
-0.3646999999999999,-0.05620647994363791
-0.3657,-0.05639039241262036
-0.3666999999999999,-0.056546010655605515
-0.3677,-0.05704115961055828
-0.3686999999999999,-0.057649485469500245
-0.36970000000000003,-0.0577768094864881
-0.3706999999999999,-0.05767777969549755
-0.37170000000000003,-0.057649485469500245
-0.3726999999999999,-0.058073898859459745
-0.37370000000000003,-0.05820122287644761
-0.3746999999999999,-0.05838513534543006
-0.37570000000000003,-0.058682224718401725
-0.3766999999999999,-0.05972911108030186
-0.37770000000000004,-0.05971496396730319
-0.3786999999999999,-0.0598564350972897
-0.37970000000000004,-0.059955464888280255
-0.3806999999999999,-0.059927170662282946
-0.38170000000000004,-0.06076185032920333
-0.38269999999999993,-0.060903321459189835
-0.38370000000000004,-0.06112967526716823
-0.38469999999999993,-0.06122870505815879
-0.38570000000000004,-0.06158238288312505
-0.38669999999999993,-0.053589264038887585
-0.38570000000000004,-0.048609480263362655
-0.38469999999999993,-0.046444971974569156
-0.38370000000000004,-0.04476146552772976
-0.38269999999999993,-0.043389195566860675
-0.38170000000000004,-0.04251207456094436
-0.3806999999999999,-0.04129542284306042
-0.37970000000000004,-0.04029097782015625
-0.3786999999999999,-0.03903188476327636
-0.37770000000000004,-0.03819720509635599
-0.3766999999999999,-0.037305936977441015
-0.37570000000000003,-0.036400521745527395
-0.3746999999999999,-0.03577804877358678
-0.37370000000000003,-0.034731162411686646
-0.3726999999999999,-0.03415113077874199
-0.37170000000000003,-0.03357109914579732
-0.3706999999999999,-0.03289203772186211
-0.36970000000000003,-0.03256665412289315
-0.3686999999999999,-0.03176026868197007
-0.3677,-0.03123682550102001
-0.3666999999999999,-0.030883147676053754
-0.3657,-0.03011920357412663
-0.3646999999999999,-0.02946843637618871
-0.3637,-0.02902987587323055
-0.3626999999999999,-0.028435697127287232
-0.3617,-0.02813860775431558
-0.36070000000000013,-0.027671753025360117
-0.3597,-0.027190751183406005
-0.35870000000000013,-0.026808779132442447
-0.3577,-0.026313630177489684
-0.35670000000000013,-0.026186306160501827
-0.3557,-0.02535162649358146
-0.3547000000000001,-0.02539406783257741
-0.3537,-0.024630123730650287
-0.3527000000000001,-0.02424815167968673
-0.3517,-0.023866179628723165
-0.3507000000000001,-0.023625678707746112
-0.3497,-0.023144676865792004
-0.3487000000000001,-0.022861734605818994
-0.3477,-0.022366585650866227
-0.3467000000000001,-0.02232414431187028
-0.3457,-0.022069496277894573
-0.3447000000000001,-0.021602641548939108
-0.3437,-0.020980168576998495
-0.3427000000000001,-0.020937727238002544
-0.3417,-0.02042843117005113
-0.3407000000000001,-0.020131341797079472
-0.3397,-0.019933282215098366
-0.3387000000000001,-0.019551310164134805
-0.3377,-0.01922592656516585
-0.3367000000000001,-0.018886395853198238
-0.3357,-0.01891469007919554
-0.3347000000000001,-0.018645894932221182
-0.3337,-0.01816489309026707
-0.3327000000000001,-0.018023421960280565
-0.3317,-0.017952686395287316
-0.3307000000000001,-0.017429243214337253
-0.3297,-0.01734436053634535
-0.3287000000000001,-0.016962388485381792
-0.3277,-0.016764328903400686
-0.3267000000000001,-0.016637004886412832
-0.3257,-0.016396503965435776
-0.3247000000000001,-0.016127708818461418
-0.3237,-0.01585891367148706
-0.3227000000000001,-0.015675001202504608
-0.3217,-0.015703295428501907
-0.3207000000000001,-0.015236440699546445
-0.3197,-0.015109116682558592
-0.3187000000000001,-0.01501008689156804
-0.3177,-0.014543232162612576
-0.3167000000000001,-0.014288584128636872
-0.3157,-0.01424614278964092
-0.3147000000000001,-0.01426028990263957
-0.3137,-0.013591131457803407
-0.3127000000000001,-0.013800508730183434
-0.3117,-0.013605278570802059
-0.3107000000000001,-0.013005440979659283
-0.3097,-0.01296299964066333
-0.3087000000000001,-0.012614980660896532
-0.3077,-0.012558392208901932
-0.3067000000000001,-0.012503218468207193
-0.30569999999999997,-0.01272674285358587
-0.3047000000000001,-0.01230798830882582
-0.30369999999999997,-0.012251399856831218
-0.3027000000000001,-0.011860939538068467
-0.30169999999999997,-0.011456332106307067
-0.3007000000000001,-0.011413890767311117
-0.29969999999999997,-0.010995136222551065
-0.2987000000000001,-0.010647117242784266
-0.29769999999999996,-0.010647117242784266
-0.2967000000000001,-0.010673996757481702
-0.29569999999999996,-0.01039529863140829
-0.2947000000000001,-0.010325977777714903
-0.29369999999999996,-0.010297683551717602
-0.29270000000000007,-0.009823755266262814
-0.29169999999999996,-0.009753019701269563
-0.29070000000000007,-0.009586083767885488
-0.28969999999999996,-0.009543642428889536
-0.28870000000000007,-0.009167329223125438
-0.28769999999999996,-0.009124887884129487
-0.28670000000000007,-0.009195623449122739
-0.28569999999999995,-0.00894380483774676
-0.28470000000000006,-0.008803748419060124
-0.28369999999999995,-0.008455729439293324
-0.28270000000000006,-0.008539197405985362
-0.28169999999999995,-0.008287378794609385
-0.28070000000000006,-0.00814873708722261
-0.27969999999999995,-0.00820391082791735
-0.27870000000000006,-0.007785156283157298
-0.27769999999999995,-0.007980386442538673
-0.27670000000000006,-0.0074498697050892826
-0.27569999999999995,-0.007687541203466609
-0.27470000000000006,-0.007227760031010472
-0.27369999999999994,-0.007366401738397247
-0.27270000000000005,-0.007045262273327883
-0.27169999999999994,-0.007268786658706558
-0.27070000000000005,-0.00675241703425582
-0.26969999999999994,-0.006892473452942458
-0.26870000000000005,-0.006668949067563782
-0.26769999999999994,-0.006514745535878493
-0.26670000000000005,-0.006278488748801033
-0.26569999999999994,-0.0061950207821089955
-0.26470000000000005,-0.006221900296806431
-0.26369999999999993,-0.006026670137425056
-0.26270000000000004,-0.006124285217115744
-0.26169999999999993,-0.0056079155926650045
-0.26070000000000004,-0.005455126772279582
-0.25969999999999993,-0.005357511692588894
-0.25870000000000004,-0.005650356931660956
-0.25769999999999993,-0.004938757147828843
-0.25670000000000004,-0.005426832546282281
-0.2556999999999999,-0.00485387446983694
-0.25470000000000004,-0.00500807800152223
-0.2536999999999999,-0.004784553616143553
-0.25270000000000004,-0.004715232762450167
-0.2516999999999999,-0.004742112277147602
-0.25070000000000003,-0.004520002603068793
-0.24969999999999992,-0.004408240410379454
-0.24870000000000003,-0.0045893234567621795
-0.24769999999999992,-0.004394093297380804
-0.24670000000000003,-0.004408240410379454
-0.24569999999999992,-0.004016365380316839
-0.24470000000000003,-0.0037376672542434267
-0.24369999999999992,-0.004254036878694165
-0.24270000000000003,-0.0035848784338580026
-0.24169999999999991,-0.003904603187627501
-0.24070000000000003,-0.0036259050615540887
-0.2396999999999999,-0.003611757948555439
-0.23870000000000002,-0.0030953883241047002
-0.2376999999999999,-0.0035976108355567885
-0.23670000000000002,-0.0032071505167940383
-0.23570000000000013,-0.0032212976297926886
-0.23470000000000002,-0.0030685088094072645
-0.23370000000000013,-0.002859131537027239
-0.23270000000000002,-0.0029567466167179264
-0.23170000000000013,-0.002802543085032638
-0.23070000000000002,-0.002467256506964624
-0.22970000000000013,-0.0027473693443379014
-0.22870000000000001,-0.0026073129256512628
-0.22770000000000012,-0.0022437321215859484
-0.2267,-0.002550724473656661
-0.22570000000000012,-0.002076796188201874
-0.2247,-0.0020074753345084868
-0.22370000000000012,-0.001979181108511186
-0.2227,-0.002076796188201874
-0.22170000000000012,-0.0015745736767497859
-0.2207,-0.0017556567231325107
-0.21970000000000012,-0.0014203701450644969
-0.2187,-0.0018122451751271117
-0.21770000000000012,-0.0014769585970590981
-0.2167,-0.0015604265637511356
-0.2157000000000001,-0.0011556776608597486
-0.2147,-0.0011835474734670896
-0.2137000000000001,-0.0008765551213963767
-0.2127,-0.0011278078482524073
-0.2117000000000001,-0.0008068098543130305
-0.2107,-0.0006950476616236925
-0.2097000000000001,-0.0007369231160996976
-0.2087,-0.0006671778490163513
-0.2077000000000001,-0.0004578005766363259
-0.2067,-0.0007369231160996976
-0.2057000000000001,-0.0003321742132083106
-0.2047,-0.0003181685713396468
-0.2037000000000001,-0.00038805530955297955
-0.2027,-0.000192683679041618
-0.2017000000000001,0.0001841954112424278
-0.2007,-2.512527268560305e-05
-0.1997000000000001,-8.09497805782774e-05
-0.1987,0.0002122066949797555
-0.1977000000000001,0.0004633179507057995
-0.19669999999999999,0.000365702871015112
-0.1957000000000001,0.00032382741653910686
-0.19469999999999998,0.0005470688596578097
-0.1937000000000001,0.0005051934051818046
-0.19269999999999998,0.0005191990470504685
-0.1917000000000001,0.00043544813809845835
-0.1907000000000001,0.0008123272283825042
-0.1897000000000002,0.0007425819612991578
-0.1887000000000001,0.0010495743133698708
-0.1877000000000002,0.0008960781373345141
-0.1867000000000001,0.0012310817731425547
-0.1857000000000002,0.0010495743133698708
-0.1847000000000001,0.0010217045007625295
-0.1837000000000002,0.001217076131273891
-0.18270000000000008,0.0014967645552572087
-0.1817000000000002,0.0013567081365705703
-0.18070000000000008,0.0017471684553333202
-0.1797000000000002,0.001509496956955994
-0.17870000000000008,0.0015943796349478963
-0.1777000000000002,0.0014684703292599081
-0.17670000000000008,0.001691994714638584
-0.1757000000000002,0.0014543232162612578
-0.17470000000000008,0.001691994714638584
-0.1737000000000002,0.001691994714638584
-0.17270000000000008,0.002222511452087973
-0.17170000000000019,0.002013134179707947
-0.17070000000000007,0.002013134179707947
-0.16970000000000018,0.002096602146399984
-0.16870000000000007,0.0022366585650866228
-0.16770000000000018,0.002389447385472047
-0.16670000000000007,0.0025295038041586856
-0.16570000000000018,0.002375300272473396
-0.16470000000000007,0.00232012653177866
-0.16370000000000018,0.002655413109846674
-0.16270000000000007,0.002655413109846674
-0.16170000000000018,0.0024587682391654336
-0.16070000000000007,0.0028364961562293983
-0.15970000000000018,0.0026964397375427596
-0.15870000000000006,0.0029199641229214358
-0.15770000000000017,0.003045873428609424
-0.15670000000000006,0.0032552507009894495
-0.15570000000000017,0.0031293413953014607
-0.15470000000000006,0.0027530281895373613
-0.15370000000000017,0.0031986622489948474
-0.15270000000000006,0.0030175792026121235
-0.15170000000000017,0.003533948827062861
-0.15070000000000006,0.0032411035879907992
-0.14970000000000017,0.003436333747372174
-0.14870000000000005,0.0034221866343735236
-0.14770000000000016,0.0034504808603708246
-0.14670000000000005,0.00365985813275085
-0.14570000000000016,0.003785767438438838
-0.14470000000000005,0.0036032696807562488
-0.14370000000000016,0.003924409145825611
-0.14270000000000005,0.0037574732124415373
-0.14170000000000016,0.003840941179133575
-0.14070000000000005,0.0037999145514374883
-0.13970000000000016,0.003910262032826962
-0.13870000000000005,0.004119639305206987
-0.13770000000000016,0.004133786418205637
-0.13670000000000004,0.004092759790509551
-0.13570000000000015,0.00420452198319889
-0.13470000000000004,0.004245548610894975
-0.13370000000000015,0.004454925883275
-0.13270000000000004,0.0046232765279589395
-0.13170000000000015,0.004399752142580264
-0.13070000000000004,0.004538393849967038
-0.12970000000000015,0.004511514335269602
-0.12870000000000004,0.004761918235345714
-0.12770000000000015,0.004776065348344364
-0.12670000000000003,0.004790212461343014
-0.12570000000000014,0.004818506687340315
-0.12470000000000003,0.004887827541033701
-0.12370000000000014,0.005068910587416427
-0.12270000000000003,0.00501373684672169
-0.12170000000000014,0.00501373684672169
-0.12070000000000003,0.005068910587416427
-0.11970000000000014,0.004887827541033701
-0.11870000000000003,0.005097204813413728
-0.11770000000000014,0.00541834427848309
-0.11670000000000003,0.005320729198792402
-0.11570000000000014,0.005501812245175128
-0.11470000000000002,0.00537590293948714
-0.11370000000000013,0.005487665132176478
-0.11270000000000002,0.005711189517555153
-0.11170000000000013,0.005697042404556503
-0.11070000000000024,0.005530106471172428
-0.10970000000000013,0.005851245936241792
-0.10870000000000024,0.0056560157768604175
-0.10770000000000013,0.005851245936241792
-0.10670000000000024,0.005920566789935178
-0.10570000000000013,0.006060623208621817
-0.10470000000000024,0.006004034756627216
-0.10370000000000013,0.006339321334695229
-0.10270000000000024,0.006213412029007242
-0.10170000000000012,0.0061440911753138545
-0.10070000000000023,0.006227559142005892
-0.09970000000000012,0.0063110271086979286
-0.09870000000000023,0.006479377753381868
-0.09770000000000012,0.0063110271086979286
-0.09670000000000023,0.006493524866380518
-0.09570000000000012,0.006548698607075255
-0.09470000000000023,0.006465230640383217
-0.09370000000000012,0.006800517218451231
-0.09270000000000023,0.006660460799764593
-0.09170000000000011,0.006605287059069856
-0.09070000000000022,0.006591139946071206
-0.08970000000000011,0.006632166573767292
-0.08870000000000022,0.006898132298141919
-0.08770000000000011,0.00713438908521938
-0.08670000000000022,0.006981600264833956
-0.08570000000000011,0.007246151277908719
-0.08470000000000022,0.007121656683520595
-0.08370000000000011,0.007233418876209932
-0.08270000000000022,0.007357913470598055
-0.0817000000000001,0.007036774005528692
-0.08070000000000022,0.00766490582266877
-0.0797000000000001,0.007093362457523294
-0.07870000000000021,0.0073168868429019695
-0.0777000000000001,0.007609732081974032
-0.07670000000000021,0.007623879194972683
-0.0757000000000001,0.007469675663287393
-0.07470000000000021,0.0075955849689753815
-0.0737000000000001,0.007735641387662021
-0.07270000000000021,0.00786155069335001
-0.0717000000000001,0.007874283095048795
-0.07070000000000021,0.00798604528773813
-0.0697000000000001,0.007888430208047444
-0.0687000000000002,0.008014339513735431
-0.0677000000000001,0.008195422560118158
-0.0667000000000002,0.007945018660042047
-0.06570000000000009,0.00806951325443017
-0.0647000000000002,0.008083660367428821
-0.06370000000000009,0.008349626091803447
-0.0627000000000002,0.008154395932422072
-0.06170000000000009,0.00860002999187956
-0.0607000000000002,0.008628324217876859
-0.059700000000000086,0.00853070913818617
-0.058700000000000196,0.008740086410566197
-0.057700000000000085,0.00864247133087551
-0.056700000000000195,0.008697645071570247
-0.05570000000000008,0.00908952010163286
-0.05470000000000019,0.008823554377258232
-0.05370000000000008,0.00921542940732085
-0.05270000000000019,0.008907022343950272
-0.05170000000000008,0.008837701490256884
-0.05070000000000019,0.00908952010163286
-0.04970000000000008,0.009116399616330297
-0.04870000000000019,0.009270603148015586
-0.047700000000000076,0.009325776888710322
-0.046700000000000186,0.009006052134940823
-0.045700000000000074,0.009479980420395611
-0.044700000000000184,0.009339924001708973
-0.04370000000000007,0.00943753908139966
-0.04270000000000018,0.009423391968401008
-0.04170000000000007,0.009382365340704923
-0.04070000000000018,0.009731799031771586
-0.03970000000000007,0.009354071114707622
-0.03870000000000018,0.00959174261308495
-0.03770000000000007,0.009786972772466325
-0.03670000000000018,0.009786972772466325
-0.035700000000000065,0.009632769240781035
-0.034700000000000175,0.00987044073915836
-0.03370000000000006,0.009689357692775636
-0.03270000000000017,0.00999635004484635
-0.03170000000000006,0.009758678546469023
-0.03070000000000017,0.010010497157845
-0.02970000000000006,0.009856293626159711
-0.02870000000000017,0.009982202931847697
-0.027700000000000058,0.010065670898539736
-0.026700000000000168,0.010163285978230423
-0.025700000000000056,0.010191580204227724
-0.024700000000000166,0.009898734965155663
-0.023700000000000054,0.010345783735913012
-0.022700000000000164,0.0103868103636091
-0.021700000000000053,0.010317489509915713
-0.020700000000000163,0.010275048170919761
-0.01970000000000005,0.010541013895294387
-0.01870000000000016,0.010219874430225024
-0.01770000000000005,0.010638628974985076
-0.01670000000000016,0.010498572556298437
-0.015700000000000047,0.010470278330301137
-0.014700000000000157,0.0103868103636091
-0.013700000000000045,0.010610334748987775
-0.012700000000000156,0.010484425443299786
-0.011700000000000044,0.01080556490836915
-0.010700000000000154,0.01080556490836915
-0.009700000000000042,0.010666923200982377
-0.008700000000000152,0.01086215336036375
-0.00770000000000004,0.011000795067750525
-0.00670000000000015,0.010876300473362402
-0.005700000000000038,0.010848006247365101
-0.0047000000000001485,0.011000795067750525
-0.0037000000000000366,0.011085677745742428
-0.0027000000000001467,0.011014942180749176
-0.0017000000000000348,0.010707949828678464
-0.000700000000000145,0.01094562132705579
0.00029999999999996696,0.01080556490836915
0.0012999999999998568,0.011196025227131898
0.0022999999999999687,0.011295055018122453
0.0032999999999998586,0.011378522984814489
0.0042999999999999705,0.011210172340130551
0.00529999999999986,0.011587900257194516
0.006299999999999972,0.011321934532819888
0.007299999999999862,0.011307787419821238
0.008299999999999974,0.011295055018122453
0.009299999999999864,0.011517164692201263
0.010299999999999976,0.011112557260439863
0.011299999999999866,0.011573753144195864
0.012299999999999978,0.011531311805199914
0.013299999999999867,0.008209569673116807
0.012299999999999978,0.005920566789935178
0.011299999999999866,0.004538393849967038
0.010299999999999976,0.0038975296311281765
0.009299999999999864,0.0034080395213748733
0.008299999999999974,0.0027657605912361468
0.007299999999999862,0.002096602146399984
0.006299999999999972,0.001509496956955994
0.00529999999999986,0.001342702494701906
0.0042999999999999705,0.0010076988588938655
0.0032999999999998586,0.0005332046889191324
0.0022999999999999687,0.00032382741653910686
0.0012999999999998568,-0.00027629311686364164
0.00029999999999996696,-0.00047180621850498967
-0.000700000000000145,-0.0007787985705757027
-0.0017000000000000348,-0.000988175842955728
-0.0027000000000001467,-0.0012254229279430946
-0.0037000000000000366,-0.0016438945304431726
-0.0047000000000001485,-0.001950886882513886
-0.005700000000000038,-0.002034354849205923
-0.00670000000000015,-0.002216852606888512
-0.00770000000000004,-0.002383788540272587
-0.008700000000000152,-0.00270492800534195
-0.009700000000000042,-0.0027473693443379014
-0.010700000000000154,-0.003123682550102001
-0.011700000000000044,-0.0032212976297926886
-0.012700000000000156,-0.003542437094862052
-0.013700000000000045,-0.003709373028246126
-0.014700000000000157,-0.003961191639622103
-0.015700000000000047,-0.0039894858656194035
-0.01670000000000016,-0.00407295383231144
-0.01770000000000005,-0.004128127573006177
-0.01870000000000016,-0.004239889765695516
-0.01970000000000005,-0.0043799461843821545
-0.020700000000000163,-0.004575176343763528
-0.021700000000000053,-0.004841142068138155
-0.022700000000000164,-0.004784553616143553
-0.023700000000000054,-0.0053985383202849796
-0.024700000000000166,-0.005148134420208869
-0.025700000000000056,-0.005412685433283631
-0.026700000000000168,-0.005593768479666355
-0.027700000000000058,-0.0056079155926650045
-0.02870000000000017,-0.005929055057734368
-0.02970000000000006,-0.006110138104117094
-0.03070000000000017,-0.006095990991118443
-0.03170000000000006,-0.0061950207821089955
-0.03270000000000017,-0.006180873669110345
-0.03370000000000006,-0.0066406548415664825
-0.034700000000000175,-0.006557186874874445
-0.035700000000000065,-0.006683096180562433
-0.03670000000000018,-0.006780711260253121
-0.03770000000000007,-0.007087703612323834
-0.03870000000000018,-0.007087703612323834
-0.03970000000000007,-0.007045262273327883
-0.04070000000000018,-0.007130144951319785
-0.04170000000000007,-0.007254639545707908
-0.04270000000000018,-0.0075616318977786215
-0.04370000000000007,-0.0076465145757705225
-0.044700000000000184,-0.007589926123775921
-0.045700000000000074,-0.007994533555537323
-0.046700000000000186,-0.007966239329540022
-0.047700000000000076,-0.008036974894533274
-0.04870000000000019,-0.008008680668535972
-0.04970000000000008,-0.00814873708722261
-0.05070000000000019,-0.008581638744981314
-0.05170000000000008,-0.008455729439293324
-0.05270000000000019,-0.008496756066989412
-0.05370000000000008,-0.008539197405985362
-0.05470000000000019,-0.008888631097052025
-0.05570000000000008,-0.008929657724748111
-0.056700000000000195,-0.008929657724748111
-0.057700000000000085,-0.008902778210050675
-0.058700000000000196,-0.009293238528813426
-0.059700000000000086,-0.009236650076818825
-0.0607000000000002,-0.009222502963820173
-0.06170000000000009,-0.009683698847576177
-0.0627000000000002,-0.009641257508580225
-0.06370000000000009,-0.009711993073573478
-0.0647000000000002,-0.009837902379261465
-0.06570000000000009,-0.009543642428889536
-0.0667000000000002,-0.0098647818939589
-0.0677000000000001,-0.009738872588270914
-0.0687000000000002,-0.010144894731332177
-0.0697000000000001,-0.010060012053340275
-0.07070000000000021,-0.010283536438718951
-0.0717000000000001,-0.010521207937096278
-0.07270000000000021,-0.01042359285740559
-0.0737000000000001,-0.01042359285740559
-0.07470000000000021,-0.010661264355782915
-0.0757000000000001,-0.010842347402165642
-0.07670000000000021,-0.011023430448548366
-0.0777000000000001,-0.010925815368857679
-0.07870000000000021,-0.010911668255859028
-0.0797000000000001,-0.010939962481856328
-0.08070000000000022,-0.011191781093232307
-0.0817000000000001,-0.011316275687620427
-0.08270000000000022,-0.011218660607929741
-0.08370000000000011,-0.01133042280061908
-0.08470000000000022,-0.01120451349493109
-0.08570000000000011,-0.011568094298996405
-0.08670000000000022,-0.011596388524993706
-0.08770000000000011,-0.011875086651067117
-0.08870000000000022,-0.011972701730757805
-0.08970000000000011,-0.011791618684375081
-0.09070000000000022,-0.012015143069753757
-0.09170000000000011,-0.012167931890139181
-0.09270000000000023,-0.012084463923447144
-0.09370000000000012,-0.012363162049520557
-0.09470000000000023,-0.01233628253482312
-0.09570000000000012,-0.012600833547897882
-0.09670000000000023,-0.01275503707958317
-0.09770000000000012,-0.012810210820277905
-0.09870000000000023,-0.012600833547897882
-0.09970000000000012,-0.012879531673971295
-0.10070000000000023,-0.012810210820277905
-0.10170000000000012,-0.012921973012967245
-0.10270000000000024,-0.012991293866660631
-0.10370000000000013,-0.01308890894635132
-0.10470000000000024,-0.013298286218731345
-0.10570000000000013,-0.013159644511344572
-0.10670000000000024,-0.013466636863415286
-0.10770000000000013,-0.013284139105732696
-0.10870000000000024,-0.013745334989488696
-0.10970000000000013,-0.01350766349111137
-0.11070000000000024,-0.013591131457803407
-0.11170000000000013,-0.013773629215486
-0.11270000000000002,-0.014135795308251445
-0.11370000000000013,-0.01403818022856076
-0.11470000000000002,-0.01410891579355401
-0.11570000000000014,-0.014121648195252797
-0.11670000000000003,-0.014557379275611227
-0.11770000000000014,-0.01406647445455806
-0.11870000000000003,-0.014359319693630123
-0.11970000000000014,-0.014486643710617976
-0.12070000000000003,-0.014472496597619325
-0.12170000000000014,-0.01465640906660178
-0.12270000000000003,-0.014514937936615275
-0.12370000000000014,-0.014769585970590984
-0.12470000000000003,-0.014882762874580187
-0.12570000000000014,-0.014769585970590984
-0.12670000000000003,-0.015179852247551842
-0.12770000000000015,-0.015024234004566688
-0.12870000000000004,-0.015278882038542396
-0.12970000000000015,-0.015165705134553195
-0.13070000000000004,-0.015236440699546445
-0.13170000000000015,-0.015420353168528897
-0.13270000000000004,-0.015321323377538347
-0.13370000000000015,-0.015717442541500558
-0.13470000000000004,-0.015236440699546445
-0.13570000000000015,-0.015774030993495156
-0.13670000000000004,-0.015561824298515404
-0.13770000000000016,-0.015873060784485714
-0.13870000000000005,-0.015901355010483013
-0.13970000000000016,-0.01611356170546277
-0.14070000000000005,-0.015745736767497857
-0.14170000000000016,-0.01648138664342768
-0.14270000000000005,-0.016212591496453318
-0.14370000000000016,-0.01611356170546277
-0.14470000000000005,-0.016170150157457368
-0.14570000000000016,-0.016552122208420932
-0.14670000000000005,-0.016283327061446574
-0.14770000000000016,-0.016721887564404736
-0.14870000000000005,-0.01650968086942498
-0.14970000000000017,-0.016806770242396636
-0.15070000000000006,-0.01673603467740338
-0.15170000000000017,-0.01697653559838044
-0.15270000000000006,-0.017118006728366945
-0.15370000000000017,-0.017047271163373692
-0.15470000000000006,-0.017004829824377742
-0.15570000000000017,-0.017089712502369642
-0.15670000000000006,-0.0175282730053278
-0.15770000000000017,-0.01731606631034805
-0.15870000000000006,-0.017443390327335904
-0.15970000000000018,-0.017429243214337253
-0.16070000000000007,-0.017613155683319705
-0.16170000000000018,-0.017584861457322406
-0.16270000000000007,-0.01785365660429676
-0.16370000000000018,-0.0172453307453548
-0.16470000000000007,-0.017980980621284618
-0.16570000000000018,-0.01774047970030756
-0.16670000000000007,-0.017881950830294063
-0.16770000000000018,-0.018094157525273817
-0.16870000000000007,-0.018306364220253574
-0.16970000000000018,-0.018433688237241428
-0.17070000000000007,-0.018461982463238727
-0.17170000000000019,-0.01850442380223468
-0.17270000000000008,-0.018447835350240076
-0.1737000000000002,-0.01858930648022658
-0.17470000000000008,-0.018575159367227933
-0.1757000000000002,-0.018617600706223883
-0.17670000000000008,-0.01882980740120364
-0.1777000000000002,-0.019013719870186095
-0.17870000000000008,-0.01891469007919554
-0.1797000000000002,-0.018985425644188793
-0.18070000000000008,-0.019056161209182042
-0.1817000000000002,-0.019141043887173945
-0.18270000000000008,-0.01922592656516585
-0.1837000000000002,-0.019367397695152354
-0.1847000000000001,-0.019027866983184743
-0.1857000000000002,-0.019438133260145606
-0.1867000000000001,-0.01963619284212671
-0.1877000000000002,-0.019919135102099715
-0.1887000000000001,-0.01969278129412131
-0.1897000000000002,-0.019848399537106463
-0.1907000000000001,-0.02004645911908757
-0.1917000000000001,-0.020018164893090266
-0.19269999999999998,-0.019848399537106463
-0.1937000000000001,-0.020187930249074077
-0.19469999999999998,-0.019947429328097017
-0.1957000000000001,-0.020400136944053827
-0.19669999999999999,-0.020286960040064625
-0.1977000000000001,-0.02011719468408082
-0.1987,-0.020626490752032236
-0.1997000000000001,-0.020442578283049778
-0.2007,-0.020371842718056525
-0.2017000000000001,-0.020810403221014687
-0.2027,-0.020626490752032236
-0.2037000000000001,-0.020966021463999843
-0.2047,-0.021022609915994445
-0.2057000000000001,-0.021065051254990398
-0.2067,-0.021050904141991744
-0.2077000000000001,-0.020838697447011986
-0.2087,-0.0211782281589796
-0.2097000000000001,-0.0212348166109742
-0.2107,-0.02124896372397285
-0.2117000000000001,-0.02122066949797555
-0.2127,-0.021475317531951258
-0.2137000000000001,-0.02150361175794856
-0.2147,-0.021715818452928314
-0.2157000000000001,-0.02198461359990267
-0.2167,-0.02218267318188378
-0.21770000000000012,-0.022168526068885124
-0.2187,-0.022239261633878377
-0.21970000000000012,-0.02189973092191077
-0.2207,-0.022508056780852735
-0.22170000000000012,-0.022366585650866227
-0.2227,-0.02239487987686353
-0.22370000000000012,-0.02280514615382439
-0.2247,-0.022932470170812246
-0.22570000000000012,-0.02276270481482844
-0.2267,-0.022974911509808196
-0.22770000000000012,-0.022918323057813595
-0.22870000000000001,-0.023328589334774455
-0.22970000000000013,-0.022932470170812246
-0.23070000000000002,-0.02324370665678255
-0.23170000000000013,-0.023215412430785252
-0.23270000000000002,-0.023031499961802798
-0.23370000000000013,-0.02355494314275286
-0.23470000000000002,-0.023484207577759608
-0.23570000000000013,-0.02347006046476096
-0.23670000000000002,-0.023441766238763657
-0.2376999999999999,-0.02378129695073127
-0.23870000000000002,-0.02388032674172182
-0.2396999999999999,-0.02400765075870967
-0.24070000000000003,-0.023498354690758262
-0.24169999999999991,-0.02438962280967323
-0.24270000000000003,-0.024120827662698876
-0.24369999999999992,-0.02424815167968673
-0.24470000000000003,-0.02420571034069078
-0.24569999999999992,-0.02475744774763814
-0.24670000000000003,-0.024432064148669184
-0.24769999999999992,-0.024545241052658383
-0.24870000000000003,-0.024559388165657038
-0.24969999999999992,-0.024771594860636792
-0.25070000000000003,-0.0250545371206098
-0.2516999999999999,-0.024898918877624646
-0.25270000000000004,-0.025181861137597652
-0.2536999999999999,-0.02543650917157336
-0.25470000000000004,-0.02537992071957876
-0.2556999999999999,-0.025634568753554465
-0.25670000000000004,-0.025577980301559864
-0.25769999999999993,-0.02553553896256391
-0.25870000000000004,-0.02591751101352747
-0.25969999999999993,-0.025691157205549067
-0.26070000000000004,-0.026101423482509926
-0.26169999999999993,-0.02590336390052882
-0.26270000000000004,-0.026172159047503182
-0.26369999999999993,-0.02652583687246944
-0.26470000000000005,-0.02649754264647214
-0.26569999999999994,-0.026539983985468085
-0.26670000000000005,-0.026978544488426247
-0.26769999999999994,-0.026667308002455942
-0.26870000000000005,-0.0270775742794168
-0.26969999999999994,-0.026808779132442447
-0.27070000000000005,-0.027374663652388463
-0.27169999999999994,-0.02738881076538711
-0.27270000000000005,-0.02738881076538711
-0.27369999999999994,-0.027445399217381712
-0.27470000000000006,-0.02775663570335202
-0.27569999999999995,-0.027586870347368214
-0.27670000000000006,-0.027898106833338522
-0.27769999999999995,-0.027898106833338522
-0.27870000000000006,-0.027912253946337173
-0.27969999999999995,-0.028308373110299385
-0.28070000000000006,-0.02815275486731423
-0.28169999999999995,-0.028421550014288588
-0.28270000000000006,-0.028647903822266993
-0.28369999999999995,-0.0289025518562427
-0.28470000000000006,-0.028732786500258897
-0.28569999999999995,-0.028916698969241348
-0.28670000000000007,-0.029086464325225152
-0.28769999999999996,-0.029383553698196813
-0.28870000000000007,-0.029298671020204912
-0.28969999999999996,-0.02970893729716577
-0.29070000000000007,-0.029921143992145526
-0.29169999999999996,-0.030175792026121234
-0.29270000000000007,-0.03014749780012393
-0.29369999999999996,-0.030487028512091542
-0.2947000000000001,-0.030260674704113137
-0.29569999999999996,-0.0309255890150497
-0.2967000000000001,-0.030416292947098293
-0.29769999999999996,-0.030713382320069947
-0.2987000000000001,-0.030614352529079396
-0.29969999999999997,-0.031010471693041605
-0.3007000000000001,-0.031067060145036202
-0.30169999999999997,-0.03127926684001596
-0.3027000000000001,-0.031533914873991674
-0.30369999999999997,-0.03168953311697682
-0.3047000000000001,-0.03195832826395118
-0.30569999999999997,-0.031731974455972776
-0.3067000000000001,-0.03194418115095252
-0.3077,-0.03231200608891744
-0.3087000000000001,-0.032467624331902596
-0.3097,-0.03236859454091204
-0.3107000000000001,-0.033005214625851306
-0.3117,-0.0328637434958648
-0.3127000000000001,-0.03316083286883646
-0.3137,-0.033797452953775724
-0.3147000000000001,-0.03338718667681487
-0.3157,-0.03350036358080407
-0.3167000000000001,-0.03413698366574334
-0.3177,-0.034009659648755484
-0.3187000000000001,-0.03416527789174064
-0.3197,-0.034335043247724434
-0.3207000000000001,-0.0346604268466934
-0.3217,-0.03451895571670689
-0.3227000000000001,-0.03507069312365426
-0.3237,-0.03521216425364076
-0.3247000000000001,-0.035466812287616466
-0.3257,-0.03562243053060162
-0.3267000000000001,-0.03606099103355979
-0.3277,-0.03584878433858003
-0.3287000000000001,-0.036216609276544943
-0.3297,-0.03625905061554088
-0.3307000000000001,-0.036499551536517946
-0.3317,-0.0368249351354869
-0.3327000000000001,-0.036768346683492305
-0.3337,-0.03734837831643697
-0.3347000000000001,-0.037235201412447766
-0.3357,-0.03773035036740053
-0.3367000000000001,-0.037801085932393785
-0.3377,-0.038239646435351944
-0.3387000000000001,-0.03814061664436139
-0.3397,-0.038763089616302
-0.3407000000000001,-0.03872064827730605
-0.3417,-0.03925823857125477
-0.3427000000000001,-0.03894700208528446
-0.3437,-0.03938556258824262
-0.3447000000000001,-0.039795828865203484
-0.3457,-0.03992315288219133
-0.3467000000000001,-0.0403051249331549
-0.3477,-0.04051733162813465
-0.3487000000000001,-0.04065880275812116
-0.3497,-0.04077197966211036
-0.3507000000000001,-0.04130956995605907
-0.3517,-0.041649100668026684
-0.3527000000000001,-0.04193204292799969
-0.3537,-0.042002778492992936
-0.3547000000000001,-0.04261110435193491
-0.3557,-0.04225742652696864
-0.35670000000000013,-0.04303551774189441
-0.3577,-0.04327601866287147
-0.35870000000000013,-0.04358725514884178
-0.3597,-0.043870197408814794
-0.36070000000000013,-0.044266316572777
-0.3617,-0.04425216945977835
-0.3626999999999999,-0.04476146552772976
-0.3637,-0.045242467369683875
-0.3646999999999999,-0.04508684912669872
-0.3657,-0.04573761632463663
-0.3666999999999999,-0.04610544126260154
-0.3677,-0.046077147036604246
-0.3686999999999999,-0.0464591190875678
-0.36970000000000003,-0.04708159205950842
-0.3706999999999999,-0.04760503524045848
-0.37170000000000003,-0.048185066873403154
-0.3726999999999999,-0.0485104504723721
-0.37370000000000003,-0.049175364783308674
-0.3746999999999999,-0.048892422523335664
-0.37570000000000003,-0.04923195323530328
-0.3766999999999999,-0.049458307043281684
-0.37770000000000004,-0.04968466085126009
-0.3786999999999999,-0.05026469248420476
-0.37970000000000004,-0.05061837030917101
-0.3806999999999999,-0.05094375390813997
-0.38170000000000004,-0.05109937215112512
-0.38269999999999993,-0.051707698010067096
-0.38370000000000004,-0.052415053659999614
-0.38469999999999993,-0.05282531993696047
-0.38570000000000004,-0.05285361416295777
-0.38669999999999993,-0.04558199808165148
-0.38570000000000004,-0.04091345079209686
-0.38469999999999993,-0.03872064827730605
-0.38370000000000004,-0.037305936977441015
-0.38269999999999993,-0.0365136986495166
-0.38170000000000004,-0.03586293145157868
-0.3806999999999999,-0.03429260190872849
-0.37970000000000004,-0.03323156843382971
-0.3786999999999999,-0.033104244416841865
-0.37770000000000004,-0.031887592698957926
-0.3766999999999999,-0.031420737970002464
-0.37570000000000003,-0.030982177467044306
-0.3746999999999999,-0.030246527591114486
-0.37370000000000003,-0.029425995037192763
-0.3726999999999999,-0.029341112359200863
-0.37170000000000003,-0.02927037679420761
-0.3706999999999999,-0.028166901980312884
-0.36970000000000003,-0.027784929929349323
-0.3686999999999999,-0.027120015618412752
-0.3677,-0.026539983985468085
-0.3666999999999999,-0.026440954194477534
-0.3657,-0.02591751101352747
-0.3646999999999999,-0.02562042164055581
-0.3637,-0.024630123730650287
-0.3626999999999999,-0.024545241052658383
-0.3617,-0.02385203251572452
-0.36070000000000013,-0.023512501803756906
-0.3597,-0.02313052975279335
-0.35870000000000013,-0.023144676865792004
-0.3577,-0.02245146832885813
-0.35670000000000013,-0.02240902698986218
-0.3557,-0.021602641548939108
-0.3547000000000001,-0.021715818452928314
-0.3537,-0.021093345480987697
-0.3527000000000001,-0.020725520543022787
-0.3517,-0.020626490752032236
-0.3507000000000001,-0.01997572355409432
-0.3497,-0.01950886882513886
-0.3487000000000001,-0.0192683679041618
-0.3477,-0.0192966621301591
-0.3467000000000001,-0.019042014096183394
-0.3457,-0.01858930648022658
-0.3447000000000001,-0.018362952672248176
-0.3437,-0.01785365660429676
-0.3427000000000001,-0.017627302796318356
-0.3417,-0.017174595180361543
-0.3407000000000001,-0.01703312405037504
-0.3397,-0.017118006728366945
-0.3387000000000001,-0.016552122208420932
-0.3377,-0.016792623129397985
-0.3367000000000001,-0.015929649236480315
-0.3357,-0.01573158965449921
-0.3347000000000001,-0.015561824298515404
-0.3337,-0.014981792665570736
-0.3327000000000001,-0.015066675343562642
-0.3317,-0.014826174422585584
-0.3307000000000001,-0.014599820614607179
-0.3297,-0.014585673501608528
-0.3287000000000001,-0.014557379275611227
-0.3277,-0.015151558021554544
-0.3267000000000001,-0.01405232734155941
-0.3257,-0.013354874670725946
-0.3247000000000001,-0.01395471226186872
-0.3237,-0.013759482102487347
-0.3227000000000001,-0.013172376913043356
-0.3217,-0.012936120125965896
-0.3207000000000001,-0.012433897614513807
-0.3197,-0.012126905262443095
-0.3187000000000001,-0.012056169697449843
-0.3177,-0.011818498199072516
-0.3167000000000001,-0.011413890767311117
-0.3157,-0.011289396172922992
-0.3147000000000001,-0.010925815368857679
-0.3137,-0.01098240382085228
-0.3127000000000001,-0.010632970129785617
-0.3117,-0.010688143870480352
-0.3107000000000001,-0.010214215585025565
-0.3097,-0.010228362698024214
-0.3087000000000001,-0.009935517458952152
-0.3077,-0.00985063478096025
-0.3067000000000001,-0.009669551734577526
-0.30569999999999997,-0.009419147834501415
-0.3047000000000001,-0.0094318802362002
-0.30369999999999997,-0.008776868904362687
-0.3027000000000001,-0.009222502963820173
-0.30169999999999997,-0.008581638744981314
-0.3007000000000001,-0.008496756066989412
-0.29969999999999997,-0.008496756066989412
-0.2987000000000001,-0.008384993874300072
-0.29769999999999996,-0.007966239329540022
-0.2967000000000001,-0.008065269120530573
-0.29569999999999996,-0.008065269120530573
-0.2947000000000001,-0.007534752383081185
-0.29369999999999996,-0.007478163931086584
-0.29270000000000007,-0.007142877353018571
-0.29169999999999996,-0.007268786658706558
-0.29070000000000007,-0.007004235645631797
-0.28969999999999996,-0.006975941419634496
-0.28870000000000007,-0.006599628213870396
-0.28769999999999996,-0.007087703612323834
-0.28670000000000007,-0.006305368263498468
-0.28569999999999995,-0.006431277569186457
-0.28470000000000006,-0.006292635861799683
-0.28369999999999995,-0.0061525794431130446
-0.28270000000000006,-0.005845587091042332
-0.28169999999999995,-0.005929055057734368
-0.28070000000000006,-0.005914907944735718
-0.27969999999999995,-0.005622062705663656
-0.27870000000000006,-0.005315070353592943
-0.27769999999999995,-0.0056079155926650045
-0.27670000000000006,-0.005482006286977017
-0.27569999999999995,-0.005258481901598342
-0.27470000000000006,-0.0051198401942115675
-0.27369999999999994,-0.004868021582835592
-0.27270000000000005,-0.00485387446983694
-0.27169999999999994,-0.004603470569760829
-0.27070000000000005,-0.00443511992507689
-0.26969999999999994,-0.00446341415107419
-0.26870000000000005,-0.0043799461843821545
-0.26769999999999994,-0.0041564217990034775
-0.26670000000000005,-0.004268183991692816
-0.26569999999999994,-0.003961191639622103
-0.26470000000000005,-0.003904603187627501
-0.26369999999999993,-0.0038352823339341145
-0.26270000000000004,-0.003780108593239378
-0.26169999999999993,-0.0035282899818634018
-0.26070000000000004,-0.003318912709483376
-0.25969999999999993,-0.0034999957558661007
-0.25870000000000004,-0.003304765596484726
-0.25769999999999993,-0.003388233563176763
-0.25670000000000004,-0.0030119203574126632
-0.2556999999999999,-0.0032495918557899892
-0.25470000000000004,-0.002928452390720626
-0.2536999999999999,-0.00270492800534195
-0.25270000000000004,-0.0024814036199632744
-0.2516999999999999,-0.0025790186996539617
-0.25070000000000003,-0.002537992071957876
-0.24969999999999992,-0.0023003205735805496
-0.24870000000000003,-0.0024955507329619243
-0.24769999999999992,-0.0024814036199632744
-0.24670000000000003,-0.002105090414199175
-0.24569999999999992,-0.002034354849205923
-0.24470000000000003,-0.002216852606888512
-0.24369999999999992,-0.0015887207897484362
-0.24270000000000003,-0.001936739769515235
-0.24169999999999991,-0.0016297474174445223
-0.24070000000000003,-0.001434517258063147
-0.2396999999999999,-0.00135104929137111
-0.23870000000000002,-0.001309173836895105
-0.2376999999999999,-0.0013650549332397737
-0.23670000000000002,-0.0013371851206324325
-0.23570000000000013,-0.000946300388479723
-0.23470000000000002,-0.0012813040242877637
-0.23370000000000013,-0.000988175842955728
-0.23270000000000002,-0.0007369231160996976
-0.23170000000000013,-0.0007928042124443665
-0.23070000000000002,-0.0007509287579683616
-0.22970000000000013,-0.0008206740250517079
-0.22870000000000001,-0.000555557127457
-0.22770000000000012,-0.0006112967526716824
-0.2267,-0.00024842330425630044
-0.22570000000000012,-0.000597432581933005
-0.2247,-0.00020654784978029538
-0.22370000000000012,-0.00015080822456561293
-0.2227,-6.700072716160814e-05
-0.22170000000000012,0.00015632559863508656
-0.2207,2.7912253946337175e-06
-0.21970000000000012,0.00029595760393176567
-0.2187,0.0001423199567664227
-0.21770000000000012,0.0001423199567664227
-0.2167,0.0005889443141338148
-0.2157000000000001,0.0005332046889191324
-0.2147,0.0006308197686098199
-0.2137000000000001,0.0009798290462865243
-0.2127,0.0007844574157751628
-0.2117000000000001,0.0010357101426311933
-0.2107,0.0009379535918105195
-0.2097000000000001,0.0009239479499418554
-0.2087,0.0007983215865138403
-0.2077000000000001,0.0010914497678458758
-0.2067,0.0011892063186665497
-0.2057000000000001,0.0015377911829532948
-0.2047,0.0011054554097145396
-0.2037000000000001,0.001621259149645332
-0.2027,0.0014401761032626073
-0.2017000000000001,0.001314832682094565
-0.2007,0.0013705723073092475
-0.1997000000000001,0.0013845779491779115
-0.1987,0.001621259149645332
-0.1977000000000001,0.0017471684553333202
-0.19669999999999999,0.0017613155683319707
-0.1957000000000001,0.0018306364220253574
-0.19469999999999998,0.002068307920402684
-0.1937000000000001,0.0017896097943292716
-0.19269999999999998,0.002096602146399984
-0.1917000000000001,0.0022083643390893226
-0.1907000000000001,0.0023059794187800095
-0.1897000000000002,0.0020824550334013338
-0.1887000000000001,0.002263538079784059
-0.1877000000000002,0.0023342736447773105
-0.1867000000000001,0.0026822926245441093
-0.1857000000000002,0.0024460358374666486
-0.1847000000000001,0.0024035944984706972
-0.1837000000000002,0.0027940548172334474
-0.18270000000000008,0.0026964397375427596
-0.1817000000000002,0.0028506432692280486
-0.18070000000000008,0.0029199641229214358
-0.1797000000000002,0.0027530281895373613
-0.17870000000000008,0.003045873428609424
-0.1777000000000002,0.00307275294330686
-0.17670000000000008,0.002962405461917387
-0.1757000000000002,0.0031717827342974125
-0.17470000000000008,0.003157635621298762
-0.1737000000000002,0.0034080395213748733
-0.17270000000000008,0.003060020541608074
-0.17170000000000019,0.0032821302156868853
-0.17070000000000007,0.003367012893678787
-0.16970000000000018,0.003310424441684186
-0.16870000000000007,0.003381160006677438
-0.16770000000000018,0.0034504808603708246
-0.16670000000000007,0.0034221866343735236
-0.16570000000000018,0.003700884760446936
-0.16470000000000007,0.0038975296311281765
-0.16370000000000018,0.0037291789864442367
-0.16270000000000007,0.004092759790509551
-0.16170000000000018,0.003924409145825611
-0.16070000000000007,0.0041479335312042875
-0.15970000000000018,0.0039809975978202135
-0.15870000000000006,0.004385605029581614
-0.15770000000000017,0.004009291823817514
-0.15670000000000006,0.004413899255578915
-0.15570000000000017,0.004302137062889576
-0.15470000000000006,0.004302137062889576
-0.15370000000000017,0.004302137062889576
-0.15270000000000006,0.004343163690585663
-0.15170000000000017,0.004664303155655026
-0.15070000000000006,0.0044266316572777
-0.14970000000000017,0.004692597381652327
-0.14870000000000005,0.0046232765279589395
-0.14770000000000016,0.004594982301961639
-0.14670000000000005,0.004720891607649627
-0.14570000000000016,0.004804359574341665
-0.14470000000000005,0.00484538620203775
-0.14370000000000016,0.00504203107271899
-0.14270000000000005,0.004761918235345714
-0.14170000000000016,0.004901974654032352
-0.14070000000000005,0.00504203107271899
-0.13970000000000016,0.004944415993028303
-0.13870000000000005,0.005306582085793753
-0.13770000000000016,0.005306582085793753
-0.13670000000000004,0.00540419716548444
-0.13570000000000015,0.005251408345099016
-0.13470000000000004,0.005641868663861766
-0.13370000000000015,0.005264140746797801
-0.13270000000000004,0.005711189517555153
-0.13170000000000015,0.005515959358173779
-0.13070000000000004,0.005725336630553804
-0.12970000000000015,0.00578051037124854
-0.12870000000000004,0.005711189517555153
-0.12770000000000015,0.005670162889859067
-0.12670000000000003,0.005906419676936528
-0.12570000000000014,0.00580880459724584
-0.12470000000000003,0.0058653930492404424
-0.12370000000000014,0.006101649836317904
-0.12270000000000003,0.006060623208621817
-0.12170000000000014,0.006213412029007242
-0.12070000000000003,0.0060323289826245165
-0.11970000000000014,0.006227559142005892
-0.11870000000000003,0.006284147594000493
-0.11770000000000014,0.006367615560692531
-0.11670000000000003,0.006479377753381868
-0.11570000000000014,0.006284147594000493
-0.11470000000000002,0.006186532514309805
-0.11370000000000013,0.006381762673691181
-0.11270000000000002,0.006576992833072556
-0.11170000000000013,0.00674392876645663
-0.11070000000000024,0.006869838072144617
-0.10970000000000013,0.006632166573767292
-0.10870000000000024,0.006912279411140569
-0.10770000000000013,0.006715634540459329
-0.10670000000000024,0.006898132298141919
-0.10570000000000013,0.006814664331449882
-0.10470000000000024,0.007036774005528692
-0.10370000000000013,0.007093362457523294
-0.10270000000000024,0.0069533060388366555
-0.10170000000000012,0.007079215344524643
-0.10070000000000023,0.00730273972990332
-0.09970000000000012,0.007414501922592657
-0.09870000000000023,0.007050921118527342
-0.09770000000000012,0.007357913470598055
-0.09670000000000023,0.007455528550288743
-0.09570000000000012,0.007567290742978081
-0.09470000000000023,0.00766490582266877
-0.09370000000000012,0.007638026307971333
-0.09270000000000023,0.007553143629979431
-0.09170000000000011,0.0075404112282806465
-0.09070000000000022,0.00766490582266877
-0.08970000000000011,0.0075955849689753815
-0.08870000000000022,0.007804962241355407
-0.08770000000000011,0.0077497885006606705
-0.08670000000000022,0.007874283095048795
-0.08570000000000011,0.008000192400736782
-0.08470000000000022,0.007945018660042047
-0.08370000000000011,0.007959165773040696
-0.08270000000000022,0.007959165773040696
-0.0817000000000001,0.008293037639808844
-0.08070000000000022,0.008181275447119508
-0.0797000000000001,0.008266158125111408
-0.07870000000000021,0.008447241171494134
-0.0777000000000001,0.008278890526810195
-0.07670000000000021,0.008321331865806147
-0.0757000000000001,0.008252011012112759
-0.07470000000000021,0.008433094058495483
-0.0737000000000001,0.00853070913818617
-0.07270000000000021,0.00861417710487821
-0.0717000000000001,0.00851656202518752
-0.07070000000000021,0.008573150477182122
-0.0697000000000001,0.008796674862560798
-0.0687000000000002,0.008656618443874161
-0.0677000000000001,0.008977757908943524
-0.0667000000000002,0.008809407264259583
-0.06570000000000009,0.008740086410566197
-0.0647000000000002,0.00901878453663961
-0.06370000000000009,0.00910366721463151
-0.0627000000000002,0.009047078762636909
-0.06170000000000009,0.009270603148015586
-0.0607000000000002,0.008991905021942173
-0.059700000000000086,0.009465833307396958
-0.058700000000000196,0.009130546729328946
-0.057700000000000085,0.009423391968401008
-0.056700000000000195,0.009270603148015586
-0.05570000000000008,0.009339924001708973
-0.05470000000000019,0.009549301274088998
-0.05370000000000008,0.009479980420395611
-0.05270000000000019,0.009620036839082248
-0.05170000000000008,0.009912882078154312
-0.05070000000000019,0.009801119885464974
-0.04970000000000008,0.009563448387087647
-0.04870000000000019,0.010108112237535688
-0.047700000000000076,0.00984214651316106
-0.046700000000000186,0.010079818011538386
-0.045700000000000074,0.00999635004484635
-0.044700000000000184,0.009941176304151611
-0.04370000000000007,0.010205727317226375
-0.04270000000000018,0.010150553576531638
-0.04170000000000007,0.010108112237535688
-0.04070000000000018,0.010303342396917062
-0.03970000000000007,0.010512719669297088
-0.03870000000000018,0.010108112237535688
-0.03770000000000007,0.01037266325061045
-0.03670000000000018,0.010429251702605051
-0.035700000000000065,0.010652776087983727
-0.034700000000000175,0.0103868103636091
-0.03370000000000006,0.010555161008293039
-0.03270000000000017,0.010693802715679813
-0.03170000000000006,0.010470278330301137
-0.03070000000000017,0.01045754592860235
-0.02970000000000006,0.010722096941677113
-0.02870000000000017,0.010736244054675765
-0.027700000000000058,0.01094562132705579
-0.026700000000000168,0.010848006247365101
-0.025700000000000056,0.010707949828678464
-0.024700000000000166,0.010889032875061187
-0.023700000000000054,0.010889032875061187
-0.022700000000000164,0.01093147421405714
-0.021700000000000053,0.011183292825433113
-0.020700000000000163,0.011014942180749176
-0.01970000000000005,0.01094562132705579
-0.01870000000000016,0.011378522984814489
-0.01770000000000005,0.011196025227131898
-0.01670000000000016,0.011461990951506526
-0.015700000000000047,0.011140851486437163
-0.014700000000000157,0.011085677745742428
-0.013700000000000045,0.01135022875881719
-0.012700000000000156,0.011433696725509227
-0.011700000000000044,0.011126704373438514
-0.010700000000000154,0.011405402499511925
-0.009700000000000042,0.011490285177503827
-0.008700000000000152,0.011490285177503827
-0.00770000000000004,0.011504432290502478
-0.00670000000000015,0.011628926884890601
-0.005700000000000038,0.011797277529574539
-0.0047000000000001485,0.011573753144195864
-0.0037000000000000366,0.012061828542649302
-0.0027000000000001467,0.011573753144195864
-0.0017000000000000348,0.011713809562882503
-0.000700000000000145,0.011726541964581288
0.00029999999999996696,0.01176898330357724
0.0012999999999998568,0.01185245127026928
0.0022999999999999687,0.011838304157270628
0.0032999999999998586,0.011811424642573193
0.0042999999999999705,0.011726541964581288
0.00529999999999986,0.011797277529574539
0.006299999999999972,0.012033534316652
0.007299999999999862,0.012020801914953217
0.008299999999999974,0.011824157044271977
0.009299999999999864,0.01213114939634269
0.010299999999999976,0.011894892609265227
0.011299999999999866,0.012047681429650653
0.012299999999999978,0.012020801914953217
0.013299999999999867,0.009032931649638259
0.012299999999999978,0.0063959097866898304
0.011299999999999866,0.005349023424789703
0.010299999999999976,0.004650156042656376
0.009299999999999864,0.0037291789864442367
0.008299999999999974,0.0034787750863681252
0.007299999999999862,0.0027940548172334474
0.006299999999999972,0.0022493909667854082
0.00529999999999986,0.001984839953710647
0.0042999999999999705,0.0016085267479465466
0.0032999999999998586,0.0014124477617852526
0.0022999999999999687,0.0009658234044178605
0.0012999999999998568,0.0005332046889191324
0.00029999999999996696,0.0004633179507057995
-0.000700000000000145,-5.3037526631940226e-05
-0.0017000000000000348,-0.00030430440060096937
-0.0027000000000001467,-0.00048567038924366703
-0.0037000000000000366,-0.0009184305758723818
-0.0047000000000001485,-0.0009184305758723818
-0.005700000000000038,-0.0011696833027284124
-0.00670000000000015,-0.001309173836895105
-0.00770000000000004,-0.001615600304445872
-0.008700000000000152,-0.0016297474174445223
-0.009700000000000042,-0.0019240073678164498
-0.010700000000000154,-0.0021461170418952606
-0.011700000000000044,-0.0023979356532712374
-0.012700000000000156,-0.0025790186996539617
-0.013700000000000045,-0.0027473693443379014
-0.014700000000000157,-0.0030119203574126632
-0.015700000000000047,-0.003375501161477977
-0.01670000000000016,-0.0028308373110299385
-0.01770000000000005,-0.003375501161477977
-0.01870000000000016,-0.0032906184834860753
-0.01970000000000005,-0.0038352823339341145
-0.020700000000000163,-0.0039894858656194035
-0.021700000000000053,-0.003961191639622103
-0.022700000000000164,-0.0041564217990034775
-0.023700000000000054,-0.004142274686004827
-0.024700000000000166,-0.0043799461843821545
-0.025700000000000056,-0.004561029230764878
-0.026700000000000168,-0.004575176343763528
-0.027700000000000058,-0.004938757147828843
-0.02870000000000017,-0.00502222511452088
-0.02970000000000006,-0.005217455273902255
-0.03070000000000017,-0.00538439120728633
-0.03170000000000006,-0.005315070353592943
-0.03270000000000017,-0.005664504044659607
-0.03370000000000006,-0.005817292865045031
-0.034700000000000175,-0.005300923240594293
-0.035700000000000065,-0.0058866137187384175
-0.03670000000000018,-0.005900760831737068
-0.03770000000000007,-0.006221900296806431
-0.03870000000000018,-0.006250194522803732
-0.03970000000000007,-0.0064737189081824085
-0.04070000000000018,-0.006599628213870396
-0.04170000000000007,-0.006585481100871746
-0.04270000000000018,-0.006668949067563782
-0.04370000000000007,-0.006711390406559735
-0.044700000000000184,-0.006821737887949208
-0.045700000000000074,-0.00692076767893976
-0.046700000000000186,-0.007213612918011821
-0.047700000000000076,-0.0071711715790158705
-0.04870000000000019,-0.007352254625398595
-0.04970000000000008,-0.007352254625398595
-0.05070000000000019,-0.007534752383081185
-0.05170000000000008,-0.007673394090467959
-0.05270000000000019,-0.007939359814842588
-0.05370000000000008,-0.007744129655461212
-0.05470000000000019,-0.007744129655461212
-0.05570000000000008,-0.00814873708722261
-0.056700000000000195,-0.00809214863522801
-0.057700000000000085,-0.008413288100297373
-0.058700000000000196,-0.008301525907608036
-0.059700000000000086,-0.008315673020606686
-0.0607000000000002,-0.008496756066989412
-0.06170000000000009,-0.008720280452368086
-0.0627000000000002,-0.008888631097052025
-0.06370000000000009,-0.008888631097052025
-0.0647000000000002,-0.008776868904362687
-0.06570000000000009,-0.009055567030436099
-0.0667000000000002,-0.009264944302816125
-0.0677000000000001,-0.009236650076818825
-0.0687000000000002,-0.009209770562121388
-0.0697000000000001,-0.009264944302816125
-0.07070000000000021,-0.009529495315890887
-0.0717000000000001,-0.009600230880884138
-0.07270000000000021,-0.009655404621578876
-0.0737000000000001,-0.009586083767885488
-0.07470000000000021,-0.009781313927266864
-0.0757000000000001,-0.009753019701269563
-0.07670000000000021,-0.009907223232954851
-0.0777000000000001,-0.010214215585025565
-0.07870000000000021,-0.010185921359028263
-0.0797000000000001,-0.010269389325720302
-0.08070000000000022,-0.010074159166338926
-0.0817000000000001,-0.01039529863140829
-0.08270000000000022,-0.01040944574440694
-0.08370000000000011,-0.010492913711098976
-0.08470000000000022,-0.010702290983479001
-0.08570000000000011,-0.010758879435473602
-0.08670000000000022,-0.010688143870480352
-0.08770000000000011,-0.010995136222551065
-0.08870000000000022,-0.010911668255859028
-0.08970000000000011,-0.010968256707853629
-0.09070000000000022,-0.011149339754236355
-0.09170000000000011,-0.011246954833927042
-0.09270000000000023,-0.011163486867235005
-0.09370000000000012,-0.011302128574621777
-0.09470000000000023,-0.01140115836561233
-0.09570000000000012,-0.011665709378687092
-0.09670000000000023,-0.011651562265688442
-0.09770000000000012,-0.01162326803969114
-0.09870000000000023,-0.011818498199072516
-0.09970000000000012,-0.011791618684375081
-0.10070000000000023,-0.012139637664141879
-0.10170000000000012,-0.012112758149444444
-0.10270000000000024,-0.012237252743832566
-0.10370000000000013,-0.012279694082828519
-0.10470000000000024,-0.012391456275517855
-0.10570000000000013,-0.012322135421824471
-0.10670000000000024,-0.012474924242209893
-0.10770000000000013,-0.012572539321900581
-0.10870000000000024,-0.012558392208901932
-0.10970000000000013,-0.012545659807203145
-0.11070000000000024,-0.012614980660896532
-0.11170000000000013,-0.012796063707279256
-0.11270000000000002,-0.012824357933276557
-0.11370000000000013,-0.012950267238964546
-0.11470000000000002,-0.012921973012967245
-0.11570000000000014,-0.01310305605934997
-0.11670000000000003,-0.012921973012967245
-0.11770000000000014,-0.013466636863415286
-0.11870000000000003,-0.013480783976413935
-0.11970000000000014,-0.013326580444728646
-0.12070000000000003,-0.013186524026042009
-0.12170000000000014,-0.013535957717108672
-0.12270000000000003,-0.013702893650492745
-0.12370000000000014,-0.013731187876490048
-0.12470000000000003,-0.013814655843182085
-0.12570000000000014,-0.013842950069179384
-0.12670000000000003,-0.013871244295176685
-0.12770000000000015,-0.01427443701563822
-0.12870000000000004,-0.014217848563643616
-0.12970000000000015,-0.014024033115562108
-0.13070000000000004,-0.014331025467632824
-0.13170000000000015,-0.014331025467632824
-0.13270000000000004,-0.014599820614607179
-0.13370000000000015,-0.014331025467632824
-0.13470000000000004,-0.014401761032626074
-0.13570000000000015,-0.014783733083589632
-0.13670000000000004,-0.014316878354634173
-0.13770000000000016,-0.01461396772760583
-0.13870000000000005,-0.014840321535584235
-0.13970000000000016,-0.01501008689156804
-0.14070000000000005,-0.015179852247551842
-0.14170000000000016,-0.015066675343562642
-0.14270000000000005,-0.015278882038542396
-0.14370000000000016,-0.015236440699546445
-0.14470000000000005,-0.015236440699546445
-0.14570000000000016,-0.015533530072518101
-0.14670000000000005,-0.015618412750510005
-0.14770000000000016,-0.015604265637511355
-0.14870000000000005,-0.015448647394526203
-0.14970000000000017,-0.01575988388049651
-0.15070000000000006,-0.015590118524512706
-0.15170000000000017,-0.015873060784485714
-0.15270000000000006,-0.015929649236480315
-0.15370000000000017,-0.015986237688474913
-0.15470000000000006,-0.01614185593146007
-0.15570000000000017,-0.01615600304445872
-0.15670000000000006,-0.016071120366466816
-0.15770000000000017,-0.01615600304445872
-0.15870000000000006,-0.01615600304445872
-0.15970000000000018,-0.016396503965435776
-0.16070000000000007,-0.016396503965435776
-0.16170000000000018,-0.01670774045140608
-0.16270000000000007,-0.01656626932141958
-0.16370000000000018,-0.016637004886412832
-0.16470000000000007,-0.01670774045140608
-0.16570000000000018,-0.016863358694391237
-0.16670000000000007,-0.016962388485381792
-0.16770000000000018,-0.016820917355395284
-0.16870000000000007,-0.01703312405037504
-0.16970000000000018,-0.017103859615368294
-0.17070000000000007,-0.017146300954364244
-0.17170000000000019,-0.01703312405037504
-0.17270000000000008,-0.017372654762342652
-0.1737000000000002,-0.0172453307453548
-0.17470000000000008,-0.01748583166633185
-0.1757000000000002,-0.017613155683319705
-0.17670000000000008,-0.01771218547431026
-0.1777000000000002,-0.01771218547431026
-0.17870000000000008,-0.017797068152302163
-0.1797000000000002,-0.01772633258730891
-0.18070000000000008,-0.017924392169290013
-0.1817000000000002,-0.018108304638272472
-0.18270000000000008,-0.017966833508285963
-0.1837000000000002,-0.01816489309026707
-0.1847000000000001,-0.017966833508285963
-0.1857000000000002,-0.018348805559249524
-0.1867000000000001,-0.018094157525273817
-0.1877000000000002,-0.018108304638272472
-0.1887000000000001,-0.018306364220253574
-0.1897000000000002,-0.018546865141230634
-0.1907000000000001,-0.018702483384215783
-0.1917000000000001,-0.01897127853119014
-0.19269999999999998,-0.01887224874019959
-0.1937000000000001,-0.019169338113171244
-0.19469999999999998,-0.018815660288204986
-0.1957000000000001,-0.019070308322180696
-0.19669999999999999,-0.018886395853198238
-0.1977000000000001,-0.019240073678164497
-0.1987,-0.019098602548177995
-0.1997000000000001,-0.019438133260145606
-0.2007,-0.0193249563561564
-0.2017000000000001,-0.019551310164134805
-0.2027,-0.01959375150313076
-0.2037000000000001,-0.019848399537106463
-0.2047,-0.01967863418112266
-0.2057000000000001,-0.019947429328097017
-0.2067,-0.01963619284212671
-0.2077000000000001,-0.019989870667092968
-0.2087,-0.02006060623208622
-0.2097000000000001,-0.020018164893090266
-0.2107,-0.02003231200608892
-0.2117000000000001,-0.020272812927065977
-0.2127,-0.02015963602307677
-0.2137000000000001,-0.02004645911908757
-0.2147,-0.020584049413036282
-0.2157000000000001,-0.020598196526034934
-0.2167,-0.020640637865030884
-0.21770000000000012,-0.02073966765602144
-0.2187,-0.02088113878600794
-0.21970000000000012,-0.020838697447011986
-0.2207,-0.021065051254990398
-0.22170000000000012,-0.021079198367989046
-0.2227,-0.02124896372397285
-0.22370000000000012,-0.021079198367989046
-0.2247,-0.021390434853959358
-0.22570000000000012,-0.02153190598394586
-0.2267,-0.02167337711393236
-0.22770000000000012,-0.021786554017921567
-0.22870000000000001,-0.021687524226931015
-0.22970000000000013,-0.02157434732294181
-0.23070000000000002,-0.021828995356917517
-0.23170000000000013,-0.02185728958291482
-0.23270000000000002,-0.02197046648690402
-0.23370000000000013,-0.022069496277894573
-0.23470000000000002,-0.022253408746877028
-0.23570000000000013,-0.02264952791083924
-0.23670000000000002,-0.022225114520879725
-0.2376999999999999,-0.02240902698986218
-0.23870000000000002,-0.022536351006850038
-0.2396999999999999,-0.02272026347583249
-0.24070000000000003,-0.022550498119848682
-0.24169999999999991,-0.022989058622806844
-0.24270000000000003,-0.022890028831816296
-0.24369999999999992,-0.0230597941878001
-0.24470000000000003,-0.023031499961802798
-0.24569999999999992,-0.02318711820478795
-0.24670000000000003,-0.023172971091789302
-0.24769999999999992,-0.02356909025575151
-0.24870000000000003,-0.023427619125765006
-0.24969999999999992,-0.02359738448174881
-0.25070000000000003,-0.023371030673770405
-0.2516999999999999,-0.02392276808071777
-0.25270000000000004,-0.023809591176728567
-0.2536999999999999,-0.023625678707746112
-0.25470000000000004,-0.02392276808071777
-0.2556999999999999,-0.023965209419713723
-0.25670000000000004,-0.02423400456668808
-0.25769999999999993,-0.02465841795664759
-0.25870000000000004,-0.02420571034069078
-0.25969999999999993,-0.02420571034069078
-0.26070000000000004,-0.024771594860636792
-0.26169999999999993,-0.02471500640864219
-0.26270000000000004,-0.02482818331263139
-0.26369999999999993,-0.024814036199632745
-0.26470000000000005,-0.025040390007611147
-0.26569999999999994,-0.02512527268560305
-0.26670000000000005,-0.025323332267584157
-0.26769999999999994,-0.02543650917157336
-0.26870000000000005,-0.025493097623567964
-0.26969999999999994,-0.02545065628457201
-0.27070000000000005,-0.02594580523952477
-0.27169999999999994,-0.02576189277054232
-0.27270000000000005,-0.02622874749949778
-0.27369999999999994,-0.025719451431546365
-0.27470000000000006,-0.02614386482150588
-0.27569999999999995,-0.026384365742482933
-0.27670000000000006,-0.026356071516485634
-0.27769999999999995,-0.026412659968480235
-0.27870000000000006,-0.026313630177489684
-0.27969999999999995,-0.026752190680447843
-0.28070000000000006,-0.02665316088945729
-0.28169999999999995,-0.026978544488426247
-0.28270000000000006,-0.027105868505414105
-0.28369999999999995,-0.02731807520039386
-0.28470000000000006,-0.027261486748399254
-0.28569999999999995,-0.02741710499138441
-0.28670000000000007,-0.027601017460366868
-0.28769999999999996,-0.02782737126834527
-0.28870000000000007,-0.02774248859035337
-0.28969999999999996,-0.028039577963325023
-0.29070000000000007,-0.028322520223298033
-0.29169999999999996,-0.028364961562293983
-0.29270000000000007,-0.028633756709268345
-0.29369999999999996,-0.02850643269228049
-0.2947000000000001,-0.028817669178250797
-0.29569999999999996,-0.028690345161262943
-0.2967000000000001,-0.028987434534234607
-0.29769999999999996,-0.02921378834221301
-0.2987000000000001,-0.02939770081119546
-0.29969999999999997,-0.029369406585198165
-0.3007000000000001,-0.029652348845171168
-0.30169999999999997,-0.02939770081119546
-0.3027000000000001,-0.029949438218142825
-0.30369999999999997,-0.029949438218142825
-0.3047000000000001,-0.030133350687125283
-0.30569999999999997,-0.03051532273808884
-0.3067000000000001,-0.03051532273808884
-0.3077,-0.03055776407708479
-0.3087000000000001,-0.03082655922405915
-0.3097,-0.0308690005630551
-0.3107000000000001,-0.031095354371033508
-0.3117,-0.03146317930899842
-0.3127000000000001,-0.03146317930899842
-0.3137,-0.03167538600397817
-0.3147000000000001,-0.03193003403795388
-0.3157,-0.03214224073293363
-0.3167000000000001,-0.03198662248994848
-0.3177,-0.03251006567089854
-0.3187000000000001,-0.03249591855789989
-0.3197,-0.032976920399854
-0.3207000000000001,-0.03287789060886345
-0.3217,-0.033358892450817565
-0.3227000000000001,-0.03318912709483376
-0.3237,-0.033797452953775724
-0.3247000000000001,-0.03376915872777843
-0.3257,-0.03378330584077707
-0.3267000000000001,-0.03399551253575683
-0.3277,-0.034335043247724434
-0.3287000000000001,-0.034179425004739285
-0.3297,-0.03470286818568935
-0.3307000000000001,-0.03495751621966506
-0.3317,-0.0347736037506826
-0.3327000000000001,-0.03545266517461782
-0.3337,-0.03549510651361377
-0.3347000000000001,-0.03580634299958408
-0.3357,-0.036018549694563834
-0.3367000000000001,-0.03624490350254224
-0.3377,-0.036598581327508505
-0.3387000000000001,-0.03664102266650445
-0.3397,-0.03675419957049365
-0.3407000000000001,-0.03763132057640997
-0.3417,-0.03706543605646396
-0.3427000000000001,-0.03773035036740053
-0.3437,-0.03809817530536544
-0.3447000000000001,-0.03829623488734655
-0.3457,-0.0385933242603182
-0.3467000000000001,-0.03873479539030471
-0.3477,-0.03910262032826961
-0.3487000000000001,-0.03935726836224532
-0.3497,-0.039696799074212925
-0.3507000000000001,-0.03988071154319539
-0.3517,-0.04031927204615354
-0.3527000000000001,-0.040361713385149496
-0.3537,-0.04051733162813465
-0.3547000000000001,-0.040927597905095515
-0.3557,-0.04125298150406447
-0.35670000000000013,-0.04149348242504153
-0.3577,-0.041748130459017235
-0.35870000000000013,-0.04186130736300644
-0.3597,-0.04225742652696864
-0.36070000000000013,-0.04251207456094436
-0.3617,-0.042922340837905214
-0.3626999999999999,-0.043403342679859326
-0.3637,-0.04334675422786472
-0.3646999999999999,-0.043771167617824236
-0.3657,-0.04392678586080939
-0.3666999999999999,-0.04398337431280399
-0.3677,-0.04456340594574865
-0.3686999999999999,-0.04461999439774326
-0.36970000000000003,-0.044874642431718965
-0.3706999999999999,-0.04527076159568117
-0.37170000000000003,-0.04572346921163799
-0.3726999999999999,-0.045893234567621795
-0.37370000000000003,-0.046275206618585356
-0.3746999999999999,-0.046515707539562405
-0.37570000000000003,-0.046954268042520564
-0.3766999999999999,-0.04718062185049897
-0.37770000000000004,-0.04743526988447468
-0.3786999999999999,-0.04795871306542474
-0.37970000000000004,-0.0481143313084099
-0.3806999999999999,-0.04846800913337616
-0.38170000000000004,-0.04868021582835592
-0.38269999999999993,-0.04931683591329518
-0.38370000000000004,-0.04969880796425874
-0.38469999999999993,-0.05026469248420476
-0.38570000000000004,-0.050533487631179104
-0.38669999999999993,-0.04330431288886877
-0.38570000000000004,-0.03880553095529796
-0.38469999999999993,-0.0366268755535058
-0.38370000000000004,-0.03539607672262322
-0.38269999999999993,-0.03423601345673389
-0.38170000000000004,-0.03337303956381622
-0.3806999999999999,-0.03238274165391069
-0.37970000000000004,-0.03147732642199706
-0.3786999999999999,-0.030968030354045658
-0.37770000000000004,-0.03018993913911988
-0.3766999999999999,-0.02959576039317657
-0.37570000000000003,-0.02880352206525215
-0.3746999999999999,-0.028308373110299385
-0.37370000000000003,-0.02772834147735472
-0.3726999999999999,-0.027445399217381712
-0.37170000000000003,-0.026808779132442447
-0.3706999999999999,-0.02621460038649913
-0.36970000000000003,-0.02562042164055581
-0.3686999999999999,-0.024898918877624646
-0.3677,-0.0250828313466071
-0.3666999999999999,-0.024375475696674583
-0.3657,-0.024191563227692125
-0.3646999999999999,-0.02352664891675556
-0.3637,-0.02327200088277985
-0.3626999999999999,-0.022847587492820343
-0.3617,-0.022508056780852735
-0.36070000000000013,-0.021701671339929663
-0.3597,-0.021744112678925617
-0.35870000000000013,-0.02122066949797555
-0.3577,-0.02086699167300929
-0.35670000000000013,-0.020470872509047083
-0.3557,-0.020145488910078124
-0.3547000000000001,-0.019763516859114563
-0.3537,-0.019494721712140204
-0.3527000000000001,-0.019056161209182042
-0.3517,-0.01897127853119014
-0.3507000000000001,-0.01858930648022658
-0.3497,-0.018334658446250877
-0.3487000000000001,-0.017782921039303512
-0.3477,-0.01765559702231566
-0.3467000000000001,-0.0173868018753413
-0.3457,-0.017075565389370995
-0.3447000000000001,-0.016764328903400686
-0.3437,-0.016438945304431726
-0.3427000000000001,-0.016354062626439823
-0.3417,-0.015929649236480315
-0.3407000000000001,-0.015519382959519455
-0.3397,-0.015505235846520802
-0.3387000000000001,-0.015024234004566688
-0.3377,-0.014967645552572089
-0.3367000000000001,-0.014458349484620674
-0.3357,-0.014854468648582884
-0.3347000000000001,-0.013983006487866021
-0.3337,-0.014024033115562108
-0.3327000000000001,-0.013828802956180733
-0.3317,-0.013493516378112722
-0.3307000000000001,-0.013200671139040658
-0.3297,-0.013186524026042009
-0.3287000000000001,-0.012614980660896532
-0.3277,-0.01272674285358587
-0.3267000000000001,-0.011986848843756457
-0.3257,-0.012237252743832566
-0.3247000000000001,-0.011860939538068467
-0.3237,-0.011708150717683045
-0.3227000000000001,-0.011651562265688442
-0.3217,-0.011092751302241754
-0.3207000000000001,-0.011065871787544316
-0.3197,-0.010968256707853629
-0.3187000000000001,-0.010814053176168343
-0.3177,-0.01053535505009493
-0.3167000000000001,-0.010354272003712204
-0.3157,-0.010060012053340275
-0.3147000000000001,-0.01004727965164149
-0.3137,-0.009907223232954851
-0.3127000000000001,-0.00950261580119345
-0.3117,-0.009390853608504115
-0.3107000000000001,-0.009264944302816125
-0.3097,-0.00894380483774676
-0.3087000000000001,-0.008888631097052025
-0.3077,-0.008539197405985362
-0.3067000000000001,-0.008636812485676049
-0.30569999999999997,-0.008189763714918696
-0.3047000000000001,-0.008036974894533274
-0.30369999999999997,-0.00826049927991195
-0.3027000000000001,-0.007966239329540022
-0.30169999999999997,-0.007604073236774573
-0.3007000000000001,-0.007729982542462561
-0.29969999999999997,-0.007422990190391848
-0.2987000000000001,-0.007311227997702509
-0.29769999999999996,-0.007073556499325183
-0.2967000000000001,-0.006933500080638544
-0.29569999999999996,-0.00675241703425582
-0.2947000000000001,-0.006557186874874445
-0.29369999999999996,-0.006502013134179708
-0.29270000000000007,-0.006402983343189157
-0.29169999999999996,-0.0061950207821089955
-0.29070000000000007,-0.006124285217115744
-0.28969999999999996,-0.0056772364463583925
-0.28870000000000007,-0.005664504044659607
-0.28769999999999996,-0.005664504044659607
-0.28670000000000007,-0.0056079155926650045
-0.28569999999999995,-0.005189161047904954
-0.28470000000000006,-0.005091545968214267
-0.28369999999999995,-0.005036372227519531
-0.28270000000000006,-0.00502222511452088
-0.28169999999999995,-0.004938757147828843
-0.28070000000000006,-0.004686938536452867
-0.27969999999999995,-0.004742112277147602
-0.27870000000000006,-0.004422387523378105
-0.27769999999999995,-0.004394093297380804
-0.27670000000000006,-0.0043233577323875515
-0.27569999999999995,-0.004310625330688767
-0.27470000000000006,-0.003932897413624802
-0.27369999999999994,-0.003918750300626152
-0.27270000000000005,-0.003765961480240728
-0.27169999999999994,-0.0038918707859287157
-0.27070000000000005,-0.003794255706238028
-0.26969999999999994,-0.0034731162411686654
-0.26870000000000005,-0.003304765596484726
-0.26769999999999994,-0.0031930034037953876
-0.26670000000000005,-0.0027601017460366865
-0.26569999999999994,-0.0031788562907967373
-0.26470000000000005,-0.0027332222313392507
-0.26369999999999993,-0.002662486666345999
-0.26270000000000004,-0.002816690198031288
-0.26169999999999993,-0.0024814036199632744
-0.26070000000000004,-0.00270492800534195
-0.25969999999999993,-0.0022720263475832485
-0.25870000000000004,-0.0020909433012005246
-0.25769999999999993,-0.002048501962204573
-0.25670000000000004,-0.0022437321215859484
-0.2556999999999999,-0.0021602641548939113
-0.25470000000000004,-0.0019933282215098365
-0.2536999999999999,-0.001658041643441823
-0.25270000000000004,-0.0017698038361311608
-0.2516999999999999,-0.001700482982437774
-0.25070000000000003,-0.0013650549332397737
-0.24969999999999992,-0.001462811484060448
-0.24870000000000003,-0.0014069303877157788
-0.24769999999999992,-0.0011835474734670896
-0.24670000000000003,-0.0015604265637511356
-0.24569999999999992,-0.0012394285698117586
-0.24470000000000003,-0.0011975531153357536
-0.24369999999999992,-0.0007928042124443665
-0.24270000000000003,-0.0006950476616236925
-0.24169999999999991,-0.0008206740250517079
-0.24070000000000003,-0.0007509287579683616
-0.2396999999999999,-0.0007787985705757027
-0.23870000000000002,-0.00030430440060096937
-0.2376999999999999,-0.00040191948029165696
-0.23670000000000002,-0.0003321742132083106
-0.23570000000000013,-0.0004578005766363259
-0.23470000000000002,-0.0001367884355839504
-0.23370000000000013,-0.0002624289461249643
-0.23270000000000002,0.00029595760393176567
-0.23170000000000013,-1.1166316289834733e-05
-0.23070000000000002,0.00022607086571843288
-0.22970000000000013,-2.512527268560305e-05
-0.22870000000000001,0.00026794632019443794
-0.22770000000000012,0.00015632559863508656
-0.2267,0.0005332046889191324
-0.22570000000000012,0.0002122066949797555
-0.2247,0.0005750801433951374
-0.22370000000000012,0.00033783305840777076
-0.2227,0.0006029499560024787
-0.22170000000000012,0.0008123272283825042
-0.2207,0.0008820724954658504
-0.21970000000000012,0.0010775855971071984
-0.2187,0.0008960781373345141
-0.21770000000000012,0.0008263328702511678
-0.2167,0.0011892063186665497
-0.2157000000000001,0.001217076131273891
-0.2147,0.0014967645552572087
-0.2137000000000001,0.001691994714638584
-0.2127,0.0012729572276185602
-0.2117000000000001,0.0016354062626439826
-0.2107,0.0009379535918105195
-0.2097000000000001,0.0018037569073279217
-0.2087,0.0015377911829532948
-0.2077000000000001,0.001663700488641283
-0.2067,0.0017471684553333202
-0.2057000000000001,0.0019282515017160448
-0.2047,0.001942398614714695
-0.2037000000000001,0.002194217226090672
-0.2027,0.0020400136944053833
-0.2017000000000001,0.002194217226090672
-0.2007,0.0021517758870947205
-0.1997000000000001,0.002347006046476096
-0.1987,0.0024177416114693475
-0.1977000000000001,0.0023611531594747463
-0.19669999999999999,0.0024870624651627347
-0.1957000000000001,0.002375300272473396
-0.19469999999999998,0.002627118883849373
-0.1937000000000001,0.002584677544853422
-0.19269999999999998,0.0025988246578520723
-0.1917000000000001,0.0025705304318547717
-0.1907000000000001,0.002668145511545459
-0.1897000000000002,0.002905817009922785
-0.1887000000000001,0.003157635621298762
-0.1877000000000002,0.0028633756709268345
-0.1867000000000001,0.0031434885083001115
-0.1857000000000002,0.0030869000563055102
-0.1847000000000001,0.0032552507009894495
-0.1837000000000002,0.0031717827342974125
-0.18270000000000008,0.0035056546010655606
-0.1817000000000002,0.0032411035879907992
-0.18070000000000008,0.0033387186676814866
-0.1797000000000002,0.0033528657806801364
-0.17870000000000008,0.0033245715546828362
-0.1777000000000002,0.0034646279733694745
-0.17670000000000008,0.003548095940061512
-0.1757000000000002,0.0036740052457495
-0.17470000000000008,0.0036881523587481506
-0.1737000000000002,0.0038550882921322242
-0.17270000000000008,0.003785767438438838
-0.17170000000000019,0.003924409145825611
-0.17070000000000007,0.003952703371822912
-0.16970000000000018,0.004119639305206987
-0.16870000000000007,0.004329016577587013
-0.16770000000000018,0.0041479335312042875
-0.16670000000000007,0.0039385562588242625
-0.16570000000000018,0.00403617133851495
-0.16470000000000007,0.004106906903508202
-0.16370000000000018,0.004511514335269602
-0.16270000000000007,0.004511514335269602
-0.16170000000000018,0.004706744494650977
-0.16070000000000007,0.004287989949890926
-0.15970000000000018,0.004525661448268253
-0.15870000000000006,0.004538393849967038
-0.15770000000000017,0.004735038720648278
-0.15670000000000006,0.004580835188962989
-0.15570000000000017,0.004636008929657725
-0.15470000000000006,0.004594982301961639
-0.15370000000000017,0.0049571483947270885
-0.15270000000000006,0.0048595333150364016
-0.15170000000000017,0.005292434972795102
-0.15070000000000006,0.00504203107271899
-0.14970000000000017,0.0051113519264123775
-0.14870000000000005,0.005166525667107114
-0.14770000000000016,0.005237261232100367
-0.14670000000000005,0.0051113519264123775
-0.14570000000000016,0.005334876311791053
-0.14470000000000005,0.005180672780105764
-0.14370000000000016,0.005320729198792402
-0.14270000000000005,0.005292434972795102
-0.14170000000000016,0.005558400697169729
-0.14070000000000005,0.005446638504480392
-0.13970000000000016,0.005571133098868514
-0.13870000000000005,0.005794657484247191
-0.13770000000000016,0.005682895291557853
-0.13670000000000004,0.005948861015932479
-0.13570000000000015,0.005627721550863115
-0.13470000000000004,0.00593471390293383
-0.13370000000000015,0.005697042404556503
-0.13270000000000004,0.006129944062315204
-0.13170000000000015,0.005851245936241792
-0.13070000000000004,0.006101649836317904
-0.12970000000000015,0.006074770321620467
-0.12870000000000004,0.006186532514309805
-0.12770000000000015,0.0061992649160085905
-0.12670000000000003,0.0061440911753138545
-0.12570000000000014,0.006172385401311155
-0.12470000000000003,0.006284147594000493
-0.12370000000000014,0.006493524866380518
-0.12270000000000003,0.006408642188388616
-0.12170000000000014,0.006562845720073905
-0.12070000000000003,0.006436936414385917
-0.11970000000000014,0.0063110271086979286
-0.11870000000000003,0.006562845720073905
-0.11770000000000014,0.006772222992453929
-0.11670000000000003,0.006548698607075255
-0.11570000000000014,0.006702902138760544
-0.11470000000000002,0.006605287059069856
-0.11370000000000013,0.006646313686765943
-0.11270000000000002,0.006967453151835307
-0.11170000000000013,0.006995747377832606
-0.11070000000000024,0.006869838072144617
-0.10970000000000013,0.007233418876209932
-0.10870000000000024,0.007009894490831256
-0.10770000000000013,0.0072744455039060185
-0.10670000000000024,0.007288592616904669
-0.10570000000000013,0.007260298390907369
-0.10470000000000024,0.0072744455039060185
-0.10370000000000013,0.007372060583596706
-0.10270000000000024,0.007400354809594008
-0.10170000000000012,0.007233418876209932
-0.10070000000000023,0.0073168868429019695
-0.09970000000000012,0.007483822776286044
-0.09870000000000023,0.00730273972990332
-0.09770000000000012,0.007638026307971333
-0.09670000000000023,0.007707347161664719
-0.09570000000000012,0.007442796148589959
-0.09470000000000023,0.008028486626734083
-0.09370000000000012,0.007888430208047444
-0.09270000000000023,0.007833256467352709
-0.09170000000000011,0.007930871547043396
-0.09070000000000022,0.008056780852731385
-0.08970000000000011,0.007971898174739481
-0.08870000000000022,0.008014339513735431
-0.08770000000000011,0.007971898174739481
-0.08670000000000022,0.008042633739732736
-0.08570000000000011,0.008195422560118158
-0.08470000000000022,0.008209569673116807
-0.08370000000000011,0.008349626091803447
-0.08270000000000022,0.008252011012112759
-0.0817000000000001,0.008252011012112759
-0.08070000000000022,0.008252011012112759
-0.0797000000000001,0.00868491266987146
-0.07870000000000021,0.008461388284492785
-0.0777000000000001,0.008544856251184821
-0.07670000000000021,0.008223716786115458
-0.0757000000000001,0.00867076555687281
-0.07470000000000021,0.008725939297567546
-0.0737000000000001,0.008809407264259583
-0.07270000000000021,0.008502414912188871
-0.0717000000000001,0.008880142829252835
-0.07070000000000021,0.00867076555687281
-0.0697000000000001,0.008907022343950272
-0.0687000000000002,0.008837701490256884
-0.0677000000000001,0.008963610795944873
-0.0667000000000002,0.008921169456948923
-0.06570000000000009,0.009187135181323547
-0.0647000000000002,0.009116399616330297
-0.06370000000000009,0.008977757908943524
-0.0627000000000002,0.009270603148015586
-0.06170000000000009,0.009382365340704923
-0.0607000000000002,0.009382365340704923
-0.059700000000000086,0.009423391968401008
-0.058700000000000196,0.009479980420395611
-0.057700000000000085,0.009605889726083599
-0.056700000000000195,0.009801119885464974
-0.05570000000000008,0.009703504805774286
-0.05470000000000019,0.009829414111462275
-0.05370000000000008,0.009632769240781035
-0.05270000000000019,0.009884587852157012
-0.05170000000000008,0.009815266998463626
-0.05070000000000019,0.009856293626159711
-0.04970000000000008,0.009856293626159711
-0.04870000000000019,0.009927029191152962
-0.047700000000000076,0.010065670898539736
-0.046700000000000186,0.009982202931847697
-0.045700000000000074,0.010359930848911663
-0.044700000000000184,0.010079818011538386
-0.04370000000000007,0.010205727317226375
-0.04270000000000018,0.010024644270843649
-0.04170000000000007,0.010415104589606402
-0.04070000000000018,0.010234021543223676
-0.03970000000000007,0.010275048170919761
-0.03870000000000018,0.010317489509915713
-0.03770000000000007,0.010707949828678464
-0.03670000000000018,0.010484425443299786
-0.035700000000000065,0.010331636622914362
-0.034700000000000175,0.010736244054675765
-0.03370000000000006,0.010666923200982377
-0.03270000000000017,0.010986647954751875
-0.03170000000000006,0.010903179988059836
-0.03070000000000017,0.010693802715679813
-0.02970000000000006,0.010986647954751875
-0.02870000000000017,0.01086215336036375
-0.027700000000000058,0.011085677745742428
-0.026700000000000168,0.011000795067750525
-0.025700000000000056,0.010848006247365101
-0.024700000000000166,0.011098410147441212
-0.023700000000000054,0.011126704373438514
-0.022700000000000164,0.011307787419821238
-0.021700000000000053,0.011280907905123802
-0.020700000000000163,0.011224319453129203
-0.01970000000000005,0.011224319453129203
-0.01870000000000016,0.011295055018122453
-0.01770000000000005,0.01136437587181584
-0.01670000000000016,0.011140851486437163
-0.015700000000000047,0.011405402499511925
-0.014700000000000157,0.011545458918198566
-0.013700000000000045,0.011838304157270628
-0.012700000000000156,0.011307787419821238
-0.011700000000000044,0.01136437587181584
-0.010700000000000154,0.011657221110887902
-0.009700000000000042,0.011797277529574539
-0.008700000000000152,0.011894892609265227
-0.00770000000000004,0.011824157044271977
-0.00670000000000015,0.011866598383267929
-0.005700000000000038,0.011713809562882503
-0.0047000000000001485,0.011909039722263879
-0.0037000000000000366,0.01174068907757994
-0.0027000000000001467,0.011838304157270628
-0.0017000000000000348,0.011713809562882503
-0.000700000000000145,0.011909039722263879
0.00029999999999996696,0.011824157044271977
0.0012999999999998568,0.011880745496266578
0.0022999999999999687,0.012020801914953217
0.0032999999999998586,0.012118416994643905
0.0042999999999999705,0.011978360575957265
0.00529999999999986,0.012299500041026628
0.006299999999999972,0.01213114939634269
0.007299999999999862,0.012242911589032027
0.008299999999999974,0.012216032074334592
0.009299999999999864,0.012159443622339991
0.010299999999999976,0.012187737848337292
0.011299999999999866,0.01213114939634269
0.012299999999999978,0.012104269881645254
