June 27, 2026   23:37:03
Linear Sweep Voltammetry
File: c:/users/guazh/data/20260623_doe_duplica2/2026-06-24-exp27\1acid_1ac-2026-06-27t23_33_54-lsvinphos\1acid_1ac_lsv_50mvs_efin_-2100mv.bin
Data Source:  Experiment
Instrument Model:  CHI760E
Header: LSV ran at 50 mVs with Efin at -2100mV
Note: 

Init E (V) = -0.6
Final E (V) = -2.1
Scan Rate (V/s) = 0.05
Sample Interval (V) = 0.001
Quiet Time (sec) = 2
Sensitivity (A/V) = 1e-4
Comp R (ohm) = 9.4

Results:

Channel 1:

Potential/V, Current/A

-0.600, 1.688e-6
-0.601, 1.755e-6
-0.602, 1.786e-6
-0.603, 1.810e-6
-0.604, 1.833e-6
-0.605, 1.853e-6
-0.606, 1.874e-6
-0.607, 1.894e-6
-0.608, 1.913e-6
-0.609, 1.933e-6
-0.610, 1.953e-6
-0.611, 1.974e-6
-0.612, 1.993e-6
-0.613, 2.014e-6
-0.614, 2.035e-6
-0.615, 2.057e-6
-0.616, 2.077e-6
-0.617, 2.097e-6
-0.618, 2.116e-6
-0.619, 2.138e-6
-0.620, 2.157e-6
-0.621, 2.178e-6
-0.622, 2.198e-6
-0.623, 2.219e-6
-0.624, 2.239e-6
-0.625, 2.260e-6
-0.626, 2.280e-6
-0.627, 2.303e-6
-0.628, 2.324e-6
-0.629, 2.346e-6
-0.630, 2.367e-6
-0.631, 2.391e-6
-0.632, 2.412e-6
-0.633, 2.436e-6
-0.634, 2.457e-6
-0.635, 2.479e-6
-0.636, 2.502e-6
-0.637, 2.525e-6
-0.638, 2.549e-6
-0.639, 2.574e-6
-0.640, 2.597e-6
-0.641, 2.623e-6
-0.642, 2.646e-6
-0.643, 2.670e-6
-0.644, 2.695e-6
-0.645, 2.718e-6
-0.646, 2.744e-6
-0.647, 2.767e-6
-0.648, 2.792e-6
-0.649, 2.819e-6
-0.650, 2.843e-6
-0.651, 2.869e-6
-0.652, 2.895e-6
-0.653, 2.922e-6
-0.654, 2.948e-6
-0.655, 2.974e-6
-0.656, 3.000e-6
-0.657, 3.027e-6
-0.658, 3.054e-6
-0.659, 3.082e-6
-0.660, 3.109e-6
-0.661, 3.136e-6
-0.662, 3.164e-6
-0.663, 3.192e-6
-0.664, 3.218e-6
-0.665, 3.246e-6
-0.666, 3.277e-6
-0.667, 3.303e-6
-0.668, 3.332e-6
-0.669, 3.362e-6
-0.670, 3.390e-6
-0.671, 3.420e-6
-0.672, 3.448e-6
-0.673, 3.479e-6
-0.674, 3.508e-6
-0.675, 3.535e-6
-0.676, 3.566e-6
-0.677, 3.594e-6
-0.678, 3.626e-6
-0.679, 3.657e-6
-0.680, 3.688e-6
-0.681, 3.719e-6
-0.682, 3.749e-6
-0.683, 3.779e-6
-0.684, 3.812e-6
-0.685, 3.842e-6
-0.686, 3.875e-6
-0.687, 3.904e-6
-0.688, 3.936e-6
-0.689, 3.967e-6
-0.690, 3.998e-6
-0.691, 4.032e-6
-0.692, 4.062e-6
-0.693, 4.094e-6
-0.694, 4.126e-6
-0.695, 4.157e-6
-0.696, 4.189e-6
-0.697, 4.220e-6
-0.698, 4.251e-6
-0.699, 4.284e-6
-0.700, 4.317e-6
-0.701, 4.349e-6
-0.702, 4.382e-6
-0.703, 4.414e-6
-0.704, 4.449e-6
-0.705, 4.484e-6
-0.706, 4.517e-6
-0.707, 4.551e-6
-0.708, 4.584e-6
-0.709, 4.617e-6
-0.710, 4.651e-6
-0.711, 4.685e-6
-0.712, 4.717e-6
-0.713, 4.751e-6
-0.714, 4.784e-6
-0.715, 4.819e-6
-0.716, 4.853e-6
-0.717, 4.885e-6
-0.718, 4.919e-6
-0.719, 4.954e-6
-0.720, 4.987e-6
-0.721, 5.022e-6
-0.722, 5.055e-6
-0.723, 5.090e-6
-0.724, 5.124e-6
-0.725, 5.156e-6
-0.726, 5.190e-6
-0.727, 5.224e-6
-0.728, 5.258e-6
-0.729, 5.292e-6
-0.730, 5.326e-6
-0.731, 5.360e-6
-0.732, 5.393e-6
-0.733, 5.425e-6
-0.734, 5.459e-6
-0.735, 5.493e-6
-0.736, 5.527e-6
-0.737, 5.560e-6
-0.738, 5.593e-6
-0.739, 5.626e-6
-0.740, 5.658e-6
-0.741, 5.692e-6
-0.742, 5.725e-6
-0.743, 5.758e-6
-0.744, 5.792e-6
-0.745, 5.824e-6
-0.746, 5.857e-6
-0.747, 5.886e-6
-0.748, 5.916e-6
-0.749, 5.947e-6
-0.750, 5.978e-6
-0.751, 6.011e-6
-0.752, 6.040e-6
-0.753, 6.072e-6
-0.754, 6.103e-6
-0.755, 6.135e-6
-0.756, 6.164e-6
-0.757, 6.192e-6
-0.758, 6.221e-6
-0.759, 6.250e-6
-0.760, 6.279e-6
-0.761, 6.310e-6
-0.762, 6.339e-6
-0.763, 6.369e-6
-0.764, 6.398e-6
-0.765, 6.425e-6
-0.766, 6.454e-6
-0.767, 6.482e-6
-0.768, 6.511e-6
-0.769, 6.540e-6
-0.770, 6.565e-6
-0.771, 6.594e-6
-0.772, 6.619e-6
-0.773, 6.645e-6
-0.774, 6.672e-6
-0.775, 6.697e-6
-0.776, 6.723e-6
-0.777, 6.747e-6
-0.778, 6.772e-6
-0.779, 6.798e-6
-0.780, 6.821e-6
-0.781, 6.845e-6
-0.782, 6.868e-6
-0.783, 6.890e-6
-0.784, 6.914e-6
-0.785, 6.935e-6
-0.786, 6.957e-6
-0.787, 6.978e-6
-0.788, 7.000e-6
-0.789, 7.021e-6
-0.790, 7.040e-6
-0.791, 7.060e-6
-0.792, 7.080e-6
-0.793, 7.100e-6
-0.794, 7.120e-6
-0.795, 7.139e-6
-0.796, 7.157e-6
-0.797, 7.174e-6
-0.798, 7.192e-6
-0.799, 7.209e-6
-0.800, 7.226e-6
-0.801, 7.242e-6
-0.802, 7.256e-6
-0.803, 7.273e-6
-0.804, 7.288e-6
-0.805, 7.301e-6
-0.806, 7.316e-6
-0.807, 7.330e-6
-0.808, 7.344e-6
-0.809, 7.357e-6
-0.810, 7.369e-6
-0.811, 7.380e-6
-0.812, 7.391e-6
-0.813, 7.403e-6
-0.814, 7.415e-6
-0.815, 7.424e-6
-0.816, 7.436e-6
-0.817, 7.445e-6
-0.818, 7.454e-6
-0.819, 7.467e-6
-0.820, 7.478e-6
-0.821, 7.485e-6
-0.822, 7.493e-6
-0.823, 7.499e-6
-0.824, 7.507e-6
-0.825, 7.513e-6
-0.826, 7.519e-6
-0.827, 7.525e-6
-0.828, 7.530e-6
-0.829, 7.536e-6
-0.830, 7.539e-6
-0.831, 7.544e-6
-0.832, 7.548e-6
-0.833, 7.551e-6
-0.834, 7.555e-6
-0.835, 7.558e-6
-0.836, 7.561e-6
-0.837, 7.562e-6
-0.838, 7.564e-6
-0.839, 7.566e-6
-0.840, 7.566e-6
-0.841, 7.568e-6
-0.842, 7.567e-6
-0.843, 7.567e-6
-0.844, 7.568e-6
-0.845, 7.567e-6
-0.846, 7.567e-6
-0.847, 7.565e-6
-0.848, 7.565e-6
-0.849, 7.563e-6
-0.850, 7.559e-6
-0.851, 7.557e-6
-0.852, 7.554e-6
-0.853, 7.551e-6
-0.854, 7.549e-6
-0.855, 7.544e-6
-0.856, 7.540e-6
-0.857, 7.535e-6
-0.858, 7.532e-6
-0.859, 7.528e-6
-0.860, 7.522e-6
-0.861, 7.517e-6
-0.862, 7.513e-6
-0.863, 7.507e-6
-0.864, 7.502e-6
-0.865, 7.494e-6
-0.866, 7.489e-6
-0.867, 7.482e-6
-0.868, 7.475e-6
-0.869, 7.470e-6
-0.870, 7.463e-6
-0.871, 7.456e-6
-0.872, 7.449e-6
-0.873, 7.439e-6
-0.874, 7.431e-6
-0.875, 7.423e-6
-0.876, 7.416e-6
-0.877, 7.407e-6
-0.878, 7.399e-6
-0.879, 7.391e-6
-0.880, 7.380e-6
-0.881, 7.373e-6
-0.882, 7.363e-6
-0.883, 7.355e-6
-0.884, 7.346e-6
-0.885, 7.336e-6
-0.886, 7.327e-6
-0.887, 7.316e-6
-0.888, 7.307e-6
-0.889, 7.297e-6
-0.890, 7.287e-6
-0.891, 7.278e-6
-0.892, 7.267e-6
-0.893, 7.257e-6
-0.894, 7.247e-6
-0.895, 7.236e-6
-0.896, 7.227e-6
-0.897, 7.216e-6
-0.898, 7.205e-6
-0.899, 7.195e-6
-0.900, 7.183e-6
-0.901, 7.172e-6
-0.902, 7.161e-6
-0.903, 7.149e-6
-0.904, 7.139e-6
-0.905, 7.127e-6
-0.906, 7.117e-6
-0.907, 7.105e-6
-0.908, 7.094e-6
-0.909, 7.083e-6
-0.910, 7.072e-6
-0.911, 7.061e-6
-0.912, 7.048e-6
-0.913, 7.037e-6
-0.914, 7.026e-6
-0.915, 7.015e-6
-0.916, 7.004e-6
-0.917, 6.992e-6
-0.918, 6.980e-6
-0.919, 6.969e-6
-0.920, 6.957e-6
-0.921, 6.946e-6
-0.922, 6.934e-6
-0.923, 6.923e-6
-0.924, 6.912e-6
-0.925, 6.900e-6
-0.926, 6.888e-6
-0.927, 6.876e-6
-0.928, 6.866e-6
-0.929, 6.855e-6
-0.930, 6.842e-6
-0.931, 6.831e-6
-0.932, 6.819e-6
-0.933, 6.807e-6
-0.934, 6.797e-6
-0.935, 6.785e-6
-0.936, 6.774e-6
-0.937, 6.761e-6
-0.938, 6.751e-6
-0.939, 6.738e-6
-0.940, 6.726e-6
-0.941, 6.717e-6
-0.942, 6.705e-6
-0.943, 6.694e-6
-0.944, 6.683e-6
-0.945, 6.672e-6
-0.946, 6.661e-6
-0.947, 6.651e-6
-0.948, 6.640e-6
-0.949, 6.628e-6
-0.950, 6.617e-6
-0.951, 6.606e-6
-0.952, 6.595e-6
-0.953, 6.584e-6
-0.954, 6.573e-6
-0.955, 6.562e-6
-0.956, 6.551e-6
-0.957, 6.540e-6
-0.958, 6.530e-6
-0.959, 6.519e-6
-0.960, 6.509e-6
-0.961, 6.499e-6
-0.962, 6.488e-6
-0.963, 6.477e-6
-0.964, 6.468e-6
-0.965, 6.457e-6
-0.966, 6.447e-6
-0.967, 6.437e-6
-0.968, 6.426e-6
-0.969, 6.417e-6
-0.970, 6.405e-6
-0.971, 6.396e-6
-0.972, 6.385e-6
-0.973, 6.378e-6
-0.974, 6.367e-6
-0.975, 6.357e-6
-0.976, 6.348e-6
-0.977, 6.338e-6
-0.978, 6.327e-6
-0.979, 6.319e-6
-0.980, 6.308e-6
-0.981, 6.299e-6
-0.982, 6.289e-6
-0.983, 6.278e-6
-0.984, 6.270e-6
-0.985, 6.261e-6
-0.986, 6.251e-6
-0.987, 6.243e-6
-0.988, 6.233e-6
-0.989, 6.224e-6
-0.990, 6.215e-6
-0.991, 6.207e-6
-0.992, 6.198e-6
-0.993, 6.190e-6
-0.994, 6.181e-6
-0.995, 6.173e-6
-0.996, 6.166e-6
-0.997, 6.156e-6
-0.998, 6.148e-6
-0.999, 6.141e-6
-1.000, 6.132e-6
-1.001, 6.124e-6
-1.002, 6.115e-6
-1.003, 6.106e-6
-1.004, 6.098e-6
-1.005, 6.090e-6
-1.006, 6.081e-6
-1.007, 6.072e-6
-1.008, 6.064e-6
-1.009, 6.058e-6
-1.010, 6.048e-6
-1.011, 6.040e-6
-1.012, 6.032e-6
-1.013, 6.024e-6
-1.014, 6.017e-6
-1.015, 6.008e-6
-1.016, 6.002e-6
-1.017, 5.993e-6
-1.018, 5.985e-6
-1.019, 5.978e-6
-1.020, 5.970e-6
-1.021, 5.962e-6
-1.022, 5.955e-6
-1.023, 5.948e-6
-1.024, 5.942e-6
-1.025, 5.935e-6
-1.026, 5.928e-6
-1.027, 5.921e-6
-1.028, 5.914e-6
-1.029, 5.908e-6
-1.030, 5.900e-6
-1.031, 5.894e-6
-1.032, 5.888e-6
-1.033, 5.881e-6
-1.034, 5.875e-6
-1.035, 5.868e-6
-1.036, 5.862e-6
-1.037, 5.855e-6
-1.038, 5.849e-6
-1.039, 5.842e-6
-1.040, 5.835e-6
-1.041, 5.829e-6
-1.042, 5.822e-6
-1.043, 5.818e-6
-1.044, 5.811e-6
-1.045, 5.804e-6
-1.046, 5.798e-6
-1.047, 5.790e-6
-1.048, 5.783e-6
-1.049, 5.778e-6
-1.050, 5.771e-6
-1.051, 5.764e-6
-1.052, 5.758e-6
-1.053, 5.752e-6
-1.054, 5.747e-6
-1.055, 5.739e-6
-1.056, 5.734e-6
-1.057, 5.728e-6
-1.058, 5.721e-6
-1.059, 5.717e-6
-1.060, 5.711e-6
-1.061, 5.704e-6
-1.062, 5.699e-6
-1.063, 5.694e-6
-1.064, 5.688e-6
-1.065, 5.683e-6
-1.066, 5.679e-6
-1.067, 5.673e-6
-1.068, 5.667e-6
-1.069, 5.662e-6
-1.070, 5.656e-6
-1.071, 5.652e-6
-1.072, 5.647e-6
-1.073, 5.641e-6
-1.074, 5.636e-6
-1.075, 5.633e-6
-1.076, 5.629e-6
-1.077, 5.623e-6
-1.078, 5.617e-6
-1.079, 5.613e-6
-1.080, 5.607e-6
-1.081, 5.602e-6
-1.082, 5.597e-6
-1.083, 5.592e-6
-1.084, 5.588e-6
-1.085, 5.583e-6
-1.086, 5.578e-6
-1.087, 5.573e-6
-1.088, 5.570e-6
-1.089, 5.565e-6
-1.090, 5.560e-6
-1.091, 5.556e-6
-1.092, 5.552e-6
-1.093, 5.547e-6
-1.094, 5.543e-6
-1.095, 5.538e-6
-1.096, 5.534e-6
-1.097, 5.530e-6
-1.098, 5.525e-6
-1.099, 5.522e-6
-1.100, 5.516e-6
-1.101, 5.515e-6
-1.102, 5.510e-6
-1.103, 5.505e-6
-1.104, 5.502e-6
-1.105, 5.497e-6
-1.106, 5.493e-6
-1.107, 5.490e-6
-1.108, 5.485e-6
-1.109, 5.481e-6
-1.110, 5.478e-6
-1.111, 5.474e-6
-1.112, 5.470e-6
-1.113, 5.467e-6
-1.114, 5.464e-6
-1.115, 5.460e-6
-1.116, 5.456e-6
-1.117, 5.452e-6
-1.118, 5.449e-6
-1.119, 5.446e-6
-1.120, 5.443e-6
-1.121, 5.440e-6
-1.122, 5.436e-6
-1.123, 5.432e-6
-1.124, 5.430e-6
-1.125, 5.425e-6
-1.126, 5.423e-6
-1.127, 5.421e-6
-1.128, 5.417e-6
-1.129, 5.415e-6
-1.130, 5.411e-6
-1.131, 5.409e-6
-1.132, 5.406e-6
-1.133, 5.403e-6
-1.134, 5.401e-6
-1.135, 5.396e-6
-1.136, 5.395e-6
-1.137, 5.391e-6
-1.138, 5.389e-6
-1.139, 5.388e-6
-1.140, 5.384e-6
-1.141, 5.382e-6
-1.142, 5.378e-6
-1.143, 5.375e-6
-1.144, 5.374e-6
-1.145, 5.371e-6
-1.146, 5.368e-6
-1.147, 5.365e-6
-1.148, 5.362e-6
-1.149, 5.361e-6
-1.150, 5.359e-6
-1.151, 5.356e-6
-1.152, 5.355e-6
-1.153, 5.352e-6
-1.154, 5.350e-6
-1.155, 5.347e-6
-1.156, 5.344e-6
-1.157, 5.342e-6
-1.158, 5.340e-6
-1.159, 5.339e-6
-1.160, 5.335e-6
-1.161, 5.334e-6
-1.162, 5.331e-6
-1.163, 5.330e-6
-1.164, 5.329e-6
-1.165, 5.326e-6
-1.166, 5.325e-6
-1.167, 5.322e-6
-1.168, 5.320e-6
-1.169, 5.318e-6
-1.170, 5.315e-6
-1.171, 5.314e-6
-1.172, 5.313e-6
-1.173, 5.310e-6
-1.174, 5.309e-6
-1.175, 5.308e-6
-1.176, 5.306e-6
-1.177, 5.304e-6
-1.178, 5.304e-6
-1.179, 5.302e-6
-1.180, 5.300e-6
-1.181, 5.298e-6
-1.182, 5.297e-6
-1.183, 5.294e-6
-1.184, 5.294e-6
-1.185, 5.291e-6
-1.186, 5.289e-6
-1.187, 5.289e-6
-1.188, 5.287e-6
-1.189, 5.286e-6
-1.190, 5.285e-6
-1.191, 5.284e-6
-1.192, 5.282e-6
-1.193, 5.280e-6
-1.194, 5.279e-6
-1.195, 5.278e-6
-1.196, 5.277e-6
-1.197, 5.275e-6
-1.198, 5.275e-6
-1.199, 5.274e-6
-1.200, 5.273e-6
-1.201, 5.271e-6
-1.202, 5.270e-6
-1.203, 5.270e-6
-1.204, 5.268e-6
-1.205, 5.266e-6
-1.206, 5.266e-6
-1.207, 5.265e-6
-1.208, 5.264e-6
-1.209, 5.265e-6
-1.210, 5.261e-6
-1.211, 5.262e-6
-1.212, 5.261e-6
-1.213, 5.259e-6
-1.214, 5.259e-6
-1.215, 5.258e-6
-1.216, 5.257e-6
-1.217, 5.257e-6
-1.218, 5.255e-6
-1.219, 5.256e-6
-1.220, 5.254e-6
-1.221, 5.253e-6
-1.222, 5.254e-6
-1.223, 5.253e-6
-1.224, 5.253e-6
-1.225, 5.252e-6
-1.226, 5.251e-6
-1.227, 5.250e-6
-1.228, 5.250e-6
-1.229, 5.253e-6
-1.230, 5.251e-6
-1.231, 5.250e-6
-1.232, 5.250e-6
-1.233, 5.249e-6
-1.234, 5.249e-6
-1.235, 5.248e-6
-1.236, 5.248e-6
-1.237, 5.248e-6
-1.238, 5.247e-6
-1.239, 5.246e-6
-1.240, 5.246e-6
-1.241, 5.247e-6
-1.242, 5.246e-6
-1.243, 5.246e-6
-1.244, 5.246e-6
-1.245, 5.246e-6
-1.246, 5.246e-6
-1.247, 5.246e-6
-1.248, 5.246e-6
-1.249, 5.247e-6
-1.250, 5.246e-6
-1.251, 5.245e-6
-1.252, 5.246e-6
-1.253, 5.246e-6
-1.254, 5.246e-6
-1.255, 5.246e-6
-1.256, 5.248e-6
-1.257, 5.247e-6
-1.258, 5.246e-6
-1.259, 5.247e-6
-1.260, 5.247e-6
-1.261, 5.248e-6
-1.262, 5.249e-6
-1.263, 5.248e-6
-1.264, 5.249e-6
-1.265, 5.249e-6
-1.266, 5.248e-6
-1.267, 5.251e-6
-1.268, 5.251e-6
-1.269, 5.251e-6
-1.270, 5.252e-6
-1.271, 5.252e-6
-1.272, 5.252e-6
-1.273, 5.253e-6
-1.274, 5.255e-6
-1.275, 5.255e-6
-1.276, 5.256e-6
-1.277, 5.256e-6
-1.278, 5.256e-6
-1.279, 5.257e-6
-1.280, 5.259e-6
-1.281, 5.260e-6
-1.282, 5.261e-6
-1.283, 5.262e-6
-1.284, 5.262e-6
-1.285, 5.263e-6
-1.286, 5.263e-6
-1.287, 5.265e-6
-1.288, 5.265e-6
-1.289, 5.266e-6
-1.290, 5.266e-6
-1.291, 5.267e-6
-1.292, 5.268e-6
-1.293, 5.270e-6
-1.294, 5.271e-6
-1.295, 5.271e-6
-1.296, 5.272e-6
-1.297, 5.274e-6
-1.298, 5.274e-6
-1.299, 5.276e-6
-1.300, 5.277e-6
-1.301, 5.276e-6
-1.302, 5.280e-6
-1.303, 5.279e-6
-1.304, 5.282e-6
-1.305, 5.283e-6
-1.306, 5.283e-6
-1.307, 5.286e-6
-1.308, 5.287e-6
-1.309, 5.288e-6
-1.310, 5.289e-6
-1.311, 5.291e-6
-1.312, 5.294e-6
-1.313, 5.296e-6
-1.314, 5.296e-6
-1.315, 5.298e-6
-1.316, 5.298e-6
-1.317, 5.300e-6
-1.318, 5.302e-6
-1.319, 5.303e-6
-1.320, 5.306e-6
-1.321, 5.307e-6
-1.322, 5.308e-6
-1.323, 5.310e-6
-1.324, 5.311e-6
-1.325, 5.314e-6
-1.326, 5.315e-6
-1.327, 5.317e-6
-1.328, 5.319e-6
-1.329, 5.320e-6
-1.330, 5.321e-6
-1.331, 5.324e-6
-1.332, 5.326e-6
-1.333, 5.328e-6
-1.334, 5.331e-6
-1.335, 5.331e-6
-1.336, 5.334e-6
-1.337, 5.337e-6
-1.338, 5.338e-6
-1.339, 5.341e-6
-1.340, 5.343e-6
-1.341, 5.344e-6
-1.342, 5.348e-6
-1.343, 5.347e-6
-1.344, 5.351e-6
-1.345, 5.355e-6
-1.346, 5.355e-6
-1.347, 5.358e-6
-1.348, 5.358e-6
-1.349, 5.362e-6
-1.350, 5.365e-6
-1.351, 5.367e-6
-1.352, 5.370e-6
-1.353, 5.372e-6
-1.354, 5.373e-6
-1.355, 5.377e-6
-1.356, 5.378e-6
-1.357, 5.382e-6
-1.358, 5.385e-6
-1.359, 5.387e-6
-1.360, 5.390e-6
-1.361, 5.391e-6
-1.362, 5.394e-6
-1.363, 5.398e-6
-1.364, 5.399e-6
-1.365, 5.403e-6
-1.366, 5.404e-6
-1.367, 5.408e-6
-1.368, 5.409e-6
-1.369, 5.414e-6
-1.370, 5.416e-6
-1.371, 5.419e-6
-1.372, 5.423e-6
-1.373, 5.424e-6
-1.374, 5.427e-6
-1.375, 5.430e-6
-1.376, 5.433e-6
-1.377, 5.437e-6
-1.378, 5.438e-6
-1.379, 5.442e-6
-1.380, 5.445e-6
-1.381, 5.447e-6
-1.382, 5.453e-6
-1.383, 5.457e-6
-1.384, 5.460e-6
-1.385, 5.464e-6
-1.386, 5.466e-6
-1.387, 5.470e-6
-1.388, 5.474e-6
-1.389, 5.477e-6
-1.390, 5.480e-6
-1.391, 5.484e-6
-1.392, 5.487e-6
-1.393, 5.492e-6
-1.394, 5.495e-6
-1.395, 5.499e-6
-1.396, 5.503e-6
-1.397, 5.508e-6
-1.398, 5.511e-6
-1.399, 5.515e-6
-1.400, 5.518e-6
-1.401, 5.523e-6
-1.402, 5.527e-6
-1.403, 5.532e-6
-1.404, 5.537e-6
-1.405, 5.541e-6
-1.406, 5.546e-6
-1.407, 5.551e-6
-1.408, 5.553e-6
-1.409, 5.558e-6
-1.410, 5.562e-6
-1.411, 5.565e-6
-1.412, 5.570e-6
-1.413, 5.574e-6
-1.414, 5.580e-6
-1.415, 5.583e-6
-1.416, 5.588e-6
-1.417, 5.592e-6
-1.418, 5.597e-6
-1.419, 5.602e-6
-1.420, 5.607e-6
-1.421, 5.610e-6
-1.422, 5.615e-6
-1.423, 5.619e-6
-1.424, 5.624e-6
-1.425, 5.629e-6
-1.426, 5.633e-6
-1.427, 5.640e-6
-1.428, 5.645e-6
-1.429, 5.651e-6
-1.430, 5.656e-6
-1.431, 5.658e-6
-1.432, 5.664e-6
-1.433, 5.669e-6
-1.434, 5.677e-6
-1.435, 5.683e-6
-1.436, 5.685e-6
-1.437, 5.690e-6
-1.438, 5.694e-6
-1.439, 5.700e-6
-1.440, 5.707e-6
-1.441, 5.713e-6
-1.442, 5.718e-6
-1.443, 5.724e-6
-1.444, 5.730e-6
-1.445, 5.737e-6
-1.446, 5.742e-6
-1.447, 5.748e-6
-1.448, 5.754e-6
-1.449, 5.761e-6
-1.450, 5.767e-6
-1.451, 5.774e-6
-1.452, 5.781e-6
-1.453, 5.786e-6
-1.454, 5.794e-6
-1.455, 5.799e-6
-1.456, 5.806e-6
-1.457, 5.813e-6
-1.458, 5.819e-6
-1.459, 5.826e-6
-1.460, 5.835e-6
-1.461, 5.840e-6
-1.462, 5.848e-6
-1.463, 5.854e-6
-1.464, 5.862e-6
-1.465, 5.869e-6
-1.466, 5.875e-6
-1.467, 5.883e-6
-1.468, 5.889e-6
-1.469, 5.896e-6
-1.470, 5.902e-6
-1.471, 5.908e-6
-1.472, 5.916e-6
-1.473, 5.924e-6
-1.474, 5.931e-6
-1.475, 5.939e-6
-1.476, 5.945e-6
-1.477, 5.953e-6
-1.478, 5.960e-6
-1.479, 5.968e-6
-1.480, 5.976e-6
-1.481, 5.984e-6
-1.482, 5.994e-6
-1.483, 6.002e-6
-1.484, 6.011e-6
-1.485, 6.021e-6
-1.486, 6.030e-6
-1.487, 6.037e-6
-1.488, 6.046e-6
-1.489, 6.055e-6
-1.490, 6.063e-6
-1.491, 6.072e-6
-1.492, 6.081e-6
-1.493, 6.090e-6
-1.494, 6.100e-6
-1.495, 6.108e-6
-1.496, 6.118e-6
-1.497, 6.129e-6
-1.498, 6.136e-6
-1.499, 6.147e-6
-1.500, 6.156e-6
-1.501, 6.164e-6
-1.502, 6.175e-6
-1.503, 6.183e-6
-1.504, 6.193e-6
-1.505, 6.204e-6
-1.506, 6.211e-6
-1.507, 6.222e-6
-1.508, 6.231e-6
-1.509, 6.241e-6
-1.510, 6.251e-6
-1.511, 6.262e-6
-1.512, 6.273e-6
-1.513, 6.283e-6
-1.514, 6.294e-6
-1.515, 6.307e-6
-1.516, 6.317e-6
-1.517, 6.329e-6
-1.518, 6.340e-6
-1.519, 6.352e-6
-1.520, 6.364e-6
-1.521, 6.376e-6
-1.522, 6.388e-6
-1.523, 6.401e-6
-1.524, 6.415e-6
-1.525, 6.426e-6
-1.526, 6.436e-6
-1.527, 6.449e-6
-1.528, 6.460e-6
-1.529, 6.475e-6
-1.530, 6.486e-6
-1.531, 6.500e-6
-1.532, 6.514e-6
-1.533, 6.527e-6
-1.534, 6.541e-6
-1.535, 6.553e-6
-1.536, 6.567e-6
-1.537, 6.582e-6
-1.538, 6.592e-6
-1.539, 6.606e-6
-1.540, 6.620e-6
-1.541, 6.632e-6
-1.542, 6.647e-6
-1.543, 6.659e-6
-1.544, 6.675e-6
-1.545, 6.690e-6
-1.546, 6.703e-6
-1.547, 6.720e-6
-1.548, 6.731e-6
-1.549, 6.747e-6
-1.550, 6.764e-6
-1.551, 6.779e-6
-1.552, 6.794e-6
-1.553, 6.810e-6
-1.554, 6.824e-6
-1.555, 6.842e-6
-1.556, 6.856e-6
-1.557, 6.873e-6
-1.558, 6.889e-6
-1.559, 6.903e-6
-1.560, 6.921e-6
-1.561, 6.937e-6
-1.562, 6.954e-6
-1.563, 6.971e-6
-1.564, 6.988e-6
-1.565, 7.005e-6
-1.566, 7.023e-6
-1.567, 7.038e-6
-1.568, 7.056e-6
-1.569, 7.075e-6
-1.570, 7.092e-6
-1.571, 7.110e-6
-1.572, 7.129e-6
-1.573, 7.145e-6
-1.574, 7.166e-6
-1.575, 7.184e-6
-1.576, 7.202e-6
-1.577, 7.222e-6
-1.578, 7.239e-6
-1.579, 7.260e-6
-1.580, 7.279e-6
-1.581, 7.296e-6
-1.582, 7.319e-6
-1.583, 7.338e-6
-1.584, 7.357e-6
-1.585, 7.378e-6
-1.586, 7.399e-6
-1.587, 7.422e-6
-1.588, 7.445e-6
-1.589, 7.464e-6
-1.590, 7.486e-6
-1.591, 7.507e-6
-1.592, 7.529e-6
-1.593, 7.550e-6
-1.594, 7.573e-6
-1.595, 7.596e-6
-1.596, 7.618e-6
-1.597, 7.640e-6
-1.598, 7.662e-6
-1.599, 7.684e-6
-1.600, 7.708e-6
-1.601, 7.733e-6
-1.602, 7.757e-6
-1.603, 7.781e-6
-1.604, 7.808e-6
-1.605, 7.832e-6
-1.606, 7.856e-6
-1.607, 7.881e-6
-1.608, 7.906e-6
-1.609, 7.932e-6
-1.610, 7.959e-6
-1.611, 7.984e-6
-1.612, 8.011e-6
-1.613, 8.037e-6
-1.614, 8.066e-6
-1.615, 8.091e-6
-1.616, 8.118e-6
-1.617, 8.144e-6
-1.618, 8.171e-6
-1.619, 8.204e-6
-1.620, 8.235e-6
-1.621, 8.261e-6
-1.622, 8.293e-6
-1.623, 8.322e-6
-1.624, 8.353e-6
-1.625, 8.382e-6
-1.626, 8.411e-6
-1.627, 8.444e-6
-1.628, 8.475e-6
-1.629, 8.505e-6
-1.630, 8.537e-6
-1.631, 8.569e-6
-1.632, 8.600e-6
-1.633, 8.632e-6
-1.634, 8.664e-6
-1.635, 8.700e-6
-1.636, 8.734e-6
-1.637, 8.768e-6
-1.638, 8.805e-6
-1.639, 8.849e-6
-1.640, 8.878e-6
-1.641, 8.911e-6
-1.642, 8.945e-6
-1.643, 8.982e-6
-1.644, 9.018e-6
-1.645, 9.055e-6
-1.646, 9.092e-6
-1.647, 9.129e-6
-1.648, 9.165e-6
-1.649, 9.207e-6
-1.650, 9.244e-6
-1.651, 9.287e-6
-1.652, 9.326e-6
-1.653, 9.363e-6
-1.654, 9.403e-6
-1.655, 9.444e-6
-1.656, 9.489e-6
-1.657, 9.532e-6
-1.658, 9.574e-6
-1.659, 9.616e-6
-1.660, 9.659e-6
-1.661, 9.701e-6
-1.662, 9.750e-6
-1.663, 9.794e-6
-1.664, 9.845e-6
-1.665, 9.895e-6
-1.666, 9.940e-6
-1.667, 9.990e-6
-1.668, 1.004e-5
-1.669, 1.009e-5
-1.670, 1.014e-5
-1.671, 1.019e-5
-1.672, 1.024e-5
-1.673, 1.029e-5
-1.674, 1.034e-5
-1.675, 1.039e-5
-1.676, 1.044e-5
-1.677, 1.050e-5
-1.678, 1.055e-5
-1.679, 1.060e-5
-1.680, 1.066e-5
-1.681, 1.072e-5
-1.682, 1.077e-5
-1.683, 1.083e-5
-1.684, 1.089e-5
-1.685, 1.095e-5
-1.686, 1.101e-5
-1.687, 1.107e-5
-1.688, 1.113e-5
-1.689, 1.119e-5
-1.690, 1.126e-5
-1.691, 1.132e-5
-1.692, 1.139e-5
-1.693, 1.145e-5
-1.694, 1.152e-5
-1.695, 1.158e-5
-1.696, 1.165e-5
-1.697, 1.172e-5
-1.698, 1.179e-5
-1.699, 1.186e-5
-1.700, 1.193e-5
-1.701, 1.200e-5
-1.702, 1.206e-5
-1.703, 1.213e-5
-1.704, 1.220e-5
-1.705, 1.228e-5
-1.706, 1.235e-5
-1.707, 1.243e-5
-1.708, 1.251e-5
-1.709, 1.259e-5
-1.710, 1.267e-5
-1.711, 1.275e-5
-1.712, 1.284e-5
-1.713, 1.292e-5
-1.714, 1.300e-5
-1.715, 1.309e-5
-1.716, 1.318e-5
-1.717, 1.327e-5
-1.718, 1.336e-5
-1.719, 1.344e-5
-1.720, 1.354e-5
-1.721, 1.363e-5
-1.722, 1.372e-5
-1.723, 1.382e-5
-1.724, 1.392e-5
-1.725, 1.402e-5
-1.726, 1.411e-5
-1.727, 1.421e-5
-1.728, 1.431e-5
-1.729, 1.442e-5
-1.730, 1.452e-5
-1.731, 1.463e-5
-1.732, 1.474e-5
-1.733, 1.484e-5
-1.734, 1.495e-5
-1.735, 1.506e-5
-1.736, 1.518e-5
-1.737, 1.530e-5
-1.738, 1.541e-5
-1.739, 1.553e-5
-1.740, 1.566e-5
-1.741, 1.578e-5
-1.742, 1.591e-5
-1.743, 1.604e-5
-1.744, 1.617e-5
-1.745, 1.631e-5
-1.746, 1.644e-5
-1.747, 1.657e-5
-1.748, 1.671e-5
-1.749, 1.685e-5
-1.750, 1.699e-5
-1.751, 1.714e-5
-1.752, 1.729e-5
-1.753, 1.744e-5
-1.754, 1.759e-5
-1.755, 1.775e-5
-1.756, 1.791e-5
-1.757, 1.806e-5
-1.758, 1.823e-5
-1.759, 1.839e-5
-1.760, 1.857e-5
-1.761, 1.874e-5
-1.762, 1.891e-5
-1.763, 1.910e-5
-1.764, 1.928e-5
-1.765, 1.947e-5
-1.766, 1.967e-5
-1.767, 1.986e-5
-1.768, 2.005e-5
-1.769, 2.025e-5
-1.770, 2.046e-5
-1.771, 2.067e-5
-1.772, 2.089e-5
-1.773, 2.111e-5
-1.774, 2.134e-5
-1.775, 2.157e-5
-1.776, 2.180e-5
-1.777, 2.204e-5
-1.778, 2.229e-5
-1.779, 2.254e-5
-1.780, 2.280e-5
-1.781, 2.306e-5
-1.782, 2.333e-5
-1.783, 2.360e-5
-1.784, 2.388e-5
-1.785, 2.417e-5
-1.786, 2.446e-5
-1.787, 2.476e-5
-1.788, 2.506e-5
-1.789, 2.537e-5
-1.790, 2.569e-5
-1.791, 2.600e-5
-1.792, 2.634e-5
-1.793, 2.668e-5
-1.794, 2.703e-5
-1.795, 2.739e-5
-1.796, 2.775e-5
-1.797, 2.812e-5
-1.798, 2.850e-5
-1.799, 2.889e-5
-1.800, 2.929e-5
-1.801, 2.969e-5
-1.802, 3.010e-5
-1.803, 3.053e-5
-1.804, 3.097e-5
-1.805, 3.141e-5
-1.806, 3.187e-5
-1.807, 3.234e-5
-1.808, 3.281e-5
-1.809, 3.331e-5
-1.810, 3.380e-5
-1.811, 3.432e-5
-1.812, 3.485e-5
-1.813, 3.537e-5
-1.814, 3.591e-5
-1.815, 3.647e-5
-1.816, 3.704e-5
-1.817, 3.761e-5
-1.818, 3.819e-5
-1.819, 3.880e-5
-1.820, 3.942e-5
-1.821, 4.006e-5
-1.822, 4.071e-5
-1.823, 4.137e-5
-1.824, 4.205e-5
-1.825, 4.276e-5
-1.826, 4.345e-5
-1.827, 4.415e-5
-1.828, 4.489e-5
-1.829, 4.564e-5
-1.830, 4.641e-5
-1.831, 4.720e-5
-1.832, 4.804e-5
-1.833, 4.887e-5
-1.834, 4.969e-5
-1.835, 5.047e-5
-1.836, 5.131e-5
-1.837, 5.217e-5
-1.838, 5.308e-5
-1.839, 5.401e-5
-1.840, 5.496e-5
-1.841, 5.597e-5
-1.842, 5.696e-5
-1.843, 5.795e-5
-1.844, 5.900e-5
-1.845, 6.002e-5
-1.846, 6.108e-5
-1.847, 6.216e-5
-1.848, 6.328e-5
-1.849, 6.442e-5
-1.850, 6.559e-5
-1.851, 6.680e-5
-1.852, 6.800e-5
-1.853, 6.927e-5
-1.854, 7.056e-5
-1.855, 7.185e-5
-1.856, 7.319e-5
-1.857, 7.455e-5
-1.858, 7.590e-5
-1.859, 7.732e-5
-1.860, 7.873e-5
-1.861, 8.015e-5
-1.862, 8.142e-5
-1.863, 8.278e-5
-1.864, 8.418e-5
-1.865, 8.582e-5
-1.866, 8.728e-5
-1.867, 8.899e-5
-1.868, 9.056e-5
-1.869, 9.214e-5
-1.870, 9.402e-5
-1.871, 9.565e-5
-1.872, 9.725e-5
-1.873, 9.914e-5
-1.874, 1.009e-4
-1.875, 1.026e-4
-1.876, 1.047e-4
-1.877, 1.065e-4
-1.878, 1.083e-4
-1.879, 1.104e-4
-1.880, 1.124e-4
-1.881, 1.143e-4
-1.882, 1.165e-4
-1.883, 1.186e-4
-1.884, 1.206e-4
-1.885, 1.228e-4
-1.886, 1.252e-4
-1.887, 1.273e-4
-1.888, 1.294e-4
-1.889, 1.319e-4
-1.890, 1.343e-4
-1.891, 1.365e-4
-1.892, 1.390e-4
-1.893, 1.415e-4
-1.894, 1.438e-4
-1.895, 1.464e-4
-1.896, 1.491e-4
-1.897, 1.516e-4
-1.898, 1.542e-4
-1.899, 1.570e-4
-1.900, 1.596e-4
-1.901, 1.623e-4
-1.902, 1.653e-4
-1.903, 1.680e-4
-1.904, 1.707e-4
-1.905, 1.739e-4
-1.906, 1.768e-4
-1.907, 1.796e-4
-1.908, 1.829e-4
-1.909, 1.857e-4
-1.910, 1.885e-4
-1.911, 1.916e-4
-1.912, 1.945e-4
-1.913, 1.975e-4
-1.914, 2.009e-4
-1.915, 2.038e-4
-1.916, 2.069e-4
-1.917, 2.103e-4
-1.918, 2.135e-4
-1.919, 2.168e-4
-1.920, 2.203e-4
-1.921, 2.235e-4
-1.922, 2.270e-4
-1.923, 2.305e-4
-1.924, 2.338e-4
-1.925, 2.376e-4
-1.926, 2.409e-4
-1.927, 2.444e-4
-1.928, 2.482e-4
-1.929, 2.516e-4
-1.930, 2.553e-4
-1.931, 2.588e-4
-1.932, 2.626e-4
-1.933, 2.663e-4
-1.934, 2.701e-4
-1.935, 2.740e-4
-1.936, 2.775e-4
-1.937, 2.811e-4
-1.938, 2.846e-4
-1.939, 2.885e-4
-1.940, 2.922e-4
-1.941, 2.960e-4
-1.942, 2.999e-4
-1.943, 3.038e-4
-1.944, 3.079e-4
-1.945, 3.116e-4
-1.946, 3.158e-4
-1.947, 3.196e-4
-1.948, 3.239e-4
-1.949, 3.279e-4
-1.950, 3.323e-4
-1.951, 3.364e-4
-1.952, 3.406e-4
-1.953, 3.450e-4
-1.954, 3.490e-4
-1.955, 3.534e-4
-1.956, 3.576e-4
-1.957, 3.620e-4
-1.958, 3.662e-4
-1.959, 3.709e-4
-1.960, 3.753e-4
-1.961, 3.801e-4
-1.962, 3.846e-4
-1.963, 3.894e-4
-1.964, 3.941e-4
-1.965, 3.988e-4
-1.966, 4.036e-4
-1.967, 4.083e-4
-1.968, 4.132e-4
-1.969, 4.178e-4
-1.970, 4.229e-4
-1.971, 4.279e-4
-1.972, 4.331e-4
-1.973, 4.378e-4
-1.974, 4.429e-4
-1.975, 4.482e-4
-1.976, 4.537e-4
-1.977, 4.589e-4
-1.978, 4.640e-4
-1.979, 4.696e-4
-1.980, 4.748e-4
-1.981, 4.803e-4
-1.982, 4.855e-4
-1.983, 4.908e-4
-1.984, 4.961e-4
-1.985, 5.015e-4
-1.986, 5.068e-4
-1.987, 5.126e-4
-1.988, 5.182e-4
-1.989, 5.242e-4
-1.990, 5.299e-4
-1.991, 5.356e-4
-1.992, 5.416e-4
-1.993, 5.475e-4
-1.994, 5.533e-4
-1.995, 5.592e-4
-1.996, 5.652e-4
-1.997, 5.712e-4
-1.998, 5.778e-4
-1.999, 5.840e-4
-2.000, 5.904e-4
-2.001, 5.967e-4
-2.002, 6.027e-4
-2.003, 6.087e-4
-2.004, 6.150e-4
-2.005, 6.213e-4
-2.006, 6.276e-4
-2.007, 6.338e-4
-2.008, 6.399e-4
-2.009, 6.464e-4
-2.010, 6.527e-4
-2.011, 6.590e-4
-2.012, 6.654e-4
-2.013, 6.721e-4
-2.014, 6.790e-4
-2.015, 6.854e-4
-2.016, 6.920e-4
-2.017, 6.984e-4
-2.018, 7.052e-4
-2.019, 7.121e-4
-2.020, 7.190e-4
-2.021, 7.256e-4
-2.022, 7.325e-4
-2.023, 7.391e-4
-2.024, 7.458e-4
-2.025, 7.530e-4
-2.026, 7.599e-4
-2.027, 7.668e-4
-2.028, 7.742e-4
-2.029, 7.809e-4
-2.030, 7.875e-4
-2.031, 7.942e-4
-2.032, 8.016e-4
-2.033, 8.088e-4
-2.034, 8.159e-4
-2.035, 8.236e-4
-2.036, 8.307e-4
-2.037, 8.378e-4
-2.038, 8.446e-4
-2.039, 8.519e-4
-2.040, 8.591e-4
-2.041, 8.660e-4
-2.042, 8.733e-4
-2.043, 8.808e-4
-2.044, 8.882e-4
-2.045, 8.958e-4
-2.046, 9.033e-4
-2.047, 9.108e-4
-2.048, 9.185e-4
-2.049, 9.261e-4
-2.050, 9.336e-4
-2.051, 9.412e-4
-2.052, 9.494e-4
-2.053, 9.572e-4
-2.054, 9.643e-4
-2.055, 9.718e-4
-2.056, 9.793e-4
-2.057, 9.868e-4
-2.058, 9.938e-4
-2.059, 1.002e-3
-2.060, 1.009e-3
-2.061, 1.011e-3
-2.062, 1.011e-3
-2.063, 1.011e-3
-2.064, 1.011e-3
-2.065, 1.011e-3
-2.066, 1.011e-3
-2.067, 1.011e-3
-2.068, 1.011e-3
-2.069, 1.011e-3
-2.070, 1.011e-3
-2.071, 1.011e-3
-2.072, 1.011e-3
-2.073, 1.011e-3
-2.074, 1.011e-3
-2.075, 1.011e-3
-2.076, 1.011e-3
-2.077, 1.011e-3
-2.078, 1.011e-3
-2.079, 1.011e-3
-2.080, 1.011e-3
-2.081, 1.011e-3
-2.082, 1.011e-3
-2.083, 1.011e-3
-2.084, 1.011e-3
-2.085, 1.011e-3
-2.086, 1.011e-3
-2.087, 1.011e-3
-2.088, 1.011e-3
-2.089, 1.011e-3
-2.090, 1.011e-3
-2.091, 1.011e-3
-2.092, 1.011e-3
-2.093, 1.011e-3
-2.094, 1.011e-3
-2.095, 1.011e-3
-2.096, 1.011e-3
-2.097, 1.011e-3
-2.098, 1.011e-3
-2.099, 1.011e-3
