June 26, 2026   12:13:24
Linear Sweep Voltammetry
File: c:/users/guazh/data/20260623_doe_duplica2/2026-06-24-exp14\1acid_3ac-2026-06-26t12_10_11-lsvinphos\1acid_3ac_lsv_50mvs_efin_-2300mv.bin
Data Source:  Experiment
Instrument Model:  CHI760E
Header: LSV ran at 50 mVs with Efin at -2300mV
Note: 

Init E (V) = -0.6
Final E (V) = -2.3
Scan Rate (V/s) = 0.05
Sample Interval (V) = 0.001
Quiet Time (sec) = 2
Sensitivity (A/V) = 1e-4
Comp R (ohm) = 9.4

Results:

Channel 1:
Ep = -2.021V
ip = 7.824e-4A
Ah = 1.104e-3C

Potential/V, Current/A

-0.600, 2.111e-6
-0.601, 2.186e-6
-0.602, 2.225e-6
-0.603, 2.254e-6
-0.604, 2.279e-6
-0.605, 2.304e-6
-0.606, 2.327e-6
-0.607, 2.351e-6
-0.608, 2.374e-6
-0.609, 2.397e-6
-0.610, 2.420e-6
-0.611, 2.442e-6
-0.612, 2.464e-6
-0.613, 2.485e-6
-0.614, 2.508e-6
-0.615, 2.531e-6
-0.616, 2.554e-6
-0.617, 2.577e-6
-0.618, 2.597e-6
-0.619, 2.621e-6
-0.620, 2.644e-6
-0.621, 2.666e-6
-0.622, 2.689e-6
-0.623, 2.711e-6
-0.624, 2.734e-6
-0.625, 2.757e-6
-0.626, 2.780e-6
-0.627, 2.804e-6
-0.628, 2.827e-6
-0.629, 2.850e-6
-0.630, 2.875e-6
-0.631, 2.896e-6
-0.632, 2.920e-6
-0.633, 2.944e-6
-0.634, 2.968e-6
-0.635, 2.993e-6
-0.636, 3.016e-6
-0.637, 3.041e-6
-0.638, 3.065e-6
-0.639, 3.090e-6
-0.640, 3.117e-6
-0.641, 3.141e-6
-0.642, 3.168e-6
-0.643, 3.192e-6
-0.644, 3.219e-6
-0.645, 3.244e-6
-0.646, 3.269e-6
-0.647, 3.296e-6
-0.648, 3.320e-6
-0.649, 3.347e-6
-0.650, 3.374e-6
-0.651, 3.400e-6
-0.652, 3.427e-6
-0.653, 3.454e-6
-0.654, 3.482e-6
-0.655, 3.508e-6
-0.656, 3.533e-6
-0.657, 3.562e-6
-0.658, 3.587e-6
-0.659, 3.616e-6
-0.660, 3.645e-6
-0.661, 3.672e-6
-0.662, 3.700e-6
-0.663, 3.728e-6
-0.664, 3.757e-6
-0.665, 3.785e-6
-0.666, 3.814e-6
-0.667, 3.845e-6
-0.668, 3.872e-6
-0.669, 3.902e-6
-0.670, 3.931e-6
-0.671, 3.958e-6
-0.672, 3.989e-6
-0.673, 4.017e-6
-0.674, 4.047e-6
-0.675, 4.076e-6
-0.676, 4.105e-6
-0.677, 4.135e-6
-0.678, 4.163e-6
-0.679, 4.193e-6
-0.680, 4.224e-6
-0.681, 4.253e-6
-0.682, 4.283e-6
-0.683, 4.314e-6
-0.684, 4.345e-6
-0.685, 4.376e-6
-0.686, 4.407e-6
-0.687, 4.439e-6
-0.688, 4.470e-6
-0.689, 4.503e-6
-0.690, 4.536e-6
-0.691, 4.569e-6
-0.692, 4.600e-6
-0.693, 4.632e-6
-0.694, 4.665e-6
-0.695, 4.698e-6
-0.696, 4.730e-6
-0.697, 4.763e-6
-0.698, 4.795e-6
-0.699, 4.829e-6
-0.700, 4.862e-6
-0.701, 4.894e-6
-0.702, 4.927e-6
-0.703, 4.959e-6
-0.704, 4.994e-6
-0.705, 5.028e-6
-0.706, 5.062e-6
-0.707, 5.097e-6
-0.708, 5.129e-6
-0.709, 5.163e-6
-0.710, 5.197e-6
-0.711, 5.231e-6
-0.712, 5.266e-6
-0.713, 5.300e-6
-0.714, 5.335e-6
-0.715, 5.371e-6
-0.716, 5.404e-6
-0.717, 5.443e-6
-0.718, 5.482e-6
-0.719, 5.515e-6
-0.720, 5.549e-6
-0.721, 5.584e-6
-0.722, 5.619e-6
-0.723, 5.653e-6
-0.724, 5.687e-6
-0.725, 5.724e-6
-0.726, 5.760e-6
-0.727, 5.796e-6
-0.728, 5.831e-6
-0.729, 5.867e-6
-0.730, 5.900e-6
-0.731, 5.933e-6
-0.732, 5.969e-6
-0.733, 6.005e-6
-0.734, 6.040e-6
-0.735, 6.077e-6
-0.736, 6.113e-6
-0.737, 6.150e-6
-0.738, 6.183e-6
-0.739, 6.217e-6
-0.740, 6.252e-6
-0.741, 6.287e-6
-0.742, 6.327e-6
-0.743, 6.364e-6
-0.744, 6.402e-6
-0.745, 6.444e-6
-0.746, 6.479e-6
-0.747, 6.512e-6
-0.748, 6.548e-6
-0.749, 6.587e-6
-0.750, 6.624e-6
-0.751, 6.659e-6
-0.752, 6.695e-6
-0.753, 6.731e-6
-0.754, 6.768e-6
-0.755, 6.805e-6
-0.756, 6.841e-6
-0.757, 6.874e-6
-0.758, 6.909e-6
-0.759, 6.946e-6
-0.760, 6.980e-6
-0.761, 7.013e-6
-0.762, 7.054e-6
-0.763, 7.091e-6
-0.764, 7.129e-6
-0.765, 7.166e-6
-0.766, 7.226e-6
-0.767, 7.263e-6
-0.768, 7.303e-6
-0.769, 7.343e-6
-0.770, 7.375e-6
-0.771, 7.411e-6
-0.772, 7.445e-6
-0.773, 7.480e-6
-0.774, 7.517e-6
-0.775, 7.552e-6
-0.776, 7.586e-6
-0.777, 7.621e-6
-0.778, 7.653e-6
-0.779, 7.689e-6
-0.780, 7.726e-6
-0.781, 7.760e-6
-0.782, 7.793e-6
-0.783, 7.825e-6
-0.784, 7.860e-6
-0.785, 7.894e-6
-0.786, 7.927e-6
-0.787, 7.961e-6
-0.788, 7.995e-6
-0.789, 8.027e-6
-0.790, 8.060e-6
-0.791, 8.092e-6
-0.792, 8.125e-6
-0.793, 8.158e-6
-0.794, 8.192e-6
-0.795, 8.227e-6
-0.796, 8.260e-6
-0.797, 8.292e-6
-0.798, 8.324e-6
-0.799, 8.354e-6
-0.800, 8.385e-6
-0.801, 8.416e-6
-0.802, 8.447e-6
-0.803, 8.480e-6
-0.804, 8.511e-6
-0.805, 8.542e-6
-0.806, 8.572e-6
-0.807, 8.602e-6
-0.808, 8.629e-6
-0.809, 8.658e-6
-0.810, 8.690e-6
-0.811, 8.718e-6
-0.812, 8.748e-6
-0.813, 8.777e-6
-0.814, 8.807e-6
-0.815, 8.835e-6
-0.816, 8.862e-6
-0.817, 8.891e-6
-0.818, 8.917e-6
-0.819, 8.950e-6
-0.820, 8.984e-6
-0.821, 9.009e-6
-0.822, 9.035e-6
-0.823, 9.061e-6
-0.824, 9.090e-6
-0.825, 9.113e-6
-0.826, 9.150e-6
-0.827, 9.206e-6
-0.828, 9.235e-6
-0.829, 9.260e-6
-0.830, 9.285e-6
-0.831, 9.308e-6
-0.832, 9.334e-6
-0.833, 9.358e-6
-0.834, 9.380e-6
-0.835, 9.404e-6
-0.836, 9.427e-6
-0.837, 9.450e-6
-0.838, 9.475e-6
-0.839, 9.500e-6
-0.840, 9.524e-6
-0.841, 9.547e-6
-0.842, 9.569e-6
-0.843, 9.593e-6
-0.844, 9.614e-6
-0.845, 9.638e-6
-0.846, 9.658e-6
-0.847, 9.678e-6
-0.848, 9.699e-6
-0.849, 9.722e-6
-0.850, 9.743e-6
-0.851, 9.765e-6
-0.852, 9.786e-6
-0.853, 9.807e-6
-0.854, 9.828e-6
-0.855, 9.850e-6
-0.856, 9.872e-6
-0.857, 9.891e-6
-0.858, 9.911e-6
-0.859, 9.935e-6
-0.860, 9.955e-6
-0.861, 9.974e-6
-0.862, 9.996e-6
-0.863, 1.001e-5
-0.864, 1.003e-5
-0.865, 1.005e-5
-0.866, 1.007e-5
-0.867, 1.009e-5
-0.868, 1.010e-5
-0.869, 1.012e-5
-0.870, 1.015e-5
-0.871, 1.017e-5
-0.872, 1.018e-5
-0.873, 1.020e-5
-0.874, 1.022e-5
-0.875, 1.024e-5
-0.876, 1.026e-5
-0.877, 1.028e-5
-0.878, 1.029e-5
-0.879, 1.031e-5
-0.880, 1.033e-5
-0.881, 1.035e-5
-0.882, 1.037e-5
-0.883, 1.038e-5
-0.884, 1.040e-5
-0.885, 1.042e-5
-0.886, 1.045e-5
-0.887, 1.047e-5
-0.888, 1.048e-5
-0.889, 1.050e-5
-0.890, 1.051e-5
-0.891, 1.053e-5
-0.892, 1.055e-5
-0.893, 1.056e-5
-0.894, 1.058e-5
-0.895, 1.060e-5
-0.896, 1.061e-5
-0.897, 1.063e-5
-0.898, 1.064e-5
-0.899, 1.066e-5
-0.900, 1.068e-5
-0.901, 1.069e-5
-0.902, 1.071e-5
-0.903, 1.073e-5
-0.904, 1.074e-5
-0.905, 1.076e-5
-0.906, 1.078e-5
-0.907, 1.080e-5
-0.908, 1.081e-5
-0.909, 1.083e-5
-0.910, 1.084e-5
-0.911, 1.086e-5
-0.912, 1.088e-5
-0.913, 1.089e-5
-0.914, 1.091e-5
-0.915, 1.092e-5
-0.916, 1.093e-5
-0.917, 1.095e-5
-0.918, 1.097e-5
-0.919, 1.098e-5
-0.920, 1.099e-5
-0.921, 1.101e-5
-0.922, 1.102e-5
-0.923, 1.104e-5
-0.924, 1.105e-5
-0.925, 1.107e-5
-0.926, 1.108e-5
-0.927, 1.110e-5
-0.928, 1.111e-5
-0.929, 1.113e-5
-0.930, 1.114e-5
-0.931, 1.116e-5
-0.932, 1.117e-5
-0.933, 1.119e-5
-0.934, 1.120e-5
-0.935, 1.122e-5
-0.936, 1.123e-5
-0.937, 1.125e-5
-0.938, 1.127e-5
-0.939, 1.128e-5
-0.940, 1.129e-5
-0.941, 1.131e-5
-0.942, 1.132e-5
-0.943, 1.134e-5
-0.944, 1.135e-5
-0.945, 1.137e-5
-0.946, 1.138e-5
-0.947, 1.141e-5
-0.948, 1.142e-5
-0.949, 1.144e-5
-0.950, 1.145e-5
-0.951, 1.147e-5
-0.952, 1.148e-5
-0.953, 1.150e-5
-0.954, 1.151e-5
-0.955, 1.153e-5
-0.956, 1.154e-5
-0.957, 1.156e-5
-0.958, 1.157e-5
-0.959, 1.158e-5
-0.960, 1.160e-5
-0.961, 1.162e-5
-0.962, 1.163e-5
-0.963, 1.165e-5
-0.964, 1.167e-5
-0.965, 1.169e-5
-0.966, 1.170e-5
-0.967, 1.172e-5
-0.968, 1.174e-5
-0.969, 1.175e-5
-0.970, 1.180e-5
-0.971, 1.183e-5
-0.972, 1.185e-5
-0.973, 1.187e-5
-0.974, 1.189e-5
-0.975, 1.190e-5
-0.976, 1.192e-5
-0.977, 1.194e-5
-0.978, 1.195e-5
-0.979, 1.197e-5
-0.980, 1.198e-5
-0.981, 1.200e-5
-0.982, 1.201e-5
-0.983, 1.202e-5
-0.984, 1.203e-5
-0.985, 1.205e-5
-0.986, 1.206e-5
-0.987, 1.208e-5
-0.988, 1.209e-5
-0.989, 1.210e-5
-0.990, 1.212e-5
-0.991, 1.213e-5
-0.992, 1.215e-5
-0.993, 1.216e-5
-0.994, 1.218e-5
-0.995, 1.220e-5
-0.996, 1.221e-5
-0.997, 1.223e-5
-0.998, 1.225e-5
-0.999, 1.227e-5
-1.000, 1.228e-5
-1.001, 1.230e-5
-1.002, 1.232e-5
-1.003, 1.234e-5
-1.004, 1.236e-5
-1.005, 1.238e-5
-1.006, 1.240e-5
-1.007, 1.245e-5
-1.008, 1.250e-5
-1.009, 1.251e-5
-1.010, 1.253e-5
-1.011, 1.255e-5
-1.012, 1.257e-5
-1.013, 1.257e-5
-1.014, 1.258e-5
-1.015, 1.259e-5
-1.016, 1.261e-5
-1.017, 1.262e-5
-1.018, 1.264e-5
-1.019, 1.266e-5
-1.020, 1.267e-5
-1.021, 1.269e-5
-1.022, 1.271e-5
-1.023, 1.273e-5
-1.024, 1.276e-5
-1.025, 1.277e-5
-1.026, 1.273e-5
-1.027, 1.272e-5
-1.028, 1.272e-5
-1.029, 1.274e-5
-1.030, 1.275e-5
-1.031, 1.277e-5
-1.032, 1.278e-5
-1.033, 1.279e-5
-1.034, 1.281e-5
-1.035, 1.282e-5
-1.036, 1.283e-5
-1.037, 1.285e-5
-1.038, 1.287e-5
-1.039, 1.288e-5
-1.040, 1.290e-5
-1.041, 1.292e-5
-1.042, 1.294e-5
-1.043, 1.295e-5
-1.044, 1.297e-5
-1.045, 1.299e-5
-1.046, 1.301e-5
-1.047, 1.303e-5
-1.048, 1.304e-5
-1.049, 1.306e-5
-1.050, 1.308e-5
-1.051, 1.311e-5
-1.052, 1.318e-5
-1.053, 1.319e-5
-1.054, 1.320e-5
-1.055, 1.321e-5
-1.056, 1.323e-5
-1.057, 1.325e-5
-1.058, 1.326e-5
-1.059, 1.328e-5
-1.060, 1.330e-5
-1.061, 1.332e-5
-1.062, 1.333e-5
-1.063, 1.335e-5
-1.064, 1.337e-5
-1.065, 1.339e-5
-1.066, 1.340e-5
-1.067, 1.342e-5
-1.068, 1.344e-5
-1.069, 1.345e-5
-1.070, 1.347e-5
-1.071, 1.349e-5
-1.072, 1.351e-5
-1.073, 1.352e-5
-1.074, 1.354e-5
-1.075, 1.356e-5
-1.076, 1.358e-5
-1.077, 1.359e-5
-1.078, 1.361e-5
-1.079, 1.363e-5
-1.080, 1.365e-5
-1.081, 1.366e-5
-1.082, 1.368e-5
-1.083, 1.369e-5
-1.084, 1.371e-5
-1.085, 1.373e-5
-1.086, 1.376e-5
-1.087, 1.382e-5
-1.088, 1.389e-5
-1.089, 1.391e-5
-1.090, 1.393e-5
-1.091, 1.393e-5
-1.092, 1.394e-5
-1.093, 1.394e-5
-1.094, 1.396e-5
-1.095, 1.399e-5
-1.096, 1.402e-5
-1.097, 1.405e-5
-1.098, 1.407e-5
-1.099, 1.409e-5
-1.100, 1.411e-5
-1.101, 1.413e-5
-1.102, 1.414e-5
-1.103, 1.416e-5
-1.104, 1.420e-5
-1.105, 1.423e-5
-1.106, 1.423e-5
-1.107, 1.424e-5
-1.108, 1.425e-5
-1.109, 1.427e-5
-1.110, 1.429e-5
-1.111, 1.431e-5
-1.112, 1.432e-5
-1.113, 1.435e-5
-1.114, 1.437e-5
-1.115, 1.439e-5
-1.116, 1.441e-5
-1.117, 1.444e-5
-1.118, 1.446e-5
-1.119, 1.448e-5
-1.120, 1.450e-5
-1.121, 1.452e-5
-1.122, 1.454e-5
-1.123, 1.455e-5
-1.124, 1.457e-5
-1.125, 1.459e-5
-1.126, 1.461e-5
-1.127, 1.463e-5
-1.128, 1.465e-5
-1.129, 1.467e-5
-1.130, 1.469e-5
-1.131, 1.472e-5
-1.132, 1.495e-5
-1.133, 1.501e-5
-1.134, 1.502e-5
-1.135, 1.504e-5
-1.136, 1.505e-5
-1.137, 1.506e-5
-1.138, 1.508e-5
-1.139, 1.510e-5
-1.140, 1.515e-5
-1.141, 1.520e-5
-1.142, 1.523e-5
-1.143, 1.525e-5
-1.144, 1.527e-5
-1.145, 1.529e-5
-1.146, 1.530e-5
-1.147, 1.532e-5
-1.148, 1.534e-5
-1.149, 1.536e-5
-1.150, 1.537e-5
-1.151, 1.539e-5
-1.152, 1.541e-5
-1.153, 1.543e-5
-1.154, 1.544e-5
-1.155, 1.546e-5
-1.156, 1.548e-5
-1.157, 1.549e-5
-1.158, 1.551e-5
-1.159, 1.552e-5
-1.160, 1.554e-5
-1.161, 1.556e-5
-1.162, 1.553e-5
-1.163, 1.557e-5
-1.164, 1.555e-5
-1.165, 1.554e-5
-1.166, 1.554e-5
-1.167, 1.555e-5
-1.168, 1.557e-5
-1.169, 1.559e-5
-1.170, 1.561e-5
-1.171, 1.564e-5
-1.172, 1.566e-5
-1.173, 1.571e-5
-1.174, 1.569e-5
-1.175, 1.570e-5
-1.176, 1.572e-5
-1.177, 1.572e-5
-1.178, 1.575e-5
-1.179, 1.578e-5
-1.180, 1.580e-5
-1.181, 1.581e-5
-1.182, 1.583e-5
-1.183, 1.585e-5
-1.184, 1.587e-5
-1.185, 1.589e-5
-1.186, 1.590e-5
-1.187, 1.592e-5
-1.188, 1.594e-5
-1.189, 1.596e-5
-1.190, 1.599e-5
-1.191, 1.601e-5
-1.192, 1.602e-5
-1.193, 1.603e-5
-1.194, 1.605e-5
-1.195, 1.607e-5
-1.196, 1.609e-5
-1.197, 1.611e-5
-1.198, 1.614e-5
-1.199, 1.616e-5
-1.200, 1.617e-5
-1.201, 1.618e-5
-1.202, 1.620e-5
-1.203, 1.622e-5
-1.204, 1.624e-5
-1.205, 1.626e-5
-1.206, 1.628e-5
-1.207, 1.629e-5
-1.208, 1.631e-5
-1.209, 1.633e-5
-1.210, 1.635e-5
-1.211, 1.637e-5
-1.212, 1.639e-5
-1.213, 1.641e-5
-1.214, 1.643e-5
-1.215, 1.645e-5
-1.216, 1.647e-5
-1.217, 1.649e-5
-1.218, 1.650e-5
-1.219, 1.652e-5
-1.220, 1.654e-5
-1.221, 1.655e-5
-1.222, 1.657e-5
-1.223, 1.659e-5
-1.224, 1.662e-5
-1.225, 1.663e-5
-1.226, 1.664e-5
-1.227, 1.666e-5
-1.228, 1.668e-5
-1.229, 1.671e-5
-1.230, 1.673e-5
-1.231, 1.674e-5
-1.232, 1.676e-5
-1.233, 1.678e-5
-1.234, 1.679e-5
-1.235, 1.682e-5
-1.236, 1.684e-5
-1.237, 1.687e-5
-1.238, 1.688e-5
-1.239, 1.689e-5
-1.240, 1.690e-5
-1.241, 1.694e-5
-1.242, 1.696e-5
-1.243, 1.698e-5
-1.244, 1.700e-5
-1.245, 1.702e-5
-1.246, 1.703e-5
-1.247, 1.705e-5
-1.248, 1.707e-5
-1.249, 1.709e-5
-1.250, 1.711e-5
-1.251, 1.713e-5
-1.252, 1.715e-5
-1.253, 1.716e-5
-1.254, 1.718e-5
-1.255, 1.721e-5
-1.256, 1.723e-5
-1.257, 1.724e-5
-1.258, 1.727e-5
-1.259, 1.731e-5
-1.260, 1.732e-5
-1.261, 1.733e-5
-1.262, 1.735e-5
-1.263, 1.736e-5
-1.264, 1.738e-5
-1.265, 1.740e-5
-1.266, 1.743e-5
-1.267, 1.745e-5
-1.268, 1.747e-5
-1.269, 1.749e-5
-1.270, 1.751e-5
-1.271, 1.752e-5
-1.272, 1.754e-5
-1.273, 1.756e-5
-1.274, 1.759e-5
-1.275, 1.761e-5
-1.276, 1.762e-5
-1.277, 1.764e-5
-1.278, 1.767e-5
-1.279, 1.769e-5
-1.280, 1.771e-5
-1.281, 1.773e-5
-1.282, 1.775e-5
-1.283, 1.779e-5
-1.284, 1.782e-5
-1.285, 1.784e-5
-1.286, 1.788e-5
-1.287, 1.798e-5
-1.288, 1.800e-5
-1.289, 1.801e-5
-1.290, 1.801e-5
-1.291, 1.802e-5
-1.292, 1.803e-5
-1.293, 1.804e-5
-1.294, 1.806e-5
-1.295, 1.808e-5
-1.296, 1.810e-5
-1.297, 1.812e-5
-1.298, 1.813e-5
-1.299, 1.816e-5
-1.300, 1.818e-5
-1.301, 1.820e-5
-1.302, 1.821e-5
-1.303, 1.821e-5
-1.304, 1.822e-5
-1.305, 1.824e-5
-1.306, 1.828e-5
-1.307, 1.830e-5
-1.308, 1.832e-5
-1.309, 1.835e-5
-1.310, 1.836e-5
-1.311, 1.838e-5
-1.312, 1.841e-5
-1.313, 1.843e-5
-1.314, 1.846e-5
-1.315, 1.849e-5
-1.316, 1.851e-5
-1.317, 1.852e-5
-1.318, 1.853e-5
-1.319, 1.856e-5
-1.320, 1.859e-5
-1.321, 1.859e-5
-1.322, 1.860e-5
-1.323, 1.862e-5
-1.324, 1.864e-5
-1.325, 1.866e-5
-1.326, 1.869e-5
-1.327, 1.871e-5
-1.328, 1.872e-5
-1.329, 1.876e-5
-1.330, 1.879e-5
-1.331, 1.881e-5
-1.332, 1.883e-5
-1.333, 1.884e-5
-1.334, 1.887e-5
-1.335, 1.888e-5
-1.336, 1.891e-5
-1.337, 1.894e-5
-1.338, 1.896e-5
-1.339, 1.899e-5
-1.340, 1.901e-5
-1.341, 1.902e-5
-1.342, 1.904e-5
-1.343, 1.906e-5
-1.344, 1.908e-5
-1.345, 1.910e-5
-1.346, 1.911e-5
-1.347, 1.916e-5
-1.348, 1.919e-5
-1.349, 1.920e-5
-1.350, 1.922e-5
-1.351, 1.924e-5
-1.352, 1.926e-5
-1.353, 1.928e-5
-1.354, 1.930e-5
-1.355, 1.932e-5
-1.356, 1.934e-5
-1.357, 1.935e-5
-1.358, 1.937e-5
-1.359, 1.940e-5
-1.360, 1.943e-5
-1.361, 1.945e-5
-1.362, 1.947e-5
-1.363, 1.957e-5
-1.364, 1.967e-5
-1.365, 1.973e-5
-1.366, 1.978e-5
-1.367, 1.982e-5
-1.368, 1.985e-5
-1.369, 1.988e-5
-1.370, 1.992e-5
-1.371, 1.995e-5
-1.372, 1.998e-5
-1.373, 2.001e-5
-1.374, 2.003e-5
-1.375, 2.004e-5
-1.376, 2.006e-5
-1.377, 2.008e-5
-1.378, 2.010e-5
-1.379, 2.012e-5
-1.380, 2.013e-5
-1.381, 2.014e-5
-1.382, 2.016e-5
-1.383, 2.018e-5
-1.384, 2.022e-5
-1.385, 2.024e-5
-1.386, 2.025e-5
-1.387, 2.026e-5
-1.388, 2.028e-5
-1.389, 2.030e-5
-1.390, 2.032e-5
-1.391, 2.034e-5
-1.392, 2.038e-5
-1.393, 2.038e-5
-1.394, 2.040e-5
-1.395, 2.042e-5
-1.396, 2.044e-5
-1.397, 2.046e-5
-1.398, 2.048e-5
-1.399, 2.051e-5
-1.400, 2.053e-5
-1.401, 2.055e-5
-1.402, 2.057e-5
-1.403, 2.060e-5
-1.404, 2.064e-5
-1.405, 2.066e-5
-1.406, 2.067e-5
-1.407, 2.068e-5
-1.408, 2.070e-5
-1.409, 2.076e-5
-1.410, 2.079e-5
-1.411, 2.079e-5
-1.412, 2.079e-5
-1.413, 2.083e-5
-1.414, 2.103e-5
-1.415, 2.107e-5
-1.416, 2.110e-5
-1.417, 2.111e-5
-1.418, 2.112e-5
-1.419, 2.115e-5
-1.420, 2.117e-5
-1.421, 2.121e-5
-1.422, 2.121e-5
-1.423, 2.121e-5
-1.424, 2.122e-5
-1.425, 2.123e-5
-1.426, 2.125e-5
-1.427, 2.123e-5
-1.428, 2.125e-5
-1.429, 2.126e-5
-1.430, 2.127e-5
-1.431, 2.129e-5
-1.432, 2.132e-5
-1.433, 2.135e-5
-1.434, 2.137e-5
-1.435, 2.139e-5
-1.436, 2.142e-5
-1.437, 2.149e-5
-1.438, 2.152e-5
-1.439, 2.151e-5
-1.440, 2.152e-5
-1.441, 2.154e-5
-1.442, 2.158e-5
-1.443, 2.160e-5
-1.444, 2.163e-5
-1.445, 2.166e-5
-1.446, 2.168e-5
-1.447, 2.170e-5
-1.448, 2.172e-5
-1.449, 2.175e-5
-1.450, 2.177e-5
-1.451, 2.179e-5
-1.452, 2.181e-5
-1.453, 2.184e-5
-1.454, 2.189e-5
-1.455, 2.191e-5
-1.456, 2.193e-5
-1.457, 2.196e-5
-1.458, 2.200e-5
-1.459, 2.202e-5
-1.460, 2.205e-5
-1.461, 2.207e-5
-1.462, 2.209e-5
-1.463, 2.212e-5
-1.464, 2.214e-5
-1.465, 2.217e-5
-1.466, 2.219e-5
-1.467, 2.222e-5
-1.468, 2.225e-5
-1.469, 2.227e-5
-1.470, 2.230e-5
-1.471, 2.232e-5
-1.472, 2.236e-5
-1.473, 2.239e-5
-1.474, 2.242e-5
-1.475, 2.245e-5
-1.476, 2.247e-5
-1.477, 2.250e-5
-1.478, 2.253e-5
-1.479, 2.255e-5
-1.480, 2.258e-5
-1.481, 2.263e-5
-1.482, 2.267e-5
-1.483, 2.269e-5
-1.484, 2.272e-5
-1.485, 2.281e-5
-1.486, 2.287e-5
-1.487, 2.290e-5
-1.488, 2.292e-5
-1.489, 2.296e-5
-1.490, 2.293e-5
-1.491, 2.295e-5
-1.492, 2.298e-5
-1.493, 2.300e-5
-1.494, 2.303e-5
-1.495, 2.306e-5
-1.496, 2.309e-5
-1.497, 2.312e-5
-1.498, 2.316e-5
-1.499, 2.320e-5
-1.500, 2.323e-5
-1.501, 2.327e-5
-1.502, 2.331e-5
-1.503, 2.334e-5
-1.504, 2.337e-5
-1.505, 2.340e-5
-1.506, 2.344e-5
-1.507, 2.348e-5
-1.508, 2.351e-5
-1.509, 2.353e-5
-1.510, 2.356e-5
-1.511, 2.359e-5
-1.512, 2.362e-5
-1.513, 2.365e-5
-1.514, 2.368e-5
-1.515, 2.371e-5
-1.516, 2.375e-5
-1.517, 2.379e-5
-1.518, 2.383e-5
-1.519, 2.386e-5
-1.520, 2.389e-5
-1.521, 2.392e-5
-1.522, 2.395e-5
-1.523, 2.399e-5
-1.524, 2.408e-5
-1.525, 2.464e-5
-1.526, 2.420e-5
-1.527, 2.411e-5
-1.528, 2.407e-5
-1.529, 2.404e-5
-1.530, 2.403e-5
-1.531, 2.402e-5
-1.532, 2.400e-5
-1.533, 2.397e-5
-1.534, 2.397e-5
-1.535, 2.398e-5
-1.536, 2.400e-5
-1.537, 2.404e-5
-1.538, 2.406e-5
-1.539, 2.409e-5
-1.540, 2.416e-5
-1.541, 2.421e-5
-1.542, 2.425e-5
-1.543, 2.429e-5
-1.544, 2.433e-5
-1.545, 2.435e-5
-1.546, 2.439e-5
-1.547, 2.442e-5
-1.548, 2.446e-5
-1.549, 2.450e-5
-1.550, 2.455e-5
-1.551, 2.459e-5
-1.552, 2.462e-5
-1.553, 2.466e-5
-1.554, 2.471e-5
-1.555, 2.487e-5
-1.556, 2.499e-5
-1.557, 2.510e-5
-1.558, 2.517e-5
-1.559, 2.523e-5
-1.560, 2.530e-5
-1.561, 2.538e-5
-1.562, 2.543e-5
-1.563, 2.547e-5
-1.564, 2.553e-5
-1.565, 2.551e-5
-1.566, 2.549e-5
-1.567, 2.553e-5
-1.568, 2.560e-5
-1.569, 2.572e-5
-1.570, 2.577e-5
-1.571, 2.582e-5
-1.572, 2.587e-5
-1.573, 2.591e-5
-1.574, 2.600e-5
-1.575, 2.606e-5
-1.576, 2.610e-5
-1.577, 2.615e-5
-1.578, 2.622e-5
-1.579, 2.628e-5
-1.580, 2.634e-5
-1.581, 2.638e-5
-1.582, 2.643e-5
-1.583, 2.648e-5
-1.584, 2.654e-5
-1.585, 2.660e-5
-1.586, 2.665e-5
-1.587, 2.670e-5
-1.588, 2.676e-5
-1.589, 2.680e-5
-1.590, 2.685e-5
-1.591, 2.688e-5
-1.592, 2.693e-5
-1.593, 2.700e-5
-1.594, 2.706e-5
-1.595, 2.712e-5
-1.596, 2.717e-5
-1.597, 2.723e-5
-1.598, 2.733e-5
-1.599, 2.739e-5
-1.600, 2.744e-5
-1.601, 2.754e-5
-1.602, 2.757e-5
-1.603, 2.757e-5
-1.604, 2.762e-5
-1.605, 2.767e-5
-1.606, 2.772e-5
-1.607, 2.777e-5
-1.608, 2.783e-5
-1.609, 2.794e-5
-1.610, 2.801e-5
-1.611, 2.805e-5
-1.612, 2.810e-5
-1.613, 2.818e-5
-1.614, 2.825e-5
-1.615, 2.833e-5
-1.616, 2.848e-5
-1.617, 2.858e-5
-1.618, 2.864e-5
-1.619, 2.869e-5
-1.620, 2.875e-5
-1.621, 2.881e-5
-1.622, 2.887e-5
-1.623, 2.894e-5
-1.624, 2.900e-5
-1.625, 2.907e-5
-1.626, 2.915e-5
-1.627, 2.921e-5
-1.628, 2.928e-5
-1.629, 2.940e-5
-1.630, 2.948e-5
-1.631, 2.952e-5
-1.632, 2.956e-5
-1.633, 2.963e-5
-1.634, 2.969e-5
-1.635, 2.977e-5
-1.636, 2.983e-5
-1.637, 2.989e-5
-1.638, 2.996e-5
-1.639, 3.005e-5
-1.640, 3.013e-5
-1.641, 3.020e-5
-1.642, 3.026e-5
-1.643, 3.033e-5
-1.644, 3.040e-5
-1.645, 3.047e-5
-1.646, 3.053e-5
-1.647, 3.060e-5
-1.648, 3.069e-5
-1.649, 3.080e-5
-1.650, 3.089e-5
-1.651, 3.096e-5
-1.652, 3.105e-5
-1.653, 3.112e-5
-1.654, 3.121e-5
-1.655, 3.130e-5
-1.656, 3.137e-5
-1.657, 3.146e-5
-1.658, 3.155e-5
-1.659, 3.163e-5
-1.660, 3.172e-5
-1.661, 3.184e-5
-1.662, 3.198e-5
-1.663, 3.205e-5
-1.664, 3.216e-5
-1.665, 3.228e-5
-1.666, 3.239e-5
-1.667, 3.249e-5
-1.668, 3.258e-5
-1.669, 3.268e-5
-1.670, 3.279e-5
-1.671, 3.288e-5
-1.672, 3.298e-5
-1.673, 3.308e-5
-1.674, 3.318e-5
-1.675, 3.332e-5
-1.676, 3.342e-5
-1.677, 3.353e-5
-1.678, 3.363e-5
-1.679, 3.373e-5
-1.680, 3.384e-5
-1.681, 3.394e-5
-1.682, 3.405e-5
-1.683, 3.416e-5
-1.684, 3.428e-5
-1.685, 3.439e-5
-1.686, 3.452e-5
-1.687, 3.463e-5
-1.688, 3.478e-5
-1.689, 3.493e-5
-1.690, 3.507e-5
-1.691, 3.518e-5
-1.692, 3.530e-5
-1.693, 3.544e-5
-1.694, 3.565e-5
-1.695, 3.580e-5
-1.696, 3.598e-5
-1.697, 3.612e-5
-1.698, 3.626e-5
-1.699, 3.639e-5
-1.700, 3.652e-5
-1.701, 3.665e-5
-1.702, 3.679e-5
-1.703, 3.693e-5
-1.704, 3.705e-5
-1.705, 3.716e-5
-1.706, 3.731e-5
-1.707, 3.747e-5
-1.708, 3.764e-5
-1.709, 3.780e-5
-1.710, 3.797e-5
-1.711, 3.813e-5
-1.712, 3.829e-5
-1.713, 3.846e-5
-1.714, 3.865e-5
-1.715, 3.884e-5
-1.716, 3.901e-5
-1.717, 3.920e-5
-1.718, 3.939e-5
-1.719, 3.958e-5
-1.720, 3.978e-5
-1.721, 3.997e-5
-1.722, 4.018e-5
-1.723, 4.040e-5
-1.724, 4.061e-5
-1.725, 4.081e-5
-1.726, 4.102e-5
-1.727, 4.124e-5
-1.728, 4.147e-5
-1.729, 4.178e-5
-1.730, 4.204e-5
-1.731, 4.224e-5
-1.732, 4.244e-5
-1.733, 4.267e-5
-1.734, 4.291e-5
-1.735, 4.314e-5
-1.736, 4.337e-5
-1.737, 4.363e-5
-1.738, 4.391e-5
-1.739, 4.418e-5
-1.740, 4.444e-5
-1.741, 4.471e-5
-1.742, 4.500e-5
-1.743, 4.531e-5
-1.744, 4.560e-5
-1.745, 4.590e-5
-1.746, 4.616e-5
-1.747, 4.644e-5
-1.748, 4.671e-5
-1.749, 4.718e-5
-1.750, 4.786e-5
-1.751, 4.831e-5
-1.752, 4.868e-5
-1.753, 4.904e-5
-1.754, 4.941e-5
-1.755, 4.978e-5
-1.756, 5.016e-5
-1.757, 5.053e-5
-1.758, 5.089e-5
-1.759, 5.128e-5
-1.760, 5.166e-5
-1.761, 5.204e-5
-1.762, 5.244e-5
-1.763, 5.282e-5
-1.764, 5.324e-5
-1.765, 5.365e-5
-1.766, 5.405e-5
-1.767, 5.448e-5
-1.768, 5.465e-5
-1.769, 5.510e-5
-1.770, 5.558e-5
-1.771, 5.604e-5
-1.772, 5.652e-5
-1.773, 5.704e-5
-1.774, 5.764e-5
-1.775, 5.821e-5
-1.776, 5.877e-5
-1.777, 5.931e-5
-1.778, 5.987e-5
-1.779, 6.053e-5
-1.780, 6.110e-5
-1.781, 6.171e-5
-1.782, 6.230e-5
-1.783, 6.283e-5
-1.784, 6.341e-5
-1.785, 6.405e-5
-1.786, 6.471e-5
-1.787, 6.535e-5
-1.788, 6.599e-5
-1.789, 6.666e-5
-1.790, 6.733e-5
-1.791, 6.803e-5
-1.792, 6.874e-5
-1.793, 6.944e-5
-1.794, 7.015e-5
-1.795, 7.095e-5
-1.796, 7.173e-5
-1.797, 7.247e-5
-1.798, 7.323e-5
-1.799, 7.403e-5
-1.800, 7.487e-5
-1.801, 7.568e-5
-1.802, 7.651e-5
-1.803, 7.736e-5
-1.804, 7.824e-5
-1.805, 7.914e-5
-1.806, 8.004e-5
-1.807, 8.095e-5
-1.808, 8.185e-5
-1.809, 8.278e-5
-1.810, 8.375e-5
-1.811, 8.476e-5
-1.812, 8.575e-5
-1.813, 8.675e-5
-1.814, 8.782e-5
-1.815, 8.887e-5
-1.816, 8.993e-5
-1.817, 9.103e-5
-1.818, 9.239e-5
-1.819, 9.327e-5
-1.820, 9.431e-5
-1.821, 9.533e-5
-1.822, 9.638e-5
-1.823, 9.750e-5
-1.824, 9.867e-5
-1.825, 9.990e-5
-1.826, 1.011e-4
-1.827, 1.023e-4
-1.828, 1.037e-4
-1.829, 1.051e-4
-1.830, 1.066e-4
-1.831, 1.079e-4
-1.832, 1.093e-4
-1.833, 1.106e-4
-1.834, 1.119e-4
-1.835, 1.134e-4
-1.836, 1.148e-4
-1.837, 1.163e-4
-1.838, 1.178e-4
-1.839, 1.193e-4
-1.840, 1.209e-4
-1.841, 1.225e-4
-1.842, 1.241e-4
-1.843, 1.258e-4
-1.844, 1.275e-4
-1.845, 1.293e-4
-1.846, 1.311e-4
-1.847, 1.330e-4
-1.848, 1.348e-4
-1.849, 1.367e-4
-1.850, 1.387e-4
-1.851, 1.407e-4
-1.852, 1.429e-4
-1.853, 1.449e-4
-1.854, 1.471e-4
-1.855, 1.490e-4
-1.856, 1.510e-4
-1.857, 1.531e-4
-1.858, 1.553e-4
-1.859, 1.574e-4
-1.860, 1.596e-4
-1.861, 1.619e-4
-1.862, 1.641e-4
-1.863, 1.665e-4
-1.864, 1.690e-4
-1.865, 1.715e-4
-1.866, 1.741e-4
-1.867, 1.768e-4
-1.868, 1.795e-4
-1.869, 1.821e-4
-1.870, 1.848e-4
-1.871, 1.875e-4
-1.872, 1.903e-4
-1.873, 1.930e-4
-1.874, 1.957e-4
-1.875, 1.985e-4
-1.876, 2.013e-4
-1.877, 2.041e-4
-1.878, 2.071e-4
-1.879, 2.101e-4
-1.880, 2.133e-4
-1.881, 2.164e-4
-1.882, 2.195e-4
-1.883, 2.226e-4
-1.884, 2.257e-4
-1.885, 2.290e-4
-1.886, 2.322e-4
-1.887, 2.355e-4
-1.888, 2.387e-4
-1.889, 2.418e-4
-1.890, 2.450e-4
-1.891, 2.491e-4
-1.892, 2.524e-4
-1.893, 2.560e-4
-1.894, 2.595e-4
-1.895, 2.630e-4
-1.896, 2.665e-4
-1.897, 2.703e-4
-1.898, 2.741e-4
-1.899, 2.779e-4
-1.900, 2.817e-4
-1.901, 2.858e-4
-1.902, 2.900e-4
-1.903, 2.938e-4
-1.904, 2.978e-4
-1.905, 3.018e-4
-1.906, 3.057e-4
-1.907, 3.094e-4
-1.908, 3.131e-4
-1.909, 3.172e-4
-1.910, 3.214e-4
-1.911, 3.257e-4
-1.912, 3.300e-4
-1.913, 3.342e-4
-1.914, 3.384e-4
-1.915, 3.429e-4
-1.916, 3.473e-4
-1.917, 3.516e-4
-1.918, 3.562e-4
-1.919, 3.608e-4
-1.920, 3.654e-4
-1.921, 3.701e-4
-1.922, 3.748e-4
-1.923, 3.793e-4
-1.924, 3.839e-4
-1.925, 3.888e-4
-1.926, 3.936e-4
-1.927, 3.985e-4
-1.928, 4.033e-4
-1.929, 4.081e-4
-1.930, 4.130e-4
-1.931, 4.181e-4
-1.932, 4.230e-4
-1.933, 4.282e-4
-1.934, 4.334e-4
-1.935, 4.386e-4
-1.936, 4.439e-4
-1.937, 4.493e-4
-1.938, 4.547e-4
-1.939, 4.599e-4
-1.940, 4.653e-4
-1.941, 4.706e-4
-1.942, 4.757e-4
-1.943, 4.810e-4
-1.944, 4.863e-4
-1.945, 4.919e-4
-1.946, 4.977e-4
-1.947, 5.033e-4
-1.948, 5.088e-4
-1.949, 5.144e-4
-1.950, 5.200e-4
-1.951, 5.256e-4
-1.952, 5.314e-4
-1.953, 5.372e-4
-1.954, 5.427e-4
-1.955, 5.483e-4
-1.956, 5.542e-4
-1.957, 5.601e-4
-1.958, 5.660e-4
-1.959, 5.719e-4
-1.960, 5.776e-4
-1.961, 5.837e-4
-1.962, 5.898e-4
-1.963, 5.960e-4
-1.964, 6.021e-4
-1.965, 6.083e-4
-1.966, 6.144e-4
-1.967, 6.205e-4
-1.968, 6.265e-4
-1.969, 6.325e-4
-1.970, 6.389e-4
-1.971, 6.450e-4
-1.972, 6.515e-4
-1.973, 6.582e-4
-1.974, 6.648e-4
-1.975, 6.718e-4
-1.976, 6.785e-4
-1.977, 6.853e-4
-1.978, 6.917e-4
-1.979, 6.986e-4
-1.980, 7.055e-4
-1.981, 7.127e-4
-1.982, 7.198e-4
-1.983, 7.266e-4
-1.984, 7.334e-4
-1.985, 7.405e-4
-1.986, 7.476e-4
-1.987, 7.550e-4
-1.988, 7.623e-4
-1.989, 7.695e-4
-1.990, 7.766e-4
-1.991, 7.839e-4
-1.992, 7.911e-4
-1.993, 7.984e-4
-1.994, 8.060e-4
-1.995, 8.134e-4
-1.996, 8.209e-4
-1.997, 8.284e-4
-1.998, 8.361e-4
-1.999, 8.435e-4
-2.000, 8.510e-4
-2.001, 8.585e-4
-2.002, 8.658e-4
-2.003, 8.733e-4
-2.004, 8.818e-4
-2.005, 8.894e-4
-2.006, 8.968e-4
-2.007, 9.045e-4
-2.008, 9.125e-4
-2.009, 9.204e-4
-2.010, 9.285e-4
-2.011, 9.363e-4
-2.012, 9.440e-4
-2.013, 9.520e-4
-2.014, 9.596e-4
-2.015, 9.672e-4
-2.016, 9.751e-4
-2.017, 9.830e-4
-2.018, 9.915e-4
-2.019, 9.994e-4
-2.020, 1.009e-3
-2.021, 1.011e-3
-2.022, 1.011e-3
-2.023, 1.011e-3
-2.024, 1.011e-3
-2.025, 1.011e-3
-2.026, 1.011e-3
-2.027, 1.011e-3
-2.028, 1.011e-3
-2.029, 1.011e-3
-2.030, 1.011e-3
-2.031, 1.011e-3
-2.032, 1.011e-3
-2.033, 1.011e-3
-2.034, 1.011e-3
-2.035, 1.011e-3
-2.036, 1.011e-3
-2.037, 1.011e-3
-2.038, 1.011e-3
-2.039, 1.011e-3
-2.040, 1.011e-3
-2.041, 1.011e-3
-2.042, 1.011e-3
-2.043, 1.011e-3
-2.044, 1.011e-3
-2.045, 1.011e-3
-2.046, 1.011e-3
-2.047, 1.011e-3
-2.048, 1.011e-3
-2.049, 1.011e-3
-2.050, 1.011e-3
-2.051, 1.011e-3
-2.052, 1.011e-3
-2.053, 1.011e-3
-2.054, 1.011e-3
-2.055, 1.011e-3
-2.056, 1.011e-3
-2.057, 1.011e-3
-2.058, 1.011e-3
-2.059, 1.011e-3
-2.060, 1.011e-3
-2.061, 1.011e-3
-2.062, 1.011e-3
-2.063, 1.011e-3
-2.064, 1.011e-3
-2.065, 1.011e-3
-2.066, 1.011e-3
-2.067, 1.011e-3
-2.068, 1.011e-3
-2.069, 1.011e-3
-2.070, 1.011e-3
-2.071, 1.011e-3
-2.072, 1.011e-3
-2.073, 1.011e-3
-2.074, 1.011e-3
-2.075, 1.011e-3
-2.076, 1.011e-3
-2.077, 1.011e-3
-2.078, 1.011e-3
-2.079, 1.011e-3
-2.080, 1.011e-3
-2.081, 1.011e-3
-2.082, 1.011e-3
-2.083, 1.011e-3
-2.084, 1.011e-3
-2.085, 1.011e-3
-2.086, 1.011e-3
-2.087, 1.011e-3
-2.088, 1.011e-3
-2.089, 1.011e-3
-2.090, 1.011e-3
-2.091, 1.011e-3
-2.092, 1.011e-3
-2.093, 1.011e-3
-2.094, 1.011e-3
-2.095, 1.011e-3
-2.096, 1.011e-3
-2.097, 1.011e-3
-2.098, 1.011e-3
-2.099, 1.011e-3
-2.100, 1.011e-3
-2.101, 1.011e-3
-2.102, 1.011e-3
-2.103, 1.011e-3
-2.104, 1.011e-3
-2.105, 1.011e-3
-2.106, 1.011e-3
-2.107, 1.011e-3
-2.108, 1.011e-3
-2.109, 1.011e-3
-2.110, 1.011e-3
-2.111, 1.011e-3
-2.112, 1.011e-3
-2.113, 1.011e-3
-2.114, 1.011e-3
-2.115, 1.011e-3
-2.116, 1.011e-3
-2.117, 1.011e-3
-2.118, 1.011e-3
-2.119, 1.011e-3
-2.120, 1.011e-3
-2.121, 1.011e-3
-2.122, 1.011e-3
-2.123, 1.011e-3
-2.124, 1.011e-3
-2.125, 1.011e-3
-2.126, 1.011e-3
-2.127, 1.011e-3
-2.128, 1.011e-3
-2.129, 1.011e-3
-2.130, 1.011e-3
-2.131, 1.011e-3
-2.132, 1.011e-3
-2.133, 1.011e-3
-2.134, 1.011e-3
-2.135, 1.011e-3
-2.136, 1.011e-3
-2.137, 1.011e-3
-2.138, 1.011e-3
-2.139, 1.011e-3
-2.140, 1.011e-3
-2.141, 1.011e-3
-2.142, 1.011e-3
-2.143, 1.011e-3
-2.144, 1.011e-3
-2.145, 1.011e-3
-2.146, 1.011e-3
-2.147, 1.011e-3
-2.148, 1.011e-3
-2.149, 1.011e-3
-2.150, 1.011e-3
-2.151, 1.011e-3
-2.152, 1.011e-3
-2.153, 1.011e-3
-2.154, 1.011e-3
-2.155, 1.011e-3
-2.156, 1.011e-3
-2.157, 1.011e-3
-2.158, 1.011e-3
-2.159, 1.011e-3
-2.160, 1.011e-3
-2.161, 1.011e-3
-2.162, 1.011e-3
-2.163, 1.011e-3
-2.164, 1.011e-3
-2.165, 1.011e-3
-2.166, 1.011e-3
-2.167, 1.011e-3
-2.168, 1.011e-3
-2.169, 1.011e-3
-2.170, 1.011e-3
-2.171, 1.011e-3
-2.172, 1.011e-3
-2.173, 1.011e-3
-2.174, 1.011e-3
-2.175, 1.011e-3
-2.176, 1.011e-3
-2.177, 1.011e-3
-2.178, 1.011e-3
-2.179, 1.011e-3
-2.180, 1.011e-3
-2.181, 1.011e-3
-2.182, 1.011e-3
-2.183, 1.011e-3
-2.184, 1.011e-3
-2.185, 1.011e-3
-2.186, 1.011e-3
-2.187, 1.011e-3
-2.188, 1.011e-3
-2.189, 1.011e-3
-2.190, 1.011e-3
-2.191, 1.011e-3
-2.192, 1.011e-3
-2.193, 1.011e-3
-2.194, 1.011e-3
-2.195, 1.011e-3
-2.196, 1.011e-3
-2.197, 1.011e-3
-2.198, 1.011e-3
-2.199, 1.011e-3
-2.200, 1.011e-3
-2.201, 1.011e-3
-2.202, 1.011e-3
-2.203, 1.011e-3
-2.204, 1.011e-3
-2.205, 1.011e-3
-2.206, 1.011e-3
-2.207, 1.011e-3
-2.208, 1.011e-3
-2.209, 1.011e-3
-2.210, 1.011e-3
-2.211, 1.011e-3
-2.212, 1.011e-3
-2.213, 1.011e-3
-2.214, 1.011e-3
-2.215, 1.011e-3
-2.216, 1.011e-3
-2.217, 1.011e-3
-2.218, 1.011e-3
-2.219, 1.011e-3
-2.220, 1.011e-3
-2.221, 1.011e-3
-2.222, 1.011e-3
-2.223, 1.011e-3
-2.224, 1.011e-3
-2.225, 1.011e-3
-2.226, 1.011e-3
-2.227, 1.011e-3
-2.228, 1.011e-3
-2.229, 1.011e-3
-2.230, 1.011e-3
-2.231, 1.011e-3
-2.232, 1.011e-3
-2.233, 1.011e-3
-2.234, 1.011e-3
-2.235, 1.011e-3
-2.236, 1.011e-3
-2.237, 1.011e-3
-2.238, 1.011e-3
-2.239, 1.011e-3
-2.240, 1.011e-3
-2.241, 1.011e-3
-2.242, 1.011e-3
-2.243, 1.011e-3
-2.244, 1.011e-3
-2.245, 1.011e-3
-2.246, 1.011e-3
-2.247, 1.011e-3
-2.248, 1.011e-3
-2.249, 1.011e-3
-2.250, 1.011e-3
-2.251, 1.011e-3
-2.252, 1.011e-3
-2.253, 1.011e-3
-2.254, 1.011e-3
-2.255, 1.011e-3
-2.256, 1.011e-3
-2.257, 1.011e-3
-2.258, 1.011e-3
-2.259, 1.011e-3
-2.260, 1.011e-3
-2.261, 1.011e-3
-2.262, 1.011e-3
-2.263, 1.011e-3
-2.264, 1.011e-3
-2.265, 1.011e-3
-2.266, 1.011e-3
-2.267, 1.011e-3
-2.268, 1.011e-3
-2.269, 1.011e-3
-2.270, 1.011e-3
-2.271, 1.011e-3
-2.272, 1.011e-3
-2.273, 1.011e-3
-2.274, 1.011e-3
-2.275, 1.011e-3
-2.276, 1.011e-3
-2.277, 1.011e-3
-2.278, 1.011e-3
-2.279, 1.011e-3
-2.280, 1.011e-3
-2.281, 1.011e-3
-2.282, 1.011e-3
-2.283, 1.011e-3
-2.284, 1.011e-3
-2.285, 1.011e-3
-2.286, 1.011e-3
-2.287, 1.011e-3
-2.288, 1.011e-3
-2.289, 1.011e-3
-2.290, 1.011e-3
-2.291, 1.011e-3
-2.292, 1.011e-3
-2.293, 1.011e-3
-2.294, 1.011e-3
-2.295, 1.011e-3
-2.296, 1.011e-3
-2.297, 1.011e-3
-2.298, 1.011e-3
-2.299, 1.011e-3
