June 25, 2026   20:26:27
Linear Sweep Voltammetry
File: c:/users/guazh/data/20260623_doe_duplica2/2026-06-24-exp8\post-regen1-2026-06-25t20_23_17-lsvinphos\post-regen1_lsv_50mvs_efin_-2300mv.bin
Data Source:  Experiment
Instrument Model:  CHI760E
Header: LSV ran at 50 mVs with Efin at -2300mV
Note: 

Init E (V) = -0.6
Final E (V) = -2.3
Scan Rate (V/s) = 0.05
Sample Interval (V) = 0.001
Quiet Time (sec) = 2
Sensitivity (A/V) = 1e-4
Comp R (ohm) = 10.8

Results:

Channel 1:
Ep = -2.077V
ip = 6.755e-4A
Ah = 1.002e-3C

Potential/V, Current/A

-0.600, 1.419e-6
-0.601, 1.469e-6
-0.602, 1.495e-6
-0.603, 1.515e-6
-0.604, 1.531e-6
-0.605, 1.548e-6
-0.606, 1.565e-6
-0.607, 1.580e-6
-0.608, 1.594e-6
-0.609, 1.611e-6
-0.610, 1.624e-6
-0.611, 1.638e-6
-0.612, 1.652e-6
-0.613, 1.667e-6
-0.614, 1.681e-6
-0.615, 1.697e-6
-0.616, 1.711e-6
-0.617, 1.725e-6
-0.618, 1.739e-6
-0.619, 1.753e-6
-0.620, 1.768e-6
-0.621, 1.781e-6
-0.622, 1.796e-6
-0.623, 1.810e-6
-0.624, 1.825e-6
-0.625, 1.840e-6
-0.626, 1.853e-6
-0.627, 1.870e-6
-0.628, 1.885e-6
-0.629, 1.899e-6
-0.630, 1.913e-6
-0.631, 1.929e-6
-0.632, 1.943e-6
-0.633, 1.959e-6
-0.634, 1.974e-6
-0.635, 1.991e-6
-0.636, 2.007e-6
-0.637, 2.023e-6
-0.638, 2.039e-6
-0.639, 2.053e-6
-0.640, 2.071e-6
-0.641, 2.087e-6
-0.642, 2.102e-6
-0.643, 2.119e-6
-0.644, 2.135e-6
-0.645, 2.150e-6
-0.646, 2.166e-6
-0.647, 2.182e-6
-0.648, 2.198e-6
-0.649, 2.215e-6
-0.650, 2.233e-6
-0.651, 2.247e-6
-0.652, 2.265e-6
-0.653, 2.281e-6
-0.654, 2.299e-6
-0.655, 2.317e-6
-0.656, 2.333e-6
-0.657, 2.352e-6
-0.658, 2.369e-6
-0.659, 2.388e-6
-0.660, 2.406e-6
-0.661, 2.424e-6
-0.662, 2.443e-6
-0.663, 2.462e-6
-0.664, 2.478e-6
-0.665, 2.497e-6
-0.666, 2.517e-6
-0.667, 2.536e-6
-0.668, 2.556e-6
-0.669, 2.575e-6
-0.670, 2.595e-6
-0.671, 2.614e-6
-0.672, 2.635e-6
-0.673, 2.655e-6
-0.674, 2.675e-6
-0.675, 2.695e-6
-0.676, 2.715e-6
-0.677, 2.735e-6
-0.678, 2.755e-6
-0.679, 2.777e-6
-0.680, 2.798e-6
-0.681, 2.820e-6
-0.682, 2.840e-6
-0.683, 2.862e-6
-0.684, 2.883e-6
-0.685, 2.904e-6
-0.686, 2.927e-6
-0.687, 2.949e-6
-0.688, 2.971e-6
-0.689, 2.993e-6
-0.690, 3.015e-6
-0.691, 3.038e-6
-0.692, 3.061e-6
-0.693, 3.084e-6
-0.694, 3.107e-6
-0.695, 3.131e-6
-0.696, 3.153e-6
-0.697, 3.178e-6
-0.698, 3.202e-6
-0.699, 3.225e-6
-0.700, 3.249e-6
-0.701, 3.273e-6
-0.702, 3.297e-6
-0.703, 3.321e-6
-0.704, 3.346e-6
-0.705, 3.372e-6
-0.706, 3.397e-6
-0.707, 3.422e-6
-0.708, 3.447e-6
-0.709, 3.473e-6
-0.710, 3.500e-6
-0.711, 3.524e-6
-0.712, 3.550e-6
-0.713, 3.577e-6
-0.714, 3.603e-6
-0.715, 3.631e-6
-0.716, 3.657e-6
-0.717, 3.684e-6
-0.718, 3.712e-6
-0.719, 3.738e-6
-0.720, 3.766e-6
-0.721, 3.792e-6
-0.722, 3.819e-6
-0.723, 3.849e-6
-0.724, 3.877e-6
-0.725, 3.905e-6
-0.726, 3.932e-6
-0.727, 3.960e-6
-0.728, 3.990e-6
-0.729, 4.018e-6
-0.730, 4.047e-6
-0.731, 4.076e-6
-0.732, 4.105e-6
-0.733, 4.133e-6
-0.734, 4.161e-6
-0.735, 4.191e-6
-0.736, 4.218e-6
-0.737, 4.249e-6
-0.738, 4.279e-6
-0.739, 4.307e-6
-0.740, 4.339e-6
-0.741, 4.368e-6
-0.742, 4.400e-6
-0.743, 4.431e-6
-0.744, 4.462e-6
-0.745, 4.494e-6
-0.746, 4.525e-6
-0.747, 4.557e-6
-0.748, 4.588e-6
-0.749, 4.619e-6
-0.750, 4.651e-6
-0.751, 4.683e-6
-0.752, 4.715e-6
-0.753, 4.747e-6
-0.754, 4.778e-6
-0.755, 4.813e-6
-0.756, 4.845e-6
-0.757, 4.876e-6
-0.758, 4.908e-6
-0.759, 4.941e-6
-0.760, 4.976e-6
-0.761, 5.009e-6
-0.762, 5.044e-6
-0.763, 5.077e-6
-0.764, 5.110e-6
-0.765, 5.144e-6
-0.766, 5.176e-6
-0.767, 5.211e-6
-0.768, 5.247e-6
-0.769, 5.282e-6
-0.770, 5.315e-6
-0.771, 5.350e-6
-0.772, 5.384e-6
-0.773, 5.418e-6
-0.774, 5.454e-6
-0.775, 5.490e-6
-0.776, 5.524e-6
-0.777, 5.559e-6
-0.778, 5.594e-6
-0.779, 5.628e-6
-0.780, 5.662e-6
-0.781, 5.698e-6
-0.782, 5.735e-6
-0.783, 5.771e-6
-0.784, 5.806e-6
-0.785, 5.842e-6
-0.786, 5.876e-6
-0.787, 5.911e-6
-0.788, 5.945e-6
-0.789, 5.978e-6
-0.790, 6.016e-6
-0.791, 6.051e-6
-0.792, 6.089e-6
-0.793, 6.124e-6
-0.794, 6.160e-6
-0.795, 6.195e-6
-0.796, 6.227e-6
-0.797, 6.263e-6
-0.798, 6.300e-6
-0.799, 6.336e-6
-0.800, 6.373e-6
-0.801, 6.409e-6
-0.802, 6.445e-6
-0.803, 6.481e-6
-0.804, 6.516e-6
-0.805, 6.554e-6
-0.806, 6.590e-6
-0.807, 6.628e-6
-0.808, 6.663e-6
-0.809, 6.697e-6
-0.810, 6.735e-6
-0.811, 6.772e-6
-0.812, 6.809e-6
-0.813, 6.846e-6
-0.814, 6.880e-6
-0.815, 6.915e-6
-0.816, 6.950e-6
-0.817, 6.987e-6
-0.818, 7.021e-6
-0.819, 7.058e-6
-0.820, 7.098e-6
-0.821, 7.132e-6
-0.822, 7.170e-6
-0.823, 7.205e-6
-0.824, 7.240e-6
-0.825, 7.276e-6
-0.826, 7.311e-6
-0.827, 7.345e-6
-0.828, 7.378e-6
-0.829, 7.412e-6
-0.830, 7.448e-6
-0.831, 7.484e-6
-0.832, 7.520e-6
-0.833, 7.553e-6
-0.834, 7.587e-6
-0.835, 7.623e-6
-0.836, 7.657e-6
-0.837, 7.693e-6
-0.838, 7.729e-6
-0.839, 7.764e-6
-0.840, 7.798e-6
-0.841, 7.832e-6
-0.842, 7.866e-6
-0.843, 7.901e-6
-0.844, 7.935e-6
-0.845, 7.970e-6
-0.846, 8.003e-6
-0.847, 8.037e-6
-0.848, 8.069e-6
-0.849, 8.103e-6
-0.850, 8.136e-6
-0.851, 8.170e-6
-0.852, 8.205e-6
-0.853, 8.238e-6
-0.854, 8.274e-6
-0.855, 8.307e-6
-0.856, 8.338e-6
-0.857, 8.369e-6
-0.858, 8.400e-6
-0.859, 8.432e-6
-0.860, 8.464e-6
-0.861, 8.496e-6
-0.862, 8.529e-6
-0.863, 8.560e-6
-0.864, 8.591e-6
-0.865, 8.620e-6
-0.866, 8.648e-6
-0.867, 8.680e-6
-0.868, 8.709e-6
-0.869, 8.740e-6
-0.870, 8.772e-6
-0.871, 8.803e-6
-0.872, 8.833e-6
-0.873, 8.861e-6
-0.874, 8.889e-6
-0.875, 8.919e-6
-0.876, 8.948e-6
-0.877, 8.978e-6
-0.878, 9.006e-6
-0.879, 9.033e-6
-0.880, 9.064e-6
-0.881, 9.092e-6
-0.882, 9.120e-6
-0.883, 9.147e-6
-0.884, 9.175e-6
-0.885, 9.205e-6
-0.886, 9.232e-6
-0.887, 9.260e-6
-0.888, 9.287e-6
-0.889, 9.316e-6
-0.890, 9.344e-6
-0.891, 9.369e-6
-0.892, 9.395e-6
-0.893, 9.420e-6
-0.894, 9.449e-6
-0.895, 9.474e-6
-0.896, 9.501e-6
-0.897, 9.527e-6
-0.898, 9.552e-6
-0.899, 9.578e-6
-0.900, 9.605e-6
-0.901, 9.630e-6
-0.902, 9.656e-6
-0.903, 9.680e-6
-0.904, 9.705e-6
-0.905, 9.729e-6
-0.906, 9.754e-6
-0.907, 9.779e-6
-0.908, 9.802e-6
-0.909, 9.827e-6
-0.910, 9.854e-6
-0.911, 9.875e-6
-0.912, 9.901e-6
-0.913, 9.923e-6
-0.914, 9.948e-6
-0.915, 9.973e-6
-0.916, 9.996e-6
-0.917, 1.002e-5
-0.918, 1.004e-5
-0.919, 1.006e-5
-0.920, 1.009e-5
-0.921, 1.011e-5
-0.922, 1.013e-5
-0.923, 1.015e-5
-0.924, 1.017e-5
-0.925, 1.020e-5
-0.926, 1.022e-5
-0.927, 1.024e-5
-0.928, 1.026e-5
-0.929, 1.028e-5
-0.930, 1.031e-5
-0.931, 1.033e-5
-0.932, 1.035e-5
-0.933, 1.037e-5
-0.934, 1.040e-5
-0.935, 1.042e-5
-0.936, 1.044e-5
-0.937, 1.046e-5
-0.938, 1.048e-5
-0.939, 1.050e-5
-0.940, 1.053e-5
-0.941, 1.055e-5
-0.942, 1.057e-5
-0.943, 1.059e-5
-0.944, 1.061e-5
-0.945, 1.064e-5
-0.946, 1.066e-5
-0.947, 1.068e-5
-0.948, 1.070e-5
-0.949, 1.072e-5
-0.950, 1.074e-5
-0.951, 1.076e-5
-0.952, 1.079e-5
-0.953, 1.081e-5
-0.954, 1.083e-5
-0.955, 1.085e-5
-0.956, 1.087e-5
-0.957, 1.089e-5
-0.958, 1.091e-5
-0.959, 1.093e-5
-0.960, 1.095e-5
-0.961, 1.097e-5
-0.962, 1.099e-5
-0.963, 1.101e-5
-0.964, 1.103e-5
-0.965, 1.106e-5
-0.966, 1.108e-5
-0.967, 1.110e-5
-0.968, 1.112e-5
-0.969, 1.114e-5
-0.970, 1.116e-5
-0.971, 1.118e-5
-0.972, 1.120e-5
-0.973, 1.122e-5
-0.974, 1.125e-5
-0.975, 1.127e-5
-0.976, 1.129e-5
-0.977, 1.131e-5
-0.978, 1.133e-5
-0.979, 1.135e-5
-0.980, 1.137e-5
-0.981, 1.139e-5
-0.982, 1.142e-5
-0.983, 1.144e-5
-0.984, 1.146e-5
-0.985, 1.148e-5
-0.986, 1.150e-5
-0.987, 1.152e-5
-0.988, 1.154e-5
-0.989, 1.156e-5
-0.990, 1.159e-5
-0.991, 1.161e-5
-0.992, 1.164e-5
-0.993, 1.166e-5
-0.994, 1.168e-5
-0.995, 1.170e-5
-0.996, 1.172e-5
-0.997, 1.174e-5
-0.998, 1.177e-5
-0.999, 1.179e-5
-1.000, 1.181e-5
-1.001, 1.183e-5
-1.002, 1.186e-5
-1.003, 1.188e-5
-1.004, 1.190e-5
-1.005, 1.192e-5
-1.006, 1.195e-5
-1.007, 1.197e-5
-1.008, 1.199e-5
-1.009, 1.201e-5
-1.010, 1.203e-5
-1.011, 1.205e-5
-1.012, 1.207e-5
-1.013, 1.209e-5
-1.014, 1.211e-5
-1.015, 1.213e-5
-1.016, 1.215e-5
-1.017, 1.217e-5
-1.018, 1.219e-5
-1.019, 1.222e-5
-1.020, 1.224e-5
-1.021, 1.226e-5
-1.022, 1.229e-5
-1.023, 1.231e-5
-1.024, 1.234e-5
-1.025, 1.236e-5
-1.026, 1.239e-5
-1.027, 1.241e-5
-1.028, 1.243e-5
-1.029, 1.246e-5
-1.030, 1.248e-5
-1.031, 1.250e-5
-1.032, 1.253e-5
-1.033, 1.255e-5
-1.034, 1.258e-5
-1.035, 1.260e-5
-1.036, 1.262e-5
-1.037, 1.265e-5
-1.038, 1.267e-5
-1.039, 1.270e-5
-1.040, 1.273e-5
-1.041, 1.276e-5
-1.042, 1.278e-5
-1.043, 1.280e-5
-1.044, 1.283e-5
-1.045, 1.285e-5
-1.046, 1.288e-5
-1.047, 1.290e-5
-1.048, 1.293e-5
-1.049, 1.295e-5
-1.050, 1.298e-5
-1.051, 1.300e-5
-1.052, 1.303e-5
-1.053, 1.306e-5
-1.054, 1.308e-5
-1.055, 1.311e-5
-1.056, 1.313e-5
-1.057, 1.315e-5
-1.058, 1.318e-5
-1.059, 1.321e-5
-1.060, 1.323e-5
-1.061, 1.326e-5
-1.062, 1.329e-5
-1.063, 1.332e-5
-1.064, 1.334e-5
-1.065, 1.337e-5
-1.066, 1.339e-5
-1.067, 1.341e-5
-1.068, 1.344e-5
-1.069, 1.347e-5
-1.070, 1.350e-5
-1.071, 1.353e-5
-1.072, 1.356e-5
-1.073, 1.359e-5
-1.074, 1.361e-5
-1.075, 1.364e-5
-1.076, 1.366e-5
-1.077, 1.369e-5
-1.078, 1.372e-5
-1.079, 1.375e-5
-1.080, 1.378e-5
-1.081, 1.381e-5
-1.082, 1.384e-5
-1.083, 1.387e-5
-1.084, 1.390e-5
-1.085, 1.393e-5
-1.086, 1.396e-5
-1.087, 1.398e-5
-1.088, 1.402e-5
-1.089, 1.405e-5
-1.090, 1.408e-5
-1.091, 1.410e-5
-1.092, 1.414e-5
-1.093, 1.417e-5
-1.094, 1.419e-5
-1.095, 1.422e-5
-1.096, 1.425e-5
-1.097, 1.429e-5
-1.098, 1.432e-5
-1.099, 1.435e-5
-1.100, 1.438e-5
-1.101, 1.441e-5
-1.102, 1.445e-5
-1.103, 1.448e-5
-1.104, 1.452e-5
-1.105, 1.455e-5
-1.106, 1.458e-5
-1.107, 1.461e-5
-1.108, 1.465e-5
-1.109, 1.469e-5
-1.110, 1.472e-5
-1.111, 1.475e-5
-1.112, 1.478e-5
-1.113, 1.481e-5
-1.114, 1.484e-5
-1.115, 1.487e-5
-1.116, 1.490e-5
-1.117, 1.493e-5
-1.118, 1.496e-5
-1.119, 1.500e-5
-1.120, 1.504e-5
-1.121, 1.508e-5
-1.122, 1.511e-5
-1.123, 1.515e-5
-1.124, 1.521e-5
-1.125, 1.523e-5
-1.126, 1.525e-5
-1.127, 1.527e-5
-1.128, 1.531e-5
-1.129, 1.535e-5
-1.130, 1.539e-5
-1.131, 1.543e-5
-1.132, 1.546e-5
-1.133, 1.548e-5
-1.134, 1.552e-5
-1.135, 1.555e-5
-1.136, 1.559e-5
-1.137, 1.563e-5
-1.138, 1.567e-5
-1.139, 1.570e-5
-1.140, 1.572e-5
-1.141, 1.574e-5
-1.142, 1.577e-5
-1.143, 1.580e-5
-1.144, 1.584e-5
-1.145, 1.589e-5
-1.146, 1.593e-5
-1.147, 1.596e-5
-1.148, 1.599e-5
-1.149, 1.602e-5
-1.150, 1.605e-5
-1.151, 1.609e-5
-1.152, 1.612e-5
-1.153, 1.617e-5
-1.154, 1.621e-5
-1.155, 1.624e-5
-1.156, 1.627e-5
-1.157, 1.631e-5
-1.158, 1.635e-5
-1.159, 1.638e-5
-1.160, 1.642e-5
-1.161, 1.645e-5
-1.162, 1.649e-5
-1.163, 1.652e-5
-1.164, 1.656e-5
-1.165, 1.660e-5
-1.166, 1.663e-5
-1.167, 1.666e-5
-1.168, 1.672e-5
-1.169, 1.676e-5
-1.170, 1.679e-5
-1.171, 1.683e-5
-1.172, 1.687e-5
-1.173, 1.691e-5
-1.174, 1.696e-5
-1.175, 1.700e-5
-1.176, 1.703e-5
-1.177, 1.707e-5
-1.178, 1.714e-5
-1.179, 1.717e-5
-1.180, 1.720e-5
-1.181, 1.722e-5
-1.182, 1.725e-5
-1.183, 1.729e-5
-1.184, 1.733e-5
-1.185, 1.736e-5
-1.186, 1.739e-5
-1.187, 1.742e-5
-1.188, 1.746e-5
-1.189, 1.751e-5
-1.190, 1.754e-5
-1.191, 1.757e-5
-1.192, 1.761e-5
-1.193, 1.765e-5
-1.194, 1.769e-5
-1.195, 1.774e-5
-1.196, 1.778e-5
-1.197, 1.783e-5
-1.198, 1.786e-5
-1.199, 1.788e-5
-1.200, 1.792e-5
-1.201, 1.797e-5
-1.202, 1.801e-5
-1.203, 1.806e-5
-1.204, 1.807e-5
-1.205, 1.810e-5
-1.206, 1.821e-5
-1.207, 1.828e-5
-1.208, 1.831e-5
-1.209, 1.834e-5
-1.210, 1.839e-5
-1.211, 1.842e-5
-1.212, 1.846e-5
-1.213, 1.849e-5
-1.214, 1.852e-5
-1.215, 1.855e-5
-1.216, 1.858e-5
-1.217, 1.862e-5
-1.218, 1.866e-5
-1.219, 1.868e-5
-1.220, 1.872e-5
-1.221, 1.877e-5
-1.222, 1.886e-5
-1.223, 1.891e-5
-1.224, 1.894e-5
-1.225, 1.896e-5
-1.226, 1.899e-5
-1.227, 1.905e-5
-1.228, 1.908e-5
-1.229, 1.914e-5
-1.230, 1.919e-5
-1.231, 1.924e-5
-1.232, 1.932e-5
-1.233, 1.934e-5
-1.234, 1.936e-5
-1.235, 1.940e-5
-1.236, 1.944e-5
-1.237, 1.947e-5
-1.238, 1.951e-5
-1.239, 1.955e-5
-1.240, 1.959e-5
-1.241, 1.964e-5
-1.242, 1.969e-5
-1.243, 1.974e-5
-1.244, 1.979e-5
-1.245, 1.987e-5
-1.246, 1.993e-5
-1.247, 1.995e-5
-1.248, 1.998e-5
-1.249, 2.002e-5
-1.250, 2.005e-5
-1.251, 2.010e-5
-1.252, 2.013e-5
-1.253, 2.021e-5
-1.254, 2.023e-5
-1.255, 2.024e-5
-1.256, 2.028e-5
-1.257, 2.035e-5
-1.258, 2.040e-5
-1.259, 2.044e-5
-1.260, 2.048e-5
-1.261, 2.053e-5
-1.262, 2.056e-5
-1.263, 2.060e-5
-1.264, 2.064e-5
-1.265, 2.068e-5
-1.266, 2.073e-5
-1.267, 2.077e-5
-1.268, 2.080e-5
-1.269, 2.084e-5
-1.270, 2.089e-5
-1.271, 2.093e-5
-1.272, 2.100e-5
-1.273, 2.102e-5
-1.274, 2.105e-5
-1.275, 2.109e-5
-1.276, 2.115e-5
-1.277, 2.120e-5
-1.278, 2.126e-5
-1.279, 2.141e-5
-1.280, 2.143e-5
-1.281, 2.145e-5
-1.282, 2.148e-5
-1.283, 2.151e-5
-1.284, 2.154e-5
-1.285, 2.160e-5
-1.286, 2.169e-5
-1.287, 2.173e-5
-1.288, 2.175e-5
-1.289, 2.179e-5
-1.290, 2.189e-5
-1.291, 2.204e-5
-1.292, 2.213e-5
-1.293, 2.215e-5
-1.294, 2.218e-5
-1.295, 2.221e-5
-1.296, 2.224e-5
-1.297, 2.228e-5
-1.298, 2.232e-5
-1.299, 2.235e-5
-1.300, 2.240e-5
-1.301, 2.245e-5
-1.302, 2.251e-5
-1.303, 2.257e-5
-1.304, 2.262e-5
-1.305, 2.269e-5
-1.306, 2.273e-5
-1.307, 2.277e-5
-1.308, 2.281e-5
-1.309, 2.285e-5
-1.310, 2.290e-5
-1.311, 2.296e-5
-1.312, 2.300e-5
-1.313, 2.305e-5
-1.314, 2.308e-5
-1.315, 2.313e-5
-1.316, 2.315e-5
-1.317, 2.320e-5
-1.318, 2.325e-5
-1.319, 2.333e-5
-1.320, 2.338e-5
-1.321, 2.341e-5
-1.322, 2.344e-5
-1.323, 2.346e-5
-1.324, 2.348e-5
-1.325, 2.353e-5
-1.326, 2.358e-5
-1.327, 2.362e-5
-1.328, 2.371e-5
-1.329, 2.374e-5
-1.330, 2.371e-5
-1.331, 2.376e-5
-1.332, 2.380e-5
-1.333, 2.385e-5
-1.334, 2.392e-5
-1.335, 2.401e-5
-1.336, 2.402e-5
-1.337, 2.405e-5
-1.338, 2.412e-5
-1.339, 2.419e-5
-1.340, 2.424e-5
-1.341, 2.430e-5
-1.342, 2.437e-5
-1.343, 2.442e-5
-1.344, 2.446e-5
-1.345, 2.453e-5
-1.346, 2.460e-5
-1.347, 2.465e-5
-1.348, 2.471e-5
-1.349, 2.477e-5
-1.350, 2.484e-5
-1.351, 2.492e-5
-1.352, 2.496e-5
-1.353, 2.508e-5
-1.354, 2.517e-5
-1.355, 2.520e-5
-1.356, 2.524e-5
-1.357, 2.528e-5
-1.358, 2.532e-5
-1.359, 2.539e-5
-1.360, 2.537e-5
-1.361, 2.540e-5
-1.362, 2.548e-5
-1.363, 2.554e-5
-1.364, 2.555e-5
-1.365, 2.559e-5
-1.366, 2.567e-5
-1.367, 2.572e-5
-1.368, 2.577e-5
-1.369, 2.583e-5
-1.370, 2.591e-5
-1.371, 2.599e-5
-1.372, 2.604e-5
-1.373, 2.605e-5
-1.374, 2.609e-5
-1.375, 2.615e-5
-1.376, 2.620e-5
-1.377, 2.625e-5
-1.378, 2.629e-5
-1.379, 2.636e-5
-1.380, 2.645e-5
-1.381, 2.653e-5
-1.382, 2.660e-5
-1.383, 2.663e-5
-1.384, 2.674e-5
-1.385, 2.675e-5
-1.386, 2.679e-5
-1.387, 2.686e-5
-1.388, 2.692e-5
-1.389, 2.699e-5
-1.390, 2.703e-5
-1.391, 2.708e-5
-1.392, 2.711e-5
-1.393, 2.715e-5
-1.394, 2.721e-5
-1.395, 2.727e-5
-1.396, 2.737e-5
-1.397, 2.744e-5
-1.398, 2.752e-5
-1.399, 2.756e-5
-1.400, 2.760e-5
-1.401, 2.767e-5
-1.402, 2.781e-5
-1.403, 2.788e-5
-1.404, 2.793e-5
-1.405, 2.796e-5
-1.406, 2.799e-5
-1.407, 2.805e-5
-1.408, 2.813e-5
-1.409, 2.818e-5
-1.410, 2.821e-5
-1.411, 2.827e-5
-1.412, 2.832e-5
-1.413, 2.842e-5
-1.414, 2.849e-5
-1.415, 2.859e-5
-1.416, 2.863e-5
-1.417, 2.866e-5
-1.418, 2.873e-5
-1.419, 2.879e-5
-1.420, 2.884e-5
-1.421, 2.889e-5
-1.422, 2.898e-5
-1.423, 2.902e-5
-1.424, 2.904e-5
-1.425, 2.908e-5
-1.426, 2.914e-5
-1.427, 2.923e-5
-1.428, 2.930e-5
-1.429, 2.938e-5
-1.430, 2.943e-5
-1.431, 2.949e-5
-1.432, 2.957e-5
-1.433, 2.964e-5
-1.434, 2.971e-5
-1.435, 2.983e-5
-1.436, 2.984e-5
-1.437, 2.986e-5
-1.438, 2.990e-5
-1.439, 2.999e-5
-1.440, 3.000e-5
-1.441, 3.000e-5
-1.442, 3.010e-5
-1.443, 3.016e-5
-1.444, 3.019e-5
-1.445, 3.024e-5
-1.446, 3.030e-5
-1.447, 3.040e-5
-1.448, 3.058e-5
-1.449, 3.066e-5
-1.450, 3.071e-5
-1.451, 3.073e-5
-1.452, 3.077e-5
-1.453, 3.084e-5
-1.454, 3.088e-5
-1.455, 3.088e-5
-1.456, 3.091e-5
-1.457, 3.098e-5
-1.458, 3.106e-5
-1.459, 3.121e-5
-1.460, 3.127e-5
-1.461, 3.130e-5
-1.462, 3.136e-5
-1.463, 3.137e-5
-1.464, 3.138e-5
-1.465, 3.150e-5
-1.466, 3.164e-5
-1.467, 3.167e-5
-1.468, 3.172e-5
-1.469, 3.178e-5
-1.470, 3.181e-5
-1.471, 3.188e-5
-1.472, 3.195e-5
-1.473, 3.201e-5
-1.474, 3.201e-5
-1.475, 3.209e-5
-1.476, 3.212e-5
-1.477, 3.216e-5
-1.478, 3.224e-5
-1.479, 3.229e-5
-1.480, 3.234e-5
-1.481, 3.240e-5
-1.482, 3.245e-5
-1.483, 3.253e-5
-1.484, 3.261e-5
-1.485, 3.269e-5
-1.486, 3.274e-5
-1.487, 3.278e-5
-1.488, 3.286e-5
-1.489, 3.294e-5
-1.490, 3.297e-5
-1.491, 3.305e-5
-1.492, 3.320e-5
-1.493, 3.327e-5
-1.494, 3.330e-5
-1.495, 3.338e-5
-1.496, 3.344e-5
-1.497, 3.344e-5
-1.498, 3.349e-5
-1.499, 3.355e-5
-1.500, 3.362e-5
-1.501, 3.369e-5
-1.502, 3.377e-5
-1.503, 3.386e-5
-1.504, 3.392e-5
-1.505, 3.396e-5
-1.506, 3.404e-5
-1.507, 3.414e-5
-1.508, 3.421e-5
-1.509, 3.438e-5
-1.510, 3.444e-5
-1.511, 3.448e-5
-1.512, 3.453e-5
-1.513, 3.459e-5
-1.514, 3.466e-5
-1.515, 3.467e-5
-1.516, 3.471e-5
-1.517, 3.476e-5
-1.518, 3.480e-5
-1.519, 3.488e-5
-1.520, 3.493e-5
-1.521, 3.500e-5
-1.522, 3.509e-5
-1.523, 3.514e-5
-1.524, 3.519e-5
-1.525, 3.526e-5
-1.526, 3.532e-5
-1.527, 3.539e-5
-1.528, 3.547e-5
-1.529, 3.556e-5
-1.530, 3.559e-5
-1.531, 3.564e-5
-1.532, 3.570e-5
-1.533, 3.575e-5
-1.534, 3.583e-5
-1.535, 3.586e-5
-1.536, 3.593e-5
-1.537, 3.600e-5
-1.538, 3.607e-5
-1.539, 3.611e-5
-1.540, 3.617e-5
-1.541, 3.621e-5
-1.542, 3.626e-5
-1.543, 3.634e-5
-1.544, 3.643e-5
-1.545, 3.655e-5
-1.546, 3.664e-5
-1.547, 3.670e-5
-1.548, 3.677e-5
-1.549, 3.685e-5
-1.550, 3.692e-5
-1.551, 3.699e-5
-1.552, 3.707e-5
-1.553, 3.716e-5
-1.554, 3.722e-5
-1.555, 3.729e-5
-1.556, 3.736e-5
-1.557, 3.743e-5
-1.558, 3.752e-5
-1.559, 3.761e-5
-1.560, 3.769e-5
-1.561, 3.772e-5
-1.562, 3.779e-5
-1.563, 3.788e-5
-1.564, 3.796e-5
-1.565, 3.808e-5
-1.566, 3.824e-5
-1.567, 3.815e-5
-1.568, 3.819e-5
-1.569, 3.827e-5
-1.570, 3.832e-5
-1.571, 3.837e-5
-1.572, 3.842e-5
-1.573, 3.848e-5
-1.574, 3.855e-5
-1.575, 3.880e-5
-1.576, 3.884e-5
-1.577, 3.880e-5
-1.578, 3.885e-5
-1.579, 3.893e-5
-1.580, 3.901e-5
-1.581, 3.908e-5
-1.582, 3.912e-5
-1.583, 3.917e-5
-1.584, 3.924e-5
-1.585, 3.931e-5
-1.586, 3.944e-5
-1.587, 3.949e-5
-1.588, 3.952e-5
-1.589, 3.962e-5
-1.590, 3.959e-5
-1.591, 3.964e-5
-1.592, 3.971e-5
-1.593, 3.979e-5
-1.594, 3.983e-5
-1.595, 3.988e-5
-1.596, 3.996e-5
-1.597, 4.002e-5
-1.598, 4.009e-5
-1.599, 4.016e-5
-1.600, 4.021e-5
-1.601, 4.031e-5
-1.602, 4.039e-5
-1.603, 4.049e-5
-1.604, 4.054e-5
-1.605, 4.060e-5
-1.606, 4.066e-5
-1.607, 4.074e-5
-1.608, 4.082e-5
-1.609, 4.087e-5
-1.610, 4.094e-5
-1.611, 4.104e-5
-1.612, 4.111e-5
-1.613, 4.118e-5
-1.614, 4.124e-5
-1.615, 4.132e-5
-1.616, 4.144e-5
-1.617, 4.152e-5
-1.618, 4.164e-5
-1.619, 4.171e-5
-1.620, 4.173e-5
-1.621, 4.181e-5
-1.622, 4.192e-5
-1.623, 4.201e-5
-1.624, 4.211e-5
-1.625, 4.222e-5
-1.626, 4.232e-5
-1.627, 4.244e-5
-1.628, 4.256e-5
-1.629, 4.267e-5
-1.630, 4.276e-5
-1.631, 4.285e-5
-1.632, 4.293e-5
-1.633, 4.302e-5
-1.634, 4.311e-5
-1.635, 4.320e-5
-1.636, 4.329e-5
-1.637, 4.338e-5
-1.638, 4.350e-5
-1.639, 4.367e-5
-1.640, 4.372e-5
-1.641, 4.381e-5
-1.642, 4.391e-5
-1.643, 4.402e-5
-1.644, 4.411e-5
-1.645, 4.420e-5
-1.646, 4.435e-5
-1.647, 4.446e-5
-1.648, 4.461e-5
-1.649, 4.478e-5
-1.650, 4.482e-5
-1.651, 4.492e-5
-1.652, 4.498e-5
-1.653, 4.508e-5
-1.654, 4.516e-5
-1.655, 4.525e-5
-1.656, 4.535e-5
-1.657, 4.547e-5
-1.658, 4.559e-5
-1.659, 4.571e-5
-1.660, 4.584e-5
-1.661, 4.595e-5
-1.662, 4.608e-5
-1.663, 4.612e-5
-1.664, 4.621e-5
-1.665, 4.630e-5
-1.666, 4.643e-5
-1.667, 4.653e-5
-1.668, 4.663e-5
-1.669, 4.671e-5
-1.670, 4.684e-5
-1.671, 4.697e-5
-1.672, 4.708e-5
-1.673, 4.717e-5
-1.674, 4.729e-5
-1.675, 4.738e-5
-1.676, 4.749e-5
-1.677, 4.762e-5
-1.678, 4.775e-5
-1.679, 4.785e-5
-1.680, 4.797e-5
-1.681, 4.810e-5
-1.682, 4.822e-5
-1.683, 4.834e-5
-1.684, 4.844e-5
-1.685, 4.858e-5
-1.686, 4.873e-5
-1.687, 4.886e-5
-1.688, 4.898e-5
-1.689, 4.912e-5
-1.690, 4.926e-5
-1.691, 4.938e-5
-1.692, 4.952e-5
-1.693, 4.971e-5
-1.694, 4.987e-5
-1.695, 5.001e-5
-1.696, 5.015e-5
-1.697, 5.029e-5
-1.698, 5.047e-5
-1.699, 5.061e-5
-1.700, 5.086e-5
-1.701, 5.094e-5
-1.702, 5.096e-5
-1.703, 5.112e-5
-1.704, 5.128e-5
-1.705, 5.142e-5
-1.706, 5.158e-5
-1.707, 5.171e-5
-1.708, 5.188e-5
-1.709, 5.204e-5
-1.710, 5.220e-5
-1.711, 5.239e-5
-1.712, 5.260e-5
-1.713, 5.276e-5
-1.714, 5.291e-5
-1.715, 5.305e-5
-1.716, 5.321e-5
-1.717, 5.341e-5
-1.718, 5.358e-5
-1.719, 5.371e-5
-1.720, 5.387e-5
-1.721, 5.416e-5
-1.722, 5.431e-5
-1.723, 5.448e-5
-1.724, 5.469e-5
-1.725, 5.492e-5
-1.726, 5.510e-5
-1.727, 5.525e-5
-1.728, 5.546e-5
-1.729, 5.569e-5
-1.730, 5.592e-5
-1.731, 5.613e-5
-1.732, 5.634e-5
-1.733, 5.654e-5
-1.734, 5.671e-5
-1.735, 5.690e-5
-1.736, 5.708e-5
-1.737, 5.730e-5
-1.738, 5.757e-5
-1.739, 5.782e-5
-1.740, 5.796e-5
-1.741, 5.816e-5
-1.742, 5.838e-5
-1.743, 5.862e-5
-1.744, 5.890e-5
-1.745, 5.909e-5
-1.746, 5.929e-5
-1.747, 5.951e-5
-1.748, 5.975e-5
-1.749, 6.002e-5
-1.750, 6.031e-5
-1.751, 6.059e-5
-1.752, 6.084e-5
-1.753, 6.110e-5
-1.754, 6.139e-5
-1.755, 6.161e-5
-1.756, 6.187e-5
-1.757, 6.215e-5
-1.758, 6.248e-5
-1.759, 6.282e-5
-1.760, 6.312e-5
-1.761, 6.341e-5
-1.762, 6.369e-5
-1.763, 6.396e-5
-1.764, 6.428e-5
-1.765, 6.455e-5
-1.766, 6.486e-5
-1.767, 6.517e-5
-1.768, 6.548e-5
-1.769, 6.579e-5
-1.770, 6.610e-5
-1.771, 6.639e-5
-1.772, 6.669e-5
-1.773, 6.700e-5
-1.774, 6.729e-5
-1.775, 6.759e-5
-1.776, 6.785e-5
-1.777, 6.813e-5
-1.778, 6.852e-5
-1.779, 6.892e-5
-1.780, 6.926e-5
-1.781, 6.963e-5
-1.782, 6.997e-5
-1.783, 7.033e-5
-1.784, 7.069e-5
-1.785, 7.116e-5
-1.786, 7.156e-5
-1.787, 7.219e-5
-1.788, 7.260e-5
-1.789, 7.283e-5
-1.790, 7.321e-5
-1.791, 7.364e-5
-1.792, 7.407e-5
-1.793, 7.448e-5
-1.794, 7.495e-5
-1.795, 7.539e-5
-1.796, 7.585e-5
-1.797, 7.632e-5
-1.798, 7.679e-5
-1.799, 7.727e-5
-1.800, 7.775e-5
-1.801, 7.823e-5
-1.802, 7.875e-5
-1.803, 7.924e-5
-1.804, 7.975e-5
-1.805, 8.024e-5
-1.806, 8.077e-5
-1.807, 8.128e-5
-1.808, 8.177e-5
-1.809, 8.226e-5
-1.810, 8.289e-5
-1.811, 8.358e-5
-1.812, 8.403e-5
-1.813, 8.454e-5
-1.814, 8.510e-5
-1.815, 8.568e-5
-1.816, 8.638e-5
-1.817, 8.708e-5
-1.818, 8.777e-5
-1.819, 8.888e-5
-1.820, 8.955e-5
-1.821, 9.004e-5
-1.822, 9.069e-5
-1.823, 9.133e-5
-1.824, 9.198e-5
-1.825, 9.261e-5
-1.826, 9.345e-5
-1.827, 9.476e-5
-1.828, 9.511e-5
-1.829, 9.570e-5
-1.830, 9.633e-5
-1.831, 9.701e-5
-1.832, 9.780e-5
-1.833, 9.854e-5
-1.834, 9.934e-5
-1.835, 1.002e-4
-1.836, 1.011e-4
-1.837, 1.019e-4
-1.838, 1.029e-4
-1.839, 1.038e-4
-1.840, 1.046e-4
-1.841, 1.055e-4
-1.842, 1.064e-4
-1.843, 1.075e-4
-1.844, 1.084e-4
-1.845, 1.093e-4
-1.846, 1.102e-4
-1.847, 1.111e-4
-1.848, 1.122e-4
-1.849, 1.132e-4
-1.850, 1.142e-4
-1.851, 1.152e-4
-1.852, 1.163e-4
-1.853, 1.174e-4
-1.854, 1.186e-4
-1.855, 1.197e-4
-1.856, 1.207e-4
-1.857, 1.217e-4
-1.858, 1.228e-4
-1.859, 1.240e-4
-1.860, 1.251e-4
-1.861, 1.262e-4
-1.862, 1.276e-4
-1.863, 1.289e-4
-1.864, 1.303e-4
-1.865, 1.315e-4
-1.866, 1.327e-4
-1.867, 1.341e-4
-1.868, 1.355e-4
-1.869, 1.374e-4
-1.870, 1.393e-4
-1.871, 1.405e-4
-1.872, 1.419e-4
-1.873, 1.432e-4
-1.874, 1.443e-4
-1.875, 1.458e-4
-1.876, 1.475e-4
-1.877, 1.491e-4
-1.878, 1.506e-4
-1.879, 1.522e-4
-1.880, 1.540e-4
-1.881, 1.558e-4
-1.882, 1.573e-4
-1.883, 1.589e-4
-1.884, 1.607e-4
-1.885, 1.625e-4
-1.886, 1.642e-4
-1.887, 1.660e-4
-1.888, 1.678e-4
-1.889, 1.697e-4
-1.890, 1.716e-4
-1.891, 1.735e-4
-1.892, 1.756e-4
-1.893, 1.777e-4
-1.894, 1.796e-4
-1.895, 1.816e-4
-1.896, 1.837e-4
-1.897, 1.858e-4
-1.898, 1.878e-4
-1.899, 1.900e-4
-1.900, 1.920e-4
-1.901, 1.940e-4
-1.902, 1.963e-4
-1.903, 1.987e-4
-1.904, 2.008e-4
-1.905, 2.028e-4
-1.906, 2.053e-4
-1.907, 2.076e-4
-1.908, 2.099e-4
-1.909, 2.120e-4
-1.910, 2.144e-4
-1.911, 2.171e-4
-1.912, 2.196e-4
-1.913, 2.221e-4
-1.914, 2.247e-4
-1.915, 2.272e-4
-1.916, 2.297e-4
-1.917, 2.326e-4
-1.918, 2.352e-4
-1.919, 2.376e-4
-1.920, 2.401e-4
-1.921, 2.430e-4
-1.922, 2.455e-4
-1.923, 2.479e-4
-1.924, 2.505e-4
-1.925, 2.530e-4
-1.926, 2.556e-4
-1.927, 2.586e-4
-1.928, 2.615e-4
-1.929, 2.642e-4
-1.930, 2.670e-4
-1.931, 2.700e-4
-1.932, 2.726e-4
-1.933, 2.760e-4
-1.934, 2.789e-4
-1.935, 2.818e-4
-1.936, 2.853e-4
-1.937, 2.892e-4
-1.938, 2.922e-4
-1.939, 2.951e-4
-1.940, 2.984e-4
-1.941, 3.017e-4
-1.942, 3.051e-4
-1.943, 3.083e-4
-1.944, 3.118e-4
-1.945, 3.152e-4
-1.946, 3.188e-4
-1.947, 3.216e-4
-1.948, 3.250e-4
-1.949, 3.287e-4
-1.950, 3.322e-4
-1.951, 3.354e-4
-1.952, 3.388e-4
-1.953, 3.420e-4
-1.954, 3.453e-4
-1.955, 3.487e-4
-1.956, 3.523e-4
-1.957, 3.558e-4
-1.958, 3.593e-4
-1.959, 3.628e-4
-1.960, 3.663e-4
-1.961, 3.699e-4
-1.962, 3.739e-4
-1.963, 3.778e-4
-1.964, 3.820e-4
-1.965, 3.857e-4
-1.966, 3.896e-4
-1.967, 3.934e-4
-1.968, 3.967e-4
-1.969, 4.005e-4
-1.970, 4.048e-4
-1.971, 4.086e-4
-1.972, 4.127e-4
-1.973, 4.163e-4
-1.974, 4.201e-4
-1.975, 4.246e-4
-1.976, 4.288e-4
-1.977, 4.328e-4
-1.978, 4.371e-4
-1.979, 4.413e-4
-1.980, 4.459e-4
-1.981, 4.502e-4
-1.982, 4.548e-4
-1.983, 4.600e-4
-1.984, 4.644e-4
-1.985, 4.691e-4
-1.986, 4.737e-4
-1.987, 4.784e-4
-1.988, 4.826e-4
-1.989, 4.871e-4
-1.990, 4.918e-4
-1.991, 4.963e-4
-1.992, 5.013e-4
-1.993, 5.059e-4
-1.994, 5.106e-4
-1.995, 5.153e-4
-1.996, 5.200e-4
-1.997, 5.251e-4
-1.998, 5.302e-4
-1.999, 5.350e-4
-2.000, 5.405e-4
-2.001, 5.453e-4
-2.002, 5.502e-4
-2.003, 5.564e-4
-2.004, 5.614e-4
-2.005, 5.664e-4
-2.006, 5.720e-4
-2.007, 5.777e-4
-2.008, 5.829e-4
-2.009, 5.877e-4
-2.010, 5.935e-4
-2.011, 5.993e-4
-2.012, 6.054e-4
-2.013, 6.108e-4
-2.014, 6.159e-4
-2.015, 6.214e-4
-2.016, 6.268e-4
-2.017, 6.324e-4
-2.018, 6.383e-4
-2.019, 6.442e-4
-2.020, 6.499e-4
-2.021, 6.551e-4
-2.022, 6.605e-4
-2.023, 6.665e-4
-2.024, 6.737e-4
-2.025, 6.791e-4
-2.026, 6.847e-4
-2.027, 6.902e-4
-2.028, 6.963e-4
-2.029, 7.023e-4
-2.030, 7.080e-4
-2.031, 7.139e-4
-2.032, 7.200e-4
-2.033, 7.266e-4
-2.034, 7.326e-4
-2.035, 7.388e-4
-2.036, 7.450e-4
-2.037, 7.507e-4
-2.038, 7.572e-4
-2.039, 7.633e-4
-2.040, 7.694e-4
-2.041, 7.756e-4
-2.042, 7.821e-4
-2.043, 7.888e-4
-2.044, 7.952e-4
-2.045, 8.019e-4
-2.046, 8.084e-4
-2.047, 8.148e-4
-2.048, 8.210e-4
-2.049, 8.280e-4
-2.050, 8.343e-4
-2.051, 8.409e-4
-2.052, 8.481e-4
-2.053, 8.552e-4
-2.054, 8.619e-4
-2.055, 8.694e-4
-2.056, 8.772e-4
-2.057, 8.834e-4
-2.058, 8.895e-4
-2.059, 8.964e-4
-2.060, 9.034e-4
-2.061, 9.109e-4
-2.062, 9.187e-4
-2.063, 9.253e-4
-2.064, 9.318e-4
-2.065, 9.390e-4
-2.066, 9.457e-4
-2.067, 9.517e-4
-2.068, 9.584e-4
-2.069, 9.652e-4
-2.070, 9.721e-4
-2.071, 9.787e-4
-2.072, 9.856e-4
-2.073, 9.929e-4
-2.074, 9.997e-4
-2.075, 1.006e-3
-2.076, 1.011e-3
-2.077, 1.011e-3
-2.078, 1.011e-3
-2.079, 1.011e-3
-2.080, 1.011e-3
-2.081, 1.011e-3
-2.082, 1.011e-3
-2.083, 1.011e-3
-2.084, 1.011e-3
-2.085, 1.011e-3
-2.086, 1.011e-3
-2.087, 1.011e-3
-2.088, 1.011e-3
-2.089, 1.011e-3
-2.090, 1.011e-3
-2.091, 1.011e-3
-2.092, 1.011e-3
-2.093, 1.011e-3
-2.094, 1.011e-3
-2.095, 1.011e-3
-2.096, 1.011e-3
-2.097, 1.011e-3
-2.098, 1.011e-3
-2.099, 1.011e-3
-2.100, 1.011e-3
-2.101, 1.011e-3
-2.102, 1.011e-3
-2.103, 1.011e-3
-2.104, 1.011e-3
-2.105, 1.011e-3
-2.106, 1.011e-3
-2.107, 1.011e-3
-2.108, 1.011e-3
-2.109, 1.011e-3
-2.110, 1.011e-3
-2.111, 1.011e-3
-2.112, 1.011e-3
-2.113, 1.011e-3
-2.114, 1.011e-3
-2.115, 1.011e-3
-2.116, 1.011e-3
-2.117, 1.011e-3
-2.118, 1.011e-3
-2.119, 1.011e-3
-2.120, 1.011e-3
-2.121, 1.011e-3
-2.122, 1.011e-3
-2.123, 1.011e-3
-2.124, 1.011e-3
-2.125, 1.011e-3
-2.126, 1.011e-3
-2.127, 1.011e-3
-2.128, 1.011e-3
-2.129, 1.011e-3
-2.130, 1.011e-3
-2.131, 1.011e-3
-2.132, 1.011e-3
-2.133, 1.011e-3
-2.134, 1.011e-3
-2.135, 1.011e-3
-2.136, 1.011e-3
-2.137, 1.011e-3
-2.138, 1.011e-3
-2.139, 1.011e-3
-2.140, 1.011e-3
-2.141, 1.011e-3
-2.142, 1.011e-3
-2.143, 1.011e-3
-2.144, 1.011e-3
-2.145, 1.011e-3
-2.146, 1.011e-3
-2.147, 1.011e-3
-2.148, 1.011e-3
-2.149, 1.011e-3
-2.150, 1.011e-3
-2.151, 1.011e-3
-2.152, 1.011e-3
-2.153, 1.011e-3
-2.154, 1.011e-3
-2.155, 1.011e-3
-2.156, 1.011e-3
-2.157, 1.011e-3
-2.158, 1.011e-3
-2.159, 1.011e-3
-2.160, 1.011e-3
-2.161, 1.011e-3
-2.162, 1.011e-3
-2.163, 1.011e-3
-2.164, 1.011e-3
-2.165, 1.011e-3
-2.166, 1.011e-3
-2.167, 1.011e-3
-2.168, 1.011e-3
-2.169, 1.011e-3
-2.170, 1.011e-3
-2.171, 1.011e-3
-2.172, 1.011e-3
-2.173, 1.011e-3
-2.174, 1.011e-3
-2.175, 1.011e-3
-2.176, 1.011e-3
-2.177, 1.011e-3
-2.178, 1.011e-3
-2.179, 1.011e-3
-2.180, 1.011e-3
-2.181, 1.011e-3
-2.182, 1.011e-3
-2.183, 1.011e-3
-2.184, 1.011e-3
-2.185, 1.011e-3
-2.186, 1.011e-3
-2.187, 1.011e-3
-2.188, 1.011e-3
-2.189, 1.011e-3
-2.190, 1.011e-3
-2.191, 1.011e-3
-2.192, 1.011e-3
-2.193, 1.011e-3
-2.194, 1.011e-3
-2.195, 1.011e-3
-2.196, 1.011e-3
-2.197, 1.011e-3
-2.198, 1.011e-3
-2.199, 1.011e-3
-2.200, 1.011e-3
-2.201, 1.011e-3
-2.202, 1.011e-3
-2.203, 1.011e-3
-2.204, 1.011e-3
-2.205, 1.011e-3
-2.206, 1.011e-3
-2.207, 1.011e-3
-2.208, 1.011e-3
-2.209, 1.011e-3
-2.210, 1.011e-3
-2.211, 1.011e-3
-2.212, 1.011e-3
-2.213, 1.011e-3
-2.214, 1.011e-3
-2.215, 1.011e-3
-2.216, 1.011e-3
-2.217, 1.011e-3
-2.218, 1.011e-3
-2.219, 1.011e-3
-2.220, 1.011e-3
-2.221, 1.011e-3
-2.222, 1.011e-3
-2.223, 1.011e-3
-2.224, 1.011e-3
-2.225, 1.011e-3
-2.226, 1.011e-3
-2.227, 1.011e-3
-2.228, 1.011e-3
-2.229, 1.011e-3
-2.230, 1.011e-3
-2.231, 1.011e-3
-2.232, 1.011e-3
-2.233, 1.011e-3
-2.234, 1.011e-3
-2.235, 1.011e-3
-2.236, 1.011e-3
-2.237, 1.011e-3
-2.238, 1.011e-3
-2.239, 1.011e-3
-2.240, 1.011e-3
-2.241, 1.011e-3
-2.242, 1.011e-3
-2.243, 1.011e-3
-2.244, 1.011e-3
-2.245, 1.011e-3
-2.246, 1.011e-3
-2.247, 1.011e-3
-2.248, 1.011e-3
-2.249, 1.011e-3
-2.250, 1.011e-3
-2.251, 1.011e-3
-2.252, 1.011e-3
-2.253, 1.011e-3
-2.254, 1.011e-3
-2.255, 1.011e-3
-2.256, 1.011e-3
-2.257, 1.011e-3
-2.258, 1.011e-3
-2.259, 1.011e-3
-2.260, 1.011e-3
-2.261, 1.011e-3
-2.262, 1.011e-3
-2.263, 1.011e-3
-2.264, 1.011e-3
-2.265, 1.011e-3
-2.266, 1.011e-3
-2.267, 1.011e-3
-2.268, 1.011e-3
-2.269, 1.011e-3
-2.270, 1.011e-3
-2.271, 1.011e-3
-2.272, 1.011e-3
-2.273, 1.011e-3
-2.274, 1.011e-3
-2.275, 1.011e-3
-2.276, 1.011e-3
-2.277, 1.011e-3
-2.278, 1.011e-3
-2.279, 1.011e-3
-2.280, 1.011e-3
-2.281, 1.011e-3
-2.282, 1.011e-3
-2.283, 1.011e-3
-2.284, 1.011e-3
-2.285, 1.011e-3
-2.286, 1.011e-3
-2.287, 1.011e-3
-2.288, 1.011e-3
-2.289, 1.011e-3
-2.290, 1.011e-3
-2.291, 1.011e-3
-2.292, 1.011e-3
-2.293, 1.011e-3
-2.294, 1.011e-3
-2.295, 1.011e-3
-2.296, 1.011e-3
-2.297, 1.011e-3
-2.298, 1.011e-3
-2.299, 1.011e-3
