June 25, 2026   06:08:40
Cyclic Voltammetry
File: c:/users/guazh/data/20260623_doe_duplica2/2026-06-24-exp3\exp3-2026-06-25t05_53_05-arkoh\exp3_cv_sr_700mvs_efin_-1600mv.bin
Data Source:  Experiment
Instrument Model:  CHI760E
Header: CV ran at 700 mVs
Note: 

Init E (V) = -1
High E (V) = -1
Low E (V) = -1.6
Final E (V) = -1
Init P/N = N
Scan Rate (V/s) = 0.7
Segment = 3
Sample Interval (V) = 0.001
Quiet Time (sec) = 2
Sensitivity (A/V) = 0.01
Comp R (ohm) = 1.7

Results:

Channel 1:
Segment 1:

Segment 2:

Segment 3:

Potential/V, Current/A

-1.000, 3.407e-5
-1.001, 1.204e-4
-1.002, 1.728e-4
-1.003, 2.098e-4
-1.004, 2.345e-4
-1.005, 2.499e-4
-1.006, 2.591e-4
-1.007, 2.684e-4
-1.008, 2.746e-4
-1.009, 2.807e-4
-1.010, 2.838e-4
-1.011, 2.869e-4
-1.012, 2.869e-4
-1.013, 2.900e-4
-1.014, 2.900e-4
-1.015, 2.931e-4
-1.016, 2.931e-4
-1.017, 2.961e-4
-1.018, 2.961e-4
-1.019, 2.961e-4
-1.020, 2.961e-4
-1.021, 2.961e-4
-1.022, 2.992e-4
-1.023, 2.992e-4
-1.024, 2.992e-4
-1.025, 3.023e-4
-1.026, 3.023e-4
-1.027, 3.023e-4
-1.028, 3.023e-4
-1.029, 3.023e-4
-1.030, 3.023e-4
-1.031, 3.023e-4
-1.032, 3.054e-4
-1.033, 3.054e-4
-1.034, 3.054e-4
-1.035, 3.054e-4
-1.036, 3.054e-4
-1.037, 3.054e-4
-1.038, 3.085e-4
-1.039, 3.085e-4
-1.040, 3.085e-4
-1.041, 3.085e-4
-1.042, 3.085e-4
-1.043, 3.115e-4
-1.044, 3.115e-4
-1.045, 3.115e-4
-1.046, 3.115e-4
-1.047, 3.115e-4
-1.048, 3.115e-4
-1.049, 3.115e-4
-1.050, 3.115e-4
-1.051, 3.115e-4
-1.052, 3.146e-4
-1.053, 3.146e-4
-1.054, 3.146e-4
-1.055, 3.146e-4
-1.056, 3.146e-4
-1.057, 3.146e-4
-1.058, 3.146e-4
-1.059, 3.146e-4
-1.060, 3.146e-4
-1.061, 3.146e-4
-1.062, 3.177e-4
-1.063, 3.146e-4
-1.064, 3.177e-4
-1.065, 3.177e-4
-1.066, 3.177e-4
-1.067, 3.177e-4
-1.068, 3.177e-4
-1.069, 3.177e-4
-1.070, 3.177e-4
-1.071, 3.177e-4
-1.072, 3.177e-4
-1.073, 3.177e-4
-1.074, 3.177e-4
-1.075, 3.208e-4
-1.076, 3.208e-4
-1.077, 3.208e-4
-1.078, 3.208e-4
-1.079, 3.208e-4
-1.080, 3.208e-4
-1.081, 3.208e-4
-1.082, 3.208e-4
-1.083, 3.208e-4
-1.084, 3.208e-4
-1.085, 3.208e-4
-1.086, 3.208e-4
-1.087, 3.208e-4
-1.088, 3.208e-4
-1.089, 3.239e-4
-1.090, 3.239e-4
-1.091, 3.208e-4
-1.092, 3.239e-4
-1.093, 3.239e-4
-1.094, 3.239e-4
-1.095, 3.239e-4
-1.096, 3.239e-4
-1.097, 3.239e-4
-1.098, 3.239e-4
-1.099, 3.239e-4
-1.100, 3.239e-4
-1.101, 3.239e-4
-1.102, 3.239e-4
-1.103, 3.270e-4
-1.104, 3.239e-4
-1.105, 3.270e-4
-1.106, 3.239e-4
-1.107, 3.270e-4
-1.108, 3.270e-4
-1.109, 3.270e-4
-1.110, 3.270e-4
-1.111, 3.270e-4
-1.112, 3.270e-4
-1.113, 3.270e-4
-1.114, 3.270e-4
-1.115, 3.270e-4
-1.116, 3.270e-4
-1.117, 3.270e-4
-1.118, 3.270e-4
-1.119, 3.300e-4
-1.120, 3.300e-4
-1.121, 3.300e-4
-1.122, 3.300e-4
-1.123, 3.300e-4
-1.124, 3.300e-4
-1.125, 3.300e-4
-1.126, 3.300e-4
-1.127, 3.300e-4
-1.128, 3.300e-4
-1.129, 3.300e-4
-1.130, 3.300e-4
-1.131, 3.300e-4
-1.132, 3.300e-4
-1.133, 3.300e-4
-1.134, 3.300e-4
-1.135, 3.300e-4
-1.136, 3.300e-4
-1.137, 3.331e-4
-1.138, 3.331e-4
-1.139, 3.331e-4
-1.140, 3.331e-4
-1.141, 3.331e-4
-1.142, 3.331e-4
-1.143, 3.331e-4
-1.144, 3.331e-4
-1.145, 3.331e-4
-1.146, 3.331e-4
-1.147, 3.331e-4
-1.148, 3.331e-4
-1.149, 3.331e-4
-1.150, 3.362e-4
-1.151, 3.362e-4
-1.152, 3.331e-4
-1.153, 3.331e-4
-1.154, 3.362e-4
-1.155, 3.331e-4
-1.156, 3.331e-4
-1.157, 3.362e-4
-1.158, 3.362e-4
-1.159, 3.362e-4
-1.160, 3.362e-4
-1.161, 3.362e-4
-1.162, 3.362e-4
-1.163, 3.362e-4
-1.164, 3.362e-4
-1.165, 3.362e-4
-1.166, 3.362e-4
-1.167, 3.362e-4
-1.168, 3.362e-4
-1.169, 3.362e-4
-1.170, 3.362e-4
-1.171, 3.362e-4
-1.172, 3.362e-4
-1.173, 3.393e-4
-1.174, 3.362e-4
-1.175, 3.393e-4
-1.176, 3.393e-4
-1.177, 3.393e-4
-1.178, 3.393e-4
-1.179, 3.393e-4
-1.180, 3.393e-4
-1.181, 3.362e-4
-1.182, 3.393e-4
-1.183, 3.393e-4
-1.184, 3.393e-4
-1.185, 3.393e-4
-1.186, 3.393e-4
-1.187, 3.393e-4
-1.188, 3.393e-4
-1.189, 3.393e-4
-1.190, 3.424e-4
-1.191, 3.393e-4
-1.192, 3.393e-4
-1.193, 3.424e-4
-1.194, 3.393e-4
-1.195, 3.424e-4
-1.196, 3.424e-4
-1.197, 3.424e-4
-1.198, 3.424e-4
-1.199, 3.424e-4
-1.200, 3.424e-4
-1.201, 3.424e-4
-1.202, 3.424e-4
-1.203, 3.424e-4
-1.204, 3.424e-4
-1.205, 3.424e-4
-1.206, 3.455e-4
-1.207, 3.455e-4
-1.208, 3.455e-4
-1.209, 3.455e-4
-1.210, 3.455e-4
-1.211, 3.485e-4
-1.212, 3.485e-4
-1.213, 3.455e-4
-1.214, 3.485e-4
-1.215, 3.485e-4
-1.216, 3.485e-4
-1.217, 3.485e-4
-1.218, 3.485e-4
-1.219, 3.485e-4
-1.220, 3.516e-4
-1.221, 3.516e-4
-1.222, 3.516e-4
-1.223, 3.516e-4
-1.224, 3.516e-4
-1.225, 3.516e-4
-1.226, 3.516e-4
-1.227, 3.547e-4
-1.228, 3.547e-4
-1.229, 3.578e-4
-1.230, 3.578e-4
-1.231, 3.578e-4
-1.232, 3.547e-4
-1.233, 3.578e-4
-1.234, 3.578e-4
-1.235, 3.578e-4
-1.236, 3.609e-4
-1.237, 3.609e-4
-1.238, 3.609e-4
-1.239, 3.609e-4
-1.240, 3.640e-4
-1.241, 3.640e-4
-1.242, 3.640e-4
-1.243, 3.640e-4
-1.244, 3.640e-4
-1.245, 3.670e-4
-1.246, 3.670e-4
-1.247, 3.670e-4
-1.248, 3.670e-4
-1.249, 3.701e-4
-1.250, 3.701e-4
-1.251, 3.701e-4
-1.252, 3.732e-4
-1.253, 3.732e-4
-1.254, 3.763e-4
-1.255, 3.763e-4
-1.256, 3.763e-4
-1.257, 3.763e-4
-1.258, 3.794e-4
-1.259, 3.794e-4
-1.260, 3.794e-4
-1.261, 3.825e-4
-1.262, 3.825e-4
-1.263, 3.825e-4
-1.264, 3.855e-4
-1.265, 3.855e-4
-1.266, 3.886e-4
-1.267, 3.886e-4
-1.268, 3.917e-4
-1.269, 3.917e-4
-1.270, 3.948e-4
-1.271, 3.948e-4
-1.272, 3.979e-4
-1.273, 3.979e-4
-1.274, 4.010e-4
-1.275, 4.010e-4
-1.276, 4.040e-4
-1.277, 4.040e-4
-1.278, 4.071e-4
-1.279, 4.071e-4
-1.280, 4.102e-4
-1.281, 4.133e-4
-1.282, 4.133e-4
-1.283, 4.164e-4
-1.284, 4.164e-4
-1.285, 4.164e-4
-1.286, 4.195e-4
-1.287, 4.225e-4
-1.288, 4.225e-4
-1.289, 4.256e-4
-1.290, 4.256e-4
-1.291, 4.287e-4
-1.292, 4.318e-4
-1.293, 4.318e-4
-1.294, 4.349e-4
-1.295, 4.380e-4
-1.296, 4.380e-4
-1.297, 4.410e-4
-1.298, 4.441e-4
-1.299, 4.441e-4
-1.300, 4.472e-4
-1.301, 4.503e-4
-1.302, 4.534e-4
-1.303, 4.534e-4
-1.304, 4.565e-4
-1.305, 4.595e-4
-1.306, 4.595e-4
-1.307, 4.626e-4
-1.308, 4.688e-4
-1.309, 4.688e-4
-1.310, 4.719e-4
-1.311, 4.750e-4
-1.312, 4.780e-4
-1.313, 4.811e-4
-1.314, 4.811e-4
-1.315, 4.842e-4
-1.316, 4.873e-4
-1.317, 4.904e-4
-1.318, 4.935e-4
-1.319, 4.965e-4
-1.320, 4.996e-4
-1.321, 5.027e-4
-1.322, 5.058e-4
-1.323, 5.089e-4
-1.324, 5.120e-4
-1.325, 5.150e-4
-1.326, 5.181e-4
-1.327, 5.212e-4
-1.328, 5.243e-4
-1.329, 5.274e-4
-1.330, 5.335e-4
-1.331, 5.366e-4
-1.332, 5.397e-4
-1.333, 5.428e-4
-1.334, 5.459e-4
-1.335, 5.489e-4
-1.336, 5.520e-4
-1.337, 5.582e-4
-1.338, 5.613e-4
-1.339, 5.644e-4
-1.340, 5.705e-4
-1.341, 5.736e-4
-1.342, 5.767e-4
-1.343, 5.798e-4
-1.344, 5.859e-4
-1.345, 5.890e-4
-1.346, 5.952e-4
-1.347, 5.983e-4
-1.348, 6.044e-4
-1.349, 6.075e-4
-1.350, 6.106e-4
-1.351, 6.168e-4
-1.352, 6.199e-4
-1.353, 6.260e-4
-1.354, 6.291e-4
-1.355, 6.353e-4
-1.356, 6.414e-4
-1.357, 6.476e-4
-1.358, 6.507e-4
-1.359, 6.569e-4
-1.360, 6.630e-4
-1.361, 6.661e-4
-1.362, 6.723e-4
-1.363, 6.784e-4
-1.364, 6.846e-4
-1.365, 6.877e-4
-1.366, 6.939e-4
-1.367, 7.000e-4
-1.368, 7.062e-4
-1.369, 7.124e-4
-1.370, 7.185e-4
-1.371, 7.216e-4
-1.372, 7.309e-4
-1.373, 7.370e-4
-1.374, 7.432e-4
-1.375, 7.494e-4
-1.376, 7.555e-4
-1.377, 7.617e-4
-1.378, 7.679e-4
-1.379, 7.771e-4
-1.380, 7.833e-4
-1.381, 7.894e-4
-1.382, 7.987e-4
-1.383, 8.048e-4
-1.384, 8.141e-4
-1.385, 8.203e-4
-1.386, 8.295e-4
-1.387, 8.357e-4
-1.388, 8.449e-4
-1.389, 8.511e-4
-1.390, 8.603e-4
-1.391, 8.696e-4
-1.392, 8.758e-4
-1.393, 8.850e-4
-1.394, 8.912e-4
-1.395, 9.035e-4
-1.396, 9.097e-4
-1.397, 9.189e-4
-1.398, 9.282e-4
-1.399, 9.374e-4
-1.400, 9.467e-4
-1.401, 9.559e-4
-1.402, 9.652e-4
-1.403, 9.744e-4
-1.404, 9.837e-4
-1.405, 9.960e-4
-1.406, 1.005e-3
-1.407, 1.014e-3
-1.408, 1.024e-3
-1.409, 1.036e-3
-1.410, 1.045e-3
-1.411, 1.055e-3
-1.412, 1.067e-3
-1.413, 1.079e-3
-1.414, 1.092e-3
-1.415, 1.104e-3
-1.416, 1.113e-3
-1.417, 1.125e-3
-1.418, 1.138e-3
-1.419, 1.147e-3
-1.420, 1.159e-3
-1.421, 1.172e-3
-1.422, 1.184e-3
-1.423, 1.196e-3
-1.424, 1.206e-3
-1.425, 1.218e-3
-1.426, 1.230e-3
-1.427, 1.246e-3
-1.428, 1.258e-3
-1.429, 1.270e-3
-1.430, 1.286e-3
-1.431, 1.298e-3
-1.432, 1.310e-3
-1.433, 1.326e-3
-1.434, 1.341e-3
-1.435, 1.357e-3
-1.436, 1.369e-3
-1.437, 1.384e-3
-1.438, 1.400e-3
-1.439, 1.415e-3
-1.440, 1.431e-3
-1.441, 1.446e-3
-1.442, 1.462e-3
-1.443, 1.480e-3
-1.444, 1.499e-3
-1.445, 1.514e-3
-1.446, 1.532e-3
-1.447, 1.548e-3
-1.448, 1.563e-3
-1.449, 1.582e-3
-1.450, 1.600e-3
-1.451, 1.616e-3
-1.452, 1.637e-3
-1.453, 1.656e-3
-1.454, 1.674e-3
-1.455, 1.696e-3
-1.456, 1.714e-3
-1.457, 1.733e-3
-1.458, 1.754e-3
-1.459, 1.773e-3
-1.460, 1.795e-3
-1.461, 1.816e-3
-1.462, 1.838e-3
-1.463, 1.859e-3
-1.464, 1.881e-3
-1.465, 1.902e-3
-1.466, 1.924e-3
-1.467, 1.949e-3
-1.468, 1.970e-3
-1.469, 1.992e-3
-1.470, 2.017e-3
-1.471, 2.041e-3
-1.472, 2.069e-3
-1.473, 2.094e-3
-1.474, 2.118e-3
-1.475, 2.143e-3
-1.476, 2.168e-3
-1.477, 2.195e-3
-1.478, 2.220e-3
-1.479, 2.248e-3
-1.480, 2.279e-3
-1.481, 2.306e-3
-1.482, 2.334e-3
-1.483, 2.362e-3
-1.484, 2.393e-3
-1.485, 2.423e-3
-1.486, 2.454e-3
-1.487, 2.485e-3
-1.488, 2.516e-3
-1.489, 2.547e-3
-1.490, 2.581e-3
-1.491, 2.612e-3
-1.492, 2.645e-3
-1.493, 2.676e-3
-1.494, 2.713e-3
-1.495, 2.747e-3
-1.496, 2.784e-3
-1.497, 2.818e-3
-1.498, 2.852e-3
-1.499, 2.889e-3
-1.500, 2.926e-3
-1.501, 2.963e-3
-1.502, 3.003e-3
-1.503, 3.040e-3
-1.504, 3.080e-3
-1.505, 3.120e-3
-1.506, 3.160e-3
-1.507, 3.200e-3
-1.508, 3.244e-3
-1.509, 3.287e-3
-1.510, 3.327e-3
-1.511, 3.370e-3
-1.512, 3.413e-3
-1.513, 3.453e-3
-1.514, 3.499e-3
-1.515, 3.546e-3
-1.516, 3.589e-3
-1.517, 3.635e-3
-1.518, 3.681e-3
-1.519, 3.725e-3
-1.520, 3.774e-3
-1.521, 3.820e-3
-1.522, 3.869e-3
-1.523, 3.919e-3
-1.524, 3.968e-3
-1.525, 4.017e-3
-1.526, 4.070e-3
-1.527, 4.119e-3
-1.528, 4.169e-3
-1.529, 4.221e-3
-1.530, 4.273e-3
-1.531, 4.326e-3
-1.532, 4.378e-3
-1.533, 4.431e-3
-1.534, 4.486e-3
-1.535, 4.542e-3
-1.536, 4.594e-3
-1.537, 4.649e-3
-1.538, 4.705e-3
-1.539, 4.760e-3
-1.540, 4.816e-3
-1.541, 4.871e-3
-1.542, 4.930e-3
-1.543, 4.989e-3
-1.544, 5.044e-3
-1.545, 5.103e-3
-1.546, 5.158e-3
-1.547, 5.214e-3
-1.548, 5.272e-3
-1.549, 5.331e-3
-1.550, 5.393e-3
-1.551, 5.454e-3
-1.552, 5.513e-3
-1.553, 5.574e-3
-1.554, 5.633e-3
-1.555, 5.695e-3
-1.556, 5.756e-3
-1.557, 5.821e-3
-1.558, 5.883e-3
-1.559, 5.947e-3
-1.560, 6.012e-3
-1.561, 6.080e-3
-1.562, 6.145e-3
-1.563, 6.210e-3
-1.564, 6.277e-3
-1.565, 6.342e-3
-1.566, 6.410e-3
-1.567, 6.475e-3
-1.568, 6.543e-3
-1.569, 6.610e-3
-1.570, 6.678e-3
-1.571, 6.746e-3
-1.572, 6.814e-3
-1.573, 6.882e-3
-1.574, 6.953e-3
-1.575, 7.020e-3
-1.576, 7.091e-3
-1.577, 7.162e-3
-1.578, 7.230e-3
-1.579, 7.304e-3
-1.580, 7.375e-3
-1.581, 7.446e-3
-1.582, 7.517e-3
-1.583, 7.585e-3
-1.584, 7.659e-3
-1.585, 7.730e-3
-1.586, 7.800e-3
-1.587, 7.878e-3
-1.588, 7.951e-3
-1.589, 8.029e-3
-1.590, 8.106e-3
-1.591, 8.183e-3
-1.592, 8.260e-3
-1.593, 8.337e-3
-1.594, 8.414e-3
-1.595, 8.494e-3
-1.596, 8.574e-3
-1.597, 8.651e-3
-1.598, 8.732e-3
-1.599, 8.809e-3
-1.600, 8.809e-3
-1.599, 8.698e-3
-1.598, 8.617e-3
-1.597, 8.553e-3
-1.596, 8.485e-3
-1.595, 8.423e-3
-1.594, 8.355e-3
-1.593, 8.288e-3
-1.592, 8.220e-3
-1.591, 8.149e-3
-1.590, 8.081e-3
-1.589, 8.010e-3
-1.588, 7.939e-3
-1.587, 7.868e-3
-1.586, 7.797e-3
-1.585, 7.723e-3
-1.584, 7.652e-3
-1.583, 7.578e-3
-1.582, 7.511e-3
-1.581, 7.440e-3
-1.580, 7.369e-3
-1.579, 7.301e-3
-1.578, 7.233e-3
-1.577, 7.165e-3
-1.576, 7.094e-3
-1.575, 7.027e-3
-1.574, 6.956e-3
-1.573, 6.885e-3
-1.572, 6.811e-3
-1.571, 6.743e-3
-1.570, 6.672e-3
-1.569, 6.601e-3
-1.568, 6.533e-3
-1.567, 6.465e-3
-1.566, 6.398e-3
-1.565, 6.330e-3
-1.564, 6.259e-3
-1.563, 6.191e-3
-1.562, 6.120e-3
-1.561, 6.052e-3
-1.560, 5.988e-3
-1.559, 5.923e-3
-1.558, 5.858e-3
-1.557, 5.790e-3
-1.556, 5.722e-3
-1.555, 5.658e-3
-1.554, 5.593e-3
-1.553, 5.525e-3
-1.552, 5.460e-3
-1.551, 5.399e-3
-1.550, 5.337e-3
-1.549, 5.275e-3
-1.548, 5.214e-3
-1.547, 5.152e-3
-1.546, 5.090e-3
-1.545, 5.038e-3
-1.544, 4.973e-3
-1.543, 4.912e-3
-1.542, 4.850e-3
-1.541, 4.791e-3
-1.540, 4.730e-3
-1.539, 4.668e-3
-1.538, 4.609e-3
-1.537, 4.551e-3
-1.536, 4.492e-3
-1.535, 4.437e-3
-1.534, 4.381e-3
-1.533, 4.326e-3
-1.532, 4.270e-3
-1.531, 4.215e-3
-1.530, 4.159e-3
-1.529, 4.104e-3
-1.528, 4.048e-3
-1.527, 3.993e-3
-1.526, 3.940e-3
-1.525, 3.885e-3
-1.524, 3.832e-3
-1.523, 3.780e-3
-1.522, 3.728e-3
-1.521, 3.678e-3
-1.520, 3.629e-3
-1.519, 3.580e-3
-1.518, 3.530e-3
-1.517, 3.481e-3
-1.516, 3.432e-3
-1.515, 3.382e-3
-1.514, 3.336e-3
-1.513, 3.287e-3
-1.512, 3.237e-3
-1.511, 3.191e-3
-1.510, 3.142e-3
-1.509, 3.096e-3
-1.508, 3.052e-3
-1.507, 3.006e-3
-1.506, 2.963e-3
-1.505, 2.920e-3
-1.504, 2.874e-3
-1.503, 2.830e-3
-1.502, 2.790e-3
-1.501, 2.747e-3
-1.500, 2.704e-3
-1.499, 2.664e-3
-1.498, 2.621e-3
-1.497, 2.581e-3
-1.496, 2.541e-3
-1.495, 2.501e-3
-1.494, 2.460e-3
-1.493, 2.423e-3
-1.492, 2.383e-3
-1.491, 2.346e-3
-1.490, 2.306e-3
-1.489, 2.269e-3
-1.488, 2.235e-3
-1.487, 2.198e-3
-1.486, 2.161e-3
-1.485, 2.124e-3
-1.484, 2.087e-3
-1.483, 2.054e-3
-1.482, 2.017e-3
-1.481, 1.983e-3
-1.480, 1.952e-3
-1.479, 1.918e-3
-1.478, 1.884e-3
-1.477, 1.853e-3
-1.476, 1.819e-3
-1.475, 1.788e-3
-1.474, 1.754e-3
-1.473, 1.724e-3
-1.472, 1.693e-3
-1.471, 1.665e-3
-1.470, 1.634e-3
-1.469, 1.603e-3
-1.468, 1.573e-3
-1.467, 1.545e-3
-1.466, 1.517e-3
-1.465, 1.486e-3
-1.464, 1.458e-3
-1.463, 1.434e-3
-1.462, 1.406e-3
-1.461, 1.381e-3
-1.460, 1.354e-3
-1.459, 1.329e-3
-1.458, 1.304e-3
-1.457, 1.277e-3
-1.456, 1.252e-3
-1.455, 1.227e-3
-1.454, 1.203e-3
-1.453, 1.181e-3
-1.452, 1.156e-3
-1.451, 1.135e-3
-1.450, 1.110e-3
-1.449, 1.088e-3
-1.448, 1.067e-3
-1.447, 1.045e-3
-1.446, 1.024e-3
-1.445, 1.005e-3
-1.444, 9.806e-4
-1.443, 9.621e-4
-1.442, 9.436e-4
-1.441, 9.220e-4
-1.440, 9.035e-4
-1.439, 8.850e-4
-1.438, 8.665e-4
-1.437, 8.480e-4
-1.436, 8.264e-4
-1.435, 8.110e-4
-1.434, 7.925e-4
-1.433, 7.740e-4
-1.432, 7.586e-4
-1.431, 7.401e-4
-1.430, 7.247e-4
-1.429, 7.093e-4
-1.428, 6.908e-4
-1.427, 6.754e-4
-1.426, 6.599e-4
-1.425, 6.445e-4
-1.424, 6.291e-4
-1.423, 6.137e-4
-1.422, 6.014e-4
-1.421, 5.859e-4
-1.420, 5.736e-4
-1.419, 5.582e-4
-1.418, 5.459e-4
-1.417, 5.305e-4
-1.416, 5.212e-4
-1.415, 5.058e-4
-1.414, 4.935e-4
-1.413, 4.811e-4
-1.412, 4.688e-4
-1.411, 4.565e-4
-1.410, 4.441e-4
-1.409, 4.318e-4
-1.408, 4.195e-4
-1.407, 4.071e-4
-1.406, 3.979e-4
-1.405, 3.886e-4
-1.404, 3.763e-4
-1.403, 3.670e-4
-1.402, 3.578e-4
-1.401, 3.455e-4
-1.400, 3.362e-4
-1.399, 3.239e-4
-1.398, 3.177e-4
-1.397, 3.085e-4
-1.396, 2.961e-4
-1.395, 2.869e-4
-1.394, 2.776e-4
-1.393, 2.684e-4
-1.392, 2.622e-4
-1.391, 2.530e-4
-1.390, 2.437e-4
-1.389, 2.345e-4
-1.388, 2.252e-4
-1.387, 2.191e-4
-1.386, 2.129e-4
-1.385, 2.036e-4
-1.384, 1.944e-4
-1.383, 1.882e-4
-1.382, 1.790e-4
-1.381, 1.728e-4
-1.380, 1.636e-4
-1.379, 1.574e-4
-1.378, 1.512e-4
-1.377, 1.451e-4
-1.376, 1.389e-4
-1.375, 1.296e-4
-1.374, 1.235e-4
-1.373, 1.173e-4
-1.372, 1.111e-4
-1.371, 1.050e-4
-1.370, 9.882e-5
-1.369, 9.265e-5
-1.368, 8.648e-5
-1.367, 8.032e-5
-1.366, 7.415e-5
-1.365, 6.798e-5
-1.364, 6.182e-5
-1.363, 5.565e-5
-1.362, 4.949e-5
-1.361, 4.640e-5
-1.360, 4.024e-5
-1.359, 3.407e-5
-1.358, 2.790e-5
-1.357, 2.174e-5
-1.356, 1.557e-5
-1.355, 1.249e-5
-1.354, 9.405e-6
-1.353, 3.239e-6
-1.352, 1.559e-7
-1.351, -6.010e-6
-1.350, -1.218e-5
-1.349, -1.526e-5
-1.348, -2.143e-5
-1.347, -2.451e-5
-1.346, -3.068e-5
-1.345, -3.376e-5
-1.344, -3.992e-5
-1.343, -4.301e-5
-1.342, -4.917e-5
-1.341, -5.226e-5
-1.340, -5.534e-5
-1.339, -6.151e-5
-1.338, -6.459e-5
-1.337, -7.076e-5
-1.336, -7.384e-5
-1.335, -7.692e-5
-1.334, -8.000e-5
-1.333, -8.617e-5
-1.332, -8.925e-5
-1.331, -9.234e-5
-1.330, -9.850e-5
-1.329, -1.016e-4
-1.328, -1.047e-4
-1.327, -1.078e-4
-1.326, -1.108e-4
-1.325, -1.139e-4
-1.324, -1.170e-4
-1.323, -1.232e-4
-1.322, -1.263e-4
-1.321, -1.293e-4
-1.320, -1.324e-4
-1.319, -1.355e-4
-1.318, -1.386e-4
-1.317, -1.417e-4
-1.316, -1.448e-4
-1.315, -1.478e-4
-1.314, -1.509e-4
-1.313, -1.540e-4
-1.312, -1.571e-4
-1.311, -1.602e-4
-1.310, -1.632e-4
-1.309, -1.663e-4
-1.308, -1.694e-4
-1.307, -1.725e-4
-1.306, -1.756e-4
-1.305, -1.756e-4
-1.304, -1.817e-4
-1.303, -1.817e-4
-1.302, -1.848e-4
-1.301, -1.879e-4
-1.300, -1.910e-4
-1.299, -1.941e-4
-1.298, -1.941e-4
-1.297, -1.972e-4
-1.296, -2.002e-4
-1.295, -2.033e-4
-1.294, -2.064e-4
-1.293, -2.064e-4
-1.292, -2.095e-4
-1.291, -2.095e-4
-1.290, -2.126e-4
-1.289, -2.157e-4
-1.288, -2.187e-4
-1.287, -2.218e-4
-1.286, -2.218e-4
-1.285, -2.249e-4
-1.284, -2.280e-4
-1.283, -2.280e-4
-1.282, -2.311e-4
-1.281, -2.342e-4
-1.280, -2.342e-4
-1.279, -2.372e-4
-1.278, -2.372e-4
-1.277, -2.403e-4
-1.276, -2.403e-4
-1.275, -2.434e-4
-1.274, -2.465e-4
-1.273, -2.465e-4
-1.272, -2.496e-4
-1.271, -2.496e-4
-1.270, -2.527e-4
-1.269, -2.527e-4
-1.268, -2.557e-4
-1.267, -2.557e-4
-1.266, -2.588e-4
-1.265, -2.619e-4
-1.264, -2.619e-4
-1.263, -2.619e-4
-1.262, -2.619e-4
-1.261, -2.650e-4
-1.260, -2.681e-4
-1.259, -2.681e-4
-1.258, -2.681e-4
-1.257, -2.712e-4
-1.256, -2.712e-4
-1.255, -2.742e-4
-1.254, -2.742e-4
-1.253, -2.742e-4
-1.252, -2.773e-4
-1.251, -2.773e-4
-1.250, -2.804e-4
-1.249, -2.804e-4
-1.248, -2.804e-4
-1.247, -2.835e-4
-1.246, -2.835e-4
-1.245, -2.835e-4
-1.244, -2.866e-4
-1.243, -2.866e-4
-1.242, -2.897e-4
-1.241, -2.897e-4
-1.240, -2.897e-4
-1.239, -2.927e-4
-1.238, -2.927e-4
-1.237, -2.927e-4
-1.236, -2.958e-4
-1.235, -2.958e-4
-1.234, -2.958e-4
-1.233, -2.989e-4
-1.232, -2.989e-4
-1.231, -2.989e-4
-1.230, -2.989e-4
-1.229, -3.020e-4
-1.228, -3.020e-4
-1.227, -3.020e-4
-1.226, -3.020e-4
-1.225, -3.051e-4
-1.224, -3.051e-4
-1.223, -3.051e-4
-1.222, -3.051e-4
-1.221, -3.051e-4
-1.220, -3.082e-4
-1.219, -3.082e-4
-1.218, -3.082e-4
-1.217, -3.082e-4
-1.216, -3.082e-4
-1.215, -3.112e-4
-1.214, -3.112e-4
-1.213, -3.112e-4
-1.212, -3.112e-4
-1.211, -3.143e-4
-1.210, -3.143e-4
-1.209, -3.143e-4
-1.208, -3.143e-4
-1.207, -3.143e-4
-1.206, -3.143e-4
-1.205, -3.143e-4
-1.204, -3.143e-4
-1.203, -3.174e-4
-1.202, -3.143e-4
-1.201, -3.174e-4
-1.200, -3.174e-4
-1.199, -3.174e-4
-1.198, -3.174e-4
-1.197, -3.174e-4
-1.196, -3.205e-4
-1.195, -3.174e-4
-1.194, -3.174e-4
-1.193, -3.205e-4
-1.192, -3.174e-4
-1.191, -3.205e-4
-1.190, -3.205e-4
-1.189, -3.205e-4
-1.188, -3.205e-4
-1.187, -3.205e-4
-1.186, -3.205e-4
-1.185, -3.205e-4
-1.184, -3.205e-4
-1.183, -3.205e-4
-1.182, -3.205e-4
-1.181, -3.205e-4
-1.180, -3.236e-4
-1.179, -3.236e-4
-1.178, -3.236e-4
-1.177, -3.236e-4
-1.176, -3.236e-4
-1.175, -3.236e-4
-1.174, -3.267e-4
-1.173, -3.236e-4
-1.172, -3.236e-4
-1.171, -3.236e-4
-1.170, -3.267e-4
-1.169, -3.267e-4
-1.168, -3.267e-4
-1.167, -3.267e-4
-1.166, -3.267e-4
-1.165, -3.267e-4
-1.164, -3.297e-4
-1.163, -3.297e-4
-1.162, -3.297e-4
-1.161, -3.297e-4
-1.160, -3.297e-4
-1.159, -3.297e-4
-1.158, -3.297e-4
-1.157, -3.297e-4
-1.156, -3.297e-4
-1.155, -3.297e-4
-1.154, -3.297e-4
-1.153, -3.297e-4
-1.152, -3.297e-4
-1.151, -3.328e-4
-1.150, -3.328e-4
-1.149, -3.297e-4
-1.148, -3.328e-4
-1.147, -3.297e-4
-1.146, -3.328e-4
-1.145, -3.328e-4
-1.144, -3.328e-4
-1.143, -3.328e-4
-1.142, -3.328e-4
-1.141, -3.328e-4
-1.140, -3.328e-4
-1.139, -3.328e-4
-1.138, -3.328e-4
-1.137, -3.328e-4
-1.136, -3.328e-4
-1.135, -3.359e-4
-1.134, -3.328e-4
-1.133, -3.359e-4
-1.132, -3.359e-4
-1.131, -3.359e-4
-1.130, -3.359e-4
-1.129, -3.359e-4
-1.128, -3.359e-4
-1.127, -3.359e-4
-1.126, -3.359e-4
-1.125, -3.359e-4
-1.124, -3.390e-4
-1.123, -3.359e-4
-1.122, -3.390e-4
-1.121, -3.390e-4
-1.120, -3.390e-4
-1.119, -3.390e-4
-1.118, -3.390e-4
-1.117, -3.390e-4
-1.116, -3.390e-4
-1.115, -3.390e-4
-1.114, -3.390e-4
-1.113, -3.421e-4
-1.112, -3.390e-4
-1.111, -3.390e-4
-1.110, -3.421e-4
-1.109, -3.421e-4
-1.108, -3.421e-4
-1.107, -3.421e-4
-1.106, -3.421e-4
-1.105, -3.421e-4
-1.104, -3.421e-4
-1.103, -3.452e-4
-1.102, -3.421e-4
-1.101, -3.452e-4
-1.100, -3.452e-4
-1.099, -3.452e-4
-1.098, -3.452e-4
-1.097, -3.452e-4
-1.096, -3.452e-4
-1.095, -3.452e-4
-1.094, -3.482e-4
-1.093, -3.452e-4
-1.092, -3.482e-4
-1.091, -3.482e-4
-1.090, -3.482e-4
-1.089, -3.482e-4
-1.088, -3.482e-4
-1.087, -3.513e-4
-1.086, -3.513e-4
-1.085, -3.513e-4
-1.084, -3.513e-4
-1.083, -3.513e-4
-1.082, -3.513e-4
-1.081, -3.513e-4
-1.080, -3.513e-4
-1.079, -3.513e-4
-1.078, -3.544e-4
-1.077, -3.513e-4
-1.076, -3.544e-4
-1.075, -3.544e-4
-1.074, -3.544e-4
-1.073, -3.544e-4
-1.072, -3.544e-4
-1.071, -3.575e-4
-1.070, -3.575e-4
-1.069, -3.575e-4
-1.068, -3.575e-4
-1.067, -3.575e-4
-1.066, -3.575e-4
-1.065, -3.575e-4
-1.064, -3.575e-4
-1.063, -3.575e-4
-1.062, -3.606e-4
-1.061, -3.606e-4
-1.060, -3.606e-4
-1.059, -3.606e-4
-1.058, -3.606e-4
-1.057, -3.637e-4
-1.056, -3.637e-4
-1.055, -3.637e-4
-1.054, -3.637e-4
-1.053, -3.637e-4
-1.052, -3.637e-4
-1.051, -3.637e-4
-1.050, -3.667e-4
-1.049, -3.667e-4
-1.048, -3.667e-4
-1.047, -3.667e-4
-1.046, -3.698e-4
-1.045, -3.667e-4
-1.044, -3.698e-4
-1.043, -3.698e-4
-1.042, -3.698e-4
-1.041, -3.729e-4
-1.040, -3.698e-4
-1.039, -3.729e-4
-1.038, -3.729e-4
-1.037, -3.729e-4
-1.036, -3.729e-4
-1.035, -3.760e-4
-1.034, -3.729e-4
-1.033, -3.760e-4
-1.032, -3.760e-4
-1.031, -3.760e-4
-1.030, -3.760e-4
-1.029, -3.760e-4
-1.028, -3.760e-4
-1.027, -3.791e-4
-1.026, -3.791e-4
-1.025, -3.821e-4
-1.024, -3.791e-4
-1.023, -3.821e-4
-1.022, -3.821e-4
-1.021, -3.821e-4
-1.020, -3.821e-4
-1.019, -3.852e-4
-1.018, -3.852e-4
-1.017, -3.852e-4
-1.016, -3.852e-4
-1.015, -3.883e-4
-1.014, -3.883e-4
-1.013, -3.883e-4
-1.012, -3.883e-4
-1.011, -3.914e-4
-1.010, -3.914e-4
-1.009, -3.914e-4
-1.008, -3.914e-4
-1.007, -3.945e-4
-1.006, -3.945e-4
-1.005, -3.945e-4
-1.004, -3.945e-4
-1.003, -3.945e-4
-1.002, -3.976e-4
-1.001, -3.976e-4
