June 26, 2026   16:13:55
Cyclic Voltammetry
File: c:/users/guazh/data/20260623_doe_duplica2/2026-06-24-exp16\exp16-2026-06-26t15_57_35-h2koh\exp16_cv_50mvs_efin_-1700mv.bin
Data Source:  Experiment
Instrument Model:  CHI760E
Header: CV ran at 50 mVs
Note: 

Init E (V) = -1
High E (V) = -1
Low E (V) = -1.7
Final E (V) = -1
Init P/N = N
Scan Rate (V/s) = 0.05
Segment = 7
Sample Interval (V) = 0.001
Quiet Time (sec) = 60
Sensitivity (A/V) = 0.001
Comp R (ohm) = 3.3

Results:

Channel 1:
Segment 1:

Segment 2:

Segment 3:

Segment 4:

Segment 5:

Segment 6:

Segment 7:

Potential/V, Current/A

-1.000, 5.616e-6
-1.001, 1.328e-5
-1.002, 1.649e-5
-1.003, 1.824e-5
-1.004, 1.958e-5
-1.005, 2.041e-5
-1.006, 2.124e-5
-1.007, 2.190e-5
-1.008, 2.237e-5
-1.009, 2.292e-5
-1.010, 2.335e-5
-1.011, 2.380e-5
-1.012, 2.422e-5
-1.013, 2.443e-5
-1.014, 2.482e-5
-1.015, 2.515e-5
-1.016, 2.540e-5
-1.017, 2.570e-5
-1.018, 2.595e-5
-1.019, 2.613e-5
-1.020, 2.648e-5
-1.021, 2.668e-5
-1.022, 2.687e-5
-1.023, 2.713e-5
-1.024, 2.738e-5
-1.025, 2.755e-5
-1.026, 2.770e-5
-1.027, 2.780e-5
-1.028, 2.807e-5
-1.029, 2.817e-5
-1.030, 2.836e-5
-1.031, 2.851e-5
-1.032, 2.861e-5
-1.033, 2.881e-5
-1.034, 2.897e-5
-1.035, 2.907e-5
-1.036, 2.933e-5
-1.037, 2.937e-5
-1.038, 2.952e-5
-1.039, 2.967e-5
-1.040, 2.971e-5
-1.041, 2.988e-5
-1.042, 3.006e-5
-1.043, 3.016e-5
-1.044, 3.029e-5
-1.045, 3.034e-5
-1.046, 3.050e-5
-1.047, 3.063e-5
-1.048, 3.068e-5
-1.049, 3.084e-5
-1.050, 3.097e-5
-1.051, 3.094e-5
-1.052, 3.116e-5
-1.053, 3.122e-5
-1.054, 3.127e-5
-1.055, 3.144e-5
-1.056, 3.142e-5
-1.057, 3.161e-5
-1.058, 3.167e-5
-1.059, 3.168e-5
-1.060, 3.189e-5
-1.061, 3.192e-5
-1.062, 3.198e-5
-1.063, 3.211e-5
-1.064, 3.218e-5
-1.065, 3.222e-5
-1.066, 3.228e-5
-1.067, 3.235e-5
-1.068, 3.255e-5
-1.069, 3.254e-5
-1.070, 3.251e-5
-1.071, 3.262e-5
-1.072, 3.266e-5
-1.073, 3.274e-5
-1.074, 3.277e-5
-1.075, 3.302e-5
-1.076, 3.303e-5
-1.077, 3.295e-5
-1.078, 3.305e-5
-1.079, 3.314e-5
-1.080, 3.307e-5
-1.081, 3.318e-5
-1.082, 3.327e-5
-1.083, 3.327e-5
-1.084, 3.331e-5
-1.085, 3.333e-5
-1.086, 3.341e-5
-1.087, 3.348e-5
-1.088, 3.352e-5
-1.089, 3.349e-5
-1.090, 3.356e-5
-1.091, 3.354e-5
-1.092, 3.363e-5
-1.093, 3.366e-5
-1.094, 3.370e-5
-1.095, 3.369e-5
-1.096, 3.370e-5
-1.097, 3.374e-5
-1.098, 3.382e-5
-1.099, 3.382e-5
-1.100, 3.386e-5
-1.101, 3.389e-5
-1.102, 3.393e-5
-1.103, 3.393e-5
-1.104, 3.392e-5
-1.105, 3.398e-5
-1.106, 3.398e-5
-1.107, 3.394e-5
-1.108, 3.407e-5
-1.109, 3.402e-5
-1.110, 3.399e-5
-1.111, 3.407e-5
-1.112, 3.403e-5
-1.113, 3.411e-5
-1.114, 3.408e-5
-1.115, 3.411e-5
-1.116, 3.413e-5
-1.117, 3.407e-5
-1.118, 3.414e-5
-1.119, 3.420e-5
-1.120, 3.415e-5
-1.121, 3.420e-5
-1.122, 3.423e-5
-1.123, 3.419e-5
-1.124, 3.425e-5
-1.125, 3.427e-5
-1.126, 3.421e-5
-1.127, 3.428e-5
-1.128, 3.423e-5
-1.129, 3.429e-5
-1.130, 3.435e-5
-1.131, 3.431e-5
-1.132, 3.436e-5
-1.133, 3.432e-5
-1.134, 3.432e-5
-1.135, 3.438e-5
-1.136, 3.437e-5
-1.137, 3.446e-5
-1.138, 3.447e-5
-1.139, 3.452e-5
-1.140, 3.465e-5
-1.141, 3.441e-5
-1.142, 3.449e-5
-1.143, 3.458e-5
-1.144, 3.449e-5
-1.145, 3.459e-5
-1.146, 3.457e-5
-1.147, 3.460e-5
-1.148, 3.471e-5
-1.149, 3.472e-5
-1.150, 3.474e-5
-1.151, 3.481e-5
-1.152, 3.476e-5
-1.153, 3.489e-5
-1.154, 3.493e-5
-1.155, 3.493e-5
-1.156, 3.504e-5
-1.157, 3.505e-5
-1.158, 3.508e-5
-1.159, 3.520e-5
-1.160, 3.519e-5
-1.161, 3.524e-5
-1.162, 3.535e-5
-1.163, 3.538e-5
-1.164, 3.553e-5
-1.165, 3.564e-5
-1.166, 3.565e-5
-1.167, 3.575e-5
-1.168, 3.580e-5
-1.169, 3.591e-5
-1.170, 3.602e-5
-1.171, 3.600e-5
-1.172, 3.622e-5
-1.173, 3.627e-5
-1.174, 3.641e-5
-1.175, 3.658e-5
-1.176, 3.663e-5
-1.177, 3.679e-5
-1.178, 3.689e-5
-1.179, 3.693e-5
-1.180, 3.710e-5
-1.181, 3.720e-5
-1.182, 3.739e-5
-1.183, 3.753e-5
-1.184, 3.766e-5
-1.185, 3.780e-5
-1.186, 3.803e-5
-1.187, 3.812e-5
-1.188, 3.836e-5
-1.189, 3.845e-5
-1.190, 3.865e-5
-1.191, 3.885e-5
-1.192, 3.905e-5
-1.193, 3.935e-5
-1.194, 3.948e-5
-1.195, 3.957e-5
-1.196, 3.989e-5
-1.197, 4.002e-5
-1.198, 4.024e-5
-1.199, 4.047e-5
-1.200, 4.056e-5
-1.201, 4.084e-5
-1.202, 4.113e-5
-1.203, 4.138e-5
-1.204, 4.165e-5
-1.205, 4.189e-5
-1.206, 4.219e-5
-1.207, 4.240e-5
-1.208, 4.263e-5
-1.209, 4.297e-5
-1.210, 4.337e-5
-1.211, 4.365e-5
-1.212, 4.395e-5
-1.213, 4.428e-5
-1.214, 4.457e-5
-1.215, 4.496e-5
-1.216, 4.529e-5
-1.217, 4.569e-5
-1.218, 4.612e-5
-1.219, 4.644e-5
-1.220, 4.705e-5
-1.221, 4.745e-5
-1.222, 4.785e-5
-1.223, 4.819e-5
-1.224, 4.838e-5
-1.225, 4.888e-5
-1.226, 4.945e-5
-1.227, 4.997e-5
-1.228, 5.053e-5
-1.229, 5.116e-5
-1.230, 5.163e-5
-1.231, 5.215e-5
-1.232, 5.261e-5
-1.233, 5.318e-5
-1.234, 5.378e-5
-1.235, 5.441e-5
-1.236, 5.502e-5
-1.237, 5.563e-5
-1.238, 5.634e-5
-1.239, 5.712e-5
-1.240, 5.777e-5
-1.241, 5.848e-5
-1.242, 5.936e-5
-1.243, 5.986e-5
-1.244, 6.065e-5
-1.245, 6.140e-5
-1.246, 6.224e-5
-1.247, 6.308e-5
-1.248, 6.411e-5
-1.249, 6.490e-5
-1.250, 6.555e-5
-1.251, 6.639e-5
-1.252, 6.748e-5
-1.253, 6.833e-5
-1.254, 6.937e-5
-1.255, 7.060e-5
-1.256, 7.142e-5
-1.257, 7.253e-5
-1.258, 7.386e-5
-1.259, 7.459e-5
-1.260, 7.573e-5
-1.261, 7.691e-5
-1.262, 7.841e-5
-1.263, 7.936e-5
-1.264, 8.056e-5
-1.265, 8.223e-5
-1.266, 8.372e-5
-1.267, 8.448e-5
-1.268, 8.555e-5
-1.269, 8.697e-5
-1.270, 8.845e-5
-1.271, 9.027e-5
-1.272, 9.183e-5
-1.273, 9.295e-5
-1.274, 9.449e-5
-1.275, 9.608e-5
-1.276, 9.770e-5
-1.277, 9.928e-5
-1.278, 1.010e-4
-1.279, 1.026e-4
-1.280, 1.044e-4
-1.281, 1.060e-4
-1.282, 1.078e-4
-1.283, 1.096e-4
-1.284, 1.114e-4
-1.285, 1.132e-4
-1.286, 1.152e-4
-1.287, 1.173e-4
-1.288, 1.190e-4
-1.289, 1.209e-4
-1.290, 1.231e-4
-1.291, 1.251e-4
-1.292, 1.271e-4
-1.293, 1.292e-4
-1.294, 1.314e-4
-1.295, 1.340e-4
-1.296, 1.362e-4
-1.297, 1.385e-4
-1.298, 1.409e-4
-1.299, 1.432e-4
-1.300, 1.454e-4
-1.301, 1.477e-4
-1.302, 1.502e-4
-1.303, 1.527e-4
-1.304, 1.553e-4
-1.305, 1.577e-4
-1.306, 1.604e-4
-1.307, 1.630e-4
-1.308, 1.657e-4
-1.309, 1.682e-4
-1.310, 1.706e-4
-1.311, 1.730e-4
-1.312, 1.758e-4
-1.313, 1.791e-4
-1.314, 1.822e-4
-1.315, 1.848e-4
-1.316, 1.873e-4
-1.317, 1.904e-4
-1.318, 1.935e-4
-1.319, 1.966e-4
-1.320, 1.996e-4
-1.321, 2.026e-4
-1.322, 2.058e-4
-1.323, 2.087e-4
-1.324, 2.120e-4
-1.325, 2.153e-4
-1.326, 2.197e-4
-1.327, 2.229e-4
-1.328, 2.260e-4
-1.329, 2.291e-4
-1.330, 2.325e-4
-1.331, 2.358e-4
-1.332, 2.396e-4
-1.333, 2.433e-4
-1.334, 2.467e-4
-1.335, 2.502e-4
-1.336, 2.539e-4
-1.337, 2.576e-4
-1.338, 2.612e-4
-1.339, 2.650e-4
-1.340, 2.686e-4
-1.341, 2.723e-4
-1.342, 2.760e-4
-1.343, 2.803e-4
-1.344, 2.844e-4
-1.345, 2.882e-4
-1.346, 2.922e-4
-1.347, 2.944e-4
-1.348, 2.987e-4
-1.349, 3.041e-4
-1.350, 3.088e-4
-1.351, 3.127e-4
-1.352, 3.165e-4
-1.353, 3.202e-4
-1.354, 3.240e-4
-1.355, 3.280e-4
-1.356, 3.321e-4
-1.357, 3.364e-4
-1.358, 3.409e-4
-1.359, 3.455e-4
-1.360, 3.500e-4
-1.361, 3.549e-4
-1.362, 3.592e-4
-1.363, 3.637e-4
-1.364, 3.680e-4
-1.365, 3.729e-4
-1.366, 3.777e-4
-1.367, 3.822e-4
-1.368, 3.866e-4
-1.369, 3.912e-4
-1.370, 3.962e-4
-1.371, 4.011e-4
-1.372, 4.058e-4
-1.373, 4.107e-4
-1.374, 4.157e-4
-1.375, 4.207e-4
-1.376, 4.257e-4
-1.377, 4.311e-4
-1.378, 4.357e-4
-1.379, 4.409e-4
-1.380, 4.461e-4
-1.381, 4.513e-4
-1.382, 4.562e-4
-1.383, 4.615e-4
-1.384, 4.673e-4
-1.385, 4.723e-4
-1.386, 4.775e-4
-1.387, 4.829e-4
-1.388, 4.882e-4
-1.389, 4.934e-4
-1.390, 4.991e-4
-1.391, 5.047e-4
-1.392, 5.098e-4
-1.393, 5.157e-4
-1.394, 5.215e-4
-1.395, 5.283e-4
-1.396, 5.326e-4
-1.397, 5.386e-4
-1.398, 5.438e-4
-1.399, 5.490e-4
-1.400, 5.550e-4
-1.401, 5.611e-4
-1.402, 5.697e-4
-1.403, 5.755e-4
-1.404, 5.809e-4
-1.405, 5.856e-4
-1.406, 5.893e-4
-1.407, 5.961e-4
-1.408, 6.020e-4
-1.409, 6.084e-4
-1.410, 6.149e-4
-1.411, 6.207e-4
-1.412, 6.278e-4
-1.413, 6.362e-4
-1.414, 6.420e-4
-1.415, 6.485e-4
-1.416, 6.524e-4
-1.417, 6.572e-4
-1.418, 6.630e-4
-1.419, 6.694e-4
-1.420, 6.762e-4
-1.421, 6.823e-4
-1.422, 6.884e-4
-1.423, 6.947e-4
-1.424, 7.010e-4
-1.425, 7.082e-4
-1.426, 7.153e-4
-1.427, 7.221e-4
-1.428, 7.283e-4
-1.429, 7.352e-4
-1.430, 7.424e-4
-1.431, 7.481e-4
-1.432, 7.546e-4
-1.433, 7.623e-4
-1.434, 7.681e-4
-1.435, 7.752e-4
-1.436, 7.826e-4
-1.437, 7.883e-4
-1.438, 7.958e-4
-1.439, 8.045e-4
-1.440, 8.115e-4
-1.441, 8.193e-4
-1.442, 8.239e-4
-1.443, 8.308e-4
-1.444, 8.379e-4
-1.445, 8.445e-4
-1.446, 8.562e-4
-1.447, 8.631e-4
-1.448, 8.699e-4
-1.449, 8.738e-4
-1.450, 8.810e-4
-1.451, 8.890e-4
-1.452, 8.962e-4
-1.453, 9.045e-4
-1.454, 9.129e-4
-1.455, 9.195e-4
-1.456, 9.267e-4
-1.457, 9.332e-4
-1.458, 9.413e-4
-1.459, 9.493e-4
-1.460, 9.563e-4
-1.461, 9.637e-4
-1.462, 9.704e-4
-1.463, 9.785e-4
-1.464, 9.859e-4
-1.465, 9.951e-4
-1.466, 1.002e-3
-1.467, 1.009e-3
-1.468, 1.016e-3
-1.469, 1.024e-3
-1.470, 1.032e-3
-1.471, 1.041e-3
-1.472, 1.048e-3
-1.473, 1.057e-3
-1.474, 1.065e-3
-1.475, 1.074e-3
-1.476, 1.083e-3
-1.477, 1.088e-3
-1.478, 1.097e-3
-1.479, 1.106e-3
-1.480, 1.114e-3
-1.481, 1.123e-3
-1.482, 1.131e-3
-1.483, 1.139e-3
-1.484, 1.148e-3
-1.485, 1.156e-3
-1.486, 1.164e-3
-1.487, 1.172e-3
-1.488, 1.181e-3
-1.489, 1.190e-3
-1.490, 1.202e-3
-1.491, 1.208e-3
-1.492, 1.218e-3
-1.493, 1.227e-3
-1.494, 1.236e-3
-1.495, 1.244e-3
-1.496, 1.252e-3
-1.497, 1.261e-3
-1.498, 1.270e-3
-1.499, 1.280e-3
-1.500, 1.288e-3
-1.501, 1.298e-3
-1.502, 1.306e-3
-1.503, 1.314e-3
-1.504, 1.323e-3
-1.505, 1.332e-3
-1.506, 1.339e-3
-1.507, 1.349e-3
-1.508, 1.360e-3
-1.509, 1.367e-3
-1.510, 1.376e-3
-1.511, 1.387e-3
-1.512, 1.396e-3
-1.513, 1.404e-3
-1.514, 1.414e-3
-1.515, 1.422e-3
-1.516, 1.432e-3
-1.517, 1.443e-3
-1.518, 1.453e-3
-1.519, 1.463e-3
-1.520, 1.471e-3
-1.521, 1.481e-3
-1.522, 1.491e-3
-1.523, 1.502e-3
-1.524, 1.512e-3
-1.525, 1.520e-3
-1.526, 1.532e-3
-1.527, 1.541e-3
-1.528, 1.550e-3
-1.529, 1.563e-3
-1.530, 1.572e-3
-1.531, 1.579e-3
-1.532, 1.590e-3
-1.533, 1.603e-3
-1.534, 1.612e-3
-1.535, 1.626e-3
-1.536, 1.635e-3
-1.537, 1.645e-3
-1.538, 1.655e-3
-1.539, 1.668e-3
-1.540, 1.678e-3
-1.541, 1.687e-3
-1.542, 1.698e-3
-1.543, 1.708e-3
-1.544, 1.720e-3
-1.545, 1.730e-3
-1.546, 1.741e-3
-1.547, 1.749e-3
-1.548, 1.764e-3
-1.549, 1.771e-3
-1.550, 1.782e-3
-1.551, 1.795e-3
-1.552, 1.802e-3
-1.553, 1.813e-3
-1.554, 1.823e-3
-1.555, 1.832e-3
-1.556, 1.844e-3
-1.557, 1.857e-3
-1.558, 1.871e-3
-1.559, 1.886e-3
-1.560, 1.894e-3
-1.561, 1.905e-3
-1.562, 1.918e-3
-1.563, 1.935e-3
-1.564, 1.958e-3
-1.565, 1.961e-3
-1.566, 1.973e-3
-1.567, 1.987e-3
-1.568, 1.996e-3
-1.569, 2.006e-3
-1.570, 2.012e-3
-1.571, 2.020e-3
-1.572, 2.032e-3
-1.573, 2.043e-3
-1.574, 2.056e-3
-1.575, 2.070e-3
-1.576, 2.078e-3
-1.577, 2.092e-3
-1.578, 2.101e-3
-1.579, 2.109e-3
-1.580, 2.128e-3
-1.581, 2.137e-3
-1.582, 2.151e-3
-1.583, 2.163e-3
-1.584, 2.179e-3
-1.585, 2.191e-3
-1.586, 2.209e-3
-1.587, 2.219e-3
-1.588, 2.233e-3
-1.589, 2.252e-3
-1.590, 2.264e-3
-1.591, 2.283e-3
-1.592, 2.291e-3
-1.593, 2.305e-3
-1.594, 2.315e-3
-1.595, 2.324e-3
-1.596, 2.338e-3
-1.597, 2.356e-3
-1.598, 2.365e-3
-1.599, 2.377e-3
-1.600, 2.390e-3
-1.601, 2.396e-3
-1.602, 2.406e-3
-1.603, 2.419e-3
-1.604, 2.433e-3
-1.605, 2.447e-3
-1.606, 2.459e-3
-1.607, 2.472e-3
-1.608, 2.480e-3
-1.609, 2.490e-3
-1.610, 2.507e-3
-1.611, 2.530e-3
-1.612, 2.546e-3
-1.613, 2.557e-3
-1.614, 2.569e-3
-1.615, 2.585e-3
-1.616, 2.602e-3
-1.617, 2.606e-3
-1.618, 2.612e-3
-1.619, 2.622e-3
-1.620, 2.632e-3
-1.621, 2.655e-3
-1.622, 2.664e-3
-1.623, 2.676e-3
-1.624, 2.693e-3
-1.625, 2.711e-3
-1.626, 2.721e-3
-1.627, 2.732e-3
-1.628, 2.753e-3
-1.629, 2.770e-3
-1.630, 2.779e-3
-1.631, 2.782e-3
-1.632, 2.802e-3
-1.633, 2.816e-3
-1.634, 2.827e-3
-1.635, 2.847e-3
-1.636, 2.872e-3
-1.637, 2.880e-3
-1.638, 2.887e-3
-1.639, 2.909e-3
-1.640, 2.933e-3
-1.641, 2.948e-3
-1.642, 2.963e-3
-1.643, 2.988e-3
-1.644, 3.004e-3
-1.645, 3.024e-3
-1.646, 3.039e-3
-1.647, 3.064e-3
-1.648, 3.078e-3
-1.649, 3.090e-3
-1.650, 3.104e-3
-1.651, 3.125e-3
-1.652, 3.148e-3
-1.653, 3.170e-3
-1.654, 3.190e-3
-1.655, 3.212e-3
-1.656, 3.224e-3
-1.657, 3.243e-3
-1.658, 3.261e-3
-1.659, 3.273e-3
-1.660, 3.285e-3
-1.661, 3.299e-3
-1.662, 3.317e-3
-1.663, 3.331e-3
-1.664, 3.354e-3
-1.665, 3.366e-3
-1.666, 3.385e-3
-1.667, 3.397e-3
-1.668, 3.412e-3
-1.669, 3.427e-3
-1.670, 3.437e-3
-1.671, 3.458e-3
-1.672, 3.466e-3
-1.673, 3.478e-3
-1.674, 3.488e-3
-1.675, 3.500e-3
-1.676, 3.517e-3
-1.677, 3.544e-3
-1.678, 3.557e-3
-1.679, 3.573e-3
-1.680, 3.592e-3
-1.681, 3.615e-3
-1.682, 3.630e-3
-1.683, 3.636e-3
-1.684, 3.656e-3
-1.685, 3.682e-3
-1.686, 3.698e-3
-1.687, 3.705e-3
-1.688, 3.721e-3
-1.689, 3.739e-3
-1.690, 3.772e-3
-1.691, 3.792e-3
-1.692, 3.806e-3
-1.693, 3.822e-3
-1.694, 3.847e-3
-1.695, 3.859e-3
-1.696, 3.882e-3
-1.697, 3.910e-3
-1.698, 3.923e-3
-1.699, 3.936e-3
-1.700, 3.915e-3
-1.699, 3.870e-3
-1.698, 3.850e-3
-1.697, 3.814e-3
-1.696, 3.775e-3
-1.695, 3.749e-3
-1.694, 3.730e-3
-1.693, 3.670e-3
-1.692, 3.631e-3
-1.691, 3.604e-3
-1.690, 3.591e-3
-1.689, 3.573e-3
-1.688, 3.542e-3
-1.687, 3.507e-3
-1.686, 3.487e-3
-1.685, 3.471e-3
-1.684, 3.444e-3
-1.683, 3.414e-3
-1.682, 3.409e-3
-1.681, 3.388e-3
-1.680, 3.361e-3
-1.679, 3.337e-3
-1.678, 3.302e-3
-1.677, 3.270e-3
-1.676, 3.248e-3
-1.675, 3.235e-3
-1.674, 3.213e-3
-1.673, 3.190e-3
-1.672, 3.162e-3
-1.671, 3.141e-3
-1.670, 3.124e-3
-1.669, 3.109e-3
-1.668, 3.091e-3
-1.667, 3.079e-3
-1.666, 3.059e-3
-1.665, 3.021e-3
-1.664, 3.007e-3
-1.663, 2.984e-3
-1.662, 2.962e-3
-1.661, 2.943e-3
-1.660, 2.926e-3
-1.659, 2.911e-3
-1.658, 2.899e-3
-1.657, 2.864e-3
-1.656, 2.841e-3
-1.655, 2.817e-3
-1.654, 2.811e-3
-1.653, 2.787e-3
-1.652, 2.762e-3
-1.651, 2.740e-3
-1.650, 2.726e-3
-1.649, 2.700e-3
-1.648, 2.665e-3
-1.647, 2.646e-3
-1.646, 2.634e-3
-1.645, 2.617e-3
-1.644, 2.598e-3
-1.643, 2.585e-3
-1.642, 2.569e-3
-1.641, 2.541e-3
-1.640, 2.520e-3
-1.639, 2.500e-3
-1.638, 2.483e-3
-1.637, 2.465e-3
-1.636, 2.446e-3
-1.635, 2.438e-3
-1.634, 2.418e-3
-1.633, 2.404e-3
-1.632, 2.377e-3
-1.631, 2.366e-3
-1.630, 2.329e-3
-1.629, 2.315e-3
-1.628, 2.305e-3
-1.627, 2.295e-3
-1.626, 2.276e-3
-1.625, 2.267e-3
-1.624, 2.248e-3
-1.623, 2.228e-3
-1.622, 2.212e-3
-1.621, 2.199e-3
-1.620, 2.208e-3
-1.619, 2.189e-3
-1.618, 2.179e-3
-1.617, 2.168e-3
-1.616, 2.157e-3
-1.615, 2.139e-3
-1.614, 2.121e-3
-1.613, 2.114e-3
-1.612, 2.089e-3
-1.611, 2.078e-3
-1.610, 2.061e-3
-1.609, 2.044e-3
-1.608, 2.024e-3
-1.607, 2.010e-3
-1.606, 2.003e-3
-1.605, 1.991e-3
-1.604, 1.972e-3
-1.603, 1.962e-3
-1.602, 1.943e-3
-1.601, 1.927e-3
-1.600, 1.917e-3
-1.599, 1.895e-3
-1.598, 1.873e-3
-1.597, 1.862e-3
-1.596, 1.852e-3
-1.595, 1.837e-3
-1.594, 1.822e-3
-1.593, 1.804e-3
-1.592, 1.786e-3
-1.591, 1.777e-3
-1.590, 1.766e-3
-1.589, 1.755e-3
-1.588, 1.740e-3
-1.587, 1.727e-3
-1.586, 1.719e-3
-1.585, 1.716e-3
-1.584, 1.701e-3
-1.583, 1.690e-3
-1.582, 1.678e-3
-1.581, 1.670e-3
-1.580, 1.654e-3
-1.579, 1.640e-3
-1.578, 1.626e-3
-1.577, 1.615e-3
-1.576, 1.605e-3
-1.575, 1.588e-3
-1.574, 1.580e-3
-1.573, 1.568e-3
-1.572, 1.548e-3
-1.571, 1.542e-3
-1.570, 1.533e-3
-1.569, 1.519e-3
-1.568, 1.512e-3
-1.567, 1.499e-3
-1.566, 1.490e-3
-1.565, 1.480e-3
-1.564, 1.459e-3
-1.563, 1.444e-3
-1.562, 1.451e-3
-1.561, 1.432e-3
-1.560, 1.420e-3
-1.559, 1.398e-3
-1.558, 1.392e-3
-1.557, 1.378e-3
-1.556, 1.367e-3
-1.555, 1.366e-3
-1.554, 1.362e-3
-1.553, 1.348e-3
-1.552, 1.339e-3
-1.551, 1.319e-3
-1.550, 1.307e-3
-1.549, 1.299e-3
-1.548, 1.292e-3
-1.547, 1.279e-3
-1.546, 1.274e-3
-1.545, 1.270e-3
-1.544, 1.250e-3
-1.543, 1.237e-3
-1.542, 1.229e-3
-1.541, 1.224e-3
-1.540, 1.216e-3
-1.539, 1.205e-3
-1.538, 1.195e-3
-1.537, 1.187e-3
-1.536, 1.178e-3
-1.535, 1.169e-3
-1.534, 1.165e-3
-1.533, 1.159e-3
-1.532, 1.151e-3
-1.531, 1.142e-3
-1.530, 1.136e-3
-1.529, 1.127e-3
-1.528, 1.120e-3
-1.527, 1.113e-3
-1.526, 1.108e-3
-1.525, 1.102e-3
-1.524, 1.095e-3
-1.523, 1.087e-3
-1.522, 1.078e-3
-1.521, 1.071e-3
-1.520, 1.062e-3
-1.519, 1.057e-3
-1.518, 1.048e-3
-1.517, 1.041e-3
-1.516, 1.035e-3
-1.515, 1.024e-3
-1.514, 1.018e-3
-1.513, 1.012e-3
-1.512, 9.986e-4
-1.511, 9.817e-4
-1.510, 9.776e-4
-1.509, 9.694e-4
-1.508, 9.662e-4
-1.507, 9.596e-4
-1.506, 9.492e-4
-1.505, 9.408e-4
-1.504, 9.345e-4
-1.503, 9.287e-4
-1.502, 9.242e-4
-1.501, 9.176e-4
-1.500, 9.090e-4
-1.499, 9.027e-4
-1.498, 8.940e-4
-1.497, 8.894e-4
-1.496, 8.843e-4
-1.495, 8.747e-4
-1.494, 8.640e-4
-1.493, 8.592e-4
-1.492, 8.554e-4
-1.491, 8.490e-4
-1.490, 8.448e-4
-1.489, 8.395e-4
-1.488, 8.301e-4
-1.487, 8.197e-4
-1.486, 8.113e-4
-1.485, 8.041e-4
-1.484, 8.023e-4
-1.483, 7.944e-4
-1.482, 7.898e-4
-1.481, 7.813e-4
-1.480, 7.819e-4
-1.479, 7.736e-4
-1.478, 7.640e-4
-1.477, 7.594e-4
-1.476, 7.536e-4
-1.475, 7.438e-4
-1.474, 7.371e-4
-1.473, 7.310e-4
-1.472, 7.234e-4
-1.471, 7.214e-4
-1.470, 7.167e-4
-1.469, 7.111e-4
-1.468, 7.051e-4
-1.467, 6.988e-4
-1.466, 6.909e-4
-1.465, 6.841e-4
-1.464, 6.810e-4
-1.463, 6.731e-4
-1.462, 6.684e-4
-1.461, 6.649e-4
-1.460, 6.565e-4
-1.459, 6.491e-4
-1.458, 6.446e-4
-1.457, 6.400e-4
-1.456, 6.322e-4
-1.455, 6.277e-4
-1.454, 6.198e-4
-1.453, 6.139e-4
-1.452, 6.094e-4
-1.451, 6.043e-4
-1.450, 5.990e-4
-1.449, 5.938e-4
-1.448, 5.896e-4
-1.447, 5.843e-4
-1.446, 5.807e-4
-1.445, 5.741e-4
-1.444, 5.684e-4
-1.443, 5.633e-4
-1.442, 5.598e-4
-1.441, 5.547e-4
-1.440, 5.473e-4
-1.439, 5.403e-4
-1.438, 5.340e-4
-1.437, 5.285e-4
-1.436, 5.237e-4
-1.435, 5.215e-4
-1.434, 5.158e-4
-1.433, 5.102e-4
-1.432, 5.041e-4
-1.431, 5.021e-4
-1.430, 4.933e-4
-1.429, 4.892e-4
-1.428, 4.833e-4
-1.427, 4.795e-4
-1.426, 4.745e-4
-1.425, 4.687e-4
-1.424, 4.627e-4
-1.423, 4.590e-4
-1.422, 4.528e-4
-1.421, 4.478e-4
-1.420, 4.424e-4
-1.419, 4.379e-4
-1.418, 4.331e-4
-1.417, 4.292e-4
-1.416, 4.249e-4
-1.415, 4.240e-4
-1.414, 4.158e-4
-1.413, 4.117e-4
-1.412, 4.071e-4
-1.411, 4.027e-4
-1.410, 3.981e-4
-1.409, 3.953e-4
-1.408, 3.916e-4
-1.407, 3.892e-4
-1.406, 3.844e-4
-1.405, 3.794e-4
-1.404, 3.753e-4
-1.403, 3.723e-4
-1.402, 3.695e-4
-1.401, 3.639e-4
-1.400, 3.586e-4
-1.399, 3.557e-4
-1.398, 3.525e-4
-1.397, 3.483e-4
-1.396, 3.446e-4
-1.395, 3.410e-4
-1.394, 3.371e-4
-1.393, 3.320e-4
-1.392, 3.287e-4
-1.391, 3.249e-4
-1.390, 3.225e-4
-1.389, 3.188e-4
-1.388, 3.138e-4
-1.387, 3.085e-4
-1.386, 3.053e-4
-1.385, 3.017e-4
-1.384, 2.986e-4
-1.383, 2.962e-4
-1.382, 2.935e-4
-1.381, 2.888e-4
-1.380, 2.854e-4
-1.379, 2.813e-4
-1.378, 2.774e-4
-1.377, 2.746e-4
-1.376, 2.716e-4
-1.375, 2.685e-4
-1.374, 2.647e-4
-1.373, 2.604e-4
-1.372, 2.568e-4
-1.371, 2.543e-4
-1.370, 2.502e-4
-1.369, 2.469e-4
-1.368, 2.435e-4
-1.367, 2.405e-4
-1.366, 2.375e-4
-1.365, 2.350e-4
-1.364, 2.326e-4
-1.363, 2.296e-4
-1.362, 2.257e-4
-1.361, 2.230e-4
-1.360, 2.191e-4
-1.359, 2.159e-4
-1.358, 2.121e-4
-1.357, 2.095e-4
-1.356, 2.066e-4
-1.355, 2.035e-4
-1.354, 1.959e-4
-1.353, 1.883e-4
-1.352, 1.886e-4
-1.351, 1.848e-4
-1.350, 1.842e-4
-1.349, 1.854e-4
-1.348, 1.846e-4
-1.347, 1.805e-4
-1.346, 1.756e-4
-1.345, 1.712e-4
-1.344, 1.675e-4
-1.343, 1.647e-4
-1.342, 1.610e-4
-1.341, 1.585e-4
-1.340, 1.563e-4
-1.339, 1.538e-4
-1.338, 1.516e-4
-1.337, 1.492e-4
-1.336, 1.466e-4
-1.335, 1.435e-4
-1.334, 1.410e-4
-1.333, 1.382e-4
-1.332, 1.359e-4
-1.331, 1.339e-4
-1.330, 1.313e-4
-1.329, 1.295e-4
-1.328, 1.270e-4
-1.327, 1.245e-4
-1.326, 1.220e-4
-1.325, 1.203e-4
-1.324, 1.181e-4
-1.323, 1.155e-4
-1.322, 1.130e-4
-1.321, 1.111e-4
-1.320, 1.093e-4
-1.319, 1.072e-4
-1.318, 1.045e-4
-1.317, 1.029e-4
-1.316, 1.011e-4
-1.315, 9.911e-5
-1.314, 9.678e-5
-1.313, 9.504e-5
-1.312, 9.304e-5
-1.311, 9.083e-5
-1.310, 8.907e-5
-1.309, 8.700e-5
-1.308, 8.532e-5
-1.307, 8.348e-5
-1.306, 8.165e-5
-1.305, 7.973e-5
-1.304, 7.786e-5
-1.303, 7.565e-5
-1.302, 7.387e-5
-1.301, 7.254e-5
-1.300, 7.072e-5
-1.299, 6.874e-5
-1.298, 6.711e-5
-1.297, 6.545e-5
-1.296, 6.393e-5
-1.295, 6.224e-5
-1.294, 6.079e-5
-1.293, 5.933e-5
-1.292, 5.756e-5
-1.291, 5.591e-5
-1.290, 5.428e-5
-1.289, 5.298e-5
-1.288, 5.143e-5
-1.287, 5.008e-5
-1.286, 4.849e-5
-1.285, 4.683e-5
-1.284, 4.546e-5
-1.283, 4.412e-5
-1.282, 4.286e-5
-1.281, 4.144e-5
-1.280, 4.013e-5
-1.279, 3.884e-5
-1.278, 3.755e-5
-1.277, 3.610e-5
-1.276, 3.472e-5
-1.275, 3.339e-5
-1.274, 3.230e-5
-1.273, 3.119e-5
-1.272, 3.016e-5
-1.271, 2.892e-5
-1.270, 2.770e-5
-1.269, 2.669e-5
-1.268, 2.534e-5
-1.267, 2.423e-5
-1.266, 2.319e-5
-1.265, 2.209e-5
-1.264, 2.119e-5
-1.263, 2.016e-5
-1.262, 1.920e-5
-1.261, 1.815e-5
-1.260, 1.710e-5
-1.259, 1.689e-5
-1.258, 1.572e-5
-1.257, 1.437e-5
-1.256, 1.341e-5
-1.255, 1.252e-5
-1.254, 1.155e-5
-1.253, 1.070e-5
-1.252, 9.821e-6
-1.251, 8.964e-6
-1.250, 8.184e-6
-1.249, 7.353e-6
-1.248, 6.563e-6
-1.247, 5.740e-6
-1.246, 4.934e-6
-1.245, 4.276e-6
-1.244, 3.522e-6
-1.243, 2.763e-6
-1.242, 2.073e-6
-1.241, 1.324e-6
-1.240, 7.526e-7
-1.239, 1.559e-8
-1.238, -7.234e-7
-1.237, -1.336e-6
-1.236, -1.972e-6
-1.235, -2.606e-6
-1.234, -3.170e-6
-1.233, -3.858e-6
-1.232, -4.434e-6
-1.231, -4.989e-6
-1.230, -5.588e-6
-1.229, -6.308e-6
-1.228, -6.850e-6
-1.227, -7.574e-6
-1.226, -8.024e-6
-1.225, -8.632e-6
-1.224, -9.085e-6
-1.223, -9.573e-6
-1.222, -1.015e-5
-1.221, -1.060e-5
-1.220, -1.106e-5
-1.219, -1.150e-5
-1.218, -1.195e-5
-1.217, -1.230e-5
-1.216, -1.271e-5
-1.215, -1.320e-5
-1.214, -1.361e-5
-1.213, -1.406e-5
-1.212, -1.442e-5
-1.211, -1.478e-5
-1.210, -1.516e-5
-1.209, -1.556e-5
-1.208, -1.574e-5
-1.207, -1.618e-5
-1.206, -1.663e-5
-1.205, -1.697e-5
-1.204, -1.724e-5
-1.203, -1.759e-5
-1.202, -1.793e-5
-1.201, -1.833e-5
-1.200, -1.858e-5
-1.199, -1.892e-5
-1.198, -1.919e-5
-1.197, -1.947e-5
-1.196, -1.996e-5
-1.195, -2.031e-5
-1.194, -2.060e-5
-1.193, -2.083e-5
-1.192, -2.087e-5
-1.191, -2.092e-5
-1.190, -2.120e-5
-1.189, -2.140e-5
-1.188, -2.171e-5
-1.187, -2.200e-5
-1.186, -2.219e-5
-1.185, -2.243e-5
-1.184, -2.265e-5
-1.183, -2.278e-5
-1.182, -2.298e-5
-1.181, -2.309e-5
-1.180, -2.341e-5
-1.179, -2.356e-5
-1.178, -2.383e-5
-1.177, -2.397e-5
-1.176, -2.409e-5
-1.175, -2.439e-5
-1.174, -2.461e-5
-1.173, -2.466e-5
-1.172, -2.490e-5
-1.171, -2.502e-5
-1.170, -2.506e-5
-1.169, -2.519e-5
-1.168, -2.523e-5
-1.167, -2.546e-5
-1.166, -2.563e-5
-1.165, -2.580e-5
-1.164, -2.591e-5
-1.163, -2.604e-5
-1.162, -2.621e-5
-1.161, -2.642e-5
-1.160, -2.658e-5
-1.159, -2.671e-5
-1.158, -2.666e-5
-1.157, -2.678e-5
-1.156, -2.701e-5
-1.155, -2.712e-5
-1.154, -2.731e-5
-1.153, -2.755e-5
-1.152, -2.758e-5
-1.151, -2.760e-5
-1.150, -2.772e-5
-1.149, -2.786e-5
-1.148, -2.800e-5
-1.147, -2.819e-5
-1.146, -2.834e-5
-1.145, -2.849e-5
-1.144, -2.859e-5
-1.143, -2.861e-5
-1.142, -2.881e-5
-1.141, -2.908e-5
-1.140, -2.922e-5
-1.139, -2.924e-5
-1.138, -2.941e-5
-1.137, -2.972e-5
-1.136, -2.970e-5
-1.135, -2.964e-5
-1.134, -2.995e-5
-1.133, -3.008e-5
-1.132, -3.021e-5
-1.131, -3.024e-5
-1.130, -3.048e-5
-1.129, -3.073e-5
-1.128, -3.042e-5
-1.127, -3.077e-5
-1.126, -3.099e-5
-1.125, -3.113e-5
-1.124, -3.117e-5
-1.123, -3.133e-5
-1.122, -3.142e-5
-1.121, -3.169e-5
-1.120, -3.171e-5
-1.119, -3.191e-5
-1.118, -3.217e-5
-1.117, -3.227e-5
-1.116, -3.253e-5
-1.115, -3.253e-5
-1.114, -3.264e-5
-1.113, -3.297e-5
-1.112, -3.306e-5
-1.111, -3.322e-5
-1.110, -3.345e-5
-1.109, -3.357e-5
-1.108, -3.379e-5
-1.107, -3.391e-5
-1.106, -3.409e-5
-1.105, -3.409e-5
-1.104, -3.433e-5
-1.103, -3.463e-5
-1.102, -3.469e-5
-1.101, -3.481e-5
-1.100, -3.509e-5
-1.099, -3.542e-5
-1.098, -3.542e-5
-1.097, -3.555e-5
-1.096, -3.573e-5
-1.095, -3.612e-5
-1.094, -3.638e-5
-1.093, -3.647e-5
-1.092, -3.676e-5
-1.091, -3.711e-5
-1.090, -3.725e-5
-1.089, -3.764e-5
-1.088, -3.772e-5
-1.087, -3.775e-5
-1.086, -3.793e-5
-1.085, -3.834e-5
-1.084, -3.873e-5
-1.083, -3.890e-5
-1.082, -3.941e-5
-1.081, -3.974e-5
-1.080, -3.960e-5
-1.079, -3.996e-5
-1.078, -4.035e-5
-1.077, -4.058e-5
-1.076, -4.101e-5
-1.075, -4.144e-5
-1.074, -4.156e-5
-1.073, -4.176e-5
-1.072, -4.215e-5
-1.071, -4.256e-5
-1.070, -4.277e-5
-1.069, -4.311e-5
-1.068, -4.355e-5
-1.067, -4.398e-5
-1.066, -4.400e-5
-1.065, -4.440e-5
-1.064, -4.468e-5
-1.063, -4.523e-5
-1.062, -4.576e-5
-1.061, -4.605e-5
-1.060, -4.640e-5
-1.059, -4.660e-5
-1.058, -4.722e-5
-1.057, -4.769e-5
-1.056, -4.802e-5
-1.055, -4.836e-5
-1.054, -4.869e-5
-1.053, -4.923e-5
-1.052, -4.942e-5
-1.051, -4.992e-5
-1.050, -5.033e-5
-1.049, -5.095e-5
-1.048, -5.148e-5
-1.047, -5.185e-5
-1.046, -5.231e-5
-1.045, -5.286e-5
-1.044, -5.339e-5
-1.043, -5.387e-5
-1.042, -5.436e-5
-1.041, -5.491e-5
-1.040, -5.532e-5
-1.039, -5.578e-5
-1.038, -5.636e-5
-1.037, -5.685e-5
-1.036, -5.756e-5
-1.035, -5.809e-5
-1.034, -5.867e-5
-1.033, -5.897e-5
-1.032, -5.946e-5
-1.031, -6.012e-5
-1.030, -6.084e-5
-1.029, -6.124e-5
-1.028, -6.196e-5
-1.027, -6.246e-5
-1.026, -6.323e-5
-1.025, -6.379e-5
-1.024, -6.452e-5
-1.023, -6.504e-5
-1.022, -6.565e-5
-1.021, -6.623e-5
-1.020, -6.678e-5
-1.019, -6.751e-5
-1.018, -6.802e-5
-1.017, -6.899e-5
-1.016, -7.000e-5
-1.015, -7.033e-5
-1.014, -7.106e-5
-1.013, -7.173e-5
-1.012, -7.229e-5
-1.011, -7.275e-5
-1.010, -7.328e-5
-1.009, -7.394e-5
-1.008, -7.468e-5
-1.007, -7.605e-5
-1.006, -7.692e-5
-1.005, -7.736e-5
-1.004, -7.785e-5
-1.003, -7.833e-5
-1.002, -7.895e-5
-1.001, -7.982e-5
-1.000, -6.839e-5
-1.001, -5.368e-5
-1.002, -4.519e-5
-1.003, -3.893e-5
-1.004, -3.392e-5
-1.005, -2.986e-5
-1.006, -2.627e-5
-1.007, -2.305e-5
-1.008, -2.025e-5
-1.009, -1.761e-5
-1.010, -1.519e-5
-1.011, -1.306e-5
-1.012, -1.099e-5
-1.013, -9.193e-6
-1.014, -7.423e-6
-1.015, -5.712e-6
-1.016, -4.247e-6
-1.017, -2.706e-6
-1.018, -1.387e-6
-1.019, -1.620e-7
-1.020, 1.155e-6
-1.021, 2.265e-6
-1.022, 3.285e-6
-1.023, 4.277e-6
-1.024, 5.261e-6
-1.025, 6.141e-6
-1.026, 6.953e-6
-1.027, 7.743e-6
-1.028, 8.534e-6
-1.029, 9.174e-6
-1.030, 9.827e-6
-1.031, 1.052e-5
-1.032, 1.100e-5
-1.033, 1.160e-5
-1.034, 1.217e-5
-1.035, 1.265e-5
-1.036, 1.313e-5
-1.037, 1.354e-5
-1.038, 1.401e-5
-1.039, 1.444e-5
-1.040, 1.474e-5
-1.041, 1.514e-5
-1.042, 1.544e-5
-1.043, 1.577e-5
-1.044, 1.611e-5
-1.045, 1.635e-5
-1.046, 1.666e-5
-1.047, 1.691e-5
-1.048, 1.711e-5
-1.049, 1.738e-5
-1.050, 1.760e-5
-1.051, 1.779e-5
-1.052, 1.797e-5
-1.053, 1.811e-5
-1.054, 1.825e-5
-1.055, 1.847e-5
-1.056, 1.858e-5
-1.057, 1.873e-5
-1.058, 1.888e-5
-1.059, 1.897e-5
-1.060, 1.913e-5
-1.061, 1.914e-5
-1.062, 1.935e-5
-1.063, 1.951e-5
-1.064, 1.949e-5
-1.065, 1.947e-5
-1.066, 1.960e-5
-1.067, 1.966e-5
-1.068, 1.978e-5
-1.069, 1.979e-5
-1.070, 1.992e-5
-1.071, 1.998e-5
-1.072, 1.990e-5
-1.073, 2.004e-5
-1.074, 2.009e-5
-1.075, 2.019e-5
-1.076, 2.027e-5
-1.077, 2.020e-5
-1.078, 2.020e-5
-1.079, 2.028e-5
-1.080, 2.031e-5
-1.081, 2.028e-5
-1.082, 2.031e-5
-1.083, 2.030e-5
-1.084, 2.040e-5
-1.085, 2.039e-5
-1.086, 2.045e-5
-1.087, 2.051e-5
-1.088, 2.052e-5
-1.089, 2.053e-5
-1.090, 2.048e-5
-1.091, 2.044e-5
-1.092, 2.056e-5
-1.093, 2.053e-5
-1.094, 2.057e-5
-1.095, 2.059e-5
-1.096, 2.054e-5
-1.097, 2.063e-5
-1.098, 2.067e-5
-1.099, 2.053e-5
-1.100, 2.064e-5
-1.101, 2.065e-5
-1.102, 2.067e-5
-1.103, 2.068e-5
-1.104, 2.067e-5
-1.105, 2.075e-5
-1.106, 2.077e-5
-1.107, 2.072e-5
-1.108, 2.079e-5
-1.109, 2.074e-5
-1.110, 2.074e-5
-1.111, 2.079e-5
-1.112, 2.073e-5
-1.113, 2.081e-5
-1.114, 2.079e-5
-1.115, 2.079e-5
-1.116, 2.084e-5
-1.117, 2.082e-5
-1.118, 2.083e-5
-1.119, 2.088e-5
-1.120, 2.083e-5
-1.121, 2.091e-5
-1.122, 2.090e-5
-1.123, 2.099e-5
-1.124, 2.095e-5
-1.125, 2.098e-5
-1.126, 2.103e-5
-1.127, 2.105e-5
-1.128, 2.099e-5
-1.129, 2.108e-5
-1.130, 2.115e-5
-1.131, 2.113e-5
-1.132, 2.123e-5
-1.133, 2.130e-5
-1.134, 2.126e-5
-1.135, 2.131e-5
-1.136, 2.122e-5
-1.137, 2.126e-5
-1.138, 2.133e-5
-1.139, 2.130e-5
-1.140, 2.141e-5
-1.141, 2.141e-5
-1.142, 2.150e-5
-1.143, 2.150e-5
-1.144, 2.144e-5
-1.145, 2.153e-5
-1.146, 2.168e-5
-1.147, 2.172e-5
-1.148, 2.168e-5
-1.149, 2.164e-5
-1.150, 2.180e-5
-1.151, 2.193e-5
-1.152, 2.184e-5
-1.153, 2.193e-5
-1.154, 2.196e-5
-1.155, 2.197e-5
-1.156, 2.211e-5
-1.157, 2.212e-5
-1.158, 2.223e-5
-1.159, 2.232e-5
-1.160, 2.231e-5
-1.161, 2.249e-5
-1.162, 2.256e-5
-1.163, 2.255e-5
-1.164, 2.266e-5
-1.165, 2.271e-5
-1.166, 2.272e-5
-1.167, 2.288e-5
-1.168, 2.291e-5
-1.169, 2.304e-5
-1.170, 2.317e-5
-1.171, 2.327e-5
-1.172, 2.338e-5
-1.173, 2.346e-5
-1.174, 2.357e-5
-1.175, 2.374e-5
-1.176, 2.383e-5
-1.177, 2.389e-5
-1.178, 2.408e-5
-1.179, 2.412e-5
-1.180, 2.419e-5
-1.181, 2.435e-5
-1.182, 2.454e-5
-1.183, 2.472e-5
-1.184, 2.476e-5
-1.185, 2.494e-5
-1.186, 2.515e-5
-1.187, 2.526e-5
-1.188, 2.544e-5
-1.189, 2.559e-5
-1.190, 2.576e-5
-1.191, 2.597e-5
-1.192, 2.605e-5
-1.193, 2.622e-5
-1.194, 2.638e-5
-1.195, 2.653e-5
-1.196, 2.672e-5
-1.197, 2.684e-5
-1.198, 2.702e-5
-1.199, 2.727e-5
-1.200, 2.747e-5
-1.201, 2.770e-5
-1.202, 2.798e-5
-1.203, 2.819e-5
-1.204, 2.840e-5
-1.205, 2.854e-5
-1.206, 2.880e-5
-1.207, 2.905e-5
-1.208, 2.927e-5
-1.209, 2.949e-5
-1.210, 2.972e-5
-1.211, 2.991e-5
-1.212, 3.023e-5
-1.213, 3.048e-5
-1.214, 3.082e-5
-1.215, 3.110e-5
-1.216, 3.134e-5
-1.217, 3.167e-5
-1.218, 3.196e-5
-1.219, 3.225e-5
-1.220, 3.257e-5
-1.221, 3.295e-5
-1.222, 3.333e-5
-1.223, 3.367e-5
-1.224, 3.391e-5
-1.225, 3.437e-5
-1.226, 3.483e-5
-1.227, 3.511e-5
-1.228, 3.561e-5
-1.229, 3.618e-5
-1.230, 3.648e-5
-1.231, 3.688e-5
-1.232, 3.735e-5
-1.233, 3.777e-5
-1.234, 3.822e-5
-1.235, 3.879e-5
-1.236, 3.923e-5
-1.237, 3.956e-5
-1.238, 4.009e-5
-1.239, 4.055e-5
-1.240, 4.115e-5
-1.241, 4.172e-5
-1.242, 4.228e-5
-1.243, 4.277e-5
-1.244, 4.330e-5
-1.245, 4.387e-5
-1.246, 4.442e-5
-1.247, 4.521e-5
-1.248, 4.598e-5
-1.249, 4.664e-5
-1.250, 4.703e-5
-1.251, 4.769e-5
-1.252, 4.846e-5
-1.253, 4.922e-5
-1.254, 5.007e-5
-1.255, 5.082e-5
-1.256, 5.154e-5
-1.257, 5.234e-5
-1.258, 5.328e-5
-1.259, 5.397e-5
-1.260, 5.470e-5
-1.261, 5.562e-5
-1.262, 5.659e-5
-1.263, 5.746e-5
-1.264, 5.840e-5
-1.265, 5.927e-5
-1.266, 6.022e-5
-1.267, 6.120e-5
-1.268, 6.213e-5
-1.269, 6.318e-5
-1.270, 6.434e-5
-1.271, 6.554e-5
-1.272, 6.638e-5
-1.273, 6.723e-5
-1.274, 6.854e-5
-1.275, 6.967e-5
-1.276, 7.085e-5
-1.277, 7.209e-5
-1.278, 7.344e-5
-1.279, 7.459e-5
-1.280, 7.585e-5
-1.281, 7.688e-5
-1.282, 7.823e-5
-1.283, 7.928e-5
-1.284, 8.065e-5
-1.285, 8.221e-5
-1.286, 8.356e-5
-1.287, 8.524e-5
-1.288, 8.667e-5
-1.289, 8.799e-5
-1.290, 8.934e-5
-1.291, 9.057e-5
-1.292, 9.205e-5
-1.293, 9.398e-5
-1.294, 9.561e-5
-1.295, 9.728e-5
-1.296, 9.849e-5
-1.297, 1.002e-4
-1.298, 1.017e-4
-1.299, 1.041e-4
-1.300, 1.057e-4
-1.301, 1.073e-4
-1.302, 1.087e-4
-1.303, 1.109e-4
-1.304, 1.126e-4
-1.305, 1.145e-4
-1.306, 1.156e-4
-1.307, 1.177e-4
-1.308, 1.203e-4
-1.309, 1.209e-4
-1.310, 1.230e-4
-1.311, 1.250e-4
-1.312, 1.270e-4
-1.313, 1.290e-4
-1.314, 1.314e-4
-1.315, 1.335e-4
-1.316, 1.356e-4
-1.317, 1.376e-4
-1.318, 1.403e-4
-1.319, 1.424e-4
-1.320, 1.442e-4
-1.321, 1.463e-4
-1.322, 1.492e-4
-1.323, 1.507e-4
-1.324, 1.531e-4
-1.325, 1.551e-4
-1.326, 1.582e-4
-1.327, 1.587e-4
-1.328, 1.610e-4
-1.329, 1.639e-4
-1.330, 1.668e-4
-1.331, 1.690e-4
-1.332, 1.713e-4
-1.333, 1.737e-4
-1.334, 1.763e-4
-1.335, 1.791e-4
-1.336, 1.819e-4
-1.337, 1.846e-4
-1.338, 1.867e-4
-1.339, 1.892e-4
-1.340, 1.921e-4
-1.341, 1.943e-4
-1.342, 1.973e-4
-1.343, 2.002e-4
-1.344, 2.030e-4
-1.345, 2.057e-4
-1.346, 2.086e-4
-1.347, 2.114e-4
-1.348, 2.144e-4
-1.349, 2.174e-4
-1.350, 2.203e-4
-1.351, 2.229e-4
-1.352, 2.256e-4
-1.353, 2.289e-4
-1.354, 2.322e-4
-1.355, 2.353e-4
-1.356, 2.380e-4
-1.357, 2.409e-4
-1.358, 2.443e-4
-1.359, 2.475e-4
-1.360, 2.507e-4
-1.361, 2.537e-4
-1.362, 2.570e-4
-1.363, 2.599e-4
-1.364, 2.631e-4
-1.365, 2.666e-4
-1.366, 2.697e-4
-1.367, 2.730e-4
-1.368, 2.764e-4
-1.369, 2.800e-4
-1.370, 2.830e-4
-1.371, 2.862e-4
-1.372, 2.895e-4
-1.373, 2.931e-4
-1.374, 2.967e-4
-1.375, 3.003e-4
-1.376, 3.036e-4
-1.377, 3.069e-4
-1.378, 3.103e-4
-1.379, 3.140e-4
-1.380, 3.177e-4
-1.381, 3.219e-4
-1.382, 3.249e-4
-1.383, 3.285e-4
-1.384, 3.323e-4
-1.385, 3.354e-4
-1.386, 3.394e-4
-1.387, 3.430e-4
-1.388, 3.475e-4
-1.389, 3.512e-4
-1.390, 3.548e-4
-1.391, 3.587e-4
-1.392, 3.629e-4
-1.393, 3.666e-4
-1.394, 3.701e-4
-1.395, 3.757e-4
-1.396, 3.798e-4
-1.397, 3.830e-4
-1.398, 3.866e-4
-1.399, 3.898e-4
-1.400, 3.942e-4
-1.401, 3.978e-4
-1.402, 4.012e-4
-1.403, 4.051e-4
-1.404, 4.090e-4
-1.405, 4.134e-4
-1.406, 4.175e-4
-1.407, 4.217e-4
-1.408, 4.256e-4
-1.409, 4.301e-4
-1.410, 4.341e-4
-1.411, 4.383e-4
-1.412, 4.416e-4
-1.413, 4.461e-4
-1.414, 4.500e-4
-1.415, 4.554e-4
-1.416, 4.591e-4
-1.417, 4.640e-4
-1.418, 4.679e-4
-1.419, 4.725e-4
-1.420, 4.773e-4
-1.421, 4.837e-4
-1.422, 4.863e-4
-1.423, 4.914e-4
-1.424, 4.940e-4
-1.425, 4.986e-4
-1.426, 5.033e-4
-1.427, 5.072e-4
-1.428, 5.114e-4
-1.429, 5.162e-4
-1.430, 5.214e-4
-1.431, 5.246e-4
-1.432, 5.293e-4
-1.433, 5.341e-4
-1.434, 5.413e-4
-1.435, 5.454e-4
-1.436, 5.504e-4
-1.437, 5.535e-4
-1.438, 5.590e-4
-1.439, 5.637e-4
-1.440, 5.683e-4
-1.441, 5.729e-4
-1.442, 5.783e-4
-1.443, 5.832e-4
-1.444, 5.883e-4
-1.445, 5.920e-4
-1.446, 5.981e-4
-1.447, 6.023e-4
-1.448, 6.079e-4
-1.449, 6.121e-4
-1.450, 6.170e-4
-1.451, 6.221e-4
-1.452, 6.266e-4
-1.453, 6.316e-4
-1.454, 6.369e-4
-1.455, 6.431e-4
-1.456, 6.473e-4
-1.457, 6.526e-4
-1.458, 6.580e-4
-1.459, 6.610e-4
-1.460, 6.680e-4
-1.461, 6.710e-4
-1.462, 6.770e-4
-1.463, 6.826e-4
-1.464, 6.880e-4
-1.465, 6.910e-4
-1.466, 6.965e-4
-1.467, 7.049e-4
-1.468, 7.120e-4
-1.469, 7.180e-4
-1.470, 7.237e-4
-1.471, 7.265e-4
-1.472, 7.340e-4
-1.473, 7.416e-4
-1.474, 7.454e-4
-1.475, 7.511e-4
-1.476, 7.548e-4
-1.477, 7.617e-4
-1.478, 7.668e-4
-1.479, 7.723e-4
-1.480, 7.779e-4
-1.481, 7.833e-4
-1.482, 7.865e-4
-1.483, 7.926e-4
-1.484, 7.988e-4
-1.485, 8.057e-4
-1.486, 8.103e-4
-1.487, 8.153e-4
-1.488, 8.172e-4
-1.489, 8.253e-4
-1.490, 8.330e-4
-1.491, 8.401e-4
-1.492, 8.436e-4
-1.493, 8.501e-4
-1.494, 8.572e-4
-1.495, 8.649e-4
-1.496, 8.648e-4
-1.497, 8.708e-4
-1.498, 8.735e-4
-1.499, 8.846e-4
-1.500, 8.840e-4
-1.501, 8.939e-4
-1.502, 9.023e-4
-1.503, 9.067e-4
-1.504, 9.087e-4
-1.505, 9.187e-4
-1.506, 9.258e-4
-1.507, 9.321e-4
-1.508, 9.403e-4
-1.509, 9.397e-4
-1.510, 9.466e-4
-1.511, 9.546e-4
-1.512, 9.595e-4
-1.513, 9.651e-4
-1.514, 9.693e-4
-1.515, 9.760e-4
-1.516, 9.813e-4
-1.517, 9.882e-4
-1.518, 9.962e-4
-1.519, 1.004e-3
-1.520, 1.011e-3
-1.521, 1.016e-3
-1.522, 1.024e-3
-1.523, 1.029e-3
-1.524, 1.037e-3
-1.525, 1.047e-3
-1.526, 1.053e-3
-1.527, 1.060e-3
-1.528, 1.068e-3
-1.529, 1.076e-3
-1.530, 1.080e-3
-1.531, 1.086e-3
-1.532, 1.094e-3
-1.533, 1.102e-3
-1.534, 1.112e-3
-1.535, 1.116e-3
-1.536, 1.121e-3
-1.537, 1.128e-3
-1.538, 1.132e-3
-1.539, 1.137e-3
-1.540, 1.149e-3
-1.541, 1.160e-3
-1.542, 1.162e-3
-1.543, 1.167e-3
-1.544, 1.172e-3
-1.545, 1.181e-3
-1.546, 1.191e-3
-1.547, 1.199e-3
-1.548, 1.206e-3
-1.549, 1.209e-3
-1.550, 1.216e-3
-1.551, 1.223e-3
-1.552, 1.230e-3
-1.553, 1.234e-3
-1.554, 1.242e-3
-1.555, 1.250e-3
-1.556, 1.257e-3
-1.557, 1.261e-3
-1.558, 1.264e-3
-1.559, 1.271e-3
-1.560, 1.276e-3
-1.561, 1.284e-3
-1.562, 1.291e-3
-1.563, 1.299e-3
-1.564, 1.307e-3
-1.565, 1.313e-3
-1.566, 1.322e-3
-1.567, 1.328e-3
-1.568, 1.337e-3
-1.569, 1.343e-3
-1.570, 1.352e-3
-1.571, 1.361e-3
-1.572, 1.372e-3
-1.573, 1.377e-3
-1.574, 1.386e-3
-1.575, 1.395e-3
-1.576, 1.407e-3
-1.577, 1.413e-3
-1.578, 1.416e-3
-1.579, 1.423e-3
-1.580, 1.430e-3
-1.581, 1.434e-3
-1.582, 1.444e-3
-1.583, 1.460e-3
-1.584, 1.468e-3
-1.585, 1.477e-3
-1.586, 1.482e-3
-1.587, 1.485e-3
-1.588, 1.490e-3
-1.589, 1.500e-3
-1.590, 1.512e-3
-1.591, 1.524e-3
-1.592, 1.534e-3
-1.593, 1.543e-3
-1.594, 1.549e-3
-1.595, 1.555e-3
-1.596, 1.566e-3
-1.597, 1.573e-3
-1.598, 1.582e-3
-1.599, 1.595e-3
-1.600, 1.608e-3
-1.601, 1.613e-3
-1.602, 1.622e-3
-1.603, 1.631e-3
-1.604, 1.642e-3
-1.605, 1.653e-3
-1.606, 1.660e-3
-1.607, 1.669e-3
-1.608, 1.680e-3
-1.609, 1.683e-3
-1.610, 1.693e-3
-1.611, 1.705e-3
-1.612, 1.715e-3
-1.613, 1.723e-3
-1.614, 1.731e-3
-1.615, 1.739e-3
-1.616, 1.749e-3
-1.617, 1.762e-3
-1.618, 1.775e-3
-1.619, 1.789e-3
-1.620, 1.798e-3
-1.621, 1.807e-3
-1.622, 1.820e-3
-1.623, 1.831e-3
-1.624, 1.845e-3
-1.625, 1.852e-3
-1.626, 1.867e-3
-1.627, 1.875e-3
-1.628, 1.887e-3
-1.629, 1.902e-3
-1.630, 1.909e-3
-1.631, 1.921e-3
-1.632, 1.928e-3
-1.633, 1.935e-3
-1.634, 1.940e-3
-1.635, 1.950e-3
-1.636, 1.962e-3
-1.637, 1.974e-3
-1.638, 1.996e-3
-1.639, 2.005e-3
-1.640, 2.013e-3
-1.641, 2.035e-3
-1.642, 2.040e-3
-1.643, 2.046e-3
-1.644, 2.058e-3
-1.645, 2.077e-3
-1.646, 2.089e-3
-1.647, 2.096e-3
-1.648, 2.111e-3
-1.649, 2.121e-3
-1.650, 2.128e-3
-1.651, 2.139e-3
-1.652, 2.154e-3
-1.653, 2.163e-3
-1.654, 2.175e-3
-1.655, 2.188e-3
-1.656, 2.202e-3
-1.657, 2.214e-3
-1.658, 2.222e-3
-1.659, 2.235e-3
-1.660, 2.249e-3
-1.661, 2.257e-3
-1.662, 2.276e-3
-1.663, 2.283e-3
-1.664, 2.286e-3
-1.665, 2.300e-3
-1.666, 2.325e-3
-1.667, 2.331e-3
-1.668, 2.331e-3
-1.669, 2.349e-3
-1.670, 2.364e-3
-1.671, 2.376e-3
-1.672, 2.389e-3
-1.673, 2.400e-3
-1.674, 2.419e-3
-1.675, 2.433e-3
-1.676, 2.448e-3
-1.677, 2.462e-3
-1.678, 2.467e-3
-1.679, 2.479e-3
-1.680, 2.501e-3
-1.681, 2.500e-3
-1.682, 2.500e-3
-1.683, 2.505e-3
-1.684, 2.518e-3
-1.685, 2.529e-3
-1.686, 2.543e-3
-1.687, 2.560e-3
-1.688, 2.573e-3
-1.689, 2.596e-3
-1.690, 2.612e-3
-1.691, 2.630e-3
-1.692, 2.649e-3
-1.693, 2.654e-3
-1.694, 2.654e-3
-1.695, 2.662e-3
-1.696, 2.681e-3
-1.697, 2.693e-3
-1.698, 2.706e-3
-1.699, 2.713e-3
-1.700, 2.704e-3
-1.699, 2.684e-3
-1.698, 2.667e-3
-1.697, 2.656e-3
-1.696, 2.634e-3
-1.695, 2.620e-3
-1.694, 2.604e-3
-1.693, 2.589e-3
-1.692, 2.575e-3
-1.691, 2.549e-3
-1.690, 2.535e-3
-1.689, 2.513e-3
-1.688, 2.502e-3
-1.687, 2.481e-3
-1.686, 2.464e-3
-1.685, 2.446e-3
-1.684, 2.426e-3
-1.683, 2.410e-3
-1.682, 2.391e-3
-1.681, 2.427e-3
-1.680, 2.428e-3
-1.679, 2.428e-3
-1.678, 2.410e-3
-1.677, 2.399e-3
-1.676, 2.386e-3
-1.675, 2.385e-3
-1.674, 2.374e-3
-1.673, 2.367e-3
-1.672, 2.355e-3
-1.671, 2.329e-3
-1.670, 2.309e-3
-1.669, 2.301e-3
-1.668, 2.287e-3
-1.667, 2.263e-3
-1.666, 2.241e-3
-1.665, 2.226e-3
-1.664, 2.214e-3
-1.663, 2.194e-3
-1.662, 2.172e-3
-1.661, 2.153e-3
-1.660, 2.131e-3
-1.659, 2.118e-3
-1.658, 2.102e-3
-1.657, 2.084e-3
-1.656, 2.066e-3
-1.655, 2.048e-3
-1.654, 2.032e-3
-1.653, 2.018e-3
-1.652, 2.003e-3
-1.651, 1.982e-3
-1.650, 1.962e-3
-1.649, 1.941e-3
-1.648, 1.923e-3
-1.647, 1.908e-3
-1.646, 1.899e-3
-1.645, 1.894e-3
-1.644, 1.873e-3
-1.643, 1.858e-3
-1.642, 1.852e-3
-1.641, 1.837e-3
-1.640, 1.817e-3
-1.639, 1.798e-3
-1.638, 1.785e-3
-1.637, 1.767e-3
-1.636, 1.756e-3
-1.635, 1.739e-3
-1.634, 1.729e-3
-1.633, 1.716e-3
-1.632, 1.705e-3
-1.631, 1.690e-3
-1.630, 1.685e-3
-1.629, 1.669e-3
-1.628, 1.655e-3
-1.627, 1.645e-3
-1.626, 1.626e-3
-1.625, 1.611e-3
-1.624, 1.597e-3
-1.623, 1.595e-3
-1.622, 1.582e-3
-1.621, 1.566e-3
-1.620, 1.553e-3
-1.619, 1.548e-3
-1.618, 1.532e-3
-1.617, 1.529e-3
-1.616, 1.530e-3
-1.615, 1.516e-3
-1.614, 1.505e-3
-1.613, 1.490e-3
-1.612, 1.476e-3
-1.611, 1.467e-3
-1.610, 1.457e-3
-1.609, 1.445e-3
-1.608, 1.438e-3
-1.607, 1.428e-3
-1.606, 1.416e-3
-1.605, 1.402e-3
-1.604, 1.390e-3
-1.603, 1.377e-3
-1.602, 1.369e-3
-1.601, 1.358e-3
-1.600, 1.345e-3
-1.599, 1.333e-3
-1.598, 1.321e-3
-1.597, 1.314e-3
-1.596, 1.304e-3
-1.595, 1.292e-3
-1.594, 1.287e-3
-1.593, 1.276e-3
-1.592, 1.270e-3
-1.591, 1.256e-3
-1.590, 1.247e-3
-1.589, 1.242e-3
-1.588, 1.233e-3
-1.587, 1.224e-3
-1.586, 1.215e-3
-1.585, 1.199e-3
-1.584, 1.189e-3
-1.583, 1.182e-3
-1.582, 1.177e-3
-1.581, 1.166e-3
-1.580, 1.158e-3
-1.579, 1.154e-3
-1.578, 1.140e-3
-1.577, 1.132e-3
-1.576, 1.119e-3
-1.575, 1.107e-3
-1.574, 1.104e-3
-1.573, 1.117e-3
-1.572, 1.105e-3
-1.571, 1.094e-3
-1.570, 1.084e-3
-1.569, 1.074e-3
-1.568, 1.068e-3
-1.567, 1.061e-3
-1.566, 1.050e-3
-1.565, 1.041e-3
-1.564, 1.031e-3
-1.563, 1.030e-3
-1.562, 1.021e-3
-1.561, 1.011e-3
-1.560, 1.006e-3
-1.559, 9.996e-4
-1.558, 9.890e-4
-1.557, 9.808e-4
-1.556, 9.770e-4
-1.555, 9.691e-4
-1.554, 9.614e-4
-1.553, 9.525e-4
-1.552, 9.455e-4
-1.551, 9.438e-4
-1.550, 9.345e-4
-1.549, 9.285e-4
-1.548, 9.214e-4
-1.547, 9.156e-4
-1.546, 9.079e-4
-1.545, 8.996e-4
-1.544, 8.926e-4
-1.543, 8.908e-4
-1.542, 8.819e-4
-1.541, 8.747e-4
-1.540, 8.622e-4
-1.539, 8.563e-4
-1.538, 8.526e-4
-1.537, 8.415e-4
-1.536, 8.365e-4
-1.535, 8.314e-4
-1.534, 8.248e-4
-1.533, 8.136e-4
-1.532, 8.070e-4
-1.531, 8.036e-4
-1.530, 8.027e-4
-1.529, 7.939e-4
-1.528, 7.871e-4
-1.527, 7.789e-4
-1.526, 7.741e-4
-1.525, 7.674e-4
-1.524, 7.619e-4
-1.523, 7.566e-4
-1.522, 7.537e-4
-1.521, 7.491e-4
-1.520, 7.410e-4
-1.519, 7.356e-4
-1.518, 7.257e-4
-1.517, 7.205e-4
-1.516, 7.171e-4
-1.515, 7.084e-4
-1.514, 7.014e-4
-1.513, 6.948e-4
-1.512, 6.898e-4
-1.511, 6.840e-4
-1.510, 6.844e-4
-1.509, 6.793e-4
-1.508, 6.701e-4
-1.507, 6.664e-4
-1.506, 6.599e-4
-1.505, 6.557e-4
-1.504, 6.536e-4
-1.503, 6.451e-4
-1.502, 6.391e-4
-1.501, 6.363e-4
-1.500, 6.319e-4
-1.499, 6.266e-4
-1.498, 6.212e-4
-1.497, 6.140e-4
-1.496, 6.093e-4
-1.495, 6.041e-4
-1.494, 6.020e-4
-1.493, 5.984e-4
-1.492, 5.930e-4
-1.491, 5.847e-4
-1.490, 5.767e-4
-1.489, 5.729e-4
-1.488, 5.696e-4
-1.487, 5.653e-4
-1.486, 5.575e-4
-1.485, 5.544e-4
-1.484, 5.489e-4
-1.483, 5.466e-4
-1.482, 5.433e-4
-1.481, 5.377e-4
-1.480, 5.343e-4
-1.479, 5.310e-4
-1.478, 5.230e-4
-1.477, 5.185e-4
-1.476, 5.143e-4
-1.475, 5.102e-4
-1.474, 5.090e-4
-1.473, 5.071e-4
-1.472, 4.995e-4
-1.471, 4.930e-4
-1.470, 4.890e-4
-1.469, 4.846e-4
-1.468, 4.791e-4
-1.467, 4.765e-4
-1.466, 4.734e-4
-1.465, 4.674e-4
-1.464, 4.628e-4
-1.463, 4.574e-4
-1.462, 4.516e-4
-1.461, 4.508e-4
-1.460, 4.480e-4
-1.459, 4.414e-4
-1.458, 4.378e-4
-1.457, 4.343e-4
-1.456, 4.304e-4
-1.455, 4.284e-4
-1.454, 4.249e-4
-1.453, 4.201e-4
-1.452, 4.146e-4
-1.451, 4.108e-4
-1.450, 4.096e-4
-1.449, 4.085e-4
-1.448, 4.057e-4
-1.447, 4.010e-4
-1.446, 3.963e-4
-1.445, 3.882e-4
-1.444, 3.866e-4
-1.443, 3.831e-4
-1.442, 3.784e-4
-1.441, 3.752e-4
-1.440, 3.695e-4
-1.439, 3.675e-4
-1.438, 3.644e-4
-1.437, 3.620e-4
-1.436, 3.603e-4
-1.435, 3.569e-4
-1.434, 3.521e-4
-1.433, 3.478e-4
-1.432, 3.458e-4
-1.431, 3.423e-4
-1.430, 3.390e-4
-1.429, 3.321e-4
-1.428, 3.278e-4
-1.427, 3.247e-4
-1.426, 3.203e-4
-1.425, 3.161e-4
-1.424, 3.117e-4
-1.423, 3.092e-4
-1.422, 3.077e-4
-1.421, 3.042e-4
-1.420, 3.009e-4
-1.419, 2.974e-4
-1.418, 2.946e-4
-1.417, 2.919e-4
-1.416, 2.904e-4
-1.415, 2.873e-4
-1.414, 2.838e-4
-1.413, 2.806e-4
-1.412, 2.779e-4
-1.411, 2.747e-4
-1.410, 2.715e-4
-1.409, 2.684e-4
-1.408, 2.654e-4
-1.407, 2.622e-4
-1.406, 2.587e-4
-1.405, 2.556e-4
-1.404, 2.532e-4
-1.403, 2.510e-4
-1.402, 2.482e-4
-1.401, 2.468e-4
-1.400, 2.441e-4
-1.399, 2.411e-4
-1.398, 2.376e-4
-1.397, 2.350e-4
-1.396, 2.326e-4
-1.395, 2.295e-4
-1.394, 2.260e-4
-1.393, 2.237e-4
-1.392, 2.201e-4
-1.391, 2.174e-4
-1.390, 2.149e-4
-1.389, 2.112e-4
-1.388, 2.092e-4
-1.387, 2.075e-4
-1.386, 2.044e-4
-1.385, 2.016e-4
-1.384, 1.993e-4
-1.383, 1.968e-4
-1.382, 1.940e-4
-1.381, 1.918e-4
-1.380, 1.893e-4
-1.379, 1.867e-4
-1.378, 1.844e-4
-1.377, 1.817e-4
-1.376, 1.784e-4
-1.375, 1.768e-4
-1.374, 1.748e-4
-1.373, 1.726e-4
-1.372, 1.702e-4
-1.371, 1.670e-4
-1.370, 1.652e-4
-1.369, 1.621e-4
-1.368, 1.608e-4
-1.367, 1.586e-4
-1.366, 1.566e-4
-1.365, 1.538e-4
-1.364, 1.520e-4
-1.363, 1.494e-4
-1.362, 1.475e-4
-1.361, 1.452e-4
-1.360, 1.433e-4
-1.359, 1.410e-4
-1.358, 1.385e-4
-1.357, 1.367e-4
-1.356, 1.347e-4
-1.355, 1.330e-4
-1.354, 1.308e-4
-1.353, 1.286e-4
-1.352, 1.270e-4
-1.351, 1.247e-4
-1.350, 1.223e-4
-1.349, 1.205e-4
-1.348, 1.187e-4
-1.347, 1.166e-4
-1.346, 1.151e-4
-1.345, 1.130e-4
-1.344, 1.110e-4
-1.343, 1.095e-4
-1.342, 1.075e-4
-1.341, 1.070e-4
-1.340, 1.046e-4
-1.339, 1.029e-4
-1.338, 1.021e-4
-1.337, 1.000e-4
-1.336, 9.817e-5
-1.335, 9.642e-5
-1.334, 9.471e-5
-1.333, 9.307e-5
-1.332, 9.129e-5
-1.331, 8.947e-5
-1.330, 8.786e-5
-1.329, 8.610e-5
-1.328, 8.429e-5
-1.327, 8.268e-5
-1.326, 8.081e-5
-1.325, 7.888e-5
-1.324, 7.764e-5
-1.323, 7.719e-5
-1.322, 7.560e-5
-1.321, 7.419e-5
-1.320, 7.262e-5
-1.319, 7.118e-5
-1.318, 6.976e-5
-1.317, 6.823e-5
-1.316, 6.629e-5
-1.315, 6.473e-5
-1.314, 6.345e-5
-1.313, 6.230e-5
-1.312, 6.128e-5
-1.311, 5.981e-5
-1.310, 5.850e-5
-1.309, 5.708e-5
-1.308, 5.557e-5
-1.307, 5.459e-5
-1.306, 5.325e-5
-1.305, 5.207e-5
-1.304, 5.066e-5
-1.303, 4.912e-5
-1.302, 4.768e-5
-1.301, 4.644e-5
-1.300, 4.523e-5
-1.299, 4.396e-5
-1.298, 4.283e-5
-1.297, 4.159e-5
-1.296, 4.057e-5
-1.295, 3.953e-5
-1.294, 3.842e-5
-1.293, 3.745e-5
-1.292, 3.624e-5
-1.291, 3.525e-5
-1.290, 3.424e-5
-1.289, 3.312e-5
-1.288, 3.197e-5
-1.287, 3.116e-5
-1.286, 3.037e-5
-1.285, 2.941e-5
-1.284, 2.843e-5
-1.283, 2.734e-5
-1.282, 2.643e-5
-1.281, 2.559e-5
-1.280, 2.456e-5
-1.279, 2.378e-5
-1.278, 2.295e-5
-1.277, 2.209e-5
-1.276, 2.114e-5
-1.275, 2.025e-5
-1.274, 1.940e-5
-1.273, 1.855e-5
-1.272, 1.784e-5
-1.271, 1.710e-5
-1.270, 1.632e-5
-1.269, 1.560e-5
-1.268, 1.480e-5
-1.267, 1.404e-5
-1.266, 1.329e-5
-1.265, 1.254e-5
-1.264, 1.193e-5
-1.263, 1.122e-5
-1.262, 1.050e-5
-1.261, 9.846e-6
-1.260, 9.196e-6
-1.259, 8.565e-6
-1.258, 7.956e-6
-1.257, 7.289e-6
-1.256, 6.727e-6
-1.255, 6.026e-6
-1.254, 5.432e-6
-1.253, 4.918e-6
-1.252, 4.293e-6
-1.251, 3.750e-6
-1.250, 3.203e-6
-1.249, 2.617e-6
-1.248, 2.126e-6
-1.247, 1.590e-6
-1.246, 1.042e-6
-1.245, 5.947e-7
-1.244, 8.860e-8
-1.243, -4.313e-7
-1.242, -9.059e-7
-1.241, -1.429e-6
-1.240, -1.846e-6
-1.239, -2.296e-6
-1.238, -2.787e-6
-1.237, -3.150e-6
-1.236, -3.595e-6
-1.235, -4.132e-6
-1.234, -4.563e-6
-1.233, -4.963e-6
-1.232, -5.273e-6
-1.231, -5.716e-6
-1.230, -6.170e-6
-1.229, -6.585e-6
-1.228, -6.881e-6
-1.227, -7.221e-6
-1.226, -7.598e-6
-1.225, -7.953e-6
-1.224, -8.207e-6
-1.223, -8.600e-6
-1.222, -8.953e-6
-1.221, -9.218e-6
-1.220, -9.556e-6
-1.219, -9.827e-6
-1.218, -1.013e-5
-1.217, -1.046e-5
-1.216, -1.076e-5
-1.215, -1.103e-5
-1.214, -1.132e-5
-1.213, -1.150e-5
-1.212, -1.170e-5
-1.211, -1.205e-5
-1.210, -1.228e-5
-1.209, -1.265e-5
-1.208, -1.278e-5
-1.207, -1.306e-5
-1.206, -1.338e-5
-1.205, -1.361e-5
-1.204, -1.383e-5
-1.203, -1.407e-5
-1.202, -1.426e-5
-1.201, -1.451e-5
-1.200, -1.472e-5
-1.199, -1.495e-5
-1.198, -1.517e-5
-1.197, -1.525e-5
-1.196, -1.554e-5
-1.195, -1.569e-5
-1.194, -1.590e-5
-1.193, -1.612e-5
-1.192, -1.627e-5
-1.191, -1.651e-5
-1.190, -1.669e-5
-1.189, -1.681e-5
-1.188, -1.702e-5
-1.187, -1.716e-5
-1.186, -1.731e-5
-1.185, -1.750e-5
-1.184, -1.754e-5
-1.183, -1.776e-5
-1.182, -1.796e-5
-1.181, -1.807e-5
-1.180, -1.832e-5
-1.179, -1.848e-5
-1.178, -1.865e-5
-1.177, -1.883e-5
-1.176, -1.886e-5
-1.175, -1.901e-5
-1.174, -1.915e-5
-1.173, -1.929e-5
-1.172, -1.952e-5
-1.171, -1.956e-5
-1.170, -1.958e-5
-1.169, -1.974e-5
-1.168, -1.980e-5
-1.167, -1.989e-5
-1.166, -2.015e-5
-1.165, -2.024e-5
-1.164, -2.045e-5
-1.163, -2.045e-5
-1.162, -2.054e-5
-1.161, -2.070e-5
-1.160, -2.083e-5
-1.159, -2.103e-5
-1.158, -2.111e-5
-1.157, -2.115e-5
-1.156, -2.137e-5
-1.155, -2.150e-5
-1.154, -2.163e-5
-1.153, -2.177e-5
-1.152, -2.177e-5
-1.151, -2.191e-5
-1.150, -2.210e-5
-1.149, -2.211e-5
-1.148, -2.231e-5
-1.147, -2.244e-5
-1.146, -2.250e-5
-1.145, -2.265e-5
-1.144, -2.278e-5
-1.143, -2.286e-5
-1.142, -2.300e-5
-1.141, -2.317e-5
-1.140, -2.332e-5
-1.139, -2.345e-5
-1.138, -2.350e-5
-1.137, -2.376e-5
-1.136, -2.386e-5
-1.135, -2.390e-5
-1.134, -2.408e-5
-1.133, -2.415e-5
-1.132, -2.429e-5
-1.131, -2.439e-5
-1.130, -2.464e-5
-1.129, -2.481e-5
-1.128, -2.488e-5
-1.127, -2.512e-5
-1.126, -2.522e-5
-1.125, -2.534e-5
-1.124, -2.551e-5
-1.123, -2.567e-5
-1.122, -2.568e-5
-1.121, -2.602e-5
-1.120, -2.624e-5
-1.119, -2.636e-5
-1.118, -2.650e-5
-1.117, -2.650e-5
-1.116, -2.661e-5
-1.115, -2.689e-5
-1.114, -2.696e-5
-1.113, -2.715e-5
-1.112, -2.718e-5
-1.111, -2.734e-5
-1.110, -2.759e-5
-1.109, -2.779e-5
-1.108, -2.806e-5
-1.107, -2.831e-5
-1.106, -2.844e-5
-1.105, -2.852e-5
-1.104, -2.857e-5
-1.103, -2.887e-5
-1.102, -2.911e-5
-1.101, -2.936e-5
-1.100, -2.959e-5
-1.099, -2.984e-5
-1.098, -3.000e-5
-1.097, -3.027e-5
-1.096, -3.038e-5
-1.095, -3.060e-5
-1.094, -3.084e-5
-1.093, -3.106e-5
-1.092, -3.129e-5
-1.091, -3.158e-5
-1.090, -3.168e-5
-1.089, -3.204e-5
-1.088, -3.227e-5
-1.087, -3.262e-5
-1.086, -3.277e-5
-1.085, -3.303e-5
-1.084, -3.337e-5
-1.083, -3.362e-5
-1.082, -3.384e-5
-1.081, -3.416e-5
-1.080, -3.440e-5
-1.079, -3.464e-5
-1.078, -3.505e-5
-1.077, -3.538e-5
-1.076, -3.562e-5
-1.075, -3.601e-5
-1.074, -3.622e-5
-1.073, -3.663e-5
-1.072, -3.681e-5
-1.071, -3.727e-5
-1.070, -3.775e-5
-1.069, -3.801e-5
-1.068, -3.832e-5
-1.067, -3.863e-5
-1.066, -3.905e-5
-1.065, -3.936e-5
-1.064, -3.969e-5
-1.063, -4.013e-5
-1.062, -4.053e-5
-1.061, -4.093e-5
-1.060, -4.137e-5
-1.059, -4.162e-5
-1.058, -4.212e-5
-1.057, -4.266e-5
-1.056, -4.306e-5
-1.055, -4.336e-5
-1.054, -4.385e-5
-1.053, -4.424e-5
-1.052, -4.473e-5
-1.051, -4.524e-5
-1.050, -4.566e-5
-1.049, -4.605e-5
-1.048, -4.648e-5
-1.047, -4.704e-5
-1.046, -4.762e-5
-1.045, -4.811e-5
-1.044, -4.869e-5
-1.043, -4.927e-5
-1.042, -4.979e-5
-1.041, -5.023e-5
-1.040, -5.071e-5
-1.039, -5.124e-5
-1.038, -5.180e-5
-1.037, -5.231e-5
-1.036, -5.293e-5
-1.035, -5.345e-5
-1.034, -5.405e-5
-1.033, -5.477e-5
-1.032, -5.537e-5
-1.031, -5.607e-5
-1.030, -5.665e-5
-1.029, -5.722e-5
-1.028, -5.767e-5
-1.027, -5.832e-5
-1.026, -5.917e-5
-1.025, -5.975e-5
-1.024, -6.021e-5
-1.023, -6.075e-5
-1.022, -6.136e-5
-1.021, -6.201e-5
-1.020, -6.269e-5
-1.019, -6.346e-5
-1.018, -6.415e-5
-1.017, -6.476e-5
-1.016, -6.521e-5
-1.015, -6.584e-5
-1.014, -6.649e-5
-1.013, -6.708e-5
-1.012, -6.774e-5
-1.011, -6.826e-5
-1.010, -6.905e-5
-1.009, -6.973e-5
-1.008, -7.027e-5
-1.007, -7.093e-5
-1.006, -7.158e-5
-1.005, -7.223e-5
-1.004, -7.302e-5
-1.003, -7.371e-5
-1.002, -7.426e-5
-1.001, -7.489e-5
-1.000, -6.528e-5
-1.001, -5.216e-5
-1.002, -4.434e-5
-1.003, -3.860e-5
-1.004, -3.372e-5
-1.005, -2.973e-5
-1.006, -2.621e-5
-1.007, -2.318e-5
-1.008, -2.041e-5
-1.009, -1.789e-5
-1.010, -1.555e-5
-1.011, -1.338e-5
-1.012, -1.129e-5
-1.013, -9.503e-6
-1.014, -7.802e-6
-1.015, -6.140e-6
-1.016, -4.696e-6
-1.017, -3.231e-6
-1.018, -1.914e-6
-1.019, -6.622e-7
-1.020, 5.158e-7
-1.021, 1.539e-6
-1.022, 2.655e-6
-1.023, 3.657e-6
-1.024, 4.588e-6
-1.025, 5.457e-6
-1.026, 6.247e-6
-1.027, 7.003e-6
-1.028, 7.780e-6
-1.029, 8.399e-6
-1.030, 9.064e-6
-1.031, 9.740e-6
-1.032, 1.024e-5
-1.033, 1.085e-5
-1.034, 1.135e-5
-1.035, 1.181e-5
-1.036, 1.232e-5
-1.037, 1.272e-5
-1.038, 1.317e-5
-1.039, 1.360e-5
-1.040, 1.389e-5
-1.041, 1.421e-5
-1.042, 1.458e-5
-1.043, 1.489e-5
-1.044, 1.521e-5
-1.045, 1.539e-5
-1.046, 1.567e-5
-1.047, 1.600e-5
-1.048, 1.617e-5
-1.049, 1.640e-5
-1.050, 1.661e-5
-1.051, 1.678e-5
-1.052, 1.699e-5
-1.053, 1.719e-5
-1.054, 1.733e-5
-1.055, 1.748e-5
-1.056, 1.759e-5
-1.057, 1.777e-5
-1.058, 1.782e-5
-1.059, 1.790e-5
-1.060, 1.804e-5
-1.061, 1.816e-5
-1.062, 1.832e-5
-1.063, 1.838e-5
-1.064, 1.836e-5
-1.065, 1.854e-5
-1.066, 1.851e-5
-1.067, 1.861e-5
-1.068, 1.870e-5
-1.069, 1.871e-5
-1.070, 1.876e-5
-1.071, 1.884e-5
-1.072, 1.884e-5
-1.073, 1.885e-5
-1.074, 1.894e-5
-1.075, 1.905e-5
-1.076, 1.903e-5
-1.077, 1.900e-5
-1.078, 1.899e-5
-1.079, 1.906e-5
-1.080, 1.901e-5
-1.081, 1.906e-5
-1.082, 1.906e-5
-1.083, 1.907e-5
-1.084, 1.912e-5
-1.085, 1.908e-5
-1.086, 1.909e-5
-1.087, 1.916e-5
-1.088, 1.912e-5
-1.089, 1.909e-5
-1.090, 1.914e-5
-1.091, 1.910e-5
-1.092, 1.916e-5
-1.093, 1.914e-5
-1.094, 1.914e-5
-1.095, 1.918e-5
-1.096, 1.915e-5
-1.097, 1.909e-5
-1.098, 1.909e-5
-1.099, 1.909e-5
-1.100, 1.909e-5
-1.101, 1.907e-5
-1.102, 1.907e-5
-1.103, 1.913e-5
-1.104, 1.906e-5
-1.105, 1.909e-5
-1.106, 1.911e-5
-1.107, 1.908e-5
-1.108, 1.906e-5
-1.109, 1.907e-5
-1.110, 1.908e-5
-1.111, 1.909e-5
-1.112, 1.905e-5
-1.113, 1.907e-5
-1.114, 1.911e-5
-1.115, 1.903e-5
-1.116, 1.904e-5
-1.117, 1.900e-5
-1.118, 1.903e-5
-1.119, 1.905e-5
-1.120, 1.905e-5
-1.121, 1.911e-5
-1.122, 1.908e-5
-1.123, 1.905e-5
-1.124, 1.908e-5
-1.125, 1.909e-5
-1.126, 1.905e-5
-1.127, 1.913e-5
-1.128, 1.912e-5
-1.129, 1.912e-5
-1.130, 1.905e-5
-1.131, 1.900e-5
-1.132, 1.906e-5
-1.133, 1.897e-5
-1.134, 1.905e-5
-1.135, 1.918e-5
-1.136, 1.917e-5
-1.137, 1.920e-5
-1.138, 1.918e-5
-1.139, 1.916e-5
-1.140, 1.919e-5
-1.141, 1.916e-5
-1.142, 1.919e-5
-1.143, 1.926e-5
-1.144, 1.922e-5
-1.145, 1.927e-5
-1.146, 1.934e-5
-1.147, 1.934e-5
-1.148, 1.940e-5
-1.149, 1.940e-5
-1.150, 1.944e-5
-1.151, 1.949e-5
-1.152, 1.956e-5
-1.153, 1.966e-5
-1.154, 1.968e-5
-1.155, 1.959e-5
-1.156, 1.962e-5
-1.157, 1.959e-5
-1.158, 1.972e-5
-1.159, 1.973e-5
-1.160, 1.970e-5
-1.161, 1.982e-5
-1.162, 1.990e-5
-1.163, 1.996e-5
-1.164, 1.996e-5
-1.165, 2.001e-5
-1.166, 2.003e-5
-1.167, 2.011e-5
-1.168, 2.013e-5
-1.169, 2.026e-5
-1.170, 2.032e-5
-1.171, 2.036e-5
-1.172, 2.046e-5
-1.173, 2.048e-5
-1.174, 2.059e-5
-1.175, 2.068e-5
-1.176, 2.073e-5
-1.177, 2.084e-5
-1.178, 2.095e-5
-1.179, 2.098e-5
-1.180, 2.103e-5
-1.181, 2.110e-5
-1.182, 2.117e-5
-1.183, 2.131e-5
-1.184, 2.137e-5
-1.185, 2.142e-5
-1.186, 2.150e-5
-1.187, 2.159e-5
-1.188, 2.178e-5
-1.189, 2.183e-5
-1.190, 2.191e-5
-1.191, 2.212e-5
-1.192, 2.216e-5
-1.193, 2.229e-5
-1.194, 2.242e-5
-1.195, 2.255e-5
-1.196, 2.270e-5
-1.197, 2.277e-5
-1.198, 2.293e-5
-1.199, 2.309e-5
-1.200, 2.324e-5
-1.201, 2.341e-5
-1.202, 2.355e-5
-1.203, 2.368e-5
-1.204, 2.383e-5
-1.205, 2.393e-5
-1.206, 2.414e-5
-1.207, 2.435e-5
-1.208, 2.451e-5
-1.209, 2.469e-5
-1.210, 2.489e-5
-1.211, 2.499e-5
-1.212, 2.527e-5
-1.213, 2.538e-5
-1.214, 2.560e-5
-1.215, 2.584e-5
-1.216, 2.604e-5
-1.217, 2.627e-5
-1.218, 2.643e-5
-1.219, 2.666e-5
-1.220, 2.692e-5
-1.221, 2.714e-5
-1.222, 2.737e-5
-1.223, 2.770e-5
-1.224, 2.773e-5
-1.225, 2.804e-5
-1.226, 2.846e-5
-1.227, 2.885e-5
-1.228, 2.917e-5
-1.229, 2.942e-5
-1.230, 2.957e-5
-1.231, 2.998e-5
-1.232, 3.013e-5
-1.233, 3.051e-5
-1.234, 3.080e-5
-1.235, 3.111e-5
-1.236, 3.156e-5
-1.237, 3.188e-5
-1.238, 3.228e-5
-1.239, 3.262e-5
-1.240, 3.294e-5
-1.241, 3.339e-5
-1.242, 3.378e-5
-1.243, 3.417e-5
-1.244, 3.464e-5
-1.245, 3.501e-5
-1.246, 3.546e-5
-1.247, 3.598e-5
-1.248, 3.645e-5
-1.249, 3.679e-5
-1.250, 3.733e-5
-1.251, 3.783e-5
-1.252, 3.841e-5
-1.253, 3.893e-5
-1.254, 3.934e-5
-1.255, 3.997e-5
-1.256, 4.054e-5
-1.257, 4.113e-5
-1.258, 4.166e-5
-1.259, 4.225e-5
-1.260, 4.289e-5
-1.261, 4.351e-5
-1.262, 4.412e-5
-1.263, 4.477e-5
-1.264, 4.540e-5
-1.265, 4.620e-5
-1.266, 4.699e-5
-1.267, 4.769e-5
-1.268, 4.841e-5
-1.269, 4.906e-5
-1.270, 4.976e-5
-1.271, 5.030e-5
-1.272, 5.122e-5
-1.273, 5.208e-5
-1.274, 5.291e-5
-1.275, 5.370e-5
-1.276, 5.458e-5
-1.277, 5.543e-5
-1.278, 5.645e-5
-1.279, 5.745e-5
-1.280, 5.835e-5
-1.281, 5.914e-5
-1.282, 6.007e-5
-1.283, 6.109e-5
-1.284, 6.214e-5
-1.285, 6.304e-5
-1.286, 6.410e-5
-1.287, 6.522e-5
-1.288, 6.622e-5
-1.289, 6.721e-5
-1.290, 6.834e-5
-1.291, 6.934e-5
-1.292, 7.047e-5
-1.293, 7.154e-5
-1.294, 7.278e-5
-1.295, 7.397e-5
-1.296, 7.551e-5
-1.297, 7.654e-5
-1.298, 7.761e-5
-1.299, 7.883e-5
-1.300, 8.037e-5
-1.301, 8.166e-5
-1.302, 8.293e-5
-1.303, 8.429e-5
-1.304, 8.574e-5
-1.305, 8.704e-5
-1.306, 8.832e-5
-1.307, 8.989e-5
-1.308, 9.142e-5
-1.309, 9.285e-5
-1.310, 9.413e-5
-1.311, 9.602e-5
-1.312, 9.760e-5
-1.313, 9.906e-5
-1.314, 1.004e-4
-1.315, 1.021e-4
-1.316, 1.037e-4
-1.317, 1.049e-4
-1.318, 1.069e-4
-1.319, 1.083e-4
-1.320, 1.103e-4
-1.321, 1.124e-4
-1.322, 1.140e-4
-1.323, 1.157e-4
-1.324, 1.170e-4
-1.325, 1.187e-4
-1.326, 1.203e-4
-1.327, 1.224e-4
-1.328, 1.243e-4
-1.329, 1.261e-4
-1.330, 1.282e-4
-1.331, 1.300e-4
-1.332, 1.319e-4
-1.333, 1.331e-4
-1.334, 1.353e-4
-1.335, 1.376e-4
-1.336, 1.394e-4
-1.337, 1.407e-4
-1.338, 1.427e-4
-1.339, 1.448e-4
-1.340, 1.468e-4
-1.341, 1.489e-4
-1.342, 1.512e-4
-1.343, 1.536e-4
-1.344, 1.555e-4
-1.345, 1.575e-4
-1.346, 1.596e-4
-1.347, 1.619e-4
-1.348, 1.644e-4
-1.349, 1.664e-4
-1.350, 1.690e-4
-1.351, 1.713e-4
-1.352, 1.735e-4
-1.353, 1.763e-4
-1.354, 1.787e-4
-1.355, 1.806e-4
-1.356, 1.828e-4
-1.357, 1.861e-4
-1.358, 1.885e-4
-1.359, 1.906e-4
-1.360, 1.930e-4
-1.361, 1.958e-4
-1.362, 1.981e-4
-1.363, 2.004e-4
-1.364, 2.032e-4
-1.365, 2.055e-4
-1.366, 2.088e-4
-1.367, 2.112e-4
-1.368, 2.139e-4
-1.369, 2.154e-4
-1.370, 2.180e-4
-1.371, 2.209e-4
-1.372, 2.235e-4
-1.373, 2.261e-4
-1.374, 2.289e-4
-1.375, 2.315e-4
-1.376, 2.339e-4
-1.377, 2.368e-4
-1.378, 2.393e-4
-1.379, 2.425e-4
-1.380, 2.455e-4
-1.381, 2.490e-4
-1.382, 2.513e-4
-1.383, 2.539e-4
-1.384, 2.564e-4
-1.385, 2.596e-4
-1.386, 2.636e-4
-1.387, 2.664e-4
-1.388, 2.696e-4
-1.389, 2.720e-4
-1.390, 2.750e-4
-1.391, 2.779e-4
-1.392, 2.809e-4
-1.393, 2.831e-4
-1.394, 2.862e-4
-1.395, 2.896e-4
-1.396, 2.932e-4
-1.397, 2.961e-4
-1.398, 2.988e-4
-1.399, 3.019e-4
-1.400, 3.049e-4
-1.401, 3.070e-4
-1.402, 3.136e-4
-1.403, 3.151e-4
-1.404, 3.185e-4
-1.405, 3.220e-4
-1.406, 3.255e-4
-1.407, 3.288e-4
-1.408, 3.301e-4
-1.409, 3.334e-4
-1.410, 3.368e-4
-1.411, 3.401e-4
-1.412, 3.437e-4
-1.413, 3.474e-4
-1.414, 3.505e-4
-1.415, 3.538e-4
-1.416, 3.572e-4
-1.417, 3.598e-4
-1.418, 3.637e-4
-1.419, 3.683e-4
-1.420, 3.727e-4
-1.421, 3.735e-4
-1.422, 3.756e-4
-1.423, 3.795e-4
-1.424, 3.834e-4
-1.425, 3.863e-4
-1.426, 3.907e-4
-1.427, 3.941e-4
-1.428, 3.975e-4
-1.429, 4.010e-4
-1.430, 4.039e-4
-1.431, 4.068e-4
-1.432, 4.107e-4
-1.433, 4.153e-4
-1.434, 4.193e-4
-1.435, 4.246e-4
-1.436, 4.275e-4
-1.437, 4.306e-4
-1.438, 4.334e-4
-1.439, 4.372e-4
-1.440, 4.405e-4
-1.441, 4.446e-4
-1.442, 4.490e-4
-1.443, 4.533e-4
-1.444, 4.563e-4
-1.445, 4.605e-4
-1.446, 4.647e-4
-1.447, 4.697e-4
-1.448, 4.730e-4
-1.449, 4.764e-4
-1.450, 4.790e-4
-1.451, 4.823e-4
-1.452, 4.887e-4
-1.453, 4.930e-4
-1.454, 4.966e-4
-1.455, 5.016e-4
-1.456, 5.051e-4
-1.457, 5.086e-4
-1.458, 5.118e-4
-1.459, 5.158e-4
-1.460, 5.206e-4
-1.461, 5.246e-4
-1.462, 5.284e-4
-1.463, 5.308e-4
-1.464, 5.337e-4
-1.465, 5.373e-4
-1.466, 5.417e-4
-1.467, 5.449e-4
-1.468, 5.479e-4
-1.469, 5.512e-4
-1.470, 5.564e-4
-1.471, 5.613e-4
-1.472, 5.654e-4
-1.473, 5.703e-4
-1.474, 5.761e-4
-1.475, 5.787e-4
-1.476, 5.822e-4
-1.477, 5.860e-4
-1.478, 5.906e-4
-1.479, 5.952e-4
-1.480, 5.990e-4
-1.481, 6.030e-4
-1.482, 6.066e-4
-1.483, 6.106e-4
-1.484, 6.157e-4
-1.485, 6.188e-4
-1.486, 6.209e-4
-1.487, 6.251e-4
-1.488, 6.285e-4
-1.489, 6.323e-4
-1.490, 6.362e-4
-1.491, 6.417e-4
-1.492, 6.479e-4
-1.493, 6.519e-4
-1.494, 6.550e-4
-1.495, 6.602e-4
-1.496, 6.660e-4
-1.497, 6.727e-4
-1.498, 6.760e-4
-1.499, 6.786e-4
-1.500, 6.820e-4
-1.501, 6.853e-4
-1.502, 6.905e-4
-1.503, 6.972e-4
-1.504, 7.027e-4
-1.505, 7.074e-4
-1.506, 7.119e-4
-1.507, 7.155e-4
-1.508, 7.194e-4
-1.509, 7.254e-4
-1.510, 7.301e-4
-1.511, 7.378e-4
-1.512, 7.422e-4
-1.513, 7.452e-4
-1.514, 7.522e-4
-1.515, 7.572e-4
-1.516, 7.626e-4
-1.517, 7.686e-4
-1.518, 7.739e-4
-1.519, 7.760e-4
-1.520, 7.817e-4
-1.521, 7.904e-4
-1.522, 7.942e-4
-1.523, 7.986e-4
-1.524, 8.057e-4
-1.525, 8.100e-4
-1.526, 8.122e-4
-1.527, 8.154e-4
-1.528, 8.175e-4
-1.529, 8.246e-4
-1.530, 8.334e-4
-1.531, 8.362e-4
-1.532, 8.416e-4
-1.533, 8.457e-4
-1.534, 8.488e-4
-1.535, 8.542e-4
-1.536, 8.584e-4
-1.537, 8.655e-4
-1.538, 8.703e-4
-1.539, 8.759e-4
-1.540, 8.829e-4
-1.541, 8.854e-4
-1.542, 8.868e-4
-1.543, 8.932e-4
-1.544, 9.002e-4
-1.545, 9.028e-4
-1.546, 9.081e-4
-1.547, 9.107e-4
-1.548, 9.154e-4
-1.549, 9.228e-4
-1.550, 9.258e-4
-1.551, 9.311e-4
-1.552, 9.377e-4
-1.553, 9.448e-4
-1.554, 9.491e-4
-1.555, 9.552e-4
-1.556, 9.638e-4
-1.557, 9.655e-4
-1.558, 9.745e-4
-1.559, 9.825e-4
-1.560, 9.876e-4
-1.561, 9.920e-4
-1.562, 9.962e-4
-1.563, 1.001e-3
-1.564, 1.007e-3
-1.565, 1.013e-3
-1.566, 1.021e-3
-1.567, 1.025e-3
-1.568, 1.030e-3
-1.569, 1.037e-3
-1.570, 1.041e-3
-1.571, 1.046e-3
-1.572, 1.059e-3
-1.573, 1.065e-3
-1.574, 1.070e-3
-1.575, 1.074e-3
-1.576, 1.080e-3
-1.577, 1.088e-3
-1.578, 1.097e-3
-1.579, 1.106e-3
-1.580, 1.111e-3
-1.581, 1.114e-3
-1.582, 1.116e-3
-1.583, 1.123e-3
-1.584, 1.135e-3
-1.585, 1.139e-3
-1.586, 1.146e-3
-1.587, 1.150e-3
-1.588, 1.165e-3
-1.589, 1.169e-3
-1.590, 1.176e-3
-1.591, 1.179e-3
-1.592, 1.192e-3
-1.593, 1.200e-3
-1.594, 1.204e-3
-1.595, 1.209e-3
-1.596, 1.211e-3
-1.597, 1.217e-3
-1.598, 1.226e-3
-1.599, 1.235e-3
-1.600, 1.243e-3
-1.601, 1.251e-3
-1.602, 1.255e-3
-1.603, 1.269e-3
-1.604, 1.280e-3
-1.605, 1.281e-3
-1.606, 1.287e-3
-1.607, 1.293e-3
-1.608, 1.307e-3
-1.609, 1.315e-3
-1.610, 1.322e-3
-1.611, 1.329e-3
-1.612, 1.337e-3
-1.613, 1.342e-3
-1.614, 1.347e-3
-1.615, 1.353e-3
-1.616, 1.359e-3
-1.617, 1.368e-3
-1.618, 1.375e-3
-1.619, 1.383e-3
-1.620, 1.388e-3
-1.621, 1.401e-3
-1.622, 1.416e-3
-1.623, 1.432e-3
-1.624, 1.435e-3
-1.625, 1.442e-3
-1.626, 1.448e-3
-1.627, 1.453e-3
-1.628, 1.469e-3
-1.629, 1.478e-3
-1.630, 1.484e-3
-1.631, 1.495e-3
-1.632, 1.503e-3
-1.633, 1.510e-3
-1.634, 1.518e-3
-1.635, 1.529e-3
-1.636, 1.540e-3
-1.637, 1.549e-3
-1.638, 1.552e-3
-1.639, 1.563e-3
-1.640, 1.575e-3
-1.641, 1.595e-3
-1.642, 1.605e-3
-1.643, 1.600e-3
-1.644, 1.606e-3
-1.645, 1.614e-3
-1.646, 1.630e-3
-1.647, 1.641e-3
-1.648, 1.649e-3
-1.649, 1.659e-3
-1.650, 1.671e-3
-1.651, 1.681e-3
-1.652, 1.693e-3
-1.653, 1.705e-3
-1.654, 1.712e-3
-1.655, 1.713e-3
-1.656, 1.715e-3
-1.657, 1.732e-3
-1.658, 1.751e-3
-1.659, 1.750e-3
-1.660, 1.760e-3
-1.661, 1.772e-3
-1.662, 1.780e-3
-1.663, 1.792e-3
-1.664, 1.805e-3
-1.665, 1.819e-3
-1.666, 1.832e-3
-1.667, 1.840e-3
-1.668, 1.843e-3
-1.669, 1.854e-3
-1.670, 1.865e-3
-1.671, 1.877e-3
-1.672, 1.889e-3
-1.673, 1.901e-3
-1.674, 1.910e-3
-1.675, 1.922e-3
-1.676, 1.941e-3
-1.677, 1.955e-3
-1.678, 1.966e-3
-1.679, 1.984e-3
-1.680, 1.994e-3
-1.681, 2.008e-3
-1.682, 2.014e-3
-1.683, 2.027e-3
-1.684, 2.036e-3
-1.685, 2.044e-3
-1.686, 2.059e-3
-1.687, 2.066e-3
-1.688, 2.079e-3
-1.689, 2.093e-3
-1.690, 2.105e-3
-1.691, 2.115e-3
-1.692, 2.131e-3
-1.693, 2.151e-3
-1.694, 2.159e-3
-1.695, 2.161e-3
-1.696, 2.162e-3
-1.697, 2.179e-3
-1.698, 2.185e-3
-1.699, 2.192e-3
-1.700, 2.192e-3
-1.699, 2.185e-3
-1.698, 2.176e-3
-1.697, 2.164e-3
-1.696, 2.149e-3
-1.695, 2.128e-3
-1.694, 2.109e-3
-1.693, 2.094e-3
-1.692, 2.078e-3
-1.691, 2.064e-3
-1.690, 2.049e-3
-1.689, 2.037e-3
-1.688, 2.038e-3
-1.687, 2.022e-3
-1.686, 2.000e-3
-1.685, 1.982e-3
-1.684, 1.970e-3
-1.683, 1.949e-3
-1.682, 1.928e-3
-1.681, 1.910e-3
-1.680, 1.895e-3
-1.679, 1.881e-3
-1.678, 1.870e-3
-1.677, 1.854e-3
-1.676, 1.840e-3
-1.675, 1.827e-3
-1.674, 1.811e-3
-1.673, 1.800e-3
-1.672, 1.783e-3
-1.671, 1.771e-3
-1.670, 1.765e-3
-1.669, 1.754e-3
-1.668, 1.745e-3
-1.667, 1.737e-3
-1.666, 1.728e-3
-1.665, 1.713e-3
-1.664, 1.699e-3
-1.663, 1.686e-3
-1.662, 1.668e-3
-1.661, 1.657e-3
-1.660, 1.654e-3
-1.659, 1.643e-3
-1.658, 1.638e-3
-1.657, 1.628e-3
-1.656, 1.612e-3
-1.655, 1.595e-3
-1.654, 1.581e-3
-1.653, 1.574e-3
-1.652, 1.570e-3
-1.651, 1.557e-3
-1.650, 1.532e-3
-1.649, 1.522e-3
-1.648, 1.509e-3
-1.647, 1.485e-3
-1.646, 1.472e-3
-1.645, 1.469e-3
-1.644, 1.463e-3
-1.643, 1.460e-3
-1.642, 1.448e-3
-1.641, 1.439e-3
-1.640, 1.419e-3
-1.639, 1.405e-3
-1.638, 1.394e-3
-1.637, 1.381e-3
-1.636, 1.372e-3
-1.635, 1.363e-3
-1.634, 1.349e-3
-1.633, 1.336e-3
-1.632, 1.323e-3
-1.631, 1.310e-3
-1.630, 1.299e-3
-1.629, 1.287e-3
-1.628, 1.282e-3
-1.627, 1.270e-3
-1.626, 1.262e-3
-1.625, 1.253e-3
-1.624, 1.245e-3
-1.623, 1.238e-3
-1.622, 1.228e-3
-1.621, 1.213e-3
-1.620, 1.202e-3
-1.619, 1.198e-3
-1.618, 1.193e-3
-1.617, 1.181e-3
-1.616, 1.173e-3
-1.615, 1.163e-3
-1.614, 1.158e-3
-1.613, 1.156e-3
-1.612, 1.148e-3
-1.611, 1.136e-3
-1.610, 1.128e-3
-1.609, 1.121e-3
-1.608, 1.119e-3
-1.607, 1.109e-3
-1.606, 1.101e-3
-1.605, 1.093e-3
-1.604, 1.079e-3
-1.603, 1.068e-3
-1.602, 1.060e-3
-1.601, 1.056e-3
-1.600, 1.045e-3
-1.599, 1.038e-3
-1.598, 1.031e-3
-1.597, 1.020e-3
-1.596, 1.015e-3
-1.595, 1.009e-3
-1.594, 9.969e-4
-1.593, 9.824e-4
-1.592, 9.784e-4
-1.591, 9.694e-4
-1.590, 9.618e-4
-1.589, 9.569e-4
-1.588, 9.501e-4
-1.587, 9.422e-4
-1.586, 9.324e-4
-1.585, 9.257e-4
-1.584, 9.179e-4
-1.583, 9.131e-4
-1.582, 9.059e-4
-1.581, 8.993e-4
-1.580, 8.911e-4
-1.579, 8.809e-4
-1.578, 8.714e-4
-1.577, 8.667e-4
-1.576, 8.596e-4
-1.575, 8.534e-4
-1.574, 8.478e-4
-1.573, 8.451e-4
-1.572, 8.357e-4
-1.571, 8.324e-4
-1.570, 8.319e-4
-1.569, 8.183e-4
-1.568, 8.096e-4
-1.567, 8.053e-4
-1.566, 7.979e-4
-1.565, 7.910e-4
-1.564, 7.844e-4
-1.563, 7.808e-4
-1.562, 7.687e-4
-1.561, 7.625e-4
-1.560, 7.639e-4
-1.559, 7.570e-4
-1.558, 7.507e-4
-1.557, 7.468e-4
-1.556, 7.383e-4
-1.555, 7.291e-4
-1.554, 7.209e-4
-1.553, 7.166e-4
-1.552, 7.145e-4
-1.551, 7.124e-4
-1.550, 7.123e-4
-1.549, 7.095e-4
-1.548, 7.048e-4
-1.547, 6.998e-4
-1.546, 6.956e-4
-1.545, 6.844e-4
-1.544, 6.807e-4
-1.543, 6.737e-4
-1.542, 6.690e-4
-1.541, 6.609e-4
-1.540, 6.547e-4
-1.539, 6.514e-4
-1.538, 6.486e-4
-1.537, 6.417e-4
-1.536, 6.346e-4
-1.535, 6.287e-4
-1.534, 6.258e-4
-1.533, 6.212e-4
-1.532, 6.171e-4
-1.531, 6.129e-4
-1.530, 6.108e-4
-1.529, 6.024e-4
-1.528, 5.989e-4
-1.527, 6.008e-4
-1.526, 5.957e-4
-1.525, 5.933e-4
-1.524, 5.863e-4
-1.523, 5.793e-4
-1.522, 5.761e-4
-1.521, 5.751e-4
-1.520, 5.720e-4
-1.519, 5.645e-4
-1.518, 5.607e-4
-1.517, 5.581e-4
-1.516, 5.540e-4
-1.515, 5.510e-4
-1.514, 5.456e-4
-1.513, 5.402e-4
-1.512, 5.355e-4
-1.511, 5.296e-4
-1.510, 5.258e-4
-1.509, 5.238e-4
-1.508, 5.188e-4
-1.507, 5.135e-4
-1.506, 5.085e-4
-1.505, 5.043e-4
-1.504, 4.999e-4
-1.503, 4.950e-4
-1.502, 4.915e-4
-1.501, 4.878e-4
-1.500, 4.838e-4
-1.499, 4.811e-4
-1.498, 4.769e-4
-1.497, 4.733e-4
-1.496, 4.698e-4
-1.495, 4.653e-4
-1.494, 4.611e-4
-1.493, 4.594e-4
-1.492, 4.556e-4
-1.491, 4.508e-4
-1.490, 4.456e-4
-1.489, 4.430e-4
-1.488, 4.391e-4
-1.487, 4.385e-4
-1.486, 4.332e-4
-1.485, 4.272e-4
-1.484, 4.221e-4
-1.483, 4.192e-4
-1.482, 4.158e-4
-1.481, 4.132e-4
-1.480, 4.093e-4
-1.479, 4.060e-4
-1.478, 4.033e-4
-1.477, 3.981e-4
-1.476, 3.953e-4
-1.475, 3.930e-4
-1.474, 3.914e-4
-1.473, 3.894e-4
-1.472, 3.859e-4
-1.471, 3.827e-4
-1.470, 3.793e-4
-1.469, 3.759e-4
-1.468, 3.728e-4
-1.467, 3.688e-4
-1.466, 3.644e-4
-1.465, 3.613e-4
-1.464, 3.589e-4
-1.463, 3.561e-4
-1.462, 3.517e-4
-1.461, 3.498e-4
-1.460, 3.483e-4
-1.459, 3.447e-4
-1.458, 3.421e-4
-1.457, 3.402e-4
-1.456, 3.368e-4
-1.455, 3.325e-4
-1.454, 3.302e-4
-1.453, 3.257e-4
-1.452, 3.213e-4
-1.451, 3.190e-4
-1.450, 3.162e-4
-1.449, 3.148e-4
-1.448, 3.130e-4
-1.447, 3.078e-4
-1.446, 3.045e-4
-1.445, 3.025e-4
-1.444, 3.013e-4
-1.443, 2.977e-4
-1.442, 2.947e-4
-1.441, 2.916e-4
-1.440, 2.904e-4
-1.439, 2.873e-4
-1.438, 2.829e-4
-1.437, 2.816e-4
-1.436, 2.790e-4
-1.435, 2.764e-4
-1.434, 2.730e-4
-1.433, 2.700e-4
-1.432, 2.666e-4
-1.431, 2.635e-4
-1.430, 2.616e-4
-1.429, 2.593e-4
-1.428, 2.572e-4
-1.427, 2.546e-4
-1.426, 2.513e-4
-1.425, 2.493e-4
-1.424, 2.468e-4
-1.423, 2.430e-4
-1.422, 2.399e-4
-1.421, 2.389e-4
-1.420, 2.357e-4
-1.419, 2.324e-4
-1.418, 2.300e-4
-1.417, 2.280e-4
-1.416, 2.263e-4
-1.415, 2.247e-4
-1.414, 2.225e-4
-1.413, 2.208e-4
-1.412, 2.179e-4
-1.411, 2.157e-4
-1.410, 2.137e-4
-1.409, 2.110e-4
-1.408, 2.088e-4
-1.407, 2.060e-4
-1.406, 2.035e-4
-1.405, 2.020e-4
-1.404, 1.999e-4
-1.403, 1.974e-4
-1.402, 1.952e-4
-1.401, 1.930e-4
-1.400, 1.905e-4
-1.399, 1.890e-4
-1.398, 1.895e-4
-1.397, 1.873e-4
-1.396, 1.844e-4
-1.395, 1.822e-4
-1.394, 1.802e-4
-1.393, 1.781e-4
-1.392, 1.760e-4
-1.391, 1.737e-4
-1.390, 1.705e-4
-1.389, 1.686e-4
-1.388, 1.671e-4
-1.387, 1.653e-4
-1.386, 1.633e-4
-1.385, 1.603e-4
-1.384, 1.581e-4
-1.383, 1.568e-4
-1.382, 1.546e-4
-1.381, 1.528e-4
-1.380, 1.509e-4
-1.379, 1.489e-4
-1.378, 1.469e-4
-1.377, 1.450e-4
-1.376, 1.432e-4
-1.375, 1.419e-4
-1.374, 1.401e-4
-1.373, 1.382e-4
-1.372, 1.367e-4
-1.371, 1.343e-4
-1.370, 1.326e-4
-1.369, 1.297e-4
-1.368, 1.282e-4
-1.367, 1.268e-4
-1.366, 1.253e-4
-1.365, 1.234e-4
-1.364, 1.213e-4
-1.363, 1.198e-4
-1.362, 1.181e-4
-1.361, 1.164e-4
-1.360, 1.139e-4
-1.359, 1.124e-4
-1.358, 1.111e-4
-1.357, 1.102e-4
-1.356, 1.082e-4
-1.355, 1.065e-4
-1.354, 1.046e-4
-1.353, 1.031e-4
-1.352, 1.016e-4
-1.351, 1.002e-4
-1.350, 9.904e-5
-1.349, 9.681e-5
-1.348, 9.529e-5
-1.347, 9.390e-5
-1.346, 9.239e-5
-1.345, 9.101e-5
-1.344, 8.949e-5
-1.343, 8.801e-5
-1.342, 8.674e-5
-1.341, 8.568e-5
-1.340, 8.436e-5
-1.339, 8.277e-5
-1.338, 8.090e-5
-1.337, 7.948e-5
-1.336, 7.851e-5
-1.335, 7.736e-5
-1.334, 7.573e-5
-1.333, 7.395e-5
-1.332, 7.309e-5
-1.331, 7.162e-5
-1.330, 7.016e-5
-1.329, 6.880e-5
-1.328, 6.765e-5
-1.327, 6.657e-5
-1.326, 6.481e-5
-1.325, 6.378e-5
-1.324, 6.300e-5
-1.323, 6.227e-5
-1.322, 6.020e-5
-1.321, 5.897e-5
-1.320, 5.782e-5
-1.319, 5.656e-5
-1.318, 5.581e-5
-1.317, 5.461e-5
-1.316, 5.327e-5
-1.315, 5.214e-5
-1.314, 5.111e-5
-1.313, 5.006e-5
-1.312, 4.893e-5
-1.311, 4.753e-5
-1.310, 4.646e-5
-1.309, 4.526e-5
-1.308, 4.430e-5
-1.307, 4.321e-5
-1.306, 4.213e-5
-1.305, 4.117e-5
-1.304, 4.006e-5
-1.303, 3.902e-5
-1.302, 3.826e-5
-1.301, 3.719e-5
-1.300, 3.599e-5
-1.299, 3.482e-5
-1.298, 3.406e-5
-1.297, 3.322e-5
-1.296, 3.242e-5
-1.295, 3.162e-5
-1.294, 3.059e-5
-1.293, 2.959e-5
-1.292, 2.871e-5
-1.291, 2.787e-5
-1.290, 2.704e-5
-1.289, 2.635e-5
-1.288, 2.527e-5
-1.287, 2.455e-5
-1.286, 2.399e-5
-1.285, 2.349e-5
-1.284, 2.250e-5
-1.283, 2.167e-5
-1.282, 2.100e-5
-1.281, 2.022e-5
-1.280, 1.935e-5
-1.279, 1.865e-5
-1.278, 1.783e-5
-1.277, 1.702e-5
-1.276, 1.627e-5
-1.275, 1.568e-5
-1.274, 1.541e-5
-1.273, 1.461e-5
-1.272, 1.424e-5
-1.271, 1.351e-5
-1.270, 1.276e-5
-1.269, 1.206e-5
-1.268, 1.141e-5
-1.267, 1.072e-5
-1.266, 1.004e-5
-1.265, 9.361e-6
-1.264, 8.899e-6
-1.263, 8.277e-6
-1.262, 7.709e-6
-1.261, 7.150e-6
-1.260, 6.572e-6
-1.259, 6.055e-6
-1.258, 5.541e-6
-1.257, 4.996e-6
-1.256, 4.541e-6
-1.255, 3.989e-6
-1.254, 3.448e-6
-1.253, 2.992e-6
-1.252, 2.465e-6
-1.251, 2.030e-6
-1.250, 1.558e-6
-1.249, 1.047e-6
-1.248, 6.707e-7
-1.247, 2.080e-7
-1.246, -2.212e-7
-1.245, -6.050e-7
-1.244, -1.060e-6
-1.243, -1.478e-6
-1.242, -1.895e-6
-1.241, -2.324e-6
-1.240, -2.668e-6
-1.239, -3.071e-6
-1.238, -3.516e-6
-1.237, -3.869e-6
-1.236, -4.324e-6
-1.235, -4.709e-6
-1.234, -5.028e-6
-1.233, -5.408e-6
-1.232, -5.693e-6
-1.231, -5.994e-6
-1.230, -6.374e-6
-1.229, -6.808e-6
-1.228, -7.070e-6
-1.227, -7.356e-6
-1.226, -7.607e-6
-1.225, -7.948e-6
-1.224, -8.161e-6
-1.223, -8.470e-6
-1.222, -8.761e-6
-1.221, -9.008e-6
-1.220, -9.320e-6
-1.219, -9.537e-6
-1.218, -9.825e-6
-1.217, -1.009e-5
-1.216, -1.031e-5
-1.215, -1.059e-5
-1.214, -1.084e-5
-1.213, -1.106e-5
-1.212, -1.134e-5
-1.211, -1.150e-5
-1.210, -1.168e-5
-1.209, -1.195e-5
-1.208, -1.213e-5
-1.207, -1.235e-5
-1.206, -1.251e-5
-1.205, -1.268e-5
-1.204, -1.292e-5
-1.203, -1.318e-5
-1.202, -1.337e-5
-1.201, -1.357e-5
-1.200, -1.372e-5
-1.199, -1.397e-5
-1.198, -1.418e-5
-1.197, -1.427e-5
-1.196, -1.441e-5
-1.195, -1.459e-5
-1.194, -1.474e-5
-1.193, -1.490e-5
-1.192, -1.503e-5
-1.191, -1.517e-5
-1.190, -1.549e-5
-1.189, -1.570e-5
-1.188, -1.579e-5
-1.187, -1.598e-5
-1.186, -1.605e-5
-1.185, -1.622e-5
-1.184, -1.632e-5
-1.183, -1.646e-5
-1.182, -1.666e-5
-1.181, -1.675e-5
-1.180, -1.688e-5
-1.179, -1.696e-5
-1.178, -1.710e-5
-1.177, -1.725e-5
-1.176, -1.729e-5
-1.175, -1.740e-5
-1.174, -1.755e-5
-1.173, -1.769e-5
-1.172, -1.780e-5
-1.171, -1.799e-5
-1.170, -1.812e-5
-1.169, -1.814e-5
-1.168, -1.823e-5
-1.167, -1.837e-5
-1.166, -1.856e-5
-1.165, -1.863e-5
-1.164, -1.875e-5
-1.163, -1.891e-5
-1.162, -1.906e-5
-1.161, -1.915e-5
-1.160, -1.917e-5
-1.159, -1.935e-5
-1.158, -1.939e-5
-1.157, -1.950e-5
-1.156, -1.968e-5
-1.155, -1.976e-5
-1.154, -1.983e-5
-1.153, -1.999e-5
-1.152, -2.004e-5
-1.151, -2.006e-5
-1.150, -2.035e-5
-1.149, -2.035e-5
-1.148, -2.038e-5
-1.147, -2.050e-5
-1.146, -2.052e-5
-1.145, -2.089e-5
-1.144, -2.104e-5
-1.143, -2.112e-5
-1.142, -2.119e-5
-1.141, -2.128e-5
-1.140, -2.140e-5
-1.139, -2.149e-5
-1.138, -2.171e-5
-1.137, -2.177e-5
-1.136, -2.187e-5
-1.135, -2.201e-5
-1.134, -2.216e-5
-1.133, -2.211e-5
-1.132, -2.219e-5
-1.131, -2.231e-5
-1.130, -2.254e-5
-1.129, -2.259e-5
-1.128, -2.266e-5
-1.127, -2.284e-5
-1.126, -2.310e-5
-1.125, -2.323e-5
-1.124, -2.340e-5
-1.123, -2.353e-5
-1.122, -2.349e-5
-1.121, -2.361e-5
-1.120, -2.378e-5
-1.119, -2.402e-5
-1.118, -2.419e-5
-1.117, -2.428e-5
-1.116, -2.442e-5
-1.115, -2.461e-5
-1.114, -2.472e-5
-1.113, -2.490e-5
-1.112, -2.502e-5
-1.111, -2.508e-5
-1.110, -2.532e-5
-1.109, -2.547e-5
-1.108, -2.572e-5
-1.107, -2.586e-5
-1.106, -2.599e-5
-1.105, -2.613e-5
-1.104, -2.625e-5
-1.103, -2.639e-5
-1.102, -2.663e-5
-1.101, -2.677e-5
-1.100, -2.707e-5
-1.099, -2.729e-5
-1.098, -2.753e-5
-1.097, -2.773e-5
-1.096, -2.780e-5
-1.095, -2.817e-5
-1.094, -2.836e-5
-1.093, -2.841e-5
-1.092, -2.871e-5
-1.091, -2.896e-5
-1.090, -2.912e-5
-1.089, -2.931e-5
-1.088, -2.949e-5
-1.087, -2.974e-5
-1.086, -3.004e-5
-1.085, -3.034e-5
-1.084, -3.056e-5
-1.083, -3.079e-5
-1.082, -3.098e-5
-1.081, -3.124e-5
-1.080, -3.152e-5
-1.079, -3.183e-5
-1.078, -3.210e-5
-1.077, -3.230e-5
-1.076, -3.280e-5
-1.075, -3.311e-5
-1.074, -3.332e-5
-1.073, -3.355e-5
-1.072, -3.381e-5
-1.071, -3.412e-5
-1.070, -3.447e-5
-1.069, -3.468e-5
-1.068, -3.506e-5
-1.067, -3.551e-5
-1.066, -3.596e-5
-1.065, -3.651e-5
-1.064, -3.700e-5
-1.063, -3.709e-5
-1.062, -3.728e-5
-1.061, -3.759e-5
-1.060, -3.790e-5
-1.059, -3.832e-5
-1.058, -3.869e-5
-1.057, -3.923e-5
-1.056, -3.965e-5
-1.055, -3.982e-5
-1.054, -4.025e-5
-1.053, -4.062e-5
-1.052, -4.107e-5
-1.051, -4.150e-5
-1.050, -4.204e-5
-1.049, -4.256e-5
-1.048, -4.294e-5
-1.047, -4.362e-5
-1.046, -4.432e-5
-1.045, -4.461e-5
-1.044, -4.495e-5
-1.043, -4.535e-5
-1.042, -4.608e-5
-1.041, -4.659e-5
-1.040, -4.714e-5
-1.039, -4.768e-5
-1.038, -4.814e-5
-1.037, -4.866e-5
-1.036, -4.923e-5
-1.035, -4.976e-5
-1.034, -5.034e-5
-1.033, -5.097e-5
-1.032, -5.150e-5
-1.031, -5.195e-5
-1.030, -5.263e-5
-1.029, -5.320e-5
-1.028, -5.376e-5
-1.027, -5.434e-5
-1.026, -5.509e-5
-1.025, -5.552e-5
-1.024, -5.608e-5
-1.023, -5.679e-5
-1.022, -5.767e-5
-1.021, -5.845e-5
-1.020, -5.885e-5
-1.019, -5.940e-5
-1.018, -6.003e-5
-1.017, -6.088e-5
-1.016, -6.156e-5
-1.015, -6.212e-5
-1.014, -6.265e-5
-1.013, -6.318e-5
-1.012, -6.387e-5
-1.011, -6.446e-5
-1.010, -6.501e-5
-1.009, -6.579e-5
-1.008, -6.648e-5
-1.007, -6.702e-5
-1.006, -6.754e-5
-1.005, -6.822e-5
-1.004, -6.892e-5
-1.003, -6.942e-5
-1.002, -6.999e-5
-1.001, -7.058e-5
