June 27, 2026   17:46:59
Cyclic Voltammetry
File: c:/users/guazh/data/20260623_doe_duplica2/2026-06-24-exp25\exp25-2026-06-27t17_29_28-arkoh\exp25_cv_sr_900mvs_efin_-1800mv.bin
Data Source:  Experiment
Instrument Model:  CHI760E
Header: CV ran at 900 mVs
Note: 

Init E (V) = -1
High E (V) = -1
Low E (V) = -1.8
Final E (V) = -1
Init P/N = N
Scan Rate (V/s) = 0.9
Segment = 3
Sample Interval (V) = 0.001
Quiet Time (sec) = 2
Sensitivity (A/V) = 0.01
Comp R (ohm) = 4.7

Results:

Channel 1:
Segment 1:

Segment 2:

Segment 3:

Potential/V, Current/A

-1.000, 1.559e-7
-1.001, 1.559e-7
-1.002, 1.559e-7
-1.003, 1.559e-7
-1.004, 1.559e-7
-1.005, 1.559e-7
-1.006, 1.559e-7
-1.007, 1.559e-7
-1.008, 1.559e-7
-1.009, 1.559e-7
-1.010, 1.559e-7
-1.011, 1.559e-7
-1.012, 1.559e-7
-1.013, 1.559e-7
-1.014, 1.559e-7
-1.015, 1.559e-7
-1.016, 1.559e-7
-1.017, 1.559e-7
-1.018, 1.559e-7
-1.019, 3.239e-6
-1.020, 1.559e-7
-1.021, 3.239e-6
-1.022, 3.239e-6
-1.023, 1.559e-7
-1.024, 3.239e-6
-1.025, 3.239e-6
-1.026, 3.239e-6
-1.027, 3.239e-6
-1.028, 1.559e-7
-1.029, 3.239e-6
-1.030, 1.559e-7
-1.031, 3.239e-6
-1.032, 3.239e-6
-1.033, 3.239e-6
-1.034, 3.239e-6
-1.035, 3.239e-6
-1.036, 3.239e-6
-1.037, 3.239e-6
-1.038, 3.239e-6
-1.039, 3.239e-6
-1.040, 3.239e-6
-1.041, 3.239e-6
-1.042, 3.239e-6
-1.043, 3.239e-6
-1.044, 3.239e-6
-1.045, 3.239e-6
-1.046, 3.239e-6
-1.047, 3.239e-6
-1.048, 3.239e-6
-1.049, 3.239e-6
-1.050, 3.239e-6
-1.051, 3.239e-6
-1.052, 3.239e-6
-1.053, 3.239e-6
-1.054, 3.239e-6
-1.055, 3.239e-6
-1.056, 3.239e-6
-1.057, 3.239e-6
-1.058, 3.239e-6
-1.059, 3.239e-6
-1.060, 3.239e-6
-1.061, 3.239e-6
-1.062, 3.239e-6
-1.063, 3.239e-6
-1.064, 3.239e-6
-1.065, 3.239e-6
-1.066, 3.239e-6
-1.067, 3.239e-6
-1.068, 3.239e-6
-1.069, 3.239e-6
-1.070, 3.239e-6
-1.071, 3.239e-6
-1.072, 3.239e-6
-1.073, 3.239e-6
-1.074, 3.239e-6
-1.075, 3.239e-6
-1.076, 3.239e-6
-1.077, 3.239e-6
-1.078, 3.239e-6
-1.079, 3.239e-6
-1.080, 3.239e-6
-1.081, 3.239e-6
-1.082, 6.322e-6
-1.083, 3.239e-6
-1.084, 3.239e-6
-1.085, 3.239e-6
-1.086, 3.239e-6
-1.087, 3.239e-6
-1.088, 3.239e-6
-1.089, 3.239e-6
-1.090, 3.239e-6
-1.091, 3.239e-6
-1.092, 3.239e-6
-1.093, 3.239e-6
-1.094, 3.239e-6
-1.095, 3.239e-6
-1.096, 3.239e-6
-1.097, 3.239e-6
-1.098, 6.322e-6
-1.099, 3.239e-6
-1.100, 3.239e-6
-1.101, 6.322e-6
-1.102, 6.322e-6
-1.103, 6.322e-6
-1.104, 3.239e-6
-1.105, 3.239e-6
-1.106, 3.239e-6
-1.107, 6.322e-6
-1.108, 6.322e-6
-1.109, 6.322e-6
-1.110, 6.322e-6
-1.111, 3.239e-6
-1.112, 6.322e-6
-1.113, 6.322e-6
-1.114, 3.239e-6
-1.115, 6.322e-6
-1.116, 6.322e-6
-1.117, 6.322e-6
-1.118, 6.322e-6
-1.119, 6.322e-6
-1.120, 6.322e-6
-1.121, 6.322e-6
-1.122, 6.322e-6
-1.123, 3.239e-6
-1.124, 6.322e-6
-1.125, 6.322e-6
-1.126, 6.322e-6
-1.127, 6.322e-6
-1.128, 6.322e-6
-1.129, 6.322e-6
-1.130, 6.322e-6
-1.131, 6.322e-6
-1.132, 6.322e-6
-1.133, 6.322e-6
-1.134, 6.322e-6
-1.135, 6.322e-6
-1.136, 6.322e-6
-1.137, 6.322e-6
-1.138, 6.322e-6
-1.139, 6.322e-6
-1.140, 6.322e-6
-1.141, 6.322e-6
-1.142, 6.322e-6
-1.143, 6.322e-6
-1.144, 6.322e-6
-1.145, 6.322e-6
-1.146, 6.322e-6
-1.147, 9.405e-6
-1.148, 6.322e-6
-1.149, 6.322e-6
-1.150, 6.322e-6
-1.151, 6.322e-6
-1.152, 6.322e-6
-1.153, 6.322e-6
-1.154, 6.322e-6
-1.155, 6.322e-6
-1.156, 6.322e-6
-1.157, 6.322e-6
-1.158, 6.322e-6
-1.159, 9.405e-6
-1.160, 6.322e-6
-1.161, 6.322e-6
-1.162, 6.322e-6
-1.163, 6.322e-6
-1.164, 6.322e-6
-1.165, 6.322e-6
-1.166, 6.322e-6
-1.167, 6.322e-6
-1.168, 6.322e-6
-1.169, 6.322e-6
-1.170, 9.405e-6
-1.171, 6.322e-6
-1.172, 6.322e-6
-1.173, 6.322e-6
-1.174, 6.322e-6
-1.175, 9.405e-6
-1.176, 6.322e-6
-1.177, 9.405e-6
-1.178, 6.322e-6
-1.179, 6.322e-6
-1.180, 6.322e-6
-1.181, 6.322e-6
-1.182, 9.405e-6
-1.183, 9.405e-6
-1.184, 9.405e-6
-1.185, 9.405e-6
-1.186, 6.322e-6
-1.187, 6.322e-6
-1.188, 6.322e-6
-1.189, 9.405e-6
-1.190, 9.405e-6
-1.191, 9.405e-6
-1.192, 9.405e-6
-1.193, 6.322e-6
-1.194, 9.405e-6
-1.195, 9.405e-6
-1.196, 6.322e-6
-1.197, 9.405e-6
-1.198, 9.405e-6
-1.199, 9.405e-6
-1.200, 9.405e-6
-1.201, 9.405e-6
-1.202, 9.405e-6
-1.203, 9.405e-6
-1.204, 9.405e-6
-1.205, 9.405e-6
-1.206, 9.405e-6
-1.207, 9.405e-6
-1.208, 9.405e-6
-1.209, 9.405e-6
-1.210, 9.405e-6
-1.211, 9.405e-6
-1.212, 9.405e-6
-1.213, 9.405e-6
-1.214, 9.405e-6
-1.215, 9.405e-6
-1.216, 9.405e-6
-1.217, 9.405e-6
-1.218, 9.405e-6
-1.219, 9.405e-6
-1.220, 9.405e-6
-1.221, 9.405e-6
-1.222, 9.405e-6
-1.223, 9.405e-6
-1.224, 9.405e-6
-1.225, 9.405e-6
-1.226, 9.405e-6
-1.227, 9.405e-6
-1.228, 9.405e-6
-1.229, 1.249e-5
-1.230, 9.405e-6
-1.231, 9.405e-6
-1.232, 9.405e-6
-1.233, 9.405e-6
-1.234, 9.405e-6
-1.235, 9.405e-6
-1.236, 9.405e-6
-1.237, 9.405e-6
-1.238, 9.405e-6
-1.239, 9.405e-6
-1.240, 9.405e-6
-1.241, 9.405e-6
-1.242, 9.405e-6
-1.243, 9.405e-6
-1.244, 9.405e-6
-1.245, 9.405e-6
-1.246, 9.405e-6
-1.247, 9.405e-6
-1.248, 9.405e-6
-1.249, 1.249e-5
-1.250, 9.405e-6
-1.251, 9.405e-6
-1.252, 9.405e-6
-1.253, 9.405e-6
-1.254, 9.405e-6
-1.255, 9.405e-6
-1.256, 9.405e-6
-1.257, 9.405e-6
-1.258, 9.405e-6
-1.259, 1.249e-5
-1.260, 1.249e-5
-1.261, 1.249e-5
-1.262, 1.249e-5
-1.263, 1.249e-5
-1.264, 9.405e-6
-1.265, 9.405e-6
-1.266, 1.249e-5
-1.267, 9.405e-6
-1.268, 1.249e-5
-1.269, 9.405e-6
-1.270, 1.249e-5
-1.271, 9.405e-6
-1.272, 9.405e-6
-1.273, 9.405e-6
-1.274, 1.249e-5
-1.275, 1.249e-5
-1.276, 9.405e-6
-1.277, 1.249e-5
-1.278, 9.405e-6
-1.279, 1.249e-5
-1.280, 1.249e-5
-1.281, 1.249e-5
-1.282, 1.249e-5
-1.283, 1.249e-5
-1.284, 1.249e-5
-1.285, 1.249e-5
-1.286, 1.249e-5
-1.287, 1.249e-5
-1.288, 1.249e-5
-1.289, 1.249e-5
-1.290, 1.249e-5
-1.291, 1.249e-5
-1.292, 1.249e-5
-1.293, 1.249e-5
-1.294, 1.249e-5
-1.295, 1.249e-5
-1.296, 1.249e-5
-1.297, 1.249e-5
-1.298, 1.249e-5
-1.299, 1.249e-5
-1.300, 1.249e-5
-1.301, 1.249e-5
-1.302, 1.249e-5
-1.303, 1.249e-5
-1.304, 1.249e-5
-1.305, 1.249e-5
-1.306, 1.249e-5
-1.307, 1.249e-5
-1.308, 1.249e-5
-1.309, 1.249e-5
-1.310, 1.249e-5
-1.311, 1.249e-5
-1.312, 1.249e-5
-1.313, 1.249e-5
-1.314, 1.249e-5
-1.315, 1.249e-5
-1.316, 1.249e-5
-1.317, 1.249e-5
-1.318, 1.249e-5
-1.319, 1.557e-5
-1.320, 1.249e-5
-1.321, 1.249e-5
-1.322, 1.249e-5
-1.323, 1.249e-5
-1.324, 1.249e-5
-1.325, 1.249e-5
-1.326, 1.557e-5
-1.327, 1.249e-5
-1.328, 1.249e-5
-1.329, 1.249e-5
-1.330, 1.249e-5
-1.331, 1.249e-5
-1.332, 1.249e-5
-1.333, 1.249e-5
-1.334, 1.249e-5
-1.335, 1.557e-5
-1.336, 1.249e-5
-1.337, 1.249e-5
-1.338, 1.249e-5
-1.339, 1.249e-5
-1.340, 1.557e-5
-1.341, 1.557e-5
-1.342, 1.557e-5
-1.343, 1.249e-5
-1.344, 1.249e-5
-1.345, 1.557e-5
-1.346, 1.249e-5
-1.347, 1.557e-5
-1.348, 1.557e-5
-1.349, 1.557e-5
-1.350, 1.557e-5
-1.351, 1.557e-5
-1.352, 1.557e-5
-1.353, 1.557e-5
-1.354, 1.557e-5
-1.355, 1.557e-5
-1.356, 1.557e-5
-1.357, 1.557e-5
-1.358, 1.557e-5
-1.359, 1.557e-5
-1.360, 1.557e-5
-1.361, 1.557e-5
-1.362, 1.557e-5
-1.363, 1.557e-5
-1.364, 1.557e-5
-1.365, 1.557e-5
-1.366, 1.557e-5
-1.367, 1.557e-5
-1.368, 1.557e-5
-1.369, 1.557e-5
-1.370, 1.557e-5
-1.371, 1.557e-5
-1.372, 1.557e-5
-1.373, 1.557e-5
-1.374, 1.557e-5
-1.375, 1.557e-5
-1.376, 1.557e-5
-1.377, 1.557e-5
-1.378, 1.557e-5
-1.379, 1.557e-5
-1.380, 1.557e-5
-1.381, 1.865e-5
-1.382, 1.557e-5
-1.383, 1.557e-5
-1.384, 1.865e-5
-1.385, 1.557e-5
-1.386, 1.865e-5
-1.387, 1.865e-5
-1.388, 1.557e-5
-1.389, 1.557e-5
-1.390, 1.557e-5
-1.391, 1.865e-5
-1.392, 1.865e-5
-1.393, 1.865e-5
-1.394, 1.865e-5
-1.395, 1.865e-5
-1.396, 1.865e-5
-1.397, 1.865e-5
-1.398, 1.557e-5
-1.399, 1.865e-5
-1.400, 1.865e-5
-1.401, 1.865e-5
-1.402, 1.865e-5
-1.403, 1.865e-5
-1.404, 1.557e-5
-1.405, 1.865e-5
-1.406, 1.865e-5
-1.407, 1.865e-5
-1.408, 1.865e-5
-1.409, 1.865e-5
-1.410, 1.865e-5
-1.411, 1.865e-5
-1.412, 1.865e-5
-1.413, 1.865e-5
-1.414, 1.865e-5
-1.415, 1.865e-5
-1.416, 1.865e-5
-1.417, 1.865e-5
-1.418, 1.865e-5
-1.419, 1.865e-5
-1.420, 1.865e-5
-1.421, 1.865e-5
-1.422, 1.865e-5
-1.423, 1.865e-5
-1.424, 1.865e-5
-1.425, 1.865e-5
-1.426, 1.865e-5
-1.427, 1.865e-5
-1.428, 1.865e-5
-1.429, 1.865e-5
-1.430, 2.174e-5
-1.431, 1.865e-5
-1.432, 2.174e-5
-1.433, 1.865e-5
-1.434, 1.865e-5
-1.435, 2.174e-5
-1.436, 1.865e-5
-1.437, 2.174e-5
-1.438, 1.865e-5
-1.439, 2.174e-5
-1.440, 1.865e-5
-1.441, 1.865e-5
-1.442, 2.174e-5
-1.443, 1.865e-5
-1.444, 2.174e-5
-1.445, 2.174e-5
-1.446, 2.174e-5
-1.447, 2.174e-5
-1.448, 1.865e-5
-1.449, 2.174e-5
-1.450, 2.174e-5
-1.451, 2.174e-5
-1.452, 2.174e-5
-1.453, 2.174e-5
-1.454, 2.174e-5
-1.455, 2.174e-5
-1.456, 2.174e-5
-1.457, 2.174e-5
-1.458, 2.174e-5
-1.459, 2.174e-5
-1.460, 2.174e-5
-1.461, 2.174e-5
-1.462, 2.174e-5
-1.463, 2.174e-5
-1.464, 2.174e-5
-1.465, 2.174e-5
-1.466, 2.174e-5
-1.467, 2.174e-5
-1.468, 2.174e-5
-1.469, 2.174e-5
-1.470, 2.174e-5
-1.471, 2.174e-5
-1.472, 2.174e-5
-1.473, 2.174e-5
-1.474, 2.482e-5
-1.475, 2.174e-5
-1.476, 2.174e-5
-1.477, 2.174e-5
-1.478, 2.174e-5
-1.479, 2.174e-5
-1.480, 2.482e-5
-1.481, 2.174e-5
-1.482, 2.482e-5
-1.483, 2.174e-5
-1.484, 2.482e-5
-1.485, 2.482e-5
-1.486, 2.482e-5
-1.487, 2.482e-5
-1.488, 2.482e-5
-1.489, 2.482e-5
-1.490, 2.482e-5
-1.491, 2.482e-5
-1.492, 2.482e-5
-1.493, 2.482e-5
-1.494, 2.482e-5
-1.495, 2.482e-5
-1.496, 2.482e-5
-1.497, 2.482e-5
-1.498, 2.482e-5
-1.499, 2.482e-5
-1.500, 2.482e-5
-1.501, 2.482e-5
-1.502, 2.482e-5
-1.503, 2.482e-5
-1.504, 2.482e-5
-1.505, 2.482e-5
-1.506, 2.482e-5
-1.507, 2.482e-5
-1.508, 2.482e-5
-1.509, 2.790e-5
-1.510, 2.482e-5
-1.511, 2.790e-5
-1.512, 2.790e-5
-1.513, 2.482e-5
-1.514, 2.790e-5
-1.515, 2.790e-5
-1.516, 2.790e-5
-1.517, 2.790e-5
-1.518, 2.790e-5
-1.519, 2.790e-5
-1.520, 2.790e-5
-1.521, 2.790e-5
-1.522, 2.790e-5
-1.523, 2.790e-5
-1.524, 2.790e-5
-1.525, 2.790e-5
-1.526, 2.790e-5
-1.527, 3.099e-5
-1.528, 3.099e-5
-1.529, 3.099e-5
-1.530, 3.099e-5
-1.531, 3.099e-5
-1.532, 3.099e-5
-1.533, 2.790e-5
-1.534, 3.099e-5
-1.535, 3.099e-5
-1.536, 3.099e-5
-1.537, 3.099e-5
-1.538, 3.099e-5
-1.539, 3.099e-5
-1.540, 3.099e-5
-1.541, 3.099e-5
-1.542, 3.099e-5
-1.543, 3.099e-5
-1.544, 3.407e-5
-1.545, 3.099e-5
-1.546, 3.407e-5
-1.547, 3.407e-5
-1.548, 3.407e-5
-1.549, 3.407e-5
-1.550, 3.407e-5
-1.551, 3.407e-5
-1.552, 3.407e-5
-1.553, 3.407e-5
-1.554, 3.407e-5
-1.555, 3.715e-5
-1.556, 3.715e-5
-1.557, 3.407e-5
-1.558, 3.407e-5
-1.559, 3.715e-5
-1.560, 3.715e-5
-1.561, 3.715e-5
-1.562, 3.715e-5
-1.563, 3.715e-5
-1.564, 3.715e-5
-1.565, 3.715e-5
-1.566, 3.715e-5
-1.567, 3.715e-5
-1.568, 4.024e-5
-1.569, 3.715e-5
-1.570, 4.024e-5
-1.571, 4.024e-5
-1.572, 4.024e-5
-1.573, 4.024e-5
-1.574, 4.024e-5
-1.575, 4.024e-5
-1.576, 4.024e-5
-1.577, 4.024e-5
-1.578, 4.024e-5
-1.579, 4.332e-5
-1.580, 4.332e-5
-1.581, 4.332e-5
-1.582, 4.332e-5
-1.583, 4.332e-5
-1.584, 4.332e-5
-1.585, 4.332e-5
-1.586, 4.640e-5
-1.587, 4.332e-5
-1.588, 4.640e-5
-1.589, 4.640e-5
-1.590, 4.640e-5
-1.591, 4.640e-5
-1.592, 4.640e-5
-1.593, 4.640e-5
-1.594, 4.949e-5
-1.595, 4.949e-5
-1.596, 4.949e-5
-1.597, 4.949e-5
-1.598, 4.949e-5
-1.599, 4.949e-5
-1.600, 5.257e-5
-1.601, 5.257e-5
-1.602, 5.257e-5
-1.603, 5.257e-5
-1.604, 5.257e-5
-1.605, 5.257e-5
-1.606, 5.257e-5
-1.607, 5.565e-5
-1.608, 5.565e-5
-1.609, 5.565e-5
-1.610, 5.565e-5
-1.611, 5.565e-5
-1.612, 5.565e-5
-1.613, 5.565e-5
-1.614, 5.873e-5
-1.615, 5.873e-5
-1.616, 5.873e-5
-1.617, 5.873e-5
-1.618, 6.182e-5
-1.619, 6.182e-5
-1.620, 6.182e-5
-1.621, 6.182e-5
-1.622, 6.490e-5
-1.623, 6.490e-5
-1.624, 6.490e-5
-1.625, 6.490e-5
-1.626, 6.490e-5
-1.627, 6.798e-5
-1.628, 6.798e-5
-1.629, 6.798e-5
-1.630, 6.798e-5
-1.631, 7.107e-5
-1.632, 7.107e-5
-1.633, 7.107e-5
-1.634, 7.107e-5
-1.635, 7.107e-5
-1.636, 7.415e-5
-1.637, 7.415e-5
-1.638, 7.723e-5
-1.639, 7.723e-5
-1.640, 7.723e-5
-1.641, 7.723e-5
-1.642, 8.032e-5
-1.643, 8.032e-5
-1.644, 8.032e-5
-1.645, 8.032e-5
-1.646, 8.340e-5
-1.647, 8.340e-5
-1.648, 8.648e-5
-1.649, 8.648e-5
-1.650, 8.648e-5
-1.651, 8.957e-5
-1.652, 8.957e-5
-1.653, 9.265e-5
-1.654, 9.265e-5
-1.655, 9.265e-5
-1.656, 9.573e-5
-1.657, 9.573e-5
-1.658, 9.882e-5
-1.659, 9.882e-5
-1.660, 9.882e-5
-1.661, 1.019e-4
-1.662, 1.019e-4
-1.663, 1.050e-4
-1.664, 1.050e-4
-1.665, 1.081e-4
-1.666, 1.081e-4
-1.667, 1.111e-4
-1.668, 1.111e-4
-1.669, 1.142e-4
-1.670, 1.142e-4
-1.671, 1.173e-4
-1.672, 1.173e-4
-1.673, 1.204e-4
-1.674, 1.235e-4
-1.675, 1.235e-4
-1.676, 1.235e-4
-1.677, 1.266e-4
-1.678, 1.266e-4
-1.679, 1.296e-4
-1.680, 1.327e-4
-1.681, 1.358e-4
-1.682, 1.358e-4
-1.683, 1.389e-4
-1.684, 1.389e-4
-1.685, 1.420e-4
-1.686, 1.451e-4
-1.687, 1.481e-4
-1.688, 1.512e-4
-1.689, 1.512e-4
-1.690, 1.543e-4
-1.691, 1.574e-4
-1.692, 1.605e-4
-1.693, 1.636e-4
-1.694, 1.666e-4
-1.695, 1.666e-4
-1.696, 1.697e-4
-1.697, 1.759e-4
-1.698, 1.759e-4
-1.699, 1.790e-4
-1.700, 1.821e-4
-1.701, 1.851e-4
-1.702, 1.882e-4
-1.703, 1.913e-4
-1.704, 1.944e-4
-1.705, 1.975e-4
-1.706, 2.006e-4
-1.707, 2.036e-4
-1.708, 2.098e-4
-1.709, 2.129e-4
-1.710, 2.160e-4
-1.711, 2.191e-4
-1.712, 2.221e-4
-1.713, 2.283e-4
-1.714, 2.314e-4
-1.715, 2.345e-4
-1.716, 2.406e-4
-1.717, 2.437e-4
-1.718, 2.468e-4
-1.719, 2.499e-4
-1.720, 2.561e-4
-1.721, 2.622e-4
-1.722, 2.653e-4
-1.723, 2.715e-4
-1.724, 2.746e-4
-1.725, 2.807e-4
-1.726, 2.869e-4
-1.727, 2.900e-4
-1.728, 2.961e-4
-1.729, 3.023e-4
-1.730, 3.085e-4
-1.731, 3.146e-4
-1.732, 3.208e-4
-1.733, 3.239e-4
-1.734, 3.331e-4
-1.735, 3.362e-4
-1.736, 3.455e-4
-1.737, 3.516e-4
-1.738, 3.578e-4
-1.739, 3.640e-4
-1.740, 3.701e-4
-1.741, 3.794e-4
-1.742, 3.855e-4
-1.743, 3.948e-4
-1.744, 4.010e-4
-1.745, 4.071e-4
-1.746, 4.164e-4
-1.747, 4.225e-4
-1.748, 4.318e-4
-1.749, 4.410e-4
-1.750, 4.472e-4
-1.751, 4.565e-4
-1.752, 4.657e-4
-1.753, 4.750e-4
-1.754, 4.842e-4
-1.755, 4.935e-4
-1.756, 5.027e-4
-1.757, 5.150e-4
-1.758, 5.212e-4
-1.759, 5.335e-4
-1.760, 5.428e-4
-1.761, 5.551e-4
-1.762, 5.674e-4
-1.763, 5.767e-4
-1.764, 5.859e-4
-1.765, 5.983e-4
-1.766, 6.106e-4
-1.767, 6.229e-4
-1.768, 6.353e-4
-1.769, 6.476e-4
-1.770, 6.599e-4
-1.771, 6.754e-4
-1.772, 6.877e-4
-1.773, 7.000e-4
-1.774, 7.154e-4
-1.775, 7.278e-4
-1.776, 7.432e-4
-1.777, 7.555e-4
-1.778, 7.709e-4
-1.779, 7.863e-4
-1.780, 8.018e-4
-1.781, 8.203e-4
-1.782, 8.357e-4
-1.783, 8.511e-4
-1.784, 8.696e-4
-1.785, 8.850e-4
-1.786, 9.035e-4
-1.787, 9.220e-4
-1.788, 9.405e-4
-1.789, 9.559e-4
-1.790, 9.775e-4
-1.791, 9.960e-4
-1.792, 1.014e-3
-1.793, 1.033e-3
-1.794, 1.055e-3
-1.795, 1.076e-3
-1.796, 1.095e-3
-1.797, 1.119e-3
-1.798, 1.141e-3
-1.799, 1.162e-3
-1.800, 1.169e-3
-1.799, 1.156e-3
-1.798, 1.144e-3
-1.797, 1.135e-3
-1.796, 1.125e-3
-1.795, 1.113e-3
-1.794, 1.104e-3
-1.793, 1.095e-3
-1.792, 1.082e-3
-1.791, 1.070e-3
-1.790, 1.061e-3
-1.789, 1.051e-3
-1.788, 1.039e-3
-1.787, 1.030e-3
-1.786, 1.021e-3
-1.785, 1.011e-3
-1.784, 9.991e-4
-1.783, 9.898e-4
-1.782, 9.775e-4
-1.781, 9.683e-4
-1.780, 9.559e-4
-1.779, 9.467e-4
-1.778, 9.374e-4
-1.777, 9.282e-4
-1.776, 9.158e-4
-1.775, 9.066e-4
-1.774, 8.943e-4
-1.773, 8.850e-4
-1.772, 8.758e-4
-1.771, 8.665e-4
-1.770, 8.542e-4
-1.769, 8.449e-4
-1.768, 8.357e-4
-1.767, 8.264e-4
-1.766, 8.141e-4
-1.765, 8.048e-4
-1.764, 7.956e-4
-1.763, 7.863e-4
-1.762, 7.740e-4
-1.761, 7.679e-4
-1.760, 7.555e-4
-1.759, 7.463e-4
-1.758, 7.370e-4
-1.757, 7.309e-4
-1.756, 7.216e-4
-1.755, 7.124e-4
-1.754, 7.000e-4
-1.753, 6.939e-4
-1.752, 6.846e-4
-1.751, 6.754e-4
-1.750, 6.661e-4
-1.749, 6.569e-4
-1.748, 6.507e-4
-1.747, 6.414e-4
-1.746, 6.322e-4
-1.745, 6.260e-4
-1.744, 6.168e-4
-1.743, 6.075e-4
-1.742, 5.983e-4
-1.741, 5.921e-4
-1.740, 5.829e-4
-1.739, 5.767e-4
-1.738, 5.674e-4
-1.737, 5.613e-4
-1.736, 5.520e-4
-1.735, 5.459e-4
-1.734, 5.397e-4
-1.733, 5.305e-4
-1.732, 5.212e-4
-1.731, 5.150e-4
-1.730, 5.089e-4
-1.729, 4.996e-4
-1.728, 4.935e-4
-1.727, 4.873e-4
-1.726, 4.780e-4
-1.725, 4.719e-4
-1.724, 4.657e-4
-1.723, 4.595e-4
-1.722, 4.534e-4
-1.721, 4.441e-4
-1.720, 4.380e-4
-1.719, 4.349e-4
-1.718, 4.256e-4
-1.717, 4.225e-4
-1.716, 4.133e-4
-1.715, 4.102e-4
-1.714, 4.040e-4
-1.713, 3.979e-4
-1.712, 3.886e-4
-1.711, 3.855e-4
-1.710, 3.794e-4
-1.709, 3.732e-4
-1.708, 3.670e-4
-1.707, 3.609e-4
-1.706, 3.578e-4
-1.705, 3.516e-4
-1.704, 3.455e-4
-1.703, 3.424e-4
-1.702, 3.362e-4
-1.701, 3.300e-4
-1.700, 3.270e-4
-1.699, 3.208e-4
-1.698, 3.146e-4
-1.697, 3.115e-4
-1.696, 3.054e-4
-1.695, 3.023e-4
-1.694, 2.961e-4
-1.693, 2.900e-4
-1.692, 2.869e-4
-1.691, 2.807e-4
-1.690, 2.776e-4
-1.689, 2.746e-4
-1.688, 2.684e-4
-1.687, 2.653e-4
-1.686, 2.591e-4
-1.685, 2.561e-4
-1.684, 2.530e-4
-1.683, 2.468e-4
-1.682, 2.437e-4
-1.681, 2.406e-4
-1.680, 2.376e-4
-1.679, 2.314e-4
-1.678, 2.283e-4
-1.677, 2.252e-4
-1.676, 2.221e-4
-1.675, 2.191e-4
-1.674, 2.160e-4
-1.673, 2.129e-4
-1.672, 2.067e-4
-1.671, 2.036e-4
-1.670, 2.006e-4
-1.669, 1.975e-4
-1.668, 1.944e-4
-1.667, 1.913e-4
-1.666, 1.882e-4
-1.665, 1.821e-4
-1.664, 1.821e-4
-1.663, 1.759e-4
-1.662, 1.759e-4
-1.661, 1.728e-4
-1.660, 1.697e-4
-1.659, 1.666e-4
-1.658, 1.636e-4
-1.657, 1.605e-4
-1.656, 1.574e-4
-1.655, 1.543e-4
-1.654, 1.512e-4
-1.653, 1.481e-4
-1.652, 1.481e-4
-1.651, 1.451e-4
-1.650, 1.420e-4
-1.649, 1.389e-4
-1.648, 1.358e-4
-1.647, 1.327e-4
-1.646, 1.327e-4
-1.645, 1.296e-4
-1.644, 1.266e-4
-1.643, 1.266e-4
-1.642, 1.235e-4
-1.641, 1.204e-4
-1.640, 1.173e-4
-1.639, 1.173e-4
-1.638, 1.142e-4
-1.637, 1.111e-4
-1.636, 1.111e-4
-1.635, 1.081e-4
-1.634, 1.050e-4
-1.633, 1.019e-4
-1.632, 1.019e-4
-1.631, 9.882e-5
-1.630, 9.882e-5
-1.629, 9.573e-5
-1.628, 9.265e-5
-1.627, 9.265e-5
-1.626, 8.957e-5
-1.625, 8.957e-5
-1.624, 8.648e-5
-1.623, 8.648e-5
-1.622, 8.340e-5
-1.621, 8.340e-5
-1.620, 8.032e-5
-1.619, 7.723e-5
-1.618, 7.723e-5
-1.617, 7.415e-5
-1.616, 7.415e-5
-1.615, 7.415e-5
-1.614, 7.107e-5
-1.613, 7.107e-5
-1.612, 6.798e-5
-1.611, 6.490e-5
-1.610, 6.490e-5
-1.609, 6.490e-5
-1.608, 6.490e-5
-1.607, 6.182e-5
-1.606, 6.182e-5
-1.605, 5.873e-5
-1.604, 5.873e-5
-1.603, 5.565e-5
-1.602, 5.565e-5
-1.601, 5.565e-5
-1.600, 5.257e-5
-1.599, 5.257e-5
-1.598, 4.949e-5
-1.597, 4.949e-5
-1.596, 4.949e-5
-1.595, 4.949e-5
-1.594, 4.640e-5
-1.593, 4.640e-5
-1.592, 4.332e-5
-1.591, 4.332e-5
-1.590, 4.332e-5
-1.589, 4.332e-5
-1.588, 4.024e-5
-1.587, 4.024e-5
-1.586, 3.715e-5
-1.585, 3.715e-5
-1.584, 3.715e-5
-1.583, 3.715e-5
-1.582, 3.407e-5
-1.581, 3.407e-5
-1.580, 3.407e-5
-1.579, 3.099e-5
-1.578, 3.099e-5
-1.577, 3.099e-5
-1.576, 3.099e-5
-1.575, 2.790e-5
-1.574, 2.790e-5
-1.573, 2.790e-5
-1.572, 2.790e-5
-1.571, 2.482e-5
-1.570, 2.482e-5
-1.569, 2.482e-5
-1.568, 2.482e-5
-1.567, 2.482e-5
-1.566, 2.174e-5
-1.565, 2.174e-5
-1.564, 2.174e-5
-1.563, 2.174e-5
-1.562, 2.174e-5
-1.561, 1.865e-5
-1.560, 1.865e-5
-1.559, 1.865e-5
-1.558, 1.865e-5
-1.557, 1.865e-5
-1.556, 1.557e-5
-1.555, 1.557e-5
-1.554, 1.557e-5
-1.553, 1.557e-5
-1.552, 1.557e-5
-1.551, 1.557e-5
-1.550, 1.557e-5
-1.549, 1.249e-5
-1.548, 1.249e-5
-1.547, 1.249e-5
-1.546, 1.249e-5
-1.545, 1.249e-5
-1.544, 1.249e-5
-1.543, 9.405e-6
-1.542, 9.405e-6
-1.541, 9.405e-6
-1.540, 9.405e-6
-1.539, 9.405e-6
-1.538, 9.405e-6
-1.537, 9.405e-6
-1.536, 6.322e-6
-1.535, 6.322e-6
-1.534, 6.322e-6
-1.533, 6.322e-6
-1.532, 9.405e-6
-1.531, 6.322e-6
-1.530, 6.322e-6
-1.529, 6.322e-6
-1.528, 6.322e-6
-1.527, 6.322e-6
-1.526, 3.239e-6
-1.525, 3.239e-6
-1.524, 3.239e-6
-1.523, 3.239e-6
-1.522, 3.239e-6
-1.521, 3.239e-6
-1.520, 3.239e-6
-1.519, 3.239e-6
-1.518, 3.239e-6
-1.517, 3.239e-6
-1.516, 3.239e-6
-1.515, 1.559e-7
-1.514, 1.559e-7
-1.513, 1.559e-7
-1.512, 1.559e-7
-1.511, 1.559e-7
-1.510, 1.559e-7
-1.509, 1.559e-7
-1.508, 1.559e-7
-1.507, 1.559e-7
-1.506, 1.559e-7
-1.505, 1.559e-7
-1.504, 1.559e-7
-1.503, -2.927e-6
-1.502, 1.559e-7
-1.501, -2.927e-6
-1.500, -2.927e-6
-1.499, -2.927e-6
-1.498, -2.927e-6
-1.497, -2.927e-6
-1.496, -2.927e-6
-1.495, -2.927e-6
-1.494, -2.927e-6
-1.493, -2.927e-6
-1.492, -2.927e-6
-1.491, -2.927e-6
-1.490, -2.927e-6
-1.489, -2.927e-6
-1.488, -2.927e-6
-1.487, -2.927e-6
-1.486, -2.927e-6
-1.485, -2.927e-6
-1.484, -6.010e-6
-1.483, -6.010e-6
-1.482, -6.010e-6
-1.481, -6.010e-6
-1.480, -2.927e-6
-1.479, -6.010e-6
-1.478, -2.927e-6
-1.477, -6.010e-6
-1.476, -6.010e-6
-1.475, -6.010e-6
-1.474, -2.927e-6
-1.473, -6.010e-6
-1.472, -6.010e-6
-1.471, -6.010e-6
-1.470, -6.010e-6
-1.469, -6.010e-6
-1.468, -6.010e-6
-1.467, -6.010e-6
-1.466, -6.010e-6
-1.465, -6.010e-6
-1.464, -6.010e-6
-1.463, -6.010e-6
-1.462, -6.010e-6
-1.461, -6.010e-6
-1.460, -6.010e-6
-1.459, -6.010e-6
-1.458, -6.010e-6
-1.457, -6.010e-6
-1.456, -6.010e-6
-1.455, -6.010e-6
-1.454, -6.010e-6
-1.453, -6.010e-6
-1.452, -6.010e-6
-1.451, -9.093e-6
-1.450, -6.010e-6
-1.449, -6.010e-6
-1.448, -6.010e-6
-1.447, -6.010e-6
-1.446, -9.093e-6
-1.445, -9.093e-6
-1.444, -6.010e-6
-1.443, -6.010e-6
-1.442, -6.010e-6
-1.441, -9.093e-6
-1.440, -9.093e-6
-1.439, -9.093e-6
-1.438, -9.093e-6
-1.437, -6.010e-6
-1.436, -9.093e-6
-1.435, -9.093e-6
-1.434, -9.093e-6
-1.433, -9.093e-6
-1.432, -9.093e-6
-1.431, -9.093e-6
-1.430, -9.093e-6
-1.429, -9.093e-6
-1.428, -9.093e-6
-1.427, -9.093e-6
-1.426, -9.093e-6
-1.425, -9.093e-6
-1.424, -9.093e-6
-1.423, -9.093e-6
-1.422, -9.093e-6
-1.421, -9.093e-6
-1.420, -9.093e-6
-1.419, -9.093e-6
-1.418, -9.093e-6
-1.417, -9.093e-6
-1.416, -9.093e-6
-1.415, -9.093e-6
-1.414, -9.093e-6
-1.413, -9.093e-6
-1.412, -9.093e-6
-1.411, -9.093e-6
-1.410, -9.093e-6
-1.409, -9.093e-6
-1.408, -9.093e-6
-1.407, -9.093e-6
-1.406, -9.093e-6
-1.405, -9.093e-6
-1.404, -9.093e-6
-1.403, -9.093e-6
-1.402, -9.093e-6
-1.401, -9.093e-6
-1.400, -9.093e-6
-1.399, -9.093e-6
-1.398, -9.093e-6
-1.397, -9.093e-6
-1.396, -9.093e-6
-1.395, -9.093e-6
-1.394, -9.093e-6
-1.393, -9.093e-6
-1.392, -9.093e-6
-1.391, -9.093e-6
-1.390, -9.093e-6
-1.389, -9.093e-6
-1.388, -9.093e-6
-1.387, -9.093e-6
-1.386, -9.093e-6
-1.385, -9.093e-6
-1.384, -9.093e-6
-1.383, -9.093e-6
-1.382, -9.093e-6
-1.381, -9.093e-6
-1.380, -9.093e-6
-1.379, -9.093e-6
-1.378, -9.093e-6
-1.377, -9.093e-6
-1.376, -9.093e-6
-1.375, -9.093e-6
-1.374, -9.093e-6
-1.373, -9.093e-6
-1.372, -9.093e-6
-1.371, -9.093e-6
-1.370, -9.093e-6
-1.369, -9.093e-6
-1.368, -9.093e-6
-1.367, -9.093e-6
-1.366, -9.093e-6
-1.365, -9.093e-6
-1.364, -1.218e-5
-1.363, -9.093e-6
-1.362, -9.093e-6
-1.361, -9.093e-6
-1.360, -9.093e-6
-1.359, -9.093e-6
-1.358, -9.093e-6
-1.357, -1.218e-5
-1.356, -9.093e-6
-1.355, -9.093e-6
-1.354, -9.093e-6
-1.353, -9.093e-6
-1.352, -9.093e-6
-1.351, -9.093e-6
-1.350, -9.093e-6
-1.349, -9.093e-6
-1.348, -1.218e-5
-1.347, -9.093e-6
-1.346, -9.093e-6
-1.345, -1.218e-5
-1.344, -9.093e-6
-1.343, -9.093e-6
-1.342, -9.093e-6
-1.341, -9.093e-6
-1.340, -1.218e-5
-1.339, -9.093e-6
-1.338, -9.093e-6
-1.337, -9.093e-6
-1.336, -9.093e-6
-1.335, -9.093e-6
-1.334, -9.093e-6
-1.333, -9.093e-6
-1.332, -9.093e-6
-1.331, -9.093e-6
-1.330, -9.093e-6
-1.329, -9.093e-6
-1.328, -9.093e-6
-1.327, -1.218e-5
-1.326, -9.093e-6
-1.325, -9.093e-6
-1.324, -1.218e-5
-1.323, -9.093e-6
-1.322, -9.093e-6
-1.321, -9.093e-6
-1.320, -9.093e-6
-1.319, -9.093e-6
-1.318, -9.093e-6
-1.317, -1.218e-5
-1.316, -9.093e-6
-1.315, -9.093e-6
-1.314, -9.093e-6
-1.313, -9.093e-6
-1.312, -1.218e-5
-1.311, -9.093e-6
-1.310, -1.218e-5
-1.309, -9.093e-6
-1.308, -1.218e-5
-1.307, -9.093e-6
-1.306, -9.093e-6
-1.305, -9.093e-6
-1.304, -1.218e-5
-1.303, -1.218e-5
-1.302, -1.218e-5
-1.301, -1.218e-5
-1.300, -9.093e-6
-1.299, -1.218e-5
-1.298, -9.093e-6
-1.297, -1.218e-5
-1.296, -1.218e-5
-1.295, -9.093e-6
-1.294, -1.218e-5
-1.293, -1.218e-5
-1.292, -1.218e-5
-1.291, -9.093e-6
-1.290, -9.093e-6
-1.289, -1.218e-5
-1.288, -1.218e-5
-1.287, -9.093e-6
-1.286, -1.218e-5
-1.285, -1.218e-5
-1.284, -9.093e-6
-1.283, -9.093e-6
-1.282, -1.218e-5
-1.281, -9.093e-6
-1.280, -1.218e-5
-1.279, -9.093e-6
-1.278, -1.218e-5
-1.277, -1.218e-5
-1.276, -9.093e-6
-1.275, -9.093e-6
-1.274, -1.218e-5
-1.273, -1.218e-5
-1.272, -9.093e-6
-1.271, -1.218e-5
-1.270, -1.218e-5
-1.269, -9.093e-6
-1.268, -9.093e-6
-1.267, -9.093e-6
-1.266, -1.218e-5
-1.265, -9.093e-6
-1.264, -1.218e-5
-1.263, -1.218e-5
-1.262, -1.218e-5
-1.261, -9.093e-6
-1.260, -9.093e-6
-1.259, -1.218e-5
-1.258, -1.218e-5
-1.257, -1.218e-5
-1.256, -1.218e-5
-1.255, -1.218e-5
-1.254, -1.218e-5
-1.253, -1.218e-5
-1.252, -1.218e-5
-1.251, -1.218e-5
-1.250, -1.218e-5
-1.249, -9.093e-6
-1.248, -1.218e-5
-1.247, -1.218e-5
-1.246, -9.093e-6
-1.245, -1.218e-5
-1.244, -1.218e-5
-1.243, -1.218e-5
-1.242, -1.218e-5
-1.241, -1.218e-5
-1.240, -1.218e-5
-1.239, -1.218e-5
-1.238, -1.218e-5
-1.237, -9.093e-6
-1.236, -1.218e-5
-1.235, -1.218e-5
-1.234, -1.218e-5
-1.233, -1.218e-5
-1.232, -1.218e-5
-1.231, -1.218e-5
-1.230, -1.218e-5
-1.229, -1.218e-5
-1.228, -1.218e-5
-1.227, -1.218e-5
-1.226, -1.218e-5
-1.225, -1.218e-5
-1.224, -1.218e-5
-1.223, -1.218e-5
-1.222, -1.218e-5
-1.221, -1.218e-5
-1.220, -1.218e-5
-1.219, -1.218e-5
-1.218, -1.218e-5
-1.217, -1.218e-5
-1.216, -1.218e-5
-1.215, -1.218e-5
-1.214, -1.218e-5
-1.213, -1.218e-5
-1.212, -1.218e-5
-1.211, -1.218e-5
-1.210, -1.218e-5
-1.209, -1.218e-5
-1.208, -1.218e-5
-1.207, -1.218e-5
-1.206, -1.218e-5
-1.205, -1.218e-5
-1.204, -1.218e-5
-1.203, -1.218e-5
-1.202, -1.218e-5
-1.201, -1.218e-5
-1.200, -1.218e-5
-1.199, -1.218e-5
-1.198, -1.218e-5
-1.197, -1.218e-5
-1.196, -1.218e-5
-1.195, -1.218e-5
-1.194, -1.218e-5
-1.193, -1.218e-5
-1.192, -1.218e-5
-1.191, -1.218e-5
-1.190, -1.218e-5
-1.189, -1.218e-5
-1.188, -1.218e-5
-1.187, -1.218e-5
-1.186, -1.218e-5
-1.185, -1.218e-5
-1.184, -1.218e-5
-1.183, -1.218e-5
-1.182, -1.218e-5
-1.181, -1.218e-5
-1.180, -1.218e-5
-1.179, -1.218e-5
-1.178, -1.218e-5
-1.177, -1.218e-5
-1.176, -1.218e-5
-1.175, -1.218e-5
-1.174, -1.218e-5
-1.173, -1.218e-5
-1.172, -1.218e-5
-1.171, -1.218e-5
-1.170, -1.218e-5
-1.169, -1.218e-5
-1.168, -1.526e-5
-1.167, -1.218e-5
-1.166, -1.526e-5
-1.165, -1.218e-5
-1.164, -1.526e-5
-1.163, -1.218e-5
-1.162, -1.526e-5
-1.161, -1.526e-5
-1.160, -1.526e-5
-1.159, -1.526e-5
-1.158, -1.526e-5
-1.157, -1.526e-5
-1.156, -1.218e-5
-1.155, -1.526e-5
-1.154, -1.526e-5
-1.153, -1.526e-5
-1.152, -1.526e-5
-1.151, -1.218e-5
-1.150, -1.526e-5
-1.149, -1.218e-5
-1.148, -1.526e-5
-1.147, -1.526e-5
-1.146, -1.526e-5
-1.145, -1.526e-5
-1.144, -1.526e-5
-1.143, -1.526e-5
-1.142, -1.526e-5
-1.141, -1.526e-5
-1.140, -1.526e-5
-1.139, -1.526e-5
-1.138, -1.526e-5
-1.137, -1.526e-5
-1.136, -1.526e-5
-1.135, -1.526e-5
-1.134, -1.526e-5
-1.133, -1.526e-5
-1.132, -1.526e-5
-1.131, -1.526e-5
-1.130, -1.526e-5
-1.129, -1.526e-5
-1.128, -1.526e-5
-1.127, -1.526e-5
-1.126, -1.526e-5
-1.125, -1.526e-5
-1.124, -1.526e-5
-1.123, -1.526e-5
-1.122, -1.526e-5
-1.121, -1.526e-5
-1.120, -1.526e-5
-1.119, -1.526e-5
-1.118, -1.526e-5
-1.117, -1.834e-5
-1.116, -1.526e-5
-1.115, -1.834e-5
-1.114, -1.526e-5
-1.113, -1.526e-5
-1.112, -1.526e-5
-1.111, -1.526e-5
-1.110, -1.526e-5
-1.109, -1.526e-5
-1.108, -1.526e-5
-1.107, -1.526e-5
-1.106, -1.526e-5
-1.105, -1.526e-5
-1.104, -1.834e-5
-1.103, -1.526e-5
-1.102, -1.526e-5
-1.101, -1.834e-5
-1.100, -1.526e-5
-1.099, -1.526e-5
-1.098, -1.526e-5
-1.097, -1.526e-5
-1.096, -1.526e-5
-1.095, -1.526e-5
-1.094, -1.526e-5
-1.093, -1.526e-5
-1.092, -1.834e-5
-1.091, -1.526e-5
-1.090, -1.526e-5
-1.089, -1.526e-5
-1.088, -1.526e-5
-1.087, -1.834e-5
-1.086, -1.526e-5
-1.085, -1.834e-5
-1.084, -1.526e-5
-1.083, -1.526e-5
-1.082, -1.526e-5
-1.081, -1.526e-5
-1.080, -1.526e-5
-1.079, -1.526e-5
-1.078, -1.526e-5
-1.077, -1.526e-5
-1.076, -1.526e-5
-1.075, -1.526e-5
-1.074, -1.526e-5
-1.073, -1.526e-5
-1.072, -1.526e-5
-1.071, -1.526e-5
-1.070, -1.526e-5
-1.069, -1.526e-5
-1.068, -1.526e-5
-1.067, -1.526e-5
-1.066, -1.526e-5
-1.065, -1.526e-5
-1.064, -1.526e-5
-1.063, -1.526e-5
-1.062, -1.526e-5
-1.061, -1.526e-5
-1.060, -1.526e-5
-1.059, -1.526e-5
-1.058, -1.526e-5
-1.057, -1.526e-5
-1.056, -1.526e-5
-1.055, -1.526e-5
-1.054, -1.526e-5
-1.053, -1.526e-5
-1.052, -1.526e-5
-1.051, -1.526e-5
-1.050, -1.526e-5
-1.049, -1.526e-5
-1.048, -1.526e-5
-1.047, -1.526e-5
-1.046, -1.526e-5
-1.045, -1.526e-5
-1.044, -1.526e-5
-1.043, -1.526e-5
-1.042, -1.526e-5
-1.041, -1.526e-5
-1.040, -1.526e-5
-1.039, -1.526e-5
-1.038, -1.526e-5
-1.037, -1.526e-5
-1.036, -1.526e-5
-1.035, -1.526e-5
-1.034, -1.526e-5
-1.033, -1.526e-5
-1.032, -1.526e-5
-1.031, -1.526e-5
-1.030, -1.526e-5
-1.029, -1.526e-5
-1.028, -1.526e-5
-1.027, -1.526e-5
-1.026, -1.526e-5
-1.025, -1.526e-5
-1.024, -1.526e-5
-1.023, -1.526e-5
-1.022, -1.526e-5
-1.021, -1.526e-5
-1.020, -1.526e-5
-1.019, -1.526e-5
-1.018, -1.526e-5
-1.017, -1.526e-5
-1.016, -1.526e-5
-1.015, -1.526e-5
-1.014, -1.526e-5
-1.013, -1.526e-5
-1.012, -1.526e-5
-1.011, -1.526e-5
-1.010, -1.526e-5
-1.009, -1.526e-5
-1.008, -1.526e-5
-1.007, -1.526e-5
-1.006, -1.526e-5
-1.005, -1.526e-5
-1.004, -1.526e-5
-1.003, -1.526e-5
-1.002, -1.526e-5
-1.001, -1.526e-5
