June 29, 2026   10:21:50
Linear Sweep Voltammetry
File: c:/users/guazh/data/20260623_doe_duplica2/2026-06-24-exp40\1acid_3ac-2026-06-29t10_18_37-lsvinphos\1acid_3ac_lsv_50mvs_efin_-2300mv.bin
Data Source:  Experiment
Instrument Model:  CHI760E
Header: LSV ran at 50 mVs with Efin at -2300mV
Note: 

Init E (V) = -0.6
Final E (V) = -2.3
Scan Rate (V/s) = 0.05
Sample Interval (V) = 0.001
Quiet Time (sec) = 2
Sensitivity (A/V) = 1e-4
Comp R (ohm) = 9.7

Results:

Channel 1:
Ep = -1.903V
ip = 8.567e-4A
Ah = 1.139e-3C

Potential/V, Current/A

-0.600, 3.412e-6
-0.601, 3.520e-6
-0.602, 3.576e-6
-0.603, 3.620e-6
-0.604, 3.657e-6
-0.605, 3.694e-6
-0.606, 3.729e-6
-0.607, 3.762e-6
-0.608, 3.798e-6
-0.609, 3.831e-6
-0.610, 3.864e-6
-0.611, 3.896e-6
-0.612, 3.927e-6
-0.613, 3.958e-6
-0.614, 3.992e-6
-0.615, 4.025e-6
-0.616, 4.055e-6
-0.617, 4.086e-6
-0.618, 4.116e-6
-0.619, 4.147e-6
-0.620, 4.178e-6
-0.621, 4.206e-6
-0.622, 4.237e-6
-0.623, 4.266e-6
-0.624, 4.297e-6
-0.625, 4.330e-6
-0.626, 4.359e-6
-0.627, 4.391e-6
-0.628, 4.421e-6
-0.629, 4.452e-6
-0.630, 4.485e-6
-0.631, 4.515e-6
-0.632, 4.547e-6
-0.633, 4.579e-6
-0.634, 4.608e-6
-0.635, 4.640e-6
-0.636, 4.670e-6
-0.637, 4.701e-6
-0.638, 4.732e-6
-0.639, 4.761e-6
-0.640, 4.795e-6
-0.641, 4.825e-6
-0.642, 4.855e-6
-0.643, 4.886e-6
-0.644, 4.915e-6
-0.645, 4.947e-6
-0.646, 4.977e-6
-0.647, 5.009e-6
-0.648, 5.040e-6
-0.649, 5.070e-6
-0.650, 5.102e-6
-0.651, 5.131e-6
-0.652, 5.162e-6
-0.653, 5.192e-6
-0.654, 5.224e-6
-0.655, 5.254e-6
-0.656, 5.283e-6
-0.657, 5.314e-6
-0.658, 5.345e-6
-0.659, 5.376e-6
-0.660, 5.405e-6
-0.661, 5.435e-6
-0.662, 5.465e-6
-0.663, 5.496e-6
-0.664, 5.525e-6
-0.665, 5.557e-6
-0.666, 5.588e-6
-0.667, 5.618e-6
-0.668, 5.647e-6
-0.669, 5.675e-6
-0.670, 5.706e-6
-0.671, 5.734e-6
-0.672, 5.765e-6
-0.673, 5.796e-6
-0.674, 5.824e-6
-0.675, 5.855e-6
-0.676, 5.882e-6
-0.677, 5.909e-6
-0.678, 5.937e-6
-0.679, 5.965e-6
-0.680, 5.994e-6
-0.681, 6.023e-6
-0.682, 6.051e-6
-0.683, 6.079e-6
-0.684, 6.108e-6
-0.685, 6.135e-6
-0.686, 6.162e-6
-0.687, 6.188e-6
-0.688, 6.214e-6
-0.689, 6.241e-6
-0.690, 6.268e-6
-0.691, 6.296e-6
-0.692, 6.323e-6
-0.693, 6.350e-6
-0.694, 6.378e-6
-0.695, 6.404e-6
-0.696, 6.430e-6
-0.697, 6.456e-6
-0.698, 6.481e-6
-0.699, 6.508e-6
-0.700, 6.533e-6
-0.701, 6.559e-6
-0.702, 6.583e-6
-0.703, 6.608e-6
-0.704, 6.634e-6
-0.705, 6.659e-6
-0.706, 6.683e-6
-0.707, 6.707e-6
-0.708, 6.731e-6
-0.709, 6.754e-6
-0.710, 6.779e-6
-0.711, 6.802e-6
-0.712, 6.825e-6
-0.713, 6.849e-6
-0.714, 6.870e-6
-0.715, 6.893e-6
-0.716, 6.915e-6
-0.717, 6.937e-6
-0.718, 6.958e-6
-0.719, 6.980e-6
-0.720, 7.001e-6
-0.721, 7.021e-6
-0.722, 7.042e-6
-0.723, 7.063e-6
-0.724, 7.083e-6
-0.725, 7.104e-6
-0.726, 7.123e-6
-0.727, 7.142e-6
-0.728, 7.161e-6
-0.729, 7.179e-6
-0.730, 7.199e-6
-0.731, 7.217e-6
-0.732, 7.233e-6
-0.733, 7.250e-6
-0.734, 7.266e-6
-0.735, 7.285e-6
-0.736, 7.300e-6
-0.737, 7.318e-6
-0.738, 7.332e-6
-0.739, 7.348e-6
-0.740, 7.365e-6
-0.741, 7.379e-6
-0.742, 7.394e-6
-0.743, 7.408e-6
-0.744, 7.423e-6
-0.745, 7.437e-6
-0.746, 7.451e-6
-0.747, 7.464e-6
-0.748, 7.478e-6
-0.749, 7.491e-6
-0.750, 7.505e-6
-0.751, 7.517e-6
-0.752, 7.529e-6
-0.753, 7.540e-6
-0.754, 7.551e-6
-0.755, 7.562e-6
-0.756, 7.573e-6
-0.757, 7.582e-6
-0.758, 7.593e-6
-0.759, 7.602e-6
-0.760, 7.612e-6
-0.761, 7.621e-6
-0.762, 7.629e-6
-0.763, 7.639e-6
-0.764, 7.647e-6
-0.765, 7.655e-6
-0.766, 7.661e-6
-0.767, 7.670e-6
-0.768, 7.679e-6
-0.769, 7.685e-6
-0.770, 7.691e-6
-0.771, 7.697e-6
-0.772, 7.704e-6
-0.773, 7.708e-6
-0.774, 7.715e-6
-0.775, 7.720e-6
-0.776, 7.725e-6
-0.777, 7.730e-6
-0.778, 7.733e-6
-0.779, 7.737e-6
-0.780, 7.741e-6
-0.781, 7.744e-6
-0.782, 7.749e-6
-0.783, 7.751e-6
-0.784, 7.754e-6
-0.785, 7.757e-6
-0.786, 7.758e-6
-0.787, 7.762e-6
-0.788, 7.770e-6
-0.789, 7.775e-6
-0.790, 7.777e-6
-0.791, 7.776e-6
-0.792, 7.778e-6
-0.793, 7.780e-6
-0.794, 7.780e-6
-0.795, 7.781e-6
-0.796, 7.781e-6
-0.797, 7.781e-6
-0.798, 7.781e-6
-0.799, 7.780e-6
-0.800, 7.780e-6
-0.801, 7.779e-6
-0.802, 7.777e-6
-0.803, 7.777e-6
-0.804, 7.774e-6
-0.805, 7.773e-6
-0.806, 7.771e-6
-0.807, 7.769e-6
-0.808, 7.768e-6
-0.809, 7.764e-6
-0.810, 7.762e-6
-0.811, 7.760e-6
-0.812, 7.756e-6
-0.813, 7.754e-6
-0.814, 7.750e-6
-0.815, 7.747e-6
-0.816, 7.743e-6
-0.817, 7.740e-6
-0.818, 7.737e-6
-0.819, 7.736e-6
-0.820, 7.735e-6
-0.821, 7.730e-6
-0.822, 7.725e-6
-0.823, 7.722e-6
-0.824, 7.718e-6
-0.825, 7.714e-6
-0.826, 7.707e-6
-0.827, 7.705e-6
-0.828, 7.699e-6
-0.829, 7.694e-6
-0.830, 7.691e-6
-0.831, 7.685e-6
-0.832, 7.682e-6
-0.833, 7.677e-6
-0.834, 7.670e-6
-0.835, 7.667e-6
-0.836, 7.662e-6
-0.837, 7.657e-6
-0.838, 7.654e-6
-0.839, 7.646e-6
-0.840, 7.642e-6
-0.841, 7.637e-6
-0.842, 7.632e-6
-0.843, 7.628e-6
-0.844, 7.622e-6
-0.845, 7.618e-6
-0.846, 7.613e-6
-0.847, 7.607e-6
-0.848, 7.603e-6
-0.849, 7.596e-6
-0.850, 7.592e-6
-0.851, 7.587e-6
-0.852, 7.582e-6
-0.853, 7.576e-6
-0.854, 7.572e-6
-0.855, 7.566e-6
-0.856, 7.561e-6
-0.857, 7.556e-6
-0.858, 7.552e-6
-0.859, 7.546e-6
-0.860, 7.542e-6
-0.861, 7.535e-6
-0.862, 7.531e-6
-0.863, 7.526e-6
-0.864, 7.521e-6
-0.865, 7.516e-6
-0.866, 7.511e-6
-0.867, 7.507e-6
-0.868, 7.502e-6
-0.869, 7.495e-6
-0.870, 7.493e-6
-0.871, 7.489e-6
-0.872, 7.484e-6
-0.873, 7.478e-6
-0.874, 7.472e-6
-0.875, 7.469e-6
-0.876, 7.463e-6
-0.877, 7.459e-6
-0.878, 7.455e-6
-0.879, 7.448e-6
-0.880, 7.445e-6
-0.881, 7.440e-6
-0.882, 7.435e-6
-0.883, 7.432e-6
-0.884, 7.428e-6
-0.885, 7.423e-6
-0.886, 7.419e-6
-0.887, 7.415e-6
-0.888, 7.411e-6
-0.889, 7.407e-6
-0.890, 7.403e-6
-0.891, 7.424e-6
-0.892, 7.471e-6
-0.893, 7.481e-6
-0.894, 7.482e-6
-0.895, 7.481e-6
-0.896, 7.481e-6
-0.897, 7.479e-6
-0.898, 7.475e-6
-0.899, 7.473e-6
-0.900, 7.471e-6
-0.901, 7.467e-6
-0.902, 7.465e-6
-0.903, 7.462e-6
-0.904, 7.458e-6
-0.905, 7.455e-6
-0.906, 7.451e-6
-0.907, 7.449e-6
-0.908, 7.451e-6
-0.909, 7.454e-6
-0.910, 7.452e-6
-0.911, 7.448e-6
-0.912, 7.443e-6
-0.913, 7.441e-6
-0.914, 7.437e-6
-0.915, 7.435e-6
-0.916, 7.432e-6
-0.917, 7.429e-6
-0.918, 7.428e-6
-0.919, 7.424e-6
-0.920, 7.422e-6
-0.921, 7.421e-6
-0.922, 7.421e-6
-0.923, 7.418e-6
-0.924, 7.415e-6
-0.925, 7.414e-6
-0.926, 7.413e-6
-0.927, 7.412e-6
-0.928, 7.411e-6
-0.929, 7.408e-6
-0.930, 7.407e-6
-0.931, 7.405e-6
-0.932, 7.404e-6
-0.933, 7.401e-6
-0.934, 7.402e-6
-0.935, 7.400e-6
-0.936, 7.397e-6
-0.937, 7.398e-6
-0.938, 7.397e-6
-0.939, 7.395e-6
-0.940, 7.395e-6
-0.941, 7.393e-6
-0.942, 7.392e-6
-0.943, 7.392e-6
-0.944, 7.390e-6
-0.945, 7.391e-6
-0.946, 7.388e-6
-0.947, 7.389e-6
-0.948, 7.390e-6
-0.949, 7.388e-6
-0.950, 7.389e-6
-0.951, 7.388e-6
-0.952, 7.388e-6
-0.953, 7.387e-6
-0.954, 7.387e-6
-0.955, 7.388e-6
-0.956, 7.387e-6
-0.957, 7.387e-6
-0.958, 7.389e-6
-0.959, 7.388e-6
-0.960, 7.390e-6
-0.961, 7.391e-6
-0.962, 7.391e-6
-0.963, 7.391e-6
-0.964, 7.393e-6
-0.965, 7.396e-6
-0.966, 7.398e-6
-0.967, 7.397e-6
-0.968, 7.400e-6
-0.969, 7.401e-6
-0.970, 7.401e-6
-0.971, 7.403e-6
-0.972, 7.404e-6
-0.973, 7.409e-6
-0.974, 7.408e-6
-0.975, 7.410e-6
-0.976, 7.411e-6
-0.977, 7.414e-6
-0.978, 7.414e-6
-0.979, 7.415e-6
-0.980, 7.418e-6
-0.981, 7.419e-6
-0.982, 7.422e-6
-0.983, 7.422e-6
-0.984, 7.424e-6
-0.985, 7.428e-6
-0.986, 7.430e-6
-0.987, 7.431e-6
-0.988, 7.433e-6
-0.989, 7.434e-6
-0.990, 7.437e-6
-0.991, 7.439e-6
-0.992, 7.441e-6
-0.993, 7.445e-6
-0.994, 7.445e-6
-0.995, 7.449e-6
-0.996, 7.451e-6
-0.997, 7.452e-6
-0.998, 7.457e-6
-0.999, 7.461e-6
-1.000, 7.464e-6
-1.001, 7.466e-6
-1.002, 7.469e-6
-1.003, 7.472e-6
-1.004, 7.475e-6
-1.005, 7.476e-6
-1.006, 7.480e-6
-1.007, 7.482e-6
-1.008, 7.485e-6
-1.009, 7.488e-6
-1.010, 7.490e-6
-1.011, 7.494e-6
-1.012, 7.497e-6
-1.013, 7.500e-6
-1.014, 7.503e-6
-1.015, 7.508e-6
-1.016, 7.510e-6
-1.017, 7.513e-6
-1.018, 7.516e-6
-1.019, 7.520e-6
-1.020, 7.523e-6
-1.021, 7.525e-6
-1.022, 7.528e-6
-1.023, 7.533e-6
-1.024, 7.538e-6
-1.025, 7.541e-6
-1.026, 7.544e-6
-1.027, 7.549e-6
-1.028, 7.552e-6
-1.029, 7.555e-6
-1.030, 7.560e-6
-1.031, 7.565e-6
-1.032, 7.569e-6
-1.033, 7.573e-6
-1.034, 7.576e-6
-1.035, 7.581e-6
-1.036, 7.586e-6
-1.037, 7.590e-6
-1.038, 7.596e-6
-1.039, 7.600e-6
-1.040, 7.606e-6
-1.041, 7.609e-6
-1.042, 7.613e-6
-1.043, 7.619e-6
-1.044, 7.625e-6
-1.045, 7.629e-6
-1.046, 7.635e-6
-1.047, 7.638e-6
-1.048, 7.646e-6
-1.049, 7.651e-6
-1.050, 7.656e-6
-1.051, 7.663e-6
-1.052, 7.669e-6
-1.053, 7.675e-6
-1.054, 7.681e-6
-1.055, 7.687e-6
-1.056, 7.694e-6
-1.057, 7.700e-6
-1.058, 7.706e-6
-1.059, 7.713e-6
-1.060, 7.721e-6
-1.061, 7.728e-6
-1.062, 7.735e-6
-1.063, 7.742e-6
-1.064, 7.749e-6
-1.065, 7.758e-6
-1.066, 7.763e-6
-1.067, 7.771e-6
-1.068, 7.779e-6
-1.069, 7.787e-6
-1.070, 7.795e-6
-1.071, 7.803e-6
-1.072, 7.811e-6
-1.073, 7.820e-6
-1.074, 7.827e-6
-1.075, 7.838e-6
-1.076, 7.848e-6
-1.077, 7.856e-6
-1.078, 7.865e-6
-1.079, 7.871e-6
-1.080, 7.881e-6
-1.081, 7.890e-6
-1.082, 7.898e-6
-1.083, 7.908e-6
-1.084, 7.916e-6
-1.085, 7.925e-6
-1.086, 7.934e-6
-1.087, 7.942e-6
-1.088, 7.954e-6
-1.089, 7.963e-6
-1.090, 7.972e-6
-1.091, 7.981e-6
-1.092, 7.990e-6
-1.093, 8.000e-6
-1.094, 8.009e-6
-1.095, 8.018e-6
-1.096, 8.027e-6
-1.097, 8.036e-6
-1.098, 8.047e-6
-1.099, 8.055e-6
-1.100, 8.065e-6
-1.101, 8.074e-6
-1.102, 8.086e-6
-1.103, 8.095e-6
-1.104, 8.104e-6
-1.105, 8.114e-6
-1.106, 8.122e-6
-1.107, 8.132e-6
-1.108, 8.144e-6
-1.109, 8.153e-6
-1.110, 8.163e-6
-1.111, 8.173e-6
-1.112, 8.184e-6
-1.113, 8.195e-6
-1.114, 8.206e-6
-1.115, 8.217e-6
-1.116, 8.228e-6
-1.117, 8.240e-6
-1.118, 8.250e-6
-1.119, 8.261e-6
-1.120, 8.273e-6
-1.121, 8.284e-6
-1.122, 8.294e-6
-1.123, 8.306e-6
-1.124, 8.317e-6
-1.125, 8.327e-6
-1.126, 8.340e-6
-1.127, 8.349e-6
-1.128, 8.361e-6
-1.129, 8.372e-6
-1.130, 8.382e-6
-1.131, 8.393e-6
-1.132, 8.405e-6
-1.133, 8.417e-6
-1.134, 8.429e-6
-1.135, 8.441e-6
-1.136, 8.454e-6
-1.137, 8.465e-6
-1.138, 8.479e-6
-1.139, 8.491e-6
-1.140, 8.502e-6
-1.141, 8.514e-6
-1.142, 8.527e-6
-1.143, 8.539e-6
-1.144, 8.551e-6
-1.145, 8.562e-6
-1.146, 8.575e-6
-1.147, 8.587e-6
-1.148, 8.600e-6
-1.149, 8.610e-6
-1.150, 8.623e-6
-1.151, 8.633e-6
-1.152, 8.646e-6
-1.153, 8.660e-6
-1.154, 8.671e-6
-1.155, 8.685e-6
-1.156, 8.697e-6
-1.157, 8.712e-6
-1.158, 8.725e-6
-1.159, 8.737e-6
-1.160, 8.750e-6
-1.161, 8.764e-6
-1.162, 8.777e-6
-1.163, 8.789e-6
-1.164, 8.803e-6
-1.165, 8.816e-6
-1.166, 8.830e-6
-1.167, 8.840e-6
-1.168, 8.854e-6
-1.169, 8.866e-6
-1.170, 8.878e-6
-1.171, 8.892e-6
-1.172, 8.904e-6
-1.173, 8.917e-6
-1.174, 8.931e-6
-1.175, 8.943e-6
-1.176, 8.956e-6
-1.177, 8.970e-6
-1.178, 8.985e-6
-1.179, 8.998e-6
-1.180, 9.010e-6
-1.181, 9.023e-6
-1.182, 9.035e-6
-1.183, 9.050e-6
-1.184, 9.063e-6
-1.185, 9.077e-6
-1.186, 9.089e-6
-1.187, 9.102e-6
-1.188, 9.115e-6
-1.189, 9.126e-6
-1.190, 9.139e-6
-1.191, 9.152e-6
-1.192, 9.164e-6
-1.193, 9.178e-6
-1.194, 9.190e-6
-1.195, 9.203e-6
-1.196, 9.216e-6
-1.197, 9.229e-6
-1.198, 9.243e-6
-1.199, 9.254e-6
-1.200, 9.268e-6
-1.201, 9.281e-6
-1.202, 9.293e-6
-1.203, 9.306e-6
-1.204, 9.319e-6
-1.205, 9.331e-6
-1.206, 9.345e-6
-1.207, 9.355e-6
-1.208, 9.367e-6
-1.209, 9.379e-6
-1.210, 9.389e-6
-1.211, 9.402e-6
-1.212, 9.413e-6
-1.213, 9.425e-6
-1.214, 9.437e-6
-1.215, 9.449e-6
-1.216, 9.462e-6
-1.217, 9.473e-6
-1.218, 9.485e-6
-1.219, 9.498e-6
-1.220, 9.509e-6
-1.221, 9.520e-6
-1.222, 9.533e-6
-1.223, 9.545e-6
-1.224, 9.556e-6
-1.225, 9.567e-6
-1.226, 9.578e-6
-1.227, 9.589e-6
-1.228, 9.602e-6
-1.229, 9.617e-6
-1.230, 9.627e-6
-1.231, 9.637e-6
-1.232, 9.647e-6
-1.233, 9.658e-6
-1.234, 9.667e-6
-1.235, 9.678e-6
-1.236, 9.689e-6
-1.237, 9.698e-6
-1.238, 9.711e-6
-1.239, 9.720e-6
-1.240, 9.731e-6
-1.241, 9.742e-6
-1.242, 9.751e-6
-1.243, 9.764e-6
-1.244, 9.773e-6
-1.245, 9.782e-6
-1.246, 9.794e-6
-1.247, 9.803e-6
-1.248, 9.814e-6
-1.249, 9.824e-6
-1.250, 9.833e-6
-1.251, 9.844e-6
-1.252, 9.853e-6
-1.253, 9.864e-6
-1.254, 9.874e-6
-1.255, 9.882e-6
-1.256, 9.893e-6
-1.257, 9.900e-6
-1.258, 9.911e-6
-1.259, 9.921e-6
-1.260, 9.931e-6
-1.261, 9.940e-6
-1.262, 9.949e-6
-1.263, 9.960e-6
-1.264, 9.969e-6
-1.265, 9.980e-6
-1.266, 9.989e-6
-1.267, 9.999e-6
-1.268, 1.001e-5
-1.269, 1.002e-5
-1.270, 1.003e-5
-1.271, 1.004e-5
-1.272, 1.004e-5
-1.273, 1.005e-5
-1.274, 1.006e-5
-1.275, 1.007e-5
-1.276, 1.008e-5
-1.277, 1.009e-5
-1.278, 1.010e-5
-1.279, 1.011e-5
-1.280, 1.012e-5
-1.281, 1.013e-5
-1.282, 1.013e-5
-1.283, 1.014e-5
-1.284, 1.015e-5
-1.285, 1.016e-5
-1.286, 1.017e-5
-1.287, 1.018e-5
-1.288, 1.019e-5
-1.289, 1.020e-5
-1.290, 1.020e-5
-1.291, 1.021e-5
-1.292, 1.022e-5
-1.293, 1.023e-5
-1.294, 1.024e-5
-1.295, 1.025e-5
-1.296, 1.026e-5
-1.297, 1.027e-5
-1.298, 1.028e-5
-1.299, 1.029e-5
-1.300, 1.029e-5
-1.301, 1.030e-5
-1.302, 1.031e-5
-1.303, 1.032e-5
-1.304, 1.033e-5
-1.305, 1.034e-5
-1.306, 1.035e-5
-1.307, 1.036e-5
-1.308, 1.037e-5
-1.309, 1.038e-5
-1.310, 1.039e-5
-1.311, 1.039e-5
-1.312, 1.041e-5
-1.313, 1.042e-5
-1.314, 1.043e-5
-1.315, 1.044e-5
-1.316, 1.045e-5
-1.317, 1.045e-5
-1.318, 1.047e-5
-1.319, 1.047e-5
-1.320, 1.048e-5
-1.321, 1.050e-5
-1.322, 1.051e-5
-1.323, 1.052e-5
-1.324, 1.052e-5
-1.325, 1.053e-5
-1.326, 1.055e-5
-1.327, 1.055e-5
-1.328, 1.056e-5
-1.329, 1.058e-5
-1.330, 1.058e-5
-1.331, 1.060e-5
-1.332, 1.061e-5
-1.333, 1.062e-5
-1.334, 1.063e-5
-1.335, 1.064e-5
-1.336, 1.065e-5
-1.337, 1.066e-5
-1.338, 1.067e-5
-1.339, 1.068e-5
-1.340, 1.069e-5
-1.341, 1.070e-5
-1.342, 1.071e-5
-1.343, 1.072e-5
-1.344, 1.074e-5
-1.345, 1.075e-5
-1.346, 1.076e-5
-1.347, 1.077e-5
-1.348, 1.078e-5
-1.349, 1.079e-5
-1.350, 1.080e-5
-1.351, 1.082e-5
-1.352, 1.083e-5
-1.353, 1.084e-5
-1.354, 1.085e-5
-1.355, 1.086e-5
-1.356, 1.087e-5
-1.357, 1.089e-5
-1.358, 1.090e-5
-1.359, 1.091e-5
-1.360, 1.092e-5
-1.361, 1.093e-5
-1.362, 1.094e-5
-1.363, 1.096e-5
-1.364, 1.097e-5
-1.365, 1.098e-5
-1.366, 1.100e-5
-1.367, 1.100e-5
-1.368, 1.102e-5
-1.369, 1.103e-5
-1.370, 1.104e-5
-1.371, 1.106e-5
-1.372, 1.107e-5
-1.373, 1.108e-5
-1.374, 1.110e-5
-1.375, 1.111e-5
-1.376, 1.112e-5
-1.377, 1.113e-5
-1.378, 1.115e-5
-1.379, 1.116e-5
-1.380, 1.117e-5
-1.381, 1.119e-5
-1.382, 1.120e-5
-1.383, 1.122e-5
-1.384, 1.123e-5
-1.385, 1.125e-5
-1.386, 1.126e-5
-1.387, 1.128e-5
-1.388, 1.129e-5
-1.389, 1.130e-5
-1.390, 1.132e-5
-1.391, 1.133e-5
-1.392, 1.135e-5
-1.393, 1.136e-5
-1.394, 1.138e-5
-1.395, 1.139e-5
-1.396, 1.141e-5
-1.397, 1.143e-5
-1.398, 1.144e-5
-1.399, 1.146e-5
-1.400, 1.147e-5
-1.401, 1.149e-5
-1.402, 1.150e-5
-1.403, 1.152e-5
-1.404, 1.154e-5
-1.405, 1.155e-5
-1.406, 1.157e-5
-1.407, 1.159e-5
-1.408, 1.161e-5
-1.409, 1.163e-5
-1.410, 1.164e-5
-1.411, 1.166e-5
-1.412, 1.168e-5
-1.413, 1.170e-5
-1.414, 1.172e-5
-1.415, 1.174e-5
-1.416, 1.176e-5
-1.417, 1.178e-5
-1.418, 1.179e-5
-1.419, 1.181e-5
-1.420, 1.184e-5
-1.421, 1.185e-5
-1.422, 1.188e-5
-1.423, 1.190e-5
-1.424, 1.192e-5
-1.425, 1.194e-5
-1.426, 1.196e-5
-1.427, 1.198e-5
-1.428, 1.200e-5
-1.429, 1.202e-5
-1.430, 1.204e-5
-1.431, 1.206e-5
-1.432, 1.208e-5
-1.433, 1.210e-5
-1.434, 1.212e-5
-1.435, 1.215e-5
-1.436, 1.217e-5
-1.437, 1.220e-5
-1.438, 1.222e-5
-1.439, 1.225e-5
-1.440, 1.227e-5
-1.441, 1.230e-5
-1.442, 1.232e-5
-1.443, 1.235e-5
-1.444, 1.238e-5
-1.445, 1.240e-5
-1.446, 1.243e-5
-1.447, 1.246e-5
-1.448, 1.249e-5
-1.449, 1.252e-5
-1.450, 1.255e-5
-1.451, 1.258e-5
-1.452, 1.261e-5
-1.453, 1.264e-5
-1.454, 1.267e-5
-1.455, 1.270e-5
-1.456, 1.273e-5
-1.457, 1.276e-5
-1.458, 1.280e-5
-1.459, 1.283e-5
-1.460, 1.286e-5
-1.461, 1.290e-5
-1.462, 1.293e-5
-1.463, 1.296e-5
-1.464, 1.300e-5
-1.465, 1.303e-5
-1.466, 1.307e-5
-1.467, 1.311e-5
-1.468, 1.314e-5
-1.469, 1.318e-5
-1.470, 1.321e-5
-1.471, 1.325e-5
-1.472, 1.329e-5
-1.473, 1.333e-5
-1.474, 1.337e-5
-1.475, 1.341e-5
-1.476, 1.345e-5
-1.477, 1.349e-5
-1.478, 1.354e-5
-1.479, 1.358e-5
-1.480, 1.362e-5
-1.481, 1.366e-5
-1.482, 1.370e-5
-1.483, 1.375e-5
-1.484, 1.380e-5
-1.485, 1.384e-5
-1.486, 1.389e-5
-1.487, 1.393e-5
-1.488, 1.398e-5
-1.489, 1.403e-5
-1.490, 1.407e-5
-1.491, 1.412e-5
-1.492, 1.417e-5
-1.493, 1.422e-5
-1.494, 1.427e-5
-1.495, 1.432e-5
-1.496, 1.437e-5
-1.497, 1.443e-5
-1.498, 1.448e-5
-1.499, 1.453e-5
-1.500, 1.459e-5
-1.501, 1.464e-5
-1.502, 1.470e-5
-1.503, 1.476e-5
-1.504, 1.481e-5
-1.505, 1.487e-5
-1.506, 1.493e-5
-1.507, 1.499e-5
-1.508, 1.505e-5
-1.509, 1.511e-5
-1.510, 1.518e-5
-1.511, 1.524e-5
-1.512, 1.530e-5
-1.513, 1.537e-5
-1.514, 1.543e-5
-1.515, 1.550e-5
-1.516, 1.556e-5
-1.517, 1.563e-5
-1.518, 1.570e-5
-1.519, 1.577e-5
-1.520, 1.584e-5
-1.521, 1.591e-5
-1.522, 1.598e-5
-1.523, 1.606e-5
-1.524, 1.613e-5
-1.525, 1.621e-5
-1.526, 1.628e-5
-1.527, 1.635e-5
-1.528, 1.643e-5
-1.529, 1.651e-5
-1.530, 1.659e-5
-1.531, 1.667e-5
-1.532, 1.675e-5
-1.533, 1.683e-5
-1.534, 1.692e-5
-1.535, 1.700e-5
-1.536, 1.709e-5
-1.537, 1.717e-5
-1.538, 1.726e-5
-1.539, 1.735e-5
-1.540, 1.743e-5
-1.541, 1.753e-5
-1.542, 1.762e-5
-1.543, 1.771e-5
-1.544, 1.781e-5
-1.545, 1.790e-5
-1.546, 1.800e-5
-1.547, 1.809e-5
-1.548, 1.819e-5
-1.549, 1.829e-5
-1.550, 1.839e-5
-1.551, 1.850e-5
-1.552, 1.860e-5
-1.553, 1.871e-5
-1.554, 1.881e-5
-1.555, 1.892e-5
-1.556, 1.903e-5
-1.557, 1.914e-5
-1.558, 1.925e-5
-1.559, 1.936e-5
-1.560, 1.947e-5
-1.561, 1.959e-5
-1.562, 1.971e-5
-1.563, 1.983e-5
-1.564, 1.995e-5
-1.565, 2.006e-5
-1.566, 2.019e-5
-1.567, 2.031e-5
-1.568, 2.043e-5
-1.569, 2.056e-5
-1.570, 2.069e-5
-1.571, 2.082e-5
-1.572, 2.095e-5
-1.573, 2.109e-5
-1.574, 2.123e-5
-1.575, 2.136e-5
-1.576, 2.150e-5
-1.577, 2.164e-5
-1.578, 2.178e-5
-1.579, 2.193e-5
-1.580, 2.207e-5
-1.581, 2.222e-5
-1.582, 2.237e-5
-1.583, 2.252e-5
-1.584, 2.267e-5
-1.585, 2.283e-5
-1.586, 2.298e-5
-1.587, 2.314e-5
-1.588, 2.330e-5
-1.589, 2.346e-5
-1.590, 2.363e-5
-1.591, 2.380e-5
-1.592, 2.397e-5
-1.593, 2.414e-5
-1.594, 2.432e-5
-1.595, 2.449e-5
-1.596, 2.467e-5
-1.597, 2.485e-5
-1.598, 2.503e-5
-1.599, 2.521e-5
-1.600, 2.540e-5
-1.601, 2.559e-5
-1.602, 2.577e-5
-1.603, 2.597e-5
-1.604, 2.616e-5
-1.605, 2.636e-5
-1.606, 2.656e-5
-1.607, 2.676e-5
-1.608, 2.697e-5
-1.609, 2.718e-5
-1.610, 2.739e-5
-1.611, 2.760e-5
-1.612, 2.781e-5
-1.613, 2.802e-5
-1.614, 2.824e-5
-1.615, 2.847e-5
-1.616, 2.870e-5
-1.617, 2.892e-5
-1.618, 2.916e-5
-1.619, 2.939e-5
-1.620, 2.963e-5
-1.621, 2.987e-5
-1.622, 3.011e-5
-1.623, 3.036e-5
-1.624, 3.061e-5
-1.625, 3.086e-5
-1.626, 3.112e-5
-1.627, 3.138e-5
-1.628, 3.164e-5
-1.629, 3.192e-5
-1.630, 3.219e-5
-1.631, 3.246e-5
-1.632, 3.275e-5
-1.633, 3.303e-5
-1.634, 3.331e-5
-1.635, 3.360e-5
-1.636, 3.389e-5
-1.637, 3.419e-5
-1.638, 3.449e-5
-1.639, 3.481e-5
-1.640, 3.511e-5
-1.641, 3.542e-5
-1.642, 3.573e-5
-1.643, 3.605e-5
-1.644, 3.637e-5
-1.645, 3.670e-5
-1.646, 3.703e-5
-1.647, 3.737e-5
-1.648, 3.770e-5
-1.649, 3.804e-5
-1.650, 3.839e-5
-1.651, 3.874e-5
-1.652, 3.910e-5
-1.653, 3.946e-5
-1.654, 3.983e-5
-1.655, 4.020e-5
-1.656, 4.058e-5
-1.657, 4.096e-5
-1.658, 4.135e-5
-1.659, 4.174e-5
-1.660, 4.212e-5
-1.661, 4.252e-5
-1.662, 4.294e-5
-1.663, 4.335e-5
-1.664, 4.375e-5
-1.665, 4.416e-5
-1.666, 4.459e-5
-1.667, 4.502e-5
-1.668, 4.545e-5
-1.669, 4.589e-5
-1.670, 4.634e-5
-1.671, 4.678e-5
-1.672, 4.724e-5
-1.673, 4.770e-5
-1.674, 4.817e-5
-1.675, 4.864e-5
-1.676, 4.912e-5
-1.677, 4.961e-5
-1.678, 5.010e-5
-1.679, 5.061e-5
-1.680, 5.111e-5
-1.681, 5.161e-5
-1.682, 5.213e-5
-1.683, 5.266e-5
-1.684, 5.319e-5
-1.685, 5.373e-5
-1.686, 5.427e-5
-1.687, 5.482e-5
-1.688, 5.539e-5
-1.689, 5.597e-5
-1.690, 5.655e-5
-1.691, 5.714e-5
-1.692, 5.772e-5
-1.693, 5.832e-5
-1.694, 5.894e-5
-1.695, 5.954e-5
-1.696, 6.017e-5
-1.697, 6.080e-5
-1.698, 6.145e-5
-1.699, 6.210e-5
-1.700, 6.276e-5
-1.701, 6.344e-5
-1.702, 6.414e-5
-1.703, 6.483e-5
-1.704, 6.553e-5
-1.705, 6.625e-5
-1.706, 6.698e-5
-1.707, 6.772e-5
-1.708, 6.847e-5
-1.709, 6.921e-5
-1.710, 6.997e-5
-1.711, 7.077e-5
-1.712, 7.157e-5
-1.713, 7.237e-5
-1.714, 7.318e-5
-1.715, 7.401e-5
-1.716, 7.487e-5
-1.717, 7.572e-5
-1.718, 7.660e-5
-1.719, 7.749e-5
-1.720, 7.841e-5
-1.721, 7.934e-5
-1.722, 8.030e-5
-1.723, 8.127e-5
-1.724, 8.224e-5
-1.725, 8.325e-5
-1.726, 8.426e-5
-1.727, 8.531e-5
-1.728, 8.637e-5
-1.729, 8.748e-5
-1.730, 8.860e-5
-1.731, 8.973e-5
-1.732, 9.089e-5
-1.733, 9.209e-5
-1.734, 9.333e-5
-1.735, 9.456e-5
-1.736, 9.583e-5
-1.737, 9.713e-5
-1.738, 9.847e-5
-1.739, 9.985e-5
-1.740, 1.012e-4
-1.741, 1.027e-4
-1.742, 1.042e-4
-1.743, 1.057e-4
-1.744, 1.072e-4
-1.745, 1.088e-4
-1.746, 1.104e-4
-1.747, 1.121e-4
-1.748, 1.138e-4
-1.749, 1.156e-4
-1.750, 1.173e-4
-1.751, 1.192e-4
-1.752, 1.211e-4
-1.753, 1.230e-4
-1.754, 1.250e-4
-1.755, 1.271e-4
-1.756, 1.292e-4
-1.757, 1.313e-4
-1.758, 1.335e-4
-1.759, 1.357e-4
-1.760, 1.381e-4
-1.761, 1.404e-4
-1.762, 1.428e-4
-1.763, 1.453e-4
-1.764, 1.478e-4
-1.765, 1.504e-4
-1.766, 1.531e-4
-1.767, 1.558e-4
-1.768, 1.586e-4
-1.769, 1.615e-4
-1.770, 1.644e-4
-1.771, 1.675e-4
-1.772, 1.705e-4
-1.773, 1.737e-4
-1.774, 1.769e-4
-1.775, 1.802e-4
-1.776, 1.836e-4
-1.777, 1.871e-4
-1.778, 1.906e-4
-1.779, 1.943e-4
-1.780, 1.980e-4
-1.781, 2.017e-4
-1.782, 2.056e-4
-1.783, 2.095e-4
-1.784, 2.135e-4
-1.785, 2.176e-4
-1.786, 2.217e-4
-1.787, 2.259e-4
-1.788, 2.302e-4
-1.789, 2.345e-4
-1.790, 2.390e-4
-1.791, 2.434e-4
-1.792, 2.480e-4
-1.793, 2.527e-4
-1.794, 2.574e-4
-1.795, 2.621e-4
-1.796, 2.669e-4
-1.797, 2.718e-4
-1.798, 2.768e-4
-1.799, 2.818e-4
-1.800, 2.869e-4
-1.801, 2.920e-4
-1.802, 2.971e-4
-1.803, 3.024e-4
-1.804, 3.077e-4
-1.805, 3.130e-4
-1.806, 3.185e-4
-1.807, 3.239e-4
-1.808, 3.295e-4
-1.809, 3.351e-4
-1.810, 3.408e-4
-1.811, 3.465e-4
-1.812, 3.522e-4
-1.813, 3.580e-4
-1.814, 3.639e-4
-1.815, 3.698e-4
-1.816, 3.758e-4
-1.817, 3.818e-4
-1.818, 3.879e-4
-1.819, 3.940e-4
-1.820, 4.002e-4
-1.821, 4.064e-4
-1.822, 4.127e-4
-1.823, 4.189e-4
-1.824, 4.252e-4
-1.825, 4.317e-4
-1.826, 4.381e-4
-1.827, 4.446e-4
-1.828, 4.511e-4
-1.829, 4.577e-4
-1.830, 4.643e-4
-1.831, 4.710e-4
-1.832, 4.777e-4
-1.833, 4.843e-4
-1.834, 4.909e-4
-1.835, 4.977e-4
-1.836, 5.045e-4
-1.837, 5.114e-4
-1.838, 5.183e-4
-1.839, 5.251e-4
-1.840, 5.321e-4
-1.841, 5.390e-4
-1.842, 5.461e-4
-1.843, 5.531e-4
-1.844, 5.602e-4
-1.845, 5.673e-4
-1.846, 5.745e-4
-1.847, 5.817e-4
-1.848, 5.889e-4
-1.849, 5.961e-4
-1.850, 6.035e-4
-1.851, 6.108e-4
-1.852, 6.180e-4
-1.853, 6.254e-4
-1.854, 6.327e-4
-1.855, 6.402e-4
-1.856, 6.477e-4
-1.857, 6.551e-4
-1.858, 6.626e-4
-1.859, 6.702e-4
-1.860, 6.777e-4
-1.861, 6.853e-4
-1.862, 6.928e-4
-1.863, 7.005e-4
-1.864, 7.081e-4
-1.865, 7.158e-4
-1.866, 7.234e-4
-1.867, 7.312e-4
-1.868, 7.390e-4
-1.869, 7.468e-4
-1.870, 7.545e-4
-1.871, 7.623e-4
-1.872, 7.701e-4
-1.873, 7.780e-4
-1.874, 7.857e-4
-1.875, 7.934e-4
-1.876, 8.014e-4
-1.877, 8.093e-4
-1.878, 8.171e-4
-1.879, 8.251e-4
-1.880, 8.330e-4
-1.881, 8.410e-4
-1.882, 8.490e-4
-1.883, 8.572e-4
-1.884, 8.653e-4
-1.885, 8.732e-4
-1.886, 8.815e-4
-1.887, 8.895e-4
-1.888, 8.977e-4
-1.889, 9.058e-4
-1.890, 9.140e-4
-1.891, 9.222e-4
-1.892, 9.304e-4
-1.893, 9.388e-4
-1.894, 9.471e-4
-1.895, 9.553e-4
-1.896, 9.636e-4
-1.897, 9.718e-4
-1.898, 9.800e-4
-1.899, 9.882e-4
-1.900, 9.964e-4
-1.901, 1.005e-3
-1.902, 1.011e-3
-1.903, 1.011e-3
-1.904, 1.011e-3
-1.905, 1.011e-3
-1.906, 1.011e-3
-1.907, 1.011e-3
-1.908, 1.011e-3
-1.909, 1.011e-3
-1.910, 1.011e-3
-1.911, 1.011e-3
-1.912, 1.011e-3
-1.913, 1.011e-3
-1.914, 1.011e-3
-1.915, 1.011e-3
-1.916, 1.011e-3
-1.917, 1.011e-3
-1.918, 1.011e-3
-1.919, 1.011e-3
-1.920, 1.011e-3
-1.921, 1.011e-3
-1.922, 1.011e-3
-1.923, 1.011e-3
-1.924, 1.011e-3
-1.925, 1.011e-3
-1.926, 1.011e-3
-1.927, 1.011e-3
-1.928, 1.011e-3
-1.929, 1.011e-3
-1.930, 1.011e-3
-1.931, 1.011e-3
-1.932, 1.011e-3
-1.933, 1.011e-3
-1.934, 1.011e-3
-1.935, 1.011e-3
-1.936, 1.011e-3
-1.937, 1.011e-3
-1.938, 1.011e-3
-1.939, 1.011e-3
-1.940, 1.011e-3
-1.941, 1.011e-3
-1.942, 1.011e-3
-1.943, 1.011e-3
-1.944, 1.011e-3
-1.945, 1.011e-3
-1.946, 1.011e-3
-1.947, 1.011e-3
-1.948, 1.011e-3
-1.949, 1.011e-3
-1.950, 1.011e-3
-1.951, 1.011e-3
-1.952, 1.011e-3
-1.953, 1.011e-3
-1.954, 1.011e-3
-1.955, 1.011e-3
-1.956, 1.011e-3
-1.957, 1.011e-3
-1.958, 1.011e-3
-1.959, 1.011e-3
-1.960, 1.011e-3
-1.961, 1.011e-3
-1.962, 1.011e-3
-1.963, 1.011e-3
-1.964, 1.011e-3
-1.965, 1.011e-3
-1.966, 1.011e-3
-1.967, 1.011e-3
-1.968, 1.011e-3
-1.969, 1.011e-3
-1.970, 1.011e-3
-1.971, 1.011e-3
-1.972, 1.011e-3
-1.973, 1.011e-3
-1.974, 1.011e-3
-1.975, 1.011e-3
-1.976, 1.011e-3
-1.977, 1.011e-3
-1.978, 1.011e-3
-1.979, 1.011e-3
-1.980, 1.011e-3
-1.981, 1.011e-3
-1.982, 1.011e-3
-1.983, 1.011e-3
-1.984, 1.011e-3
-1.985, 1.011e-3
-1.986, 1.011e-3
-1.987, 1.011e-3
-1.988, 1.011e-3
-1.989, 1.011e-3
-1.990, 1.011e-3
-1.991, 1.011e-3
-1.992, 1.011e-3
-1.993, 1.011e-3
-1.994, 1.011e-3
-1.995, 1.011e-3
-1.996, 1.011e-3
-1.997, 1.011e-3
-1.998, 1.011e-3
-1.999, 1.011e-3
-2.000, 1.011e-3
-2.001, 1.011e-3
-2.002, 1.011e-3
-2.003, 1.011e-3
-2.004, 1.011e-3
-2.005, 1.011e-3
-2.006, 1.011e-3
-2.007, 1.011e-3
-2.008, 1.011e-3
-2.009, 1.011e-3
-2.010, 1.011e-3
-2.011, 1.011e-3
-2.012, 1.011e-3
-2.013, 1.011e-3
-2.014, 1.011e-3
-2.015, 1.011e-3
-2.016, 1.011e-3
-2.017, 1.011e-3
-2.018, 1.011e-3
-2.019, 1.011e-3
-2.020, 1.011e-3
-2.021, 1.011e-3
-2.022, 1.011e-3
-2.023, 1.011e-3
-2.024, 1.011e-3
-2.025, 1.011e-3
-2.026, 1.011e-3
-2.027, 1.011e-3
-2.028, 1.011e-3
-2.029, 1.011e-3
-2.030, 1.011e-3
-2.031, 1.011e-3
-2.032, 1.011e-3
-2.033, 1.011e-3
-2.034, 1.011e-3
-2.035, 1.011e-3
-2.036, 1.011e-3
-2.037, 1.011e-3
-2.038, 1.011e-3
-2.039, 1.011e-3
-2.040, 1.011e-3
-2.041, 1.011e-3
-2.042, 1.011e-3
-2.043, 1.011e-3
-2.044, 1.011e-3
-2.045, 1.011e-3
-2.046, 1.011e-3
-2.047, 1.011e-3
-2.048, 1.011e-3
-2.049, 1.011e-3
-2.050, 1.011e-3
-2.051, 1.011e-3
-2.052, 1.011e-3
-2.053, 1.011e-3
-2.054, 1.011e-3
-2.055, 1.011e-3
-2.056, 1.011e-3
-2.057, 1.011e-3
-2.058, 1.011e-3
-2.059, 1.011e-3
-2.060, 1.011e-3
-2.061, 1.011e-3
-2.062, 1.011e-3
-2.063, 1.011e-3
-2.064, 1.011e-3
-2.065, 1.011e-3
-2.066, 1.011e-3
-2.067, 1.011e-3
-2.068, 1.011e-3
-2.069, 1.011e-3
-2.070, 1.011e-3
-2.071, 1.011e-3
-2.072, 1.011e-3
-2.073, 1.011e-3
-2.074, 1.011e-3
-2.075, 1.011e-3
-2.076, 1.011e-3
-2.077, 1.011e-3
-2.078, 1.011e-3
-2.079, 1.011e-3
-2.080, 1.011e-3
-2.081, 1.011e-3
-2.082, 1.011e-3
-2.083, 1.011e-3
-2.084, 1.011e-3
-2.085, 1.011e-3
-2.086, 1.011e-3
-2.087, 1.011e-3
-2.088, 1.011e-3
-2.089, 1.011e-3
-2.090, 1.011e-3
-2.091, 1.011e-3
-2.092, 1.011e-3
-2.093, 1.011e-3
-2.094, 1.011e-3
-2.095, 1.011e-3
-2.096, 1.011e-3
-2.097, 1.011e-3
-2.098, 1.011e-3
-2.099, 1.011e-3
-2.100, 1.011e-3
-2.101, 1.011e-3
-2.102, 1.011e-3
-2.103, 1.011e-3
-2.104, 1.011e-3
-2.105, 1.011e-3
-2.106, 1.011e-3
-2.107, 1.011e-3
-2.108, 1.011e-3
-2.109, 1.011e-3
-2.110, 1.011e-3
-2.111, 1.011e-3
-2.112, 1.011e-3
-2.113, 1.011e-3
-2.114, 1.011e-3
-2.115, 1.011e-3
-2.116, 1.011e-3
-2.117, 1.011e-3
-2.118, 1.011e-3
-2.119, 1.011e-3
-2.120, 1.011e-3
-2.121, 1.011e-3
-2.122, 1.011e-3
-2.123, 1.011e-3
-2.124, 1.011e-3
-2.125, 1.011e-3
-2.126, 1.011e-3
-2.127, 1.011e-3
-2.128, 1.011e-3
-2.129, 1.011e-3
-2.130, 1.011e-3
-2.131, 1.011e-3
-2.132, 1.011e-3
-2.133, 1.011e-3
-2.134, 1.011e-3
-2.135, 1.011e-3
-2.136, 1.011e-3
-2.137, 1.011e-3
-2.138, 1.011e-3
-2.139, 1.011e-3
-2.140, 1.011e-3
-2.141, 1.011e-3
-2.142, 1.011e-3
-2.143, 1.011e-3
-2.144, 1.011e-3
-2.145, 1.011e-3
-2.146, 1.011e-3
-2.147, 1.011e-3
-2.148, 1.011e-3
-2.149, 1.011e-3
-2.150, 1.011e-3
-2.151, 1.011e-3
-2.152, 1.011e-3
-2.153, 1.011e-3
-2.154, 1.011e-3
-2.155, 1.011e-3
-2.156, 1.011e-3
-2.157, 1.011e-3
-2.158, 1.011e-3
-2.159, 1.011e-3
-2.160, 1.011e-3
-2.161, 1.011e-3
-2.162, 1.011e-3
-2.163, 1.011e-3
-2.164, 1.011e-3
-2.165, 1.011e-3
-2.166, 1.011e-3
-2.167, 1.011e-3
-2.168, 1.011e-3
-2.169, 1.011e-3
-2.170, 1.011e-3
-2.171, 1.011e-3
-2.172, 1.011e-3
-2.173, 1.011e-3
-2.174, 1.011e-3
-2.175, 1.011e-3
-2.176, 1.011e-3
-2.177, 1.011e-3
-2.178, 1.011e-3
-2.179, 1.011e-3
-2.180, 1.011e-3
-2.181, 1.011e-3
-2.182, 1.011e-3
-2.183, 1.011e-3
-2.184, 1.011e-3
-2.185, 1.011e-3
-2.186, 1.011e-3
-2.187, 1.011e-3
-2.188, 1.011e-3
-2.189, 1.011e-3
-2.190, 1.011e-3
-2.191, 1.011e-3
-2.192, 1.011e-3
-2.193, 1.011e-3
-2.194, 1.011e-3
-2.195, 1.011e-3
-2.196, 1.011e-3
-2.197, 1.011e-3
-2.198, 1.011e-3
-2.199, 1.011e-3
-2.200, 1.011e-3
-2.201, 1.011e-3
-2.202, 1.011e-3
-2.203, 1.011e-3
-2.204, 1.011e-3
-2.205, 1.011e-3
-2.206, 1.011e-3
-2.207, 1.011e-3
-2.208, 1.011e-3
-2.209, 1.011e-3
-2.210, 1.011e-3
-2.211, 1.011e-3
-2.212, 1.011e-3
-2.213, 1.011e-3
-2.214, 1.011e-3
-2.215, 1.011e-3
-2.216, 1.011e-3
-2.217, 1.011e-3
-2.218, 1.011e-3
-2.219, 1.011e-3
-2.220, 1.011e-3
-2.221, 1.011e-3
-2.222, 1.011e-3
-2.223, 1.011e-3
-2.224, 1.011e-3
-2.225, 1.011e-3
-2.226, 1.011e-3
-2.227, 1.011e-3
-2.228, 1.011e-3
-2.229, 1.011e-3
-2.230, 1.011e-3
-2.231, 1.011e-3
-2.232, 1.011e-3
-2.233, 1.011e-3
-2.234, 1.011e-3
-2.235, 1.011e-3
-2.236, 1.011e-3
-2.237, 1.011e-3
-2.238, 1.011e-3
-2.239, 1.011e-3
-2.240, 1.011e-3
-2.241, 1.011e-3
-2.242, 1.011e-3
-2.243, 1.011e-3
-2.244, 1.011e-3
-2.245, 1.011e-3
-2.246, 1.011e-3
-2.247, 1.011e-3
-2.248, 1.011e-3
-2.249, 1.011e-3
-2.250, 1.011e-3
-2.251, 1.011e-3
-2.252, 1.011e-3
-2.253, 1.011e-3
-2.254, 1.011e-3
-2.255, 1.011e-3
-2.256, 1.011e-3
-2.257, 1.011e-3
-2.258, 1.011e-3
-2.259, 1.011e-3
-2.260, 1.011e-3
-2.261, 1.011e-3
-2.262, 1.011e-3
-2.263, 1.011e-3
-2.264, 1.011e-3
-2.265, 1.011e-3
-2.266, 1.011e-3
-2.267, 1.011e-3
-2.268, 1.011e-3
-2.269, 1.011e-3
-2.270, 1.011e-3
-2.271, 1.011e-3
-2.272, 1.011e-3
-2.273, 1.011e-3
-2.274, 1.011e-3
-2.275, 1.011e-3
-2.276, 1.011e-3
-2.277, 1.011e-3
-2.278, 1.011e-3
-2.279, 1.011e-3
-2.280, 1.011e-3
-2.281, 1.011e-3
-2.282, 1.011e-3
-2.283, 1.011e-3
-2.284, 1.011e-3
-2.285, 1.011e-3
-2.286, 1.011e-3
-2.287, 1.011e-3
-2.288, 1.011e-3
-2.289, 1.011e-3
-2.290, 1.011e-3
-2.291, 1.011e-3
-2.292, 1.011e-3
-2.293, 1.011e-3
-2.294, 1.011e-3
-2.295, 1.011e-3
-2.296, 1.011e-3
-2.297, 1.011e-3
-2.298, 1.011e-3
-2.299, 1.011e-3
