June 27, 2026   23:00:29
Cyclic Voltammetry
File: c:/users/guazh/data/20260623_doe_duplica2/2026-06-24-exp27\exp27-2026-06-27t22_41_12-arkoh\exp27_cv_sr_200mvs_efin_-1900mv.bin
Data Source:  Experiment
Instrument Model:  CHI760E
Header: CV ran at 200 mVs
Note: 

Init E (V) = -1
High E (V) = -1
Low E (V) = -1.9
Final E (V) = -1
Init P/N = N
Scan Rate (V/s) = 0.2
Segment = 3
Sample Interval (V) = 0.001
Quiet Time (sec) = 2
Sensitivity (A/V) = 0.01
Comp R (ohm) = 2.1

Results:

Channel 1:
Segment 1:

Segment 2:

Segment 3:

Potential/V, Current/A

-1.000, -2.686e-6
-1.001, -2.626e-6
-1.002, -2.557e-6
-1.003, -2.360e-6
-1.004, -2.518e-6
-1.005, -1.955e-6
-1.006, -2.182e-6
-1.007, -2.291e-6
-1.008, -2.074e-6
-1.009, -2.281e-6
-1.010, -1.975e-6
-1.011, -1.936e-6
-1.012, -1.837e-6
-1.013, -1.768e-6
-1.014, -2.084e-6
-1.015, -1.709e-6
-1.016, -1.877e-6
-1.017, -1.886e-6
-1.018, -1.650e-6
-1.019, -1.709e-6
-1.020, -1.590e-6
-1.021, -1.699e-6
-1.022, -1.748e-6
-1.023, -1.571e-6
-1.024, -1.748e-6
-1.025, -1.383e-6
-1.026, -1.433e-6
-1.027, -1.571e-6
-1.028, -1.413e-6
-1.029, -1.433e-6
-1.030, -1.324e-6
-1.031, -1.304e-6
-1.032, -1.304e-6
-1.033, -1.363e-6
-1.034, -1.521e-6
-1.035, -1.314e-6
-1.036, -1.354e-6
-1.037, -1.166e-6
-1.038, -1.048e-6
-1.039, -1.196e-6
-1.040, -1.038e-6
-1.041, -1.166e-6
-1.042, -1.255e-6
-1.043, -1.067e-6
-1.044, -1.146e-6
-1.045, -1.117e-6
-1.046, -9.491e-7
-1.047, -9.984e-7
-1.048, -1.008e-6
-1.049, -1.117e-6
-1.050, -7.715e-7
-1.051, -1.107e-6
-1.052, -8.800e-7
-1.053, -7.912e-7
-1.054, -1.137e-6
-1.055, -8.208e-7
-1.056, -8.800e-7
-1.057, -7.419e-7
-1.058, -6.926e-7
-1.059, -8.406e-7
-1.060, -8.208e-7
-1.061, -9.096e-7
-1.062, -8.406e-7
-1.063, -6.235e-7
-1.064, -8.406e-7
-1.065, -7.222e-7
-1.066, -8.899e-7
-1.067, -8.208e-7
-1.068, -5.347e-7
-1.069, -7.222e-7
-1.070, -6.235e-7
-1.071, -6.334e-7
-1.072, -6.038e-7
-1.073, -5.643e-7
-1.074, -7.123e-7
-1.075, -4.953e-7
-1.076, -5.742e-7
-1.077, -5.249e-7
-1.078, -4.657e-7
-1.079, -6.038e-7
-1.080, -6.235e-7
-1.081, -5.150e-7
-1.082, -5.841e-7
-1.083, -3.670e-7
-1.084, -4.361e-7
-1.085, -3.374e-7
-1.086, -3.571e-7
-1.087, -4.459e-7
-1.088, -2.092e-7
-1.089, -5.643e-7
-1.090, -2.486e-7
-1.091, -3.473e-7
-1.092, -2.782e-7
-1.093, -2.782e-7
-1.094, -5.446e-7
-1.095, -1.302e-7
-1.096, -4.459e-7
-1.097, -2.782e-7
-1.098, -2.585e-7
-1.099, -4.558e-7
-1.100, -2.289e-7
-1.101, -2.585e-7
-1.102, -1.598e-7
-1.103, -3.157e-8
-1.104, -2.980e-7
-1.105, 5.722e-8
-1.106, -2.190e-7
-1.107, -1.697e-7
-1.108, -2.171e-8
-1.109, -7.103e-8
-1.110, -1.184e-8
-1.111, -6.117e-8
-1.112, -1.184e-8
-1.113, 7.695e-8
-1.114, 3.749e-8
-1.115, -3.157e-8
-1.116, 7.893e-9
-1.117, 6.709e-8
-1.118, 8.682e-8
-1.119, -1.598e-7
-1.120, 4.736e-8
-1.121, -1.184e-8
-1.122, 1.953e-7
-1.123, 3.749e-8
-1.124, 3.749e-8
-1.125, 1.559e-7
-1.126, 8.682e-8
-1.127, 1.362e-7
-1.128, 1.953e-7
-1.129, 1.066e-7
-1.130, 2.447e-7
-1.131, 3.137e-7
-1.132, 1.559e-7
-1.133, 4.321e-7
-1.134, 1.460e-7
-1.135, 4.716e-7
-1.136, 2.348e-7
-1.137, 4.223e-7
-1.138, 4.321e-7
-1.139, 1.460e-7
-1.140, 3.828e-7
-1.141, 3.433e-7
-1.142, 4.617e-7
-1.143, 4.617e-7
-1.144, 3.631e-7
-1.145, 6.393e-7
-1.146, 5.012e-7
-1.147, 5.505e-7
-1.148, 4.617e-7
-1.149, 3.433e-7
-1.150, 4.321e-7
-1.151, 5.111e-7
-1.152, 5.308e-7
-1.153, 5.505e-7
-1.154, 5.209e-7
-1.155, 4.815e-7
-1.156, 6.492e-7
-1.157, 4.617e-7
-1.158, 6.196e-7
-1.159, 5.012e-7
-1.160, 6.689e-7
-1.161, 5.801e-7
-1.162, 7.577e-7
-1.163, 5.801e-7
-1.164, 6.985e-7
-1.165, 8.070e-7
-1.166, 6.788e-7
-1.167, 7.873e-7
-1.168, 8.169e-7
-1.169, 5.604e-7
-1.170, 9.353e-7
-1.171, 6.590e-7
-1.172, 9.353e-7
-1.173, 8.070e-7
-1.174, 6.788e-7
-1.175, 8.958e-7
-1.176, 7.182e-7
-1.177, 7.972e-7
-1.178, 9.156e-7
-1.179, 6.294e-7
-1.180, 9.748e-7
-1.181, 8.860e-7
-1.182, 8.465e-7
-1.183, 1.113e-6
-1.184, 7.676e-7
-1.185, 9.452e-7
-1.186, 9.057e-7
-1.187, 1.133e-6
-1.188, 9.254e-7
-1.189, 8.860e-7
-1.190, 1.152e-6
-1.191, 1.064e-6
-1.192, 9.945e-7
-1.193, 1.320e-6
-1.194, 1.044e-6
-1.195, 1.330e-6
-1.196, 1.064e-6
-1.197, 1.310e-6
-1.198, 1.073e-6
-1.199, 1.113e-6
-1.200, 1.251e-6
-1.201, 1.113e-6
-1.202, 9.846e-7
-1.203, 1.221e-6
-1.204, 1.054e-6
-1.205, 1.389e-6
-1.206, 1.241e-6
-1.207, 1.419e-6
-1.208, 1.369e-6
-1.209, 9.649e-7
-1.210, 1.458e-6
-1.211, 1.172e-6
-1.212, 1.083e-6
-1.213, 1.389e-6
-1.214, 1.192e-6
-1.215, 1.429e-6
-1.216, 1.271e-6
-1.217, 1.429e-6
-1.218, 1.399e-6
-1.219, 1.261e-6
-1.220, 1.586e-6
-1.221, 1.458e-6
-1.222, 1.389e-6
-1.223, 1.488e-6
-1.224, 1.340e-6
-1.225, 1.665e-6
-1.226, 1.350e-6
-1.227, 1.320e-6
-1.228, 1.596e-6
-1.229, 1.586e-6
-1.230, 1.468e-6
-1.231, 1.547e-6
-1.232, 1.725e-6
-1.233, 1.744e-6
-1.234, 1.567e-6
-1.235, 1.705e-6
-1.236, 1.498e-6
-1.237, 1.734e-6
-1.238, 1.744e-6
-1.239, 1.586e-6
-1.240, 1.685e-6
-1.241, 1.656e-6
-1.242, 1.744e-6
-1.243, 1.754e-6
-1.244, 1.794e-6
-1.245, 1.843e-6
-1.246, 1.942e-6
-1.247, 1.774e-6
-1.248, 1.873e-6
-1.249, 1.725e-6
-1.250, 1.873e-6
-1.251, 1.784e-6
-1.252, 1.843e-6
-1.253, 1.961e-6
-1.254, 1.784e-6
-1.255, 1.912e-6
-1.256, 1.744e-6
-1.257, 1.823e-6
-1.258, 1.794e-6
-1.259, 1.813e-6
-1.260, 1.912e-6
-1.261, 2.159e-6
-1.262, 1.922e-6
-1.263, 2.099e-6
-1.264, 2.040e-6
-1.265, 2.070e-6
-1.266, 2.208e-6
-1.267, 2.119e-6
-1.268, 2.238e-6
-1.269, 2.099e-6
-1.270, 2.021e-6
-1.271, 2.188e-6
-1.272, 2.228e-6
-1.273, 2.099e-6
-1.274, 2.011e-6
-1.275, 2.277e-6
-1.276, 2.257e-6
-1.277, 2.346e-6
-1.278, 2.198e-6
-1.279, 2.267e-6
-1.280, 2.247e-6
-1.281, 2.257e-6
-1.282, 2.169e-6
-1.283, 2.346e-6
-1.284, 2.326e-6
-1.285, 2.346e-6
-1.286, 2.336e-6
-1.287, 2.317e-6
-1.288, 2.376e-6
-1.289, 2.297e-6
-1.290, 2.455e-6
-1.291, 2.366e-6
-1.292, 2.455e-6
-1.293, 2.435e-6
-1.294, 2.563e-6
-1.295, 2.622e-6
-1.296, 2.386e-6
-1.297, 2.356e-6
-1.298, 2.543e-6
-1.299, 2.317e-6
-1.300, 2.652e-6
-1.301, 2.474e-6
-1.302, 2.553e-6
-1.303, 2.593e-6
-1.304, 2.336e-6
-1.305, 2.731e-6
-1.306, 2.731e-6
-1.307, 2.494e-6
-1.308, 2.691e-6
-1.309, 2.465e-6
-1.310, 2.780e-6
-1.311, 2.583e-6
-1.312, 2.830e-6
-1.313, 2.741e-6
-1.314, 2.583e-6
-1.315, 2.760e-6
-1.316, 2.820e-6
-1.317, 2.770e-6
-1.318, 2.830e-6
-1.319, 2.899e-6
-1.320, 2.830e-6
-1.321, 2.968e-6
-1.322, 2.889e-6
-1.323, 2.800e-6
-1.324, 2.790e-6
-1.325, 2.968e-6
-1.326, 2.701e-6
-1.327, 2.839e-6
-1.328, 3.204e-6
-1.329, 3.007e-6
-1.330, 3.037e-6
-1.331, 2.879e-6
-1.332, 3.076e-6
-1.333, 3.135e-6
-1.334, 2.908e-6
-1.335, 3.214e-6
-1.336, 2.968e-6
-1.337, 3.116e-6
-1.338, 3.145e-6
-1.339, 3.185e-6
-1.340, 3.214e-6
-1.341, 3.283e-6
-1.342, 3.126e-6
-1.343, 3.491e-6
-1.344, 3.214e-6
-1.345, 3.323e-6
-1.346, 3.234e-6
-1.347, 3.234e-6
-1.348, 3.234e-6
-1.349, 2.958e-6
-1.350, 3.481e-6
-1.351, 3.135e-6
-1.352, 3.362e-6
-1.353, 3.372e-6
-1.354, 3.372e-6
-1.355, 3.422e-6
-1.356, 3.382e-6
-1.357, 3.431e-6
-1.358, 3.570e-6
-1.359, 3.392e-6
-1.360, 3.441e-6
-1.361, 3.471e-6
-1.362, 3.520e-6
-1.363, 3.579e-6
-1.364, 3.520e-6
-1.365, 3.727e-6
-1.366, 3.589e-6
-1.367, 3.510e-6
-1.368, 3.747e-6
-1.369, 3.639e-6
-1.370, 3.856e-6
-1.371, 3.500e-6
-1.372, 3.826e-6
-1.373, 3.747e-6
-1.374, 3.550e-6
-1.375, 4.013e-6
-1.376, 3.875e-6
-1.377, 3.747e-6
-1.378, 3.885e-6
-1.379, 3.836e-6
-1.380, 3.846e-6
-1.381, 4.023e-6
-1.382, 4.083e-6
-1.383, 4.092e-6
-1.384, 3.974e-6
-1.385, 4.122e-6
-1.386, 4.013e-6
-1.387, 3.935e-6
-1.388, 4.142e-6
-1.389, 4.083e-6
-1.390, 4.250e-6
-1.391, 4.083e-6
-1.392, 4.092e-6
-1.393, 4.260e-6
-1.394, 4.142e-6
-1.395, 4.408e-6
-1.396, 4.231e-6
-1.397, 4.142e-6
-1.398, 4.576e-6
-1.399, 4.379e-6
-1.400, 4.684e-6
-1.401, 4.497e-6
-1.402, 4.507e-6
-1.403, 4.369e-6
-1.404, 4.369e-6
-1.405, 4.605e-6
-1.406, 4.526e-6
-1.407, 4.556e-6
-1.408, 4.773e-6
-1.409, 4.566e-6
-1.410, 4.921e-6
-1.411, 4.665e-6
-1.412, 4.931e-6
-1.413, 4.783e-6
-1.414, 4.744e-6
-1.415, 5.020e-6
-1.416, 4.901e-6
-1.417, 4.911e-6
-1.418, 5.099e-6
-1.419, 4.783e-6
-1.420, 5.158e-6
-1.421, 5.128e-6
-1.422, 5.099e-6
-1.423, 5.217e-6
-1.424, 4.980e-6
-1.425, 5.355e-6
-1.426, 5.286e-6
-1.427, 5.444e-6
-1.428, 5.592e-6
-1.429, 5.266e-6
-1.430, 5.582e-6
-1.431, 5.395e-6
-1.432, 5.592e-6
-1.433, 5.809e-6
-1.434, 5.809e-6
-1.435, 5.819e-6
-1.436, 5.740e-6
-1.437, 5.789e-6
-1.438, 6.066e-6
-1.439, 5.631e-6
-1.440, 6.174e-6
-1.441, 6.085e-6
-1.442, 6.105e-6
-1.443, 6.233e-6
-1.444, 6.115e-6
-1.445, 6.322e-6
-1.446, 6.223e-6
-1.447, 6.431e-6
-1.448, 6.667e-6
-1.449, 6.381e-6
-1.450, 6.529e-6
-1.451, 6.549e-6
-1.452, 6.549e-6
-1.453, 6.746e-6
-1.454, 6.549e-6
-1.455, 6.934e-6
-1.456, 6.776e-6
-1.457, 6.815e-6
-1.458, 6.884e-6
-1.459, 7.023e-6
-1.460, 7.210e-6
-1.461, 7.328e-6
-1.462, 7.348e-6
-1.463, 7.486e-6
-1.464, 7.131e-6
-1.465, 7.368e-6
-1.466, 7.526e-6
-1.467, 7.743e-6
-1.468, 7.851e-6
-1.469, 7.763e-6
-1.470, 7.713e-6
-1.471, 7.812e-6
-1.472, 7.960e-6
-1.473, 8.019e-6
-1.474, 8.167e-6
-1.475, 8.502e-6
-1.476, 8.463e-6
-1.477, 8.364e-6
-1.478, 8.739e-6
-1.479, 8.591e-6
-1.480, 8.986e-6
-1.481, 8.877e-6
-1.482, 9.154e-6
-1.483, 9.213e-6
-1.484, 9.124e-6
-1.485, 9.637e-6
-1.486, 9.223e-6
-1.487, 9.400e-6
-1.488, 9.637e-6
-1.489, 9.538e-6
-1.490, 9.755e-6
-1.491, 9.825e-6
-1.492, 9.982e-6
-1.493, 1.011e-5
-1.494, 1.019e-5
-1.495, 1.061e-5
-1.496, 1.062e-5
-1.497, 1.046e-5
-1.498, 1.076e-5
-1.499, 1.052e-5
-1.500, 1.119e-5
-1.501, 1.104e-5
-1.502, 1.117e-5
-1.503, 1.132e-5
-1.504, 1.139e-5
-1.505, 1.157e-5
-1.506, 1.162e-5
-1.507, 1.185e-5
-1.508, 1.196e-5
-1.509, 1.197e-5
-1.510, 1.226e-5
-1.511, 1.240e-5
-1.512, 1.232e-5
-1.513, 1.273e-5
-1.514, 1.273e-5
-1.515, 1.293e-5
-1.516, 1.302e-5
-1.517, 1.307e-5
-1.518, 1.335e-5
-1.519, 1.334e-5
-1.520, 1.387e-5
-1.521, 1.390e-5
-1.522, 1.369e-5
-1.523, 1.425e-5
-1.524, 1.426e-5
-1.525, 1.465e-5
-1.526, 1.458e-5
-1.527, 1.475e-5
-1.528, 1.493e-5
-1.529, 1.493e-5
-1.530, 1.535e-5
-1.531, 1.536e-5
-1.532, 1.566e-5
-1.533, 1.575e-5
-1.534, 1.584e-5
-1.535, 1.639e-5
-1.536, 1.623e-5
-1.537, 1.639e-5
-1.538, 1.688e-5
-1.539, 1.672e-5
-1.540, 1.722e-5
-1.541, 1.710e-5
-1.542, 1.741e-5
-1.543, 1.797e-5
-1.544, 1.787e-5
-1.545, 1.818e-5
-1.546, 1.840e-5
-1.547, 1.846e-5
-1.548, 1.892e-5
-1.549, 1.890e-5
-1.550, 1.920e-5
-1.551, 1.938e-5
-1.552, 1.950e-5
-1.553, 1.982e-5
-1.554, 1.992e-5
-1.555, 2.022e-5
-1.556, 2.048e-5
-1.557, 2.063e-5
-1.558, 2.111e-5
-1.559, 2.097e-5
-1.560, 2.145e-5
-1.561, 2.156e-5
-1.562, 2.176e-5
-1.563, 2.241e-5
-1.564, 2.255e-5
-1.565, 2.293e-5
-1.566, 2.305e-5
-1.567, 2.325e-5
-1.568, 2.381e-5
-1.569, 2.373e-5
-1.570, 2.422e-5
-1.571, 2.466e-5
-1.572, 2.505e-5
-1.573, 2.519e-5
-1.574, 2.526e-5
-1.575, 2.585e-5
-1.576, 2.598e-5
-1.577, 2.616e-5
-1.578, 2.656e-5
-1.579, 2.686e-5
-1.580, 2.715e-5
-1.581, 2.773e-5
-1.582, 2.799e-5
-1.583, 2.839e-5
-1.584, 2.866e-5
-1.585, 2.880e-5
-1.586, 2.920e-5
-1.587, 2.960e-5
-1.588, 3.017e-5
-1.589, 3.015e-5
-1.590, 3.086e-5
-1.591, 3.107e-5
-1.592, 3.157e-5
-1.593, 3.187e-5
-1.594, 3.219e-5
-1.595, 3.278e-5
-1.596, 3.324e-5
-1.597, 3.328e-5
-1.598, 3.396e-5
-1.599, 3.423e-5
-1.600, 3.448e-5
-1.601, 3.523e-5
-1.602, 3.555e-5
-1.603, 3.624e-5
-1.604, 3.628e-5
-1.605, 3.683e-5
-1.606, 3.740e-5
-1.607, 3.760e-5
-1.608, 3.836e-5
-1.609, 3.873e-5
-1.610, 3.973e-5
-1.611, 3.981e-5
-1.612, 4.023e-5
-1.613, 4.091e-5
-1.614, 4.113e-5
-1.615, 4.206e-5
-1.616, 4.231e-5
-1.617, 4.310e-5
-1.618, 4.339e-5
-1.619, 4.351e-5
-1.620, 4.457e-5
-1.621, 4.490e-5
-1.622, 4.543e-5
-1.623, 4.639e-5
-1.624, 4.681e-5
-1.625, 4.764e-5
-1.626, 4.817e-5
-1.627, 4.842e-5
-1.628, 4.939e-5
-1.629, 4.959e-5
-1.630, 5.041e-5
-1.631, 5.098e-5
-1.632, 5.178e-5
-1.633, 5.274e-5
-1.634, 5.331e-5
-1.635, 5.421e-5
-1.636, 5.506e-5
-1.637, 5.565e-5
-1.638, 5.651e-5
-1.639, 5.723e-5
-1.640, 5.817e-5
-1.641, 5.873e-5
-1.642, 5.923e-5
-1.643, 6.025e-5
-1.644, 6.104e-5
-1.645, 6.226e-5
-1.646, 6.299e-5
-1.647, 6.395e-5
-1.648, 6.499e-5
-1.649, 6.572e-5
-1.650, 6.656e-5
-1.651, 6.752e-5
-1.652, 6.826e-5
-1.653, 6.966e-5
-1.654, 7.022e-5
-1.655, 7.142e-5
-1.656, 7.255e-5
-1.657, 7.382e-5
-1.658, 7.473e-5
-1.659, 7.587e-5
-1.660, 7.727e-5
-1.661, 7.839e-5
-1.662, 7.910e-5
-1.663, 8.052e-5
-1.664, 8.173e-5
-1.665, 8.309e-5
-1.666, 8.428e-5
-1.667, 8.580e-5
-1.668, 8.738e-5
-1.669, 8.873e-5
-1.670, 9.035e-5
-1.671, 9.170e-5
-1.672, 9.312e-5
-1.673, 9.442e-5
-1.674, 9.575e-5
-1.675, 9.753e-5
-1.676, 9.907e-5
-1.677, 1.011e-4
-1.678, 1.026e-4
-1.679, 1.042e-4
-1.680, 1.060e-4
-1.681, 1.077e-4
-1.682, 1.092e-4
-1.683, 1.117e-4
-1.684, 1.136e-4
-1.685, 1.155e-4
-1.686, 1.173e-4
-1.687, 1.188e-4
-1.688, 1.212e-4
-1.689, 1.231e-4
-1.690, 1.259e-4
-1.691, 1.281e-4
-1.692, 1.307e-4
-1.693, 1.328e-4
-1.694, 1.351e-4
-1.695, 1.380e-4
-1.696, 1.410e-4
-1.697, 1.437e-4
-1.698, 1.465e-4
-1.699, 1.487e-4
-1.700, 1.519e-4
-1.701, 1.544e-4
-1.702, 1.576e-4
-1.703, 1.613e-4
-1.704, 1.638e-4
-1.705, 1.669e-4
-1.706, 1.696e-4
-1.707, 1.722e-4
-1.708, 1.761e-4
-1.709, 1.802e-4
-1.710, 1.838e-4
-1.711, 1.875e-4
-1.712, 1.917e-4
-1.713, 1.952e-4
-1.714, 1.993e-4
-1.715, 2.034e-4
-1.716, 2.074e-4
-1.717, 2.117e-4
-1.718, 2.167e-4
-1.719, 2.208e-4
-1.720, 2.257e-4
-1.721, 2.300e-4
-1.722, 2.347e-4
-1.723, 2.402e-4
-1.724, 2.448e-4
-1.725, 2.505e-4
-1.726, 2.553e-4
-1.727, 2.611e-4
-1.728, 2.666e-4
-1.729, 2.739e-4
-1.730, 2.798e-4
-1.731, 2.849e-4
-1.732, 2.924e-4
-1.733, 2.992e-4
-1.734, 3.067e-4
-1.735, 3.136e-4
-1.736, 3.211e-4
-1.737, 3.285e-4
-1.738, 3.356e-4
-1.739, 3.435e-4
-1.740, 3.516e-4
-1.741, 3.591e-4
-1.742, 3.680e-4
-1.743, 3.779e-4
-1.744, 3.872e-4
-1.745, 3.969e-4
-1.746, 4.053e-4
-1.747, 4.159e-4
-1.748, 4.257e-4
-1.749, 4.353e-4
-1.750, 4.448e-4
-1.751, 4.566e-4
-1.752, 4.680e-4
-1.753, 4.807e-4
-1.754, 4.924e-4
-1.755, 5.044e-4
-1.756, 5.160e-4
-1.757, 5.295e-4
-1.758, 5.421e-4
-1.759, 5.550e-4
-1.760, 5.694e-4
-1.761, 5.835e-4
-1.762, 5.971e-4
-1.763, 6.120e-4
-1.764, 6.276e-4
-1.765, 6.446e-4
-1.766, 6.611e-4
-1.767, 6.783e-4
-1.768, 6.971e-4
-1.769, 7.138e-4
-1.770, 7.324e-4
-1.771, 7.507e-4
-1.772, 7.699e-4
-1.773, 7.903e-4
-1.774, 8.101e-4
-1.775, 8.312e-4
-1.776, 8.519e-4
-1.777, 8.740e-4
-1.778, 8.951e-4
-1.779, 9.184e-4
-1.780, 9.415e-4
-1.781, 9.653e-4
-1.782, 9.892e-4
-1.783, 1.014e-3
-1.784, 1.039e-3
-1.785, 1.067e-3
-1.786, 1.095e-3
-1.787, 1.119e-3
-1.788, 1.151e-3
-1.789, 1.178e-3
-1.790, 1.206e-3
-1.791, 1.235e-3
-1.792, 1.266e-3
-1.793, 1.298e-3
-1.794, 1.331e-3
-1.795, 1.363e-3
-1.796, 1.397e-3
-1.797, 1.430e-3
-1.798, 1.464e-3
-1.799, 1.501e-3
-1.800, 1.537e-3
-1.801, 1.573e-3
-1.802, 1.609e-3
-1.803, 1.649e-3
-1.804, 1.688e-3
-1.805, 1.728e-3
-1.806, 1.768e-3
-1.807, 1.808e-3
-1.808, 1.848e-3
-1.809, 1.892e-3
-1.810, 1.936e-3
-1.811, 1.979e-3
-1.812, 2.022e-3
-1.813, 2.066e-3
-1.814, 2.111e-3
-1.815, 2.158e-3
-1.816, 2.205e-3
-1.817, 2.254e-3
-1.818, 2.303e-3
-1.819, 2.351e-3
-1.820, 2.402e-3
-1.821, 2.453e-3
-1.822, 2.503e-3
-1.823, 2.555e-3
-1.824, 2.607e-3
-1.825, 2.659e-3
-1.826, 2.716e-3
-1.827, 2.769e-3
-1.828, 2.822e-3
-1.829, 2.876e-3
-1.830, 2.935e-3
-1.831, 2.992e-3
-1.832, 3.048e-3
-1.833, 3.107e-3
-1.834, 3.168e-3
-1.835, 3.228e-3
-1.836, 3.289e-3
-1.837, 3.348e-3
-1.838, 3.409e-3
-1.839, 3.470e-3
-1.840, 3.534e-3
-1.841, 3.596e-3
-1.842, 3.660e-3
-1.843, 3.724e-3
-1.844, 3.789e-3
-1.845, 3.852e-3
-1.846, 3.917e-3
-1.847, 3.983e-3
-1.848, 4.052e-3
-1.849, 4.120e-3
-1.850, 4.186e-3
-1.851, 4.253e-3
-1.852, 4.321e-3
-1.853, 4.388e-3
-1.854, 4.458e-3
-1.855, 4.528e-3
-1.856, 4.597e-3
-1.857, 4.668e-3
-1.858, 4.737e-3
-1.859, 4.809e-3
-1.860, 4.885e-3
-1.861, 4.956e-3
-1.862, 5.028e-3
-1.863, 5.100e-3
-1.864, 5.173e-3
-1.865, 5.248e-3
-1.866, 5.320e-3
-1.867, 5.394e-3
-1.868, 5.471e-3
-1.869, 5.542e-3
-1.870, 5.618e-3
-1.871, 5.693e-3
-1.872, 5.766e-3
-1.873, 5.842e-3
-1.874, 5.920e-3
-1.875, 5.994e-3
-1.876, 6.071e-3
-1.877, 6.145e-3
-1.878, 6.222e-3
-1.879, 6.300e-3
-1.880, 6.378e-3
-1.881, 6.458e-3
-1.882, 6.535e-3
-1.883, 6.610e-3
-1.884, 6.688e-3
-1.885, 6.767e-3
-1.886, 6.847e-3
-1.887, 6.927e-3
-1.888, 7.005e-3
-1.889, 7.080e-3
-1.890, 7.161e-3
-1.891, 7.240e-3
-1.892, 7.322e-3
-1.893, 7.403e-3
-1.894, 7.485e-3
-1.895, 7.562e-3
-1.896, 7.640e-3
-1.897, 7.718e-3
-1.898, 7.800e-3
-1.899, 7.883e-3
-1.900, 7.906e-3
-1.899, 7.860e-3
-1.898, 7.812e-3
-1.897, 7.759e-3
-1.896, 7.708e-3
-1.895, 7.656e-3
-1.894, 7.602e-3
-1.893, 7.547e-3
-1.892, 7.494e-3
-1.891, 7.438e-3
-1.890, 7.379e-3
-1.889, 7.321e-3
-1.888, 7.264e-3
-1.887, 7.203e-3
-1.886, 7.145e-3
-1.885, 7.090e-3
-1.884, 7.030e-3
-1.883, 6.974e-3
-1.882, 6.920e-3
-1.881, 6.867e-3
-1.880, 6.814e-3
-1.879, 6.760e-3
-1.878, 6.702e-3
-1.877, 6.648e-3
-1.876, 6.591e-3
-1.875, 6.535e-3
-1.874, 6.481e-3
-1.873, 6.424e-3
-1.872, 6.369e-3
-1.871, 6.313e-3
-1.870, 6.257e-3
-1.869, 6.199e-3
-1.868, 6.142e-3
-1.867, 6.086e-3
-1.866, 6.031e-3
-1.865, 5.977e-3
-1.864, 5.920e-3
-1.863, 5.862e-3
-1.862, 5.807e-3
-1.861, 5.752e-3
-1.860, 5.698e-3
-1.859, 5.645e-3
-1.858, 5.591e-3
-1.857, 5.535e-3
-1.856, 5.481e-3
-1.855, 5.428e-3
-1.854, 5.377e-3
-1.853, 5.327e-3
-1.852, 5.275e-3
-1.851, 5.225e-3
-1.850, 5.172e-3
-1.849, 5.119e-3
-1.848, 5.068e-3
-1.847, 5.019e-3
-1.846, 4.969e-3
-1.845, 4.919e-3
-1.844, 4.866e-3
-1.843, 4.815e-3
-1.842, 4.764e-3
-1.841, 4.714e-3
-1.840, 4.665e-3
-1.839, 4.613e-3
-1.838, 4.564e-3
-1.837, 4.515e-3
-1.836, 4.465e-3
-1.835, 4.420e-3
-1.834, 4.376e-3
-1.833, 4.328e-3
-1.832, 4.282e-3
-1.831, 4.233e-3
-1.830, 4.185e-3
-1.829, 4.138e-3
-1.828, 4.094e-3
-1.827, 4.046e-3
-1.826, 4.000e-3
-1.825, 3.956e-3
-1.824, 3.910e-3
-1.823, 3.866e-3
-1.822, 3.821e-3
-1.821, 3.777e-3
-1.820, 3.733e-3
-1.819, 3.690e-3
-1.818, 3.644e-3
-1.817, 3.601e-3
-1.816, 3.559e-3
-1.815, 3.514e-3
-1.814, 3.471e-3
-1.813, 3.430e-3
-1.812, 3.387e-3
-1.811, 3.347e-3
-1.810, 3.308e-3
-1.809, 3.268e-3
-1.808, 3.231e-3
-1.807, 3.190e-3
-1.806, 3.151e-3
-1.805, 3.113e-3
-1.804, 3.074e-3
-1.803, 3.035e-3
-1.802, 2.999e-3
-1.801, 2.960e-3
-1.800, 2.922e-3
-1.799, 2.885e-3
-1.798, 2.846e-3
-1.797, 2.810e-3
-1.796, 2.775e-3
-1.795, 2.740e-3
-1.794, 2.703e-3
-1.793, 2.668e-3
-1.792, 2.631e-3
-1.791, 2.597e-3
-1.790, 2.564e-3
-1.789, 2.530e-3
-1.788, 2.495e-3
-1.787, 2.461e-3
-1.786, 2.429e-3
-1.785, 2.396e-3
-1.784, 2.363e-3
-1.783, 2.329e-3
-1.782, 2.295e-3
-1.781, 2.264e-3
-1.780, 2.231e-3
-1.779, 2.200e-3
-1.778, 2.169e-3
-1.777, 2.139e-3
-1.776, 2.108e-3
-1.775, 2.079e-3
-1.774, 2.049e-3
-1.773, 2.021e-3
-1.772, 1.993e-3
-1.771, 1.963e-3
-1.770, 1.935e-3
-1.769, 1.908e-3
-1.768, 1.880e-3
-1.767, 1.852e-3
-1.766, 1.826e-3
-1.765, 1.800e-3
-1.764, 1.773e-3
-1.763, 1.747e-3
-1.762, 1.721e-3
-1.761, 1.694e-3
-1.760, 1.669e-3
-1.759, 1.643e-3
-1.758, 1.618e-3
-1.757, 1.594e-3
-1.756, 1.570e-3
-1.755, 1.546e-3
-1.754, 1.523e-3
-1.753, 1.498e-3
-1.752, 1.474e-3
-1.751, 1.452e-3
-1.750, 1.429e-3
-1.749, 1.407e-3
-1.748, 1.386e-3
-1.747, 1.363e-3
-1.746, 1.342e-3
-1.745, 1.321e-3
-1.744, 1.300e-3
-1.743, 1.279e-3
-1.742, 1.258e-3
-1.741, 1.238e-3
-1.740, 1.218e-3
-1.739, 1.200e-3
-1.738, 1.181e-3
-1.737, 1.161e-3
-1.736, 1.142e-3
-1.735, 1.124e-3
-1.734, 1.105e-3
-1.733, 1.086e-3
-1.732, 1.068e-3
-1.731, 1.050e-3
-1.730, 1.033e-3
-1.729, 1.016e-3
-1.728, 9.987e-4
-1.727, 9.823e-4
-1.726, 9.651e-4
-1.725, 9.496e-4
-1.724, 9.342e-4
-1.723, 9.179e-4
-1.722, 9.014e-4
-1.721, 8.855e-4
-1.720, 8.708e-4
-1.719, 8.562e-4
-1.718, 8.411e-4
-1.717, 8.259e-4
-1.716, 8.103e-4
-1.715, 7.970e-4
-1.714, 7.830e-4
-1.713, 7.690e-4
-1.712, 7.554e-4
-1.711, 7.416e-4
-1.710, 7.284e-4
-1.709, 7.156e-4
-1.708, 7.034e-4
-1.707, 6.903e-4
-1.706, 6.778e-4
-1.705, 6.658e-4
-1.704, 6.542e-4
-1.703, 6.415e-4
-1.702, 6.294e-4
-1.701, 6.178e-4
-1.700, 6.076e-4
-1.699, 5.951e-4
-1.698, 5.853e-4
-1.697, 5.756e-4
-1.696, 5.650e-4
-1.695, 5.546e-4
-1.694, 5.437e-4
-1.693, 5.335e-4
-1.692, 5.236e-4
-1.691, 5.139e-4
-1.690, 5.040e-4
-1.689, 4.948e-4
-1.688, 4.853e-4
-1.687, 4.768e-4
-1.686, 4.675e-4
-1.685, 4.584e-4
-1.684, 4.488e-4
-1.683, 4.397e-4
-1.682, 4.324e-4
-1.681, 4.235e-4
-1.680, 4.158e-4
-1.679, 4.076e-4
-1.678, 4.000e-4
-1.677, 3.919e-4
-1.676, 3.841e-4
-1.675, 3.770e-4
-1.674, 3.699e-4
-1.673, 3.629e-4
-1.672, 3.561e-4
-1.671, 3.494e-4
-1.670, 3.422e-4
-1.669, 3.355e-4
-1.668, 3.294e-4
-1.667, 3.225e-4
-1.666, 3.165e-4
-1.665, 3.102e-4
-1.664, 3.038e-4
-1.663, 2.980e-4
-1.662, 2.922e-4
-1.661, 2.861e-4
-1.660, 2.807e-4
-1.659, 2.755e-4
-1.658, 2.697e-4
-1.657, 2.642e-4
-1.656, 2.591e-4
-1.655, 2.542e-4
-1.654, 2.490e-4
-1.653, 2.440e-4
-1.652, 2.391e-4
-1.651, 2.344e-4
-1.650, 2.300e-4
-1.649, 2.248e-4
-1.648, 2.203e-4
-1.647, 2.160e-4
-1.646, 2.111e-4
-1.645, 2.073e-4
-1.644, 2.032e-4
-1.643, 1.989e-4
-1.642, 1.950e-4
-1.641, 1.910e-4
-1.640, 1.874e-4
-1.639, 1.832e-4
-1.638, 1.792e-4
-1.637, 1.755e-4
-1.636, 1.718e-4
-1.635, 1.686e-4
-1.634, 1.653e-4
-1.633, 1.618e-4
-1.632, 1.584e-4
-1.631, 1.553e-4
-1.630, 1.524e-4
-1.629, 1.493e-4
-1.628, 1.458e-4
-1.627, 1.428e-4
-1.626, 1.396e-4
-1.625, 1.367e-4
-1.624, 1.336e-4
-1.623, 1.307e-4
-1.622, 1.285e-4
-1.621, 1.258e-4
-1.620, 1.233e-4
-1.619, 1.205e-4
-1.618, 1.178e-4
-1.617, 1.157e-4
-1.616, 1.132e-4
-1.615, 1.110e-4
-1.614, 1.085e-4
-1.613, 1.060e-4
-1.612, 1.040e-4
-1.611, 1.017e-4
-1.610, 9.995e-5
-1.609, 9.764e-5
-1.608, 9.555e-5
-1.607, 9.347e-5
-1.606, 9.129e-5
-1.605, 8.974e-5
-1.604, 8.750e-5
-1.603, 8.553e-5
-1.602, 8.407e-5
-1.601, 8.215e-5
-1.600, 8.028e-5
-1.599, 7.825e-5
-1.598, 7.660e-5
-1.597, 7.527e-5
-1.596, 7.342e-5
-1.595, 7.220e-5
-1.594, 7.059e-5
-1.593, 6.911e-5
-1.592, 6.791e-5
-1.591, 6.620e-5
-1.590, 6.483e-5
-1.589, 6.345e-5
-1.588, 6.182e-5
-1.587, 6.075e-5
-1.586, 5.923e-5
-1.585, 5.808e-5
-1.584, 5.661e-5
-1.583, 5.533e-5
-1.582, 5.434e-5
-1.581, 5.296e-5
-1.580, 5.189e-5
-1.579, 5.050e-5
-1.578, 4.948e-5
-1.577, 4.842e-5
-1.576, 4.722e-5
-1.575, 4.654e-5
-1.574, 4.523e-5
-1.573, 4.409e-5
-1.572, 4.329e-5
-1.571, 4.210e-5
-1.570, 4.143e-5
-1.569, 4.046e-5
-1.568, 3.931e-5
-1.567, 3.847e-5
-1.566, 3.737e-5
-1.565, 3.659e-5
-1.564, 3.601e-5
-1.563, 3.481e-5
-1.562, 3.416e-5
-1.561, 3.330e-5
-1.560, 3.269e-5
-1.559, 3.190e-5
-1.558, 3.103e-5
-1.557, 3.029e-5
-1.556, 2.950e-5
-1.555, 2.887e-5
-1.554, 2.837e-5
-1.553, 2.740e-5
-1.552, 2.697e-5
-1.551, 2.599e-5
-1.550, 2.544e-5
-1.549, 2.467e-5
-1.548, 2.405e-5
-1.547, 2.335e-5
-1.546, 2.282e-5
-1.545, 2.244e-5
-1.544, 2.179e-5
-1.543, 2.112e-5
-1.542, 2.068e-5
-1.541, 2.004e-5
-1.540, 1.965e-5
-1.539, 1.925e-5
-1.538, 1.860e-5
-1.537, 1.818e-5
-1.536, 1.739e-5
-1.535, 1.720e-5
-1.534, 1.697e-5
-1.533, 1.606e-5
-1.532, 1.569e-5
-1.531, 1.517e-5
-1.530, 1.494e-5
-1.529, 1.463e-5
-1.528, 1.396e-5
-1.527, 1.364e-5
-1.526, 1.303e-5
-1.525, 1.303e-5
-1.524, 1.252e-5
-1.523, 1.200e-5
-1.522, 1.172e-5
-1.521, 1.122e-5
-1.520, 1.103e-5
-1.519, 1.056e-5
-1.518, 1.007e-5
-1.517, 1.014e-5
-1.516, 9.410e-6
-1.515, 9.361e-6
-1.514, 9.045e-6
-1.513, 8.414e-6
-1.512, 8.621e-6
-1.511, 7.999e-6
-1.510, 8.009e-6
-1.509, 7.526e-6
-1.508, 7.388e-6
-1.507, 7.052e-6
-1.506, 6.687e-6
-1.505, 6.579e-6
-1.504, 6.243e-6
-1.503, 6.056e-6
-1.502, 5.671e-6
-1.501, 5.454e-6
-1.500, 5.385e-6
-1.499, 4.980e-6
-1.498, 4.753e-6
-1.497, 4.566e-6
-1.496, 4.408e-6
-1.495, 4.280e-6
-1.494, 3.885e-6
-1.493, 3.787e-6
-1.492, 3.708e-6
-1.491, 3.343e-6
-1.490, 3.244e-6
-1.489, 2.997e-6
-1.488, 2.869e-6
-1.487, 2.800e-6
-1.486, 2.484e-6
-1.485, 2.198e-6
-1.484, 2.178e-6
-1.483, 1.725e-6
-1.482, 1.715e-6
-1.481, 1.527e-6
-1.480, 1.577e-6
-1.479, 1.448e-6
-1.478, 1.142e-6
-1.477, 9.748e-7
-1.476, 7.676e-7
-1.475, 8.465e-7
-1.474, 5.900e-7
-1.473, 4.025e-7
-1.472, 4.617e-7
-1.471, 1.066e-7
-1.470, 8.682e-8
-1.469, 2.762e-8
-1.468, -2.881e-7
-1.467, -2.881e-7
-1.466, -4.459e-7
-1.465, -5.150e-7
-1.464, -5.545e-7
-1.463, -8.603e-7
-1.462, -7.617e-7
-1.461, -1.137e-6
-1.460, -9.590e-7
-1.459, -1.235e-6
-1.458, -1.393e-6
-1.457, -1.423e-6
-1.456, -1.807e-6
-1.455, -1.452e-6
-1.454, -1.511e-6
-1.453, -1.669e-6
-1.452, -1.768e-6
-1.451, -2.192e-6
-1.450, -1.867e-6
-1.449, -2.054e-6
-1.448, -2.202e-6
-1.447, -2.182e-6
-1.446, -2.449e-6
-1.445, -2.301e-6
-1.444, -2.409e-6
-1.443, -2.784e-6
-1.442, -2.567e-6
-1.441, -2.814e-6
-1.440, -2.814e-6
-1.439, -2.952e-6
-1.438, -2.893e-6
-1.437, -2.922e-6
-1.436, -3.001e-6
-1.435, -2.893e-6
-1.434, -3.011e-6
-1.433, -3.386e-6
-1.432, -3.159e-6
-1.431, -3.435e-6
-1.430, -3.406e-6
-1.429, -3.376e-6
-1.428, -3.662e-6
-1.427, -3.455e-6
-1.426, -3.702e-6
-1.425, -3.623e-6
-1.424, -3.692e-6
-1.423, -3.988e-6
-1.422, -3.771e-6
-1.421, -3.998e-6
-1.420, -3.781e-6
-1.419, -4.037e-6
-1.418, -4.215e-6
-1.417, -3.919e-6
-1.416, -4.323e-6
-1.415, -3.988e-6
-1.414, -4.156e-6
-1.413, -4.333e-6
-1.412, -4.037e-6
-1.411, -4.422e-6
-1.410, -4.333e-6
-1.409, -4.422e-6
-1.408, -4.609e-6
-1.407, -4.392e-6
-1.406, -4.619e-6
-1.405, -4.442e-6
-1.404, -4.511e-6
-1.403, -4.787e-6
-1.402, -4.659e-6
-1.401, -4.876e-6
-1.400, -4.609e-6
-1.399, -4.678e-6
-1.398, -4.817e-6
-1.397, -4.570e-6
-1.396, -4.817e-6
-1.395, -4.915e-6
-1.394, -4.708e-6
-1.393, -5.043e-6
-1.392, -4.797e-6
-1.391, -4.925e-6
-1.390, -4.787e-6
-1.389, -4.807e-6
-1.388, -5.122e-6
-1.387, -5.004e-6
-1.386, -5.152e-6
-1.385, -5.024e-6
-1.384, -4.965e-6
-1.383, -5.191e-6
-1.382, -5.142e-6
-1.381, -5.280e-6
-1.380, -5.152e-6
-1.379, -5.320e-6
-1.378, -5.172e-6
-1.377, -5.191e-6
-1.376, -5.261e-6
-1.375, -5.261e-6
-1.374, -5.251e-6
-1.373, -5.566e-6
-1.372, -5.152e-6
-1.371, -5.379e-6
-1.370, -5.369e-6
-1.369, -5.448e-6
-1.368, -5.566e-6
-1.367, -5.409e-6
-1.366, -5.576e-6
-1.365, -5.339e-6
-1.364, -5.409e-6
-1.363, -5.714e-6
-1.362, -5.300e-6
-1.361, -5.576e-6
-1.360, -5.576e-6
-1.359, -5.428e-6
-1.358, -5.616e-6
-1.357, -5.438e-6
-1.356, -5.714e-6
-1.355, -5.586e-6
-1.354, -5.458e-6
-1.353, -5.892e-6
-1.352, -5.586e-6
-1.351, -5.655e-6
-1.350, -5.695e-6
-1.349, -5.685e-6
-1.348, -5.774e-6
-1.347, -5.685e-6
-1.346, -5.872e-6
-1.345, -5.734e-6
-1.344, -5.566e-6
-1.343, -5.931e-6
-1.342, -5.635e-6
-1.341, -5.882e-6
-1.340, -5.724e-6
-1.339, -5.823e-6
-1.338, -6.000e-6
-1.337, -5.685e-6
-1.336, -5.991e-6
-1.335, -5.793e-6
-1.334, -5.931e-6
-1.333, -5.872e-6
-1.332, -5.655e-6
-1.331, -5.872e-6
-1.330, -5.902e-6
-1.329, -5.931e-6
-1.328, -6.030e-6
-1.327, -5.783e-6
-1.326, -5.892e-6
-1.325, -5.882e-6
-1.324, -5.892e-6
-1.323, -6.277e-6
-1.322, -6.020e-6
-1.321, -6.040e-6
-1.320, -6.000e-6
-1.319, -5.922e-6
-1.318, -6.306e-6
-1.317, -5.912e-6
-1.316, -6.148e-6
-1.315, -6.139e-6
-1.314, -6.070e-6
-1.313, -6.168e-6
-1.312, -6.040e-6
-1.311, -6.070e-6
-1.310, -5.961e-6
-1.309, -5.971e-6
-1.308, -6.070e-6
-1.307, -6.020e-6
-1.306, -6.267e-6
-1.305, -6.030e-6
-1.304, -6.020e-6
-1.303, -6.129e-6
-1.302, -5.951e-6
-1.301, -6.326e-6
-1.300, -6.070e-6
-1.299, -6.158e-6
-1.298, -6.247e-6
-1.297, -6.030e-6
-1.296, -6.287e-6
-1.295, -6.010e-6
-1.294, -5.941e-6
-1.293, -6.198e-6
-1.292, -6.020e-6
-1.291, -6.198e-6
-1.290, -6.129e-6
-1.289, -6.178e-6
-1.288, -6.306e-6
-1.287, -6.099e-6
-1.286, -6.148e-6
-1.285, -6.257e-6
-1.284, -6.079e-6
-1.283, -6.247e-6
-1.282, -6.050e-6
-1.281, -6.188e-6
-1.280, -6.247e-6
-1.279, -6.277e-6
-1.278, -6.444e-6
-1.277, -6.247e-6
-1.276, -6.464e-6
-1.275, -6.267e-6
-1.274, -6.316e-6
-1.273, -6.523e-6
-1.272, -6.277e-6
-1.271, -6.237e-6
-1.270, -6.119e-6
-1.269, -6.267e-6
-1.268, -6.296e-6
-1.267, -6.316e-6
-1.266, -6.385e-6
-1.265, -6.385e-6
-1.264, -6.267e-6
-1.263, -6.573e-6
-1.262, -6.218e-6
-1.261, -6.444e-6
-1.260, -6.287e-6
-1.259, -6.326e-6
-1.258, -6.366e-6
-1.257, -6.178e-6
-1.256, -6.583e-6
-1.255, -6.306e-6
-1.254, -6.504e-6
-1.253, -6.622e-6
-1.252, -6.306e-6
-1.251, -6.711e-6
-1.250, -6.356e-6
-1.249, -6.444e-6
-1.248, -6.405e-6
-1.247, -6.425e-6
-1.246, -6.395e-6
-1.245, -6.425e-6
-1.244, -6.109e-6
-1.243, -6.464e-6
-1.242, -6.415e-6
-1.241, -6.612e-6
-1.240, -6.375e-6
-1.239, -6.375e-6
-1.238, -6.543e-6
-1.237, -6.454e-6
-1.236, -6.642e-6
-1.235, -6.484e-6
-1.234, -6.346e-6
-1.233, -6.563e-6
-1.232, -6.514e-6
-1.231, -6.563e-6
-1.230, -6.444e-6
-1.229, -6.563e-6
-1.228, -6.809e-6
-1.227, -6.523e-6
-1.226, -6.632e-6
-1.225, -6.415e-6
-1.224, -6.494e-6
-1.223, -6.770e-6
-1.222, -6.671e-6
-1.221, -6.849e-6
-1.220, -6.464e-6
-1.219, -6.760e-6
-1.218, -6.790e-6
-1.217, -6.661e-6
-1.216, -6.819e-6
-1.215, -6.740e-6
-1.214, -6.790e-6
-1.213, -6.819e-6
-1.212, -6.661e-6
-1.211, -6.750e-6
-1.210, -6.563e-6
-1.209, -6.711e-6
-1.208, -6.869e-6
-1.207, -6.721e-6
-1.206, -6.869e-6
-1.205, -6.701e-6
-1.204, -6.652e-6
-1.203, -7.135e-6
-1.202, -6.780e-6
-1.201, -6.967e-6
-1.200, -6.819e-6
-1.199, -6.849e-6
-1.198, -6.948e-6
-1.197, -7.017e-6
-1.196, -6.918e-6
-1.195, -6.928e-6
-1.194, -6.888e-6
-1.193, -6.918e-6
-1.192, -6.740e-6
-1.191, -7.056e-6
-1.190, -7.027e-6
-1.189, -6.770e-6
-1.188, -7.056e-6
-1.187, -6.938e-6
-1.186, -7.056e-6
-1.185, -6.770e-6
-1.184, -6.849e-6
-1.183, -6.977e-6
-1.182, -6.839e-6
-1.181, -7.007e-6
-1.180, -7.027e-6
-1.179, -7.017e-6
-1.178, -6.948e-6
-1.177, -6.997e-6
-1.176, -7.096e-6
-1.175, -7.056e-6
-1.174, -6.888e-6
-1.173, -7.293e-6
-1.172, -7.027e-6
-1.171, -7.293e-6
-1.170, -7.155e-6
-1.169, -7.027e-6
-1.168, -7.372e-6
-1.167, -7.027e-6
-1.166, -7.135e-6
-1.165, -7.184e-6
-1.164, -7.076e-6
-1.163, -7.332e-6
-1.162, -7.194e-6
-1.161, -7.165e-6
-1.160, -7.145e-6
-1.159, -7.234e-6
-1.158, -7.234e-6
-1.157, -7.155e-6
-1.156, -7.184e-6
-1.155, -7.490e-6
-1.154, -7.105e-6
-1.153, -7.372e-6
-1.152, -7.293e-6
-1.151, -7.431e-6
-1.150, -7.392e-6
-1.149, -7.204e-6
-1.148, -7.530e-6
-1.147, -7.411e-6
-1.146, -7.648e-6
-1.145, -7.362e-6
-1.144, -7.401e-6
-1.143, -7.470e-6
-1.142, -7.559e-6
-1.141, -7.431e-6
-1.140, -7.618e-6
-1.139, -7.688e-6
-1.138, -7.688e-6
-1.137, -7.589e-6
-1.136, -7.737e-6
-1.135, -7.480e-6
-1.134, -7.628e-6
-1.133, -7.816e-6
-1.132, -7.510e-6
-1.131, -7.786e-6
-1.130, -7.707e-6
-1.129, -7.757e-6
-1.128, -7.697e-6
-1.127, -7.747e-6
-1.126, -7.914e-6
-1.125, -7.707e-6
-1.124, -7.974e-6
-1.123, -8.161e-6
-1.122, -7.766e-6
-1.121, -7.993e-6
-1.120, -8.023e-6
-1.119, -8.043e-6
-1.118, -8.161e-6
-1.117, -8.033e-6
-1.116, -7.974e-6
-1.115, -8.033e-6
-1.114, -7.924e-6
-1.113, -8.270e-6
-1.112, -8.033e-6
-1.111, -8.112e-6
-1.110, -8.112e-6
-1.109, -8.151e-6
-1.108, -8.280e-6
-1.107, -8.260e-6
-1.106, -8.368e-6
-1.105, -8.201e-6
-1.104, -8.260e-6
-1.103, -8.635e-6
-1.102, -8.191e-6
-1.101, -8.339e-6
-1.100, -8.289e-6
-1.099, -8.477e-6
-1.098, -8.635e-6
-1.097, -8.398e-6
-1.096, -8.645e-6
-1.095, -8.585e-6
-1.094, -8.309e-6
-1.093, -8.970e-6
-1.092, -8.250e-6
-1.091, -8.635e-6
-1.090, -8.566e-6
-1.089, -8.526e-6
-1.088, -8.773e-6
-1.087, -8.635e-6
-1.086, -9.069e-6
-1.085, -8.822e-6
-1.084, -8.654e-6
-1.083, -9.148e-6
-1.082, -8.783e-6
-1.081, -9.019e-6
-1.080, -8.763e-6
-1.079, -8.773e-6
-1.078, -8.990e-6
-1.077, -8.990e-6
-1.076, -9.108e-6
-1.075, -8.871e-6
-1.074, -9.089e-6
-1.073, -9.197e-6
-1.072, -9.128e-6
-1.071, -9.158e-6
-1.070, -9.167e-6
-1.069, -9.177e-6
-1.068, -9.079e-6
-1.067, -9.128e-6
-1.066, -9.306e-6
-1.065, -9.148e-6
-1.064, -9.237e-6
-1.063, -9.335e-6
-1.062, -9.306e-6
-1.061, -9.276e-6
-1.060, -9.227e-6
-1.059, -9.365e-6
-1.058, -9.325e-6
-1.057, -9.335e-6
-1.056, -9.503e-6
-1.055, -9.266e-6
-1.054, -9.345e-6
-1.053, -9.542e-6
-1.052, -9.355e-6
-1.051, -9.473e-6
-1.050, -9.424e-6
-1.049, -9.404e-6
-1.048, -9.651e-6
-1.047, -9.355e-6
-1.046, -9.483e-6
-1.045, -9.611e-6
-1.044, -9.454e-6
-1.043, -9.759e-6
-1.042, -9.532e-6
-1.041, -9.572e-6
-1.040, -9.355e-6
-1.039, -9.582e-6
-1.038, -9.730e-6
-1.037, -9.602e-6
-1.036, -9.700e-6
-1.035, -9.661e-6
-1.034, -9.779e-6
-1.033, -9.789e-6
-1.032, -9.503e-6
-1.031, -9.602e-6
-1.030, -9.424e-6
-1.029, -9.769e-6
-1.028, -9.759e-6
-1.027, -9.740e-6
-1.026, -9.769e-6
-1.025, -9.769e-6
-1.024, -9.750e-6
-1.023, -9.878e-6
-1.022, -9.868e-6
-1.021, -9.878e-6
-1.020, -9.878e-6
-1.019, -9.917e-6
-1.018, -1.002e-5
-1.017, -9.848e-6
-1.016, -1.008e-5
-1.015, -9.917e-6
-1.014, -9.937e-6
-1.013, -9.957e-6
-1.012, -9.898e-6
-1.011, -1.002e-5
-1.010, -9.789e-6
-1.009, -9.976e-6
-1.008, -1.013e-5
-1.007, -1.002e-5
-1.006, -1.014e-5
-1.005, -1.003e-5
-1.004, -1.003e-5
-1.003, -1.022e-5
-1.002, -9.838e-6
-1.001, -1.013e-5
