June 27, 2026   23:02:37
Cyclic Voltammetry
File: c:/users/guazh/data/20260623_doe_duplica2/2026-06-24-exp27\exp27-2026-06-27t22_41_12-arkoh\exp27_cv_sr_800mvs_efin_-1900mv.bin
Data Source:  Experiment
Instrument Model:  CHI760E
Header: CV ran at 800 mVs
Note: 

Init E (V) = -1
High E (V) = -1
Low E (V) = -1.9
Final E (V) = -1
Init P/N = N
Scan Rate (V/s) = 0.8
Segment = 3
Sample Interval (V) = 0.001
Quiet Time (sec) = 2
Sensitivity (A/V) = 0.01
Comp R (ohm) = 2.1

Results:

Channel 1:
Segment 1:

Segment 2:

Segment 3:

Potential/V, Current/A

-1.000, 1.559e-7
-1.001, 1.559e-7
-1.002, 1.559e-7
-1.003, 1.559e-7
-1.004, 3.239e-6
-1.005, 1.559e-7
-1.006, 1.559e-7
-1.007, 1.559e-7
-1.008, 1.559e-7
-1.009, 1.559e-7
-1.010, 1.559e-7
-1.011, 1.559e-7
-1.012, 1.559e-7
-1.013, 3.239e-6
-1.014, 1.559e-7
-1.015, 1.559e-7
-1.016, 1.559e-7
-1.017, 3.239e-6
-1.018, 1.559e-7
-1.019, 1.559e-7
-1.020, 1.559e-7
-1.021, 3.239e-6
-1.022, 3.239e-6
-1.023, 3.239e-6
-1.024, 3.239e-6
-1.025, 3.239e-6
-1.026, 3.239e-6
-1.027, 3.239e-6
-1.028, 3.239e-6
-1.029, 3.239e-6
-1.030, 3.239e-6
-1.031, 3.239e-6
-1.032, 3.239e-6
-1.033, 3.239e-6
-1.034, 3.239e-6
-1.035, 3.239e-6
-1.036, 3.239e-6
-1.037, 3.239e-6
-1.038, 3.239e-6
-1.039, 3.239e-6
-1.040, 3.239e-6
-1.041, 3.239e-6
-1.042, 3.239e-6
-1.043, 3.239e-6
-1.044, 3.239e-6
-1.045, 3.239e-6
-1.046, 3.239e-6
-1.047, 3.239e-6
-1.048, 3.239e-6
-1.049, 3.239e-6
-1.050, 3.239e-6
-1.051, 3.239e-6
-1.052, 3.239e-6
-1.053, 3.239e-6
-1.054, 3.239e-6
-1.055, 3.239e-6
-1.056, 3.239e-6
-1.057, 3.239e-6
-1.058, 6.322e-6
-1.059, 3.239e-6
-1.060, 3.239e-6
-1.061, 3.239e-6
-1.062, 3.239e-6
-1.063, 3.239e-6
-1.064, 3.239e-6
-1.065, 3.239e-6
-1.066, 3.239e-6
-1.067, 3.239e-6
-1.068, 6.322e-6
-1.069, 3.239e-6
-1.070, 3.239e-6
-1.071, 3.239e-6
-1.072, 3.239e-6
-1.073, 3.239e-6
-1.074, 3.239e-6
-1.075, 3.239e-6
-1.076, 3.239e-6
-1.077, 3.239e-6
-1.078, 3.239e-6
-1.079, 6.322e-6
-1.080, 3.239e-6
-1.081, 6.322e-6
-1.082, 3.239e-6
-1.083, 6.322e-6
-1.084, 3.239e-6
-1.085, 6.322e-6
-1.086, 3.239e-6
-1.087, 6.322e-6
-1.088, 3.239e-6
-1.089, 6.322e-6
-1.090, 6.322e-6
-1.091, 6.322e-6
-1.092, 3.239e-6
-1.093, 6.322e-6
-1.094, 6.322e-6
-1.095, 3.239e-6
-1.096, 6.322e-6
-1.097, 6.322e-6
-1.098, 3.239e-6
-1.099, 6.322e-6
-1.100, 6.322e-6
-1.101, 6.322e-6
-1.102, 6.322e-6
-1.103, 6.322e-6
-1.104, 6.322e-6
-1.105, 6.322e-6
-1.106, 6.322e-6
-1.107, 6.322e-6
-1.108, 6.322e-6
-1.109, 6.322e-6
-1.110, 6.322e-6
-1.111, 6.322e-6
-1.112, 6.322e-6
-1.113, 6.322e-6
-1.114, 6.322e-6
-1.115, 6.322e-6
-1.116, 6.322e-6
-1.117, 6.322e-6
-1.118, 6.322e-6
-1.119, 6.322e-6
-1.120, 6.322e-6
-1.121, 6.322e-6
-1.122, 6.322e-6
-1.123, 6.322e-6
-1.124, 6.322e-6
-1.125, 6.322e-6
-1.126, 6.322e-6
-1.127, 6.322e-6
-1.128, 6.322e-6
-1.129, 6.322e-6
-1.130, 6.322e-6
-1.131, 6.322e-6
-1.132, 6.322e-6
-1.133, 6.322e-6
-1.134, 6.322e-6
-1.135, 6.322e-6
-1.136, 6.322e-6
-1.137, 6.322e-6
-1.138, 6.322e-6
-1.139, 6.322e-6
-1.140, 6.322e-6
-1.141, 6.322e-6
-1.142, 6.322e-6
-1.143, 6.322e-6
-1.144, 6.322e-6
-1.145, 6.322e-6
-1.146, 6.322e-6
-1.147, 6.322e-6
-1.148, 6.322e-6
-1.149, 6.322e-6
-1.150, 6.322e-6
-1.151, 9.405e-6
-1.152, 6.322e-6
-1.153, 6.322e-6
-1.154, 6.322e-6
-1.155, 6.322e-6
-1.156, 6.322e-6
-1.157, 6.322e-6
-1.158, 6.322e-6
-1.159, 9.405e-6
-1.160, 6.322e-6
-1.161, 6.322e-6
-1.162, 6.322e-6
-1.163, 9.405e-6
-1.164, 6.322e-6
-1.165, 6.322e-6
-1.166, 6.322e-6
-1.167, 6.322e-6
-1.168, 6.322e-6
-1.169, 6.322e-6
-1.170, 6.322e-6
-1.171, 9.405e-6
-1.172, 6.322e-6
-1.173, 9.405e-6
-1.174, 9.405e-6
-1.175, 6.322e-6
-1.176, 9.405e-6
-1.177, 9.405e-6
-1.178, 9.405e-6
-1.179, 6.322e-6
-1.180, 6.322e-6
-1.181, 9.405e-6
-1.182, 9.405e-6
-1.183, 6.322e-6
-1.184, 9.405e-6
-1.185, 9.405e-6
-1.186, 9.405e-6
-1.187, 9.405e-6
-1.188, 9.405e-6
-1.189, 6.322e-6
-1.190, 9.405e-6
-1.191, 9.405e-6
-1.192, 9.405e-6
-1.193, 9.405e-6
-1.194, 9.405e-6
-1.195, 9.405e-6
-1.196, 9.405e-6
-1.197, 9.405e-6
-1.198, 9.405e-6
-1.199, 9.405e-6
-1.200, 9.405e-6
-1.201, 9.405e-6
-1.202, 9.405e-6
-1.203, 9.405e-6
-1.204, 9.405e-6
-1.205, 9.405e-6
-1.206, 9.405e-6
-1.207, 9.405e-6
-1.208, 9.405e-6
-1.209, 9.405e-6
-1.210, 9.405e-6
-1.211, 9.405e-6
-1.212, 9.405e-6
-1.213, 9.405e-6
-1.214, 9.405e-6
-1.215, 9.405e-6
-1.216, 9.405e-6
-1.217, 9.405e-6
-1.218, 9.405e-6
-1.219, 9.405e-6
-1.220, 9.405e-6
-1.221, 9.405e-6
-1.222, 9.405e-6
-1.223, 9.405e-6
-1.224, 9.405e-6
-1.225, 9.405e-6
-1.226, 9.405e-6
-1.227, 9.405e-6
-1.228, 9.405e-6
-1.229, 9.405e-6
-1.230, 9.405e-6
-1.231, 9.405e-6
-1.232, 9.405e-6
-1.233, 9.405e-6
-1.234, 9.405e-6
-1.235, 9.405e-6
-1.236, 1.249e-5
-1.237, 9.405e-6
-1.238, 9.405e-6
-1.239, 9.405e-6
-1.240, 1.249e-5
-1.241, 9.405e-6
-1.242, 9.405e-6
-1.243, 9.405e-6
-1.244, 9.405e-6
-1.245, 9.405e-6
-1.246, 9.405e-6
-1.247, 9.405e-6
-1.248, 1.249e-5
-1.249, 9.405e-6
-1.250, 9.405e-6
-1.251, 9.405e-6
-1.252, 1.249e-5
-1.253, 9.405e-6
-1.254, 1.249e-5
-1.255, 9.405e-6
-1.256, 1.249e-5
-1.257, 9.405e-6
-1.258, 1.249e-5
-1.259, 9.405e-6
-1.260, 9.405e-6
-1.261, 9.405e-6
-1.262, 1.249e-5
-1.263, 1.249e-5
-1.264, 1.249e-5
-1.265, 9.405e-6
-1.266, 1.249e-5
-1.267, 9.405e-6
-1.268, 1.249e-5
-1.269, 9.405e-6
-1.270, 1.249e-5
-1.271, 1.249e-5
-1.272, 1.249e-5
-1.273, 1.249e-5
-1.274, 1.249e-5
-1.275, 1.249e-5
-1.276, 1.249e-5
-1.277, 1.249e-5
-1.278, 1.249e-5
-1.279, 1.249e-5
-1.280, 1.249e-5
-1.281, 1.249e-5
-1.282, 9.405e-6
-1.283, 1.249e-5
-1.284, 1.249e-5
-1.285, 1.249e-5
-1.286, 1.249e-5
-1.287, 1.249e-5
-1.288, 1.249e-5
-1.289, 1.249e-5
-1.290, 1.249e-5
-1.291, 1.249e-5
-1.292, 1.249e-5
-1.293, 1.249e-5
-1.294, 1.249e-5
-1.295, 1.249e-5
-1.296, 1.249e-5
-1.297, 1.249e-5
-1.298, 1.249e-5
-1.299, 1.249e-5
-1.300, 1.249e-5
-1.301, 1.249e-5
-1.302, 1.249e-5
-1.303, 1.249e-5
-1.304, 1.249e-5
-1.305, 1.249e-5
-1.306, 1.249e-5
-1.307, 1.249e-5
-1.308, 1.249e-5
-1.309, 1.249e-5
-1.310, 1.249e-5
-1.311, 1.249e-5
-1.312, 1.249e-5
-1.313, 1.249e-5
-1.314, 1.249e-5
-1.315, 1.249e-5
-1.316, 1.249e-5
-1.317, 1.249e-5
-1.318, 1.249e-5
-1.319, 1.249e-5
-1.320, 1.249e-5
-1.321, 1.249e-5
-1.322, 1.249e-5
-1.323, 1.249e-5
-1.324, 1.557e-5
-1.325, 1.249e-5
-1.326, 1.249e-5
-1.327, 1.557e-5
-1.328, 1.249e-5
-1.329, 1.249e-5
-1.330, 1.557e-5
-1.331, 1.249e-5
-1.332, 1.249e-5
-1.333, 1.249e-5
-1.334, 1.557e-5
-1.335, 1.557e-5
-1.336, 1.249e-5
-1.337, 1.557e-5
-1.338, 1.249e-5
-1.339, 1.557e-5
-1.340, 1.249e-5
-1.341, 1.557e-5
-1.342, 1.249e-5
-1.343, 1.557e-5
-1.344, 1.249e-5
-1.345, 1.557e-5
-1.346, 1.557e-5
-1.347, 1.557e-5
-1.348, 1.249e-5
-1.349, 1.557e-5
-1.350, 1.557e-5
-1.351, 1.557e-5
-1.352, 1.249e-5
-1.353, 1.557e-5
-1.354, 1.557e-5
-1.355, 1.557e-5
-1.356, 1.557e-5
-1.357, 1.557e-5
-1.358, 1.557e-5
-1.359, 1.557e-5
-1.360, 1.557e-5
-1.361, 1.557e-5
-1.362, 1.557e-5
-1.363, 1.557e-5
-1.364, 1.557e-5
-1.365, 1.557e-5
-1.366, 1.557e-5
-1.367, 1.557e-5
-1.368, 1.557e-5
-1.369, 1.557e-5
-1.370, 1.557e-5
-1.371, 1.557e-5
-1.372, 1.557e-5
-1.373, 1.557e-5
-1.374, 1.557e-5
-1.375, 1.557e-5
-1.376, 1.557e-5
-1.377, 1.557e-5
-1.378, 1.557e-5
-1.379, 1.557e-5
-1.380, 1.557e-5
-1.381, 1.557e-5
-1.382, 1.557e-5
-1.383, 1.557e-5
-1.384, 1.557e-5
-1.385, 1.557e-5
-1.386, 1.557e-5
-1.387, 1.557e-5
-1.388, 1.557e-5
-1.389, 1.557e-5
-1.390, 1.557e-5
-1.391, 1.557e-5
-1.392, 1.557e-5
-1.393, 1.865e-5
-1.394, 1.557e-5
-1.395, 1.557e-5
-1.396, 1.865e-5
-1.397, 1.865e-5
-1.398, 1.557e-5
-1.399, 1.557e-5
-1.400, 1.557e-5
-1.401, 1.557e-5
-1.402, 1.557e-5
-1.403, 1.865e-5
-1.404, 1.865e-5
-1.405, 1.865e-5
-1.406, 1.557e-5
-1.407, 1.865e-5
-1.408, 1.557e-5
-1.409, 1.865e-5
-1.410, 1.557e-5
-1.411, 1.557e-5
-1.412, 1.557e-5
-1.413, 1.865e-5
-1.414, 1.557e-5
-1.415, 1.865e-5
-1.416, 1.865e-5
-1.417, 1.865e-5
-1.418, 1.865e-5
-1.419, 1.865e-5
-1.420, 1.865e-5
-1.421, 1.865e-5
-1.422, 1.865e-5
-1.423, 1.865e-5
-1.424, 1.865e-5
-1.425, 1.865e-5
-1.426, 1.865e-5
-1.427, 1.865e-5
-1.428, 1.865e-5
-1.429, 1.865e-5
-1.430, 1.865e-5
-1.431, 1.865e-5
-1.432, 1.865e-5
-1.433, 1.865e-5
-1.434, 1.865e-5
-1.435, 1.865e-5
-1.436, 1.865e-5
-1.437, 1.865e-5
-1.438, 2.174e-5
-1.439, 1.865e-5
-1.440, 1.865e-5
-1.441, 1.865e-5
-1.442, 1.865e-5
-1.443, 1.865e-5
-1.444, 2.174e-5
-1.445, 1.865e-5
-1.446, 2.174e-5
-1.447, 1.865e-5
-1.448, 2.174e-5
-1.449, 2.174e-5
-1.450, 2.174e-5
-1.451, 2.174e-5
-1.452, 2.174e-5
-1.453, 2.174e-5
-1.454, 1.865e-5
-1.455, 1.865e-5
-1.456, 1.865e-5
-1.457, 2.174e-5
-1.458, 2.174e-5
-1.459, 2.174e-5
-1.460, 2.174e-5
-1.461, 2.174e-5
-1.462, 2.174e-5
-1.463, 2.174e-5
-1.464, 2.174e-5
-1.465, 2.174e-5
-1.466, 2.174e-5
-1.467, 2.174e-5
-1.468, 2.174e-5
-1.469, 2.174e-5
-1.470, 2.174e-5
-1.471, 2.174e-5
-1.472, 2.174e-5
-1.473, 2.174e-5
-1.474, 2.174e-5
-1.475, 2.174e-5
-1.476, 2.174e-5
-1.477, 2.174e-5
-1.478, 2.174e-5
-1.479, 2.482e-5
-1.480, 2.482e-5
-1.481, 2.482e-5
-1.482, 2.174e-5
-1.483, 2.482e-5
-1.484, 2.482e-5
-1.485, 2.482e-5
-1.486, 2.482e-5
-1.487, 2.482e-5
-1.488, 2.482e-5
-1.489, 2.482e-5
-1.490, 2.482e-5
-1.491, 2.482e-5
-1.492, 2.482e-5
-1.493, 2.482e-5
-1.494, 2.482e-5
-1.495, 2.482e-5
-1.496, 2.482e-5
-1.497, 2.482e-5
-1.498, 2.482e-5
-1.499, 2.482e-5
-1.500, 2.790e-5
-1.501, 2.482e-5
-1.502, 2.482e-5
-1.503, 2.482e-5
-1.504, 2.790e-5
-1.505, 2.482e-5
-1.506, 2.482e-5
-1.507, 2.790e-5
-1.508, 2.790e-5
-1.509, 2.790e-5
-1.510, 2.790e-5
-1.511, 2.790e-5
-1.512, 2.790e-5
-1.513, 2.790e-5
-1.514, 2.790e-5
-1.515, 2.790e-5
-1.516, 2.790e-5
-1.517, 3.099e-5
-1.518, 2.790e-5
-1.519, 2.790e-5
-1.520, 2.790e-5
-1.521, 3.099e-5
-1.522, 3.099e-5
-1.523, 3.099e-5
-1.524, 3.099e-5
-1.525, 3.099e-5
-1.526, 3.099e-5
-1.527, 3.099e-5
-1.528, 3.099e-5
-1.529, 3.099e-5
-1.530, 3.099e-5
-1.531, 3.099e-5
-1.532, 3.099e-5
-1.533, 3.099e-5
-1.534, 3.099e-5
-1.535, 3.099e-5
-1.536, 3.407e-5
-1.537, 3.407e-5
-1.538, 3.407e-5
-1.539, 3.407e-5
-1.540, 3.407e-5
-1.541, 3.407e-5
-1.542, 3.407e-5
-1.543, 3.407e-5
-1.544, 3.715e-5
-1.545, 3.407e-5
-1.546, 3.407e-5
-1.547, 3.715e-5
-1.548, 3.715e-5
-1.549, 3.715e-5
-1.550, 3.715e-5
-1.551, 3.715e-5
-1.552, 3.715e-5
-1.553, 3.715e-5
-1.554, 3.715e-5
-1.555, 3.715e-5
-1.556, 3.715e-5
-1.557, 3.715e-5
-1.558, 3.715e-5
-1.559, 4.024e-5
-1.560, 4.024e-5
-1.561, 4.024e-5
-1.562, 4.024e-5
-1.563, 4.024e-5
-1.564, 4.332e-5
-1.565, 4.024e-5
-1.566, 4.024e-5
-1.567, 4.332e-5
-1.568, 4.332e-5
-1.569, 4.332e-5
-1.570, 4.332e-5
-1.571, 4.332e-5
-1.572, 4.332e-5
-1.573, 4.332e-5
-1.574, 4.332e-5
-1.575, 4.332e-5
-1.576, 4.640e-5
-1.577, 4.640e-5
-1.578, 4.640e-5
-1.579, 4.640e-5
-1.580, 4.640e-5
-1.581, 4.640e-5
-1.582, 4.640e-5
-1.583, 4.640e-5
-1.584, 4.949e-5
-1.585, 4.949e-5
-1.586, 4.949e-5
-1.587, 4.949e-5
-1.588, 4.949e-5
-1.589, 4.949e-5
-1.590, 4.949e-5
-1.591, 4.949e-5
-1.592, 4.949e-5
-1.593, 5.257e-5
-1.594, 5.257e-5
-1.595, 5.257e-5
-1.596, 5.257e-5
-1.597, 5.565e-5
-1.598, 5.257e-5
-1.599, 5.565e-5
-1.600, 5.565e-5
-1.601, 5.565e-5
-1.602, 5.565e-5
-1.603, 5.873e-5
-1.604, 5.565e-5
-1.605, 5.873e-5
-1.606, 5.873e-5
-1.607, 5.873e-5
-1.608, 6.182e-5
-1.609, 6.182e-5
-1.610, 6.182e-5
-1.611, 6.182e-5
-1.612, 6.182e-5
-1.613, 6.182e-5
-1.614, 6.182e-5
-1.615, 6.490e-5
-1.616, 6.490e-5
-1.617, 6.490e-5
-1.618, 6.490e-5
-1.619, 6.490e-5
-1.620, 6.798e-5
-1.621, 6.798e-5
-1.622, 6.798e-5
-1.623, 6.798e-5
-1.624, 7.107e-5
-1.625, 7.107e-5
-1.626, 7.107e-5
-1.627, 7.107e-5
-1.628, 7.415e-5
-1.629, 7.415e-5
-1.630, 7.415e-5
-1.631, 7.415e-5
-1.632, 7.723e-5
-1.633, 7.723e-5
-1.634, 7.723e-5
-1.635, 7.723e-5
-1.636, 8.032e-5
-1.637, 8.032e-5
-1.638, 8.032e-5
-1.639, 8.340e-5
-1.640, 8.340e-5
-1.641, 8.340e-5
-1.642, 8.648e-5
-1.643, 8.648e-5
-1.644, 8.648e-5
-1.645, 8.957e-5
-1.646, 8.957e-5
-1.647, 8.957e-5
-1.648, 9.265e-5
-1.649, 9.265e-5
-1.650, 9.265e-5
-1.651, 9.573e-5
-1.652, 9.573e-5
-1.653, 9.882e-5
-1.654, 9.882e-5
-1.655, 9.882e-5
-1.656, 1.019e-4
-1.657, 1.050e-4
-1.658, 1.019e-4
-1.659, 1.050e-4
-1.660, 1.050e-4
-1.661, 1.081e-4
-1.662, 1.081e-4
-1.663, 1.111e-4
-1.664, 1.111e-4
-1.665, 1.142e-4
-1.666, 1.142e-4
-1.667, 1.173e-4
-1.668, 1.173e-4
-1.669, 1.204e-4
-1.670, 1.204e-4
-1.671, 1.235e-4
-1.672, 1.235e-4
-1.673, 1.235e-4
-1.674, 1.266e-4
-1.675, 1.296e-4
-1.676, 1.296e-4
-1.677, 1.327e-4
-1.678, 1.327e-4
-1.679, 1.358e-4
-1.680, 1.389e-4
-1.681, 1.420e-4
-1.682, 1.420e-4
-1.683, 1.451e-4
-1.684, 1.481e-4
-1.685, 1.481e-4
-1.686, 1.512e-4
-1.687, 1.512e-4
-1.688, 1.543e-4
-1.689, 1.574e-4
-1.690, 1.605e-4
-1.691, 1.636e-4
-1.692, 1.666e-4
-1.693, 1.666e-4
-1.694, 1.697e-4
-1.695, 1.728e-4
-1.696, 1.759e-4
-1.697, 1.790e-4
-1.698, 1.821e-4
-1.699, 1.821e-4
-1.700, 1.851e-4
-1.701, 1.882e-4
-1.702, 1.944e-4
-1.703, 1.944e-4
-1.704, 2.006e-4
-1.705, 2.006e-4
-1.706, 2.067e-4
-1.707, 2.098e-4
-1.708, 2.129e-4
-1.709, 2.160e-4
-1.710, 2.191e-4
-1.711, 2.221e-4
-1.712, 2.252e-4
-1.713, 2.314e-4
-1.714, 2.345e-4
-1.715, 2.406e-4
-1.716, 2.437e-4
-1.717, 2.468e-4
-1.718, 2.499e-4
-1.719, 2.561e-4
-1.720, 2.591e-4
-1.721, 2.653e-4
-1.722, 2.715e-4
-1.723, 2.746e-4
-1.724, 2.807e-4
-1.725, 2.838e-4
-1.726, 2.900e-4
-1.727, 2.961e-4
-1.728, 2.992e-4
-1.729, 3.054e-4
-1.730, 3.115e-4
-1.731, 3.177e-4
-1.732, 3.239e-4
-1.733, 3.300e-4
-1.734, 3.362e-4
-1.735, 3.424e-4
-1.736, 3.516e-4
-1.737, 3.578e-4
-1.738, 3.640e-4
-1.739, 3.701e-4
-1.740, 3.794e-4
-1.741, 3.855e-4
-1.742, 3.948e-4
-1.743, 4.010e-4
-1.744, 4.102e-4
-1.745, 4.164e-4
-1.746, 4.256e-4
-1.747, 4.349e-4
-1.748, 4.441e-4
-1.749, 4.534e-4
-1.750, 4.626e-4
-1.751, 4.719e-4
-1.752, 4.811e-4
-1.753, 4.904e-4
-1.754, 4.996e-4
-1.755, 5.120e-4
-1.756, 5.243e-4
-1.757, 5.335e-4
-1.758, 5.459e-4
-1.759, 5.582e-4
-1.760, 5.705e-4
-1.761, 5.829e-4
-1.762, 5.952e-4
-1.763, 6.075e-4
-1.764, 6.199e-4
-1.765, 6.322e-4
-1.766, 6.476e-4
-1.767, 6.599e-4
-1.768, 6.784e-4
-1.769, 6.908e-4
-1.770, 7.093e-4
-1.771, 7.247e-4
-1.772, 7.401e-4
-1.773, 7.555e-4
-1.774, 7.740e-4
-1.775, 7.894e-4
-1.776, 8.079e-4
-1.777, 8.295e-4
-1.778, 8.449e-4
-1.779, 8.634e-4
-1.780, 8.819e-4
-1.781, 9.035e-4
-1.782, 9.220e-4
-1.783, 9.436e-4
-1.784, 9.621e-4
-1.785, 9.868e-4
-1.786, 1.011e-3
-1.787, 1.033e-3
-1.788, 1.058e-3
-1.789, 1.082e-3
-1.790, 1.107e-3
-1.791, 1.132e-3
-1.792, 1.156e-3
-1.793, 1.184e-3
-1.794, 1.209e-3
-1.795, 1.233e-3
-1.796, 1.261e-3
-1.797, 1.289e-3
-1.798, 1.320e-3
-1.799, 1.351e-3
-1.800, 1.381e-3
-1.801, 1.412e-3
-1.802, 1.443e-3
-1.803, 1.477e-3
-1.804, 1.511e-3
-1.805, 1.542e-3
-1.806, 1.576e-3
-1.807, 1.613e-3
-1.808, 1.647e-3
-1.809, 1.680e-3
-1.810, 1.721e-3
-1.811, 1.758e-3
-1.812, 1.798e-3
-1.813, 1.835e-3
-1.814, 1.875e-3
-1.815, 1.915e-3
-1.816, 1.955e-3
-1.817, 1.998e-3
-1.818, 2.041e-3
-1.819, 2.084e-3
-1.820, 2.131e-3
-1.821, 2.174e-3
-1.822, 2.217e-3
-1.823, 2.260e-3
-1.824, 2.309e-3
-1.825, 2.356e-3
-1.826, 2.405e-3
-1.827, 2.454e-3
-1.828, 2.507e-3
-1.829, 2.556e-3
-1.830, 2.612e-3
-1.831, 2.664e-3
-1.832, 2.713e-3
-1.833, 2.766e-3
-1.834, 2.815e-3
-1.835, 2.867e-3
-1.836, 2.923e-3
-1.837, 2.975e-3
-1.838, 3.034e-3
-1.839, 3.089e-3
-1.840, 3.148e-3
-1.841, 3.207e-3
-1.842, 3.262e-3
-1.843, 3.324e-3
-1.844, 3.385e-3
-1.845, 3.447e-3
-1.846, 3.506e-3
-1.847, 3.570e-3
-1.848, 3.632e-3
-1.849, 3.697e-3
-1.850, 3.758e-3
-1.851, 3.823e-3
-1.852, 3.885e-3
-1.853, 3.950e-3
-1.854, 4.017e-3
-1.855, 4.082e-3
-1.856, 4.153e-3
-1.857, 4.221e-3
-1.858, 4.286e-3
-1.859, 4.357e-3
-1.860, 4.424e-3
-1.861, 4.495e-3
-1.862, 4.566e-3
-1.863, 4.640e-3
-1.864, 4.711e-3
-1.865, 4.785e-3
-1.866, 4.859e-3
-1.867, 4.936e-3
-1.868, 5.010e-3
-1.869, 5.087e-3
-1.870, 5.161e-3
-1.871, 5.241e-3
-1.872, 5.322e-3
-1.873, 5.405e-3
-1.874, 5.491e-3
-1.875, 5.574e-3
-1.876, 5.658e-3
-1.877, 5.741e-3
-1.878, 5.821e-3
-1.879, 5.901e-3
-1.880, 5.978e-3
-1.881, 6.058e-3
-1.882, 6.139e-3
-1.883, 6.219e-3
-1.884, 6.302e-3
-1.885, 6.382e-3
-1.886, 6.462e-3
-1.887, 6.539e-3
-1.888, 6.620e-3
-1.889, 6.703e-3
-1.890, 6.783e-3
-1.891, 6.869e-3
-1.892, 6.953e-3
-1.893, 7.042e-3
-1.894, 7.134e-3
-1.895, 7.218e-3
-1.896, 7.304e-3
-1.897, 7.393e-3
-1.898, 7.477e-3
-1.899, 7.563e-3
-1.900, 7.600e-3
-1.899, 7.557e-3
-1.898, 7.520e-3
-1.897, 7.477e-3
-1.896, 7.430e-3
-1.895, 7.390e-3
-1.894, 7.344e-3
-1.893, 7.298e-3
-1.892, 7.249e-3
-1.891, 7.199e-3
-1.890, 7.150e-3
-1.889, 7.101e-3
-1.888, 7.051e-3
-1.887, 7.002e-3
-1.886, 6.953e-3
-1.885, 6.903e-3
-1.884, 6.854e-3
-1.883, 6.805e-3
-1.882, 6.752e-3
-1.881, 6.700e-3
-1.880, 6.647e-3
-1.879, 6.592e-3
-1.878, 6.543e-3
-1.877, 6.490e-3
-1.876, 6.441e-3
-1.875, 6.398e-3
-1.874, 6.351e-3
-1.873, 6.308e-3
-1.872, 6.259e-3
-1.871, 6.210e-3
-1.870, 6.160e-3
-1.869, 6.114e-3
-1.868, 6.055e-3
-1.867, 5.981e-3
-1.866, 5.929e-3
-1.865, 5.880e-3
-1.864, 5.827e-3
-1.863, 5.778e-3
-1.862, 5.725e-3
-1.861, 5.673e-3
-1.860, 5.621e-3
-1.859, 5.565e-3
-1.858, 5.516e-3
-1.857, 5.467e-3
-1.856, 5.414e-3
-1.855, 5.362e-3
-1.854, 5.312e-3
-1.853, 5.260e-3
-1.852, 5.208e-3
-1.851, 5.158e-3
-1.850, 5.109e-3
-1.849, 5.060e-3
-1.848, 5.019e-3
-1.847, 4.976e-3
-1.846, 4.927e-3
-1.845, 4.878e-3
-1.844, 4.828e-3
-1.843, 4.779e-3
-1.842, 4.730e-3
-1.841, 4.680e-3
-1.840, 4.631e-3
-1.839, 4.582e-3
-1.838, 4.532e-3
-1.837, 4.483e-3
-1.836, 4.434e-3
-1.835, 4.384e-3
-1.834, 4.338e-3
-1.833, 4.289e-3
-1.832, 4.243e-3
-1.831, 4.196e-3
-1.830, 4.150e-3
-1.829, 4.104e-3
-1.828, 4.058e-3
-1.827, 4.011e-3
-1.826, 3.962e-3
-1.825, 3.916e-3
-1.824, 3.869e-3
-1.823, 3.826e-3
-1.822, 3.783e-3
-1.821, 3.737e-3
-1.820, 3.694e-3
-1.819, 3.654e-3
-1.818, 3.610e-3
-1.817, 3.567e-3
-1.816, 3.521e-3
-1.815, 3.481e-3
-1.814, 3.441e-3
-1.813, 3.398e-3
-1.812, 3.361e-3
-1.811, 3.321e-3
-1.810, 3.281e-3
-1.809, 3.241e-3
-1.808, 3.200e-3
-1.807, 3.160e-3
-1.806, 3.123e-3
-1.805, 3.083e-3
-1.804, 3.043e-3
-1.803, 3.003e-3
-1.802, 2.966e-3
-1.801, 2.929e-3
-1.800, 2.892e-3
-1.799, 2.855e-3
-1.798, 2.821e-3
-1.797, 2.784e-3
-1.796, 2.750e-3
-1.795, 2.713e-3
-1.794, 2.676e-3
-1.793, 2.639e-3
-1.792, 2.605e-3
-1.791, 2.571e-3
-1.790, 2.538e-3
-1.789, 2.504e-3
-1.788, 2.470e-3
-1.787, 2.433e-3
-1.786, 2.399e-3
-1.785, 2.365e-3
-1.784, 2.337e-3
-1.783, 2.306e-3
-1.782, 2.269e-3
-1.781, 2.238e-3
-1.780, 2.205e-3
-1.779, 2.177e-3
-1.778, 2.146e-3
-1.777, 2.115e-3
-1.776, 2.084e-3
-1.775, 2.054e-3
-1.774, 2.026e-3
-1.773, 1.995e-3
-1.772, 1.967e-3
-1.771, 1.939e-3
-1.770, 1.912e-3
-1.769, 1.881e-3
-1.768, 1.853e-3
-1.767, 1.825e-3
-1.766, 1.801e-3
-1.765, 1.773e-3
-1.764, 1.745e-3
-1.763, 1.721e-3
-1.762, 1.696e-3
-1.761, 1.668e-3
-1.760, 1.643e-3
-1.759, 1.616e-3
-1.758, 1.594e-3
-1.757, 1.569e-3
-1.756, 1.545e-3
-1.755, 1.520e-3
-1.754, 1.495e-3
-1.753, 1.474e-3
-1.752, 1.452e-3
-1.751, 1.431e-3
-1.750, 1.409e-3
-1.749, 1.388e-3
-1.748, 1.366e-3
-1.747, 1.344e-3
-1.746, 1.323e-3
-1.745, 1.301e-3
-1.744, 1.280e-3
-1.743, 1.261e-3
-1.742, 1.240e-3
-1.741, 1.221e-3
-1.740, 1.203e-3
-1.739, 1.181e-3
-1.738, 1.162e-3
-1.737, 1.144e-3
-1.736, 1.125e-3
-1.735, 1.107e-3
-1.734, 1.088e-3
-1.733, 1.073e-3
-1.732, 1.055e-3
-1.731, 1.036e-3
-1.730, 1.018e-3
-1.729, 1.002e-3
-1.728, 9.868e-4
-1.727, 9.683e-4
-1.726, 9.528e-4
-1.725, 9.343e-4
-1.724, 9.189e-4
-1.723, 9.035e-4
-1.722, 8.912e-4
-1.721, 8.727e-4
-1.720, 8.603e-4
-1.719, 8.449e-4
-1.718, 8.295e-4
-1.717, 8.141e-4
-1.716, 8.048e-4
-1.715, 7.894e-4
-1.714, 7.740e-4
-1.713, 7.617e-4
-1.712, 7.494e-4
-1.711, 7.339e-4
-1.710, 7.216e-4
-1.709, 7.093e-4
-1.708, 6.969e-4
-1.707, 6.846e-4
-1.706, 6.723e-4
-1.705, 6.599e-4
-1.704, 6.476e-4
-1.703, 6.353e-4
-1.702, 6.229e-4
-1.701, 6.137e-4
-1.700, 6.014e-4
-1.699, 5.921e-4
-1.698, 5.798e-4
-1.697, 5.705e-4
-1.696, 5.613e-4
-1.695, 5.520e-4
-1.694, 5.397e-4
-1.693, 5.305e-4
-1.692, 5.212e-4
-1.691, 5.120e-4
-1.690, 4.996e-4
-1.689, 4.904e-4
-1.688, 4.842e-4
-1.687, 4.750e-4
-1.686, 4.657e-4
-1.685, 4.565e-4
-1.684, 4.472e-4
-1.683, 4.380e-4
-1.682, 4.318e-4
-1.681, 4.225e-4
-1.680, 4.164e-4
-1.679, 4.071e-4
-1.678, 3.979e-4
-1.677, 3.917e-4
-1.676, 3.855e-4
-1.675, 3.763e-4
-1.674, 3.701e-4
-1.673, 3.640e-4
-1.672, 3.547e-4
-1.671, 3.485e-4
-1.670, 3.424e-4
-1.669, 3.362e-4
-1.668, 3.300e-4
-1.667, 3.239e-4
-1.666, 3.177e-4
-1.665, 3.115e-4
-1.664, 3.054e-4
-1.663, 2.992e-4
-1.662, 2.931e-4
-1.661, 2.869e-4
-1.660, 2.838e-4
-1.659, 2.746e-4
-1.658, 2.715e-4
-1.657, 2.653e-4
-1.656, 2.591e-4
-1.655, 2.561e-4
-1.654, 2.499e-4
-1.653, 2.468e-4
-1.652, 2.406e-4
-1.651, 2.345e-4
-1.650, 2.314e-4
-1.649, 2.252e-4
-1.648, 2.221e-4
-1.647, 2.160e-4
-1.646, 2.129e-4
-1.645, 2.098e-4
-1.644, 2.036e-4
-1.643, 2.006e-4
-1.642, 1.975e-4
-1.641, 1.913e-4
-1.640, 1.882e-4
-1.639, 1.851e-4
-1.638, 1.790e-4
-1.637, 1.759e-4
-1.636, 1.728e-4
-1.635, 1.697e-4
-1.634, 1.666e-4
-1.633, 1.636e-4
-1.632, 1.574e-4
-1.631, 1.543e-4
-1.630, 1.512e-4
-1.629, 1.481e-4
-1.628, 1.451e-4
-1.627, 1.451e-4
-1.626, 1.389e-4
-1.625, 1.389e-4
-1.624, 1.327e-4
-1.623, 1.327e-4
-1.622, 1.296e-4
-1.621, 1.266e-4
-1.620, 1.235e-4
-1.619, 1.204e-4
-1.618, 1.173e-4
-1.617, 1.142e-4
-1.616, 1.142e-4
-1.615, 1.111e-4
-1.614, 1.081e-4
-1.613, 1.050e-4
-1.612, 1.019e-4
-1.611, 1.019e-4
-1.610, 9.882e-5
-1.609, 9.882e-5
-1.608, 9.573e-5
-1.607, 9.265e-5
-1.606, 8.957e-5
-1.605, 8.957e-5
-1.604, 8.648e-5
-1.603, 8.340e-5
-1.602, 8.340e-5
-1.601, 8.032e-5
-1.600, 8.032e-5
-1.599, 7.723e-5
-1.598, 7.723e-5
-1.597, 7.415e-5
-1.596, 7.415e-5
-1.595, 7.107e-5
-1.594, 6.798e-5
-1.593, 6.490e-5
-1.592, 6.490e-5
-1.591, 6.490e-5
-1.590, 6.182e-5
-1.589, 6.182e-5
-1.588, 6.182e-5
-1.587, 5.873e-5
-1.586, 5.873e-5
-1.585, 5.565e-5
-1.584, 5.257e-5
-1.583, 5.257e-5
-1.582, 5.257e-5
-1.581, 4.949e-5
-1.580, 4.949e-5
-1.579, 4.949e-5
-1.578, 4.640e-5
-1.577, 4.640e-5
-1.576, 4.332e-5
-1.575, 4.332e-5
-1.574, 4.024e-5
-1.573, 4.024e-5
-1.572, 4.024e-5
-1.571, 4.024e-5
-1.570, 3.715e-5
-1.569, 3.715e-5
-1.568, 3.407e-5
-1.567, 3.407e-5
-1.566, 3.407e-5
-1.565, 3.099e-5
-1.564, 3.099e-5
-1.563, 3.099e-5
-1.562, 3.099e-5
-1.561, 3.099e-5
-1.560, 2.790e-5
-1.559, 2.790e-5
-1.558, 2.482e-5
-1.557, 2.482e-5
-1.556, 2.482e-5
-1.555, 2.482e-5
-1.554, 2.482e-5
-1.553, 2.174e-5
-1.552, 2.174e-5
-1.551, 2.174e-5
-1.550, 2.174e-5
-1.549, 1.865e-5
-1.548, 1.865e-5
-1.547, 1.865e-5
-1.546, 1.865e-5
-1.545, 1.557e-5
-1.544, 1.865e-5
-1.543, 1.865e-5
-1.542, 1.557e-5
-1.541, 1.557e-5
-1.540, 1.557e-5
-1.539, 1.249e-5
-1.538, 1.249e-5
-1.537, 1.249e-5
-1.536, 1.249e-5
-1.535, 1.249e-5
-1.534, 1.249e-5
-1.533, 9.405e-6
-1.532, 1.249e-5
-1.531, 9.405e-6
-1.530, 9.405e-6
-1.529, 9.405e-6
-1.528, 9.405e-6
-1.527, 6.322e-6
-1.526, 9.405e-6
-1.525, 6.322e-6
-1.524, 6.322e-6
-1.523, 6.322e-6
-1.522, 6.322e-6
-1.521, 6.322e-6
-1.520, 6.322e-6
-1.519, 3.239e-6
-1.518, 6.322e-6
-1.517, 3.239e-6
-1.516, 3.239e-6
-1.515, 3.239e-6
-1.514, 3.239e-6
-1.513, 3.239e-6
-1.512, 3.239e-6
-1.511, 3.239e-6
-1.510, 3.239e-6
-1.509, 3.239e-6
-1.508, 1.559e-7
-1.507, 1.559e-7
-1.506, 1.559e-7
-1.505, 1.559e-7
-1.504, 1.559e-7
-1.503, 1.559e-7
-1.502, 1.559e-7
-1.501, 1.559e-7
-1.500, 1.559e-7
-1.499, 1.559e-7
-1.498, 1.559e-7
-1.497, 1.559e-7
-1.496, 1.559e-7
-1.495, 1.559e-7
-1.494, -2.927e-6
-1.493, 1.559e-7
-1.492, -2.927e-6
-1.491, -2.927e-6
-1.490, -2.927e-6
-1.489, -2.927e-6
-1.488, -2.927e-6
-1.487, -2.927e-6
-1.486, -2.927e-6
-1.485, -2.927e-6
-1.484, -2.927e-6
-1.483, -2.927e-6
-1.482, -2.927e-6
-1.481, -2.927e-6
-1.480, -2.927e-6
-1.479, -6.010e-6
-1.478, -2.927e-6
-1.477, -6.010e-6
-1.476, -6.010e-6
-1.475, -6.010e-6
-1.474, -6.010e-6
-1.473, -6.010e-6
-1.472, -6.010e-6
-1.471, -6.010e-6
-1.470, -6.010e-6
-1.469, -6.010e-6
-1.468, -6.010e-6
-1.467, -6.010e-6
-1.466, -6.010e-6
-1.465, -6.010e-6
-1.464, -6.010e-6
-1.463, -6.010e-6
-1.462, -6.010e-6
-1.461, -6.010e-6
-1.460, -6.010e-6
-1.459, -6.010e-6
-1.458, -9.093e-6
-1.457, -6.010e-6
-1.456, -6.010e-6
-1.455, -9.093e-6
-1.454, -6.010e-6
-1.453, -6.010e-6
-1.452, -6.010e-6
-1.451, -6.010e-6
-1.450, -6.010e-6
-1.449, -6.010e-6
-1.448, -9.093e-6
-1.447, -6.010e-6
-1.446, -9.093e-6
-1.445, -9.093e-6
-1.444, -9.093e-6
-1.443, -9.093e-6
-1.442, -9.093e-6
-1.441, -6.010e-6
-1.440, -9.093e-6
-1.439, -9.093e-6
-1.438, -9.093e-6
-1.437, -6.010e-6
-1.436, -9.093e-6
-1.435, -6.010e-6
-1.434, -9.093e-6
-1.433, -9.093e-6
-1.432, -9.093e-6
-1.431, -9.093e-6
-1.430, -9.093e-6
-1.429, -9.093e-6
-1.428, -9.093e-6
-1.427, -9.093e-6
-1.426, -9.093e-6
-1.425, -9.093e-6
-1.424, -9.093e-6
-1.423, -9.093e-6
-1.422, -9.093e-6
-1.421, -9.093e-6
-1.420, -9.093e-6
-1.419, -9.093e-6
-1.418, -9.093e-6
-1.417, -1.218e-5
-1.416, -9.093e-6
-1.415, -9.093e-6
-1.414, -9.093e-6
-1.413, -9.093e-6
-1.412, -9.093e-6
-1.411, -9.093e-6
-1.410, -9.093e-6
-1.409, -9.093e-6
-1.408, -9.093e-6
-1.407, -1.218e-5
-1.406, -9.093e-6
-1.405, -1.218e-5
-1.404, -9.093e-6
-1.403, -9.093e-6
-1.402, -9.093e-6
-1.401, -9.093e-6
-1.400, -9.093e-6
-1.399, -1.218e-5
-1.398, -9.093e-6
-1.397, -9.093e-6
-1.396, -9.093e-6
-1.395, -1.218e-5
-1.394, -9.093e-6
-1.393, -1.218e-5
-1.392, -1.218e-5
-1.391, -9.093e-6
-1.390, -9.093e-6
-1.389, -9.093e-6
-1.388, -1.218e-5
-1.387, -9.093e-6
-1.386, -1.218e-5
-1.385, -9.093e-6
-1.384, -9.093e-6
-1.383, -9.093e-6
-1.382, -1.218e-5
-1.381, -9.093e-6
-1.380, -1.218e-5
-1.379, -9.093e-6
-1.378, -1.218e-5
-1.377, -1.218e-5
-1.376, -1.218e-5
-1.375, -9.093e-6
-1.374, -1.218e-5
-1.373, -9.093e-6
-1.372, -1.218e-5
-1.371, -9.093e-6
-1.370, -1.218e-5
-1.369, -1.218e-5
-1.368, -1.218e-5
-1.367, -1.218e-5
-1.366, -1.218e-5
-1.365, -9.093e-6
-1.364, -1.218e-5
-1.363, -9.093e-6
-1.362, -1.218e-5
-1.361, -1.218e-5
-1.360, -1.218e-5
-1.359, -1.218e-5
-1.358, -1.218e-5
-1.357, -1.218e-5
-1.356, -1.218e-5
-1.355, -1.218e-5
-1.354, -1.218e-5
-1.353, -1.218e-5
-1.352, -9.093e-6
-1.351, -1.218e-5
-1.350, -9.093e-6
-1.349, -1.218e-5
-1.348, -1.218e-5
-1.347, -1.218e-5
-1.346, -1.218e-5
-1.345, -1.218e-5
-1.344, -1.218e-5
-1.343, -1.218e-5
-1.342, -9.093e-6
-1.341, -1.218e-5
-1.340, -1.218e-5
-1.339, -1.218e-5
-1.338, -9.093e-6
-1.337, -1.218e-5
-1.336, -9.093e-6
-1.335, -1.218e-5
-1.334, -1.218e-5
-1.333, -1.218e-5
-1.332, -1.218e-5
-1.331, -1.218e-5
-1.330, -1.218e-5
-1.329, -1.218e-5
-1.328, -1.218e-5
-1.327, -1.218e-5
-1.326, -1.218e-5
-1.325, -1.218e-5
-1.324, -1.218e-5
-1.323, -9.093e-6
-1.322, -1.218e-5
-1.321, -9.093e-6
-1.320, -1.218e-5
-1.319, -1.218e-5
-1.318, -1.218e-5
-1.317, -9.093e-6
-1.316, -1.218e-5
-1.315, -1.218e-5
-1.314, -1.218e-5
-1.313, -1.218e-5
-1.312, -1.218e-5
-1.311, -1.218e-5
-1.310, -1.218e-5
-1.309, -1.218e-5
-1.308, -1.218e-5
-1.307, -1.218e-5
-1.306, -1.218e-5
-1.305, -1.218e-5
-1.304, -1.218e-5
-1.303, -9.093e-6
-1.302, -1.218e-5
-1.301, -1.218e-5
-1.300, -1.218e-5
-1.299, -1.218e-5
-1.298, -1.218e-5
-1.297, -1.218e-5
-1.296, -9.093e-6
-1.295, -1.218e-5
-1.294, -1.218e-5
-1.293, -1.218e-5
-1.292, -1.218e-5
-1.291, -1.218e-5
-1.290, -1.218e-5
-1.289, -1.218e-5
-1.288, -1.218e-5
-1.287, -1.218e-5
-1.286, -1.218e-5
-1.285, -1.218e-5
-1.284, -1.218e-5
-1.283, -1.218e-5
-1.282, -1.218e-5
-1.281, -1.218e-5
-1.280, -1.218e-5
-1.279, -1.218e-5
-1.278, -1.218e-5
-1.277, -1.218e-5
-1.276, -9.093e-6
-1.275, -1.218e-5
-1.274, -1.218e-5
-1.273, -1.218e-5
-1.272, -1.218e-5
-1.271, -1.218e-5
-1.270, -1.218e-5
-1.269, -1.218e-5
-1.268, -1.218e-5
-1.267, -1.218e-5
-1.266, -9.093e-6
-1.265, -1.218e-5
-1.264, -1.218e-5
-1.263, -1.218e-5
-1.262, -1.218e-5
-1.261, -1.218e-5
-1.260, -9.093e-6
-1.259, -1.218e-5
-1.258, -1.218e-5
-1.257, -1.218e-5
-1.256, -1.218e-5
-1.255, -1.218e-5
-1.254, -1.218e-5
-1.253, -1.218e-5
-1.252, -1.218e-5
-1.251, -1.218e-5
-1.250, -1.218e-5
-1.249, -1.218e-5
-1.248, -1.218e-5
-1.247, -1.218e-5
-1.246, -1.218e-5
-1.245, -9.093e-6
-1.244, -1.218e-5
-1.243, -1.218e-5
-1.242, -1.218e-5
-1.241, -1.218e-5
-1.240, -1.218e-5
-1.239, -1.218e-5
-1.238, -1.218e-5
-1.237, -1.218e-5
-1.236, -1.218e-5
-1.235, -1.218e-5
-1.234, -1.218e-5
-1.233, -1.218e-5
-1.232, -1.218e-5
-1.231, -1.218e-5
-1.230, -1.218e-5
-1.229, -1.218e-5
-1.228, -1.218e-5
-1.227, -1.218e-5
-1.226, -1.218e-5
-1.225, -1.218e-5
-1.224, -1.218e-5
-1.223, -1.218e-5
-1.222, -1.218e-5
-1.221, -1.218e-5
-1.220, -1.218e-5
-1.219, -1.218e-5
-1.218, -1.218e-5
-1.217, -1.218e-5
-1.216, -1.218e-5
-1.215, -1.218e-5
-1.214, -9.093e-6
-1.213, -1.218e-5
-1.212, -9.093e-6
-1.211, -1.218e-5
-1.210, -1.218e-5
-1.209, -1.218e-5
-1.208, -1.218e-5
-1.207, -1.218e-5
-1.206, -1.218e-5
-1.205, -1.218e-5
-1.204, -1.218e-5
-1.203, -1.218e-5
-1.202, -1.218e-5
-1.201, -1.218e-5
-1.200, -1.218e-5
-1.199, -1.218e-5
-1.198, -1.218e-5
-1.197, -1.218e-5
-1.196, -1.218e-5
-1.195, -1.218e-5
-1.194, -1.218e-5
-1.193, -1.218e-5
-1.192, -1.218e-5
-1.191, -1.218e-5
-1.190, -1.218e-5
-1.189, -1.218e-5
-1.188, -1.218e-5
-1.187, -1.218e-5
-1.186, -1.218e-5
-1.185, -1.218e-5
-1.184, -1.218e-5
-1.183, -1.218e-5
-1.182, -1.218e-5
-1.181, -1.218e-5
-1.180, -1.218e-5
-1.179, -1.218e-5
-1.178, -1.218e-5
-1.177, -1.218e-5
-1.176, -1.218e-5
-1.175, -1.218e-5
-1.174, -1.218e-5
-1.173, -1.218e-5
-1.172, -1.218e-5
-1.171, -1.218e-5
-1.170, -1.218e-5
-1.169, -1.218e-5
-1.168, -1.218e-5
-1.167, -1.218e-5
-1.166, -1.218e-5
-1.165, -1.218e-5
-1.164, -1.218e-5
-1.163, -1.218e-5
-1.162, -1.218e-5
-1.161, -1.218e-5
-1.160, -1.218e-5
-1.159, -1.218e-5
-1.158, -1.218e-5
-1.157, -1.218e-5
-1.156, -1.218e-5
-1.155, -1.218e-5
-1.154, -1.218e-5
-1.153, -1.218e-5
-1.152, -1.218e-5
-1.151, -1.218e-5
-1.150, -1.218e-5
-1.149, -1.218e-5
-1.148, -1.218e-5
-1.147, -1.218e-5
-1.146, -1.218e-5
-1.145, -1.218e-5
-1.144, -1.218e-5
-1.143, -1.218e-5
-1.142, -1.218e-5
-1.141, -1.218e-5
-1.140, -1.218e-5
-1.139, -1.218e-5
-1.138, -1.218e-5
-1.137, -1.218e-5
-1.136, -1.218e-5
-1.135, -1.218e-5
-1.134, -1.218e-5
-1.133, -1.218e-5
-1.132, -1.218e-5
-1.131, -1.218e-5
-1.130, -1.218e-5
-1.129, -1.218e-5
-1.128, -1.218e-5
-1.127, -1.218e-5
-1.126, -1.218e-5
-1.125, -1.218e-5
-1.124, -1.218e-5
-1.123, -1.218e-5
-1.122, -1.218e-5
-1.121, -1.218e-5
-1.120, -1.218e-5
-1.119, -1.218e-5
-1.118, -1.218e-5
-1.117, -1.218e-5
-1.116, -1.218e-5
-1.115, -1.218e-5
-1.114, -1.218e-5
-1.113, -1.526e-5
-1.112, -1.526e-5
-1.111, -1.218e-5
-1.110, -1.218e-5
-1.109, -1.218e-5
-1.108, -1.218e-5
-1.107, -1.218e-5
-1.106, -1.218e-5
-1.105, -1.218e-5
-1.104, -1.218e-5
-1.103, -1.218e-5
-1.102, -1.218e-5
-1.101, -1.218e-5
-1.100, -1.218e-5
-1.099, -1.218e-5
-1.098, -1.218e-5
-1.097, -1.218e-5
-1.096, -1.218e-5
-1.095, -1.218e-5
-1.094, -1.218e-5
-1.093, -1.526e-5
-1.092, -1.218e-5
-1.091, -1.526e-5
-1.090, -1.218e-5
-1.089, -1.218e-5
-1.088, -1.218e-5
-1.087, -1.218e-5
-1.086, -1.218e-5
-1.085, -1.218e-5
-1.084, -1.526e-5
-1.083, -1.218e-5
-1.082, -1.218e-5
-1.081, -1.526e-5
-1.080, -1.526e-5
-1.079, -1.526e-5
-1.078, -1.526e-5
-1.077, -1.218e-5
-1.076, -1.526e-5
-1.075, -1.526e-5
-1.074, -1.218e-5
-1.073, -1.526e-5
-1.072, -1.526e-5
-1.071, -1.526e-5
-1.070, -1.526e-5
-1.069, -1.218e-5
-1.068, -1.526e-5
-1.067, -1.526e-5
-1.066, -1.526e-5
-1.065, -1.526e-5
-1.064, -1.526e-5
-1.063, -1.218e-5
-1.062, -1.526e-5
-1.061, -1.526e-5
-1.060, -1.526e-5
-1.059, -1.526e-5
-1.058, -1.526e-5
-1.057, -1.218e-5
-1.056, -1.526e-5
-1.055, -1.218e-5
-1.054, -1.526e-5
-1.053, -1.526e-5
-1.052, -1.526e-5
-1.051, -1.526e-5
-1.050, -1.526e-5
-1.049, -1.526e-5
-1.048, -1.526e-5
-1.047, -1.526e-5
-1.046, -1.526e-5
-1.045, -1.526e-5
-1.044, -1.218e-5
-1.043, -1.526e-5
-1.042, -1.526e-5
-1.041, -1.526e-5
-1.040, -1.526e-5
-1.039, -1.526e-5
-1.038, -1.526e-5
-1.037, -1.526e-5
-1.036, -1.526e-5
-1.035, -1.526e-5
-1.034, -1.526e-5
-1.033, -1.526e-5
-1.032, -1.526e-5
-1.031, -1.526e-5
-1.030, -1.526e-5
-1.029, -1.526e-5
-1.028, -1.526e-5
-1.027, -1.526e-5
-1.026, -1.526e-5
-1.025, -1.526e-5
-1.024, -1.526e-5
-1.023, -1.526e-5
-1.022, -1.526e-5
-1.021, -1.526e-5
-1.020, -1.526e-5
-1.019, -1.526e-5
-1.018, -1.526e-5
-1.017, -1.526e-5
-1.016, -1.526e-5
-1.015, -1.526e-5
-1.014, -1.526e-5
-1.013, -1.526e-5
-1.012, -1.526e-5
-1.011, -1.526e-5
-1.010, -1.526e-5
-1.009, -1.526e-5
-1.008, -1.526e-5
-1.007, -1.526e-5
-1.006, -1.526e-5
-1.005, -1.526e-5
-1.004, -1.526e-5
-1.003, -1.526e-5
-1.002, -1.526e-5
-1.001, -1.526e-5
