Potential V vs RHE, Current mA cm-2
0.013299999999999867,-0.30755823659065895
0.012299999999999978,-1.7033124050375041
0.011299999999999866,-2.794054817233447
0.010299999999999976,-3.7093730282461257
0.009299999999999864,-4.406825699079589
0.008299999999999974,-5.017980980621284
0.007299999999999862,-5.497568111275533
0.006299999999999972,-5.9347139029338285
0.00529999999999986,-6.282732882700628
0.0042999999999999705,-6.588310523471475
0.0032999999999998586,-6.806176063650692
0.0022999999999999687,-7.024041603829907
0.0012999999999998568,-7.243321855308987
0.00029999999999996696,-7.37347529489657
-0.000700000000000145,-7.50504344578402
-0.0017000000000000348,-7.635196885371603
-0.0027000000000001467,-7.7653503249591855
-0.0037000000000000366,-7.896918475846635
-0.0047000000000001485,-7.940774526142452
-0.005700000000000038,-8.070927965730034
-0.00670000000000015,-8.158640066321666
-0.00770000000000004,-8.246352166913299
-0.008700000000000152,-8.288793505909249
-0.009700000000000042,-8.332649556205066
-0.010700000000000154,-8.376505606500881
-0.011700000000000044,-8.4203616567967
-0.012700000000000156,-8.464217707092514
-0.013700000000000045,-8.508073757388331
-0.014700000000000157,-8.55051509638428
-0.015700000000000047,-8.594371146680096
-0.01670000000000016,-8.594371146680096
-0.01770000000000005,-8.68208324727173
-0.01870000000000016,-8.725939297567548
-0.01970000000000005,-8.769795347863363
-0.020700000000000163,-8.769795347863363
-0.021700000000000053,-8.769795347863363
-0.022700000000000164,-8.812236686859313
-0.023700000000000054,-8.812236686859313
-0.024700000000000166,-8.812236686859313
-0.025700000000000056,-8.85609273715513
-0.026700000000000168,-8.899948787450944
-0.027700000000000058,-8.899948787450944
-0.02870000000000017,-8.943804837746763
-0.02970000000000006,-8.987660888042578
-0.03070000000000017,-8.987660888042578
-0.03170000000000006,-9.031516938338395
-0.03270000000000017,-9.031516938338395
-0.03370000000000006,-9.073958277334345
-0.034700000000000175,-9.11781432763016
-0.035700000000000065,-9.11781432763016
-0.03670000000000018,-9.11781432763016
-0.03770000000000007,-9.161670377925978
-0.03870000000000018,-9.161670377925978
-0.03970000000000007,-9.161670377925978
-0.04070000000000018,-9.161670377925978
-0.04170000000000007,-9.205526428221793
-0.04270000000000018,-9.24938247851761
-0.04370000000000007,-9.293238528813426
-0.044700000000000184,-9.24938247851761
-0.045700000000000074,-9.24938247851761
-0.046700000000000186,-9.24938247851761
-0.047700000000000076,-9.24938247851761
-0.04870000000000019,-9.24938247851761
-0.04970000000000008,-9.24938247851761
-0.05070000000000019,-9.205526428221793
-0.05170000000000008,-9.205526428221793
-0.05270000000000019,-9.24938247851761
-0.05370000000000008,-9.24938247851761
-0.05470000000000019,-9.293238528813426
-0.05570000000000008,-9.293238528813426
-0.056700000000000195,-9.335679867809377
-0.057700000000000085,-9.335679867809377
-0.058700000000000196,-9.379535918105192
-0.059700000000000086,-9.423391968401008
-0.0607000000000002,-9.423391968401008
-0.06170000000000009,-9.423391968401008
-0.0627000000000002,-9.467248018696827
-0.06370000000000009,-9.467248018696827
-0.0647000000000002,-9.423391968401008
-0.06570000000000009,-9.423391968401008
-0.0667000000000002,-9.467248018696827
-0.0677000000000001,-9.467248018696827
-0.0687000000000002,-9.511104068992642
-0.0697000000000001,-9.511104068992642
-0.07070000000000021,-9.511104068992642
-0.0717000000000001,-9.511104068992642
-0.07270000000000021,-9.511104068992642
-0.0737000000000001,-9.511104068992642
-0.07470000000000021,-9.467248018696827
-0.0757000000000001,-9.511104068992642
-0.07670000000000021,-9.55496011928846
-0.0777000000000001,-9.55496011928846
-0.07870000000000021,-9.467248018696827
-0.0797000000000001,-9.467248018696827
-0.08070000000000022,-9.467248018696827
-0.0817000000000001,-9.423391968401008
-0.08270000000000022,-9.423391968401008
-0.08370000000000011,-9.467248018696827
-0.08470000000000022,-9.423391968401008
-0.08570000000000011,-9.467248018696827
-0.08670000000000022,-9.423391968401008
-0.08770000000000011,-9.467248018696827
-0.08870000000000022,-9.511104068992642
-0.08970000000000011,-9.511104068992642
-0.09070000000000022,-9.55496011928846
-0.09170000000000011,-9.59740145828441
-0.09270000000000023,-9.59740145828441
-0.09370000000000012,-9.59740145828441
-0.09470000000000023,-9.59740145828441
-0.09570000000000012,-9.59740145828441
-0.09670000000000023,-9.59740145828441
-0.09770000000000012,-9.59740145828441
-0.09870000000000023,-9.59740145828441
-0.09970000000000012,-9.55496011928846
-0.10070000000000023,-9.55496011928846
-0.10170000000000012,-9.55496011928846
-0.10270000000000024,-9.511104068992642
-0.10370000000000013,-9.511104068992642
-0.10470000000000024,-9.55496011928846
-0.10570000000000013,-9.55496011928846
-0.10670000000000024,-9.55496011928846
-0.10770000000000013,-9.55496011928846
-0.10870000000000024,-9.511104068992642
-0.10970000000000013,-9.511104068992642
-0.11070000000000024,-9.55496011928846
-0.11170000000000013,-9.55496011928846
-0.11270000000000002,-9.55496011928846
-0.11370000000000013,-9.59740145828441
-0.11470000000000002,-9.55496011928846
-0.11570000000000014,-9.59740145828441
-0.11670000000000003,-9.55496011928846
-0.11770000000000014,-9.55496011928846
-0.11870000000000003,-9.59740145828441
-0.11970000000000014,-9.55496011928846
-0.12070000000000003,-9.55496011928846
-0.12170000000000014,-9.55496011928846
-0.12270000000000003,-9.55496011928846
-0.12370000000000014,-9.59740145828441
-0.12470000000000003,-9.59740145828441
-0.12570000000000014,-9.55496011928846
-0.12670000000000003,-9.55496011928846
-0.12770000000000015,-9.511104068992642
-0.12870000000000004,-9.511104068992642
-0.12970000000000015,-9.511104068992642
-0.13070000000000004,-9.511104068992642
-0.13170000000000015,-9.511104068992642
-0.13270000000000004,-9.423391968401008
-0.13370000000000015,-9.423391968401008
-0.13470000000000004,-9.423391968401008
-0.13570000000000015,-9.423391968401008
-0.13670000000000004,-9.423391968401008
-0.13770000000000016,-9.423391968401008
-0.13870000000000005,-9.423391968401008
-0.13970000000000016,-9.423391968401008
-0.14070000000000005,-9.423391968401008
-0.14170000000000016,-9.467248018696827
-0.14270000000000005,-9.467248018696827
-0.14370000000000016,-9.511104068992642
-0.14470000000000005,-9.467248018696827
-0.14570000000000016,-9.467248018696827
-0.14670000000000005,-9.467248018696827
-0.14770000000000016,-9.511104068992642
-0.14870000000000005,-9.511104068992642
-0.14970000000000017,-9.467248018696827
-0.15070000000000006,-9.467248018696827
-0.15170000000000017,-9.467248018696827
-0.15270000000000006,-9.423391968401008
-0.15370000000000017,-9.423391968401008
-0.15470000000000006,-9.379535918105192
-0.15570000000000017,-9.379535918105192
-0.15670000000000006,-9.379535918105192
-0.15770000000000017,-9.335679867809377
-0.15870000000000006,-9.379535918105192
-0.15970000000000018,-9.335679867809377
-0.16070000000000007,-9.335679867809377
-0.16170000000000018,-9.335679867809377
-0.16270000000000007,-9.335679867809377
-0.16370000000000018,-9.379535918105192
-0.16470000000000007,-9.379535918105192
-0.16570000000000018,-9.379535918105192
-0.16670000000000007,-9.379535918105192
-0.16770000000000018,-9.379535918105192
-0.16870000000000007,-9.379535918105192
-0.16970000000000018,-9.379535918105192
-0.17070000000000007,-9.423391968401008
-0.17170000000000019,-9.423391968401008
-0.17270000000000008,-9.423391968401008
-0.1737000000000002,-9.423391968401008
-0.17470000000000008,-9.467248018696827
-0.1757000000000002,-9.467248018696827
-0.17670000000000008,-9.467248018696827
-0.1777000000000002,-9.467248018696827
-0.17870000000000008,-9.511104068992642
-0.1797000000000002,-9.511104068992642
-0.18070000000000008,-9.511104068992642
-0.1817000000000002,-9.511104068992642
-0.18270000000000008,-9.55496011928846
-0.1837000000000002,-9.55496011928846
-0.1847000000000001,-9.55496011928846
-0.1857000000000002,-9.55496011928846
-0.1867000000000001,-9.55496011928846
-0.1877000000000002,-9.55496011928846
-0.1887000000000001,-9.55496011928846
-0.1897000000000002,-9.55496011928846
-0.1907000000000001,-9.55496011928846
-0.1917000000000001,-9.55496011928846
-0.19269999999999998,-9.59740145828441
-0.1937000000000001,-9.59740145828441
-0.19469999999999998,-9.641257508580225
-0.1957000000000001,-9.685113558876042
-0.19669999999999999,-9.685113558876042
-0.1977000000000001,-9.728969609171857
-0.1987,-9.772825659467674
-0.1997000000000001,-9.772825659467674
-0.2007,-9.81668170976349
-0.2017000000000001,-9.81668170976349
-0.2027,-9.81668170976349
-0.2037000000000001,-9.85912304875944
-0.2047,-9.902979099055257
-0.2057000000000001,-9.902979099055257
-0.2067,-9.946835149351072
-0.2077000000000001,-9.99069119964689
-0.2087,-10.034547249942705
-0.2097000000000001,-10.078403300238522
-0.2107,-10.120844639234473
-0.2117000000000001,-10.120844639234473
-0.2127,-10.164700689530287
-0.2137000000000001,-10.208556739826104
-0.2147,-10.25241279012192
-0.2157000000000001,-10.340124890713554
-0.2167,-10.382566229709504
-0.21770000000000012,-10.382566229709504
-0.2187,-10.42642228000532
-0.21970000000000012,-10.470278330301136
-0.2207,-10.514134380596953
-0.22170000000000012,-10.557990430892769
-0.2227,-10.601846481188586
-0.22370000000000012,-10.688143870480351
-0.2247,-10.731999920776168
-0.22570000000000012,-10.775855971071984
-0.2267,-10.819712021367803
-0.22770000000000012,-10.863568071663616
-0.22870000000000001,-10.906009410659568
-0.22970000000000013,-10.949865460955383
-0.23070000000000002,-11.037577561547016
-0.23170000000000013,-11.081433611842833
-0.23270000000000002,-11.1677310011346
-0.23370000000000013,-11.211587051430415
-0.23470000000000002,-11.299299152022046
-0.23570000000000013,-11.385596541313816
-0.23670000000000002,-11.473308641905447
-0.2376999999999999,-11.56102074249708
-0.23870000000000002,-11.647318131788847
-0.2396999999999999,-11.73503023238048
-0.24070000000000003,-11.82274233297211
-0.24169999999999991,-11.909039722263879
-0.24270000000000003,-11.996751822855511
-0.24369999999999992,-12.084463923447142
-0.24470000000000003,-12.170761312738911
-0.24569999999999992,-12.258473413330542
-0.24670000000000003,-12.346185513922174
-0.24769999999999992,-12.432482903213943
-0.24870000000000003,-12.520195003805576
-0.24969999999999992,-12.651763154693022
-0.25070000000000003,-12.73806054398479
-0.2516999999999999,-12.869628694872238
-0.25270000000000004,-12.955926084164007
-0.2536999999999999,-13.043638184755638
-0.25470000000000004,-13.175206335643086
-0.2556999999999999,-13.261503724934855
-0.25670000000000004,-13.3930718758223
-0.25769999999999993,-13.47936926511407
-0.25870000000000004,-13.567081365705702
-0.25969999999999993,-13.741090855589102
-0.26070000000000004,-13.872659006476551
-0.26169999999999993,-14.002812446064135
-0.26270000000000004,-14.13438059695158
-0.26369999999999993,-14.26028990263957
-0.26470000000000005,-14.401761032626075
-0.26569999999999994,-14.57152638860988
-0.26670000000000005,-14.741291744593681
-0.26769999999999994,-14.868615761581536
-0.26870000000000005,-15.05252823056399
-0.26969999999999994,-15.222293586547794
-0.27070000000000005,-15.3920589425316
-0.27169999999999994,-15.575971411514052
-0.27270000000000005,-15.74573676749786
-0.27369999999999994,-15.972090575476265
-0.27470000000000006,-16.141855931460068
-0.27569999999999995,-16.311621287443874
-0.27670000000000006,-16.495533756426326
-0.27769999999999995,-16.665299112410132
-0.27870000000000006,-16.877505807389888
-0.27969999999999995,-17.061418276372343
-0.28070000000000006,-17.231183632356142
-0.28169999999999995,-17.40094898833995
-0.28270000000000006,-17.627302796318357
-0.28369999999999995,-17.839509491298113
-0.28470000000000006,-18.009274847281915
-0.28569999999999995,-18.23562865526032
-0.28670000000000007,-18.40539401124413
-0.28769999999999996,-18.589306480226583
-0.28870000000000007,-18.80151317520634
-0.28969999999999996,-18.97127853119014
-0.29070000000000007,-19.197632339168546
-0.29169999999999996,-19.452280373144255
-0.29270000000000007,-19.678634181122664
-0.29369999999999996,-19.890840876102416
-0.2947000000000001,-20.10304757108217
-0.29569999999999996,-20.371842718056527
-0.2967000000000001,-20.626490752032236
-0.29769999999999996,-20.89528589900659
-0.2987000000000001,-21.149933932982297
-0.29969999999999997,-21.461170418952605
-0.3007000000000001,-21.729965565926964
-0.30169999999999997,-21.94217226090672
-0.3027000000000001,-22.253408746877028
-0.30369999999999997,-22.508056780852733
-0.3047000000000001,-22.819293266823045
-0.30569999999999997,-23.073941300798747
-0.3067000000000001,-23.342736447773106
-0.3077,-23.639825820744765
-0.3087000000000001,-23.908620967719123
-0.3097,-24.20571034069078
-0.3107000000000001,-24.516946826661083
-0.3117,-24.814036199632742
-0.3127000000000001,-25.12527268560305
-0.3137,-25.39406783257741
-0.3147000000000001,-25.691157205549064
-0.3157,-25.959952352523427
-0.3167000000000001,-26.29948306449103
-0.3177,-26.568278211465387
-0.3187000000000001,-26.907808923433
-0.3197,-27.219045409403304
-0.3207000000000001,-27.530281895373616
-0.3217,-27.827371268345274
-0.3227000000000001,-28.18104909331153
-0.3237,-28.478138466283188
-0.3247000000000001,-28.789374952253496
-0.3257,-29.100611438223805
-0.3267000000000001,-29.440142150191413
-0.3277,-29.751378636161718
-0.3287000000000001,-30.10505646112798
-0.3297,-30.402145834099635
-0.3307000000000001,-30.7558236590659
-0.3317,-31.052913032037555
-0.3327000000000001,-31.40659085700382
-0.3337,-31.76026868197007
-0.3347000000000001,-32.09979939393769
-0.3357,-32.49591855789989
-0.3367000000000001,-32.84959638286615
-0.3377,-33.18912709483376
-0.3387000000000001,-33.54280491980002
-0.3397,-33.93892408376223
-0.3407000000000001,-34.278454795729836
-0.3417,-34.67457395969205
-0.3427000000000001,-35.02825178465831
-0.3437,-35.42437094862052
-0.3447000000000001,-35.763901660588125
-0.3457,-36.16002082455034
-0.3467000000000001,-36.5136986495166
-0.3477,-36.8532293614842
-0.3487000000000001,-37.206907186450465
-0.3497,-37.56058501141672
-0.3507000000000001,-37.94255706238028
-0.3517,-38.29623488734655
-0.3527000000000001,-38.692354051308754
-0.3537,-39.08847321527096
-0.3547000000000001,-39.42800392723857
-0.3557,-39.78168175220483
-0.35670000000000013,-40.177800916167044
-0.3577,-40.559772967130606
-0.35870000000000013,-40.91345079209687
-0.3597,-41.352011295055014
-0.36070000000000013,-41.74813045901723
-0.3617,-42.186690961975394
-0.3626999999999999,-42.568663012938956
-0.3637,-42.96478217690117
-0.3646999999999999,-43.36090134086337
-0.3657,-43.75702050482558
-0.3666999999999999,-44.138992555789144
-0.3677,-44.4926703807554
-0.3686999999999999,-44.88878954471762
-0.36970000000000003,-45.32735004767578
-0.3706999999999999,-45.70932209863933
-0.37170000000000003,-46.19032394059345
-0.3726999999999999,-46.586443104555656
-0.37370000000000003,-47.02500360751382
-0.3746999999999999,-47.40697565847737
-0.37570000000000003,-47.80309482243959
-0.3766999999999999,-48.1992139864018
-0.37770000000000004,-48.59533315036401
-0.3786999999999999,-49.03389365332217
-0.37970000000000004,-49.458307043281685
-0.3806999999999999,-49.85442620724389
-0.38170000000000004,-50.29298671020206
-0.38269999999999993,-50.68910587416426
-0.38370000000000004,-51.071077925127824
-0.38469999999999993,-51.509638428085985
-0.38570000000000004,-51.948198931044146
-0.38669999999999993,-52.34431809500636
-0.38770000000000004,-52.78287859796452
-0.38869999999999993,-53.26388043991864
-0.38970000000000005,-53.68829382987814
-0.39069999999999994,-54.16929567183226
-0.39170000000000005,-54.60785617479041
-0.39269999999999994,-55.046416677748574
-0.39370000000000005,-55.484977180706736
-0.39469999999999994,-55.9235376836649
-0.39570000000000005,-56.404539525619015
-0.39669999999999994,-56.88554136757313
-0.39770000000000005,-57.30995475753264
-0.39869999999999994,-57.79095659948675
-0.39970000000000006,-58.27195844144086
-0.40069999999999995,-58.75296028339497
-0.40170000000000006,-59.19152078635314
-0.40269999999999995,-59.67252262830725
-0.40370000000000006,-60.15352447026136
-0.40469999999999995,-60.59208497321952
-0.40570000000000006,-61.07308681517363
-0.40669999999999995,-61.5965299961237
-0.40770000000000006,-62.02094338608321
-0.40869999999999995,-62.501945228037314
-0.40970000000000006,-62.98294706999144
-0.41069999999999995,-63.421507572949594
-0.41170000000000007,-63.902509414903705
-0.41269999999999996,-64.38351125685783
-0.41370000000000007,-64.86451309881193
-0.41469999999999996,-65.34551494076604
-0.41570000000000007,-65.82651678272015
-0.41669999999999996,-66.39240130266617
-0.41770000000000007,-66.81681469262568
-0.41869999999999996,-67.34025787357575
-0.4197000000000001,-67.86370105452582
-0.42069999999999996,-68.34470289647993
-0.4217000000000001,-68.82570473843404
-0.42269999999999996,-69.3491479193841
-0.4237000000000001,-69.87259110033416
-0.42469999999999997,-70.39603428128423
-0.4257000000000001,-70.91947746223428
-0.42669999999999997,-71.44292064318435
-0.4277000000000001,-71.92392248513846
-0.42869999999999997,-72.40492432709259
-0.4297000000000001,-72.92836750804264
-0.43069999999999997,-73.45181068899271
-0.4317000000000001,-73.97525386994278
-0.4327,-74.54113838988879
-0.4337000000000001,-75.06458157083884
-0.4347,-75.63046609078486
-0.4357000000000001,-76.19635061073087
-0.4367,-76.7622351306769
-0.4377000000000001,-77.28567831162695
-0.4387,-77.80912149257702
-0.4397000000000001,-78.38915312552167
-0.4407,-78.9550376454677
-0.4417000000000001,-79.56336350440966
-0.4427,-80.12924802435568
-0.4437000000000001,-80.73757388329766
-0.4447,-81.30345840324367
-0.4457000000000001,-81.86934292318966
-0.4467,-82.39278610413973
-0.4477000000000001,-82.95867062408576
-0.4487,-83.52455514403178
-0.4497000000000001,-84.13288100297372
-0.4507,-84.7129126359184
-0.4517000000000001,-85.32123849486035
-0.4527,-85.88712301480638
-0.4537000000000001,-86.49544887374834
-0.4547,-87.06133339369435
-0.4557000000000001,-87.71210059163228
-0.4567,-88.37701490256885
-0.4577000000000001,-89.07022343950271
-0.4587,-89.72099063744062
-0.4597000000000001,-90.41419917437449
-0.4607,-91.07911348531105
-0.4617000000000001,-91.68743934425302
-0.4627,-92.29576520319499
-0.4637000000000001,-92.86164972314101
-0.4647,-93.42753424308701
-0.4657000000000001,-94.13488989301955
-0.4667,-94.78565709095746
-0.4677000000000001,-95.47886562789132
-0.4687,-96.12963282582925
-0.4697000000000001,-96.73795868477121
-0.4707,-97.40287299570777
-0.4717000000000001,-98.05364019364569
-0.4727,-98.7044073915836
-0.4737000000000001,-99.41176304151614
-0.4747,-100.06253023945405
-0.4757000000000001,-100.75573877638791
-0.4767,-101.44894731332178
-0.4777000000000001,-102.19874430225026
-0.4787,-102.93439417818009
-0.4797000000000001,-103.64174982811258
-0.4807,-104.2925170260505
-0.48170000000000013,-104.90084288499246
-0.4827,-105.50916874393444
-0.48370000000000013,-106.21652439386696
-0.4847,-106.90973293080083
-0.48570000000000013,-107.6029414677347
-0.4867,-107.16438096477653
-0.48570000000000013,-104.94328422398843
-0.4847,-103.16074798615847
-0.48370000000000013,-101.59041844330828
-0.4827,-100.18985425644189
-0.48170000000000013,-98.83173140857146
-0.4807,-97.53019701269562
-0.4797000000000001,-96.31354529481169
-0.4787,-95.12518780292505
-0.4777000000000001,-93.95097742403709
-0.4767,-92.81920838414506
-0.4757000000000001,-91.68743934425302
-0.4747,-90.55567030436099
-0.4737000000000001,-89.36731281247435
-0.4727,-88.27798511157829
-0.4717000000000001,-87.18865741068221
-0.4707,-86.18421238777805
-0.4697000000000001,-85.17976736487385
-0.4687,-84.13288100297372
-0.4677000000000001,-83.08599464107361
-0.4667,-82.09569673116808
-0.4657000000000001,-81.13369304725985
-0.4647,-80.12924802435568
-0.4637000000000001,-79.1248030014515
-0.4627,-78.12035797854733
-0.4617000000000001,-77.1583542946391
-0.4607,-76.23879194972683
-0.4597000000000001,-75.29093537881725
-0.4587,-74.37137303390499
-0.4577000000000001,-73.45181068899271
-0.4567,-72.57468968307639
-0.4557000000000001,-71.66927445116276
-0.4547,-70.79215344524643
-0.4537000000000001,-69.91503243933012
-0.4527,-69.0944998854084
-0.4517000000000001,-68.21737887949207
-0.4507,-67.34025787357575
-0.4497000000000001,-66.43484264166212
-0.4487,-65.60016297474175
-0.4477000000000001,-64.77963042082003
-0.4467,-63.944950753899654
-0.4457000000000001,-63.11027108697928
-0.4447,-62.33217987205352
-0.4437000000000001,-61.5965299961237
-0.4427,-60.84673300719523
-0.4417000000000001,-60.06864179226946
-0.4407,-59.31884480334099
-0.4397000000000001,-58.62563626640712
-0.4387,-57.8333979384827
-0.4377000000000001,-57.097748062552874
-0.4367,-56.30550973462846
-0.4357000000000001,-55.56985985869864
-0.4347,-54.876651321764776
-0.4337000000000001,-54.16929567183226
-0.4327,-53.433645795902436
-0.4317000000000001,-52.74043725896857
-0.43069999999999997,-51.990640270040096
-0.4297000000000001,-51.29743173310623
-0.42869999999999997,-50.64666453516831
-0.4277000000000001,-49.89686754623985
-0.42669999999999997,-49.24610034830193
-0.4257000000000001,-48.55289181136806
-0.42469999999999997,-47.93041883942744
-0.4237000000000001,-47.27965164148953
-0.42269999999999996,-46.628884443551605
-0.4217000000000001,-45.93567590661774
-0.42069999999999996,-45.27076159568118
-0.4197000000000001,-44.704877075735155
-0.41869999999999996,-44.138992555789144
-0.41770000000000007,-43.57310803584313
-0.41669999999999996,-43.007223515897124
-0.41570000000000007,-42.4413389959511
-0.41469999999999996,-41.87545447600508
-0.41370000000000007,-41.267128617063115
-0.41269999999999996,-40.701244097117105
-0.41170000000000007,-40.135359577171094
-0.41069999999999995,-39.56947505722508
-0.40970000000000006,-39.046031876275016
-0.40869999999999995,-38.522588695324956
-0.40770000000000006,-37.99914551437489
-0.40669999999999995,-37.51814367242077
-0.40570000000000006,-37.037141830466666
-0.40469999999999995,-36.5136986495166
-0.40370000000000006,-35.94781412957058
-0.40269999999999995,-35.46681228761647
-0.40170000000000006,-34.90092776767045
-0.40069999999999995,-34.41992592571634
-0.39970000000000006,-33.93892408376223
-0.39869999999999994,-33.45792224180811
-0.39770000000000005,-33.01936173884996
-0.39669999999999994,-32.58080123589179
-0.39570000000000005,-32.09979939393769
-0.39469999999999994,-31.661238890979522
-0.39370000000000005,-31.23682550102001
-0.39269999999999994,-30.79826499806185
-0.39170000000000005,-30.317263156107735
-0.39069999999999994,-29.878702653149578
-0.38970000000000005,-29.482583489187363
-0.38869999999999993,-29.058170099227848
-0.38770000000000004,-28.619609596269694
-0.38669999999999993,-28.18104909331153
-0.38570000000000004,-27.78492992934932
-0.38469999999999993,-27.34636942639116
-0.38370000000000004,-26.9643973754276
-0.38269999999999993,-26.525836872469437
-0.38170000000000004,-26.129717708507226
-0.3806999999999999,-25.73359854454502
-0.37970000000000004,-25.337479380582806
-0.3786999999999999,-24.95550732961925
-0.37770000000000004,-24.601829504652986
-0.3766999999999999,-24.20571034069078
-0.37570000000000003,-23.86617962872317
-0.3746999999999999,-23.47006046476096
-0.37370000000000003,-23.1163826397947
-0.3726999999999999,-22.776851927827092
-0.37170000000000003,-22.38073276386488
-0.3706999999999999,-22.069496277894572
-0.36970000000000003,-21.729965565926964
-0.3686999999999999,-21.418729079956652
-0.3677,-21.065051254990397
-0.3666999999999999,-20.683079204026836
-0.3657,-20.371842718056527
-0.3646999999999999,-20.01816489309027
-0.3637,-19.678634181122664
-0.3626999999999999,-19.367397695152352
-0.3617,-19.056161209182044
-0.36070000000000013,-18.716630497214435
-0.3597,-18.40539401124413
-0.35870000000000013,-18.10830463827247
-0.3577,-17.75462681330621
-0.35670000000000013,-17.4433903273359
-0.3557,-17.103859615368293
-0.3547000000000001,-16.835064468393938
-0.3537,-16.53797509542228
-0.3527000000000001,-16.22673860945197
-0.3517,-15.972090575476265
-0.3507000000000001,-15.660854089505953
-0.3497,-15.3920589425316
-0.3487000000000001,-15.094969569559943
-0.3477,-14.826174422585586
-0.3467000000000001,-14.57152638860988
-0.3457,-14.30273124163552
-0.3447000000000001,-14.046668496359947
-0.3437,-13.784946905884919
-0.3427000000000001,-13.523225315409885
-0.3417,-13.261503724934855
-0.3407000000000001,-12.99978213445982
-0.3397,-12.73806054398479
-0.3387000000000001,-12.476338953509758
-0.3377,-12.214617363034726
-0.3367000000000001,-11.952895772559694
-0.3357,-11.73503023238048
-0.3347000000000001,-11.473308641905447
-0.3337,-11.211587051430415
-0.3327000000000001,-10.993721511251199
-0.3317,-10.731999920776168
-0.3307000000000001,-10.514134380596953
-0.3297,-10.25241279012192
-0.3287000000000001,-10.034547249942705
-0.3277,-9.81668170976349
-0.3267000000000001,-9.55496011928846
-0.3257,-9.335679867809377
-0.3247000000000001,-9.11781432763016
-0.3237,-8.899948787450944
-0.3227000000000001,-8.68208324727173
-0.3217,-8.464217707092514
-0.3207000000000001,-8.246352166913299
-0.3197,-8.070927965730034
-0.3187000000000001,-7.853062425550818
-0.3177,-7.635196885371603
-0.3167000000000001,-7.4173313451923875
-0.3157,-7.199465805013171
-0.3147000000000001,-6.981600264833956
-0.3137,-6.806176063650692
-0.3127000000000001,-6.588310523471475
-0.3117,-6.414301033588076
-0.3107000000000001,-6.196435493408861
-0.3097,-6.021011292225596
-0.3087000000000001,-5.80314575204638
-0.3077,-5.629136262162981
-0.3067000000000001,-5.411270721983764
-0.30569999999999997,-5.235846520800501
-0.3047000000000001,-5.0618370309171015
-0.30369999999999997,-4.843971490737885
-0.3027000000000001,-4.668547289554621
-0.30169999999999997,-4.494537799671222
-0.3007000000000001,-4.3205283097878215
-0.29969999999999997,-4.146518819904423
-0.2987000000000001,-3.971094618721158
-0.29769999999999996,-3.7532290785419424
-0.2967000000000001,-3.579219588658543
-0.29569999999999996,-3.447651437771094
-0.2947000000000001,-3.2297858975918787
-0.29369999999999996,-3.0996324580042955
-0.29270000000000007,-2.924208256821031
-0.29169999999999996,-2.7501987669376318
-0.29070000000000007,-2.576189277054232
-0.28969999999999996,-2.4007650758709675
-0.28870000000000007,-2.2706116362833835
-0.28769999999999996,-2.095187435100119
-0.28670000000000007,-1.92117794521672
-0.28569999999999995,-1.7471684553333202
-0.28470000000000006,-1.6156003044458718
-0.28369999999999995,-1.4415908145624723
-0.28270000000000006,-1.3107300193249565
-0.28169999999999995,-1.1798692240874404
-0.28070000000000006,-1.0054353208140816
-0.27969999999999995,-0.8745745255765657
-0.27870000000000006,-0.7001406223032067
-0.27769999999999995,-0.5692798270656908
-0.27670000000000006,-0.4384190318281749
-0.27569999999999995,-0.30755823659065895
-0.27470000000000006,-0.1330535977523067
-0.27369999999999994,-0.002205534916489592
-0.27270000000000005,0.12863969849672777
-0.27169999999999994,0.2594580523952477
-0.27070000000000005,0.43403342679859325
-0.26969999999999994,0.5211796428702795
-0.26870000000000005,0.6520404381077953
-0.26769999999999994,0.8264743413811545
-0.26670000000000005,0.9573351366186703
-0.26569999999999994,1.0881959318561862
-0.26470000000000005,1.175483619057859
-0.26369999999999993,1.3063444142953748
-0.26270000000000004,1.4373466806628774
-0.26169999999999993,1.5675001202504606
-0.26070000000000004,1.6990682711379093
-0.25969999999999993,1.7867803717295414
-0.25870000000000004,1.9169338113171246
-0.25769999999999993,2.048501962204573
-0.25670000000000004,2.178655401792157
-0.2556999999999999,2.2663675023837886
-0.25470000000000004,2.396520941971372
-0.2536999999999999,2.4842330425630044
-0.25270000000000004,2.6143864821505876
-0.2516999999999999,2.70209858274222
-0.25070000000000003,2.8322520223298033
-0.24969999999999992,2.963820173217252
-0.24870000000000003,3.0515322738088844
-0.24769999999999992,3.1378296631006513
-0.24670000000000003,3.2693978139880997
-0.24569999999999992,3.355695203279867
-0.24470000000000003,3.4434073038714996
-0.24369999999999992,3.5311194044631313
-0.24270000000000003,3.661272844050715
-0.24169999999999991,3.748984944642347
-0.24070000000000003,3.8366970452339793
-0.2396999999999999,3.922994434525747
-0.23870000000000002,4.01070653511738
-0.2376999999999999,4.140859974704963
-0.23670000000000002,4.2285720752965945
-0.23570000000000013,4.316284175888227
-0.23470000000000002,4.402581565179994
-0.23370000000000013,4.490293665771627
-0.23270000000000002,4.578005766363259
-0.23170000000000013,4.664303155655026
-0.23070000000000002,4.752015256246658
-0.22970000000000013,4.795871306542475
-0.22870000000000001,4.883583407134107
-0.22770000000000012,5.01373684672169
-0.2267,5.057592897017507
-0.22570000000000012,5.145304997609139
-0.2247,5.231602386900906
-0.22370000000000012,5.319314487492538
-0.2227,5.3631705377883545
-0.22170000000000012,5.405611876784305
-0.2207,5.493323977375938
-0.21970000000000012,5.581036077967569
-0.2187,5.624892128263387
-0.21770000000000012,5.7111895175551535
-0.2167,5.798901618146785
-0.2157000000000001,5.886613718738418
-0.2147,5.929055057734368
-0.2137000000000001,6.016767158326001
-0.2127,6.060623208621817
-0.2117000000000001,6.1044792589176335
-0.2107,6.14833530921345
-0.2097000000000001,6.234632698505217
-0.2087,6.278488748801033
-0.2077000000000001,6.322344799096849
-0.2067,6.410056899688482
-0.2057000000000001,6.452498238684432
-0.2047,6.496354288980249
-0.2037000000000001,6.540210339276065
-0.2027,6.627922439867697
-0.2017000000000001,6.671778490163514
-0.2007,6.714219829159464
-0.1997000000000001,6.75807587945528
-0.1987,6.845787980046913
-0.1977000000000001,6.889644030342729
-0.19669999999999999,6.933500080638546
-0.1957000000000001,6.975941419634496
-0.19469999999999998,6.975941419634496
-0.1937000000000001,7.063653520226129
-0.19269999999999998,7.107509570521944
-0.1917000000000001,7.15136562081776
-0.1907000000000001,7.195221671113577
-0.1897000000000002,7.237663010109527
-0.1887000000000001,7.281519060405343
-0.1877000000000002,7.32537511070116
-0.1867000000000001,7.32537511070116
-0.1857000000000002,7.369231160996977
-0.1847000000000001,7.413087211292793
-0.1837000000000002,7.456943261588608
-0.18270000000000008,7.49938460058456
-0.1817000000000002,7.49938460058456
-0.18070000000000008,7.587096701176192
-0.1797000000000002,7.587096701176192
-0.17870000000000008,7.630952751472008
-0.1777000000000002,7.674808801767824
-0.17670000000000008,7.674808801767824
-0.1757000000000002,7.7186648520636405
-0.17470000000000008,7.761106191059591
-0.1737000000000002,7.804962241355407
-0.17270000000000008,7.804962241355407
-0.17170000000000019,7.848818291651225
-0.17070000000000007,7.848818291651225
-0.16970000000000018,7.892674341947039
-0.16870000000000007,7.936530392242855
-0.16770000000000018,7.936530392242855
-0.16670000000000007,7.980386442538672
-0.16570000000000018,7.980386442538672
-0.16470000000000007,8.022827781534623
-0.16370000000000018,8.066683831830439
-0.16270000000000007,8.066683831830439
-0.16170000000000018,8.110539882126256
-0.16070000000000007,8.110539882126256
-0.15970000000000018,8.154395932422071
-0.15870000000000006,8.154395932422071
-0.15770000000000017,8.198251982717888
-0.15670000000000006,8.242108033013702
-0.15570000000000017,8.242108033013702
-0.15470000000000006,8.284549372009655
-0.15370000000000017,8.284549372009655
-0.15270000000000006,8.284549372009655
-0.15170000000000017,8.328405422305472
-0.15070000000000006,8.372261472601286
-0.14970000000000017,8.372261472601286
-0.14870000000000005,8.372261472601286
-0.14770000000000016,8.416117522897103
-0.14670000000000005,8.416117522897103
-0.14570000000000016,8.459973573192919
-0.14470000000000005,8.459973573192919
-0.14370000000000016,8.459973573192919
-0.14270000000000005,8.503829623488736
-0.14170000000000016,8.503829623488736
-0.14070000000000005,8.546270962484687
-0.13970000000000016,8.546270962484687
-0.13870000000000005,8.546270962484687
-0.13770000000000016,8.590127012780503
-0.13670000000000004,8.590127012780503
-0.13570000000000015,8.63398306307632
-0.13470000000000004,8.677839113372134
-0.13370000000000015,8.677839113372134
-0.13270000000000004,8.677839113372134
-0.13170000000000015,8.72169516366795
-0.13070000000000004,8.72169516366795
-0.12970000000000015,8.72169516366795
-0.12870000000000004,8.764136502663902
-0.12770000000000015,8.764136502663902
-0.12670000000000003,8.764136502663902
-0.12570000000000014,8.764136502663902
-0.12470000000000003,8.80799255295972
-0.12370000000000014,8.80799255295972
-0.12270000000000003,8.80799255295972
-0.12170000000000014,8.851848603255535
-0.12070000000000003,8.851848603255535
-0.11970000000000014,8.851848603255535
-0.11870000000000003,8.89570465355135
-0.11770000000000014,8.89570465355135
-0.11670000000000003,8.939560703847167
-0.11570000000000014,8.939560703847167
-0.11470000000000002,8.939560703847167
-0.11370000000000013,8.939560703847167
-0.11270000000000002,8.939560703847167
-0.11170000000000013,8.983416754142983
-0.11070000000000024,9.025858093138934
-0.10970000000000013,9.025858093138934
-0.10870000000000024,9.06971414343475
-0.10770000000000013,9.06971414343475
-0.10670000000000024,9.025858093138934
-0.10570000000000013,9.06971414343475
-0.10470000000000024,9.113570193730567
-0.10370000000000013,9.113570193730567
-0.10270000000000024,9.113570193730567
-0.10170000000000012,9.113570193730567
-0.10070000000000023,9.157426244026382
-0.09970000000000012,9.157426244026382
-0.09870000000000023,9.157426244026382
-0.09770000000000012,9.201282294322198
-0.09670000000000023,9.201282294322198
-0.09570000000000012,9.201282294322198
-0.09470000000000023,9.245138344618015
-0.09370000000000012,9.245138344618015
-0.09270000000000023,9.245138344618015
-0.09170000000000011,9.287579683613965
-0.09070000000000022,9.287579683613965
-0.08970000000000011,9.331435733909782
-0.08870000000000022,9.331435733909782
-0.08770000000000011,9.331435733909782
-0.08670000000000022,9.419147834501414
-0.08570000000000011,9.419147834501414
-0.08470000000000022,9.419147834501414
-0.08370000000000011,9.463003884797232
-0.08270000000000022,9.463003884797232
-0.0817000000000001,9.463003884797232
-0.08070000000000022,9.506859935093045
-0.0797000000000001,9.506859935093045
-0.07870000000000021,9.506859935093045
-0.0777000000000001,9.549301274088998
-0.07670000000000021,9.549301274088998
-0.0757000000000001,9.593157324384812
-0.07470000000000021,9.593157324384812
-0.0737000000000001,9.63701337468063
-0.07270000000000021,9.680869424976446
-0.0717000000000001,9.680869424976446
-0.07070000000000021,9.724725475272262
-0.0697000000000001,9.724725475272262
-0.0687000000000002,9.768581525568079
-0.0677000000000001,9.811022864564029
-0.0667000000000002,9.854878914859846
-0.06570000000000009,9.898734965155663
-0.0647000000000002,9.898734965155663
-0.06370000000000009,9.898734965155663
-0.0627000000000002,9.942591015451477
-0.06170000000000009,9.942591015451477
-0.0607000000000002,9.986447065747294
-0.059700000000000086,9.986447065747294
-0.058700000000000196,10.03030311604311
-0.057700000000000085,10.03030311604311
-0.056700000000000195,10.03030311604311
-0.05570000000000008,10.07274445503906
-0.05470000000000019,10.116600505334876
-0.05370000000000008,10.116600505334876
-0.05270000000000019,10.160456555630693
-0.05170000000000008,10.20431260592651
-0.05070000000000019,10.20431260592651
-0.04970000000000008,10.248168656222326
-0.04870000000000019,10.292024706518141
-0.047700000000000076,10.334466045514093
-0.046700000000000186,10.334466045514093
-0.045700000000000074,10.37832209580991
-0.044700000000000184,10.37832209580991
-0.04370000000000007,10.422178146105725
-0.04270000000000018,10.46603419640154
-0.04170000000000007,10.509890246697358
-0.04070000000000018,10.509890246697358
-0.03970000000000007,10.553746296993173
-0.03870000000000018,10.596187635989125
-0.03770000000000007,10.64004368628494
-0.03670000000000018,10.683899736580756
-0.035700000000000065,10.727755786876573
-0.034700000000000175,10.771611837172388
-0.03370000000000006,10.815467887468206
-0.03270000000000017,10.857909226464155
-0.03170000000000006,10.857909226464155
-0.03070000000000017,10.901765276759972
-0.02970000000000006,10.94562132705579
-0.02870000000000017,10.989477377351605
-0.027700000000000058,11.077189477943236
-0.026700000000000168,11.119630816939189
-0.025700000000000056,11.163486867235004
-0.024700000000000166,11.20734291753082
-0.023700000000000054,11.251198967826637
-0.022700000000000164,11.295055018122452
-0.021700000000000053,11.295055018122452
-0.020700000000000163,11.33891106841827
-0.01970000000000005,11.38135240741422
-0.01870000000000016,11.425208457710037
-0.01770000000000005,11.469064508005852
-0.01670000000000016,11.556776608597485
-0.015700000000000047,11.6006326588933
-0.014700000000000157,11.643073997889251
-0.013700000000000045,11.730786098480884
-0.012700000000000156,11.818498199072517
-0.011700000000000044,11.862354249368334
-0.010700000000000154,11.904795588364284
-0.009700000000000042,11.9486516386601
-0.008700000000000152,11.992507688955916
-0.00770000000000004,12.080219789547549
-0.00670000000000015,12.122661128543498
-0.005700000000000038,12.166517178839316
-0.0047000000000001485,12.210373229135131
-0.0037000000000000366,12.298085329726765
-0.0027000000000001467,12.341941380022579
-0.0017000000000000348,12.428238769314348
-0.000700000000000145,12.472094819610163
0.00029999999999996696,12.515950869905978
0.0012999999999998568,12.603662970497613
0.0022999999999999687,12.646104309493563
0.0032999999999998586,12.646104309493563
0.0042999999999999705,12.68996035978938
0.00529999999999986,12.77767246038101
0.006299999999999972,12.821528510676828
0.007299999999999862,12.865384560972643
0.008299999999999974,12.95168195026441
0.009299999999999864,13.039394050856043
0.010299999999999976,13.08325010115186
0.011299999999999866,13.213403540739444
0.012299999999999978,13.301115641331073
