Potential V vs RHE, Current mA cm-2
0.013299999999999867,-0.20555755187038985
0.012299999999999978,-1.1046065829346206
0.011299999999999866,-1.54769416205235
0.010299999999999976,-1.8051716186277869
0.009299999999999864,-1.9735222633117262
0.008299999999999974,-2.0753814769020087
0.007299999999999862,-2.1673377113932366
0.006299999999999972,-2.2423174102860832
0.00529999999999986,-2.2819293266823037
0.0042999999999999705,-2.339932489976771
0.0032999999999998586,-2.383788540272587
0.0022999999999999687,-2.417741611469348
0.0012999999999998568,-2.451694682666109
0.00029999999999996696,-2.4771594860636794
-0.000700000000000145,-2.5139419798601703
-0.0017000000000000348,-2.5379920719578757
-0.0027000000000001467,-2.5705304318547717
-0.0037000000000000366,-2.597409946552207
-0.0047000000000001485,-2.6143864821505876
-0.005700000000000038,-2.634192440348698
-0.00670000000000015,-2.661071955046134
-0.00770000000000004,-2.666730800245594
-0.008700000000000152,-2.6879514697435702
-0.009700000000000042,-2.712001561841275
-0.010700000000000154,-2.737466365238846
-0.011700000000000044,-2.7487840556377665
-0.012700000000000156,-2.765760591236147
-0.013700000000000045,-2.7742488590353367
-0.014700000000000157,-2.791225394633717
-0.015700000000000047,-2.795469528533313
-0.01670000000000016,-2.822349043230748
-0.01770000000000005,-2.8308373110299385
-0.01870000000000016,-2.8294225997300737
-0.01970000000000005,-2.859131537027239
-0.020700000000000163,-2.863375670926834
-0.021700000000000053,-2.864790382226699
-0.022700000000000164,-2.8860110517246746
-0.023700000000000054,-2.8916698969241352
-0.024700000000000166,-2.900158164723325
-0.025700000000000056,-2.9143052777219753
-0.026700000000000168,-2.922793545521166
-0.027700000000000058,-2.932696524620221
-0.02870000000000017,-2.935525947219951
-0.02970000000000006,-2.9510877715184667
-0.03070000000000017,-2.9581613280177916
-0.03170000000000006,-2.9581613280177916
-0.03270000000000017,-2.973723152316307
-0.03370000000000006,-2.9878702653149576
-0.034700000000000175,-2.9850408427152275
-0.035700000000000065,-2.9935291105144173
-0.03670000000000018,-3.009090934812933
-0.03770000000000007,-3.006261512213203
-0.03870000000000018,-3.010505646112798
-0.03970000000000007,-3.0147497800123935
-0.04070000000000018,-3.021823336511718
-0.04170000000000007,-3.0274821817111786
-0.04270000000000018,-3.0359704495103688
-0.04370000000000007,-3.0458734286094242
-0.044700000000000184,-3.0487028512091543
-0.045700000000000074,-3.047288139909289
-0.046700000000000186,-3.0755823659065897
-0.047700000000000076,-3.0586058303082093
-0.04870000000000019,-3.0670940981073995
-0.04970000000000008,-3.082655922405915
-0.05070000000000019,-3.0755823659065897
-0.05170000000000008,-3.08124121110605
-0.05270000000000019,-3.0854853450056448
-0.05370000000000008,-3.08690005630551
-0.05470000000000019,-3.0911441902051053
-0.05570000000000008,-3.0953883241047
-0.056700000000000195,-3.1038765919038904
-0.057700000000000085,-3.10104716930416
-0.058700000000000196,-3.10104716930416
-0.059700000000000086,-3.1166089936026755
-0.0607000000000002,-3.113779571002946
-0.06170000000000009,-3.122267838802136
-0.0627000000000002,-3.1406590857003813
-0.06370000000000009,-3.1307561066013263
-0.0647000000000002,-3.119438416202406
-0.06570000000000009,-3.1279266840015962
-0.0667000000000002,-3.1321708179011907
-0.0677000000000001,-3.1364149518007864
-0.0687000000000002,-3.1335855292010564
-0.0697000000000001,-3.1364149518007864
-0.07070000000000021,-3.1449032195999767
-0.0717000000000001,-3.1335855292010564
-0.07270000000000021,-3.1406590857003813
-0.0737000000000001,-3.150562064799437
-0.07470000000000021,-3.1378296631006513
-0.0757000000000001,-3.150562064799437
-0.07670000000000021,-3.1519767760993016
-0.0777000000000001,-3.1491473534995715
-0.07870000000000021,-3.1449032195999767
-0.0797000000000001,-3.1477326421997063
-0.08070000000000022,-3.153391487399167
-0.0817000000000001,-3.1463179308998415
-0.08270000000000022,-3.1477326421997063
-0.08370000000000011,-3.150562064799437
-0.08470000000000022,-3.1449032195999767
-0.08570000000000011,-3.1491473534995715
-0.08670000000000022,-3.1548061986990317
-0.08770000000000011,-3.1548061986990317
-0.08870000000000022,-3.1491473534995715
-0.08970000000000011,-3.150562064799437
-0.09070000000000022,-3.1434885083001114
-0.09170000000000011,-3.1434885083001114
-0.09270000000000023,-3.1434885083001114
-0.09370000000000012,-3.1491473534995715
-0.09470000000000023,-3.1449032195999767
-0.09570000000000012,-3.1279266840015962
-0.09670000000000023,-3.1378296631006513
-0.09770000000000012,-3.1279266840015962
-0.09870000000000023,-3.1180237049025408
-0.09970000000000012,-3.1279266840015962
-0.10070000000000023,-3.126511972701731
-0.10170000000000012,-3.1123648597030806
-0.10270000000000024,-3.129341395301461
-0.10370000000000013,-3.1279266840015962
-0.10470000000000024,-3.1180237049025408
-0.10570000000000013,-3.1151942823028107
-0.10670000000000024,-3.113779571002946
-0.10770000000000013,-3.1024618806040256
-0.10870000000000024,-3.09255890150497
-0.10970000000000013,-3.0982177467044303
-0.11070000000000024,-3.0968030354045655
-0.11170000000000013,-3.0883147676053753
-0.11270000000000002,-3.0939736128048354
-0.11370000000000013,-3.0911441902051053
-0.11470000000000002,-3.08124121110605
-0.11570000000000014,-3.079826499806185
-0.11670000000000003,-3.076997077206455
-0.11770000000000014,-3.0713382320069944
-0.11870000000000003,-3.0685088094072643
-0.11970000000000014,-3.0656793868075347
-0.12070000000000003,-3.0628499642078046
-0.12170000000000014,-3.0571911190083445
-0.12270000000000003,-3.0515322738088844
-0.12370000000000014,-3.050117562509019
-0.12470000000000003,-3.0387998721100984
-0.12570000000000014,-3.0387998721100984
-0.12670000000000003,-3.047288139909289
-0.12770000000000015,-3.028896893011044
-0.12870000000000004,-3.0204086252118536
-0.12970000000000015,-3.031726315610774
-0.13070000000000004,-3.0189939139119883
-0.13170000000000015,-3.0161644913122583
-0.13270000000000004,-3.0175792026121235
-0.13370000000000015,-3.010505646112798
-0.13470000000000004,-3.0076762235130676
-0.13570000000000015,-2.999187955713878
-0.13670000000000004,-3.004846800913338
-0.13770000000000016,-2.996358533114148
-0.13870000000000005,-3.003432089613473
-0.13970000000000016,-2.997773244414013
-0.14070000000000005,-2.996358533114148
-0.14170000000000016,-2.9878702653149576
-0.14270000000000005,-2.997773244414013
-0.14370000000000016,-2.9921143992145525
-0.14470000000000005,-2.977967286215902
-0.14570000000000016,-2.9850408427152275
-0.14670000000000005,-2.9864555540150928
-0.14770000000000016,-2.9807967088156326
-0.14870000000000005,-2.976552574916037
-0.14970000000000017,-2.9807967088156326
-0.15070000000000006,-2.9822114201154974
-0.15170000000000017,-2.973723152316307
-0.15270000000000006,-2.9807967088156326
-0.15370000000000017,-2.9836261314153627
-0.15470000000000006,-2.9666495958169823
-0.15570000000000017,-2.9624054619173865
-0.15670000000000006,-2.973723152316307
-0.15770000000000017,-2.9666495958169823
-0.15870000000000006,-2.977967286215902
-0.15970000000000018,-2.9807967088156326
-0.16070000000000007,-2.9793819975157674
-0.16170000000000018,-2.9807967088156326
-0.16270000000000007,-2.9807967088156326
-0.16370000000000018,-2.996358533114148
-0.16470000000000007,-2.997773244414013
-0.16570000000000018,-2.996358533114148
-0.16670000000000007,-3.0076762235130676
-0.16770000000000018,-3.002017378313608
-0.16870000000000007,-3.0076762235130676
-0.16970000000000018,-3.0189939139119883
-0.17070000000000007,-3.013335068712528
-0.17170000000000019,-3.0204086252118536
-0.17270000000000008,-3.0232380478115832
-0.1737000000000002,-3.031726315610774
-0.17470000000000008,-3.0331410269106387
-0.1757000000000002,-3.0359704495103688
-0.17670000000000008,-3.0571911190083445
-0.1777000000000002,-3.0571911190083445
-0.17870000000000008,-3.054361696408614
-0.1797000000000002,-3.0670940981073995
-0.18070000000000008,-3.0670940981073995
-0.1817000000000002,-3.0755823659065897
-0.18270000000000008,-3.0953883241047
-0.1837000000000002,-3.09255890150497
-0.1847000000000001,-3.0968030354045655
-0.1857000000000002,-3.110950148403216
-0.1867000000000001,-3.120853127502271
-0.1877000000000002,-3.1378296631006513
-0.1887000000000001,-3.159050332598627
-0.1897000000000002,-3.1731974455972773
-0.1907000000000001,-3.1845151359961976
-0.1917000000000001,-3.1802710020966023
-0.19269999999999998,-3.202906382894443
-0.1937000000000001,-3.2156387845932284
-0.19469999999999998,-3.2212976297926885
-0.1957000000000001,-3.2453477218903943
-0.19669999999999999,-3.270812525287965
-0.1977000000000001,-3.27505665918756
-0.1987,-3.2991067512852656
-0.1997000000000001,-3.3090097303843207
-0.2007,-3.328815688582431
-0.2017000000000001,-3.352865780680137
-0.2027,-3.382574717977303
-0.2037000000000001,-3.4108689439746036
-0.2047,-3.4136983665743337
-0.2057000000000001,-3.4419925925716344
-0.2067,-3.46887210726907
-0.2077000000000001,-3.4858486428674507
-0.2087,-3.5113134462650213
-0.2097000000000001,-3.541022383562187
-0.2107,-3.555169496560837
-0.2117000000000001,-3.5820490112582726
-0.2127,-3.6188315050547635
-0.2137000000000001,-3.644296308452334
-0.2147,-3.681078802248825
-0.2157000000000001,-3.727764275144372
-0.2167,-3.748984944642347
-0.21770000000000012,-3.7744497480399173
-0.2187,-3.7928409949381634
-0.21970000000000012,-3.84518531303317
-0.2207,-3.884797229429391
-0.22170000000000012,-3.914506166726557
-0.2227,-3.9541180831227782
-0.22370000000000012,-3.9838270204199433
-0.2247,-4.017780091616704
-0.22570000000000012,-4.057392008012925
-0.2267,-4.106906903508202
-0.22770000000000012,-4.149348242504152
-0.22870000000000001,-4.20735140579862
-0.22970000000000013,-4.2526221673943
-0.23070000000000002,-4.3063811967891725
-0.23170000000000013,-4.345993113185393
-0.23270000000000002,-4.411069832979184
-0.23370000000000013,-4.463414151074191
-0.23470000000000002,-4.5044407787702765
-0.23570000000000013,-4.562443942064744
-0.23670000000000002,-4.6218618166590755
-0.2376999999999999,-4.678450268653676
-0.23870000000000002,-4.7406975658477375
-0.2396999999999999,-4.801530151741935
-0.24070000000000003,-4.870851005435322
-0.24169999999999991,-4.935927725229114
-0.24270000000000003,-4.99958973372304
-0.24369999999999992,-5.071740010016156
-0.24470000000000003,-5.133987307210218
-0.24569999999999992,-5.2061375835033346
-0.24670000000000003,-5.2924349727951014
-0.24769999999999992,-5.361755826488489
-0.24870000000000003,-5.438150236681202
-0.24969999999999992,-5.521618203373238
-0.25070000000000003,-5.60367145876541
-0.2516999999999999,-5.692798270656908
-0.25270000000000004,-5.788998639047731
-0.2536999999999999,-5.886613718738418
-0.25470000000000004,-5.9729111080301855
-0.2556999999999999,-6.064867342521412
-0.25670000000000004,-6.172385401311155
-0.25769999999999993,-6.274244614901438
-0.25870000000000004,-6.381762673691181
-0.25969999999999993,-6.494939577680383
-0.26070000000000004,-6.588310523471475
-0.26169999999999993,-6.697243293561083
-0.26270000000000004,-6.837299712247723
-0.26369999999999993,-6.95189132753679
-0.26470000000000005,-7.062238808926263
-0.26569999999999994,-7.200880516313037
-0.26670000000000005,-7.342351646299541
-0.26769999999999994,-7.458357972888473
-0.26870000000000005,-7.584267278576461
-0.26969999999999994,-7.731397253762426
-0.27070000000000005,-7.864380115949738
-0.27169999999999994,-8.001607112036647
-0.27270000000000005,-8.157225355021803
-0.27369999999999994,-8.311428886707091
-0.27470000000000006,-8.44016761499481
-0.27569999999999995,-8.597200569279828
-0.27670000000000006,-8.77545419306282
-0.27769999999999995,-8.919754745649056
-0.27870000000000006,-9.08952010163286
-0.27969999999999995,-9.27201785931545
-0.28070000000000006,-9.4601744621975
-0.28169999999999995,-9.652575198979145
-0.28270000000000006,-9.832243534062004
-0.28369999999999995,-9.99069119964689
-0.28470000000000006,-10.150553576531639
-0.28569999999999995,-10.334466045514093
-0.28670000000000007,-10.545258029193985
-0.28769999999999996,-10.716438096477654
-0.28870000000000007,-10.906009410659568
-0.28969999999999996,-11.12528966213865
-0.29070000000000007,-11.320519821520024
-0.29169999999999996,-11.522823537400724
-0.29270000000000007,-11.727956675881154
-0.29369999999999996,-11.979775287257132
-0.2947000000000001,-12.191981982236886
-0.29569999999999996,-12.399944543317048
-0.2967000000000001,-12.624883639995588
-0.29769999999999996,-12.888019941770485
-0.2987000000000001,-13.097397214150508
-0.29969999999999997,-13.32799515602851
-0.3007000000000001,-13.49917522331218
-0.30169999999999997,-13.688746537494094
-0.3027000000000001,-14.04383907376022
-0.30369999999999997,-14.24614278964092
-0.3047000000000001,-14.472496597619326
-0.30569999999999997,-14.755438857592333
-0.3067000000000001,-14.995939778569388
-0.3077,-15.236440699546446
-0.3087000000000001,-15.448647394526201
-0.3097,-15.717442541500558
-0.3107000000000001,-15.986237688474914
-0.3117,-16.15600304445872
-0.3127000000000001,-16.481386643427676
-0.3137,-16.778476016399335
-0.3147000000000001,-17.03312405037504
-0.3157,-17.301919197349395
-0.3167000000000001,-17.556567231325104
-0.3177,-17.825362378299463
-0.3187000000000001,-18.10830463827247
-0.3197,-18.377099785246827
-0.3207000000000001,-18.617600706223882
-0.3217,-18.872248740199588
-0.3227000000000001,-19.1834852261699
-0.3237,-19.480574599141555
-0.3247000000000001,-19.791811085111863
-0.3257,-20.088900458083522
-0.3267000000000001,-20.371842718056527
-0.3277,-20.626490752032236
-0.3287000000000001,-20.89528589900659
-0.3297,-21.1782281589796
-0.3307000000000001,-21.461170418952605
-0.3317,-21.758259791924264
-0.3327000000000001,-22.083643390893226
-0.3337,-22.38073276386488
-0.3347000000000001,-22.67782213683654
-0.3357,-22.974911509808198
-0.3367000000000001,-23.300295108777156
-0.3377,-23.639825820744765
-0.3387000000000001,-23.951062306715073
-0.3397,-24.290593018682678
-0.3407000000000001,-24.61597661765164
-0.3417,-24.9130659906233
-0.3427000000000001,-25.167714024599
-0.3437,-25.43650917157336
-0.3447000000000001,-25.719451431546364
-0.3457,-26.044835030515326
-0.3467000000000001,-26.426807081478888
-0.3477,-26.794632019443796
-0.3487000000000001,-27.162456957408708
-0.3497,-27.459546330380363
-0.3507000000000001,-27.756635703352025
-0.3517,-28.082019302320973
-0.3527000000000001,-28.364961562293985
-0.3537,-28.704492274261593
-0.3547000000000001,-29.058170099227848
-0.3557,-29.440142150191413
-0.35670000000000013,-29.836261314153624
-0.3577,-30.17579202612123
-0.35870000000000013,-30.47288139909289
-0.3597,-30.769970772064546
-0.36070000000000013,-31.08120725803486
-0.3617,-31.449032195999767
-0.3626999999999999,-31.83100424696332
-0.3637,-32.19882918492823
-0.3646999999999999,-32.5525070098945
-0.3657,-32.90618483486075
-0.3666999999999999,-33.316451111821614
-0.3677,-33.670128936787876
-0.3686999999999999,-34.05210098775143
-0.36970000000000003,-34.44822015171364
-0.3706999999999999,-34.787750863681254
-0.37170000000000003,-35.14142868864751
-0.3726999999999999,-35.49510651361377
-0.37370000000000003,-35.806342999584075
-0.3746999999999999,-36.18831505054764
-0.37570000000000003,-36.570287101511205
-0.3766999999999999,-36.96640626547341
-0.37770000000000004,-37.36252542943562
-0.3786999999999999,-37.73035036740053
-0.37970000000000004,-38.154763757360044
-0.3806999999999999,-38.49429446932764
-0.38170000000000004,-38.89041363328986
-0.38269999999999993,-39.30067991025072
-0.38370000000000004,-39.654357735216976
-0.38469999999999993,-40.12121246417244
-0.38570000000000004,-40.559772967130606
-0.38669999999999993,-40.94174501809416
-0.38770000000000004,-41.352011295055014
-0.38869999999999993,-41.719836233019926
-0.38970000000000005,-42.115955396982145
-0.39069999999999994,-42.526221673943
-0.39170000000000005,-42.93648795090387
-0.39269999999999994,-43.40334267985933
-0.39370000000000005,-43.84190318281749
-0.39469999999999994,-44.266316572776994
-0.39570000000000005,-44.66243573673921
-0.39669999999999994,-45.05855490070142
-0.39770000000000005,-45.52540962965688
-0.39869999999999994,-45.90738168062044
-0.39970000000000006,-46.33179507057995
-0.40069999999999995,-46.79864979953541
-0.40170000000000006,-47.22306318949492
-0.40269999999999995,-47.73235925744634
-0.40370000000000006,-48.1709197604045
-0.40469999999999995,-48.581186037365356
-0.40570000000000006,-49.062187879319474
-0.40669999999999995,-49.52904260827494
-0.40770000000000006,-49.98175022423175
-0.40869999999999995,-50.42031072718991
-0.40970000000000006,-50.85887123014807
-0.41069999999999995,-51.35402018510083
-0.41170000000000007,-51.82087491405629
-0.41269999999999996,-52.33017098200771
-0.41370000000000007,-52.83946704995912
-0.41469999999999996,-53.26388043991864
-0.41570000000000007,-53.70244094287679
-0.41669999999999996,-54.18344278483091
-0.41770000000000007,-54.69273885278232
-0.41869999999999996,-55.15959358173778
-0.4197000000000001,-55.64059542369189
-0.42069999999999996,-56.164038604641945
-0.4217000000000001,-56.64504044659606
-0.42269999999999996,-57.12604228855018
-0.4237000000000001,-57.6919268084962
-0.42469999999999997,-58.14463442445301
-0.4257000000000001,-58.569047814412514
-0.42669999999999997,-59.035902543367975
-0.4277000000000001,-59.5734928373167
-0.42869999999999997,-60.09693601826676
-0.4297000000000001,-60.59208497321952
-0.43069999999999997,-61.21455794516014
-0.4317000000000001,-61.80873669110345
-0.4327,-62.33217987205352
-0.4337000000000001,-62.94050573099548
-0.4347,-63.52053736394014
-0.4357000000000001,-64.11471610988345
-0.4367,-64.65230640383218
-0.4377000000000001,-65.11916113278764
-0.4387,-65.61431008774039
-0.4397000000000001,-66.15190038168912
-0.4407,-66.68949067563783
-0.4417000000000001,-67.3261107605771
-0.4427,-67.84955394152715
-0.4437000000000001,-68.52861536546239
-0.4447,-69.25011812839355
-0.4457000000000001,-69.84429687433686
-0.4467,-70.42432850728152
-0.4477000000000001,-70.94777168823158
-0.4487,-71.5136562081776
-0.4497000000000001,-71.93806959813712
-0.4507,-72.33418876209933
-0.4517000000000001,-72.87177905604804
-0.4527,-73.40936934999675
-0.4537000000000001,-73.90451830494952
-0.4547,-74.48454993789417
-0.4557000000000001,-75.220199813824
-0.4567,-75.96999680275246
-0.4577000000000001,-76.64905822668769
-0.4587,-77.34226676362155
-0.4597000000000001,-78.10621086554868
-0.4607,-78.72868383748929
-0.4617000000000001,-79.45018660042047
-0.4627,-80.12924802435568
-0.4637000000000001,-80.72342677029899
-0.4647,-81.30345840324367
-0.4657000000000001,-81.7986073581964
-0.4667,-82.44937455613434
-0.4677000000000001,-83.07184752807495
-0.4687,-83.70846761301424
-0.4697000000000001,-84.38752903694943
-0.4707,-84.96756066989411
-0.4717000000000001,-85.67491631982661
-0.4727,-86.36812485676049
-0.4737000000000001,-87.03303916769705
-0.4747,-87.81113038262282
-0.4757000000000001,-88.5609273715513
-0.4767,-89.26828302148381
-0.4777000000000001,-89.94734444541903
-0.4787,-90.56981741735964
-0.4797000000000001,-91.20643750229891
-0.4807,-91.84305758723818
-0.48170000000000013,-92.62114880216394
-0.4827,-93.32850445209648
-0.48370000000000013,-93.96512453703575
-0.4847,-94.64418596097094
-0.48570000000000013,-95.42227717589672
-0.4867,-94.85639265595071
-0.48570000000000013,-93.31435733909782
-0.4847,-92.05526428221793
-0.48370000000000013,-90.88105390332996
-0.4827,-89.76343197643658
-0.48170000000000013,-88.60336871054724
-0.4807,-87.57062946164578
-0.4797000000000001,-86.58033155174023
-0.4787,-85.57588652883607
-0.4777000000000001,-84.61388284492786
-0.4767,-83.58114359602637
-0.4757000000000001,-82.63328702511679
-0.4747,-81.75616601920048
-0.4737000000000001,-80.76586810929494
-0.4727,-79.83215865138402
-0.4717000000000001,-78.85600785447714
-0.4707,-77.83741571857432
-0.4697000000000001,-76.94614759965934
-0.4687,-76.19635061073087
-0.4677000000000001,-75.38996516980781
-0.4667,-74.7109037458726
-0.4657000000000001,-73.89037119195086
-0.4647,-72.95666173403994
-0.4637000000000001,-72.09368784112228
-0.4627,-71.2590081742019
-0.4617000000000001,-69.87259110033416
-0.4607,-69.08035277240974
-0.4597000000000001,-68.64179226945159
-0.4587,-67.9202895065204
-0.4577000000000001,-66.83096180562433
-0.4567,-65.84066389571882
-0.4557000000000001,-65.37380916676335
-0.4547,-64.72304196882543
-0.4537000000000001,-63.944950753899654
-0.4527,-63.30833066896038
-0.4517000000000001,-62.572680793030564
-0.4507,-61.780442465106155
-0.4497000000000001,-60.91746857218848
-0.4487,-60.26670137425056
-0.4477000000000001,-59.67252262830725
-0.4467,-59.050049656366625
-0.4457000000000001,-58.48416513642061
-0.4447,-57.904133503475954
-0.4437000000000001,-57.25336630553804
-0.4427,-56.560157768604164
-0.4417000000000001,-55.9235376836649
-0.4407,-55.28691759872564
-0.4397000000000001,-54.73518019177827
-0.4387,-54.14100144583495
-0.4377000000000001,-53.39120445690648
-0.4367,-52.68384880697396
-0.4357000000000001,-51.8491691400536
-0.4347,-51.26913750710893
-0.4337000000000001,-50.81642989115212
-0.4327,-50.22225114520881
-0.4317000000000001,-49.472454156280335
-0.43069999999999997,-48.567038924366706
-0.4297000000000001,-48.2840966643937
-0.42869999999999997,-47.91627172642879
-0.4277000000000001,-47.39282854547873
-0.42669999999999997,-46.81279691253406
-0.4257000000000001,-46.218618166590744
-0.42469999999999997,-45.72346921163799
-0.4237000000000001,-45.17173180469062
-0.42269999999999996,-44.66243573673921
-0.4217000000000001,-44.478523267756756
-0.42069999999999996,-43.84190318281749
-0.4197000000000001,-43.27601866287147
-0.41869999999999996,-42.681839916928155
-0.41770000000000007,-42.158396735978094
-0.41669999999999996,-41.66324778102533
-0.41570000000000007,-41.139804600075266
-0.41469999999999996,-40.65880275812115
-0.41370000000000007,-40.234389368161644
-0.41269999999999996,-39.80997597820213
-0.41170000000000007,-39.34312124924667
-0.41069999999999995,-38.86211940729255
-0.40970000000000006,-38.38111756533845
-0.40869999999999995,-37.92840994938163
-0.40770000000000006,-37.51814367242077
-0.40669999999999995,-37.093730282461266
-0.40570000000000006,-36.7117582314977
-0.40469999999999995,-36.30149195453684
-0.40370000000000006,-35.89122567757598
-0.40269999999999995,-35.50925362661242
-0.40170000000000006,-35.04239889765696
-0.40069999999999995,-34.64627973369475
-0.39970000000000006,-34.25016056973254
-0.39869999999999994,-33.783305840777075
-0.39770000000000005,-33.38718667681487
-0.39669999999999994,-33.01936173884996
-0.39570000000000005,-32.62324257488775
-0.39469999999999994,-32.269564749921486
-0.39370000000000005,-31.887592698957924
-0.39269999999999994,-31.47732642199707
-0.39170000000000005,-31.109501484032155
-0.39069999999999994,-30.741676546067247
-0.38970000000000005,-30.359704495103685
-0.38869999999999993,-29.991879557138777
-0.38770000000000004,-29.652348845171172
-0.38669999999999993,-29.31281813320356
-0.38570000000000004,-28.97328742123595
-0.38469999999999993,-28.60546248327104
-0.38370000000000004,-28.251784658304786
-0.38269999999999993,-27.898106833338524
-0.38170000000000004,-27.530281895373616
-0.3806999999999999,-27.204898296404657
-0.37970000000000004,-26.851220471438396
-0.3786999999999999,-26.525836872469437
-0.37770000000000004,-26.257041725495082
-0.3766999999999999,-25.988246578520723
-0.37570000000000003,-25.705304318547718
-0.3746999999999999,-25.351626493581456
-0.37370000000000003,-24.997948668615198
-0.3726999999999999,-24.65841795664759
-0.37170000000000003,-24.31888724467998
-0.3706999999999999,-24.00765075870967
-0.36970000000000003,-23.724708498736668
-0.3686999999999999,-23.45591335176231
-0.3677,-23.215412430785253
-0.3666999999999999,-22.989058622806844
-0.3657,-22.706116362833843
-0.3646999999999999,-22.352438537867577
-0.3637,-22.04120205189727
-0.3626999999999999,-21.758259791924264
-0.3617,-21.447023305953955
-0.36070000000000013,-21.149933932982297
-0.3597,-20.86699167300929
-0.35870000000000013,-20.626490752032236
-0.3577,-20.400136944053827
-0.35670000000000013,-20.14548891007812
-0.3557,-19.876693763103766
-0.3547000000000001,-19.593751503130758
-0.3537,-19.339103469155052
-0.3527000000000001,-19.070308322180697
-0.3517,-18.80151317520634
-0.3507000000000001,-18.561012254229283
-0.3497,-18.292217107254928
-0.3487000000000001,-18.03756907327922
-0.3477,-17.76877392630486
-0.3467000000000001,-17.528273005327804
-0.3457,-17.28777208435075
-0.3447000000000001,-17.07556538937099
-0.3437,-16.849211581392588
-0.3427000000000001,-16.637004886412832
-0.3417,-16.382356852437127
-0.3407000000000001,-16.170150157457368
-0.3397,-15.943796349478962
-0.3387000000000001,-15.70329542850191
-0.3377,-15.491088733522153
-0.3367000000000001,-15.264734925543747
-0.3357,-15.02423400456669
-0.3347000000000001,-14.797880196588284
-0.3337,-14.599820614607177
-0.3327000000000001,-14.401761032626075
-0.3317,-14.175407224647667
-0.3307000000000001,-13.961785818368046
-0.3297,-13.742505566888967
-0.3287000000000001,-13.494931089412585
-0.3277,-13.308189197830401
-0.3267000000000001,-13.095982502850644
-0.3257,-12.88660523047062
-0.3247000000000001,-12.69278978238911
-0.3237,-12.480583087409354
-0.3227000000000001,-12.292426484527304
-0.3217,-12.077390366947817
-0.3207000000000001,-11.88640434146604
-0.3197,-11.696833027284123
-0.3187000000000001,-11.487455754904099
-0.3177,-11.304957997221507
-0.3167000000000001,-11.106898415240401
-0.3157,-10.914497678458758
-0.3147000000000001,-10.734829343375898
-0.3137,-10.543843317894117
-0.3127000000000001,-10.3585161376118
-0.3117,-10.170359534729748
-0.3107000000000001,-9.989276488347024
-0.3097,-9.823755266262815
-0.3087000000000001,-9.64550164247982
-0.3077,-9.463003884797232
-0.3067000000000001,-9.313044487011537
-0.30569999999999997,-9.156011532726518
-0.3047000000000001,-8.967854929844465
-0.30369999999999997,-8.810821975559447
-0.3027000000000001,-8.626909506576993
-0.30169999999999997,-8.459973573192919
-0.3007000000000001,-8.304355330207764
-0.29969999999999997,-8.13176055162423
-0.2987000000000001,-7.970483463439617
-0.29769999999999996,-7.813450509154598
-0.2967000000000001,-7.657832266169443
-0.29569999999999996,-7.497969889284694
-0.2947000000000001,-7.340936934999675
-0.29369999999999996,-7.195221671113577
-0.29270000000000007,-7.032529871629097
-0.29169999999999996,-6.878326339943808
-0.29070000000000007,-6.742514055156764
-0.28969999999999996,-6.599628213870396
-0.28870000000000007,-6.441180548285512
-0.28769999999999996,-6.292635861799683
-0.28670000000000007,-6.1624824222121
-0.28569999999999995,-6.018181869625866
-0.28470000000000006,-5.873881317039633
-0.28369999999999995,-5.732410187053128
-0.28270000000000006,-5.60367145876541
-0.28169999999999995,-5.470688596578097
-0.28070000000000006,-5.334876311791054
-0.27969999999999995,-5.200478738303874
-0.27870000000000006,-5.053348763117911
-0.27769999999999995,-4.921780612230462
-0.27670000000000006,-4.80860370824126
-0.27569999999999995,-4.675620846053946
-0.27470000000000006,-4.553955674265553
-0.27369999999999994,-4.442193481576215
-0.27270000000000005,-4.307795908089036
-0.27169999999999994,-4.186130736300643
-0.27070000000000005,-4.072953832311441
-0.26969999999999994,-3.9640210622218324
-0.26870000000000005,-3.8466000243330347
-0.26769999999999994,-3.7263495638445066
-0.26670000000000005,-3.6032696807562488
-0.26569999999999994,-3.4886780654671803
-0.26470000000000005,-3.3740864501781123
-0.26369999999999993,-3.27788608178729
-0.26270000000000004,-3.171782734297412
-0.26169999999999993,-3.0600205416080746
-0.26070000000000004,-2.9624054619173865
-0.25969999999999993,-2.8506432692280486
-0.25870000000000004,-2.7501987669376318
-0.25769999999999993,-2.6469248420474836
-0.25670000000000004,-2.549309762356796
-0.2556999999999999,-2.4559388165657037
-0.25470000000000004,-2.354079602975421
-0.2536999999999999,-2.2677822136836534
-0.25270000000000004,-2.1673377113932366
-0.2516999999999999,-2.0598196526034935
-0.25070000000000003,-1.9735222633117262
-0.24969999999999992,-1.882980740120364
-0.24870000000000003,-1.779706815230216
-0.24769999999999992,-1.7047271163373692
-0.24670000000000003,-1.6255032835449272
-0.24569999999999992,-1.5377911829532949
-0.24470000000000003,-1.459982061460718
-0.24369999999999992,-1.3722699608690856
-0.24270000000000003,-1.2929046569466571
-0.24169999999999991,-1.1988263555056322
-0.24070000000000003,-1.11960252271319
-0.2396999999999999,-1.0509890246697358
-0.23870000000000002,-0.9710578362273611
-0.2376999999999999,-0.8980587331543252
-0.23670000000000002,-0.832840542230547
-0.23570000000000013,-0.7503628734484155
-0.23470000000000002,-0.6814664331449882
-0.23370000000000013,-0.6155408865712775
-0.23270000000000002,-0.5351852847389434
-0.23170000000000013,-0.4616202971459614
-0.23070000000000002,-0.40022182673181883
-0.22970000000000013,-0.3362768759779193
-0.22870000000000001,-0.2628533595149239
-0.22770000000000012,-0.19169338113171247
-0.2267,-0.1427443701563822
-0.22570000000000012,-0.07031115160329232
-0.2247,-0.010579211100390744
-0.22370000000000012,0.03897529631128176
-0.2227,0.104151045896064
-0.22170000000000012,0.1625503283544927
-0.2207,0.2088113878600794
-0.21970000000000012,0.26766337793446493
-0.2187,0.32679831026882344
-0.21770000000000012,0.37362525429435617
-0.2167,0.43007223515897114
-0.2157000000000001,0.5003833867622635
-0.2147,0.5511715224274183
-0.2137000000000001,0.5798901618146786
-0.2127,0.6271415192301707
-0.2117000000000001,0.6818908465349477
-0.2107,0.7181074558114927
-0.2097000000000001,0.7657832266169443
-0.2087,0.8147322375922746
-0.2077000000000001,0.8506659046088466
-0.2067,0.8953707816845817
-0.2057000000000001,0.9393683031103843
-0.2047,0.98364876679616
-0.2037000000000001,1.020997145112597
-0.2027,1.0577796389090879
-0.2017000000000001,1.103899227284688
-0.2007,1.1382767118714086
-0.1997000000000001,1.1660050533487631
-0.1987,1.216793189013918
-0.1977000000000001,1.24706801083103
-0.19669999999999999,1.2688545648489515
-0.1957000000000001,1.3202085850340524
-0.19469999999999998,1.349351637811272
-0.1937000000000001,1.3766555658986672
-0.19269999999999998,1.4175407224647667
-0.1917000000000001,1.4444202371622026
-0.1907000000000001,1.4797880196588282
-0.1897000000000002,1.510911668255859
-0.1887000000000001,1.540620605553025
-0.1877000000000002,1.5703295428501907
-0.1867000000000001,1.585891367148706
-0.1857000000000002,1.6198444383454669
-0.1847000000000001,1.6481386643427678
-0.1837000000000002,1.6693593338407433
-0.18270000000000008,1.696238848538179
-0.1817000000000002,1.7287772084350748
-0.18070000000000008,1.7400948988339953
-0.1797000000000002,1.768389124831296
-0.17870000000000008,1.7924392169290013
-0.1777000000000002,1.8193187316264372
-0.17670000000000008,1.8348805559249526
-0.1757000000000002,1.8645894932221183
-0.17470000000000008,1.8858101627200938
-0.1737000000000002,1.9027866983184742
-0.17270000000000008,1.925422079116315
-0.17170000000000019,1.9508868825138854
-0.17070000000000007,1.9650339955125358
-0.16970000000000018,1.9848399537106465
-0.16870000000000007,2.0103047571082175
-0.16770000000000018,2.023037158807002
-0.16670000000000007,2.042843117005113
-0.16570000000000018,2.0612343639033583
-0.16470000000000007,2.0895285899006595
-0.16370000000000018,2.1008462802995793
-0.16270000000000007,2.110749259398635
-0.16170000000000018,2.1305552175967453
-0.16070000000000007,2.1475317531951257
-0.15970000000000018,2.1630935774936413
-0.15870000000000006,2.1871436695913467
-0.15770000000000017,2.1956319373905373
-0.15670000000000006,2.205534916489592
-0.15570000000000017,2.2225114520879723
-0.15470000000000006,2.2338291424868926
-0.15370000000000017,2.2423174102860832
-0.15270000000000006,2.2564645232847336
-0.15170000000000017,2.2691969249835187
-0.15070000000000006,2.284758749282034
-0.14970000000000017,2.2946617283810897
-0.14870000000000005,2.3116382639794697
-0.14770000000000016,2.330029510877715
-0.14670000000000005,2.3272000882779853
-0.14570000000000016,2.358323736875016
-0.14470000000000005,2.3653972933743415
-0.14370000000000016,2.3653972933743415
-0.14270000000000005,2.389447385472047
-0.14170000000000016,2.4035944984706976
-0.14070000000000005,2.412082766269888
-0.13970000000000016,2.424815167968673
-0.13870000000000005,2.4347181470677284
-0.13770000000000016,2.4559388165657037
-0.13670000000000004,2.4587682391654337
-0.13570000000000015,2.465841795664759
-0.13470000000000004,2.4814036199632743
-0.13370000000000015,2.475744774763814
-0.13270000000000004,2.49413602166206
-0.13170000000000015,2.5252596702590906
-0.13070000000000004,2.515356691160035
-0.12970000000000015,2.5210155363594953
-0.12870000000000004,2.539406783257741
-0.12770000000000015,2.542236205857471
-0.12670000000000003,2.550724473656661
-0.12570000000000014,2.5677010092550416
-0.12470000000000003,2.583262833553557
-0.12370000000000014,2.587506967453152
-0.12270000000000003,2.6030687917516673
-0.12170000000000014,2.6172159047503176
-0.12070000000000003,2.6228747499497778
-0.11970000000000014,2.6228747499497778
-0.11870000000000003,2.641265996848024
-0.11770000000000014,2.6440954194477535
-0.11670000000000003,2.6497542646472136
-0.11570000000000014,2.666730800245594
-0.11470000000000002,2.6738043567449195
-0.11370000000000013,2.6822926245441097
-0.11270000000000002,2.7049280053419507
-0.11170000000000013,2.706342716641815
-0.11070000000000024,2.709172139241545
-0.10970000000000013,2.719075118340601
-0.10870000000000024,2.7275633861397908
-0.10770000000000013,2.737466365238846
-0.10670000000000024,2.738881076538711
-0.10570000000000013,2.7530281895373614
-0.10470000000000024,2.765760591236147
-0.10370000000000013,2.764345879936282
-0.10270000000000024,2.7799077042347973
-0.10170000000000012,2.7926401059335824
-0.10070000000000023,2.7997136624329078
-0.09970000000000012,2.813860775431558
-0.09870000000000023,2.8294225997300737
-0.09770000000000012,2.833666733629668
-0.09670000000000023,2.8492285579281837
-0.09570000000000012,2.852057980527914
-0.09470000000000023,2.874693361325755
-0.09370000000000012,2.8789374952253497
-0.09270000000000023,2.8916698969241352
-0.09170000000000011,2.9029875873230555
-0.09070000000000022,2.9029875873230555
-0.08970000000000011,2.9143052777219753
-0.08870000000000022,2.9312818133203558
-0.08770000000000011,2.9369406585198163
-0.08670000000000022,2.949673060218602
-0.08570000000000011,2.963820173217252
-0.08470000000000022,2.9793819975157674
-0.08370000000000011,2.990699687914687
-0.08270000000000022,2.997773244414013
-0.0817000000000001,3.0232380478115832
-0.08070000000000022,3.024652759111448
-0.0797000000000001,3.0331410269106387
-0.07870000000000021,3.050117562509019
-0.0777000000000001,3.055776407708479
-0.07670000000000021,3.0600205416080746
-0.0757000000000001,3.082655922405915
-0.07470000000000021,3.08972947890524
-0.0737000000000001,3.1038765919038904
-0.07270000000000021,3.129341395301461
-0.0717000000000001,3.1335855292010564
-0.07070000000000021,3.150562064799437
-0.0697000000000001,3.160465043898492
-0.0687000000000002,3.1760268681970074
-0.0677000000000001,3.1901739811956578
-0.0667000000000002,3.201491671594578
-0.06570000000000009,3.2297858975918787
-0.0647000000000002,3.2453477218903943
-0.06370000000000009,3.2566654122893146
-0.0627000000000002,3.27788608178729
-0.06170000000000009,3.3005214625851305
-0.0607000000000002,3.3090097303843207
-0.059700000000000086,3.3189127094833766
-0.058700000000000196,3.3373039563816214
-0.057700000000000085,3.357109914579732
-0.056700000000000195,3.3726717388782474
-0.05570000000000008,3.392477697076358
-0.05470000000000019,3.4236013456733887
-0.05370000000000008,3.427845479572984
-0.05270000000000019,3.45472499427042
-0.05170000000000008,3.4816045089678553
-0.05070000000000019,3.4900927767670455
-0.04970000000000008,3.519801714064211
-0.04870000000000019,3.541022383562187
-0.047700000000000076,3.553754785260972
-0.046700000000000186,3.566487186959758
-0.045700000000000074,3.590537279057463
-0.044700000000000184,3.6117579485554394
-0.04370000000000007,3.6244903502542236
-0.04270000000000018,3.644296308452334
-0.04170000000000007,3.674005245749501
-0.04070000000000018,3.698055337847206
-0.03970000000000007,3.713617162145721
-0.03870000000000018,3.7461555220426166
-0.03770000000000007,3.7702056141403233
-0.03670000000000018,3.7772791706396474
-0.035700000000000065,3.8168910870358688
-0.034700000000000175,3.840941179133574
-0.03370000000000006,3.8649912712312804
-0.03270000000000017,3.8975296311281755
-0.03170000000000006,3.915920878026421
-0.03070000000000017,3.939970970124127
-0.02970000000000006,3.969679907421293
-0.02870000000000017,4.003632978618054
-0.027700000000000058,4.050318451513601
-0.026700000000000168,4.080027388810766
-0.025700000000000056,4.115395171307392
-0.024700000000000166,4.152177665103882
-0.023700000000000054,4.179057179801319
-0.022700000000000164,4.213010250998079
-0.021700000000000053,4.242719188295245
-0.020700000000000163,4.259695723893626
-0.01970000000000005,4.278086970791871
-0.01870000000000016,4.2936487950903865
-0.01770000000000005,4.319113598487957
-0.01670000000000016,4.344578401885528
-0.015700000000000047,4.384190318281749
-0.014700000000000157,4.44077877027635
-0.013700000000000045,4.476146552772976
-0.012700000000000156,4.508684912669872
-0.011700000000000044,4.559614519465013
-0.010700000000000154,4.600641147161099
-0.009700000000000042,4.630350084458265
-0.008700000000000152,4.671376712154351
-0.00770000000000004,4.7010856494515165
-0.00670000000000015,4.730794586748683
-0.005700000000000038,4.767577080545174
-0.0047000000000001485,4.801530151741935
-0.0037000000000000366,4.836897934238561
-0.0027000000000001467,4.873680428035052
-0.0017000000000000348,4.913292344431272
-0.000700000000000145,4.9444159930283025
0.00029999999999996696,4.971295507725738
0.0012999999999998568,5.01373684672169
0.0022999999999999687,5.0547634744177765
0.0032999999999998586,5.0943753908139975
0.0042999999999999705,5.143890286309273
0.00529999999999986,5.170769801006709
0.006299999999999972,5.203308160903605
0.007299999999999862,5.242920077299826
0.008299999999999974,5.283946704995913
0.009299999999999864,5.307996797093617
0.010299999999999976,5.334876311791054
0.011299999999999866,5.3702440942876795
0.012299999999999978,5.399953031584845
