June 27, 2026   01:11:08
Cyclic Voltammetry
File: c:/users/guazh/data/20260623_doe_duplica2/2026-06-24-exp19\exp19-2026-06-27t00_50_22-arkoh\exp19_cv_sr_600mvs_efin_-1900mv.bin
Data Source:  Experiment
Instrument Model:  CHI760E
Header: CV ran at 600 mVs
Note: 

Init E (V) = -1
High E (V) = -1
Low E (V) = -1.9
Final E (V) = -1
Init P/N = N
Scan Rate (V/s) = 0.6
Segment = 3
Sample Interval (V) = 0.001
Quiet Time (sec) = 2
Sensitivity (A/V) = 0.01
Comp R (ohm) = 1.7

Results:

Channel 1:
Segment 1:

Segment 2:

Segment 3:

Potential/V, Current/A

-1.000, 1.559e-7
-1.001, 1.559e-7
-1.002, 1.559e-7
-1.003, 1.559e-7
-1.004, 1.559e-7
-1.005, 1.559e-7
-1.006, 1.559e-7
-1.007, 1.559e-7
-1.008, 1.559e-7
-1.009, 1.559e-7
-1.010, 1.559e-7
-1.011, 1.559e-7
-1.012, 1.559e-7
-1.013, 1.559e-7
-1.014, 1.559e-7
-1.015, 1.559e-7
-1.016, 1.559e-7
-1.017, 1.559e-7
-1.018, 1.559e-7
-1.019, 1.559e-7
-1.020, 1.559e-7
-1.021, 3.239e-6
-1.022, 1.559e-7
-1.023, 1.559e-7
-1.024, 1.559e-7
-1.025, 1.559e-7
-1.026, 3.239e-6
-1.027, 1.559e-7
-1.028, 1.559e-7
-1.029, 3.239e-6
-1.030, 1.559e-7
-1.031, 1.559e-7
-1.032, 3.239e-6
-1.033, 1.559e-7
-1.034, 1.559e-7
-1.035, 3.239e-6
-1.036, 1.559e-7
-1.037, 3.239e-6
-1.038, 3.239e-6
-1.039, 1.559e-7
-1.040, 3.239e-6
-1.041, 3.239e-6
-1.042, 3.239e-6
-1.043, 3.239e-6
-1.044, 3.239e-6
-1.045, 3.239e-6
-1.046, 3.239e-6
-1.047, 3.239e-6
-1.048, 3.239e-6
-1.049, 3.239e-6
-1.050, 1.559e-7
-1.051, 1.559e-7
-1.052, 3.239e-6
-1.053, 3.239e-6
-1.054, 3.239e-6
-1.055, 3.239e-6
-1.056, 3.239e-6
-1.057, 3.239e-6
-1.058, 3.239e-6
-1.059, 3.239e-6
-1.060, 3.239e-6
-1.061, 3.239e-6
-1.062, 3.239e-6
-1.063, 3.239e-6
-1.064, 3.239e-6
-1.065, 3.239e-6
-1.066, 3.239e-6
-1.067, 3.239e-6
-1.068, 3.239e-6
-1.069, 3.239e-6
-1.070, 3.239e-6
-1.071, 3.239e-6
-1.072, 3.239e-6
-1.073, 3.239e-6
-1.074, 3.239e-6
-1.075, 3.239e-6
-1.076, 3.239e-6
-1.077, 3.239e-6
-1.078, 3.239e-6
-1.079, 3.239e-6
-1.080, 3.239e-6
-1.081, 3.239e-6
-1.082, 3.239e-6
-1.083, 3.239e-6
-1.084, 3.239e-6
-1.085, 3.239e-6
-1.086, 3.239e-6
-1.087, 3.239e-6
-1.088, 3.239e-6
-1.089, 3.239e-6
-1.090, 3.239e-6
-1.091, 3.239e-6
-1.092, 3.239e-6
-1.093, 3.239e-6
-1.094, 3.239e-6
-1.095, 3.239e-6
-1.096, 3.239e-6
-1.097, 3.239e-6
-1.098, 3.239e-6
-1.099, 3.239e-6
-1.100, 3.239e-6
-1.101, 3.239e-6
-1.102, 3.239e-6
-1.103, 3.239e-6
-1.104, 3.239e-6
-1.105, 3.239e-6
-1.106, 3.239e-6
-1.107, 3.239e-6
-1.108, 3.239e-6
-1.109, 3.239e-6
-1.110, 3.239e-6
-1.111, 3.239e-6
-1.112, 3.239e-6
-1.113, 3.239e-6
-1.114, 6.322e-6
-1.115, 3.239e-6
-1.116, 3.239e-6
-1.117, 3.239e-6
-1.118, 3.239e-6
-1.119, 3.239e-6
-1.120, 3.239e-6
-1.121, 3.239e-6
-1.122, 3.239e-6
-1.123, 3.239e-6
-1.124, 3.239e-6
-1.125, 3.239e-6
-1.126, 6.322e-6
-1.127, 3.239e-6
-1.128, 6.322e-6
-1.129, 3.239e-6
-1.130, 3.239e-6
-1.131, 6.322e-6
-1.132, 3.239e-6
-1.133, 3.239e-6
-1.134, 3.239e-6
-1.135, 6.322e-6
-1.136, 3.239e-6
-1.137, 6.322e-6
-1.138, 6.322e-6
-1.139, 3.239e-6
-1.140, 6.322e-6
-1.141, 3.239e-6
-1.142, 3.239e-6
-1.143, 6.322e-6
-1.144, 3.239e-6
-1.145, 6.322e-6
-1.146, 6.322e-6
-1.147, 3.239e-6
-1.148, 3.239e-6
-1.149, 6.322e-6
-1.150, 3.239e-6
-1.151, 6.322e-6
-1.152, 6.322e-6
-1.153, 3.239e-6
-1.154, 6.322e-6
-1.155, 3.239e-6
-1.156, 3.239e-6
-1.157, 6.322e-6
-1.158, 6.322e-6
-1.159, 6.322e-6
-1.160, 6.322e-6
-1.161, 3.239e-6
-1.162, 6.322e-6
-1.163, 6.322e-6
-1.164, 3.239e-6
-1.165, 6.322e-6
-1.166, 6.322e-6
-1.167, 6.322e-6
-1.168, 6.322e-6
-1.169, 6.322e-6
-1.170, 6.322e-6
-1.171, 6.322e-6
-1.172, 6.322e-6
-1.173, 6.322e-6
-1.174, 6.322e-6
-1.175, 6.322e-6
-1.176, 6.322e-6
-1.177, 6.322e-6
-1.178, 6.322e-6
-1.179, 6.322e-6
-1.180, 6.322e-6
-1.181, 6.322e-6
-1.182, 6.322e-6
-1.183, 6.322e-6
-1.184, 6.322e-6
-1.185, 6.322e-6
-1.186, 6.322e-6
-1.187, 6.322e-6
-1.188, 6.322e-6
-1.189, 6.322e-6
-1.190, 6.322e-6
-1.191, 6.322e-6
-1.192, 6.322e-6
-1.193, 6.322e-6
-1.194, 6.322e-6
-1.195, 6.322e-6
-1.196, 6.322e-6
-1.197, 6.322e-6
-1.198, 6.322e-6
-1.199, 6.322e-6
-1.200, 6.322e-6
-1.201, 6.322e-6
-1.202, 6.322e-6
-1.203, 6.322e-6
-1.204, 6.322e-6
-1.205, 6.322e-6
-1.206, 6.322e-6
-1.207, 6.322e-6
-1.208, 6.322e-6
-1.209, 6.322e-6
-1.210, 6.322e-6
-1.211, 6.322e-6
-1.212, 6.322e-6
-1.213, 6.322e-6
-1.214, 6.322e-6
-1.215, 6.322e-6
-1.216, 6.322e-6
-1.217, 6.322e-6
-1.218, 6.322e-6
-1.219, 6.322e-6
-1.220, 6.322e-6
-1.221, 6.322e-6
-1.222, 6.322e-6
-1.223, 6.322e-6
-1.224, 6.322e-6
-1.225, 6.322e-6
-1.226, 9.405e-6
-1.227, 6.322e-6
-1.228, 6.322e-6
-1.229, 6.322e-6
-1.230, 6.322e-6
-1.231, 6.322e-6
-1.232, 6.322e-6
-1.233, 6.322e-6
-1.234, 6.322e-6
-1.235, 6.322e-6
-1.236, 6.322e-6
-1.237, 6.322e-6
-1.238, 6.322e-6
-1.239, 6.322e-6
-1.240, 6.322e-6
-1.241, 6.322e-6
-1.242, 9.405e-6
-1.243, 6.322e-6
-1.244, 6.322e-6
-1.245, 9.405e-6
-1.246, 6.322e-6
-1.247, 9.405e-6
-1.248, 6.322e-6
-1.249, 9.405e-6
-1.250, 6.322e-6
-1.251, 6.322e-6
-1.252, 6.322e-6
-1.253, 6.322e-6
-1.254, 6.322e-6
-1.255, 6.322e-6
-1.256, 9.405e-6
-1.257, 9.405e-6
-1.258, 9.405e-6
-1.259, 6.322e-6
-1.260, 6.322e-6
-1.261, 6.322e-6
-1.262, 9.405e-6
-1.263, 9.405e-6
-1.264, 6.322e-6
-1.265, 6.322e-6
-1.266, 9.405e-6
-1.267, 9.405e-6
-1.268, 9.405e-6
-1.269, 6.322e-6
-1.270, 6.322e-6
-1.271, 9.405e-6
-1.272, 9.405e-6
-1.273, 6.322e-6
-1.274, 9.405e-6
-1.275, 6.322e-6
-1.276, 9.405e-6
-1.277, 9.405e-6
-1.278, 6.322e-6
-1.279, 9.405e-6
-1.280, 9.405e-6
-1.281, 9.405e-6
-1.282, 9.405e-6
-1.283, 9.405e-6
-1.284, 9.405e-6
-1.285, 9.405e-6
-1.286, 9.405e-6
-1.287, 9.405e-6
-1.288, 9.405e-6
-1.289, 9.405e-6
-1.290, 9.405e-6
-1.291, 9.405e-6
-1.292, 9.405e-6
-1.293, 9.405e-6
-1.294, 9.405e-6
-1.295, 9.405e-6
-1.296, 9.405e-6
-1.297, 9.405e-6
-1.298, 9.405e-6
-1.299, 9.405e-6
-1.300, 9.405e-6
-1.301, 9.405e-6
-1.302, 9.405e-6
-1.303, 9.405e-6
-1.304, 9.405e-6
-1.305, 9.405e-6
-1.306, 9.405e-6
-1.307, 9.405e-6
-1.308, 9.405e-6
-1.309, 9.405e-6
-1.310, 9.405e-6
-1.311, 9.405e-6
-1.312, 9.405e-6
-1.313, 9.405e-6
-1.314, 9.405e-6
-1.315, 9.405e-6
-1.316, 9.405e-6
-1.317, 9.405e-6
-1.318, 9.405e-6
-1.319, 9.405e-6
-1.320, 9.405e-6
-1.321, 9.405e-6
-1.322, 9.405e-6
-1.323, 9.405e-6
-1.324, 9.405e-6
-1.325, 9.405e-6
-1.326, 9.405e-6
-1.327, 9.405e-6
-1.328, 9.405e-6
-1.329, 9.405e-6
-1.330, 9.405e-6
-1.331, 9.405e-6
-1.332, 9.405e-6
-1.333, 9.405e-6
-1.334, 9.405e-6
-1.335, 9.405e-6
-1.336, 9.405e-6
-1.337, 9.405e-6
-1.338, 9.405e-6
-1.339, 9.405e-6
-1.340, 9.405e-6
-1.341, 9.405e-6
-1.342, 9.405e-6
-1.343, 9.405e-6
-1.344, 9.405e-6
-1.345, 9.405e-6
-1.346, 9.405e-6
-1.347, 9.405e-6
-1.348, 9.405e-6
-1.349, 9.405e-6
-1.350, 9.405e-6
-1.351, 9.405e-6
-1.352, 9.405e-6
-1.353, 9.405e-6
-1.354, 1.249e-5
-1.355, 9.405e-6
-1.356, 9.405e-6
-1.357, 1.249e-5
-1.358, 9.405e-6
-1.359, 1.249e-5
-1.360, 9.405e-6
-1.361, 9.405e-6
-1.362, 1.249e-5
-1.363, 9.405e-6
-1.364, 9.405e-6
-1.365, 9.405e-6
-1.366, 1.249e-5
-1.367, 1.249e-5
-1.368, 1.249e-5
-1.369, 9.405e-6
-1.370, 1.249e-5
-1.371, 1.249e-5
-1.372, 1.249e-5
-1.373, 1.249e-5
-1.374, 9.405e-6
-1.375, 9.405e-6
-1.376, 1.249e-5
-1.377, 1.249e-5
-1.378, 9.405e-6
-1.379, 1.249e-5
-1.380, 1.249e-5
-1.381, 1.249e-5
-1.382, 1.249e-5
-1.383, 1.249e-5
-1.384, 1.249e-5
-1.385, 1.249e-5
-1.386, 1.249e-5
-1.387, 1.249e-5
-1.388, 1.249e-5
-1.389, 1.249e-5
-1.390, 1.249e-5
-1.391, 1.249e-5
-1.392, 1.249e-5
-1.393, 1.249e-5
-1.394, 1.249e-5
-1.395, 1.249e-5
-1.396, 1.249e-5
-1.397, 1.249e-5
-1.398, 1.249e-5
-1.399, 1.249e-5
-1.400, 1.249e-5
-1.401, 1.249e-5
-1.402, 1.249e-5
-1.403, 1.249e-5
-1.404, 1.249e-5
-1.405, 1.249e-5
-1.406, 1.249e-5
-1.407, 1.249e-5
-1.408, 1.249e-5
-1.409, 1.249e-5
-1.410, 1.249e-5
-1.411, 1.249e-5
-1.412, 1.249e-5
-1.413, 1.249e-5
-1.414, 1.249e-5
-1.415, 1.249e-5
-1.416, 1.249e-5
-1.417, 1.249e-5
-1.418, 1.249e-5
-1.419, 1.249e-5
-1.420, 1.249e-5
-1.421, 1.249e-5
-1.422, 1.249e-5
-1.423, 1.249e-5
-1.424, 1.249e-5
-1.425, 1.249e-5
-1.426, 1.249e-5
-1.427, 1.557e-5
-1.428, 1.249e-5
-1.429, 1.249e-5
-1.430, 1.249e-5
-1.431, 1.249e-5
-1.432, 1.249e-5
-1.433, 1.249e-5
-1.434, 1.249e-5
-1.435, 1.557e-5
-1.436, 1.557e-5
-1.437, 1.557e-5
-1.438, 1.249e-5
-1.439, 1.557e-5
-1.440, 1.557e-5
-1.441, 1.557e-5
-1.442, 1.557e-5
-1.443, 1.249e-5
-1.444, 1.557e-5
-1.445, 1.557e-5
-1.446, 1.557e-5
-1.447, 1.557e-5
-1.448, 1.557e-5
-1.449, 1.249e-5
-1.450, 1.557e-5
-1.451, 1.557e-5
-1.452, 1.557e-5
-1.453, 1.557e-5
-1.454, 1.557e-5
-1.455, 1.557e-5
-1.456, 1.557e-5
-1.457, 1.557e-5
-1.458, 1.557e-5
-1.459, 1.557e-5
-1.460, 1.557e-5
-1.461, 1.557e-5
-1.462, 1.557e-5
-1.463, 1.557e-5
-1.464, 1.557e-5
-1.465, 1.557e-5
-1.466, 1.557e-5
-1.467, 1.557e-5
-1.468, 1.557e-5
-1.469, 1.557e-5
-1.470, 1.557e-5
-1.471, 1.557e-5
-1.472, 1.557e-5
-1.473, 1.557e-5
-1.474, 1.557e-5
-1.475, 1.557e-5
-1.476, 1.557e-5
-1.477, 1.557e-5
-1.478, 1.557e-5
-1.479, 1.557e-5
-1.480, 1.557e-5
-1.481, 1.865e-5
-1.482, 1.557e-5
-1.483, 1.557e-5
-1.484, 1.865e-5
-1.485, 1.557e-5
-1.486, 1.557e-5
-1.487, 1.865e-5
-1.488, 1.865e-5
-1.489, 1.865e-5
-1.490, 1.865e-5
-1.491, 1.865e-5
-1.492, 1.865e-5
-1.493, 1.865e-5
-1.494, 1.865e-5
-1.495, 1.865e-5
-1.496, 1.865e-5
-1.497, 1.865e-5
-1.498, 1.865e-5
-1.499, 1.865e-5
-1.500, 1.865e-5
-1.501, 1.865e-5
-1.502, 1.865e-5
-1.503, 1.865e-5
-1.504, 1.865e-5
-1.505, 1.865e-5
-1.506, 1.865e-5
-1.507, 2.174e-5
-1.508, 1.865e-5
-1.509, 1.865e-5
-1.510, 1.865e-5
-1.511, 2.174e-5
-1.512, 1.865e-5
-1.513, 2.174e-5
-1.514, 2.174e-5
-1.515, 2.174e-5
-1.516, 2.174e-5
-1.517, 2.174e-5
-1.518, 2.174e-5
-1.519, 2.174e-5
-1.520, 2.174e-5
-1.521, 2.174e-5
-1.522, 2.174e-5
-1.523, 2.174e-5
-1.524, 2.174e-5
-1.525, 2.174e-5
-1.526, 2.174e-5
-1.527, 2.174e-5
-1.528, 2.174e-5
-1.529, 2.174e-5
-1.530, 2.174e-5
-1.531, 2.174e-5
-1.532, 2.482e-5
-1.533, 2.482e-5
-1.534, 2.174e-5
-1.535, 2.482e-5
-1.536, 2.482e-5
-1.537, 2.482e-5
-1.538, 2.482e-5
-1.539, 2.482e-5
-1.540, 2.482e-5
-1.541, 2.482e-5
-1.542, 2.482e-5
-1.543, 2.482e-5
-1.544, 2.790e-5
-1.545, 2.482e-5
-1.546, 2.482e-5
-1.547, 2.790e-5
-1.548, 2.482e-5
-1.549, 2.790e-5
-1.550, 2.790e-5
-1.551, 2.790e-5
-1.552, 2.790e-5
-1.553, 2.790e-5
-1.554, 2.790e-5
-1.555, 2.790e-5
-1.556, 3.099e-5
-1.557, 2.790e-5
-1.558, 3.099e-5
-1.559, 3.099e-5
-1.560, 3.099e-5
-1.561, 3.099e-5
-1.562, 3.099e-5
-1.563, 3.099e-5
-1.564, 3.099e-5
-1.565, 3.099e-5
-1.566, 3.099e-5
-1.567, 3.407e-5
-1.568, 3.099e-5
-1.569, 3.407e-5
-1.570, 3.407e-5
-1.571, 3.407e-5
-1.572, 3.407e-5
-1.573, 3.407e-5
-1.574, 3.407e-5
-1.575, 3.715e-5
-1.576, 3.715e-5
-1.577, 3.715e-5
-1.578, 3.715e-5
-1.579, 4.024e-5
-1.580, 3.715e-5
-1.581, 4.024e-5
-1.582, 4.024e-5
-1.583, 4.024e-5
-1.584, 4.024e-5
-1.585, 4.024e-5
-1.586, 4.024e-5
-1.587, 4.332e-5
-1.588, 4.332e-5
-1.589, 4.332e-5
-1.590, 4.640e-5
-1.591, 4.332e-5
-1.592, 4.640e-5
-1.593, 4.640e-5
-1.594, 4.640e-5
-1.595, 4.640e-5
-1.596, 4.949e-5
-1.597, 4.949e-5
-1.598, 5.257e-5
-1.599, 5.257e-5
-1.600, 5.257e-5
-1.601, 5.257e-5
-1.602, 5.565e-5
-1.603, 5.565e-5
-1.604, 5.565e-5
-1.605, 5.873e-5
-1.606, 5.873e-5
-1.607, 6.182e-5
-1.608, 5.873e-5
-1.609, 6.182e-5
-1.610, 6.182e-5
-1.611, 6.490e-5
-1.612, 6.490e-5
-1.613, 6.798e-5
-1.614, 6.798e-5
-1.615, 6.798e-5
-1.616, 7.107e-5
-1.617, 7.107e-5
-1.618, 7.415e-5
-1.619, 7.415e-5
-1.620, 7.415e-5
-1.621, 7.723e-5
-1.622, 8.032e-5
-1.623, 8.032e-5
-1.624, 8.340e-5
-1.625, 8.340e-5
-1.626, 8.648e-5
-1.627, 8.957e-5
-1.628, 8.957e-5
-1.629, 9.265e-5
-1.630, 9.573e-5
-1.631, 9.573e-5
-1.632, 9.882e-5
-1.633, 1.019e-4
-1.634, 1.019e-4
-1.635, 1.050e-4
-1.636, 1.081e-4
-1.637, 1.111e-4
-1.638, 1.142e-4
-1.639, 1.142e-4
-1.640, 1.173e-4
-1.641, 1.204e-4
-1.642, 1.235e-4
-1.643, 1.266e-4
-1.644, 1.296e-4
-1.645, 1.327e-4
-1.646, 1.358e-4
-1.647, 1.389e-4
-1.648, 1.420e-4
-1.649, 1.451e-4
-1.650, 1.512e-4
-1.651, 1.543e-4
-1.652, 1.574e-4
-1.653, 1.636e-4
-1.654, 1.666e-4
-1.655, 1.697e-4
-1.656, 1.759e-4
-1.657, 1.790e-4
-1.658, 1.821e-4
-1.659, 1.882e-4
-1.660, 1.913e-4
-1.661, 1.975e-4
-1.662, 2.036e-4
-1.663, 2.067e-4
-1.664, 2.129e-4
-1.665, 2.191e-4
-1.666, 2.252e-4
-1.667, 2.314e-4
-1.668, 2.376e-4
-1.669, 2.437e-4
-1.670, 2.499e-4
-1.671, 2.561e-4
-1.672, 2.622e-4
-1.673, 2.715e-4
-1.674, 2.776e-4
-1.675, 2.838e-4
-1.676, 2.931e-4
-1.677, 2.992e-4
-1.678, 3.085e-4
-1.679, 3.177e-4
-1.680, 3.239e-4
-1.681, 3.362e-4
-1.682, 3.455e-4
-1.683, 3.516e-4
-1.684, 3.609e-4
-1.685, 3.732e-4
-1.686, 3.825e-4
-1.687, 3.948e-4
-1.688, 4.040e-4
-1.689, 4.133e-4
-1.690, 4.256e-4
-1.691, 4.380e-4
-1.692, 4.472e-4
-1.693, 4.626e-4
-1.694, 4.750e-4
-1.695, 4.873e-4
-1.696, 4.996e-4
-1.697, 5.150e-4
-1.698, 5.274e-4
-1.699, 5.428e-4
-1.700, 5.582e-4
-1.701, 5.736e-4
-1.702, 5.890e-4
-1.703, 6.044e-4
-1.704, 6.199e-4
-1.705, 6.353e-4
-1.706, 6.538e-4
-1.707, 6.723e-4
-1.708, 6.877e-4
-1.709, 7.062e-4
-1.710, 7.247e-4
-1.711, 7.463e-4
-1.712, 7.679e-4
-1.713, 7.863e-4
-1.714, 8.048e-4
-1.715, 8.295e-4
-1.716, 8.511e-4
-1.717, 8.727e-4
-1.718, 8.973e-4
-1.719, 9.189e-4
-1.720, 9.436e-4
-1.721, 9.683e-4
-1.722, 9.929e-4
-1.723, 1.021e-3
-1.724, 1.045e-3
-1.725, 1.073e-3
-1.726, 1.101e-3
-1.727, 1.129e-3
-1.728, 1.156e-3
-1.729, 1.184e-3
-1.730, 1.215e-3
-1.731, 1.243e-3
-1.732, 1.273e-3
-1.733, 1.304e-3
-1.734, 1.338e-3
-1.735, 1.372e-3
-1.736, 1.403e-3
-1.737, 1.437e-3
-1.738, 1.471e-3
-1.739, 1.508e-3
-1.740, 1.545e-3
-1.741, 1.582e-3
-1.742, 1.619e-3
-1.743, 1.656e-3
-1.744, 1.696e-3
-1.745, 1.733e-3
-1.746, 1.773e-3
-1.747, 1.816e-3
-1.748, 1.856e-3
-1.749, 1.899e-3
-1.750, 1.939e-3
-1.751, 1.983e-3
-1.752, 2.029e-3
-1.753, 2.072e-3
-1.754, 2.118e-3
-1.755, 2.164e-3
-1.756, 2.208e-3
-1.757, 2.257e-3
-1.758, 2.303e-3
-1.759, 2.353e-3
-1.760, 2.402e-3
-1.761, 2.451e-3
-1.762, 2.504e-3
-1.763, 2.553e-3
-1.764, 2.605e-3
-1.765, 2.655e-3
-1.766, 2.710e-3
-1.767, 2.766e-3
-1.768, 2.818e-3
-1.769, 2.874e-3
-1.770, 2.929e-3
-1.771, 2.985e-3
-1.772, 3.040e-3
-1.773, 3.096e-3
-1.774, 3.157e-3
-1.775, 3.216e-3
-1.776, 3.274e-3
-1.777, 3.336e-3
-1.778, 3.395e-3
-1.779, 3.453e-3
-1.780, 3.515e-3
-1.781, 3.580e-3
-1.782, 3.641e-3
-1.783, 3.706e-3
-1.784, 3.771e-3
-1.785, 3.832e-3
-1.786, 3.900e-3
-1.787, 3.965e-3
-1.788, 4.030e-3
-1.789, 4.098e-3
-1.790, 4.165e-3
-1.791, 4.233e-3
-1.792, 4.301e-3
-1.793, 4.369e-3
-1.794, 4.437e-3
-1.795, 4.508e-3
-1.796, 4.579e-3
-1.797, 4.646e-3
-1.798, 4.717e-3
-1.799, 4.791e-3
-1.800, 4.862e-3
-1.801, 4.936e-3
-1.802, 5.007e-3
-1.803, 5.081e-3
-1.804, 5.155e-3
-1.805, 5.229e-3
-1.806, 5.303e-3
-1.807, 5.380e-3
-1.808, 5.454e-3
-1.809, 5.531e-3
-1.810, 5.608e-3
-1.811, 5.685e-3
-1.812, 5.766e-3
-1.813, 5.843e-3
-1.814, 5.920e-3
-1.815, 6.000e-3
-1.816, 6.077e-3
-1.817, 6.154e-3
-1.818, 6.234e-3
-1.819, 6.314e-3
-1.820, 6.395e-3
-1.821, 6.478e-3
-1.822, 6.555e-3
-1.823, 6.638e-3
-1.824, 6.718e-3
-1.825, 6.801e-3
-1.826, 6.882e-3
-1.827, 6.962e-3
-1.828, 7.045e-3
-1.829, 7.131e-3
-1.830, 7.215e-3
-1.831, 7.298e-3
-1.832, 7.381e-3
-1.833, 7.467e-3
-1.834, 7.551e-3
-1.835, 7.637e-3
-1.836, 7.720e-3
-1.837, 7.807e-3
-1.838, 7.893e-3
-1.839, 7.976e-3
-1.840, 8.062e-3
-1.841, 8.152e-3
-1.842, 8.238e-3
-1.843, 8.325e-3
-1.844, 8.408e-3
-1.845, 8.500e-3
-1.846, 8.590e-3
-1.847, 8.676e-3
-1.848, 8.765e-3
-1.849, 8.852e-3
-1.850, 8.938e-3
-1.851, 9.024e-3
-1.852, 9.114e-3
-1.853, 9.200e-3
-1.854, 9.290e-3
-1.855, 9.376e-3
-1.856, 9.465e-3
-1.857, 9.552e-3
-1.858, 9.644e-3
-1.859, 9.730e-3
-1.860, 9.820e-3
-1.861, 9.909e-3
-1.862, 9.999e-3
-1.863, 1.009e-2
-1.864, 1.017e-2
-1.865, 1.026e-2
-1.866, 1.035e-2
-1.867, 1.044e-2
-1.868, 1.054e-2
-1.869, 1.063e-2
-1.870, 1.072e-2
-1.871, 1.081e-2
-1.872, 1.090e-2
-1.873, 1.099e-2
-1.874, 1.108e-2
-1.875, 1.118e-2
-1.876, 1.128e-2
-1.877, 1.137e-2
-1.878, 1.146e-2
-1.879, 1.155e-2
-1.880, 1.165e-2
-1.881, 1.174e-2
-1.882, 1.183e-2
-1.883, 1.192e-2
-1.884, 1.201e-2
-1.885, 1.210e-2
-1.886, 1.220e-2
-1.887, 1.229e-2
-1.888, 1.239e-2
-1.889, 1.248e-2
-1.890, 1.258e-2
-1.891, 1.267e-2
-1.892, 1.276e-2
-1.893, 1.285e-2
-1.894, 1.295e-2
-1.895, 1.304e-2
-1.896, 1.314e-2
-1.897, 1.323e-2
-1.898, 1.332e-2
-1.899, 1.341e-2
-1.900, 1.346e-2
-1.899, 1.341e-2
-1.898, 1.335e-2
-1.897, 1.329e-2
-1.896, 1.323e-2
-1.895, 1.317e-2
-1.894, 1.311e-2
-1.893, 1.305e-2
-1.892, 1.299e-2
-1.891, 1.292e-2
-1.890, 1.286e-2
-1.889, 1.279e-2
-1.888, 1.272e-2
-1.887, 1.266e-2
-1.886, 1.259e-2
-1.885, 1.252e-2
-1.884, 1.245e-2
-1.883, 1.238e-2
-1.882, 1.231e-2
-1.881, 1.224e-2
-1.880, 1.217e-2
-1.879, 1.210e-2
-1.878, 1.204e-2
-1.877, 1.197e-2
-1.876, 1.189e-2
-1.875, 1.182e-2
-1.874, 1.175e-2
-1.873, 1.168e-2
-1.872, 1.160e-2
-1.871, 1.153e-2
-1.870, 1.147e-2
-1.869, 1.140e-2
-1.868, 1.133e-2
-1.867, 1.126e-2
-1.866, 1.119e-2
-1.865, 1.112e-2
-1.864, 1.105e-2
-1.863, 1.098e-2
-1.862, 1.091e-2
-1.861, 1.084e-2
-1.860, 1.077e-2
-1.859, 1.070e-2
-1.858, 1.063e-2
-1.857, 1.056e-2
-1.856, 1.050e-2
-1.855, 1.042e-2
-1.854, 1.035e-2
-1.853, 1.028e-2
-1.852, 1.021e-2
-1.851, 1.014e-2
-1.850, 1.007e-2
-1.849, 1.000e-2
-1.848, 9.937e-3
-1.847, 9.869e-3
-1.846, 9.801e-3
-1.845, 9.734e-3
-1.844, 9.666e-3
-1.843, 9.598e-3
-1.842, 9.530e-3
-1.841, 9.462e-3
-1.840, 9.397e-3
-1.839, 9.330e-3
-1.838, 9.265e-3
-1.837, 9.194e-3
-1.836, 9.126e-3
-1.835, 9.061e-3
-1.834, 9.000e-3
-1.833, 8.932e-3
-1.832, 8.867e-3
-1.831, 8.802e-3
-1.830, 8.735e-3
-1.829, 8.673e-3
-1.828, 8.602e-3
-1.827, 8.537e-3
-1.826, 8.469e-3
-1.825, 8.405e-3
-1.824, 8.337e-3
-1.823, 8.272e-3
-1.822, 8.210e-3
-1.821, 8.143e-3
-1.820, 8.081e-3
-1.819, 8.016e-3
-1.818, 7.951e-3
-1.817, 7.884e-3
-1.816, 7.822e-3
-1.815, 7.760e-3
-1.814, 7.696e-3
-1.813, 7.631e-3
-1.812, 7.569e-3
-1.811, 7.504e-3
-1.810, 7.443e-3
-1.809, 7.381e-3
-1.808, 7.319e-3
-1.807, 7.258e-3
-1.806, 7.193e-3
-1.805, 7.131e-3
-1.804, 7.070e-3
-1.803, 7.011e-3
-1.802, 6.949e-3
-1.801, 6.888e-3
-1.800, 6.826e-3
-1.799, 6.768e-3
-1.798, 6.706e-3
-1.797, 6.647e-3
-1.796, 6.586e-3
-1.795, 6.527e-3
-1.794, 6.469e-3
-1.793, 6.413e-3
-1.792, 6.354e-3
-1.791, 6.296e-3
-1.790, 6.240e-3
-1.789, 6.182e-3
-1.788, 6.123e-3
-1.787, 6.065e-3
-1.786, 6.012e-3
-1.785, 5.954e-3
-1.784, 5.898e-3
-1.783, 5.840e-3
-1.782, 5.790e-3
-1.781, 5.732e-3
-1.780, 5.676e-3
-1.779, 5.621e-3
-1.778, 5.565e-3
-1.777, 5.510e-3
-1.776, 5.454e-3
-1.775, 5.399e-3
-1.774, 5.343e-3
-1.773, 5.291e-3
-1.772, 5.238e-3
-1.771, 5.183e-3
-1.770, 5.130e-3
-1.769, 5.078e-3
-1.768, 5.026e-3
-1.767, 4.973e-3
-1.766, 4.921e-3
-1.765, 4.868e-3
-1.764, 4.819e-3
-1.763, 4.767e-3
-1.762, 4.714e-3
-1.761, 4.665e-3
-1.760, 4.616e-3
-1.759, 4.566e-3
-1.758, 4.517e-3
-1.757, 4.464e-3
-1.756, 4.415e-3
-1.755, 4.369e-3
-1.754, 4.323e-3
-1.753, 4.273e-3
-1.752, 4.227e-3
-1.751, 4.178e-3
-1.750, 4.132e-3
-1.749, 4.082e-3
-1.748, 4.036e-3
-1.747, 3.990e-3
-1.746, 3.940e-3
-1.745, 3.894e-3
-1.744, 3.851e-3
-1.743, 3.808e-3
-1.742, 3.762e-3
-1.741, 3.718e-3
-1.740, 3.672e-3
-1.739, 3.626e-3
-1.738, 3.583e-3
-1.737, 3.540e-3
-1.736, 3.496e-3
-1.735, 3.453e-3
-1.734, 3.413e-3
-1.733, 3.370e-3
-1.732, 3.327e-3
-1.731, 3.287e-3
-1.730, 3.244e-3
-1.729, 3.204e-3
-1.728, 3.160e-3
-1.727, 3.120e-3
-1.726, 3.080e-3
-1.725, 3.040e-3
-1.724, 3.000e-3
-1.723, 2.963e-3
-1.722, 2.923e-3
-1.721, 2.883e-3
-1.720, 2.843e-3
-1.719, 2.806e-3
-1.718, 2.769e-3
-1.717, 2.732e-3
-1.716, 2.695e-3
-1.715, 2.658e-3
-1.714, 2.621e-3
-1.713, 2.584e-3
-1.712, 2.550e-3
-1.711, 2.513e-3
-1.710, 2.479e-3
-1.709, 2.442e-3
-1.708, 2.408e-3
-1.707, 2.374e-3
-1.706, 2.340e-3
-1.705, 2.306e-3
-1.704, 2.272e-3
-1.703, 2.238e-3
-1.702, 2.208e-3
-1.701, 2.174e-3
-1.700, 2.143e-3
-1.699, 2.109e-3
-1.698, 2.078e-3
-1.697, 2.047e-3
-1.696, 2.017e-3
-1.695, 1.986e-3
-1.694, 1.955e-3
-1.693, 1.924e-3
-1.692, 1.896e-3
-1.691, 1.865e-3
-1.690, 1.835e-3
-1.689, 1.807e-3
-1.688, 1.779e-3
-1.687, 1.748e-3
-1.686, 1.724e-3
-1.685, 1.693e-3
-1.684, 1.668e-3
-1.683, 1.640e-3
-1.682, 1.613e-3
-1.681, 1.588e-3
-1.680, 1.560e-3
-1.679, 1.532e-3
-1.678, 1.508e-3
-1.677, 1.483e-3
-1.676, 1.458e-3
-1.675, 1.434e-3
-1.674, 1.409e-3
-1.673, 1.384e-3
-1.672, 1.360e-3
-1.671, 1.338e-3
-1.670, 1.314e-3
-1.669, 1.292e-3
-1.668, 1.267e-3
-1.667, 1.246e-3
-1.666, 1.224e-3
-1.665, 1.203e-3
-1.664, 1.181e-3
-1.663, 1.159e-3
-1.662, 1.138e-3
-1.661, 1.119e-3
-1.660, 1.098e-3
-1.659, 1.079e-3
-1.658, 1.058e-3
-1.657, 1.036e-3
-1.656, 1.018e-3
-1.655, 9.991e-4
-1.654, 9.806e-4
-1.653, 9.621e-4
-1.652, 9.436e-4
-1.651, 9.251e-4
-1.650, 9.097e-4
-1.649, 8.912e-4
-1.648, 8.727e-4
-1.647, 8.573e-4
-1.646, 8.388e-4
-1.645, 8.233e-4
-1.644, 8.079e-4
-1.643, 7.894e-4
-1.642, 7.740e-4
-1.641, 7.586e-4
-1.640, 7.432e-4
-1.639, 7.278e-4
-1.638, 7.124e-4
-1.637, 6.969e-4
-1.636, 6.846e-4
-1.635, 6.692e-4
-1.634, 6.569e-4
-1.633, 6.414e-4
-1.632, 6.291e-4
-1.631, 6.137e-4
-1.630, 6.044e-4
-1.629, 5.890e-4
-1.628, 5.767e-4
-1.627, 5.644e-4
-1.626, 5.520e-4
-1.625, 5.397e-4
-1.624, 5.274e-4
-1.623, 5.181e-4
-1.622, 5.058e-4
-1.621, 4.935e-4
-1.620, 4.842e-4
-1.619, 4.719e-4
-1.618, 4.626e-4
-1.617, 4.503e-4
-1.616, 4.410e-4
-1.615, 4.318e-4
-1.614, 4.225e-4
-1.613, 4.133e-4
-1.612, 4.040e-4
-1.611, 3.948e-4
-1.610, 3.855e-4
-1.609, 3.763e-4
-1.608, 3.670e-4
-1.607, 3.578e-4
-1.606, 3.485e-4
-1.605, 3.424e-4
-1.604, 3.331e-4
-1.603, 3.270e-4
-1.602, 3.177e-4
-1.601, 3.115e-4
-1.600, 3.023e-4
-1.599, 2.961e-4
-1.598, 2.900e-4
-1.597, 2.807e-4
-1.596, 2.746e-4
-1.595, 2.684e-4
-1.594, 2.622e-4
-1.593, 2.561e-4
-1.592, 2.499e-4
-1.591, 2.437e-4
-1.590, 2.376e-4
-1.589, 2.314e-4
-1.588, 2.252e-4
-1.587, 2.191e-4
-1.586, 2.129e-4
-1.585, 2.067e-4
-1.584, 2.036e-4
-1.583, 1.975e-4
-1.582, 1.913e-4
-1.581, 1.882e-4
-1.580, 1.821e-4
-1.579, 1.790e-4
-1.578, 1.728e-4
-1.577, 1.697e-4
-1.576, 1.636e-4
-1.575, 1.605e-4
-1.574, 1.543e-4
-1.573, 1.512e-4
-1.572, 1.481e-4
-1.571, 1.420e-4
-1.570, 1.389e-4
-1.569, 1.358e-4
-1.568, 1.327e-4
-1.567, 1.266e-4
-1.566, 1.235e-4
-1.565, 1.204e-4
-1.564, 1.173e-4
-1.563, 1.173e-4
-1.562, 1.111e-4
-1.561, 1.081e-4
-1.560, 1.050e-4
-1.559, 1.019e-4
-1.558, 1.019e-4
-1.557, 9.573e-5
-1.556, 9.265e-5
-1.555, 8.957e-5
-1.554, 8.957e-5
-1.553, 8.648e-5
-1.552, 8.340e-5
-1.551, 8.032e-5
-1.550, 7.723e-5
-1.549, 7.723e-5
-1.548, 7.415e-5
-1.547, 7.107e-5
-1.546, 6.798e-5
-1.545, 6.798e-5
-1.544, 6.490e-5
-1.543, 6.490e-5
-1.542, 6.182e-5
-1.541, 6.182e-5
-1.540, 5.873e-5
-1.539, 5.565e-5
-1.538, 5.565e-5
-1.537, 5.257e-5
-1.536, 5.257e-5
-1.535, 4.949e-5
-1.534, 4.640e-5
-1.533, 4.640e-5
-1.532, 4.640e-5
-1.531, 4.332e-5
-1.530, 4.332e-5
-1.529, 4.024e-5
-1.528, 4.024e-5
-1.527, 4.024e-5
-1.526, 3.715e-5
-1.525, 3.715e-5
-1.524, 3.407e-5
-1.523, 3.407e-5
-1.522, 3.099e-5
-1.521, 3.099e-5
-1.520, 2.790e-5
-1.519, 2.790e-5
-1.518, 2.790e-5
-1.517, 2.482e-5
-1.516, 2.482e-5
-1.515, 2.482e-5
-1.514, 2.482e-5
-1.513, 2.174e-5
-1.512, 2.174e-5
-1.511, 2.174e-5
-1.510, 1.865e-5
-1.509, 1.865e-5
-1.508, 1.865e-5
-1.507, 1.865e-5
-1.506, 1.557e-5
-1.505, 1.557e-5
-1.504, 1.557e-5
-1.503, 1.557e-5
-1.502, 1.557e-5
-1.501, 1.249e-5
-1.500, 1.249e-5
-1.499, 1.249e-5
-1.498, 1.249e-5
-1.497, 9.405e-6
-1.496, 1.249e-5
-1.495, 9.405e-6
-1.494, 9.405e-6
-1.493, 9.405e-6
-1.492, 9.405e-6
-1.491, 9.405e-6
-1.490, 9.405e-6
-1.489, 6.322e-6
-1.488, 6.322e-6
-1.487, 6.322e-6
-1.486, 6.322e-6
-1.485, 6.322e-6
-1.484, 6.322e-6
-1.483, 3.239e-6
-1.482, 3.239e-6
-1.481, 3.239e-6
-1.480, 3.239e-6
-1.479, 3.239e-6
-1.478, 3.239e-6
-1.477, 3.239e-6
-1.476, 3.239e-6
-1.475, 1.559e-7
-1.474, 3.239e-6
-1.473, 3.239e-6
-1.472, 1.559e-7
-1.471, 1.559e-7
-1.470, 1.559e-7
-1.469, 1.559e-7
-1.468, 1.559e-7
-1.467, 1.559e-7
-1.466, 1.559e-7
-1.465, 1.559e-7
-1.464, 1.559e-7
-1.463, 1.559e-7
-1.462, 1.559e-7
-1.461, -2.927e-6
-1.460, -2.927e-6
-1.459, 1.559e-7
-1.458, -2.927e-6
-1.457, 1.559e-7
-1.456, -2.927e-6
-1.455, -2.927e-6
-1.454, -2.927e-6
-1.453, -2.927e-6
-1.452, -2.927e-6
-1.451, -2.927e-6
-1.450, -2.927e-6
-1.449, -2.927e-6
-1.448, -2.927e-6
-1.447, -2.927e-6
-1.446, -2.927e-6
-1.445, -2.927e-6
-1.444, -2.927e-6
-1.443, -2.927e-6
-1.442, -2.927e-6
-1.441, -2.927e-6
-1.440, -2.927e-6
-1.439, -2.927e-6
-1.438, -6.010e-6
-1.437, -6.010e-6
-1.436, -2.927e-6
-1.435, -6.010e-6
-1.434, -6.010e-6
-1.433, -6.010e-6
-1.432, -6.010e-6
-1.431, -6.010e-6
-1.430, -6.010e-6
-1.429, -6.010e-6
-1.428, -6.010e-6
-1.427, -6.010e-6
-1.426, -6.010e-6
-1.425, -6.010e-6
-1.424, -6.010e-6
-1.423, -6.010e-6
-1.422, -6.010e-6
-1.421, -6.010e-6
-1.420, -6.010e-6
-1.419, -6.010e-6
-1.418, -6.010e-6
-1.417, -6.010e-6
-1.416, -6.010e-6
-1.415, -6.010e-6
-1.414, -6.010e-6
-1.413, -6.010e-6
-1.412, -6.010e-6
-1.411, -6.010e-6
-1.410, -6.010e-6
-1.409, -6.010e-6
-1.408, -6.010e-6
-1.407, -6.010e-6
-1.406, -6.010e-6
-1.405, -6.010e-6
-1.404, -6.010e-6
-1.403, -6.010e-6
-1.402, -6.010e-6
-1.401, -9.093e-6
-1.400, -6.010e-6
-1.399, -6.010e-6
-1.398, -6.010e-6
-1.397, -6.010e-6
-1.396, -6.010e-6
-1.395, -6.010e-6
-1.394, -6.010e-6
-1.393, -6.010e-6
-1.392, -9.093e-6
-1.391, -6.010e-6
-1.390, -9.093e-6
-1.389, -6.010e-6
-1.388, -6.010e-6
-1.387, -9.093e-6
-1.386, -6.010e-6
-1.385, -6.010e-6
-1.384, -9.093e-6
-1.383, -6.010e-6
-1.382, -6.010e-6
-1.381, -9.093e-6
-1.380, -6.010e-6
-1.379, -6.010e-6
-1.378, -9.093e-6
-1.377, -6.010e-6
-1.376, -9.093e-6
-1.375, -6.010e-6
-1.374, -6.010e-6
-1.373, -9.093e-6
-1.372, -9.093e-6
-1.371, -6.010e-6
-1.370, -9.093e-6
-1.369, -9.093e-6
-1.368, -9.093e-6
-1.367, -9.093e-6
-1.366, -9.093e-6
-1.365, -6.010e-6
-1.364, -9.093e-6
-1.363, -6.010e-6
-1.362, -6.010e-6
-1.361, -9.093e-6
-1.360, -6.010e-6
-1.359, -6.010e-6
-1.358, -9.093e-6
-1.357, -9.093e-6
-1.356, -9.093e-6
-1.355, -6.010e-6
-1.354, -6.010e-6
-1.353, -9.093e-6
-1.352, -6.010e-6
-1.351, -9.093e-6
-1.350, -9.093e-6
-1.349, -9.093e-6
-1.348, -9.093e-6
-1.347, -9.093e-6
-1.346, -9.093e-6
-1.345, -9.093e-6
-1.344, -9.093e-6
-1.343, -9.093e-6
-1.342, -9.093e-6
-1.341, -9.093e-6
-1.340, -9.093e-6
-1.339, -9.093e-6
-1.338, -6.010e-6
-1.337, -9.093e-6
-1.336, -6.010e-6
-1.335, -9.093e-6
-1.334, -6.010e-6
-1.333, -9.093e-6
-1.332, -9.093e-6
-1.331, -9.093e-6
-1.330, -9.093e-6
-1.329, -6.010e-6
-1.328, -9.093e-6
-1.327, -9.093e-6
-1.326, -9.093e-6
-1.325, -9.093e-6
-1.324, -9.093e-6
-1.323, -9.093e-6
-1.322, -9.093e-6
-1.321, -9.093e-6
-1.320, -9.093e-6
-1.319, -9.093e-6
-1.318, -9.093e-6
-1.317, -9.093e-6
-1.316, -9.093e-6
-1.315, -9.093e-6
-1.314, -9.093e-6
-1.313, -9.093e-6
-1.312, -6.010e-6
-1.311, -6.010e-6
-1.310, -9.093e-6
-1.309, -9.093e-6
-1.308, -9.093e-6
-1.307, -9.093e-6
-1.306, -6.010e-6
-1.305, -9.093e-6
-1.304, -9.093e-6
-1.303, -6.010e-6
-1.302, -9.093e-6
-1.301, -9.093e-6
-1.300, -9.093e-6
-1.299, -9.093e-6
-1.298, -9.093e-6
-1.297, -9.093e-6
-1.296, -9.093e-6
-1.295, -9.093e-6
-1.294, -9.093e-6
-1.293, -9.093e-6
-1.292, -9.093e-6
-1.291, -9.093e-6
-1.290, -9.093e-6
-1.289, -9.093e-6
-1.288, -9.093e-6
-1.287, -9.093e-6
-1.286, -9.093e-6
-1.285, -9.093e-6
-1.284, -6.010e-6
-1.283, -9.093e-6
-1.282, -9.093e-6
-1.281, -9.093e-6
-1.280, -9.093e-6
-1.279, -9.093e-6
-1.278, -9.093e-6
-1.277, -9.093e-6
-1.276, -9.093e-6
-1.275, -9.093e-6
-1.274, -6.010e-6
-1.273, -9.093e-6
-1.272, -9.093e-6
-1.271, -9.093e-6
-1.270, -9.093e-6
-1.269, -9.093e-6
-1.268, -9.093e-6
-1.267, -9.093e-6
-1.266, -9.093e-6
-1.265, -9.093e-6
-1.264, -9.093e-6
-1.263, -9.093e-6
-1.262, -9.093e-6
-1.261, -9.093e-6
-1.260, -9.093e-6
-1.259, -9.093e-6
-1.258, -9.093e-6
-1.257, -9.093e-6
-1.256, -9.093e-6
-1.255, -9.093e-6
-1.254, -9.093e-6
-1.253, -9.093e-6
-1.252, -9.093e-6
-1.251, -9.093e-6
-1.250, -9.093e-6
-1.249, -9.093e-6
-1.248, -9.093e-6
-1.247, -9.093e-6
-1.246, -9.093e-6
-1.245, -9.093e-6
-1.244, -9.093e-6
-1.243, -9.093e-6
-1.242, -9.093e-6
-1.241, -9.093e-6
-1.240, -9.093e-6
-1.239, -9.093e-6
-1.238, -6.010e-6
-1.237, -9.093e-6
-1.236, -9.093e-6
-1.235, -9.093e-6
-1.234, -9.093e-6
-1.233, -9.093e-6
-1.232, -9.093e-6
-1.231, -9.093e-6
-1.230, -9.093e-6
-1.229, -9.093e-6
-1.228, -9.093e-6
-1.227, -9.093e-6
-1.226, -9.093e-6
-1.225, -9.093e-6
-1.224, -9.093e-6
-1.223, -9.093e-6
-1.222, -9.093e-6
-1.221, -9.093e-6
-1.220, -9.093e-6
-1.219, -9.093e-6
-1.218, -9.093e-6
-1.217, -9.093e-6
-1.216, -9.093e-6
-1.215, -9.093e-6
-1.214, -9.093e-6
-1.213, -9.093e-6
-1.212, -9.093e-6
-1.211, -9.093e-6
-1.210, -9.093e-6
-1.209, -9.093e-6
-1.208, -9.093e-6
-1.207, -9.093e-6
-1.206, -9.093e-6
-1.205, -9.093e-6
-1.204, -9.093e-6
-1.203, -9.093e-6
-1.202, -9.093e-6
-1.201, -9.093e-6
-1.200, -9.093e-6
-1.199, -9.093e-6
-1.198, -9.093e-6
-1.197, -9.093e-6
-1.196, -9.093e-6
-1.195, -9.093e-6
-1.194, -9.093e-6
-1.193, -9.093e-6
-1.192, -9.093e-6
-1.191, -9.093e-6
-1.190, -9.093e-6
-1.189, -9.093e-6
-1.188, -9.093e-6
-1.187, -9.093e-6
-1.186, -9.093e-6
-1.185, -9.093e-6
-1.184, -9.093e-6
-1.183, -9.093e-6
-1.182, -9.093e-6
-1.181, -9.093e-6
-1.180, -9.093e-6
-1.179, -9.093e-6
-1.178, -9.093e-6
-1.177, -9.093e-6
-1.176, -9.093e-6
-1.175, -9.093e-6
-1.174, -9.093e-6
-1.173, -9.093e-6
-1.172, -9.093e-6
-1.171, -9.093e-6
-1.170, -9.093e-6
-1.169, -9.093e-6
-1.168, -9.093e-6
-1.167, -9.093e-6
-1.166, -9.093e-6
-1.165, -9.093e-6
-1.164, -9.093e-6
-1.163, -9.093e-6
-1.162, -9.093e-6
-1.161, -9.093e-6
-1.160, -9.093e-6
-1.159, -9.093e-6
-1.158, -9.093e-6
-1.157, -9.093e-6
-1.156, -9.093e-6
-1.155, -9.093e-6
-1.154, -9.093e-6
-1.153, -9.093e-6
-1.152, -9.093e-6
-1.151, -9.093e-6
-1.150, -9.093e-6
-1.149, -9.093e-6
-1.148, -9.093e-6
-1.147, -9.093e-6
-1.146, -9.093e-6
-1.145, -9.093e-6
-1.144, -9.093e-6
-1.143, -9.093e-6
-1.142, -9.093e-6
-1.141, -9.093e-6
-1.140, -9.093e-6
-1.139, -9.093e-6
-1.138, -9.093e-6
-1.137, -9.093e-6
-1.136, -9.093e-6
-1.135, -9.093e-6
-1.134, -9.093e-6
-1.133, -9.093e-6
-1.132, -9.093e-6
-1.131, -9.093e-6
-1.130, -9.093e-6
-1.129, -9.093e-6
-1.128, -9.093e-6
-1.127, -9.093e-6
-1.126, -9.093e-6
-1.125, -9.093e-6
-1.124, -9.093e-6
-1.123, -9.093e-6
-1.122, -9.093e-6
-1.121, -9.093e-6
-1.120, -9.093e-6
-1.119, -9.093e-6
-1.118, -9.093e-6
-1.117, -9.093e-6
-1.116, -9.093e-6
-1.115, -9.093e-6
-1.114, -9.093e-6
-1.113, -9.093e-6
-1.112, -9.093e-6
-1.111, -9.093e-6
-1.110, -9.093e-6
-1.109, -9.093e-6
-1.108, -9.093e-6
-1.107, -9.093e-6
-1.106, -9.093e-6
-1.105, -9.093e-6
-1.104, -9.093e-6
-1.103, -9.093e-6
-1.102, -9.093e-6
-1.101, -9.093e-6
-1.100, -9.093e-6
-1.099, -9.093e-6
-1.098, -9.093e-6
-1.097, -9.093e-6
-1.096, -9.093e-6
-1.095, -9.093e-6
-1.094, -9.093e-6
-1.093, -9.093e-6
-1.092, -9.093e-6
-1.091, -9.093e-6
-1.090, -9.093e-6
-1.089, -9.093e-6
-1.088, -9.093e-6
-1.087, -9.093e-6
-1.086, -9.093e-6
-1.085, -9.093e-6
-1.084, -9.093e-6
-1.083, -9.093e-6
-1.082, -9.093e-6
-1.081, -9.093e-6
-1.080, -9.093e-6
-1.079, -9.093e-6
-1.078, -9.093e-6
-1.077, -9.093e-6
-1.076, -9.093e-6
-1.075, -9.093e-6
-1.074, -9.093e-6
-1.073, -9.093e-6
-1.072, -9.093e-6
-1.071, -9.093e-6
-1.070, -9.093e-6
-1.069, -9.093e-6
-1.068, -9.093e-6
-1.067, -9.093e-6
-1.066, -9.093e-6
-1.065, -9.093e-6
-1.064, -9.093e-6
-1.063, -9.093e-6
-1.062, -9.093e-6
-1.061, -9.093e-6
-1.060, -9.093e-6
-1.059, -9.093e-6
-1.058, -9.093e-6
-1.057, -9.093e-6
-1.056, -9.093e-6
-1.055, -9.093e-6
-1.054, -9.093e-6
-1.053, -9.093e-6
-1.052, -9.093e-6
-1.051, -9.093e-6
-1.050, -9.093e-6
-1.049, -9.093e-6
-1.048, -9.093e-6
-1.047, -9.093e-6
-1.046, -9.093e-6
-1.045, -9.093e-6
-1.044, -9.093e-6
-1.043, -9.093e-6
-1.042, -9.093e-6
-1.041, -9.093e-6
-1.040, -1.218e-5
-1.039, -9.093e-6
-1.038, -9.093e-6
-1.037, -9.093e-6
-1.036, -9.093e-6
-1.035, -9.093e-6
-1.034, -9.093e-6
-1.033, -9.093e-6
-1.032, -9.093e-6
-1.031, -9.093e-6
-1.030, -9.093e-6
-1.029, -9.093e-6
-1.028, -9.093e-6
-1.027, -9.093e-6
-1.026, -9.093e-6
-1.025, -9.093e-6
-1.024, -9.093e-6
-1.023, -9.093e-6
-1.022, -9.093e-6
-1.021, -9.093e-6
-1.020, -1.218e-5
-1.019, -9.093e-6
-1.018, -9.093e-6
-1.017, -9.093e-6
-1.016, -9.093e-6
-1.015, -9.093e-6
-1.014, -1.218e-5
-1.013, -9.093e-6
-1.012, -1.218e-5
-1.011, -9.093e-6
-1.010, -9.093e-6
-1.009, -9.093e-6
-1.008, -9.093e-6
-1.007, -9.093e-6
-1.006, -9.093e-6
-1.005, -1.218e-5
-1.004, -9.093e-6
-1.003, -9.093e-6
-1.002, -9.093e-6
-1.001, -9.093e-6
