June 27, 2026   01:09:41
Cyclic Voltammetry
File: c:/users/guazh/data/20260623_doe_duplica2/2026-06-24-exp19\exp19-2026-06-27t00_50_22-arkoh\exp19_cv_sr_200mvs_efin_-1900mv.bin
Data Source:  Experiment
Instrument Model:  CHI760E
Header: CV ran at 200 mVs
Note: 

Init E (V) = -1
High E (V) = -1
Low E (V) = -1.9
Final E (V) = -1
Init P/N = N
Scan Rate (V/s) = 0.2
Segment = 3
Sample Interval (V) = 0.001
Quiet Time (sec) = 2
Sensitivity (A/V) = 0.01
Comp R (ohm) = 1.7

Results:

Channel 1:
Segment 1:

Segment 2:

Segment 3:

Potential/V, Current/A

-1.000, -2.281e-6
-1.001, -2.370e-6
-1.002, -2.005e-6
-1.003, -2.202e-6
-1.004, -1.896e-6
-1.005, -1.965e-6
-1.006, -1.847e-6
-1.007, -1.946e-6
-1.008, -1.837e-6
-1.009, -1.571e-6
-1.010, -1.916e-6
-1.011, -1.433e-6
-1.012, -1.738e-6
-1.013, -1.600e-6
-1.014, -1.393e-6
-1.015, -1.423e-6
-1.016, -1.630e-6
-1.017, -1.354e-6
-1.018, -1.689e-6
-1.019, -1.314e-6
-1.020, -1.403e-6
-1.021, -1.334e-6
-1.022, -1.097e-6
-1.023, -1.423e-6
-1.024, -1.285e-6
-1.025, -1.275e-6
-1.026, -1.117e-6
-1.027, -1.048e-6
-1.028, -1.294e-6
-1.029, -1.058e-6
-1.030, -1.097e-6
-1.031, -1.314e-6
-1.032, -1.137e-6
-1.033, -1.245e-6
-1.034, -1.058e-6
-1.035, -1.058e-6
-1.036, -1.097e-6
-1.037, -7.617e-7
-1.038, -1.117e-6
-1.039, -8.110e-7
-1.040, -8.603e-7
-1.041, -9.688e-7
-1.042, -8.208e-7
-1.043, -8.307e-7
-1.044, -6.630e-7
-1.045, -9.195e-7
-1.046, -9.392e-7
-1.047, -8.208e-7
-1.048, -9.688e-7
-1.049, -7.419e-7
-1.050, -5.249e-7
-1.051, -9.590e-7
-1.052, -6.235e-7
-1.053, -8.800e-7
-1.054, -6.729e-7
-1.055, -5.643e-7
-1.056, -6.926e-7
-1.057, -4.755e-7
-1.058, -7.321e-7
-1.059, -5.545e-7
-1.060, -6.926e-7
-1.061, -6.334e-7
-1.062, -6.137e-7
-1.063, -6.531e-7
-1.064, -6.038e-7
-1.065, -5.545e-7
-1.066, -7.025e-7
-1.067, -4.262e-7
-1.068, -6.137e-7
-1.069, -2.782e-7
-1.070, -4.558e-7
-1.071, -5.150e-7
-1.072, -5.347e-7
-1.073, -6.235e-7
-1.074, -3.670e-7
-1.075, -3.078e-7
-1.076, -5.347e-7
-1.077, -3.571e-7
-1.078, -5.347e-7
-1.079, -1.401e-7
-1.080, -4.361e-7
-1.081, -3.670e-7
-1.082, -1.302e-7
-1.083, -3.867e-7
-1.084, -2.486e-7
-1.085, -1.006e-7
-1.086, -1.302e-7
-1.087, -2.585e-7
-1.088, -3.473e-7
-1.089, -1.973e-9
-1.090, -2.684e-7
-1.091, -1.500e-7
-1.092, -2.980e-7
-1.093, -2.980e-7
-1.094, -1.204e-7
-1.095, -1.401e-7
-1.096, -7.103e-8
-1.097, -9.077e-8
-1.098, -1.006e-7
-1.099, -8.090e-8
-1.100, -1.401e-7
-1.101, -1.105e-7
-1.102, 8.682e-8
-1.103, -2.684e-7
-1.104, 8.682e-8
-1.105, 7.695e-8
-1.106, -1.697e-7
-1.107, -9.077e-8
-1.108, 7.893e-9
-1.109, 1.953e-7
-1.110, 1.263e-7
-1.111, -1.697e-7
-1.112, 1.263e-7
-1.113, -1.184e-8
-1.114, 6.709e-8
-1.115, -1.973e-9
-1.116, 1.953e-7
-1.117, 1.657e-7
-1.118, 2.348e-7
-1.119, 1.855e-7
-1.120, 3.236e-7
-1.121, 2.151e-7
-1.122, 2.841e-7
-1.123, 1.362e-7
-1.124, 5.209e-7
-1.125, 1.953e-7
-1.126, 3.137e-7
-1.127, 3.039e-7
-1.128, 1.263e-7
-1.129, 4.025e-7
-1.130, 3.927e-7
-1.131, 6.709e-8
-1.132, 2.940e-7
-1.133, 3.039e-7
-1.134, 5.012e-7
-1.135, 1.657e-7
-1.136, 2.940e-7
-1.137, 3.433e-7
-1.138, 2.940e-7
-1.139, 5.308e-7
-1.140, 4.617e-7
-1.141, 3.828e-7
-1.142, 5.998e-7
-1.143, 4.124e-7
-1.144, 5.998e-7
-1.145, 4.815e-7
-1.146, 4.223e-7
-1.147, 3.631e-7
-1.148, 4.815e-7
-1.149, 6.492e-7
-1.150, 5.900e-7
-1.151, 4.716e-7
-1.152, 6.294e-7
-1.153, 5.012e-7
-1.154, 5.801e-7
-1.155, 6.886e-7
-1.156, 7.084e-7
-1.157, 7.182e-7
-1.158, 6.886e-7
-1.159, 8.070e-7
-1.160, 6.788e-7
-1.161, 6.590e-7
-1.162, 7.972e-7
-1.163, 7.676e-7
-1.164, 6.590e-7
-1.165, 8.465e-7
-1.166, 7.577e-7
-1.167, 9.649e-7
-1.168, 6.097e-7
-1.169, 9.649e-7
-1.170, 7.084e-7
-1.171, 8.070e-7
-1.172, 8.070e-7
-1.173, 7.478e-7
-1.174, 1.142e-6
-1.175, 8.761e-7
-1.176, 6.294e-7
-1.177, 7.380e-7
-1.178, 8.958e-7
-1.179, 1.064e-6
-1.180, 1.034e-6
-1.181, 8.761e-7
-1.182, 1.073e-6
-1.183, 8.662e-7
-1.184, 9.748e-7
-1.185, 1.172e-6
-1.186, 9.846e-7
-1.187, 8.366e-7
-1.188, 9.649e-7
-1.189, 7.676e-7
-1.190, 1.192e-6
-1.191, 7.972e-7
-1.192, 1.004e-6
-1.193, 1.054e-6
-1.194, 1.142e-6
-1.195, 1.093e-6
-1.196, 9.057e-7
-1.197, 1.251e-6
-1.198, 1.083e-6
-1.199, 1.133e-6
-1.200, 1.290e-6
-1.201, 1.093e-6
-1.202, 1.182e-6
-1.203, 1.221e-6
-1.204, 1.369e-6
-1.205, 1.231e-6
-1.206, 1.369e-6
-1.207, 1.350e-6
-1.208, 1.281e-6
-1.209, 1.290e-6
-1.210, 1.409e-6
-1.211, 1.261e-6
-1.212, 1.310e-6
-1.213, 1.231e-6
-1.214, 1.290e-6
-1.215, 1.409e-6
-1.216, 1.340e-6
-1.217, 1.508e-6
-1.218, 1.379e-6
-1.219, 1.517e-6
-1.220, 1.586e-6
-1.221, 1.290e-6
-1.222, 1.438e-6
-1.223, 1.547e-6
-1.224, 1.389e-6
-1.225, 1.429e-6
-1.226, 1.389e-6
-1.227, 1.438e-6
-1.228, 1.438e-6
-1.229, 1.725e-6
-1.230, 1.725e-6
-1.231, 1.379e-6
-1.232, 1.695e-6
-1.233, 1.586e-6
-1.234, 1.626e-6
-1.235, 1.685e-6
-1.236, 1.646e-6
-1.237, 1.873e-6
-1.238, 1.557e-6
-1.239, 1.794e-6
-1.240, 1.754e-6
-1.241, 1.606e-6
-1.242, 1.774e-6
-1.243, 1.744e-6
-1.244, 1.784e-6
-1.245, 1.833e-6
-1.246, 1.725e-6
-1.247, 1.843e-6
-1.248, 1.646e-6
-1.249, 1.725e-6
-1.250, 1.942e-6
-1.251, 1.596e-6
-1.252, 1.892e-6
-1.253, 1.784e-6
-1.254, 1.942e-6
-1.255, 2.060e-6
-1.256, 1.961e-6
-1.257, 2.021e-6
-1.258, 1.734e-6
-1.259, 2.011e-6
-1.260, 2.139e-6
-1.261, 1.695e-6
-1.262, 2.040e-6
-1.263, 1.932e-6
-1.264, 2.030e-6
-1.265, 2.021e-6
-1.266, 1.912e-6
-1.267, 2.080e-6
-1.268, 1.961e-6
-1.269, 2.188e-6
-1.270, 2.218e-6
-1.271, 2.021e-6
-1.272, 2.238e-6
-1.273, 1.912e-6
-1.274, 2.060e-6
-1.275, 2.178e-6
-1.276, 1.981e-6
-1.277, 2.129e-6
-1.278, 1.902e-6
-1.279, 2.188e-6
-1.280, 2.435e-6
-1.281, 2.119e-6
-1.282, 2.514e-6
-1.283, 2.257e-6
-1.284, 2.228e-6
-1.285, 2.277e-6
-1.286, 2.218e-6
-1.287, 2.317e-6
-1.288, 2.425e-6
-1.289, 2.336e-6
-1.290, 2.376e-6
-1.291, 2.099e-6
-1.292, 2.425e-6
-1.293, 2.297e-6
-1.294, 2.494e-6
-1.295, 2.534e-6
-1.296, 2.465e-6
-1.297, 2.613e-6
-1.298, 2.178e-6
-1.299, 2.553e-6
-1.300, 2.573e-6
-1.301, 2.386e-6
-1.302, 2.484e-6
-1.303, 2.257e-6
-1.304, 2.356e-6
-1.305, 2.741e-6
-1.306, 2.386e-6
-1.307, 2.613e-6
-1.308, 2.356e-6
-1.309, 2.731e-6
-1.310, 2.711e-6
-1.311, 2.356e-6
-1.312, 2.721e-6
-1.313, 2.583e-6
-1.314, 2.415e-6
-1.315, 2.849e-6
-1.316, 2.425e-6
-1.317, 2.534e-6
-1.318, 2.701e-6
-1.319, 2.613e-6
-1.320, 2.721e-6
-1.321, 2.504e-6
-1.322, 2.849e-6
-1.323, 2.652e-6
-1.324, 2.731e-6
-1.325, 2.662e-6
-1.326, 2.751e-6
-1.327, 2.662e-6
-1.328, 2.632e-6
-1.329, 2.731e-6
-1.330, 2.948e-6
-1.331, 2.573e-6
-1.332, 3.027e-6
-1.333, 2.652e-6
-1.334, 2.691e-6
-1.335, 2.987e-6
-1.336, 2.731e-6
-1.337, 3.027e-6
-1.338, 2.869e-6
-1.339, 2.928e-6
-1.340, 3.106e-6
-1.341, 2.849e-6
-1.342, 3.047e-6
-1.343, 2.889e-6
-1.344, 3.007e-6
-1.345, 2.987e-6
-1.346, 3.096e-6
-1.347, 2.938e-6
-1.348, 3.047e-6
-1.349, 2.987e-6
-1.350, 2.968e-6
-1.351, 2.987e-6
-1.352, 3.264e-6
-1.353, 3.027e-6
-1.354, 3.135e-6
-1.355, 3.185e-6
-1.356, 3.185e-6
-1.357, 3.185e-6
-1.358, 3.165e-6
-1.359, 3.303e-6
-1.360, 3.422e-6
-1.361, 3.165e-6
-1.362, 3.333e-6
-1.363, 3.283e-6
-1.364, 3.402e-6
-1.365, 3.293e-6
-1.366, 2.997e-6
-1.367, 3.392e-6
-1.368, 3.362e-6
-1.369, 3.362e-6
-1.370, 3.550e-6
-1.371, 3.293e-6
-1.372, 3.461e-6
-1.373, 3.362e-6
-1.374, 3.402e-6
-1.375, 3.461e-6
-1.376, 3.372e-6
-1.377, 3.589e-6
-1.378, 3.530e-6
-1.379, 3.717e-6
-1.380, 3.431e-6
-1.381, 3.471e-6
-1.382, 3.708e-6
-1.383, 3.491e-6
-1.384, 3.540e-6
-1.385, 3.737e-6
-1.386, 3.668e-6
-1.387, 3.678e-6
-1.388, 3.688e-6
-1.389, 3.875e-6
-1.390, 3.787e-6
-1.391, 3.500e-6
-1.392, 3.826e-6
-1.393, 3.678e-6
-1.394, 3.747e-6
-1.395, 3.905e-6
-1.396, 3.846e-6
-1.397, 3.747e-6
-1.398, 3.915e-6
-1.399, 3.905e-6
-1.400, 3.925e-6
-1.401, 3.885e-6
-1.402, 4.083e-6
-1.403, 3.915e-6
-1.404, 3.915e-6
-1.405, 4.083e-6
-1.406, 3.964e-6
-1.407, 4.122e-6
-1.408, 4.073e-6
-1.409, 4.102e-6
-1.410, 4.349e-6
-1.411, 4.033e-6
-1.412, 4.457e-6
-1.413, 4.142e-6
-1.414, 4.319e-6
-1.415, 4.369e-6
-1.416, 4.270e-6
-1.417, 4.339e-6
-1.418, 4.309e-6
-1.419, 4.329e-6
-1.420, 4.379e-6
-1.421, 4.260e-6
-1.422, 4.408e-6
-1.423, 4.467e-6
-1.424, 4.369e-6
-1.425, 4.566e-6
-1.426, 4.388e-6
-1.427, 4.674e-6
-1.428, 4.615e-6
-1.429, 4.724e-6
-1.430, 4.586e-6
-1.431, 4.615e-6
-1.432, 4.734e-6
-1.433, 4.704e-6
-1.434, 4.892e-6
-1.435, 5.020e-6
-1.436, 4.803e-6
-1.437, 4.931e-6
-1.438, 4.970e-6
-1.439, 5.128e-6
-1.440, 4.980e-6
-1.441, 4.872e-6
-1.442, 5.188e-6
-1.443, 5.227e-6
-1.444, 5.266e-6
-1.445, 5.296e-6
-1.446, 5.257e-6
-1.447, 5.375e-6
-1.448, 5.286e-6
-1.449, 5.227e-6
-1.450, 5.513e-6
-1.451, 5.375e-6
-1.452, 5.770e-6
-1.453, 5.523e-6
-1.454, 5.701e-6
-1.455, 5.750e-6
-1.456, 5.641e-6
-1.457, 5.710e-6
-1.458, 5.809e-6
-1.459, 5.908e-6
-1.460, 6.154e-6
-1.461, 5.789e-6
-1.462, 6.026e-6
-1.463, 5.918e-6
-1.464, 6.075e-6
-1.465, 6.293e-6
-1.466, 5.967e-6
-1.467, 6.352e-6
-1.468, 6.332e-6
-1.469, 6.421e-6
-1.470, 6.431e-6
-1.471, 6.559e-6
-1.472, 6.529e-6
-1.473, 6.638e-6
-1.474, 6.500e-6
-1.475, 6.756e-6
-1.476, 6.687e-6
-1.477, 6.835e-6
-1.478, 6.845e-6
-1.479, 6.924e-6
-1.480, 7.032e-6
-1.481, 7.032e-6
-1.482, 7.230e-6
-1.483, 7.151e-6
-1.484, 7.250e-6
-1.485, 7.555e-6
-1.486, 7.319e-6
-1.487, 7.555e-6
-1.488, 7.664e-6
-1.489, 7.624e-6
-1.490, 7.713e-6
-1.491, 7.703e-6
-1.492, 8.039e-6
-1.493, 7.891e-6
-1.494, 7.871e-6
-1.495, 8.197e-6
-1.496, 7.970e-6
-1.497, 8.305e-6
-1.498, 8.394e-6
-1.499, 8.650e-6
-1.500, 8.641e-6
-1.501, 8.591e-6
-1.502, 8.828e-6
-1.503, 8.976e-6
-1.504, 8.956e-6
-1.505, 9.381e-6
-1.506, 9.114e-6
-1.507, 9.282e-6
-1.508, 9.272e-6
-1.509, 9.351e-6
-1.510, 9.558e-6
-1.511, 9.677e-6
-1.512, 9.973e-6
-1.513, 9.746e-6
-1.514, 9.864e-6
-1.515, 9.943e-6
-1.516, 1.026e-5
-1.517, 1.036e-5
-1.518, 1.037e-5
-1.519, 1.052e-5
-1.520, 1.075e-5
-1.521, 1.068e-5
-1.522, 1.100e-5
-1.523, 1.126e-5
-1.524, 1.130e-5
-1.525, 1.149e-5
-1.526, 1.154e-5
-1.527, 1.183e-5
-1.528, 1.196e-5
-1.529, 1.192e-5
-1.530, 1.226e-5
-1.531, 1.220e-5
-1.532, 1.265e-5
-1.533, 1.270e-5
-1.534, 1.278e-5
-1.535, 1.317e-5
-1.536, 1.318e-5
-1.537, 1.355e-5
-1.538, 1.363e-5
-1.539, 1.376e-5
-1.540, 1.409e-5
-1.541, 1.420e-5
-1.542, 1.462e-5
-1.543, 1.463e-5
-1.544, 1.500e-5
-1.545, 1.511e-5
-1.546, 1.519e-5
-1.547, 1.555e-5
-1.548, 1.571e-5
-1.549, 1.617e-5
-1.550, 1.641e-5
-1.551, 1.649e-5
-1.552, 1.687e-5
-1.553, 1.721e-5
-1.554, 1.731e-5
-1.555, 1.764e-5
-1.556, 1.776e-5
-1.557, 1.852e-5
-1.558, 1.869e-5
-1.559, 1.889e-5
-1.560, 1.929e-5
-1.561, 1.931e-5
-1.562, 1.982e-5
-1.563, 2.026e-5
-1.564, 2.070e-5
-1.565, 2.107e-5
-1.566, 2.127e-5
-1.567, 2.178e-5
-1.568, 2.217e-5
-1.569, 2.265e-5
-1.570, 2.313e-5
-1.571, 2.329e-5
-1.572, 2.384e-5
-1.573, 2.421e-5
-1.574, 2.459e-5
-1.575, 2.555e-5
-1.576, 2.552e-5
-1.577, 2.643e-5
-1.578, 2.690e-5
-1.579, 2.750e-5
-1.580, 2.784e-5
-1.581, 2.831e-5
-1.582, 2.923e-5
-1.583, 2.966e-5
-1.584, 3.027e-5
-1.585, 3.083e-5
-1.586, 3.140e-5
-1.587, 3.222e-5
-1.588, 3.293e-5
-1.589, 3.361e-5
-1.590, 3.442e-5
-1.591, 3.495e-5
-1.592, 3.590e-5
-1.593, 3.657e-5
-1.594, 3.738e-5
-1.595, 3.831e-5
-1.596, 3.900e-5
-1.597, 3.995e-5
-1.598, 4.101e-5
-1.599, 4.177e-5
-1.600, 4.283e-5
-1.601, 4.364e-5
-1.602, 4.481e-5
-1.603, 4.573e-5
-1.604, 4.666e-5
-1.605, 4.790e-5
-1.606, 4.883e-5
-1.607, 5.021e-5
-1.608, 5.131e-5
-1.609, 5.248e-5
-1.610, 5.387e-5
-1.611, 5.499e-5
-1.612, 5.653e-5
-1.613, 5.786e-5
-1.614, 5.926e-5
-1.615, 6.076e-5
-1.616, 6.204e-5
-1.617, 6.384e-5
-1.618, 6.523e-5
-1.619, 6.695e-5
-1.620, 6.865e-5
-1.621, 7.022e-5
-1.622, 7.206e-5
-1.623, 7.401e-5
-1.624, 7.567e-5
-1.625, 7.761e-5
-1.626, 7.955e-5
-1.627, 8.164e-5
-1.628, 8.402e-5
-1.629, 8.600e-5
-1.630, 8.867e-5
-1.631, 9.076e-5
-1.632, 9.328e-5
-1.633, 9.579e-5
-1.634, 9.822e-5
-1.635, 1.011e-4
-1.636, 1.036e-4
-1.637, 1.066e-4
-1.638, 1.094e-4
-1.639, 1.124e-4
-1.640, 1.154e-4
-1.641, 1.185e-4
-1.642, 1.220e-4
-1.643, 1.250e-4
-1.644, 1.284e-4
-1.645, 1.322e-4
-1.646, 1.358e-4
-1.647, 1.397e-4
-1.648, 1.435e-4
-1.649, 1.475e-4
-1.650, 1.518e-4
-1.651, 1.561e-4
-1.652, 1.606e-4
-1.653, 1.652e-4
-1.654, 1.696e-4
-1.655, 1.747e-4
-1.656, 1.794e-4
-1.657, 1.846e-4
-1.658, 1.900e-4
-1.659, 1.953e-4
-1.660, 2.011e-4
-1.661, 2.068e-4
-1.662, 2.130e-4
-1.663, 2.188e-4
-1.664, 2.250e-4
-1.665, 2.316e-4
-1.666, 2.380e-4
-1.667, 2.448e-4
-1.668, 2.518e-4
-1.669, 2.591e-4
-1.670, 2.669e-4
-1.671, 2.744e-4
-1.672, 2.824e-4
-1.673, 2.905e-4
-1.674, 2.989e-4
-1.675, 3.077e-4
-1.676, 3.165e-4
-1.677, 3.260e-4
-1.678, 3.355e-4
-1.679, 3.450e-4
-1.680, 3.552e-4
-1.681, 3.653e-4
-1.682, 3.764e-4
-1.683, 3.874e-4
-1.684, 3.983e-4
-1.685, 4.099e-4
-1.686, 4.212e-4
-1.687, 4.332e-4
-1.688, 4.456e-4
-1.689, 4.588e-4
-1.690, 4.722e-4
-1.691, 4.856e-4
-1.692, 4.997e-4
-1.693, 5.138e-4
-1.694, 5.282e-4
-1.695, 5.435e-4
-1.696, 5.585e-4
-1.697, 5.749e-4
-1.698, 5.908e-4
-1.699, 6.072e-4
-1.700, 6.243e-4
-1.701, 6.413e-4
-1.702, 6.594e-4
-1.703, 6.780e-4
-1.704, 6.964e-4
-1.705, 7.160e-4
-1.706, 7.353e-4
-1.707, 7.557e-4
-1.708, 7.763e-4
-1.709, 7.975e-4
-1.710, 8.195e-4
-1.711, 8.419e-4
-1.712, 8.646e-4
-1.713, 8.876e-4
-1.714, 9.116e-4
-1.715, 9.358e-4
-1.716, 9.604e-4
-1.717, 9.863e-4
-1.718, 1.012e-3
-1.719, 1.038e-3
-1.720, 1.065e-3
-1.721, 1.092e-3
-1.722, 1.120e-3
-1.723, 1.149e-3
-1.724, 1.178e-3
-1.725, 1.207e-3
-1.726, 1.236e-3
-1.727, 1.268e-3
-1.728, 1.299e-3
-1.729, 1.331e-3
-1.730, 1.365e-3
-1.731, 1.397e-3
-1.732, 1.431e-3
-1.733, 1.466e-3
-1.734, 1.501e-3
-1.735, 1.537e-3
-1.736, 1.573e-3
-1.737, 1.611e-3
-1.738, 1.649e-3
-1.739, 1.688e-3
-1.740, 1.727e-3
-1.741, 1.767e-3
-1.742, 1.807e-3
-1.743, 1.847e-3
-1.744, 1.888e-3
-1.745, 1.931e-3
-1.746, 1.973e-3
-1.747, 2.016e-3
-1.748, 2.060e-3
-1.749, 2.105e-3
-1.750, 2.150e-3
-1.751, 2.195e-3
-1.752, 2.241e-3
-1.753, 2.289e-3
-1.754, 2.336e-3
-1.755, 2.385e-3
-1.756, 2.434e-3
-1.757, 2.483e-3
-1.758, 2.533e-3
-1.759, 2.584e-3
-1.760, 2.634e-3
-1.761, 2.686e-3
-1.762, 2.739e-3
-1.763, 2.790e-3
-1.764, 2.843e-3
-1.765, 2.897e-3
-1.766, 2.952e-3
-1.767, 3.008e-3
-1.768, 3.063e-3
-1.769, 3.119e-3
-1.770, 3.176e-3
-1.771, 3.233e-3
-1.772, 3.291e-3
-1.773, 3.351e-3
-1.774, 3.409e-3
-1.775, 3.468e-3
-1.776, 3.527e-3
-1.777, 3.587e-3
-1.778, 3.648e-3
-1.779, 3.709e-3
-1.780, 3.771e-3
-1.781, 3.834e-3
-1.782, 3.896e-3
-1.783, 3.960e-3
-1.784, 4.023e-3
-1.785, 4.087e-3
-1.786, 4.152e-3
-1.787, 4.215e-3
-1.788, 4.280e-3
-1.789, 4.345e-3
-1.790, 4.409e-3
-1.791, 4.475e-3
-1.792, 4.544e-3
-1.793, 4.610e-3
-1.794, 4.677e-3
-1.795, 4.746e-3
-1.796, 4.815e-3
-1.797, 4.881e-3
-1.798, 4.950e-3
-1.799, 5.016e-3
-1.800, 5.087e-3
-1.801, 5.157e-3
-1.802, 5.227e-3
-1.803, 5.300e-3
-1.804, 5.373e-3
-1.805, 5.444e-3
-1.806, 5.514e-3
-1.807, 5.587e-3
-1.808, 5.658e-3
-1.809, 5.731e-3
-1.810, 5.806e-3
-1.811, 5.878e-3
-1.812, 5.950e-3
-1.813, 6.023e-3
-1.814, 6.097e-3
-1.815, 6.169e-3
-1.816, 6.242e-3
-1.817, 6.316e-3
-1.818, 6.392e-3
-1.819, 6.469e-3
-1.820, 6.546e-3
-1.821, 6.621e-3
-1.822, 6.696e-3
-1.823, 6.771e-3
-1.824, 6.850e-3
-1.825, 6.925e-3
-1.826, 7.000e-3
-1.827, 7.076e-3
-1.828, 7.152e-3
-1.829, 7.228e-3
-1.830, 7.306e-3
-1.831, 7.384e-3
-1.832, 7.463e-3
-1.833, 7.541e-3
-1.834, 7.618e-3
-1.835, 7.696e-3
-1.836, 7.773e-3
-1.837, 7.848e-3
-1.838, 7.931e-3
-1.839, 8.014e-3
-1.840, 8.097e-3
-1.841, 8.174e-3
-1.842, 8.254e-3
-1.843, 8.334e-3
-1.844, 8.416e-3
-1.845, 8.495e-3
-1.846, 8.572e-3
-1.847, 8.651e-3
-1.848, 8.731e-3
-1.849, 8.811e-3
-1.850, 8.890e-3
-1.851, 8.969e-3
-1.852, 9.050e-3
-1.853, 9.129e-3
-1.854, 9.203e-3
-1.855, 9.279e-3
-1.856, 9.359e-3
-1.857, 9.442e-3
-1.858, 9.523e-3
-1.859, 9.603e-3
-1.860, 9.683e-3
-1.861, 9.763e-3
-1.862, 9.841e-3
-1.863, 9.925e-3
-1.864, 1.000e-2
-1.865, 1.008e-2
-1.866, 1.016e-2
-1.867, 1.024e-2
-1.868, 1.032e-2
-1.869, 1.041e-2
-1.870, 1.049e-2
-1.871, 1.057e-2
-1.872, 1.064e-2
-1.873, 1.072e-2
-1.874, 1.080e-2
-1.875, 1.088e-2
-1.876, 1.096e-2
-1.877, 1.104e-2
-1.878, 1.112e-2
-1.879, 1.120e-2
-1.880, 1.128e-2
-1.881, 1.135e-2
-1.882, 1.143e-2
-1.883, 1.150e-2
-1.884, 1.158e-2
-1.885, 1.166e-2
-1.886, 1.173e-2
-1.887, 1.181e-2
-1.888, 1.188e-2
-1.889, 1.196e-2
-1.890, 1.203e-2
-1.891, 1.211e-2
-1.892, 1.219e-2
-1.893, 1.227e-2
-1.894, 1.236e-2
-1.895, 1.243e-2
-1.896, 1.251e-2
-1.897, 1.258e-2
-1.898, 1.267e-2
-1.899, 1.275e-2
-1.900, 1.276e-2
-1.899, 1.269e-2
-1.898, 1.262e-2
-1.897, 1.255e-2
-1.896, 1.249e-2
-1.895, 1.241e-2
-1.894, 1.234e-2
-1.893, 1.228e-2
-1.892, 1.220e-2
-1.891, 1.213e-2
-1.890, 1.206e-2
-1.889, 1.198e-2
-1.888, 1.191e-2
-1.887, 1.184e-2
-1.886, 1.176e-2
-1.885, 1.169e-2
-1.884, 1.161e-2
-1.883, 1.154e-2
-1.882, 1.146e-2
-1.881, 1.138e-2
-1.880, 1.130e-2
-1.879, 1.123e-2
-1.878, 1.115e-2
-1.877, 1.108e-2
-1.876, 1.101e-2
-1.875, 1.094e-2
-1.874, 1.086e-2
-1.873, 1.079e-2
-1.872, 1.073e-2
-1.871, 1.066e-2
-1.870, 1.059e-2
-1.869, 1.052e-2
-1.868, 1.044e-2
-1.867, 1.036e-2
-1.866, 1.029e-2
-1.865, 1.023e-2
-1.864, 1.016e-2
-1.863, 1.008e-2
-1.862, 1.001e-2
-1.861, 9.933e-3
-1.860, 9.870e-3
-1.859, 9.820e-3
-1.858, 9.747e-3
-1.857, 9.678e-3
-1.856, 9.611e-3
-1.855, 9.545e-3
-1.854, 9.471e-3
-1.853, 9.399e-3
-1.852, 9.331e-3
-1.851, 9.274e-3
-1.850, 9.198e-3
-1.849, 9.124e-3
-1.848, 9.055e-3
-1.847, 8.986e-3
-1.846, 8.930e-3
-1.845, 8.861e-3
-1.844, 8.787e-3
-1.843, 8.717e-3
-1.842, 8.642e-3
-1.841, 8.573e-3
-1.840, 8.501e-3
-1.839, 8.435e-3
-1.838, 8.369e-3
-1.837, 8.302e-3
-1.836, 8.236e-3
-1.835, 8.168e-3
-1.834, 8.123e-3
-1.833, 8.059e-3
-1.832, 8.004e-3
-1.831, 7.946e-3
-1.830, 7.882e-3
-1.829, 7.815e-3
-1.828, 7.750e-3
-1.827, 7.679e-3
-1.826, 7.615e-3
-1.825, 7.555e-3
-1.824, 7.494e-3
-1.823, 7.441e-3
-1.822, 7.388e-3
-1.821, 7.324e-3
-1.820, 7.265e-3
-1.819, 7.207e-3
-1.818, 7.145e-3
-1.817, 7.084e-3
-1.816, 7.022e-3
-1.815, 6.961e-3
-1.814, 6.906e-3
-1.813, 6.849e-3
-1.812, 6.785e-3
-1.811, 6.727e-3
-1.810, 6.670e-3
-1.809, 6.608e-3
-1.808, 6.546e-3
-1.807, 6.490e-3
-1.806, 6.435e-3
-1.805, 6.372e-3
-1.804, 6.310e-3
-1.803, 6.250e-3
-1.802, 6.192e-3
-1.801, 6.134e-3
-1.800, 6.077e-3
-1.799, 6.018e-3
-1.798, 5.964e-3
-1.797, 5.907e-3
-1.796, 5.849e-3
-1.795, 5.793e-3
-1.794, 5.739e-3
-1.793, 5.692e-3
-1.792, 5.648e-3
-1.791, 5.591e-3
-1.790, 5.534e-3
-1.789, 5.480e-3
-1.788, 5.426e-3
-1.787, 5.375e-3
-1.786, 5.323e-3
-1.785, 5.279e-3
-1.784, 5.224e-3
-1.783, 5.173e-3
-1.782, 5.121e-3
-1.781, 5.069e-3
-1.780, 5.017e-3
-1.779, 4.963e-3
-1.778, 4.919e-3
-1.777, 4.866e-3
-1.776, 4.819e-3
-1.775, 4.769e-3
-1.774, 4.717e-3
-1.773, 4.667e-3
-1.772, 4.618e-3
-1.771, 4.569e-3
-1.770, 4.520e-3
-1.769, 4.470e-3
-1.768, 4.425e-3
-1.767, 4.377e-3
-1.766, 4.331e-3
-1.765, 4.287e-3
-1.764, 4.240e-3
-1.763, 4.193e-3
-1.762, 4.148e-3
-1.761, 4.102e-3
-1.760, 4.055e-3
-1.759, 4.009e-3
-1.758, 3.964e-3
-1.757, 3.919e-3
-1.756, 3.873e-3
-1.755, 3.827e-3
-1.754, 3.782e-3
-1.753, 3.738e-3
-1.752, 3.696e-3
-1.751, 3.652e-3
-1.750, 3.610e-3
-1.749, 3.569e-3
-1.748, 3.534e-3
-1.747, 3.491e-3
-1.746, 3.448e-3
-1.745, 3.406e-3
-1.744, 3.365e-3
-1.743, 3.324e-3
-1.742, 3.287e-3
-1.741, 3.249e-3
-1.740, 3.208e-3
-1.739, 3.168e-3
-1.738, 3.126e-3
-1.737, 3.087e-3
-1.736, 3.048e-3
-1.735, 3.011e-3
-1.734, 2.976e-3
-1.733, 2.937e-3
-1.732, 2.899e-3
-1.731, 2.861e-3
-1.730, 2.823e-3
-1.729, 2.786e-3
-1.728, 2.752e-3
-1.727, 2.717e-3
-1.726, 2.681e-3
-1.725, 2.644e-3
-1.724, 2.609e-3
-1.723, 2.575e-3
-1.722, 2.540e-3
-1.721, 2.505e-3
-1.720, 2.470e-3
-1.719, 2.436e-3
-1.718, 2.402e-3
-1.717, 2.369e-3
-1.716, 2.335e-3
-1.715, 2.303e-3
-1.714, 2.270e-3
-1.713, 2.237e-3
-1.712, 2.205e-3
-1.711, 2.174e-3
-1.710, 2.144e-3
-1.709, 2.113e-3
-1.708, 2.083e-3
-1.707, 2.052e-3
-1.706, 2.023e-3
-1.705, 1.995e-3
-1.704, 1.965e-3
-1.703, 1.936e-3
-1.702, 1.907e-3
-1.701, 1.878e-3
-1.700, 1.848e-3
-1.699, 1.819e-3
-1.698, 1.791e-3
-1.697, 1.762e-3
-1.696, 1.735e-3
-1.695, 1.708e-3
-1.694, 1.681e-3
-1.693, 1.655e-3
-1.692, 1.627e-3
-1.691, 1.600e-3
-1.690, 1.574e-3
-1.689, 1.548e-3
-1.688, 1.523e-3
-1.687, 1.498e-3
-1.686, 1.473e-3
-1.685, 1.448e-3
-1.684, 1.424e-3
-1.683, 1.400e-3
-1.682, 1.376e-3
-1.681, 1.353e-3
-1.680, 1.330e-3
-1.679, 1.307e-3
-1.678, 1.284e-3
-1.677, 1.261e-3
-1.676, 1.239e-3
-1.675, 1.219e-3
-1.674, 1.199e-3
-1.673, 1.178e-3
-1.672, 1.157e-3
-1.671, 1.136e-3
-1.670, 1.116e-3
-1.669, 1.096e-3
-1.668, 1.075e-3
-1.667, 1.056e-3
-1.666, 1.036e-3
-1.665, 1.017e-3
-1.664, 9.987e-4
-1.663, 9.797e-4
-1.662, 9.619e-4
-1.661, 9.432e-4
-1.660, 9.253e-4
-1.659, 9.074e-4
-1.658, 8.901e-4
-1.657, 8.729e-4
-1.656, 8.561e-4
-1.655, 8.400e-4
-1.654, 8.234e-4
-1.653, 8.067e-4
-1.652, 7.906e-4
-1.651, 7.746e-4
-1.650, 7.594e-4
-1.649, 7.439e-4
-1.648, 7.293e-4
-1.647, 7.144e-4
-1.646, 7.004e-4
-1.645, 6.863e-4
-1.644, 6.723e-4
-1.643, 6.584e-4
-1.642, 6.448e-4
-1.641, 6.314e-4
-1.640, 6.188e-4
-1.639, 6.060e-4
-1.638, 5.929e-4
-1.637, 5.808e-4
-1.636, 5.678e-4
-1.635, 5.563e-4
-1.634, 5.440e-4
-1.633, 5.324e-4
-1.632, 5.213e-4
-1.631, 5.099e-4
-1.630, 4.989e-4
-1.629, 4.882e-4
-1.628, 4.774e-4
-1.627, 4.669e-4
-1.626, 4.567e-4
-1.625, 4.466e-4
-1.624, 4.365e-4
-1.623, 4.268e-4
-1.622, 4.176e-4
-1.621, 4.082e-4
-1.620, 3.994e-4
-1.619, 3.903e-4
-1.618, 3.814e-4
-1.617, 3.726e-4
-1.616, 3.642e-4
-1.615, 3.558e-4
-1.614, 3.480e-4
-1.613, 3.397e-4
-1.612, 3.319e-4
-1.611, 3.240e-4
-1.610, 3.167e-4
-1.609, 3.092e-4
-1.608, 3.018e-4
-1.607, 2.949e-4
-1.606, 2.877e-4
-1.605, 2.809e-4
-1.604, 2.744e-4
-1.603, 2.677e-4
-1.602, 2.613e-4
-1.601, 2.546e-4
-1.600, 2.486e-4
-1.599, 2.428e-4
-1.598, 2.368e-4
-1.597, 2.314e-4
-1.596, 2.255e-4
-1.595, 2.204e-4
-1.594, 2.149e-4
-1.593, 2.095e-4
-1.592, 2.045e-4
-1.591, 1.993e-4
-1.590, 1.945e-4
-1.589, 1.896e-4
-1.588, 1.849e-4
-1.587, 1.804e-4
-1.586, 1.756e-4
-1.585, 1.715e-4
-1.584, 1.669e-4
-1.583, 1.626e-4
-1.582, 1.586e-4
-1.581, 1.544e-4
-1.580, 1.505e-4
-1.579, 1.467e-4
-1.578, 1.428e-4
-1.577, 1.393e-4
-1.576, 1.355e-4
-1.575, 1.321e-4
-1.574, 1.287e-4
-1.573, 1.251e-4
-1.572, 1.222e-4
-1.571, 1.187e-4
-1.570, 1.157e-4
-1.569, 1.127e-4
-1.568, 1.097e-4
-1.567, 1.071e-4
-1.566, 1.038e-4
-1.565, 1.012e-4
-1.564, 9.858e-5
-1.563, 9.573e-5
-1.562, 9.345e-5
-1.561, 9.064e-5
-1.560, 8.835e-5
-1.559, 8.607e-5
-1.558, 8.362e-5
-1.557, 8.137e-5
-1.556, 7.895e-5
-1.555, 7.699e-5
-1.554, 7.478e-5
-1.553, 7.255e-5
-1.552, 7.099e-5
-1.551, 6.890e-5
-1.550, 6.708e-5
-1.549, 6.493e-5
-1.548, 6.316e-5
-1.547, 6.144e-5
-1.546, 5.969e-5
-1.545, 5.804e-5
-1.544, 5.654e-5
-1.543, 5.475e-5
-1.542, 5.336e-5
-1.541, 5.178e-5
-1.540, 5.029e-5
-1.539, 4.888e-5
-1.538, 4.745e-5
-1.537, 4.611e-5
-1.536, 4.453e-5
-1.535, 4.333e-5
-1.534, 4.226e-5
-1.533, 4.054e-5
-1.532, 3.952e-5
-1.531, 3.833e-5
-1.530, 3.724e-5
-1.529, 3.615e-5
-1.528, 3.501e-5
-1.527, 3.405e-5
-1.526, 3.272e-5
-1.525, 3.202e-5
-1.524, 3.094e-5
-1.523, 2.976e-5
-1.522, 2.892e-5
-1.521, 2.807e-5
-1.520, 2.723e-5
-1.519, 2.641e-5
-1.518, 2.534e-5
-1.517, 2.456e-5
-1.516, 2.377e-5
-1.515, 2.305e-5
-1.514, 2.236e-5
-1.513, 2.128e-5
-1.512, 2.104e-5
-1.511, 1.991e-5
-1.510, 1.909e-5
-1.509, 1.876e-5
-1.508, 1.789e-5
-1.507, 1.737e-5
-1.506, 1.676e-5
-1.505, 1.642e-5
-1.504, 1.571e-5
-1.503, 1.491e-5
-1.502, 1.446e-5
-1.501, 1.404e-5
-1.500, 1.335e-5
-1.499, 1.307e-5
-1.498, 1.245e-5
-1.497, 1.225e-5
-1.496, 1.148e-5
-1.495, 1.117e-5
-1.494, 1.074e-5
-1.493, 1.008e-5
-1.492, 9.963e-6
-1.491, 9.361e-6
-1.490, 9.055e-6
-1.489, 8.897e-6
-1.488, 8.364e-6
-1.487, 8.078e-6
-1.486, 7.703e-6
-1.485, 7.200e-6
-1.484, 7.131e-6
-1.483, 6.450e-6
-1.482, 6.371e-6
-1.481, 5.967e-6
-1.480, 5.691e-6
-1.479, 5.523e-6
-1.478, 5.128e-6
-1.477, 4.961e-6
-1.476, 4.556e-6
-1.475, 4.517e-6
-1.474, 4.260e-6
-1.473, 3.727e-6
-1.472, 3.688e-6
-1.471, 3.323e-6
-1.470, 3.234e-6
-1.469, 2.987e-6
-1.468, 2.672e-6
-1.467, 2.603e-6
-1.466, 2.376e-6
-1.465, 2.455e-6
-1.464, 2.247e-6
-1.463, 1.685e-6
-1.462, 1.695e-6
-1.461, 1.399e-6
-1.460, 1.379e-6
-1.459, 1.103e-6
-1.458, 8.662e-7
-1.457, 7.972e-7
-1.456, 5.604e-7
-1.455, 5.111e-7
-1.454, 3.927e-7
-1.453, 1.362e-7
-1.452, 2.052e-7
-1.451, -8.090e-8
-1.450, -1.796e-7
-1.449, -1.796e-7
-1.448, -5.643e-7
-1.447, -3.966e-7
-1.446, -7.617e-7
-1.445, -5.939e-7
-1.444, -7.222e-7
-1.443, -1.314e-6
-1.442, -1.018e-6
-1.441, -1.324e-6
-1.440, -1.383e-6
-1.439, -1.265e-6
-1.438, -1.610e-6
-1.437, -1.511e-6
-1.436, -1.896e-6
-1.435, -1.748e-6
-1.434, -1.738e-6
-1.433, -2.222e-6
-1.432, -1.965e-6
-1.431, -2.172e-6
-1.430, -2.153e-6
-1.429, -2.311e-6
-1.428, -2.320e-6
-1.427, -2.449e-6
-1.426, -2.528e-6
-1.425, -2.488e-6
-1.424, -2.587e-6
-1.423, -3.011e-6
-1.422, -2.774e-6
-1.421, -2.893e-6
-1.420, -3.080e-6
-1.419, -3.011e-6
-1.418, -3.169e-6
-1.417, -3.120e-6
-1.416, -3.070e-6
-1.415, -3.129e-6
-1.414, -3.179e-6
-1.413, -3.455e-6
-1.412, -3.307e-6
-1.411, -3.465e-6
-1.410, -3.406e-6
-1.409, -3.297e-6
-1.408, -3.623e-6
-1.407, -3.524e-6
-1.406, -3.682e-6
-1.405, -3.652e-6
-1.404, -3.445e-6
-1.403, -3.879e-6
-1.402, -3.781e-6
-1.401, -3.919e-6
-1.400, -3.820e-6
-1.399, -3.830e-6
-1.398, -3.850e-6
-1.397, -3.840e-6
-1.396, -3.938e-6
-1.395, -3.958e-6
-1.394, -4.096e-6
-1.393, -4.077e-6
-1.392, -4.067e-6
-1.391, -4.156e-6
-1.390, -4.323e-6
-1.389, -4.156e-6
-1.388, -4.313e-6
-1.387, -3.948e-6
-1.386, -4.501e-6
-1.385, -4.402e-6
-1.384, -4.254e-6
-1.383, -4.629e-6
-1.382, -4.304e-6
-1.381, -4.353e-6
-1.380, -4.432e-6
-1.379, -4.442e-6
-1.378, -4.629e-6
-1.377, -4.432e-6
-1.376, -4.600e-6
-1.375, -4.432e-6
-1.374, -4.619e-6
-1.373, -4.718e-6
-1.372, -4.481e-6
-1.371, -4.600e-6
-1.370, -4.787e-6
-1.369, -4.738e-6
-1.368, -4.807e-6
-1.367, -4.678e-6
-1.366, -4.836e-6
-1.365, -4.797e-6
-1.364, -4.609e-6
-1.363, -5.014e-6
-1.362, -4.787e-6
-1.361, -4.925e-6
-1.360, -4.856e-6
-1.359, -4.836e-6
-1.358, -5.034e-6
-1.357, -4.935e-6
-1.356, -4.965e-6
-1.355, -4.856e-6
-1.354, -4.807e-6
-1.353, -5.132e-6
-1.352, -4.974e-6
-1.351, -4.886e-6
-1.350, -5.073e-6
-1.349, -4.836e-6
-1.348, -4.915e-6
-1.347, -4.856e-6
-1.346, -5.083e-6
-1.345, -4.984e-6
-1.344, -5.053e-6
-1.343, -5.152e-6
-1.342, -5.004e-6
-1.341, -5.004e-6
-1.340, -5.211e-6
-1.339, -5.093e-6
-1.338, -5.113e-6
-1.337, -5.172e-6
-1.336, -5.221e-6
-1.335, -5.073e-6
-1.334, -5.103e-6
-1.333, -5.231e-6
-1.332, -4.984e-6
-1.331, -5.438e-6
-1.330, -5.270e-6
-1.329, -5.162e-6
-1.328, -5.142e-6
-1.327, -5.162e-6
-1.326, -5.418e-6
-1.325, -5.349e-6
-1.324, -5.221e-6
-1.323, -5.428e-6
-1.322, -5.339e-6
-1.321, -5.438e-6
-1.320, -5.379e-6
-1.319, -5.280e-6
-1.318, -5.616e-6
-1.317, -5.280e-6
-1.316, -5.547e-6
-1.315, -5.231e-6
-1.314, -5.339e-6
-1.313, -5.606e-6
-1.312, -5.251e-6
-1.311, -5.379e-6
-1.310, -5.339e-6
-1.309, -5.330e-6
-1.308, -5.487e-6
-1.307, -5.221e-6
-1.306, -5.655e-6
-1.305, -5.379e-6
-1.304, -5.231e-6
-1.303, -5.547e-6
-1.302, -5.399e-6
-1.301, -5.280e-6
-1.300, -5.428e-6
-1.299, -5.379e-6
-1.298, -5.635e-6
-1.297, -5.339e-6
-1.296, -5.537e-6
-1.295, -5.478e-6
-1.294, -5.093e-6
-1.293, -5.626e-6
-1.292, -5.448e-6
-1.291, -5.596e-6
-1.290, -5.399e-6
-1.289, -5.497e-6
-1.288, -5.852e-6
-1.287, -5.468e-6
-1.286, -5.537e-6
-1.285, -5.487e-6
-1.284, -5.458e-6
-1.283, -5.557e-6
-1.282, -5.487e-6
-1.281, -5.389e-6
-1.280, -5.596e-6
-1.279, -5.714e-6
-1.278, -5.714e-6
-1.277, -5.616e-6
-1.276, -5.576e-6
-1.275, -5.665e-6
-1.274, -5.458e-6
-1.273, -5.685e-6
-1.272, -5.448e-6
-1.271, -5.724e-6
-1.270, -5.566e-6
-1.269, -5.497e-6
-1.268, -5.655e-6
-1.267, -5.606e-6
-1.266, -5.734e-6
-1.265, -5.714e-6
-1.264, -5.724e-6
-1.263, -5.744e-6
-1.262, -5.547e-6
-1.261, -5.685e-6
-1.260, -5.803e-6
-1.259, -5.507e-6
-1.258, -5.724e-6
-1.257, -5.724e-6
-1.256, -5.754e-6
-1.255, -5.754e-6
-1.254, -5.724e-6
-1.253, -5.852e-6
-1.252, -5.547e-6
-1.251, -5.635e-6
-1.250, -5.724e-6
-1.249, -5.675e-6
-1.248, -6.000e-6
-1.247, -5.487e-6
-1.246, -5.774e-6
-1.245, -5.616e-6
-1.244, -5.576e-6
-1.243, -5.744e-6
-1.242, -5.695e-6
-1.241, -5.665e-6
-1.240, -5.981e-6
-1.239, -5.734e-6
-1.238, -5.823e-6
-1.237, -5.616e-6
-1.236, -5.774e-6
-1.235, -5.783e-6
-1.234, -5.744e-6
-1.233, -5.862e-6
-1.232, -5.793e-6
-1.231, -5.675e-6
-1.230, -5.843e-6
-1.229, -5.872e-6
-1.228, -6.020e-6
-1.227, -5.971e-6
-1.226, -5.862e-6
-1.225, -5.931e-6
-1.224, -5.852e-6
-1.223, -5.971e-6
-1.222, -5.626e-6
-1.221, -5.862e-6
-1.220, -5.882e-6
-1.219, -5.852e-6
-1.218, -6.050e-6
-1.217, -5.912e-6
-1.216, -6.000e-6
-1.215, -5.941e-6
-1.214, -5.754e-6
-1.213, -6.010e-6
-1.212, -5.714e-6
-1.211, -5.872e-6
-1.210, -6.030e-6
-1.209, -5.803e-6
-1.208, -5.872e-6
-1.207, -5.951e-6
-1.206, -5.931e-6
-1.205, -5.991e-6
-1.204, -5.803e-6
-1.203, -6.030e-6
-1.202, -5.971e-6
-1.201, -5.803e-6
-1.200, -6.247e-6
-1.199, -5.783e-6
-1.198, -6.168e-6
-1.197, -5.991e-6
-1.196, -6.050e-6
-1.195, -6.079e-6
-1.194, -5.991e-6
-1.193, -5.971e-6
-1.192, -5.872e-6
-1.191, -6.109e-6
-1.190, -6.188e-6
-1.189, -5.991e-6
-1.188, -6.208e-6
-1.187, -6.010e-6
-1.186, -5.981e-6
-1.185, -6.030e-6
-1.184, -6.050e-6
-1.183, -6.267e-6
-1.182, -5.951e-6
-1.181, -5.951e-6
-1.180, -6.020e-6
-1.179, -6.050e-6
-1.178, -6.346e-6
-1.177, -6.000e-6
-1.176, -6.267e-6
-1.175, -6.000e-6
-1.174, -6.247e-6
-1.173, -6.158e-6
-1.172, -6.040e-6
-1.171, -6.267e-6
-1.170, -6.267e-6
-1.169, -6.148e-6
-1.168, -6.267e-6
-1.167, -5.961e-6
-1.166, -6.010e-6
-1.165, -6.050e-6
-1.164, -6.198e-6
-1.163, -6.158e-6
-1.162, -6.158e-6
-1.161, -6.089e-6
-1.160, -6.168e-6
-1.159, -6.089e-6
-1.158, -6.277e-6
-1.157, -6.188e-6
-1.156, -6.208e-6
-1.155, -6.237e-6
-1.154, -6.079e-6
-1.153, -6.316e-6
-1.152, -6.079e-6
-1.151, -6.139e-6
-1.150, -6.346e-6
-1.149, -6.148e-6
-1.148, -6.277e-6
-1.147, -6.296e-6
-1.146, -6.237e-6
-1.145, -6.237e-6
-1.144, -6.148e-6
-1.143, -6.504e-6
-1.142, -6.168e-6
-1.141, -6.247e-6
-1.140, -6.326e-6
-1.139, -6.356e-6
-1.138, -6.583e-6
-1.137, -6.336e-6
-1.136, -6.326e-6
-1.135, -6.326e-6
-1.134, -6.306e-6
-1.133, -6.375e-6
-1.132, -6.405e-6
-1.131, -6.277e-6
-1.130, -6.366e-6
-1.129, -6.257e-6
-1.128, -6.474e-6
-1.127, -6.375e-6
-1.126, -6.563e-6
-1.125, -6.375e-6
-1.124, -6.336e-6
-1.123, -6.602e-6
-1.122, -6.277e-6
-1.121, -6.563e-6
-1.120, -6.435e-6
-1.119, -6.296e-6
-1.118, -6.573e-6
-1.117, -6.425e-6
-1.116, -6.326e-6
-1.115, -6.395e-6
-1.114, -6.484e-6
-1.113, -6.356e-6
-1.112, -6.464e-6
-1.111, -6.514e-6
-1.110, -6.612e-6
-1.109, -6.385e-6
-1.108, -6.523e-6
-1.107, -6.346e-6
-1.106, -6.592e-6
-1.105, -6.632e-6
-1.104, -6.504e-6
-1.103, -6.592e-6
-1.102, -6.553e-6
-1.101, -6.681e-6
-1.100, -6.671e-6
-1.099, -6.602e-6
-1.098, -6.750e-6
-1.097, -6.583e-6
-1.096, -6.592e-6
-1.095, -6.819e-6
-1.094, -6.494e-6
-1.093, -6.681e-6
-1.092, -6.444e-6
-1.091, -6.523e-6
-1.090, -6.819e-6
-1.089, -6.563e-6
-1.088, -6.938e-6
-1.087, -6.701e-6
-1.086, -6.671e-6
-1.085, -6.809e-6
-1.084, -6.652e-6
-1.083, -6.888e-6
-1.082, -6.681e-6
-1.081, -6.671e-6
-1.080, -6.888e-6
-1.079, -6.681e-6
-1.078, -6.731e-6
-1.077, -6.809e-6
-1.076, -6.888e-6
-1.075, -7.017e-6
-1.074, -6.711e-6
-1.073, -7.066e-6
-1.072, -6.740e-6
-1.071, -6.819e-6
-1.070, -6.839e-6
-1.069, -6.819e-6
-1.068, -6.997e-6
-1.067, -6.790e-6
-1.066, -6.721e-6
-1.065, -6.948e-6
-1.064, -6.839e-6
-1.063, -7.086e-6
-1.062, -6.957e-6
-1.061, -7.036e-6
-1.060, -7.007e-6
-1.059, -7.056e-6
-1.058, -7.244e-6
-1.057, -6.908e-6
-1.056, -7.096e-6
-1.055, -7.313e-6
-1.054, -7.017e-6
-1.053, -7.145e-6
-1.052, -6.997e-6
-1.051, -7.066e-6
-1.050, -7.253e-6
-1.049, -7.076e-6
-1.048, -7.431e-6
-1.047, -7.145e-6
-1.046, -7.027e-6
-1.045, -7.273e-6
-1.044, -7.036e-6
-1.043, -7.352e-6
-1.042, -7.155e-6
-1.041, -7.076e-6
-1.040, -7.461e-6
-1.039, -7.105e-6
-1.038, -7.323e-6
-1.037, -7.411e-6
-1.036, -7.362e-6
-1.035, -7.431e-6
-1.034, -7.323e-6
-1.033, -7.520e-6
-1.032, -7.244e-6
-1.031, -7.332e-6
-1.030, -7.540e-6
-1.029, -7.392e-6
-1.028, -7.451e-6
-1.027, -7.352e-6
-1.026, -7.480e-6
-1.025, -7.569e-6
-1.024, -7.323e-6
-1.023, -7.845e-6
-1.022, -7.549e-6
-1.021, -7.480e-6
-1.020, -7.924e-6
-1.019, -7.737e-6
-1.018, -7.757e-6
-1.017, -7.638e-6
-1.016, -7.589e-6
-1.015, -7.766e-6
-1.014, -7.579e-6
-1.013, -7.855e-6
-1.012, -7.589e-6
-1.011, -7.796e-6
-1.010, -7.865e-6
-1.009, -7.658e-6
-1.008, -7.974e-6
-1.007, -7.895e-6
-1.006, -7.796e-6
-1.005, -8.112e-6
-1.004, -7.845e-6
-1.003, -7.885e-6
-1.002, -7.816e-6
-1.001, -7.895e-6
