Potential V vs RHE, Current mA cm-2
0.013299999999999867,-0.002205534916489592
0.012299999999999978,-0.04582249900262853
0.011299999999999866,-0.04582249900262853
0.010299999999999976,-0.04582249900262853
0.009299999999999864,-0.04582249900262853
0.008299999999999974,-0.04582249900262853
0.007299999999999862,-0.08943804837746762
0.006299999999999972,-0.04582249900262853
0.00529999999999986,-0.04582249900262853
0.0042999999999999705,-0.08943804837746762
0.0032999999999998586,-0.04582249900262853
0.0022999999999999687,-0.08943804837746762
0.0012999999999998568,-0.08943804837746762
0.00029999999999996696,-0.08943804837746762
-0.000700000000000145,-0.08943804837746762
-0.0017000000000000348,-0.08943804837746762
-0.0027000000000001467,-0.08943804837746762
-0.0037000000000000366,-0.08943804837746762
-0.0047000000000001485,-0.08943804837746762
-0.005700000000000038,-0.08943804837746762
-0.00670000000000015,-0.08943804837746762
-0.00770000000000004,-0.08943804837746762
-0.008700000000000152,-0.08943804837746762
-0.009700000000000042,-0.08943804837746762
-0.010700000000000154,-0.1330535977523067
-0.011700000000000044,-0.08943804837746762
-0.012700000000000156,-0.1330535977523067
-0.013700000000000045,-0.08943804837746762
-0.014700000000000157,-0.08943804837746762
-0.015700000000000047,-0.1330535977523067
-0.01670000000000016,-0.1330535977523067
-0.01770000000000005,-0.1330535977523067
-0.01870000000000016,-0.1330535977523067
-0.01970000000000005,-0.1330535977523067
-0.020700000000000163,-0.1330535977523067
-0.021700000000000053,-0.1330535977523067
-0.022700000000000164,-0.1330535977523067
-0.023700000000000054,-0.1330535977523067
-0.024700000000000166,-0.1330535977523067
-0.025700000000000056,-0.1330535977523067
-0.026700000000000168,-0.1330535977523067
-0.027700000000000058,-0.1330535977523067
-0.02870000000000017,-0.1330535977523067
-0.02970000000000006,-0.1330535977523067
-0.03070000000000017,-0.1330535977523067
-0.03170000000000006,-0.1330535977523067
-0.03270000000000017,-0.1330535977523067
-0.03370000000000006,-0.1330535977523067
-0.034700000000000175,-0.1330535977523067
-0.035700000000000065,-0.1330535977523067
-0.03670000000000018,-0.1330535977523067
-0.03770000000000007,-0.1330535977523067
-0.03870000000000018,-0.1330535977523067
-0.03970000000000007,-0.1330535977523067
-0.04070000000000018,-0.1330535977523067
-0.04170000000000007,-0.1330535977523067
-0.04270000000000018,-0.1766974413531431
-0.04370000000000007,-0.1330535977523067
-0.044700000000000184,-0.1766974413531431
-0.045700000000000074,-0.1330535977523067
-0.046700000000000186,-0.1766974413531431
-0.047700000000000076,-0.1330535977523067
-0.04870000000000019,-0.1330535977523067
-0.04970000000000008,-0.1330535977523067
-0.05070000000000019,-0.1330535977523067
-0.05170000000000008,-0.1766974413531431
-0.05270000000000019,-0.1330535977523067
-0.05370000000000008,-0.1766974413531431
-0.05470000000000019,-0.1330535977523067
-0.05570000000000008,-0.1766974413531431
-0.056700000000000195,-0.1766974413531431
-0.057700000000000085,-0.1766974413531431
-0.058700000000000196,-0.1330535977523067
-0.059700000000000086,-0.1766974413531431
-0.0607000000000002,-0.1766974413531431
-0.06170000000000009,-0.1766974413531431
-0.0627000000000002,-0.1766974413531431
-0.06370000000000009,-0.1766974413531431
-0.0647000000000002,-0.1766974413531431
-0.06570000000000009,-0.1766974413531431
-0.0667000000000002,-0.1766974413531431
-0.0677000000000001,-0.1766974413531431
-0.0687000000000002,-0.1766974413531431
-0.0697000000000001,-0.1766974413531431
-0.07070000000000021,-0.1766974413531431
-0.0717000000000001,-0.1766974413531431
-0.07270000000000021,-0.1766974413531431
-0.0737000000000001,-0.1766974413531431
-0.07470000000000021,-0.1766974413531431
-0.0757000000000001,-0.1766974413531431
-0.07670000000000021,-0.1766974413531431
-0.0777000000000001,-0.1766974413531431
-0.07870000000000021,-0.1766974413531431
-0.0797000000000001,-0.1766974413531431
-0.08070000000000022,-0.1766974413531431
-0.0817000000000001,-0.1766974413531431
-0.08270000000000022,-0.1766974413531431
-0.08370000000000011,-0.1766974413531431
-0.08470000000000022,-0.1766974413531431
-0.08570000000000011,-0.1766974413531431
-0.08670000000000022,-0.1766974413531431
-0.08770000000000011,-0.1766974413531431
-0.08870000000000022,-0.1766974413531431
-0.08970000000000011,-0.1766974413531431
-0.09070000000000022,-0.1766974413531431
-0.09170000000000011,-0.1766974413531431
-0.09270000000000023,-0.1766974413531431
-0.09370000000000012,-0.1766974413531431
-0.09470000000000023,-0.1766974413531431
-0.09570000000000012,-0.1766974413531431
-0.09670000000000023,-0.1766974413531431
-0.09770000000000012,-0.1766974413531431
-0.09870000000000023,-0.1766974413531431
-0.09970000000000012,-0.1766974413531431
-0.10070000000000023,-0.1766974413531431
-0.10170000000000012,-0.1766974413531431
-0.10270000000000024,-0.1766974413531431
-0.10370000000000013,-0.1766974413531431
-0.10470000000000024,-0.1766974413531431
-0.10570000000000013,-0.1766974413531431
-0.10670000000000024,-0.1766974413531431
-0.10770000000000013,-0.1766974413531431
-0.10870000000000024,-0.1766974413531431
-0.10970000000000013,-0.1766974413531431
-0.11070000000000024,-0.1766974413531431
-0.11170000000000013,-0.1766974413531431
-0.11270000000000002,-0.1766974413531431
-0.11370000000000013,-0.1766974413531431
-0.11470000000000002,-0.1766974413531431
-0.11570000000000014,-0.1766974413531431
-0.11670000000000003,-0.1766974413531431
-0.11770000000000014,-0.1766974413531431
-0.11870000000000003,-0.1766974413531431
-0.11970000000000014,-0.1766974413531431
-0.12070000000000003,-0.1766974413531431
-0.12170000000000014,-0.1766974413531431
-0.12270000000000003,-0.1766974413531431
-0.12370000000000014,-0.1766974413531431
-0.12470000000000003,-0.1766974413531431
-0.12570000000000014,-0.1766974413531431
-0.12670000000000003,-0.1766974413531431
-0.12770000000000015,-0.1766974413531431
-0.12870000000000004,-0.1766974413531431
-0.12970000000000015,-0.1766974413531431
-0.13070000000000004,-0.1766974413531431
-0.13170000000000015,-0.1766974413531431
-0.13270000000000004,-0.1766974413531431
-0.13370000000000015,-0.1766974413531431
-0.13470000000000004,-0.1766974413531431
-0.13570000000000015,-0.1766974413531431
-0.13670000000000004,-0.1766974413531431
-0.13770000000000016,-0.1766974413531431
-0.13870000000000005,-0.1766974413531431
-0.13970000000000016,-0.1766974413531431
-0.14070000000000005,-0.1766974413531431
-0.14170000000000016,-0.1766974413531431
-0.14270000000000005,-0.1766974413531431
-0.14370000000000016,-0.1766974413531431
-0.14470000000000005,-0.1766974413531431
-0.14570000000000016,-0.2202705493889862
-0.14670000000000005,-0.1766974413531431
-0.14770000000000016,-0.1766974413531431
-0.14870000000000005,-0.1766974413531431
-0.14970000000000017,-0.1766974413531431
-0.15070000000000006,-0.1766974413531431
-0.15170000000000017,-0.1766974413531431
-0.15270000000000006,-0.1766974413531431
-0.15370000000000017,-0.1766974413531431
-0.15470000000000006,-0.1766974413531431
-0.15570000000000017,-0.1766974413531431
-0.15670000000000006,-0.1766974413531431
-0.15770000000000017,-0.1766974413531431
-0.15870000000000006,-0.1766974413531431
-0.15970000000000018,-0.1766974413531431
-0.16070000000000007,-0.1766974413531431
-0.16170000000000018,-0.1766974413531431
-0.16270000000000007,-0.1766974413531431
-0.16370000000000018,-0.2202705493889862
-0.16470000000000007,-0.1766974413531431
-0.16570000000000018,-0.1766974413531431
-0.16670000000000007,-0.2202705493889862
-0.16770000000000018,-0.1766974413531431
-0.16870000000000007,-0.1766974413531431
-0.16970000000000018,-0.1766974413531431
-0.17070000000000007,-0.1766974413531431
-0.17170000000000019,-0.2202705493889862
-0.17270000000000008,-0.2202705493889862
-0.1737000000000002,-0.2202705493889862
-0.17470000000000008,-0.2202705493889862
-0.1757000000000002,-0.1766974413531431
-0.17670000000000008,-0.2202705493889862
-0.1777000000000002,-0.1766974413531431
-0.17870000000000008,-0.2202705493889862
-0.1797000000000002,-0.2202705493889862
-0.18070000000000008,-0.1766974413531431
-0.1817000000000002,-0.2202705493889862
-0.18270000000000008,-0.1766974413531431
-0.1837000000000002,-0.2202705493889862
-0.1847000000000001,-0.1766974413531431
-0.1857000000000002,-0.2202705493889862
-0.1867000000000001,-0.1766974413531431
-0.1877000000000002,-0.2202705493889862
-0.1887000000000001,-0.1766974413531431
-0.1897000000000002,-0.2202705493889862
-0.1907000000000001,-0.2202705493889862
-0.1917000000000001,-0.2202705493889862
-0.19269999999999998,-0.2202705493889862
-0.1937000000000001,-0.2202705493889862
-0.19469999999999998,-0.2202705493889862
-0.1957000000000001,-0.2202705493889862
-0.19669999999999999,-0.2202705493889862
-0.1977000000000001,-0.2202705493889862
-0.1987,-0.2202705493889862
-0.1997000000000001,-0.2202705493889862
-0.2007,-0.2202705493889862
-0.2017000000000001,-0.2202705493889862
-0.2027,-0.2202705493889862
-0.2037000000000001,-0.2202705493889862
-0.2047,-0.2202705493889862
-0.2057000000000001,-0.2202705493889862
-0.2067,-0.2202705493889862
-0.2077000000000001,-0.2202705493889862
-0.2087,-0.2202705493889862
-0.2097000000000001,-0.2202705493889862
-0.2107,-0.2202705493889862
-0.2117000000000001,-0.2202705493889862
-0.2127,-0.2202705493889862
-0.2137000000000001,-0.2202705493889862
-0.2147,-0.2202705493889862
-0.2157000000000001,-0.2202705493889862
-0.2167,-0.2202705493889862
-0.21770000000000012,-0.2202705493889862
-0.2187,-0.2202705493889862
-0.21970000000000012,-0.2202705493889862
-0.2207,-0.2202705493889862
-0.22170000000000012,-0.2202705493889862
-0.2227,-0.2202705493889862
-0.22370000000000012,-0.2202705493889862
-0.2247,-0.2202705493889862
-0.22570000000000012,-0.2202705493889862
-0.2267,-0.2202705493889862
-0.22770000000000012,-0.2202705493889862
-0.22870000000000001,-0.2202705493889862
-0.22970000000000013,-0.2202705493889862
-0.23070000000000002,-0.2202705493889862
-0.23170000000000013,-0.2202705493889862
-0.23270000000000002,-0.26384365742482935
-0.23370000000000013,-0.2202705493889862
-0.23470000000000002,-0.26384365742482935
-0.23570000000000013,-0.26384365742482935
-0.23670000000000002,-0.2202705493889862
-0.2376999999999999,-0.2202705493889862
-0.23870000000000002,-0.2202705493889862
-0.2396999999999999,-0.26384365742482935
-0.24070000000000003,-0.2202705493889862
-0.24169999999999991,-0.26384365742482935
-0.24270000000000003,-0.2202705493889862
-0.24369999999999992,-0.26384365742482935
-0.24470000000000003,-0.26384365742482935
-0.24569999999999992,-0.2202705493889862
-0.24670000000000003,-0.26384365742482935
-0.24769999999999992,-0.2202705493889862
-0.24870000000000003,-0.26384365742482935
-0.24969999999999992,-0.26384365742482935
-0.25070000000000003,-0.26384365742482935
-0.2516999999999999,-0.2202705493889862
-0.25270000000000004,-0.26384365742482935
-0.2536999999999999,-0.26384365742482935
-0.25470000000000004,-0.26384365742482935
-0.2556999999999999,-0.26384365742482935
-0.25670000000000004,-0.2202705493889862
-0.25769999999999993,-0.26384365742482935
-0.25870000000000004,-0.26384365742482935
-0.25969999999999993,-0.26384365742482935
-0.26070000000000004,-0.26384365742482935
-0.26169999999999993,-0.26384365742482935
-0.26270000000000004,-0.26384365742482935
-0.26369999999999993,-0.26384365742482935
-0.26470000000000005,-0.26384365742482935
-0.26569999999999994,-0.26384365742482935
-0.26670000000000005,-0.26384365742482935
-0.26769999999999994,-0.26384365742482935
-0.26870000000000005,-0.26384365742482935
-0.26969999999999994,-0.26384365742482935
-0.27070000000000005,-0.26384365742482935
-0.27169999999999994,-0.26384365742482935
-0.27270000000000005,-0.26384365742482935
-0.27369999999999994,-0.26384365742482935
-0.27470000000000006,-0.26384365742482935
-0.27569999999999995,-0.26384365742482935
-0.27670000000000006,-0.26384365742482935
-0.27769999999999995,-0.26384365742482935
-0.27870000000000006,-0.26384365742482935
-0.27969999999999995,-0.26384365742482935
-0.28070000000000006,-0.26384365742482935
-0.28169999999999995,-0.26384365742482935
-0.28270000000000006,-0.26384365742482935
-0.28369999999999995,-0.26384365742482935
-0.28470000000000006,-0.26384365742482935
-0.28569999999999995,-0.26384365742482935
-0.28670000000000007,-0.30755823659065895
-0.28769999999999996,-0.26384365742482935
-0.28870000000000007,-0.26384365742482935
-0.28969999999999996,-0.26384365742482935
-0.29070000000000007,-0.26384365742482935
-0.29169999999999996,-0.26384365742482935
-0.29270000000000007,-0.26384365742482935
-0.29369999999999996,-0.30755823659065895
-0.2947000000000001,-0.30755823659065895
-0.29569999999999996,-0.30755823659065895
-0.2967000000000001,-0.30755823659065895
-0.29769999999999996,-0.30755823659065895
-0.2987000000000001,-0.30755823659065895
-0.29969999999999997,-0.30755823659065895
-0.3007000000000001,-0.30755823659065895
-0.30169999999999997,-0.30755823659065895
-0.3027000000000001,-0.30755823659065895
-0.30369999999999997,-0.30755823659065895
-0.3047000000000001,-0.30755823659065895
-0.30569999999999997,-0.30755823659065895
-0.3067000000000001,-0.30755823659065895
-0.3077,-0.30755823659065895
-0.3087000000000001,-0.30755823659065895
-0.3097,-0.30755823659065895
-0.3107000000000001,-0.30755823659065895
-0.3117,-0.30755823659065895
-0.3127000000000001,-0.30755823659065895
-0.3137,-0.30755823659065895
-0.3147000000000001,-0.30755823659065895
-0.3157,-0.30755823659065895
-0.3167000000000001,-0.30755823659065895
-0.3177,-0.30755823659065895
-0.3187000000000001,-0.30755823659065895
-0.3197,-0.30755823659065895
-0.3207000000000001,-0.3511313446265021
-0.3217,-0.30755823659065895
-0.3227000000000001,-0.30755823659065895
-0.3237,-0.30755823659065895
-0.3247000000000001,-0.3511313446265021
-0.3257,-0.30755823659065895
-0.3267000000000001,-0.3511313446265021
-0.3277,-0.3511313446265021
-0.3287000000000001,-0.30755823659065895
-0.3297,-0.3511313446265021
-0.3307000000000001,-0.3511313446265021
-0.3317,-0.3511313446265021
-0.3327000000000001,-0.3511313446265021
-0.3337,-0.3511313446265021
-0.3347000000000001,-0.3511313446265021
-0.3357,-0.3511313446265021
-0.3367000000000001,-0.3511313446265021
-0.3377,-0.3511313446265021
-0.3387000000000001,-0.3511313446265021
-0.3397,-0.3511313446265021
-0.3407000000000001,-0.3511313446265021
-0.3417,-0.3511313446265021
-0.3427000000000001,-0.3947044526623452
-0.3437,-0.3511313446265021
-0.3447000000000001,-0.3947044526623452
-0.3457,-0.3511313446265021
-0.3467000000000001,-0.3511313446265021
-0.3477,-0.3947044526623452
-0.3487000000000001,-0.3947044526623452
-0.3497,-0.3947044526623452
-0.3507000000000001,-0.3947044526623452
-0.3517,-0.3947044526623452
-0.3527000000000001,-0.3947044526623452
-0.3537,-0.3947044526623452
-0.3547000000000001,-0.3947044526623452
-0.3557,-0.3947044526623452
-0.35670000000000013,-0.3947044526623452
-0.3577,-0.3947044526623452
-0.35870000000000013,-0.3947044526623452
-0.3597,-0.3947044526623452
-0.36070000000000013,-0.3947044526623452
-0.3617,-0.3947044526623452
-0.3626999999999999,-0.4384190318281749
-0.3637,-0.3947044526623452
-0.3646999999999999,-0.4384190318281749
-0.3657,-0.4384190318281749
-0.3666999999999999,-0.4384190318281749
-0.3677,-0.4384190318281749
-0.3686999999999999,-0.4384190318281749
-0.36970000000000003,-0.4384190318281749
-0.3706999999999999,-0.4384190318281749
-0.37170000000000003,-0.48199213986401795
-0.3726999999999999,-0.4384190318281749
-0.37370000000000003,-0.4384190318281749
-0.3746999999999999,-0.4384190318281749
-0.37570000000000003,-0.4384190318281749
-0.3766999999999999,-0.48199213986401795
-0.37770000000000004,-0.4384190318281749
-0.3786999999999999,-0.48199213986401795
-0.37970000000000004,-0.4384190318281749
-0.3806999999999999,-0.48199213986401795
-0.38170000000000004,-0.48199213986401795
-0.38269999999999993,-0.48199213986401795
-0.38370000000000004,-0.48199213986401795
-0.38469999999999993,-0.48199213986401795
-0.38570000000000004,-0.48199213986401795
-0.38669999999999993,-0.48199213986401795
-0.38770000000000004,-0.48199213986401795
-0.38869999999999993,-0.48199213986401795
-0.38970000000000005,-0.5255652478998613
-0.39069999999999994,-0.48199213986401795
-0.39170000000000005,-0.5255652478998613
-0.39269999999999994,-0.5255652478998613
-0.39370000000000005,-0.5255652478998613
-0.39469999999999994,-0.5255652478998613
-0.39570000000000005,-0.5255652478998613
-0.39669999999999994,-0.5255652478998613
-0.39770000000000005,-0.5255652478998613
-0.39869999999999994,-0.5255652478998613
-0.39970000000000006,-0.5255652478998613
-0.40069999999999995,-0.5692798270656908
-0.40170000000000006,-0.5692798270656908
-0.40269999999999995,-0.5692798270656908
-0.40370000000000006,-0.5255652478998613
-0.40469999999999995,-0.5692798270656908
-0.40570000000000006,-0.5692798270656908
-0.40669999999999995,-0.5692798270656908
-0.40770000000000006,-0.5692798270656908
-0.40869999999999995,-0.5692798270656908
-0.40970000000000006,-0.5692798270656908
-0.41069999999999995,-0.5692798270656908
-0.41170000000000007,-0.5692798270656908
-0.41269999999999996,-0.6128529351015338
-0.41370000000000007,-0.6128529351015338
-0.41469999999999996,-0.6128529351015338
-0.41570000000000007,-0.6128529351015338
-0.41669999999999996,-0.6128529351015338
-0.41770000000000007,-0.6128529351015338
-0.41869999999999996,-0.6128529351015338
-0.4197000000000001,-0.6128529351015338
-0.42069999999999996,-0.6128529351015338
-0.4217000000000001,-0.6564260431373771
-0.42269999999999996,-0.6564260431373771
-0.4237000000000001,-0.6564260431373771
-0.42469999999999997,-0.6564260431373771
-0.4257000000000001,-0.6564260431373771
-0.42669999999999997,-0.6564260431373771
-0.4277000000000001,-0.6564260431373771
-0.42869999999999997,-0.6564260431373771
-0.4297000000000001,-0.6564260431373771
-0.43069999999999997,-0.7001406223032067
-0.4317000000000001,-0.6564260431373771
-0.4327,-0.7001406223032067
-0.4337000000000001,-0.7001406223032067
-0.4347,-0.7001406223032067
-0.4357000000000001,-0.7001406223032067
-0.4367,-0.7001406223032067
-0.4377000000000001,-0.7001406223032067
-0.4387,-0.7001406223032067
-0.4397000000000001,-0.7437137303390498
-0.4407,-0.7437137303390498
-0.4417000000000001,-0.7437137303390498
-0.4427,-0.7437137303390498
-0.4437000000000001,-0.7437137303390498
-0.4447,-0.7437137303390498
-0.4457000000000001,-0.7437137303390498
-0.4467,-0.7437137303390498
-0.4477000000000001,-0.7872868383748929
-0.4487,-0.7872868383748929
-0.4497000000000001,-0.7872868383748929
-0.4507,-0.7872868383748929
-0.4517000000000001,-0.7872868383748929
-0.4527,-0.7872868383748929
-0.4537000000000001,-0.7872868383748929
-0.4547,-0.7872868383748929
-0.4557000000000001,-0.7872868383748929
-0.4567,-0.8308599464107361
-0.4577000000000001,-0.8308599464107361
-0.4587,-0.8308599464107361
-0.4597000000000001,-0.8308599464107361
-0.4607,-0.8308599464107361
-0.4617000000000001,-0.8308599464107361
-0.4627,-0.8308599464107361
-0.4637000000000001,-0.8745745255765657
-0.4647,-0.8745745255765657
-0.4657000000000001,-0.8745745255765657
-0.4667,-0.8745745255765657
-0.4677000000000001,-0.8745745255765657
-0.4687,-0.8745745255765657
-0.4697000000000001,-0.8745745255765657
-0.4707,-0.9181476336124089
-0.4717000000000001,-0.9181476336124089
-0.4727,-0.9181476336124089
-0.4737000000000001,-0.9181476336124089
-0.4747,-0.9181476336124089
-0.4757000000000001,-0.9181476336124089
-0.4767,-0.9617207416482519
-0.4777000000000001,-0.9617207416482519
-0.4787,-0.9617207416482519
-0.4797000000000001,-0.9617207416482519
-0.4807,-0.9617207416482519
-0.48170000000000013,-1.0054353208140816
-0.4827,-0.9617207416482519
-0.48370000000000013,-1.0054353208140816
-0.4847,-1.0054353208140816
-0.48570000000000013,-1.0054353208140816
-0.4867,-1.0054353208140816
-0.4876999999999999,-1.0054353208140816
-0.4887,-1.0490084288499246
-0.4896999999999999,-1.0054353208140816
-0.4907,-1.0490084288499246
-0.4916999999999999,-1.0490084288499246
-0.4927,-1.0490084288499246
-0.4936999999999999,-1.0490084288499246
-0.49470000000000003,-1.0925815368857679
-0.4956999999999999,-1.0925815368857679
-0.49670000000000003,-1.0925815368857679
-0.4976999999999999,-1.0925815368857679
-0.49870000000000003,-1.0925815368857679
-0.4996999999999999,-1.1362961160515976
-0.5007,-1.0925815368857679
-0.5016999999999999,-1.1362961160515976
-0.5027,-1.1362961160515976
-0.5036999999999999,-1.1362961160515976
-0.5047,-1.1798692240874404
-0.5056999999999999,-1.1798692240874404
-0.5067,-1.1798692240874404
-0.5076999999999999,-1.1798692240874404
-0.5087,-1.1798692240874404
-0.5096999999999999,-1.1798692240874404
-0.5107,-1.2234423321232837
-0.5116999999999999,-1.2234423321232837
-0.5127,-1.2234423321232837
-0.5136999999999999,-1.2234423321232837
-0.5147,-1.2234423321232837
-0.5156999999999999,-1.2671569112891135
-0.5167,-1.2671569112891135
-0.5176999999999999,-1.2671569112891135
-0.5187,-1.3107300193249565
-0.5196999999999999,-1.3107300193249565
-0.5207,-1.3107300193249565
-0.5216999999999999,-1.3107300193249565
-0.5227,-1.3107300193249565
-0.5236999999999999,-1.3107300193249565
-0.5247,-1.3543031273607997
-0.5257,-1.3543031273607997
-0.5267000000000001,-1.3543031273607997
-0.5277,-1.3543031273607997
-0.5287000000000001,-1.3980177065266295
-0.5297,-1.3980177065266295
-0.5307000000000001,-1.3980177065266295
-0.5317,-1.4415908145624723
-0.5327000000000001,-1.3980177065266295
-0.5337,-1.4415908145624723
-0.5347000000000001,-1.4415908145624723
-0.5357,-1.4415908145624723
-0.5367000000000001,-1.4854468648582886
-0.5377,-1.4854468648582886
-0.5387000000000001,-1.4854468648582886
-0.5397,-1.5293029151541047
-0.5407000000000001,-1.5293029151541047
-0.5417,-1.5293029151541047
-0.5427000000000001,-1.5717442541500557
-0.5437,-1.5717442541500557
-0.5447000000000001,-1.5717442541500557
-0.5457,-1.5717442541500557
-0.5467000000000001,-1.6156003044458718
-0.5477,-1.5717442541500557
-0.5487000000000001,-1.6156003044458718
-0.5497,-1.6156003044458718
-0.5507000000000001,-1.6594563547416883
-0.5517,-1.6594563547416883
-0.5527000000000001,-1.6594563547416883
-0.5537,-1.7033124050375041
-0.5547000000000001,-1.7033124050375041
-0.5557,-1.7033124050375041
-0.5567000000000001,-1.7471684553333202
-0.5577,-1.7471684553333202
-0.5587000000000001,-1.7910245056291363
-0.5597,-1.7910245056291363
-0.5607000000000001,-1.7910245056291363
-0.5617,-1.8334658446250875
-0.5627000000000001,-1.8334658446250875
-0.5637,-1.8334658446250875
-0.5647000000000001,-1.8773218949209036
-0.5657,-1.8773218949209036
-0.5667000000000001,-1.8773218949209036
-0.5677,-1.92117794521672
-0.5687000000000001,-1.92117794521672
-0.5697,-1.9650339955125358
-0.5707000000000001,-1.9650339955125358
-0.5717,-2.008890045808352
-0.5727000000000001,-2.008890045808352
-0.5737,-2.052746096104168
-0.5747000000000001,-2.052746096104168
-0.5757,-2.095187435100119
-0.5767000000000001,-2.095187435100119
-0.5777,-2.095187435100119
-0.5787000000000001,-2.1390434853959355
-0.5797,-2.1390434853959355
-0.5807000000000001,-2.1828995356917518
-0.5817,-2.1828995356917518
-0.5827000000000001,-2.226755585987568
-0.5837,-2.226755585987568
-0.5847000000000001,-2.2706116362833835
-0.5857,-2.3144676865791998
-0.5867000000000001,-2.3144676865791998
-0.5877,-2.3569090255751513
-0.5887000000000001,-2.3569090255751513
-0.5897,-2.4007650758709675
-0.5907000000000001,-2.4446211261667834
-0.5917,-2.4446211261667834
-0.5927000000000001,-2.4884771764625997
-0.5937,-2.532333226758415
-0.5947000000000001,-2.532333226758415
-0.5957,-2.576189277054232
-0.5967000000000001,-2.618630616050183
-0.5977,-2.618630616050183
-0.5987000000000001,-2.662486666345999
-0.5997,-2.706342716641815
-0.6007000000000001,-2.7501987669376318
-0.6017,-2.7501987669376318
-0.6027000000000001,-2.794054817233447
-0.6037,-2.8379108675292635
-0.6047000000000001,-2.8803522065252145
-0.6057,-2.924208256821031
-0.6067000000000001,-2.968064307116847
-0.6077,-3.0119203574126634
-0.6087000000000001,-3.0119203574126634
-0.6097,-3.055776407708479
-0.6107000000000001,-3.0996324580042955
-0.6117,-3.1420737970002466
-0.6126999999999999,-3.1859298472960624
-0.6137,-3.2297858975918787
-0.6146999999999999,-3.273641947887695
-0.6157,-3.317497998183511
-0.6166999999999999,-3.361354048479327
-0.6177,-3.403795387475278
-0.6186999999999999,-3.447651437771094
-0.6197,-3.4915074880669104
-0.6206999999999999,-3.579219588658543
-0.6217,-3.623075638954359
-0.6226999999999999,-3.6655169779503103
-0.6237,-3.7093730282461257
-0.6246999999999999,-3.7532290785419424
-0.6257,-3.840941179133574
-0.6266999999999999,-3.884797229429391
-0.6277,-3.927238568425342
-0.6286999999999999,-4.014950669016974
-0.6297,-4.0588067193127895
-0.6306999999999999,-4.102662769608606
-0.6317,-4.1889601589003735
-0.6326999999999999,-4.23281620919619
-0.6337,-4.3205283097878215
-0.6346999999999999,-4.364384360083638
-0.6357,-4.450681749375406
-0.6366999999999999,-4.494537799671222
-0.6377,-4.582249900262854
-0.6386999999999999,-4.668547289554621
-0.6397,-4.712403339850438
-0.6406999999999999,-4.800115440442069
-0.6417,-4.887827541033701
-0.6426999999999999,-4.974124930325469
-0.6437,-5.017980980621284
-0.6446999999999999,-5.105693081212917
-0.6457,-5.191990470504685
-0.6466999999999999,-5.279702571096316
-0.6477,-5.367414671687949
-0.6486999999999999,-5.453712060979717
-0.6497,-5.5414241615713475
-0.6507,-5.629136262162981
-0.6517000000000001,-5.715433651454749
-0.6527,-5.80314575204638
-0.6537000000000001,-5.890857852638012
-0.6547,-6.021011292225596
-0.6557000000000001,-6.108723392817228
-0.6567,-6.238876832404812
-0.6577000000000001,-6.326588932996443
-0.6587,-6.414301033588076
-0.6597000000000001,-6.54445447317566
-0.6607,-6.632166573767292
-0.6617000000000001,-6.762320013354876
-0.6627,-6.893888164242324
-0.6637000000000001,-6.981600264833956
-0.6647,-7.111753704421539
-0.6657000000000001,-7.243321855308987
-0.6667,-7.37347529489657
-0.6677000000000001,-7.50504344578402
-0.6687,-7.635196885371603
-0.6697000000000001,-7.7653503249591855
-0.6707,-7.896918475846635
-0.6717000000000001,-8.027071915434218
-0.6727,-8.158640066321666
-0.6737000000000001,-8.288793505909249
-0.6747,-8.464217707092514
-0.6757000000000001,-8.594371146680096
-0.6767,-8.725939297567548
-0.6777000000000001,-8.85609273715513
-0.6787,-9.031516938338395
-0.6797000000000001,-9.161670377925978
-0.6807,-9.335679867809377
-0.6817000000000001,-9.511104068992642
-0.6827,-9.641257508580225
-0.6837000000000001,-9.81668170976349
-0.6847,-9.946835149351072
-0.6857000000000001,-10.164700689530287
-0.6867,-10.340124890713554
-0.6877000000000001,-10.514134380596953
-0.6887,-10.644287820184536
-0.6897000000000001,-10.863568071663616
-0.6907,-11.081433611842833
-0.6917000000000001,-11.255443101726232
-0.6927,-11.42945259160963
-0.6937000000000001,-11.647318131788847
-0.6947,-11.82274233297211
-0.6957000000000001,-12.040607873151327
-0.6967,-12.214617363034726
-0.6977000000000001,-12.476338953509758
-0.6987,-12.694204493688973
-0.6997000000000001,-12.913484745168056
-0.7007,-13.087494235051453
-0.7017000000000001,-13.30535977523067
-0.7027,-13.523225315409885
-0.7037000000000001,-13.741090855589102
-0.7047,-13.960371107068182
-0.7057000000000001,-14.175407224647667
-0.7067,-14.444202371622024
-0.7077000000000001,-14.65640906660178
-0.7087,-14.925204213576137
-0.7097000000000001,-15.137410908555893
-0.7107,-15.448647394526201
-0.7117000000000001,-15.660854089505953
-0.7127,-15.972090575476265
-0.7137000000000001,-16.22673860945197
-0.7147,-16.438945304431726
-0.7157000000000001,-16.750181790402035
-0.7167,-16.962388485381787
-0.7177000000000001,-17.231183632356142
-0.7187,-17.48583166633185
-0.7197000000000001,-17.797068152302163
-0.7207,-18.06586329927652
-0.7217000000000001,-18.362952672248177
-0.7227,-18.674189158218486
-0.7237000000000001,-19.01371987018609
-0.7247,-19.3249563561564
-0.7257000000000001,-19.636192842126707
-0.7267,-19.97572355409432
-0.7277000000000001,-20.244518701068674
-0.7287,-20.541608074040333
-0.7297000000000001,-20.89528589900659
-0.7307,-21.248963723972853
-0.7317000000000001,-21.58849443594046
-0.7327,-21.94217226090672
-0.7337000000000001,-22.33829142486893
-0.7347,-22.63538079784059
-0.7357000000000001,-22.989058622806844
-0.7367,-23.342736447773106
-0.7376999999999999,-23.767149837732617
-0.7387,-24.16326900169483
-0.7396999999999999,-24.559388165657033
-0.7407,-24.9130659906233
-0.7416999999999999,-25.295038041586857
-0.7427,-25.60627452755716
-0.7436999999999999,-26.002393691519377
-0.7447,-26.440954194477534
-0.7456999999999999,-26.822926245441096
-0.7467,-27.303928087395207
-0.7476999999999999,-27.700047251357418
-0.7487,-28.09616641531963
-0.7496999999999999,-28.577168257273744
-0.7507,-29.001581647233255
-0.7516999999999999,-29.482583489187363
-0.7527,-29.878702653149578
-0.7536999999999999,-30.274821817111786
-0.7547,-30.71338232006995
-0.7556999999999999,-31.27926684001596
-0.7567,-31.76026868197007
-0.7576999999999999,-32.24127052392419
-0.7587,-32.70812525287965
-0.7596999999999999,-33.06180307784591
-0.7607,-33.58524625879597
-0.7616999999999999,-34.06624810075008
-0.7627,-34.58969128170015
-0.7636999999999999,-35.15557580164616
-0.7647,-35.679018982596226
-0.7656999999999999,-36.11757948555439
-0.7667,-36.6834640055004
-0.7676999999999999,-37.122024508458566
-0.7687,-37.687909028404576
-0.7696999999999999,-38.29623488734655
-0.7707,-38.81967806829661
-0.7716999999999999,-39.34312124924667
-0.7727,-39.95144710818864
-0.7736999999999999,-40.43244895014274
-0.7747,-41.04077480908471
-0.7757,-41.66324778102533
-0.7767000000000001,-42.130102509980794
-0.7777,-42.752575481921404
-0.7787000000000001,-43.40334267985933
-0.7797,-43.96922719980534
-0.7807000000000001,-44.619994397743255
-0.7817,-45.22832025668522
-0.7827000000000001,-45.85079322862584
-0.7837,-46.45911908756781
-0.7847000000000001,-47.067444946509774
-0.7857,-47.76065348344364
-0.7867000000000001,-48.36897934238561
-0.7877,-48.93486386233162
-0.7887000000000001,-49.59977817326819
-0.7897,-50.29298671020206
-0.7907000000000001,-50.98619524713592
-0.7917,-51.73599223606439
-0.7927000000000001,-52.34431809500636
-0.7937,-52.995085292944275
-0.7947000000000001,-53.68829382987814
-0.7957,-54.35320814081471
-0.7967000000000001,-55.046416677748574
-0.7977,-55.73962521468245
-0.7987000000000001,-56.57430488160282
-0.7997,-57.408984548523186
-0.8007000000000001,-57.93242772947325
-0.8017,-58.583194927411164
-0.8027000000000001,-59.36128614233694
-0.8037,-60.11108313126541
-0.8047000000000001,-60.889174346191176
-0.8057,-61.5965299961237
-0.8067000000000001,-62.33217987205352
-0.8077,-63.11027108697928
-0.8087000000000001,-63.944950753899654
-0.8097,-64.77963042082003
-0.8107000000000001,-65.5577216357458
-0.8117,-66.20848883368372
-0.8127000000000001,-66.91584448361623
-0.8137,-67.73637703753796
-0.8147000000000001,-68.44373268747047
-0.8157,-69.30670658038814
-0.8167000000000001,-70.14138624730852
-0.8177,-70.8345947842424
-0.8187000000000001,-71.58439177317086
-0.8197,-72.32004164910067
-0.8207000000000001,-73.23960399401295
-0.8217,-74.0176952089387
-0.8227000000000001,-74.8523748758591
-0.8237,-75.54558341279296
-0.8247000000000001,-76.50758709670117
-0.8257,-77.20079563363505
-0.8267000000000001,-77.86570994457162
-0.8277,-78.77112517648524
-0.8287000000000001,-79.52092216541372
-0.8297,-80.42633739732734
-0.8307000000000001,-81.30345840324367
-0.8317,-82.13813807016405
-0.8327000000000001,-83.04355330207765
-0.8337,-83.87823296899803
-0.8347000000000001,-84.7129126359184
-0.8357,-85.61832786783202
-0.8367000000000001,-86.5378902127443
-0.8377,-87.45745255765657
-0.8387000000000001,-88.27798511157829
-0.8397,-89.11266477849867
-0.8407000000000001,-90.07466846240689
-0.8417,-90.93764235532454
-0.8427000000000001,-91.81476336124088
-0.8437,-92.73432570615316
-0.8447000000000001,-93.69632939006138
-0.8457,-94.47442060498715
-0.8467000000000001,-95.43642428889537
-0.8477,-96.35598663380765
-0.8487000000000001,-97.17651918772938
-0.8497,-98.09608153264163
-0.8507000000000001,-99.10052655554581
-0.8517,-100.06253023945405
-0.8527000000000001,-100.79818011538387
-0.8537,-101.71774246029614
-0.8547000000000001,-102.76462882219626
-0.8557,-103.59930848911664
-0.8567000000000001,-104.46228238203432
-0.8577,-105.46672740493848
-0.8587000000000001,-106.38628974985076
-0.8597,-107.34829343375898
-0.8607000000000001,-108.2537086656726
-0.8617,-109.08838833259297
-0.8626999999999999,-110.05039201650122
-0.8637,-111.01239570040943
-0.8646999999999999,-112.01684072331359
-0.8657,-112.83737327723534
-0.8666999999999999,-113.75693562214758
-0.8677,-114.88870466203963
-0.8686999999999999,-115.72338432896
-0.8697,-116.62879956087362
-0.8706999999999999,-117.54836190578591
-0.8717,-118.55280692869007
-0.8726999999999999,-119.5996932905902
-0.8737,-120.51925563550247
-0.8746999999999999,-121.33978818942418
-0.8757,-122.21690919534053
-0.8766999999999999,-123.2213542182447
-0.8777,-124.09847522416102
-0.8786999999999999,-124.91900777808273
-0.8797,-125.92345280098691
-0.8806999999999999,-126.97033916288706
-0.8817,-127.88990150779931
-0.8826999999999999,-128.8094638527116
-0.8837,-129.89879155360765
-0.8846999999999999,-130.7193241075294
-0.8857,-131.68132779143764
-0.8866999999999999,-132.03500561640385
-0.8857,-131.5115624354538
-0.8846999999999999,-130.9456779155078
-0.8837,-130.42223473455772
-0.8826999999999999,-129.89879155360765
-0.8817,-129.2338772426711
-0.8806999999999999,-128.66799272272507
-0.8797,-128.01722552478716
-0.8786999999999999,-127.28157564885734
-0.8777,-126.5317786599289
-0.8766999999999999,-125.7536874450031
-0.8757,-125.10292024706521
-0.8746999999999999,-124.52288861412055
-0.8737,-123.78723873819072
-0.8726999999999999,-123.09403020125686
-0.8717,-122.25935053433648
-0.8706999999999999,-121.73590735338641
-0.8697,-120.9153747994647
-0.8686999999999999,-120.25046048852812
-0.8677,-119.4299279346064
-0.8666999999999999,-118.82160207566443
-0.8657,-118.02936374774
-0.8646999999999999,-117.29371387181018
-0.8637,-116.67124089986959
-0.8626999999999999,-115.8931496849438
-0.8617,-115.10091135701937
-0.8607000000000001,-114.40770282008553
-0.8597,-113.71449428315165
-0.8587000000000001,-112.96469729422319
-0.8577,-112.27148875728932
-0.8567000000000001,-111.5358388813595
-0.8557,-110.96995436141347
-0.8547000000000001,-110.26259871148096
-0.8537,-109.61183151354304
-0.8527000000000001,-108.77715184662266
-0.8517,-107.914177953705
-0.8507000000000001,-107.20682230377247
-0.8497,-106.55605510583456
-0.8487000000000001,-105.90528790789664
-0.8477,-105.07060824097626
-0.8467000000000001,-104.33495836504645
-0.8457,-103.7266325061045
-0.8447000000000001,-102.93439417818009
-0.8437,-102.3260683192381
-0.8427000000000001,-101.59041844330828
-0.8417,-100.71329743739196
-0.8407000000000001,-100.06253023945405
-0.8397,-99.41176304151614
-0.8387000000000001,-98.66196605258766
-0.8377,-98.01119885464975
-0.8367000000000001,-97.17651918772938
-0.8357,-96.4833106507955
-0.8347000000000001,-95.87498479185354
-0.8337,-95.18177625491967
-0.8327000000000001,-94.34709658799929
-0.8317,-93.65388805106544
-0.8307000000000001,-92.94653240113291
-0.8297,-92.29576520319499
-0.8287000000000001,-91.60255666626112
-0.8277,-90.89520101632861
-0.8267000000000001,-90.28687515738663
-0.8257,-89.55122528145681
-0.8247000000000001,-88.9853407615108
-0.8237,-88.4194562415648
-0.8227000000000001,-87.62721791364037
-0.8217,-86.97645071570246
-0.8207000000000001,-86.18421238777805
-0.8197,-85.66076920682796
-0.8187000000000001,-85.052443347886
-0.8177,-84.48655882793999
-0.8167000000000001,-83.79335029100612
-0.8157,-83.14258309306821
-0.8147000000000001,-82.56255146012353
-0.8137,-81.95422560118158
-0.8127000000000001,-81.38834108123557
-0.8117,-80.61024986630979
-0.8107000000000001,-79.94533555537322
-0.8097,-79.33700969643127
-0.8087000000000001,-78.68624249849334
-0.8077,-78.12035797854733
-0.8067000000000001,-77.51203211960537
-0.8057,-76.9037062606634
-0.8047000000000001,-76.23879194972683
-0.8037,-75.54558341279296
-0.8027000000000001,-74.93725755385098
-0.8017,-74.37137303390499
-0.8007000000000001,-73.80548851395896
-0.7997,-73.15472131602105
-0.7987000000000001,-72.53224834408043
-0.7977,-72.00880516313036
-0.7967000000000001,-71.44292064318435
-0.7957,-70.74971210625048
-0.7947000000000001,-70.09894490831257
-0.7937,-69.4906190493706
-0.7927000000000001,-68.96717586842054
-0.7917,-68.38714423547587
-0.7907000000000001,-67.82125971552985
-0.7897,-67.21293385658788
-0.7887000000000001,-66.60460799764593
-0.7877,-66.08116481669586
-0.7867000000000001,-65.5577216357458
-0.7857,-64.86451309881193
-0.7847000000000001,-64.34106991786187
-0.7837,-63.732744058919906
-0.7827000000000001,-63.06782974798333
-0.7817,-62.544386567033264
-0.7807000000000001,-62.06338472507916
-0.7797,-61.49750020513315
-0.7787000000000001,-60.93161568518713
-0.7777,-60.32328982624517
-0.7767000000000001,-59.7149639673032
-0.7757,-59.23396212534908
-0.7747,-58.62563626640712
-0.7736999999999999,-58.18707576344896
-0.7727,-57.66363258249889
-0.7716999999999999,-57.097748062552874
-0.7707,-56.57430488160282
-0.7696999999999999,-56.008420361656796
-0.7687,-55.484977180706736
-0.7676999999999999,-54.919092660760725
-0.7667,-54.39564947981066
-0.7656999999999999,-53.91464763785655
-0.7647,-53.433645795902436
-0.7636999999999999,-52.86776127595642
-0.7627,-52.34431809500636
-0.7616999999999999,-51.77843357506035
-0.7607,-51.21254905511432
-0.7596999999999999,-50.73154721316022
-0.7587,-50.1656626932142
-0.7576999999999999,-49.68466085126009
-0.7567,-49.24610034830193
-0.7556999999999999,-48.76509850634781
-0.7547,-48.32653800338966
-0.7536999999999999,-47.84553616143554
-0.7527,-47.32209298048547
-0.7516999999999999,-46.84109113853137
-0.7507,-46.3176479575813
-0.7496999999999999,-45.93567590661774
-0.7487,-45.53955674265553
-0.7476999999999999,-45.05855490070142
-0.7467,-44.619994397743255
-0.7456999999999999,-44.223875233781044
-0.7447,-43.79946184382153
-0.7436999999999999,-43.23357732387552
-0.7427,-42.79501682091736
-0.7416999999999999,-42.39889765695515
-0.7407,-42.00277849299294
-0.7396999999999999,-41.43689397304693
-0.7387,-40.99833347008877
-0.7376999999999999,-40.559772967130606
-0.7367,-40.092918238175145
-0.7357000000000001,-39.739240413208876
-0.7347,-39.30067991025072
-0.7337000000000001,-38.86211940729255
-0.7327,-38.46600024333035
-0.7317000000000001,-38.04158685337084
-0.7307,-37.687909028404576
-0.7297000000000001,-37.291789864442364
-0.7287,-36.8532293614842
-0.7277000000000001,-36.4288159715247
-0.7267,-36.07513814655844
-0.7257000000000001,-35.594136304604326
-0.7247,-35.15557580164616
-0.7237000000000001,-34.75945663768395
-0.7227,-34.377484586720385
-0.7217000000000001,-33.93892408376223
-0.7207,-33.58524625879597
-0.7197000000000001,-33.18912709483376
-0.7187,-32.807155043870196
-0.7177000000000001,-32.49591855789989
-0.7167,-32.09979939393769
-0.7157000000000001,-31.76026868197007
-0.7147,-31.36414951800786
-0.7137000000000001,-30.968030354045652
-0.7127,-30.614352529079397
-0.7117000000000001,-30.274821817111786
-0.7107,-29.921143992145527
-0.7097000000000001,-29.581613280177915
-0.7087,-29.22793545521166
-0.7077000000000001,-28.91669896924135
-0.7067,-28.53472691827779
-0.7057000000000001,-28.18104909331153
-0.7047,-27.827371268345274
-0.7037000000000001,-27.487840556377662
-0.7027,-27.134162731411404
-0.7017000000000001,-26.822926245441096
-0.7007,-26.483395533473487
-0.6997000000000001,-26.17215904750318
-0.6987,-25.86092256153287
-0.6977000000000001,-25.521391849565262
-0.6967,-25.167714024599
-0.6957000000000001,-24.870624651627345
-0.6947,-24.559388165657033
-0.6937000000000001,-24.20571034069078
-0.6927,-23.951062306715073
-0.6917000000000001,-23.639825820744765
-0.6907,-23.342736447773106
-0.6897000000000001,-23.073941300798747
-0.6887,-22.72026347583249
-0.6877000000000001,-22.46561544185678
-0.6867,-22.15437895588647
-0.6857000000000001,-21.857289582914817
-0.6847,-21.58849443594046
-0.6837000000000001,-21.333846401964752
-0.6827,-20.980168576998494
-0.6817000000000001,-20.76796188201874
-0.6807,-20.456725396048434
-0.6797000000000001,-20.202077362072725
-0.6787,-19.93328221509837
-0.6777000000000001,-19.721075520118614
-0.6767,-19.409839034148305
-0.6757000000000001,-19.155191000172596
-0.6747,-18.92883719219419
-0.6737000000000001,-18.674189158218486
-0.6727,-18.44783535024008
-0.6717000000000001,-18.19318731626437
-0.6707,-17.924392169290012
-0.6697000000000001,-17.669744135314307
-0.6687,-17.40094898833995
-0.6677000000000001,-17.188742293360193
-0.6667,-16.962388485381787
-0.6657000000000001,-16.750181790402035
-0.6647,-16.53797509542228
-0.6637000000000001,-16.269179948447924
-0.6627,-16.014531914472215
-0.6617000000000001,-15.830619445489761
-0.6607,-15.618412750510005
-0.6597000000000001,-15.349617603535648
-0.6587,-15.179852247551842
-0.6577000000000001,-14.967645552572087
-0.6567,-14.741291744593681
-0.6557000000000001,-14.529085049613924
-0.6547,-14.30273124163552
-0.6537000000000001,-14.13438059695158
-0.6527,-13.916515056772363
-0.6517000000000001,-13.698649516593148
-0.6507,-13.47936926511407
-0.6497,-13.30535977523067
-0.6486999999999999,-13.087494235051453
-0.6477,-12.869628694872238
-0.6466999999999999,-12.694204493688973
-0.6457,-12.476338953509758
-0.6446999999999999,-12.302329463626359
-0.6437,-12.12831997374296
-0.6426999999999999,-11.909039722263879
-0.6417,-11.73503023238048
-0.6406999999999999,-11.56102074249708
-0.6397,-11.385596541313816
-0.6386999999999999,-11.211587051430415
-0.6377,-11.037577561547016
-0.6366999999999999,-10.863568071663616
-0.6357,-10.688143870480351
-0.6346999999999999,-10.514134380596953
-0.6337,-10.382566229709504
-0.6326999999999999,-10.208556739826104
-0.6317,-10.034547249942705
-0.6306999999999999,-9.85912304875944
-0.6297,-9.728969609171857
-0.6286999999999999,-9.55496011928846
-0.6277,-9.423391968401008
-0.6266999999999999,-9.24938247851761
-0.6257,-9.073958277334345
-0.6246999999999999,-8.943804837746763
-0.6237,-8.812236686859313
-0.6226999999999999,-8.638227196975913
-0.6217,-8.508073757388331
-0.6206999999999999,-8.376505606500881
-0.6197,-8.246352166913299
-0.6186999999999999,-8.11478401602585
-0.6177,-7.940774526142452
-0.6166999999999999,-7.853062425550818
-0.6157,-7.722908985963235
-0.6146999999999999,-7.591340835075788
-0.6137,-7.461187395488204
-0.6126999999999999,-7.329619244600755
-0.6117,-7.199465805013171
-0.6107000000000001,-7.067897654125724
-0.6097,-6.93774421453814
-0.6087000000000001,-6.850032113946507
-0.6077,-6.719878674358924
-0.6067000000000001,-6.588310523471475
-0.6057,-6.500598422879844
-0.6047000000000001,-6.37044498329226
-0.6037,-6.282732882700628
-0.6027000000000001,-6.152579443113044
-0.6017,-6.064867342521412
-0.6007000000000001,-5.977155241929781
-0.5997,-5.847001802342197
-0.5987000000000001,-5.715433651454749
-0.5977,-5.629136262162981
-0.5967000000000001,-5.5414241615713475
-0.5957,-5.453712060979717
-0.5947000000000001,-5.323558621392133
-0.5937,-5.235846520800501
-0.5927000000000001,-5.149549131508733
-0.5917,-5.0618370309171015
-0.5907000000000001,-4.974124930325469
-0.5897,-4.887827541033701
-0.5887000000000001,-4.800115440442069
-0.5877,-4.712403339850438
-0.5867000000000001,-4.626105950558669
-0.5857,-4.538393849967037
-0.5847000000000001,-4.450681749375406
-0.5837,-4.364384360083638
-0.5827000000000001,-4.276672259492005
-0.5817,-4.1889601589003735
-0.5807000000000001,-4.146518819904423
-0.5797,-4.014950669016974
-0.5787000000000001,-3.971094618721158
-0.5777,-3.884797229429391
-0.5767000000000001,-3.840941179133574
-0.5757,-3.7532290785419424
-0.5747000000000001,-3.6655169779503103
-0.5737,-3.623075638954359
-0.5727000000000001,-3.5353635383627267
-0.5717,-3.4915074880669104
-0.5707000000000001,-3.403795387475278
-0.5697,-3.361354048479327
-0.5687000000000001,-3.273641947887695
-0.5677,-3.2297858975918787
-0.5667000000000001,-3.1859298472960624
-0.5657,-3.0996324580042955
-0.5647000000000001,-3.055776407708479
-0.5637,-2.968064307116847
-0.5627000000000001,-2.924208256821031
-0.5617,-2.8803522065252145
-0.5607000000000001,-2.8379108675292635
-0.5597,-2.7501987669376318
-0.5587000000000001,-2.706342716641815
-0.5577,-2.662486666345999
-0.5567000000000001,-2.618630616050183
-0.5557,-2.576189277054232
-0.5547000000000001,-2.4884771764625997
-0.5537,-2.4446211261667834
-0.5527000000000001,-2.4007650758709675
-0.5517,-2.3569090255751513
-0.5507000000000001,-2.3144676865791998
-0.5497,-2.2706116362833835
-0.5487000000000001,-2.226755585987568
-0.5477,-2.1828995356917518
-0.5467000000000001,-2.1390434853959355
-0.5457,-2.095187435100119
-0.5447000000000001,-2.052746096104168
-0.5437,-2.008890045808352
-0.5427000000000001,-1.9650339955125358
-0.5417,-1.92117794521672
-0.5407000000000001,-1.8773218949209036
-0.5397,-1.8334658446250875
-0.5387000000000001,-1.7910245056291363
-0.5377,-1.7471684553333202
-0.5367000000000001,-1.7471684553333202
-0.5357,-1.7033124050375041
-0.5347000000000001,-1.6594563547416883
-0.5337,-1.6156003044458718
-0.5327000000000001,-1.5717442541500557
-0.5317,-1.5717442541500557
-0.5307000000000001,-1.5293029151541047
-0.5297,-1.4854468648582886
-0.5287000000000001,-1.4415908145624723
-0.5277,-1.4415908145624723
-0.5267000000000001,-1.3980177065266295
-0.5257,-1.3543031273607997
-0.5247,-1.3543031273607997
-0.5236999999999999,-1.3107300193249565
-0.5227,-1.2671569112891135
-0.5216999999999999,-1.2234423321232837
-0.5207,-1.2234423321232837
-0.5196999999999999,-1.2234423321232837
-0.5187,-1.1798692240874404
-0.5176999999999999,-1.1362961160515976
-0.5167,-1.0925815368857679
-0.5156999999999999,-1.0925815368857679
-0.5147,-1.0490084288499246
-0.5136999999999999,-1.0490084288499246
-0.5127,-1.0490084288499246
-0.5116999999999999,-1.0054353208140816
-0.5107,-0.9617207416482519
-0.5096999999999999,-0.9617207416482519
-0.5087,-0.9181476336124089
-0.5076999999999999,-0.9181476336124089
-0.5067,-0.9181476336124089
-0.5056999999999999,-0.8745745255765657
-0.5047,-0.8745745255765657
-0.5036999999999999,-0.8308599464107361
-0.5027,-0.8308599464107361
-0.5016999999999999,-0.7872868383748929
-0.5007,-0.7872868383748929
-0.4996999999999999,-0.7437137303390498
-0.49870000000000003,-0.7437137303390498
-0.4976999999999999,-0.7437137303390498
-0.49670000000000003,-0.7001406223032067
-0.4956999999999999,-0.7001406223032067
-0.49470000000000003,-0.6564260431373771
-0.4936999999999999,-0.6564260431373771
-0.4927,-0.6564260431373771
-0.4916999999999999,-0.6564260431373771
-0.4907,-0.6128529351015338
-0.4896999999999999,-0.6128529351015338
-0.4887,-0.5692798270656908
-0.4876999999999999,-0.5692798270656908
-0.4867,-0.5692798270656908
-0.48570000000000013,-0.5255652478998613
-0.4847,-0.5255652478998613
-0.48370000000000013,-0.5255652478998613
-0.4827,-0.48199213986401795
-0.48170000000000013,-0.48199213986401795
-0.4807,-0.48199213986401795
-0.4797000000000001,-0.48199213986401795
-0.4787,-0.4384190318281749
-0.4777000000000001,-0.4384190318281749
-0.4767,-0.3947044526623452
-0.4757000000000001,-0.4384190318281749
-0.4747,-0.3947044526623452
-0.4737000000000001,-0.3947044526623452
-0.4727,-0.3511313446265021
-0.4717000000000001,-0.3511313446265021
-0.4707,-0.3511313446265021
-0.4697000000000001,-0.3511313446265021
-0.4687,-0.3511313446265021
-0.4677000000000001,-0.30755823659065895
-0.4667,-0.30755823659065895
-0.4657000000000001,-0.30755823659065895
-0.4647,-0.30755823659065895
-0.4637000000000001,-0.26384365742482935
-0.4627,-0.26384365742482935
-0.4617000000000001,-0.26384365742482935
-0.4607,-0.26384365742482935
-0.4597000000000001,-0.26384365742482935
-0.4587,-0.26384365742482935
-0.4577000000000001,-0.2202705493889862
-0.4567,-0.2202705493889862
-0.4557000000000001,-0.2202705493889862
-0.4547,-0.2202705493889862
-0.4537000000000001,-0.1766974413531431
-0.4527,-0.1766974413531431
-0.4517000000000001,-0.1766974413531431
-0.4507,-0.1766974413531431
-0.4497000000000001,-0.1766974413531431
-0.4487,-0.1766974413531431
-0.4477000000000001,-0.1330535977523067
-0.4467,-0.1766974413531431
-0.4457000000000001,-0.1330535977523067
-0.4447,-0.1330535977523067
-0.4437000000000001,-0.1330535977523067
-0.4427,-0.1330535977523067
-0.4417000000000001,-0.1330535977523067
-0.4407,-0.08943804837746762
-0.4397000000000001,-0.1330535977523067
-0.4387,-0.08943804837746762
-0.4377000000000001,-0.08943804837746762
-0.4367,-0.08943804837746762
-0.4357000000000001,-0.08943804837746762
-0.4347,-0.08943804837746762
-0.4337000000000001,-0.08943804837746762
-0.4327,-0.08943804837746762
-0.4317000000000001,-0.04582249900262853
-0.43069999999999997,-0.04582249900262853
-0.4297000000000001,-0.04582249900262853
-0.42869999999999997,-0.04582249900262853
-0.4277000000000001,-0.04582249900262853
-0.42669999999999997,-0.04582249900262853
-0.4257000000000001,-0.04582249900262853
-0.42469999999999997,-0.04582249900262853
-0.4237000000000001,-0.04582249900262853
-0.42269999999999996,-0.002205534916489592
-0.4217000000000001,-0.04582249900262853
-0.42069999999999996,-0.04582249900262853
-0.4197000000000001,-0.04582249900262853
-0.41869999999999996,-0.002205534916489592
-0.41770000000000007,-0.002205534916489592
-0.41669999999999996,-0.002205534916489592
-0.41570000000000007,-0.002205534916489592
-0.41469999999999996,-0.002205534916489592
-0.41370000000000007,-0.002205534916489592
-0.41269999999999996,-0.002205534916489592
-0.41170000000000007,0.04140859974704963
-0.41069999999999995,-0.002205534916489592
-0.40970000000000006,-0.002205534916489592
-0.40869999999999995,0.04140859974704963
-0.40770000000000006,-0.002205534916489592
-0.40669999999999995,0.04140859974704963
-0.40570000000000006,0.04140859974704963
-0.40469999999999995,0.04140859974704963
-0.40370000000000006,-0.002205534916489592
-0.40269999999999995,0.04140859974704963
-0.40170000000000006,0.04140859974704963
-0.40069999999999995,0.04140859974704963
-0.39970000000000006,0.04140859974704963
-0.39869999999999994,0.04140859974704963
-0.39770000000000005,0.04140859974704963
-0.39669999999999994,0.04140859974704963
-0.39570000000000005,0.04140859974704963
-0.39469999999999994,0.04140859974704963
-0.39370000000000005,0.04140859974704963
-0.39269999999999994,0.04140859974704963
-0.39170000000000005,0.08502414912188871
-0.39069999999999994,0.04140859974704963
-0.38970000000000005,0.08502414912188871
-0.38869999999999993,0.08502414912188871
-0.38770000000000004,0.08502414912188871
-0.38669999999999993,0.08502414912188871
-0.38570000000000004,0.08502414912188871
-0.38469999999999993,0.08502414912188871
-0.38370000000000004,0.08502414912188871
-0.38269999999999993,0.08502414912188871
-0.38170000000000004,0.08502414912188871
-0.3806999999999999,0.08502414912188871
-0.37970000000000004,0.08502414912188871
-0.3786999999999999,0.08502414912188871
-0.37770000000000004,0.08502414912188871
-0.3766999999999999,0.08502414912188871
-0.37570000000000003,0.08502414912188871
-0.3746999999999999,0.08502414912188871
-0.37370000000000003,0.12863969849672777
-0.3726999999999999,0.08502414912188871
-0.37170000000000003,0.12863969849672777
-0.3706999999999999,0.12863969849672777
-0.36970000000000003,0.08502414912188871
-0.3686999999999999,0.12863969849672777
-0.3677,0.08502414912188871
-0.3666999999999999,0.12863969849672777
-0.3657,0.12863969849672777
-0.3646999999999999,0.12863969849672777
-0.3637,0.08502414912188871
-0.3626999999999999,0.12863969849672777
-0.3617,0.12863969849672777
-0.36070000000000013,0.12863969849672777
-0.3597,0.12863969849672777
-0.35870000000000013,0.12863969849672777
-0.3577,0.12863969849672777
-0.35670000000000013,0.12863969849672777
-0.3557,0.12863969849672777
-0.3547000000000001,0.12863969849672777
-0.3537,0.12863969849672777
-0.3527000000000001,0.12863969849672777
-0.3517,0.12863969849672777
-0.3507000000000001,0.12863969849672777
-0.3497,0.12863969849672777
-0.3487000000000001,0.12863969849672777
-0.3477,0.12863969849672777
-0.3467000000000001,0.12863969849672777
-0.3457,0.12863969849672777
-0.3447000000000001,0.12863969849672777
-0.3437,0.12863969849672777
-0.3427000000000001,0.12863969849672777
-0.3417,0.17231183632356148
-0.3407000000000001,0.12863969849672777
-0.3397,0.12863969849672777
-0.3387000000000001,0.12863969849672777
-0.3377,0.12863969849672777
-0.3367000000000001,0.12863969849672777
-0.3357,0.12863969849672777
-0.3347000000000001,0.12863969849672777
-0.3337,0.12863969849672777
-0.3327000000000001,0.17231183632356148
-0.3317,0.12863969849672777
-0.3307000000000001,0.17231183632356148
-0.3297,0.12863969849672777
-0.3287000000000001,0.17231183632356148
-0.3277,0.12863969849672777
-0.3267000000000001,0.17231183632356148
-0.3257,0.17231183632356148
-0.3247000000000001,0.12863969849672777
-0.3237,0.17231183632356148
-0.3227000000000001,0.17231183632356148
-0.3217,0.17231183632356148
-0.3207000000000001,0.17231183632356148
-0.3197,0.17231183632356148
-0.3187000000000001,0.17231183632356148
-0.3177,0.17231183632356148
-0.3167000000000001,0.17231183632356148
-0.3157,0.17231183632356148
-0.3147000000000001,0.17231183632356148
-0.3137,0.17231183632356148
-0.3127000000000001,0.17231183632356148
-0.3117,0.17231183632356148
-0.3107000000000001,0.17231183632356148
-0.3097,0.17231183632356148
-0.3087000000000001,0.17231183632356148
-0.3077,0.17231183632356148
-0.3067000000000001,0.17231183632356148
-0.30569999999999997,0.17231183632356148
-0.3047000000000001,0.17231183632356148
-0.30369999999999997,0.17231183632356148
-0.3027000000000001,0.17231183632356148
-0.30169999999999997,0.17231183632356148
-0.3007000000000001,0.17231183632356148
-0.29969999999999997,0.17231183632356148
-0.2987000000000001,0.17231183632356148
-0.29769999999999996,0.17231183632356148
-0.2967000000000001,0.17231183632356148
-0.29569999999999996,0.17231183632356148
-0.2947000000000001,0.17231183632356148
-0.29369999999999996,0.17231183632356148
-0.29270000000000007,0.17231183632356148
-0.29169999999999996,0.17231183632356148
-0.29070000000000007,0.17231183632356148
-0.28969999999999996,0.17231183632356148
-0.28870000000000007,0.17231183632356148
-0.28769999999999996,0.17231183632356148
-0.28670000000000007,0.17231183632356148
-0.28569999999999995,0.17231183632356148
-0.28470000000000006,0.17231183632356148
-0.28369999999999995,0.17231183632356148
-0.28270000000000006,0.17231183632356148
-0.28169999999999995,0.17231183632356148
-0.28070000000000006,0.17231183632356148
-0.27969999999999995,0.17231183632356148
-0.27870000000000006,0.17231183632356148
-0.27769999999999995,0.17231183632356148
-0.27670000000000006,0.17231183632356148
-0.27569999999999995,0.17231183632356148
-0.27470000000000006,0.17231183632356148
-0.27369999999999994,0.17231183632356148
-0.27270000000000005,0.17231183632356148
-0.27169999999999994,0.17231183632356148
-0.27070000000000005,0.21588494435940458
-0.26969999999999994,0.17231183632356148
-0.26870000000000005,0.17231183632356148
-0.26769999999999994,0.17231183632356148
-0.26670000000000005,0.17231183632356148
-0.26569999999999994,0.21588494435940458
-0.26470000000000005,0.17231183632356148
-0.26369999999999993,0.17231183632356148
-0.26270000000000004,0.17231183632356148
-0.26169999999999993,0.17231183632356148
-0.26070000000000004,0.17231183632356148
-0.25969999999999993,0.21588494435940458
-0.25870000000000004,0.17231183632356148
-0.25769999999999993,0.17231183632356148
-0.25670000000000004,0.17231183632356148
-0.2556999999999999,0.17231183632356148
-0.25470000000000004,0.17231183632356148
-0.2536999999999999,0.17231183632356148
-0.25270000000000004,0.17231183632356148
-0.2516999999999999,0.17231183632356148
-0.25070000000000003,0.21588494435940458
-0.24969999999999992,0.17231183632356148
-0.24870000000000003,0.17231183632356148
-0.24769999999999992,0.21588494435940458
-0.24670000000000003,0.17231183632356148
-0.24569999999999992,0.17231183632356148
-0.24470000000000003,0.17231183632356148
-0.24369999999999992,0.21588494435940458
-0.24270000000000003,0.21588494435940458
-0.24169999999999991,0.21588494435940458
-0.24070000000000003,0.21588494435940458
-0.2396999999999999,0.17231183632356148
-0.23870000000000002,0.17231183632356148
-0.2376999999999999,0.17231183632356148
-0.23670000000000002,0.21588494435940458
-0.23570000000000013,0.21588494435940458
-0.23470000000000002,0.17231183632356148
-0.23370000000000013,0.21588494435940458
-0.23270000000000002,0.17231183632356148
-0.23170000000000013,0.21588494435940458
-0.23070000000000002,0.21588494435940458
-0.22970000000000013,0.21588494435940458
-0.22870000000000001,0.17231183632356148
-0.22770000000000012,0.21588494435940458
-0.2267,0.21588494435940458
-0.22570000000000012,0.21588494435940458
-0.2247,0.21588494435940458
-0.22370000000000012,0.21588494435940458
-0.2227,0.17231183632356148
-0.22170000000000012,0.21588494435940458
-0.2207,0.21588494435940458
-0.21970000000000012,0.21588494435940458
-0.2187,0.21588494435940458
-0.21770000000000012,0.17231183632356148
-0.2167,0.21588494435940458
-0.2157000000000001,0.21588494435940458
-0.2147,0.21588494435940458
-0.2137000000000001,0.21588494435940458
-0.2127,0.21588494435940458
-0.2117000000000001,0.17231183632356148
-0.2107,0.21588494435940458
-0.2097000000000001,0.21588494435940458
-0.2087,0.21588494435940458
-0.2077000000000001,0.21588494435940458
-0.2067,0.21588494435940458
-0.2057000000000001,0.21588494435940458
-0.2047,0.21588494435940458
-0.2037000000000001,0.21588494435940458
-0.2027,0.21588494435940458
-0.2017000000000001,0.21588494435940458
-0.2007,0.21588494435940458
-0.1997000000000001,0.21588494435940458
-0.1987,0.21588494435940458
-0.1977000000000001,0.21588494435940458
-0.19669999999999999,0.21588494435940458
-0.1957000000000001,0.21588494435940458
-0.19469999999999998,0.21588494435940458
-0.1937000000000001,0.21588494435940458
-0.19269999999999998,0.21588494435940458
-0.1917000000000001,0.21588494435940458
-0.1907000000000001,0.21588494435940458
-0.1897000000000002,0.21588494435940458
-0.1887000000000001,0.21588494435940458
-0.1877000000000002,0.21588494435940458
-0.1867000000000001,0.21588494435940458
-0.1857000000000002,0.21588494435940458
-0.1847000000000001,0.21588494435940458
-0.1837000000000002,0.21588494435940458
-0.18270000000000008,0.21588494435940458
-0.1817000000000002,0.21588494435940458
-0.18070000000000008,0.21588494435940458
-0.1797000000000002,0.21588494435940458
-0.17870000000000008,0.21588494435940458
-0.1777000000000002,0.21588494435940458
-0.17670000000000008,0.21588494435940458
-0.1757000000000002,0.21588494435940458
-0.17470000000000008,0.21588494435940458
-0.1737000000000002,0.21588494435940458
-0.17270000000000008,0.21588494435940458
-0.17170000000000019,0.21588494435940458
-0.17070000000000007,0.21588494435940458
-0.16970000000000018,0.21588494435940458
-0.16870000000000007,0.21588494435940458
-0.16770000000000018,0.21588494435940458
-0.16670000000000007,0.2594580523952477
-0.16570000000000018,0.21588494435940458
-0.16470000000000007,0.21588494435940458
-0.16370000000000018,0.21588494435940458
-0.16270000000000007,0.21588494435940458
-0.16170000000000018,0.21588494435940458
-0.16070000000000007,0.21588494435940458
-0.15970000000000018,0.21588494435940458
-0.15870000000000006,0.21588494435940458
-0.15770000000000017,0.21588494435940458
-0.15670000000000006,0.21588494435940458
-0.15570000000000017,0.21588494435940458
-0.15470000000000006,0.21588494435940458
-0.15370000000000017,0.21588494435940458
-0.15270000000000006,0.21588494435940458
-0.15170000000000017,0.21588494435940458
-0.15070000000000006,0.21588494435940458
-0.14970000000000017,0.21588494435940458
-0.14870000000000005,0.21588494435940458
-0.14770000000000016,0.21588494435940458
-0.14670000000000005,0.2594580523952477
-0.14570000000000016,0.21588494435940458
-0.14470000000000005,0.2594580523952477
-0.14370000000000016,0.21588494435940458
-0.14270000000000005,0.2594580523952477
-0.14170000000000016,0.21588494435940458
-0.14070000000000005,0.2594580523952477
-0.13970000000000016,0.2594580523952477
-0.13870000000000005,0.2594580523952477
-0.13770000000000016,0.2594580523952477
-0.13670000000000004,0.21588494435940458
-0.13570000000000015,0.2594580523952477
-0.13470000000000004,0.21588494435940458
-0.13370000000000015,0.2594580523952477
-0.13270000000000004,0.2594580523952477
-0.13170000000000015,0.2594580523952477
-0.13070000000000004,0.2594580523952477
-0.12970000000000015,0.2594580523952477
-0.12870000000000004,0.2594580523952477
-0.12770000000000015,0.2594580523952477
-0.12670000000000003,0.2594580523952477
-0.12570000000000014,0.2594580523952477
-0.12470000000000003,0.2594580523952477
-0.12370000000000014,0.21588494435940458
-0.12270000000000003,0.2594580523952477
-0.12170000000000014,0.2594580523952477
-0.12070000000000003,0.2594580523952477
-0.11970000000000014,0.2594580523952477
-0.11870000000000003,0.2594580523952477
-0.11770000000000014,0.2594580523952477
-0.11670000000000003,0.2594580523952477
-0.11570000000000014,0.2594580523952477
-0.11470000000000002,0.2594580523952477
-0.11370000000000013,0.2594580523952477
-0.11270000000000002,0.2594580523952477
-0.11170000000000013,0.2594580523952477
-0.11070000000000024,0.2594580523952477
-0.10970000000000013,0.2594580523952477
-0.10870000000000024,0.2594580523952477
-0.10770000000000013,0.2594580523952477
-0.10670000000000024,0.2594580523952477
-0.10570000000000013,0.2594580523952477
-0.10470000000000024,0.3031726315610774
-0.10370000000000013,0.2594580523952477
-0.10270000000000024,0.2594580523952477
-0.10170000000000012,0.3031726315610774
-0.10070000000000023,0.2594580523952477
-0.09970000000000012,0.2594580523952477
-0.09870000000000023,0.3031726315610774
-0.09770000000000012,0.3031726315610774
-0.09670000000000023,0.2594580523952477
-0.09570000000000012,0.3031726315610774
-0.09470000000000023,0.2594580523952477
-0.09370000000000012,0.3031726315610774
-0.09270000000000023,0.3031726315610774
-0.09170000000000011,0.3031726315610774
-0.09070000000000022,0.3031726315610774
-0.08970000000000011,0.3031726315610774
-0.08870000000000022,0.3031726315610774
-0.08770000000000011,0.3031726315610774
-0.08670000000000022,0.3031726315610774
-0.08570000000000011,0.3031726315610774
-0.08470000000000022,0.3031726315610774
-0.08370000000000011,0.3031726315610774
-0.08270000000000022,0.3031726315610774
-0.0817000000000001,0.3031726315610774
-0.08070000000000022,0.3031726315610774
-0.0797000000000001,0.3031726315610774
-0.07870000000000021,0.3031726315610774
-0.0777000000000001,0.3467457395969205
-0.07670000000000021,0.3031726315610774
-0.0757000000000001,0.3467457395969205
-0.07470000000000021,0.3031726315610774
-0.0737000000000001,0.3031726315610774
-0.07270000000000021,0.3467457395969205
-0.0717000000000001,0.3031726315610774
-0.07070000000000021,0.3031726315610774
-0.0697000000000001,0.3467457395969205
-0.0687000000000002,0.3467457395969205
-0.0677000000000001,0.3467457395969205
-0.0667000000000002,0.3467457395969205
-0.06570000000000009,0.3467457395969205
-0.0647000000000002,0.3467457395969205
-0.06370000000000009,0.3467457395969205
-0.0627000000000002,0.3467457395969205
-0.06170000000000009,0.3467457395969205
-0.0607000000000002,0.3467457395969205
-0.059700000000000086,0.3467457395969205
-0.058700000000000196,0.3467457395969205
-0.057700000000000085,0.3467457395969205
-0.056700000000000195,0.3467457395969205
-0.05570000000000008,0.3467457395969205
-0.05470000000000019,0.3467457395969205
-0.05370000000000008,0.3467457395969205
-0.05270000000000019,0.3903188476327636
-0.05170000000000008,0.3467457395969205
-0.05070000000000019,0.3903188476327636
-0.04970000000000008,0.3467457395969205
-0.04870000000000019,0.3903188476327636
-0.047700000000000076,0.3903188476327636
-0.046700000000000186,0.3903188476327636
-0.045700000000000074,0.3903188476327636
-0.044700000000000184,0.3903188476327636
-0.04370000000000007,0.3903188476327636
-0.04270000000000018,0.3903188476327636
-0.04170000000000007,0.3903188476327636
-0.04070000000000018,0.3903188476327636
-0.03970000000000007,0.43403342679859325
-0.03870000000000018,0.3903188476327636
-0.03770000000000007,0.43403342679859325
-0.03670000000000018,0.43403342679859325
-0.035700000000000065,0.43403342679859325
-0.034700000000000175,0.43403342679859325
-0.03370000000000006,0.43403342679859325
-0.03270000000000017,0.43403342679859325
-0.03170000000000006,0.43403342679859325
-0.03070000000000017,0.43403342679859325
-0.02970000000000006,0.43403342679859325
-0.02870000000000017,0.43403342679859325
-0.027700000000000058,0.43403342679859325
-0.026700000000000168,0.43403342679859325
-0.025700000000000056,0.43403342679859325
-0.024700000000000166,0.43403342679859325
-0.023700000000000054,0.4776065348344364
-0.022700000000000164,0.4776065348344364
-0.021700000000000053,0.4776065348344364
-0.020700000000000163,0.4776065348344364
-0.01970000000000005,0.4776065348344364
-0.01870000000000016,0.4776065348344364
-0.01770000000000005,0.4776065348344364
-0.01670000000000016,0.4776065348344364
-0.015700000000000047,0.4776065348344364
-0.014700000000000157,0.4776065348344364
-0.013700000000000045,0.4776065348344364
-0.012700000000000156,0.5211796428702795
-0.011700000000000044,0.5211796428702795
-0.010700000000000154,0.5211796428702795
-0.009700000000000042,0.5211796428702795
-0.008700000000000152,0.5211796428702795
-0.00770000000000004,0.5211796428702795
-0.00670000000000015,0.5211796428702795
-0.005700000000000038,0.5647527509061226
-0.0047000000000001485,0.5647527509061226
-0.0037000000000000366,0.5647527509061226
-0.0027000000000001467,0.5647527509061226
-0.0017000000000000348,0.5647527509061226
-0.000700000000000145,0.5647527509061226
0.00029999999999996696,0.5647527509061226
0.0012999999999998568,0.6084673300719523
0.0022999999999999687,0.6084673300719523
0.0032999999999998586,0.5647527509061226
0.0042999999999999705,0.6084673300719523
0.00529999999999986,0.6084673300719523
0.006299999999999972,0.6084673300719523
0.007299999999999862,0.6084673300719523
0.008299999999999974,0.6084673300719523
0.009299999999999864,0.6084673300719523
0.010299999999999976,0.6084673300719523
0.011299999999999866,0.6084673300719523
0.012299999999999978,0.6520404381077953
