Potential V vs RHE, Current mA cm-2
0.013299999999999867,-0.10157627133030964
0.012299999999999978,-0.14599820614607179
0.011299999999999866,-0.1499593977856939
0.010299999999999976,-0.15335470490536995
0.009299999999999864,-0.15575971411514053
0.008299999999999974,-0.15957943462477614
0.007299999999999862,-0.16042826140469515
0.006299999999999972,-0.16339915513441172
0.00529999999999986,-0.16339915513441172
0.0042999999999999705,-0.16481386643427676
0.0032999999999998586,-0.16792623129397988
0.0022999999999999687,-0.16835064468393937
0.0012999999999998568,-0.1693409425938449
0.00029999999999996696,-0.17033124050375043
-0.000700000000000145,-0.17103859615368294
-0.0017000000000000348,-0.172736249713521
-0.0027000000000001467,-0.1731606631034805
-0.0037000000000000366,-0.17146300954364244
-0.0047000000000001485,-0.1766974413531431
-0.005700000000000038,-0.1728777208435075
-0.00670000000000015,-0.17471684553333205
-0.00770000000000004,-0.17556567231325104
-0.008700000000000152,-0.17556567231325104
-0.009700000000000042,-0.17613155683319706
-0.010700000000000154,-0.17896097943292713
-0.011700000000000044,-0.17853656604296764
-0.012700000000000156,-0.17980980621284617
-0.013700000000000045,-0.17896097943292713
-0.014700000000000157,-0.17952686395287318
-0.015700000000000047,-0.1783950949129811
-0.01670000000000016,-0.17995127734283267
-0.01770000000000005,-0.18263922881257624
-0.01870000000000016,-0.1806586329927652
-0.01970000000000005,-0.17910245056291366
-0.020700000000000163,-0.18405394011244128
-0.021700000000000053,-0.17853656604296764
-0.022700000000000164,-0.18179040203265723
-0.023700000000000054,-0.18391246898245475
-0.024700000000000166,-0.18221481542261672
-0.025700000000000056,-0.1857515936722793
-0.026700000000000168,-0.18263922881257624
-0.027700000000000058,-0.18362952672248176
-0.02870000000000017,-0.18306364220253574
-0.02970000000000006,-0.18263922881257624
-0.03070000000000017,-0.18645894932221183
-0.03170000000000006,-0.18391246898245475
-0.03270000000000017,-0.18391246898245475
-0.03370000000000006,-0.1854686514123063
-0.034700000000000175,-0.18292217107254924
-0.035700000000000065,-0.18631747819222533
-0.03670000000000018,-0.18645894932221183
-0.03770000000000007,-0.1858930648022658
-0.03870000000000018,-0.18631747819222533
-0.03970000000000007,-0.18660042045219835
-0.04070000000000018,-0.1854686514123063
-0.04170000000000007,-0.18688336271217135
-0.04270000000000018,-0.18773218949209036
-0.04370000000000007,-0.18688336271217135
-0.044700000000000184,-0.18801513175206336
-0.045700000000000074,-0.1861760070622388
-0.046700000000000186,-0.18801513175206336
-0.047700000000000076,-0.1890054296619689
-0.04870000000000019,-0.18730777610213087
-0.04970000000000008,-0.19027866983184744
-0.05070000000000019,-0.18674189158218485
-0.05170000000000008,-0.18928837192194192
-0.05270000000000019,-0.18971278531190142
-0.05370000000000008,-0.1890054296619689
-0.05470000000000019,-0.18914690079195542
-0.05570000000000008,-0.19070308322180693
-0.056700000000000195,-0.18843954514202288
-0.057700000000000085,-0.19070308322180693
-0.058700000000000196,-0.18928837192194192
-0.059700000000000086,-0.18985425644188791
-0.0607000000000002,-0.19056161209182043
-0.06170000000000009,-0.19254220791163149
-0.0627000000000002,-0.19070308322180693
-0.06370000000000009,-0.19112749661176645
-0.0647000000000002,-0.19098602548177993
-0.06570000000000009,-0.19409839034148305
-0.0667000000000002,-0.1899957275718744
-0.0677000000000001,-0.19098602548177993
-0.0687000000000002,-0.193532505821537
-0.0697000000000001,-0.19141043887173945
-0.07070000000000021,-0.1922592656516585
-0.0717000000000001,-0.19183485226169897
-0.07270000000000021,-0.18985425644188791
-0.0737000000000001,-0.1933910346915505
-0.07470000000000021,-0.192400736781645
-0.0757000000000001,-0.19169338113171247
-0.07670000000000021,-0.1933910346915505
-0.0777000000000001,-0.19098602548177993
-0.07870000000000021,-0.1931080924315775
-0.0797000000000001,-0.19268367904161798
-0.08070000000000022,-0.19141043887173945
-0.0817000000000001,-0.19438133260145604
-0.08270000000000022,-0.193532505821537
-0.08370000000000011,-0.19254220791163149
-0.08470000000000022,-0.1936739769515235
-0.08570000000000011,-0.192117794521672
-0.08670000000000022,-0.192400736781645
-0.08770000000000011,-0.1936739769515235
-0.08870000000000022,-0.1936739769515235
-0.08970000000000011,-0.19480574599141554
-0.09070000000000022,-0.193249563561564
-0.09170000000000011,-0.1936739769515235
-0.09270000000000023,-0.1972107552011861
-0.09370000000000012,-0.19494721712140206
-0.09470000000000023,-0.1933910346915505
-0.09570000000000012,-0.19508868825138856
-0.09670000000000023,-0.1933910346915505
-0.09770000000000012,-0.19607898616129407
-0.09870000000000023,-0.19254220791163149
-0.09970000000000012,-0.1933910346915505
-0.10070000000000023,-0.19678634181122662
-0.10170000000000012,-0.19395691921149652
-0.10270000000000024,-0.19607898616129407
-0.10370000000000013,-0.19423986147146954
-0.10470000000000024,-0.19480574599141554
-0.10570000000000013,-0.19622045729128057
-0.10670000000000024,-0.19508868825138856
-0.10770000000000013,-0.1970692840711996
-0.10870000000000024,-0.1970692840711996
-0.10970000000000013,-0.19565457277133455
-0.11070000000000024,-0.19622045729128057
-0.11170000000000013,-0.19636192842126707
-0.11270000000000002,-0.1966448706812401
-0.11370000000000013,-0.1976351685911456
-0.11470000000000002,-0.19636192842126707
-0.11570000000000014,-0.1966448706812401
-0.11670000000000003,-0.19961576441095666
-0.11770000000000014,-0.19579604390132105
-0.11870000000000003,-0.19692781294121312
-0.11970000000000014,-0.1976351685911456
-0.12070000000000003,-0.1965033995512536
-0.12170000000000014,-0.19791811085111863
-0.12270000000000003,-0.19890840876102414
-0.12370000000000014,-0.1970692840711996
-0.12470000000000003,-0.19975723554094318
-0.12570000000000014,-0.19805958198110513
-0.12670000000000003,-0.20018164893090268
-0.12770000000000015,-0.20046459119087567
-0.12870000000000004,-0.19919135102099716
-0.12970000000000015,-0.20060606232086217
-0.13070000000000004,-0.19862546650105112
-0.13170000000000015,-0.19820105311109162
-0.13270000000000004,-0.20258665814067325
-0.13370000000000015,-0.19890840876102414
-0.13470000000000004,-0.2008890045808352
-0.13570000000000015,-0.2011719468408082
-0.13670000000000004,-0.19933282215098366
-0.13770000000000016,-0.20258665814067325
-0.13870000000000005,-0.2010304757108217
-0.13970000000000016,-0.20145488910078121
-0.14070000000000005,-0.2040013694405383
-0.14170000000000016,-0.20216224475071373
-0.14270000000000005,-0.20329401379060577
-0.14370000000000016,-0.2035769560505788
-0.14470000000000005,-0.20216224475071373
-0.14570000000000016,-0.20456725396048434
-0.14670000000000005,-0.20456725396048434
-0.14770000000000016,-0.20428431170051128
-0.14870000000000005,-0.20428431170051128
-0.14970000000000017,-0.2038598983105518
-0.15070000000000006,-0.2065478497802954
-0.15170000000000017,-0.20541608074040332
-0.15270000000000006,-0.2076796188201874
-0.15370000000000017,-0.20951874351001196
-0.15470000000000006,-0.2066893209102819
-0.15570000000000017,-0.2089528589900659
-0.15670000000000006,-0.21065051254990397
-0.15770000000000017,-0.20852844560010642
-0.15870000000000006,-0.20994315689997145
-0.15970000000000018,-0.20994315689997145
-0.16070000000000007,-0.21079198367989047
-0.16170000000000018,-0.21390434853959353
-0.16270000000000007,-0.21065051254990397
-0.16370000000000018,-0.2157434732294181
-0.16470000000000007,-0.21588494435940458
-0.16570000000000018,-0.21461170418952608
-0.16670000000000007,-0.21701671339929662
-0.16770000000000018,-0.21630935774936413
-0.16870000000000007,-0.2164508288793506
-0.16970000000000018,-0.21871436695913468
-0.17070000000000007,-0.21942172260906717
-0.17170000000000019,-0.2181484824391887
-0.17270000000000008,-0.22055349164895924
-0.1737000000000002,-0.22111937616890526
-0.17470000000000008,-0.22196820294882427
-0.1757000000000002,-0.22366585650866228
-0.17670000000000008,-0.22196820294882427
-0.1777000000000002,-0.2267782213683654
-0.17870000000000008,-0.22522203893851384
-0.1797000000000002,-0.2267782213683654
-0.18070000000000008,-0.23003205735805496
-0.1817000000000002,-0.2284758749282034
-0.18270000000000008,-0.23045647074801448
-0.1837000000000002,-0.23201265317786599
-0.1847000000000001,-0.23300295108777153
-0.1857000000000002,-0.23498354690758255
-0.1867000000000001,-0.23399324899767707
-0.1877000000000002,-0.23611531594747462
-0.1887000000000001,-0.23795444063729917
-0.1897000000000002,-0.24007650758709673
-0.1907000000000001,-0.2423400456668808
-0.1917000000000001,-0.24333034357678635
-0.19269999999999998,-0.2420571034069078
-0.1937000000000001,-0.24870624651627343
-0.19469999999999998,-0.24630123730650288
-0.1957000000000001,-0.24997948668615194
-0.19669999999999999,-0.250828313466071
-0.1977000000000001,-0.2537992071957876
-0.1987,-0.25507244736566614
-0.1997000000000001,-0.2574774565754367
-0.2007,-0.25705304318547717
-0.2017000000000001,-0.2624289461249643
-0.2027,-0.2624289461249643
-0.2037000000000001,-0.2652583687246944
-0.2047,-0.269643973754276
-0.2057000000000001,-0.2689366181043435
-0.2067,-0.2736051653938981
-0.2077000000000001,-0.27487840556377663
-0.2087,-0.27530281895373615
-0.2097000000000001,-0.2803957796332503
-0.2107,-0.2805372507632368
-0.2117000000000001,-0.2843569712728724
-0.2127,-0.2891669896924135
-0.2137000000000001,-0.29029875873230554
-0.2147,-0.2976552574916037
-0.2157000000000001,-0.30034320896134725
-0.2167,-0.30034320896134725
-0.21770000000000012,-0.30699235207071296
-0.2187,-0.3067094098107399
-0.21970000000000012,-0.31180237049025405
-0.2207,-0.3159050332598627
-0.22170000000000012,-0.3177441579496872
-0.2227,-0.3221297629792688
-0.22370000000000012,-0.3253835989689584
-0.2247,-0.3290618483486075
-0.22570000000000012,-0.3348621646780542
-0.2267,-0.33712570275783826
-0.22770000000000012,-0.34136983665743337
-0.22870000000000001,-0.3467457395969205
-0.22970000000000013,-0.3497166333266371
-0.23070000000000002,-0.35608283417602976
-0.23170000000000013,-0.3584878433858003
-0.23270000000000002,-0.3647125731052065
-0.23370000000000013,-0.37051288943465316
-0.23470000000000002,-0.37419113881430216
-0.23570000000000013,-0.37786938819395127
-0.23670000000000002,-0.38536735808323597
-0.2376999999999999,-0.38918707859287155
-0.23870000000000002,-0.3959776928322238
-0.2396999999999999,-0.40064624012177835
-0.24070000000000003,-0.406163614191252
-0.24169999999999991,-0.41550070877036127
-0.24270000000000003,-0.4197448426699564
-0.24369999999999992,-0.423281620919619
-0.24470000000000003,-0.4321943021087687
-0.24569999999999992,-0.43742873391826936
-0.24670000000000003,-0.4433705213777025
-0.24769999999999992,-0.45256614482682517
-0.24870000000000003,-0.4558199808165148
-0.24969999999999992,-0.4661473733055296
-0.25070000000000003,-0.47053297833511115
-0.2516999999999999,-0.47689917918450386
-0.25270000000000004,-0.48651921602358617
-0.2536999999999999,-0.49472454156280327
-0.25470000000000004,-0.5023639825820745
-0.2556999999999999,-0.5085887123014806
-0.25670000000000004,-0.5175013934906304
-0.25769999999999993,-0.5266970169397532
-0.25870000000000004,-0.533346160049119
-0.25969999999999993,-0.5408441299384036
-0.26070000000000004,-0.5514544646873913
-0.26169999999999993,-0.5603671458765411
-0.26270000000000004,-0.5718263074054479
-0.26369999999999993,-0.5773436814749214
-0.26470000000000005,-0.5869637183140037
-0.26569999999999994,-0.597432581933005
-0.26670000000000005,-0.6076185032920333
-0.26769999999999994,-0.6180873669110345
-0.26870000000000005,-0.6264341635802383
-0.26969999999999994,-0.6363371426792934
-0.27070000000000005,-0.6476548330782137
-0.27169999999999994,-0.658123696697215
-0.27270000000000005,-0.6666119644964053
-0.27369999999999994,-0.6803346641050962
-0.27470000000000006,-0.6892473452942459
-0.27569999999999995,-0.6987259110033417
-0.27670000000000006,-0.714004793041884
-0.27769999999999995,-0.7222101185811013
-0.27870000000000006,-0.735649875929819
-0.27969999999999995,-0.7485237487585908
-0.28070000000000006,-0.7577193722077137
-0.28169999999999995,-0.7728567831162695
-0.28270000000000006,-0.7838915312552168
-0.28369999999999995,-0.7953506927841236
-0.28470000000000006,-0.810912517082639
-0.28569999999999995,-0.8218057940915999
-0.28670000000000007,-0.8368017338701692
-0.28769999999999996,-0.8492511933089816
-0.28870000000000007,-0.8607103548378884
-0.28969999999999996,-0.8769795347863362
-0.29070000000000007,-0.8890045808351891
-0.29169999999999996,-0.9034346360938125
-0.29270000000000007,-0.9206941139521657
-0.29369999999999996,-0.9324362177410456
-0.2947000000000001,-0.947715099779588
-0.29569999999999996,-0.961437799388279
-0.2967000000000001,-0.9772825659467672
-0.29769999999999996,-0.9929858613752693
-0.2987000000000001,-1.005293849684095
-0.29969999999999997,-1.021563029632543
-0.3007000000000001,-1.039529863140829
-0.30169999999999997,-1.0541013895294389
-0.3027000000000001,-1.068814387048035
-0.30369999999999997,-1.0852250381264696
-0.3047000000000001,-1.101635689204904
-0.30569999999999997,-1.1215831185330012
-0.3067000000000001,-1.13700347170153
-0.3077,-1.1528482382600183
-0.3087000000000001,-1.1713809562882502
-0.3097,-1.1860939538068467
-0.3107000000000001,-1.204909614095052
-0.3117,-1.2238667455132433
-0.3127000000000001,-1.2414091656315698
-0.3137,-1.2603662970497613
-0.3147000000000001,-1.277767246038101
-0.3157,-1.2970073197162655
-0.3167000000000001,-1.3169547490443627
-0.3177,-1.334497169162689
-0.3187000000000001,-1.3526054738009616
-0.3197,-1.372411431999072
-0.3207000000000001,-1.3941979860169935
-0.3217,-1.4132965885651718
-0.3227000000000001,-1.433102546763282
-0.3237,-1.4514937936615278
-0.3247000000000001,-1.4755438857592333
-0.3257,-1.4939351326574788
-0.3267000000000001,-1.5151558021554543
-0.3277,-1.5363764716534298
-0.3287000000000001,-1.5547677185516753
-0.3297,-1.580232521949246
-0.3307000000000001,-1.5972090575476263
-0.3317,-1.6212591496453321
-0.3327000000000001,-1.6453092417430377
-0.3337,-1.6637004886412832
-0.3347000000000001,-1.6877505807389888
-0.3357,-1.7089712502369643
-0.3367000000000001,-1.7316066310348048
-0.3377,-1.7584861457322407
-0.3387000000000001,-1.776877392630486
-0.3397,-1.8037569073279218
-0.3407000000000001,-1.8278069994256272
-0.3417,-1.8518570915233332
-0.3427000000000001,-1.8787366062207687
-0.3437,-1.9027866983184742
-0.3447000000000001,-1.92683679041618
-0.3457,-1.9551310164134805
-0.3467000000000001,-1.9791811085111866
-0.3477,-2.0060606232086218
-0.3487000000000001,-2.0329401379060577
-0.3497,-2.0626490752032236
-0.3507000000000001,-2.0866991673009294
-0.3517,-2.1149933932982297
-0.3527000000000001,-2.1432876192955304
-0.3537,-2.174411267892561
-0.3547000000000001,-2.202705493889862
-0.3557,-2.229585008587298
-0.35670000000000013,-2.260708657184329
-0.3577,-2.2890028831816296
-0.35870000000000013,-2.3243706656782552
-0.3597,-2.349835469075826
-0.36070000000000013,-2.380959117672857
-0.3617,-2.417741611469348
-0.3626999999999999,-2.4474505487665135
-0.3637,-2.4799889086634095
-0.3646999999999999,-2.512527268560305
-0.3657,-2.545065628457201
-0.3666999999999999,-2.5804334109538267
-0.3677,-2.615801193450453
-0.3686999999999999,-2.6511689759470785
-0.36970000000000003,-2.6865367584437045
-0.3706999999999999,-2.7219045409403306
-0.37170000000000003,-2.7629311686364164
-0.3726999999999999,-2.8025430850326374
-0.37370000000000003,-2.8350814449295334
-0.3746999999999999,-2.877522783925485
-0.37570000000000003,-2.91289056642211
-0.3766999999999999,-2.9525024828183315
-0.37770000000000004,-2.994943821814283
-0.3786999999999999,-3.0373851608102336
-0.37970000000000004,-3.074167654606725
-0.3806999999999999,-3.119438416202406
-0.38170000000000004,-3.160465043898492
-0.38269999999999993,-3.205735805494173
-0.38370000000000004,-3.249591855789989
-0.38469999999999993,-3.2920331947859403
-0.38570000000000004,-3.3373039563816214
-0.38669999999999993,-3.381160006677438
-0.38770000000000004,-3.432089613472579
-0.38869999999999993,-3.4872633541673155
-0.38970000000000005,-3.5311194044631313
-0.39069999999999994,-3.580634299958408
-0.39170000000000005,-3.6343933293532795
-0.39269999999999994,-3.683908224848555
-0.39370000000000005,-3.7376672542434273
-0.39469999999999994,-3.7928409949381634
-0.39570000000000005,-3.84518531303317
-0.39669999999999994,-3.903188476327636
-0.39770000000000005,-3.956947505722508
-0.39869999999999994,-4.01636538031684
-0.39970000000000006,-4.074368543611305
-0.40069999999999995,-4.135201129505503
-0.40170000000000006,-4.197448426699564
-0.40269999999999995,-4.2526221673943
-0.40370000000000006,-4.317698887188092
-0.40469999999999995,-4.379946184382153
-0.40570000000000006,-4.445022904175945
-0.40669999999999995,-4.512929046569467
-0.40770000000000006,-4.579420477663124
-0.40869999999999995,-4.6416677748571855
-0.40970000000000006,-4.7138180511503025
-0.41069999999999995,-4.783138904843689
-0.41170000000000007,-4.8581186037365365
-0.41269999999999996,-4.928854168729788
-0.41370000000000007,-4.991101465923849
-0.41469999999999996,-5.068910587416426
-0.41570000000000007,-5.150963842808599
-0.41669999999999996,-5.22735825300131
-0.41770000000000007,-5.299508529294427
-0.41869999999999996,-5.37873236208687
-0.4197000000000001,-5.459370906179177
-0.42069999999999996,-5.538594738971618
-0.4217000000000001,-5.617818571764061
-0.42269999999999996,-5.704115961055828
-0.4237000000000001,-5.787583927747865
-0.42469999999999997,-5.876710739639362
-0.4257000000000001,-5.955934572431804
-0.42669999999999997,-6.029499560024787
-0.4277000000000001,-6.117211660616419
-0.42869999999999997,-6.213412029007241
-0.4297000000000001,-6.3152712425975235
-0.43069999999999997,-6.411471610988346
-0.4317000000000001,-6.492110155080653
-0.4327,-6.581236966972151
-0.4337000000000001,-6.677437335362973
-0.4347,-6.780711260253121
-0.4357000000000001,-6.889644030342729
-0.4367,-6.978770842234226
-0.4377000000000001,-7.073556499325184
-0.4387,-7.185318692014522
-0.4397000000000001,-7.290007328204534
-0.4407,-7.391866541794816
-0.4417000000000001,-7.50221402318429
-0.4427,-7.604073236774572
-0.4437000000000001,-7.722908985963235
-0.4447,-7.829012333453114
-0.4457000000000001,-7.945018660042045
-0.4467,-8.063854409230709
-0.4477000000000001,-8.178446024519777
-0.4487,-8.293037639808846
-0.4497000000000001,-8.411873388997508
-0.4507,-8.532123849486036
-0.4517000000000001,-8.653789021274429
-0.4527,-8.779698326962418
-0.4537000000000001,-8.901363498750811
-0.4547,-9.035761072237987
-0.4557000000000001,-9.161670377925978
-0.4567,-9.293238528813426
-0.4577000000000001,-9.4318802362002
-0.4587,-9.564863098387514
-0.4597000000000001,-9.709163650973746
-0.4607,-9.852049492260116
-0.4617000000000001,-9.98786177704716
-0.4627,-10.134991752233123
-0.4637000000000001,-10.279292304819355
-0.4647,-10.427836991305185
-0.4657000000000001,-10.582040522990475
-0.4667,-10.736244054675764
-0.4677000000000001,-10.891862297660918
-0.4687,-11.057383519745128
-0.4697000000000001,-11.21583118533001
-0.4707,-11.379937696114355
-0.4717000000000001,-11.556776608597485
-0.4727,-11.725127253281423
-0.4737000000000001,-11.901966165764554
-0.4747,-12.075975655647953
-0.4757000000000001,-12.252814568131082
-0.4767,-12.433897614513807
-0.4777000000000001,-12.616395372196397
-0.4787,-12.797478418579121
-0.4797000000000001,-12.991293866660634
-0.4807,-13.189353448641736
-0.48170000000000013,-13.38175418542338
-0.4827,-13.582643190004218
-0.48370000000000013,-13.786361617184783
-0.4847,-13.987250621765616
-0.48570000000000013,-14.203701450644967
-0.4867,-14.401761032626075
-0.4876999999999999,-14.61396772760583
-0.4887,-14.826174422585586
-0.4896999999999999,-15.06667534356264
-0.4907,-15.278882038542395
-0.4916999999999999,-15.505235846520803
-0.4927,-15.74573676749786
-0.4936999999999999,-15.972090575476265
-0.49470000000000003,-16.21259149645332
-0.4956999999999999,-16.453092417430376
-0.49670000000000003,-16.70774045140608
-0.4976999999999999,-16.962388485381787
-0.49870000000000003,-17.188742293360193
-0.4996999999999999,-17.4433903273359
-0.5007,-17.698038361311607
-0.5016999999999999,-17.966833508285966
-0.5027,-18.23562865526032
-0.5036999999999999,-18.518570915233333
-0.5047,-18.78736606220769
-0.5056999999999999,-19.084455435179343
-0.5067,-19.367397695152352
-0.5076999999999999,-19.65033995512536
-0.5087,-19.947429328097016
-0.5096999999999999,-20.230371588070028
-0.5107,-20.541608074040333
-0.5116999999999999,-20.85284456001064
-0.5127,-21.16408104598095
-0.5136999999999999,-21.461170418952605
-0.5147,-21.786554017921564
-0.5156999999999999,-22.097790503891872
-0.5167,-22.451468328858134
-0.5176999999999999,-22.790999040825742
-0.5187,-23.13052975279335
-0.5196999999999999,-23.47006046476096
-0.5207,-23.823738289727217
-0.5216999999999999,-24.149121888696175
-0.5227,-24.502799713662437
-0.5236999999999999,-24.870624651627345
-0.5247,-25.238449589592253
-0.5257,-25.620421640555815
-0.5267000000000001,-25.988246578520723
-0.5277,-26.356071516485635
-0.5287000000000001,-26.766337793446493
-0.5297,-27.14830984441005
-0.5307000000000001,-27.530281895373616
-0.5317,-27.926401059335824
-0.5327000000000001,-28.32252022329803
-0.5337,-28.732786500258893
-0.5347000000000001,-29.157199890218404
-0.5357,-29.581613280177915
-0.5367000000000001,-30.00602667013743
-0.5377,-30.416292947098288
-0.5387000000000001,-30.8407063370578
-0.5397,-31.27926684001596
-0.5407000000000001,-31.74612156897142
-0.5417,-32.19882918492823
-0.5427000000000001,-32.66568391388369
-0.5437,-33.11839152984051
-0.5447000000000001,-33.57109914579732
-0.5457,-34.02380676175414
-0.5467000000000001,-34.51895571670689
-0.5477,-34.98581044566235
-0.5487000000000001,-35.52340073961108
-0.5497,-36.00440258156518
-0.5507000000000001,-36.48540442351929
-0.5517,-37.00884760446935
-0.5527000000000001,-37.53229078541942
-0.5537,-38.06988107936814
-0.5547000000000001,-38.57917714731955
-0.5557,-39.074326102272316
-0.5567000000000001,-39.54118083122778
-0.5577,-40.12121246417244
-0.5587000000000001,-40.701244097117105
-0.5597,-41.281275730061765
-0.5607000000000001,-41.84716025000779
-0.5617,-42.37060343095784
-0.5627000000000001,-42.92234083790521
-0.5637,-43.51651958384853
-0.5647000000000001,-44.110698329791845
-0.5657,-44.690729962736505
-0.5667000000000001,-45.31320293467712
-0.5677,-45.87908745462314
-0.5687000000000001,-46.515707539562406
-0.5697,-47.12403339850438
-0.5707000000000001,-47.73235925744634
-0.5717,-48.39727356838291
-0.5727000000000001,-49.03389365332217
-0.5737,-49.69880796425874
-0.5747000000000001,-50.34957516219666
-0.5757,-50.943753908139975
-0.5767000000000001,-51.566226880080585
-0.5777,-52.2735825300131
-0.5787000000000001,-52.95264395394832
-0.5797,-53.63170537788354
-0.5807000000000001,-54.31076680181876
-0.5817,-54.975681112755325
-0.5827000000000001,-55.65474253669055
-0.5837,-56.39039241262036
-0.5847000000000001,-57.12604228855018
-0.5857,-57.84754505148135
-0.5867000000000001,-58.583194927411164
-0.5877,-59.304697690342344
-0.5887000000000001,-60.054494679270796
-0.5897,-60.74770321620468
-0.5907000000000001,-61.49750020513315
-0.5917,-62.20485585506566
-0.5927000000000001,-62.94050573099548
-0.5937,-63.74689117191855
-0.5947000000000001,-64.52498238684433
-0.5957,-65.3030736017701
-0.5967000000000001,-66.09531192969452
-0.5977,-66.87340314462028
-0.5987000000000001,-67.6656414725447
-0.5997,-68.48617402646643
-0.6007000000000001,-69.26426524139221
-0.6017,-70.12723913430986
-0.6027000000000001,-70.9760659142289
-0.6037,-71.8248926941479
-0.6047000000000001,-72.71616081306288
-0.6057,-73.35278089800215
-0.6067000000000001,-74.11672499992927
-0.6077,-74.9938460058456
-0.6087000000000001,-76.0407323677457
-0.6097,-77.00273605165394
-0.6107000000000001,-77.82326860557566
-0.6117,-78.57306559450414
-0.6126999999999999,-79.33700969643127
-0.6137,-80.22827781534622
-0.6146999999999999,-81.1761343862558
-0.6157,-82.13813807016405
-0.6166999999999999,-83.07184752807495
-0.6177,-83.89238008199668
-0.6186999999999999,-84.69876552291974
-0.6197,-85.47685673784551
-0.6206999999999999,-86.22665372677399
-0.6217,-87.18865741068221
-0.6226999999999999,-88.17895532058775
-0.6237,-89.16925323049325
-0.6246999999999999,-89.98978578441499
-0.6257,-90.89520101632861
-0.6266999999999999,-91.70158645725168
-0.6277,-92.59285457616664
-0.6286999999999999,-93.49826980808028
-0.6297,-94.36124370099793
-0.6306999999999999,-95.21007048091697
-0.6317,-96.03060303483868
-0.6326999999999999,-96.89357692775637
-0.6337,-97.78484504667132
-0.6346999999999999,-98.59123048759442
-0.6357,-99.39761592851748
-0.6366999999999999,-100.26058982143515
-0.6377,-101.09526948835551
-0.6386999999999999,-102.0148318332678
-0.6397,-102.87780572618546
-0.6406999999999999,-103.59930848911664
-0.6417,-104.33495836504645
-0.6426999999999999,-105.19793225796413
-0.6437,-106.13164171587505
-0.6446999999999999,-106.92388004379946
-0.6457,-107.65952991972928
-0.6466999999999999,-108.52250381264696
-0.6477,-109.25815368857677
-0.6486999999999999,-109.9655093385093
-0.6497,-110.5879823104499
-0.6507,-111.26704373438514
-0.6517000000000001,-112.20075319229606
-0.6527,-113.06372708521374
-0.6537000000000001,-113.65790583115704
-0.6547,-114.30867302909498
-0.6557000000000001,-114.73308641905447
-0.6567,-115.08676424402073
-0.6577000000000001,-115.70923721596135
-0.6587,-116.37415152689792
-0.6597000000000001,-117.76056860076565
-0.6607,-118.60939538068469
-0.6617000000000001,-119.47236927360234
-0.6627,-119.58554617759155
-0.6637000000000001,-120.19387203653352
-0.6647,-121.0851401554485
-0.6657000000000001,-121.99055538736212
-0.6667,-122.17446785634456
-0.6677000000000001,-122.4149687773216
-0.6687,-122.68376392429597
-0.6697000000000001,-123.51844359121634
-0.6707,-124.31068191914078
-0.6717000000000001,-124.9331548910814
-0.6727,-125.49903941102741
-0.6737000000000001,-126.05077681797478
-0.6747,-126.60251422492213
-0.6757000000000001,-127.12595740587219
-0.6767,-128.39919757575075
-0.6777000000000001,-129.50267238964545
-0.6787,-129.81390887561577
-0.6797000000000001,-130.13929247458472
-0.6807,-130.25246937857392
-0.6817000000000001,-131.63888645244168
-0.6827,-132.47356611936203
-0.6837000000000001,-133.13848043029859
-0.6847,-133.29409867328377
-0.6857000000000001,-133.67607072424732
-0.6867,-133.09603909130266
-0.6857000000000001,-131.5964451134457
-0.6847,-130.7476183335267
-0.6837000000000001,-129.30461280766437
-0.6827,-128.15869665477368
-0.6817000000000001,-127.09766317987489
-0.6807,-125.9517470269842
-0.6797000000000001,-124.45215304912726
-0.6787,-124.12676945015832
-0.6777000000000001,-122.96670618426899
-0.6767,-121.80664291837965
-0.6757000000000001,-120.85878634747009
-0.6747,-119.17527990063067
-0.6737000000000001,-118.3406002337103
-0.6727,-117.3785965498021
-0.6717000000000001,-116.34585730090062
-0.6707,-115.3555593909951
-0.6697000000000001,-114.54917395007203
-0.6687,-114.3228201420936
-0.6677000000000001,-112.92225595522721
-0.6667,-111.69145712434464
-0.6657000000000001,-111.09727837840134
-0.6647,-110.23430448548366
-0.6637000000000001,-109.37133059256598
-0.6627,-108.32444423066585
-0.6617000000000001,-108.1122375356861
-0.6607,-107.07949828678463
-0.6597000000000001,-105.7213754389142
-0.6587,-104.68863619001272
-0.6577000000000001,-103.85395652309235
-0.6567,-103.28807200314633
-0.6557000000000001,-101.94409626827454
-0.6547,-100.40206095142165
-0.6537000000000001,-99.36932170252018
-0.6527,-98.3931709056133
-0.6517000000000001,-97.75655082067404
-0.6507,-97.19066630072803
-0.6497,-96.49745776379415
-0.6486999999999999,-95.25251181991293
-0.6477,-94.13488989301955
-0.6466999999999999,-93.14459198311401
-0.6457,-91.82891047423954
-0.6446999999999999,-90.71128854734616
-0.6437,-89.90490310642309
-0.6426999999999999,-89.19754745649055
-0.6417,-88.46189758056073
-0.6406999999999999,-87.85357172161878
-0.6397,-87.14621607168625
-0.6386999999999999,-86.38227196975915
-0.6377,-85.34953272085767
-0.6366999999999999,-84.33094058495485
-0.6357,-83.62358493502231
-0.6346999999999999,-82.95867062408576
-0.6337,-82.40693321713839
-0.6326999999999999,-81.54395932422072
-0.6317,-80.58195564031249
-0.6306999999999999,-80.05851245936242
-0.6297,-79.53506927841237
-0.6286999999999999,-78.9267434194704
-0.6277,-78.27597622153247
-0.6266999999999999,-77.7525330405824
-0.6257,-76.67735245268499
-0.6246999999999999,-75.77193722077136
-0.6237,-75.06458157083884
-0.6226999999999999,-74.39966725990229
-0.6217,-74.11672499992927
-0.6206999999999999,-73.48010491499001
-0.6197,-72.74445503906018
-0.6186999999999999,-71.66927445116276
-0.6177,-70.87703612323833
-0.6166999999999999,-70.14138624730852
-0.6157,-69.41988348437735
-0.6146999999999999,-68.68423360844753
-0.6137,-68.06176063650692
-0.6126999999999999,-67.45343477756495
-0.6117,-66.74607912763243
-0.6107000000000001,-66.46313686765943
-0.6097,-65.76992833072556
-0.6087000000000001,-65.09086690679034
-0.6077,-64.79377753381868
-0.6067000000000001,-64.94939577680383
-0.6057,-64.213745900874
-0.6047000000000001,-63.56297870293609
-0.6037,-62.82732882700627
-0.6027000000000001,-62.13412029007241
-0.6017,-61.455058866137186
-0.6007000000000001,-60.79014455520062
-0.5997,-60.16767158326001
-0.5987000000000001,-59.55934572431805
-0.5977,-58.894431413381476
-0.5967000000000001,-58.32854689343546
-0.5957,-57.57874990450699
-0.5947000000000001,-57.05530672355693
-0.5937,-56.39039241262036
-0.5927000000000001,-55.7820665536784
-0.5917,-55.18788780773508
-0.5907000000000001,-54.551267722795814
-0.5897,-53.91464763785655
-0.5887000000000001,-53.29217466591593
-0.5877,-52.61311324198071
-0.5867000000000001,-51.962346044042796
-0.5857,-51.396461524096786
-0.5847000000000001,-50.88716545614537
-0.5837,-50.335428049198
-0.5827000000000001,-49.69880796425874
-0.5817,-49.16121767031002
-0.5807000000000001,-48.82168695834242
-0.5797,-48.1992139864018
-0.5787000000000001,-47.647476579454434
-0.5777,-47.095739172507066
-0.5767000000000001,-46.572295991557006
-0.5757,-46.048852810606945
-0.5747000000000001,-45.44052695166498
-0.5737,-44.86049531872031
-0.5727000000000001,-44.3511992507689
-0.5717,-44.025815651799945
-0.5707000000000001,-43.43163690585662
-0.5697,-43.16284175888227
-0.5687000000000001,-42.554515899940306
-0.5677,-42.05936694498754
-0.5667000000000001,-41.55007087703613
-0.5657,-41.083216148080666
-0.5647000000000001,-40.4748902891387
-0.5637,-39.93729999518999
-0.5627000000000001,-39.45629815323587
-0.5617,-39.130914554266916
-0.5607000000000001,-38.678206938310105
-0.5597,-38.197205096355994
-0.5587000000000001,-37.645467689408626
-0.5577,-37.136171621457216
-0.5567000000000001,-36.7117582314977
-0.5557,-36.329786180534136
-0.5547000000000001,-35.93366701657193
-0.5537,-35.41022383562187
-0.5527000000000001,-34.9150748806691
-0.5517,-34.43407303871499
-0.5507000000000001,-34.02380676175414
-0.5497,-33.55695203279867
-0.5487000000000001,-33.14668575583781
-0.5477,-32.97692039985401
-0.5467000000000001,-32.45347721890394
-0.5457,-32.07150516794038
-0.5447000000000001,-31.618797551983565
-0.5437,-31.321708179011907
-0.5427000000000001,-30.7841178850632
-0.5417,-30.387998721100992
-0.5407000000000001,-29.949438218142824
-0.5397,-29.59576039317657
-0.5387000000000001,-29.199641229214354
-0.5377,-28.789374952253496
-0.5367000000000001,-28.379108675292635
-0.5357,-28.05372507632368
-0.5347000000000001,-27.671753025360115
-0.5337,-27.289780974396557
-0.5327000000000001,-26.89366181043435
-0.5317,-26.539983985468087
-0.5307000000000001,-26.129717708507226
-0.5297,-25.790186996539617
-0.5287000000000001,-25.43650917157336
-0.5277,-25.09697845960575
-0.5267000000000001,-24.74330063463949
-0.5257,-24.417917035670534
-0.5247,-24.078386323702922
-0.5236999999999999,-23.724708498736668
-0.5227,-23.371030673770406
-0.5216999999999999,-23.045647074801447
-0.5207,-22.72026347583249
-0.5196999999999999,-22.40902698986218
-0.5187,-22.097790503891872
-0.5176999999999999,-21.800701130920213
-0.5167,-21.47531753195126
-0.5156999999999999,-21.16408104598095
-0.5147,-20.86699167300929
-0.5136999999999999,-20.569902300037633
-0.5127,-20.301107153063278
-0.5116999999999999,-19.98987066709297
-0.5107,-19.721075520118614
-0.5096999999999999,-19.423986147146955
-0.5087,-19.155191000172596
-0.5076999999999999,-18.858101627200938
-0.5067,-18.57515936722793
-0.5056999999999999,-18.306364220253574
-0.5047,-18.03756907327922
-0.5036999999999999,-17.782921039303513
-0.5027,-17.499978779330505
-0.5016999999999999,-17.259477858353446
-0.5007,-16.99068271137909
-0.4996999999999999,-16.750181790402035
-0.49870000000000003,-16.637004886412832
-0.4976999999999999,-16.481386643427676
-0.49670000000000003,-16.127708818461418
-0.4956999999999999,-15.88720789748436
-0.49470000000000003,-15.632559863508657
-0.4936999999999999,-15.4203531685289
-0.4927,-15.179852247551842
-0.4916999999999999,-14.939351326574789
-0.4907,-14.69885040559773
-0.4896999999999999,-14.500790823616628
-0.4887,-14.26028990263957
-0.4876999999999999,-14.062230320658465
-0.4867,-13.841535357879518
-0.48570000000000013,-13.67601413579531
-0.4847,-13.419951390519737
-0.48370000000000013,-13.200671139040656
-0.4827,-13.012514536158609
-0.48170000000000013,-12.797478418579121
-0.4807,-12.609321815697072
-0.4797000000000001,-12.421165212815023
-0.4787,-12.231593898633106
-0.4777000000000001,-12.070316810448494
-0.4767,-11.855280692869009
-0.4757000000000001,-11.661465244787498
-0.4747,-11.486041043604232
-0.4737000000000001,-11.341740491018
-0.4727,-11.142266197737028
-0.4717000000000001,-10.969671419153494
-0.4707,-10.78858837277077
-0.4697000000000001,-10.6174083054871
-0.4687,-10.447642949503296
-0.4677000000000001,-10.277877593519491
-0.4667,-10.123674061834203
-0.4657000000000001,-9.958152839749992
-0.4647,-9.798290462865245
-0.4637000000000001,-9.629939818181304
-0.4627,-9.477150997795881
-0.4617000000000001,-9.315873909611268
-0.4607,-9.160255666626112
-0.4597000000000001,-9.083861256433401
-0.4587,-8.922584168248786
-0.4577000000000001,-8.785357172161877
-0.4567,-8.645300753475238
-0.4557000000000001,-8.49392664438968
-0.4547,-8.359529070902502
-0.4537000000000001,-8.223716786115459
-0.4527,-8.087904501328415
-0.4517000000000001,-7.963409906940291
-0.4507,-7.827597622153248
-0.4497000000000001,-7.70451773906499
-0.4487,-7.567290742978082
-0.4477000000000001,-7.445625571189688
-0.4467,-7.31405742030224
-0.4457000000000001,-7.182489269414792
-0.4447,-7.0763859219249134
-0.4437000000000001,-6.966038440535441
-0.4427,-6.852861536546238
-0.4417000000000001,-6.7340257873575755
-0.4407,-6.619434172068506
-0.4397000000000001,-6.506257268079304
-0.4387,-6.402983343189156
-0.4377000000000001,-6.2954652843994126
-0.4367,-6.195020782108996
-0.4357000000000001,-6.093161568518712
-0.4347,-5.99413177752816
-0.4337000000000001,-5.8951019865376075
-0.4327,-5.79465748424719
-0.4317000000000001,-5.701286538456097
-0.43069999999999997,-5.605086170065275
-0.4297000000000001,-5.513129935574048
-0.42869999999999997,-5.42400312368255
-0.4277000000000001,-5.368829382987815
-0.42669999999999997,-5.3178997761926725
-0.4257000000000001,-5.18491691400536
-0.42469999999999997,-5.098619524713592
-0.4237000000000001,-5.01656626932142
-0.42269999999999996,-4.935927725229114
-0.4217000000000001,-4.85387446983694
-0.42069999999999996,-4.767577080545174
-0.4197000000000001,-4.685523825153001
-0.41869999999999996,-4.60629999236056
-0.41770000000000007,-4.528490870867983
-0.41669999999999996,-4.450681749375406
-0.41570000000000007,-4.371457916582963
-0.41469999999999996,-4.297892928989982
-0.41370000000000007,-4.218669096197539
-0.41269999999999996,-4.150762953804017
-0.41170000000000007,-4.075783254911171
-0.41069999999999995,-4.0050476899179195
-0.40970000000000006,-3.935726836224532
-0.40869999999999995,-3.8621618486315503
-0.40770000000000006,-3.801329262737354
-0.40669999999999995,-3.7320084090439667
-0.40570000000000006,-3.664102266650445
-0.40469999999999995,-3.594781412957058
-0.40370000000000006,-3.5282899818634013
-0.40269999999999995,-3.4773603750682605
-0.40170000000000006,-3.415113077874199
-0.40069999999999995,-3.352865780680137
-0.39970000000000006,-3.2906184834860754
-0.39869999999999994,-3.2297858975918787
-0.39770000000000005,-3.1760268681970074
-0.39669999999999994,-3.120853127502271
-0.39570000000000005,-3.0685088094072643
-0.39469999999999994,-3.013335068712528
-0.39370000000000005,-2.9595760393176564
-0.39269999999999994,-2.90157287602319
-0.39170000000000005,-2.852057980527914
-0.39069999999999994,-2.798298951133043
-0.38970000000000005,-2.7473693443379013
-0.38869999999999993,-2.69643973754276
-0.38770000000000004,-2.6469248420474836
-0.38669999999999993,-2.597409946552207
-0.38570000000000004,-2.552139184956526
-0.38469999999999993,-2.50262428946125
-0.38370000000000004,-2.460182950465299
-0.38269999999999993,-2.412082766269888
-0.38170000000000004,-2.3668120046742067
-0.3806999999999999,-2.3229559543783904
-0.37970000000000004,-2.2776851927827093
-0.3786999999999999,-2.2338291424868926
-0.37770000000000004,-2.192802514790807
-0.3766999999999999,-2.148946464494991
-0.37570000000000003,-2.110749259398635
-0.3746999999999999,-2.0668932091028185
-0.37370000000000003,-2.0258665814067327
-0.3726999999999999,-1.9862546650105113
-0.37170000000000003,-1.9452280373144257
-0.3706999999999999,-1.9084455435179344
-0.36970000000000003,-1.8702483384215782
-0.3686999999999999,-1.8320511333252225
-0.3677,-1.7966833508285964
-0.3666999999999999,-1.7613155683319706
-0.3657,-1.7231183632356148
-0.3646999999999999,-1.690580003338719
-0.3637,-1.655212220842093
-0.3626999999999999,-1.6240885722450622
-0.3617,-1.5887207897484361
-0.36070000000000013,-1.5575971411514054
-0.3597,-1.5293029151541047
-0.35870000000000013,-1.501008689156804
-0.3577,-1.471299751859638
-0.35670000000000013,-1.4387613919627424
-0.3557,-1.408062156755671
-0.3547000000000001,-1.3845779491779113
-0.3537,-1.3564251943105972
-0.3527000000000001,-1.3251600745835799
-0.3517,-1.296865848586279
-0.3507000000000001,-1.2697033916288705
-0.3497,-1.2402773965916778
-0.3487000000000001,-1.2146711220641204
-0.3477,-1.1887819052765902
-0.3467000000000001,-1.1641659286589385
-0.3457,-1.1379937696114355
-0.3447000000000001,-1.1106898415240403
-0.3437,-1.0872056339462806
-0.3427000000000001,-1.0627311284586156
-0.3417,-1.0396713342708155
-0.3407000000000001,-1.0163285978230423
-0.3397,-0.9915711500754043
-0.3387000000000001,-0.9717651918772936
-0.3377,-0.9496956955993991
-0.3367000000000001,-0.925221190111734
-0.3357,-0.9059811164335695
-0.3347000000000001,-0.8850433891955669
-0.3337,-0.8617006527477938
-0.3327000000000001,-0.8440167614994809
-0.3317,-0.8222302074815594
-0.3307000000000001,-0.8041219028432868
-0.3297,-0.7847403580351359
-0.3287000000000001,-0.7630952751472008
-0.3277,-0.7459772684188338
-0.3267000000000001,-0.729991030730359
-0.3257,-0.7107509570521945
-0.3247000000000001,-0.69434030597376
-0.3237,-0.6717049251759195
-0.3227000000000001,-0.6591139946071205
-0.3217,-0.6414301033588077
-0.3207000000000001,-0.6236047409805081
-0.3197,-0.6107308681517364
-0.3187000000000001,-0.5934713902933829
-0.3177,-0.576353383565016
-0.3167000000000001,-0.5616403860464196
-0.3157,-0.5459370906179177
-0.3147000000000001,-0.5322143910092269
-0.3137,-0.5170769801006708
-0.3127000000000001,-0.5008078001522229
-0.3117,-0.49104629218315415
-0.3107000000000001,-0.4744941699747333
-0.3097,-0.46034705697608286
-0.3087000000000001,-0.4484634820572166
-0.3077,-0.4321943021087687
-0.3067000000000001,-0.42073514057986194
-0.30569999999999997,-0.4075783254911171
-0.3047000000000001,-0.3948459237923317
-0.30369999999999997,-0.384518531303317
-0.3027000000000001,-0.3724934852544642
-0.30169999999999997,-0.35693166095594875
-0.3007000000000001,-0.346887210726907
-0.29969999999999997,-0.3344377512880947
-0.2987000000000001,-0.3251006567089854
-0.29769999999999996,-0.31519767760993017
-0.2967000000000001,-0.3016164491312258
-0.29569999999999996,-0.2921378834221301
-0.2947000000000001,-0.2818104909331153
-0.29369999999999996,-0.2709172139241546
-0.29270000000000007,-0.2610142348250993
-0.29169999999999996,-0.24927213103621945
-0.29070000000000007,-0.24064239210704275
-0.28969999999999996,-0.23158823978790652
-0.28870000000000007,-0.21942172260906717
-0.28769999999999996,-0.21418729079956658
-0.28670000000000007,-0.20343548492059227
-0.28569999999999995,-0.19254220791163149
-0.28470000000000006,-0.1861760070622388
-0.28369999999999995,-0.1766974413531431
-0.28270000000000006,-0.17103859615368294
-0.28169999999999995,-0.1617015015745737
-0.28070000000000006,-0.15321323377538346
-0.27969999999999995,-0.14458349484620675
-0.27870000000000006,-0.1369016124879396
-0.27769999999999995,-0.13033735205656583
-0.27670000000000006,-0.1216793189013918
-0.27569999999999995,-0.11372864139615031
-0.27470000000000006,-0.1078575895017104
-0.27369999999999994,-0.10074159166338927
-0.27270000000000005,-0.09334265156509512
-0.27169999999999994,-0.08902778210050676
-0.27070000000000005,-0.0807800152222936
-0.26969999999999994,-0.07297080884703859
-0.26870000000000005,-0.06821737887949207
-0.26769999999999994,-0.06124285217115744
-0.26670000000000005,-0.05272629014596992
-0.26569999999999994,-0.04701085649451517
-0.26470000000000005,-0.040729538323114406
-0.26369999999999993,-0.03765961480240728
-0.26270000000000004,-0.030543616964086147
-0.26169999999999993,-0.025931658126526123
-0.26070000000000004,-0.02007475334508487
-0.25969999999999993,-0.01406930387715779
-0.25870000000000004,-0.009881758429557281
-0.25769999999999993,-0.006393080364090101
-0.25670000000000004,0.0010048694362941356
-0.2556999999999999,0.005750801433951375
-0.25470000000000004,0.010775855971071984
-0.2536999999999999,0.017188742293360197
-0.25270000000000004,0.019989870667092968
-0.2516999999999999,0.02543650917157336
-0.25070000000000003,0.029892849766148224
-0.24969999999999992,0.03464627973369475
-0.24870000000000003,0.03910262032826961
-0.24769999999999992,0.04217254384897674
-0.24670000000000003,0.04887827541033701
-0.24569999999999992,0.052514083450990165
-0.24470000000000003,0.05558400697169729
-0.24369999999999992,0.061440911753138545
-0.24270000000000003,0.06298294706999143
-0.24169999999999991,0.06939158925838004
-0.24070000000000003,0.07414501922592658
-0.2396999999999999,0.07526264115281994
-0.23870000000000002,0.07930871547043396
-0.2376999999999999,0.08418946945496834
-0.23670000000000002,0.08782527749562147
-0.23570000000000013,0.09228161809019635
-0.23470000000000002,0.09368218227706274
-0.23370000000000013,0.0984214651316106
-0.23270000000000002,0.10219874430225025
-0.23170000000000013,0.10386810363609099
-0.23070000000000002,0.10722096941677112
-0.22970000000000013,0.11238466566127853
-0.22870000000000001,0.11433696725509226
-0.22770000000000012,0.11852451270269278
-0.2267,0.12173590735338641
-0.22570000000000012,0.12368820894720017
-0.2247,0.12885190519170753
-0.22370000000000012,0.12801722552478714
-0.2227,0.1315115624354538
-0.22170000000000012,0.13625084529000167
-0.2207,0.1390378265507358
-0.21970000000000012,0.1405798618675887
-0.2187,0.1434517258063147
-0.21770000000000012,0.14514937936615277
-0.2167,0.14854468648582883
-0.2157000000000001,0.155335300725181
-0.2147,0.15547677185516753
-0.2137000000000001,0.15929649236480314
-0.2127,0.15816472332491108
-0.2117000000000001,0.1622673860945197
-0.2107,0.1629747417444522
-0.2097000000000001,0.1658041643441823
-0.2087,0.17033124050375043
-0.2077000000000001,0.1693409425938449
-0.2067,0.172736249713521
-0.2057000000000001,0.17542420118326454
-0.2047,0.17655597022315658
-0.2037000000000001,0.1783950949129811
-0.2027,0.1806586329927652
-0.2017000000000001,0.18334658446250876
-0.2007,0.1850442380223468
-0.1997000000000001,0.18660042045219835
-0.1987,0.18801513175206336
-0.1977000000000001,0.18957131418191492
-0.19669999999999999,0.19084455435179343
-0.1957000000000001,0.19438133260145604
-0.19469999999999998,0.19508868825138856
-0.1937000000000001,0.19622045729128057
-0.19269999999999998,0.19834252424107812
-0.1917000000000001,0.19919135102099716
-0.1907000000000001,0.2011719468408082
-0.1897000000000002,0.20456725396048434
-0.1887000000000001,0.20456725396048434
-0.1877000000000002,0.20640637865030886
-0.1867000000000001,0.20569902300037635
-0.1857000000000002,0.20951874351001196
-0.1847000000000001,0.21135786819983648
-0.1837000000000002,0.21121639706985
-0.18270000000000008,0.21093345480987696
-0.1817000000000002,0.2164508288793506
-0.18070000000000008,0.21390434853959353
-0.1797000000000002,0.21659230000933713
-0.17870000000000008,0.2161678866193776
-0.1777000000000002,0.21800701130920216
-0.17670000000000008,0.22097790503891873
-0.1757000000000002,0.22083643390893223
-0.17470000000000008,0.22168526068885125
-0.1737000000000002,0.2250805678085273
-0.17270000000000008,0.22338291424868928
-0.17170000000000019,0.22635380797840585
-0.17070000000000007,0.22635380797840585
-0.16970000000000018,0.2270611636283384
-0.16870000000000007,0.2310223552679605
-0.16770000000000018,0.2273441058883114
-0.16670000000000007,0.22989058622806843
-0.16570000000000018,0.23328589334774452
-0.16470000000000007,0.23554943142752863
-0.16370000000000018,0.23498354690758255
-0.16270000000000007,0.23356883560771755
-0.16170000000000018,0.23512501803756908
-0.16070000000000007,0.23795444063729917
-0.15970000000000018,0.23668120046742064
-0.15870000000000006,0.2386617962872317
-0.15770000000000017,0.2392276808071777
-0.15670000000000006,0.2385203251572452
-0.15570000000000017,0.24064239210704275
-0.15470000000000006,0.24007650758709673
-0.15370000000000017,0.24078386323702924
-0.15270000000000006,0.2429059301868268
-0.15170000000000017,0.24333034357678635
-0.15070000000000006,0.2446035837466648
-0.14970000000000017,0.24559388165657034
-0.14870000000000005,0.2437547569667458
-0.14770000000000016,0.2468671218264489
-0.14670000000000005,0.24672565069646235
-0.14570000000000016,0.24785741973635445
-0.14470000000000005,0.25012095781613847
-0.14370000000000016,0.2474330063463949
-0.14270000000000005,0.24814036199632744
-0.14170000000000016,0.2512527268560305
-0.14070000000000005,0.24898918877624646
-0.13970000000000016,0.2515356691160035
-0.13870000000000005,0.25167714024599
-0.13770000000000016,0.252808909285882
-0.13670000000000004,0.2532333226758416
-0.13570000000000015,0.2547895051056931
-0.13470000000000004,0.25422362058574705
-0.13370000000000015,0.2562042164055581
-0.13270000000000004,0.2554968607556256
-0.13170000000000015,0.2567701009255041
-0.13070000000000004,0.25705304318547717
-0.12970000000000015,0.25563833188561214
-0.12870000000000004,0.25988246578520724
-0.12770000000000015,0.2571945143154637
-0.12670000000000003,0.25790186996539616
-0.12570000000000014,0.2614386482150588
-0.12470000000000003,0.25931658126526125
-0.12370000000000014,0.2614386482150588
-0.12270000000000003,0.2608727636951128
-0.12170000000000014,0.2624289461249643
-0.12070000000000003,0.2634192440348699
-0.11970000000000014,0.26440954194477534
-0.11870000000000003,0.2628533595149239
-0.11770000000000014,0.2639851285548159
-0.11670000000000003,0.26426807081478887
-0.11570000000000014,0.26752190680447846
-0.11470000000000002,0.2649754264647214
-0.11370000000000013,0.2661071955046134
-0.11270000000000002,0.2686536758443705
-0.11170000000000013,0.26808779132442445
-0.11070000000000024,0.26738043567449193
-0.10970000000000013,0.2686536758443705
-0.10870000000000024,0.269361031494303
-0.10770000000000013,0.270209858274222
-0.10670000000000024,0.269926916014249
-0.10570000000000013,0.27134162731411404
-0.10470000000000024,0.2724733963540061
-0.10370000000000013,0.2726148674839926
-0.10270000000000024,0.27219045409403303
-0.10170000000000012,0.27303928087395213
-0.10070000000000023,0.27473693443379016
-0.09970000000000012,0.27445399217381716
-0.09870000000000023,0.27473693443379016
-0.09770000000000012,0.27572723234369567
-0.09670000000000023,0.2770004725135742
-0.09570000000000012,0.27586870347368214
-0.09470000000000023,0.2767175302536012
-0.09370000000000012,0.27912253946337173
-0.09270000000000023,0.2768590013835877
-0.09170000000000011,0.27841518381343927
-0.09070000000000022,0.2801128373732773
-0.08970000000000011,0.27926401059335826
-0.08870000000000022,0.2808201930232098
-0.08770000000000011,0.27912253946337173
-0.08670000000000022,0.28251784658304785
-0.08570000000000011,0.28280078884302084
-0.08470000000000022,0.2820934331930883
-0.08370000000000011,0.2846399135328454
-0.08270000000000022,0.28322520223298037
-0.0817000000000001,0.2811031352831828
-0.08070000000000022,0.28633756709268343
-0.0797000000000001,0.28633756709268343
-0.07870000000000021,0.2844984424028589
-0.0777000000000001,0.28732786500258894
-0.07670000000000021,0.28633756709268343
-0.0757000000000001,0.288459634042481
-0.07470000000000021,0.28775227839254847
-0.0737000000000001,0.288176691782508
-0.07270000000000021,0.2914305277721975
-0.0717000000000001,0.29058170099227854
-0.07070000000000021,0.288742576302454
-0.0697000000000001,0.2914305277721975
-0.0687000000000002,0.29199641229214357
-0.0677000000000001,0.29369406585198166
-0.0667000000000002,0.29128905664221105
-0.06570000000000009,0.2924208256821031
-0.0647000000000002,0.2963820173217252
-0.06370000000000009,0.29369406585198166
-0.0627000000000002,0.2960990750617522
-0.06170000000000009,0.29793819975157676
-0.0607000000000002,0.2958161328017792
-0.059700000000000086,0.2986455554015092
-0.058700000000000196,0.2986455554015092
-0.057700000000000085,0.2972308441016442
-0.056700000000000195,0.2983626131415362
-0.05570000000000008,0.3002017378313608
-0.05470000000000019,0.3016164491312258
-0.05370000000000008,0.3013335068712528
-0.05270000000000019,0.30105056461127977
-0.05170000000000008,0.30430440060096936
-0.05070000000000019,0.30175792026121234
-0.04970000000000008,0.30430440060096936
-0.04870000000000019,0.30571911190083445
-0.047700000000000076,0.30303116043109085
-0.046700000000000186,0.3067094098107399
-0.045700000000000074,0.30784117885063195
-0.044700000000000184,0.3074167654606725
-0.04370000000000007,0.308690005630551
-0.04270000000000018,0.3091144190205105
-0.04170000000000007,0.3102461880604025
-0.04070000000000018,0.3102461880604025
-0.03970000000000007,0.30982177467044303
-0.03870000000000018,0.3091144190205105
-0.03770000000000007,0.3122267838802136
-0.03670000000000018,0.3133585529201056
-0.035700000000000065,0.31519767760993017
-0.034700000000000175,0.3149147353499572
-0.03370000000000006,0.31406590857003813
-0.03270000000000017,0.3174612156897142
-0.03170000000000006,0.31434885083001113
-0.03070000000000017,0.3164709177798087
-0.02970000000000006,0.31873445585959276
-0.02870000000000017,0.3170368022997547
-0.027700000000000058,0.31972475376949827
-0.026700000000000168,0.31972475376949827
-0.025700000000000056,0.31958328263951175
-0.024700000000000166,0.3218468207192958
-0.023700000000000054,0.3211394650693633
-0.022700000000000164,0.32354447427913385
-0.021700000000000053,0.32580801235891793
-0.020700000000000163,0.32269564749921487
-0.01970000000000005,0.328354492698675
-0.01870000000000016,0.32411035879907985
-0.01770000000000005,0.32651536800885045
-0.01670000000000016,0.32849596382866153
-0.015700000000000047,0.328637434958648
-0.014700000000000157,0.3279300793087155
-0.013700000000000045,0.3296277328685535
-0.012700000000000156,0.32948626173856704
-0.011700000000000044,0.3313253864283916
-0.010700000000000154,0.33585246258795975
-0.009700000000000042,0.33585246258795975
-0.008700000000000152,0.3359939337179463
-0.00770000000000004,0.33684276049786527
-0.00670000000000015,0.33670128936787874
-0.005700000000000038,0.33995512535756833
-0.0047000000000001485,0.3392477697076358
-0.0037000000000000366,0.34066248100750085
-0.0027000000000001467,0.34037953874752785
-0.0017000000000000348,0.3416527789174064
-0.000700000000000145,0.3426430768273119
0.00029999999999996696,0.3432089613472579
0.0012999999999998568,0.34448220151713643
0.0022999999999999687,0.3464627973369475
0.0032999999999998586,0.346887210726907
0.0042999999999999705,0.34900927767670453
0.00529999999999986,0.34830192202677207
0.006299999999999972,0.34915074880669106
0.007299999999999862,0.3519801714064211
0.008299999999999974,0.3509898734965156
0.009299999999999864,0.3532534115762997
0.010299999999999976,0.35509253626612425
0.011299999999999866,0.3541022383562187
0.012299999999999978,0.3567901898259622
