June 25, 2026   08:54:17
Cyclic Voltammetry
File: c:/users/guazh/data/20260623_doe_duplica2/2026-06-24-exp4\exp4-2026-06-25t08_32_51-arkoh\exp4_cv_sr_50mvs_efin_-1800mv.bin
Data Source:  Experiment
Instrument Model:  CHI760E
Header: CV ran at 50 mVs
Note: 

Init E (V) = -1
High E (V) = -1
Low E (V) = -1.8
Final E (V) = -1
Init P/N = N
Scan Rate (V/s) = 0.05
Segment = 3
Sample Interval (V) = 0.001
Quiet Time (sec) = 2
Sensitivity (A/V) = 0.01
Comp R (ohm) = 1.7

Results:

Channel 1:
Segment 1:

Segment 2:

Segment 3:

Potential/V, Current/A

-1.000, -1.344e-6
-1.001, -8.110e-7
-1.002, -5.939e-7
-1.003, -6.137e-7
-1.004, -4.262e-7
-1.005, -2.486e-7
-1.006, -2.190e-7
-1.007, -1.302e-7
-1.008, -1.105e-7
-1.009, -1.796e-7
-1.010, 7.893e-9
-1.011, 1.066e-7
-1.012, 1.953e-7
-1.013, 2.249e-7
-1.014, 2.151e-7
-1.015, 2.940e-7
-1.016, 2.940e-7
-1.017, 3.433e-7
-1.018, 3.039e-7
-1.019, 2.644e-7
-1.020, 4.124e-7
-1.021, 4.519e-7
-1.022, 5.308e-7
-1.023, 5.407e-7
-1.024, 6.788e-7
-1.025, 6.590e-7
-1.026, 7.577e-7
-1.027, 7.380e-7
-1.028, 7.577e-7
-1.029, 7.478e-7
-1.030, 8.860e-7
-1.031, 8.070e-7
-1.032, 9.846e-7
-1.033, 8.070e-7
-1.034, 9.057e-7
-1.035, 9.452e-7
-1.036, 7.972e-7
-1.037, 1.004e-6
-1.038, 9.156e-7
-1.039, 8.860e-7
-1.040, 1.004e-6
-1.041, 9.353e-7
-1.042, 9.945e-7
-1.043, 9.748e-7
-1.044, 1.073e-6
-1.045, 1.044e-6
-1.046, 1.123e-6
-1.047, 1.093e-6
-1.048, 1.142e-6
-1.049, 1.142e-6
-1.050, 1.221e-6
-1.051, 1.212e-6
-1.052, 1.192e-6
-1.053, 1.162e-6
-1.054, 1.251e-6
-1.055, 1.340e-6
-1.056, 1.310e-6
-1.057, 1.310e-6
-1.058, 1.340e-6
-1.059, 1.330e-6
-1.060, 1.330e-6
-1.061, 1.399e-6
-1.062, 1.399e-6
-1.063, 1.409e-6
-1.064, 1.488e-6
-1.065, 1.547e-6
-1.066, 1.468e-6
-1.067, 1.537e-6
-1.068, 1.458e-6
-1.069, 1.517e-6
-1.070, 1.488e-6
-1.071, 1.478e-6
-1.072, 1.537e-6
-1.073, 1.537e-6
-1.074, 1.547e-6
-1.075, 1.626e-6
-1.076, 1.577e-6
-1.077, 1.734e-6
-1.078, 1.636e-6
-1.079, 1.725e-6
-1.080, 1.596e-6
-1.081, 1.665e-6
-1.082, 1.744e-6
-1.083, 1.705e-6
-1.084, 1.695e-6
-1.085, 1.744e-6
-1.086, 1.725e-6
-1.087, 1.774e-6
-1.088, 1.784e-6
-1.089, 1.853e-6
-1.090, 1.892e-6
-1.091, 1.833e-6
-1.092, 1.863e-6
-1.093, 1.922e-6
-1.094, 1.882e-6
-1.095, 1.942e-6
-1.096, 1.882e-6
-1.097, 1.961e-6
-1.098, 1.932e-6
-1.099, 1.922e-6
-1.100, 2.050e-6
-1.101, 2.040e-6
-1.102, 2.060e-6
-1.103, 2.060e-6
-1.104, 2.050e-6
-1.105, 2.070e-6
-1.106, 2.109e-6
-1.107, 2.139e-6
-1.108, 2.198e-6
-1.109, 2.090e-6
-1.110, 2.178e-6
-1.111, 2.257e-6
-1.112, 2.267e-6
-1.113, 2.198e-6
-1.114, 2.326e-6
-1.115, 2.336e-6
-1.116, 2.307e-6
-1.117, 2.346e-6
-1.118, 2.346e-6
-1.119, 2.356e-6
-1.120, 2.435e-6
-1.121, 2.415e-6
-1.122, 2.405e-6
-1.123, 2.405e-6
-1.124, 2.445e-6
-1.125, 2.376e-6
-1.126, 2.435e-6
-1.127, 2.593e-6
-1.128, 2.435e-6
-1.129, 2.543e-6
-1.130, 2.632e-6
-1.131, 2.534e-6
-1.132, 2.603e-6
-1.133, 2.563e-6
-1.134, 2.711e-6
-1.135, 2.711e-6
-1.136, 2.682e-6
-1.137, 2.691e-6
-1.138, 2.691e-6
-1.139, 2.790e-6
-1.140, 2.830e-6
-1.141, 2.760e-6
-1.142, 2.800e-6
-1.143, 2.839e-6
-1.144, 2.869e-6
-1.145, 2.879e-6
-1.146, 2.889e-6
-1.147, 2.830e-6
-1.148, 2.859e-6
-1.149, 2.978e-6
-1.150, 2.968e-6
-1.151, 2.958e-6
-1.152, 3.037e-6
-1.153, 2.938e-6
-1.154, 3.096e-6
-1.155, 3.086e-6
-1.156, 3.027e-6
-1.157, 3.145e-6
-1.158, 3.096e-6
-1.159, 3.254e-6
-1.160, 3.195e-6
-1.161, 3.106e-6
-1.162, 3.313e-6
-1.163, 3.185e-6
-1.164, 3.234e-6
-1.165, 3.333e-6
-1.166, 3.431e-6
-1.167, 3.422e-6
-1.168, 3.412e-6
-1.169, 3.471e-6
-1.170, 3.510e-6
-1.171, 3.441e-6
-1.172, 3.510e-6
-1.173, 3.451e-6
-1.174, 3.589e-6
-1.175, 3.570e-6
-1.176, 3.570e-6
-1.177, 3.737e-6
-1.178, 3.727e-6
-1.179, 3.737e-6
-1.180, 3.737e-6
-1.181, 3.777e-6
-1.182, 3.816e-6
-1.183, 3.836e-6
-1.184, 3.826e-6
-1.185, 3.905e-6
-1.186, 3.846e-6
-1.187, 3.954e-6
-1.188, 3.964e-6
-1.189, 3.974e-6
-1.190, 4.043e-6
-1.191, 4.043e-6
-1.192, 4.102e-6
-1.193, 4.171e-6
-1.194, 4.122e-6
-1.195, 4.250e-6
-1.196, 4.142e-6
-1.197, 4.280e-6
-1.198, 4.309e-6
-1.199, 4.309e-6
-1.200, 4.408e-6
-1.201, 4.369e-6
-1.202, 4.526e-6
-1.203, 4.507e-6
-1.204, 4.477e-6
-1.205, 4.586e-6
-1.206, 4.586e-6
-1.207, 4.615e-6
-1.208, 4.714e-6
-1.209, 4.694e-6
-1.210, 4.783e-6
-1.211, 4.842e-6
-1.212, 4.892e-6
-1.213, 4.901e-6
-1.214, 4.970e-6
-1.215, 5.020e-6
-1.216, 5.049e-6
-1.217, 5.168e-6
-1.218, 5.148e-6
-1.219, 5.148e-6
-1.220, 5.207e-6
-1.221, 5.207e-6
-1.222, 5.375e-6
-1.223, 5.434e-6
-1.224, 5.434e-6
-1.225, 5.454e-6
-1.226, 5.474e-6
-1.227, 5.572e-6
-1.228, 5.641e-6
-1.229, 5.799e-6
-1.230, 5.868e-6
-1.231, 5.927e-6
-1.232, 6.085e-6
-1.233, 6.046e-6
-1.234, 6.115e-6
-1.235, 6.115e-6
-1.236, 6.312e-6
-1.237, 6.332e-6
-1.238, 6.381e-6
-1.239, 6.460e-6
-1.240, 6.519e-6
-1.241, 6.588e-6
-1.242, 6.727e-6
-1.243, 6.796e-6
-1.244, 6.865e-6
-1.245, 6.924e-6
-1.246, 6.914e-6
-1.247, 7.102e-6
-1.248, 7.200e-6
-1.249, 7.279e-6
-1.250, 7.407e-6
-1.251, 7.388e-6
-1.252, 7.536e-6
-1.253, 7.693e-6
-1.254, 7.772e-6
-1.255, 7.851e-6
-1.256, 7.881e-6
-1.257, 8.039e-6
-1.258, 8.187e-6
-1.259, 8.246e-6
-1.260, 8.463e-6
-1.261, 8.522e-6
-1.262, 8.710e-6
-1.263, 8.779e-6
-1.264, 8.877e-6
-1.265, 9.035e-6
-1.266, 9.134e-6
-1.267, 9.302e-6
-1.268, 9.450e-6
-1.269, 9.607e-6
-1.270, 9.765e-6
-1.271, 9.844e-6
-1.272, 1.016e-5
-1.273, 1.021e-5
-1.274, 1.046e-5
-1.275, 1.057e-5
-1.276, 1.078e-5
-1.277, 1.106e-5
-1.278, 1.123e-5
-1.279, 1.141e-5
-1.280, 1.167e-5
-1.281, 1.189e-5
-1.282, 1.216e-5
-1.283, 1.217e-5
-1.284, 1.264e-5
-1.285, 1.278e-5
-1.286, 1.296e-5
-1.287, 1.333e-5
-1.288, 1.347e-5
-1.289, 1.378e-5
-1.290, 1.409e-5
-1.291, 1.435e-5
-1.292, 1.474e-5
-1.293, 1.486e-5
-1.294, 1.530e-5
-1.295, 1.568e-5
-1.296, 1.592e-5
-1.297, 1.638e-5
-1.298, 1.662e-5
-1.299, 1.702e-5
-1.300, 1.737e-5
-1.301, 1.775e-5
-1.302, 1.813e-5
-1.303, 1.853e-5
-1.304, 1.895e-5
-1.305, 1.941e-5
-1.306, 1.987e-5
-1.307, 2.036e-5
-1.308, 2.083e-5
-1.309, 2.126e-5
-1.310, 2.182e-5
-1.311, 2.234e-5
-1.312, 2.291e-5
-1.313, 2.340e-5
-1.314, 2.402e-5
-1.315, 2.454e-5
-1.316, 2.518e-5
-1.317, 2.572e-5
-1.318, 2.641e-5
-1.319, 2.702e-5
-1.320, 2.766e-5
-1.321, 2.835e-5
-1.322, 2.912e-5
-1.323, 2.974e-5
-1.324, 3.050e-5
-1.325, 3.118e-5
-1.326, 3.199e-5
-1.327, 3.274e-5
-1.328, 3.347e-5
-1.329, 3.437e-5
-1.330, 3.520e-5
-1.331, 3.612e-5
-1.332, 3.702e-5
-1.333, 3.791e-5
-1.334, 3.888e-5
-1.335, 3.977e-5
-1.336, 4.077e-5
-1.337, 4.173e-5
-1.338, 4.284e-5
-1.339, 4.385e-5
-1.340, 4.491e-5
-1.341, 4.596e-5
-1.342, 4.710e-5
-1.343, 4.819e-5
-1.344, 4.944e-5
-1.345, 5.059e-5
-1.346, 5.186e-5
-1.347, 5.310e-5
-1.348, 5.433e-5
-1.349, 5.578e-5
-1.350, 5.714e-5
-1.351, 5.844e-5
-1.352, 5.984e-5
-1.353, 6.129e-5
-1.354, 6.278e-5
-1.355, 6.419e-5
-1.356, 6.571e-5
-1.357, 6.740e-5
-1.358, 6.895e-5
-1.359, 7.069e-5
-1.360, 7.224e-5
-1.361, 7.396e-5
-1.362, 7.579e-5
-1.363, 7.756e-5
-1.364, 7.949e-5
-1.365, 8.125e-5
-1.366, 8.318e-5
-1.367, 8.516e-5
-1.368, 8.719e-5
-1.369, 8.920e-5
-1.370, 9.146e-5
-1.371, 9.344e-5
-1.372, 9.562e-5
-1.373, 9.793e-5
-1.374, 1.002e-4
-1.375, 1.024e-4
-1.376, 1.049e-4
-1.377, 1.073e-4
-1.378, 1.097e-4
-1.379, 1.121e-4
-1.380, 1.145e-4
-1.381, 1.171e-4
-1.382, 1.198e-4
-1.383, 1.226e-4
-1.384, 1.253e-4
-1.385, 1.281e-4
-1.386, 1.309e-4
-1.387, 1.338e-4
-1.388, 1.367e-4
-1.389, 1.398e-4
-1.390, 1.427e-4
-1.391, 1.458e-4
-1.392, 1.489e-4
-1.393, 1.521e-4
-1.394, 1.554e-4
-1.395, 1.587e-4
-1.396, 1.621e-4
-1.397, 1.655e-4
-1.398, 1.691e-4
-1.399, 1.726e-4
-1.400, 1.761e-4
-1.401, 1.799e-4
-1.402, 1.836e-4
-1.403, 1.874e-4
-1.404, 1.913e-4
-1.405, 1.950e-4
-1.406, 1.991e-4
-1.407, 2.031e-4
-1.408, 2.073e-4
-1.409, 2.114e-4
-1.410, 2.157e-4
-1.411, 2.199e-4
-1.412, 2.240e-4
-1.413, 2.283e-4
-1.414, 2.326e-4
-1.415, 2.372e-4
-1.416, 2.419e-4
-1.417, 2.470e-4
-1.418, 2.514e-4
-1.419, 2.565e-4
-1.420, 2.620e-4
-1.421, 2.667e-4
-1.422, 2.714e-4
-1.423, 2.764e-4
-1.424, 2.816e-4
-1.425, 2.867e-4
-1.426, 2.920e-4
-1.427, 2.975e-4
-1.428, 3.028e-4
-1.429, 3.081e-4
-1.430, 3.137e-4
-1.431, 3.186e-4
-1.432, 3.243e-4
-1.433, 3.301e-4
-1.434, 3.359e-4
-1.435, 3.416e-4
-1.436, 3.479e-4
-1.437, 3.541e-4
-1.438, 3.603e-4
-1.439, 3.665e-4
-1.440, 3.728e-4
-1.441, 3.792e-4
-1.442, 3.855e-4
-1.443, 3.911e-4
-1.444, 3.978e-4
-1.445, 4.042e-4
-1.446, 4.117e-4
-1.447, 4.185e-4
-1.448, 4.257e-4
-1.449, 4.330e-4
-1.450, 4.399e-4
-1.451, 4.470e-4
-1.452, 4.545e-4
-1.453, 4.617e-4
-1.454, 4.685e-4
-1.455, 4.769e-4
-1.456, 4.844e-4
-1.457, 4.914e-4
-1.458, 4.990e-4
-1.459, 5.078e-4
-1.460, 5.155e-4
-1.461, 5.223e-4
-1.462, 5.314e-4
-1.463, 5.393e-4
-1.464, 5.476e-4
-1.465, 5.566e-4
-1.466, 5.647e-4
-1.467, 5.724e-4
-1.468, 5.795e-4
-1.469, 5.881e-4
-1.470, 5.972e-4
-1.471, 6.058e-4
-1.472, 6.142e-4
-1.473, 6.225e-4
-1.474, 6.317e-4
-1.475, 6.387e-4
-1.476, 6.482e-4
-1.477, 6.575e-4
-1.478, 6.669e-4
-1.479, 6.768e-4
-1.480, 6.855e-4
-1.481, 6.947e-4
-1.482, 7.041e-4
-1.483, 7.142e-4
-1.484, 7.226e-4
-1.485, 7.327e-4
-1.486, 7.431e-4
-1.487, 7.530e-4
-1.488, 7.634e-4
-1.489, 7.729e-4
-1.490, 7.820e-4
-1.491, 7.905e-4
-1.492, 8.013e-4
-1.493, 8.124e-4
-1.494, 8.242e-4
-1.495, 8.356e-4
-1.496, 8.473e-4
-1.497, 8.537e-4
-1.498, 8.653e-4
-1.499, 8.761e-4
-1.500, 8.890e-4
-1.501, 8.960e-4
-1.502, 9.087e-4
-1.503, 9.207e-4
-1.504, 9.315e-4
-1.505, 9.417e-4
-1.506, 9.519e-4
-1.507, 9.633e-4
-1.508, 9.843e-4
-1.509, 9.971e-4
-1.510, 1.009e-3
-1.511, 1.021e-3
-1.512, 1.029e-3
-1.513, 1.040e-3
-1.514, 1.053e-3
-1.515, 1.066e-3
-1.516, 1.082e-3
-1.517, 1.092e-3
-1.518, 1.105e-3
-1.519, 1.117e-3
-1.520, 1.124e-3
-1.521, 1.135e-3
-1.522, 1.148e-3
-1.523, 1.165e-3
-1.524, 1.180e-3
-1.525, 1.193e-3
-1.526, 1.202e-3
-1.527, 1.212e-3
-1.528, 1.226e-3
-1.529, 1.239e-3
-1.530, 1.252e-3
-1.531, 1.266e-3
-1.532, 1.275e-3
-1.533, 1.286e-3
-1.534, 1.298e-3
-1.535, 1.316e-3
-1.536, 1.333e-3
-1.537, 1.339e-3
-1.538, 1.361e-3
-1.539, 1.371e-3
-1.540, 1.385e-3
-1.541, 1.398e-3
-1.542, 1.413e-3
-1.543, 1.426e-3
-1.544, 1.442e-3
-1.545, 1.448e-3
-1.546, 1.475e-3
-1.547, 1.492e-3
-1.548, 1.505e-3
-1.549, 1.521e-3
-1.550, 1.535e-3
-1.551, 1.546e-3
-1.552, 1.566e-3
-1.553, 1.579e-3
-1.554, 1.599e-3
-1.555, 1.608e-3
-1.556, 1.619e-3
-1.557, 1.641e-3
-1.558, 1.650e-3
-1.559, 1.667e-3
-1.560, 1.696e-3
-1.561, 1.712e-3
-1.562, 1.729e-3
-1.563, 1.743e-3
-1.564, 1.754e-3
-1.565, 1.766e-3
-1.566, 1.784e-3
-1.567, 1.804e-3
-1.568, 1.818e-3
-1.569, 1.842e-3
-1.570, 1.859e-3
-1.571, 1.869e-3
-1.572, 1.879e-3
-1.573, 1.892e-3
-1.574, 1.911e-3
-1.575, 1.923e-3
-1.576, 1.941e-3
-1.577, 1.953e-3
-1.578, 1.967e-3
-1.579, 1.972e-3
-1.580, 2.003e-3
-1.581, 2.011e-3
-1.582, 2.032e-3
-1.583, 2.041e-3
-1.584, 2.068e-3
-1.585, 2.082e-3
-1.586, 2.106e-3
-1.587, 2.126e-3
-1.588, 2.137e-3
-1.589, 2.153e-3
-1.590, 2.177e-3
-1.591, 2.200e-3
-1.592, 2.218e-3
-1.593, 2.225e-3
-1.594, 2.242e-3
-1.595, 2.262e-3
-1.596, 2.283e-3
-1.597, 2.306e-3
-1.598, 2.327e-3
-1.599, 2.347e-3
-1.600, 2.363e-3
-1.601, 2.374e-3
-1.602, 2.401e-3
-1.603, 2.413e-3
-1.604, 2.423e-3
-1.605, 2.453e-3
-1.606, 2.475e-3
-1.607, 2.487e-3
-1.608, 2.498e-3
-1.609, 2.524e-3
-1.610, 2.532e-3
-1.611, 2.547e-3
-1.612, 2.567e-3
-1.613, 2.592e-3
-1.614, 2.604e-3
-1.615, 2.617e-3
-1.616, 2.647e-3
-1.617, 2.682e-3
-1.618, 2.716e-3
-1.619, 2.733e-3
-1.620, 2.752e-3
-1.621, 2.762e-3
-1.622, 2.777e-3
-1.623, 2.794e-3
-1.624, 2.823e-3
-1.625, 2.836e-3
-1.626, 2.856e-3
-1.627, 2.884e-3
-1.628, 2.902e-3
-1.629, 2.928e-3
-1.630, 2.944e-3
-1.631, 2.952e-3
-1.632, 2.978e-3
-1.633, 2.995e-3
-1.634, 3.023e-3
-1.635, 3.045e-3
-1.636, 3.063e-3
-1.637, 3.095e-3
-1.638, 3.137e-3
-1.639, 3.157e-3
-1.640, 3.191e-3
-1.641, 3.198e-3
-1.642, 3.206e-3
-1.643, 3.222e-3
-1.644, 3.246e-3
-1.645, 3.282e-3
-1.646, 3.313e-3
-1.647, 3.339e-3
-1.648, 3.357e-3
-1.649, 3.384e-3
-1.650, 3.401e-3
-1.651, 3.437e-3
-1.652, 3.446e-3
-1.653, 3.475e-3
-1.654, 3.484e-3
-1.655, 3.516e-3
-1.656, 3.527e-3
-1.657, 3.542e-3
-1.658, 3.583e-3
-1.659, 3.609e-3
-1.660, 3.627e-3
-1.661, 3.636e-3
-1.662, 3.656e-3
-1.663, 3.683e-3
-1.664, 3.703e-3
-1.665, 3.708e-3
-1.666, 3.749e-3
-1.667, 3.752e-3
-1.668, 3.778e-3
-1.669, 3.805e-3
-1.670, 3.866e-3
-1.671, 3.900e-3
-1.672, 3.932e-3
-1.673, 3.950e-3
-1.674, 3.967e-3
-1.675, 3.984e-3
-1.676, 4.010e-3
-1.677, 4.028e-3
-1.678, 4.042e-3
-1.679, 4.059e-3
-1.680, 4.086e-3
-1.681, 4.136e-3
-1.682, 4.150e-3
-1.683, 4.173e-3
-1.684, 4.182e-3
-1.685, 4.221e-3
-1.686, 4.221e-3
-1.687, 4.236e-3
-1.688, 4.259e-3
-1.689, 4.295e-3
-1.690, 4.334e-3
-1.691, 4.358e-3
-1.692, 4.405e-3
-1.693, 4.436e-3
-1.694, 4.445e-3
-1.695, 4.479e-3
-1.696, 4.512e-3
-1.697, 4.534e-3
-1.698, 4.551e-3
-1.699, 4.564e-3
-1.700, 4.609e-3
-1.701, 4.648e-3
-1.702, 4.663e-3
-1.703, 4.666e-3
-1.704, 4.691e-3
-1.705, 4.707e-3
-1.706, 4.739e-3
-1.707, 4.797e-3
-1.708, 4.830e-3
-1.709, 4.845e-3
-1.710, 4.886e-3
-1.711, 4.906e-3
-1.712, 4.942e-3
-1.713, 4.965e-3
-1.714, 4.983e-3
-1.715, 5.043e-3
-1.716, 5.096e-3
-1.717, 5.114e-3
-1.718, 5.128e-3
-1.719, 5.199e-3
-1.720, 5.221e-3
-1.721, 5.238e-3
-1.722, 5.263e-3
-1.723, 5.302e-3
-1.724, 5.334e-3
-1.725, 5.359e-3
-1.726, 5.397e-3
-1.727, 5.498e-3
-1.728, 5.475e-3
-1.729, 5.509e-3
-1.730, 5.522e-3
-1.731, 5.542e-3
-1.732, 5.574e-3
-1.733, 5.618e-3
-1.734, 5.655e-3
-1.735, 5.684e-3
-1.736, 5.693e-3
-1.737, 5.716e-3
-1.738, 5.752e-3
-1.739, 5.789e-3
-1.740, 5.806e-3
-1.741, 5.832e-3
-1.742, 5.863e-3
-1.743, 5.945e-3
-1.744, 5.985e-3
-1.745, 6.012e-3
-1.746, 6.039e-3
-1.747, 6.071e-3
-1.748, 6.132e-3
-1.749, 6.159e-3
-1.750, 6.196e-3
-1.751, 6.255e-3
-1.752, 6.286e-3
-1.753, 6.271e-3
-1.754, 6.342e-3
-1.755, 6.397e-3
-1.756, 6.429e-3
-1.757, 6.459e-3
-1.758, 6.479e-3
-1.759, 6.530e-3
-1.760, 6.572e-3
-1.761, 6.636e-3
-1.762, 6.685e-3
-1.763, 6.759e-3
-1.764, 6.805e-3
-1.765, 6.839e-3
-1.766, 6.850e-3
-1.767, 6.882e-3
-1.768, 6.920e-3
-1.769, 6.911e-3
-1.770, 6.897e-3
-1.771, 6.965e-3
-1.772, 7.015e-3
-1.773, 7.081e-3
-1.774, 7.170e-3
-1.775, 7.253e-3
-1.776, 7.252e-3
-1.777, 7.295e-3
-1.778, 7.289e-3
-1.779, 7.314e-3
-1.780, 7.388e-3
-1.781, 7.429e-3
-1.782, 7.465e-3
-1.783, 7.468e-3
-1.784, 7.469e-3
-1.785, 7.493e-3
-1.786, 7.618e-3
-1.787, 7.661e-3
-1.788, 7.696e-3
-1.789, 7.727e-3
-1.790, 7.777e-3
-1.791, 7.822e-3
-1.792, 7.878e-3
-1.793, 7.895e-3
-1.794, 7.955e-3
-1.795, 8.030e-3
-1.796, 8.027e-3
-1.797, 8.075e-3
-1.798, 8.166e-3
-1.799, 8.175e-3
-1.800, 8.194e-3
-1.799, 8.122e-3
-1.798, 8.097e-3
-1.797, 8.079e-3
-1.796, 7.979e-3
-1.795, 7.921e-3
-1.794, 7.885e-3
-1.793, 7.840e-3
-1.792, 7.797e-3
-1.791, 7.746e-3
-1.790, 7.715e-3
-1.789, 7.702e-3
-1.788, 7.676e-3
-1.787, 7.575e-3
-1.786, 7.589e-3
-1.785, 7.579e-3
-1.784, 7.468e-3
-1.783, 7.562e-3
-1.782, 7.478e-3
-1.781, 7.424e-3
-1.780, 7.349e-3
-1.779, 7.262e-3
-1.778, 7.202e-3
-1.777, 7.098e-3
-1.776, 7.069e-3
-1.775, 7.098e-3
-1.774, 7.104e-3
-1.773, 7.051e-3
-1.772, 6.990e-3
-1.771, 6.977e-3
-1.770, 6.902e-3
-1.769, 6.838e-3
-1.768, 6.815e-3
-1.767, 6.791e-3
-1.766, 6.781e-3
-1.765, 6.734e-3
-1.764, 6.732e-3
-1.763, 6.665e-3
-1.762, 6.689e-3
-1.761, 6.643e-3
-1.760, 6.570e-3
-1.759, 6.633e-3
-1.758, 6.568e-3
-1.757, 6.511e-3
-1.756, 6.455e-3
-1.755, 6.451e-3
-1.754, 6.383e-3
-1.753, 6.325e-3
-1.752, 6.327e-3
-1.751, 6.318e-3
-1.750, 6.255e-3
-1.749, 6.206e-3
-1.748, 6.150e-3
-1.747, 6.114e-3
-1.746, 6.112e-3
-1.745, 6.043e-3
-1.744, 6.003e-3
-1.743, 5.933e-3
-1.742, 5.910e-3
-1.741, 5.857e-3
-1.740, 5.824e-3
-1.739, 5.783e-3
-1.738, 5.758e-3
-1.737, 5.722e-3
-1.736, 5.716e-3
-1.735, 5.640e-3
-1.734, 5.583e-3
-1.733, 5.576e-3
-1.732, 5.526e-3
-1.731, 5.464e-3
-1.730, 5.431e-3
-1.729, 5.462e-3
-1.728, 5.462e-3
-1.727, 5.397e-3
-1.726, 5.356e-3
-1.725, 5.321e-3
-1.724, 5.258e-3
-1.723, 5.191e-3
-1.722, 5.165e-3
-1.721, 5.115e-3
-1.720, 5.093e-3
-1.719, 5.051e-3
-1.718, 5.051e-3
-1.717, 5.041e-3
-1.716, 5.002e-3
-1.715, 4.987e-3
-1.714, 4.946e-3
-1.713, 4.926e-3
-1.712, 4.900e-3
-1.711, 4.933e-3
-1.710, 4.920e-3
-1.709, 4.860e-3
-1.708, 4.783e-3
-1.707, 4.737e-3
-1.706, 4.671e-3
-1.705, 4.659e-3
-1.704, 4.616e-3
-1.703, 4.610e-3
-1.702, 4.557e-3
-1.701, 4.528e-3
-1.700, 4.490e-3
-1.699, 4.460e-3
-1.698, 4.417e-3
-1.697, 4.381e-3
-1.696, 4.351e-3
-1.695, 4.395e-3
-1.694, 4.347e-3
-1.693, 4.291e-3
-1.692, 4.249e-3
-1.691, 4.217e-3
-1.690, 4.181e-3
-1.689, 4.160e-3
-1.688, 4.165e-3
-1.687, 4.117e-3
-1.686, 4.083e-3
-1.685, 4.044e-3
-1.684, 4.001e-3
-1.683, 3.968e-3
-1.682, 3.921e-3
-1.681, 3.904e-3
-1.680, 3.889e-3
-1.679, 3.849e-3
-1.678, 3.825e-3
-1.677, 3.877e-3
-1.676, 3.855e-3
-1.675, 3.788e-3
-1.674, 3.740e-3
-1.673, 3.710e-3
-1.672, 3.684e-3
-1.671, 3.665e-3
-1.670, 3.664e-3
-1.669, 3.643e-3
-1.668, 3.602e-3
-1.667, 3.572e-3
-1.666, 3.552e-3
-1.665, 3.539e-3
-1.664, 3.500e-3
-1.663, 3.574e-3
-1.662, 3.521e-3
-1.661, 3.474e-3
-1.660, 3.447e-3
-1.659, 3.422e-3
-1.658, 3.375e-3
-1.657, 3.364e-3
-1.656, 3.354e-3
-1.655, 3.315e-3
-1.654, 3.287e-3
-1.653, 3.253e-3
-1.652, 3.226e-3
-1.651, 3.206e-3
-1.650, 3.204e-3
-1.649, 3.177e-3
-1.648, 3.152e-3
-1.647, 3.139e-3
-1.646, 3.109e-3
-1.645, 3.098e-3
-1.644, 3.071e-3
-1.643, 3.062e-3
-1.642, 3.036e-3
-1.641, 3.005e-3
-1.640, 2.979e-3
-1.639, 2.994e-3
-1.638, 3.019e-3
-1.637, 2.989e-3
-1.636, 2.963e-3
-1.635, 2.941e-3
-1.634, 2.915e-3
-1.633, 2.883e-3
-1.632, 2.849e-3
-1.631, 2.818e-3
-1.630, 2.802e-3
-1.629, 2.782e-3
-1.628, 2.757e-3
-1.627, 2.736e-3
-1.626, 2.717e-3
-1.625, 2.708e-3
-1.624, 2.679e-3
-1.623, 2.664e-3
-1.622, 2.646e-3
-1.621, 2.620e-3
-1.620, 2.600e-3
-1.619, 2.573e-3
-1.618, 2.547e-3
-1.617, 2.523e-3
-1.616, 2.500e-3
-1.615, 2.473e-3
-1.614, 2.448e-3
-1.613, 2.422e-3
-1.612, 2.405e-3
-1.611, 2.380e-3
-1.610, 2.355e-3
-1.609, 2.331e-3
-1.608, 2.315e-3
-1.607, 2.291e-3
-1.606, 2.297e-3
-1.605, 2.286e-3
-1.604, 2.249e-3
-1.603, 2.229e-3
-1.602, 2.205e-3
-1.601, 2.189e-3
-1.600, 2.161e-3
-1.599, 2.151e-3
-1.598, 2.120e-3
-1.597, 2.113e-3
-1.596, 2.090e-3
-1.595, 2.068e-3
-1.594, 2.082e-3
-1.593, 2.072e-3
-1.592, 2.063e-3
-1.591, 2.042e-3
-1.590, 2.022e-3
-1.589, 1.997e-3
-1.588, 1.975e-3
-1.587, 1.961e-3
-1.586, 1.939e-3
-1.585, 1.920e-3
-1.584, 1.899e-3
-1.583, 1.882e-3
-1.582, 1.878e-3
-1.581, 1.861e-3
-1.580, 1.838e-3
-1.579, 1.815e-3
-1.578, 1.799e-3
-1.577, 1.774e-3
-1.576, 1.765e-3
-1.575, 1.757e-3
-1.574, 1.733e-3
-1.573, 1.719e-3
-1.572, 1.701e-3
-1.571, 1.686e-3
-1.570, 1.669e-3
-1.569, 1.653e-3
-1.568, 1.634e-3
-1.567, 1.626e-3
-1.566, 1.620e-3
-1.565, 1.595e-3
-1.564, 1.576e-3
-1.563, 1.568e-3
-1.562, 1.549e-3
-1.561, 1.538e-3
-1.560, 1.524e-3
-1.559, 1.505e-3
-1.558, 1.482e-3
-1.557, 1.465e-3
-1.556, 1.444e-3
-1.555, 1.426e-3
-1.554, 1.413e-3
-1.553, 1.397e-3
-1.552, 1.380e-3
-1.551, 1.375e-3
-1.550, 1.359e-3
-1.549, 1.347e-3
-1.548, 1.334e-3
-1.547, 1.315e-3
-1.546, 1.303e-3
-1.545, 1.285e-3
-1.544, 1.270e-3
-1.543, 1.256e-3
-1.542, 1.245e-3
-1.541, 1.237e-3
-1.540, 1.227e-3
-1.539, 1.217e-3
-1.538, 1.202e-3
-1.537, 1.193e-3
-1.536, 1.178e-3
-1.535, 1.159e-3
-1.534, 1.147e-3
-1.533, 1.138e-3
-1.532, 1.125e-3
-1.531, 1.109e-3
-1.530, 1.096e-3
-1.529, 1.086e-3
-1.528, 1.075e-3
-1.527, 1.062e-3
-1.526, 1.048e-3
-1.525, 1.037e-3
-1.524, 1.028e-3
-1.523, 1.014e-3
-1.522, 1.002e-3
-1.521, 9.861e-4
-1.520, 9.748e-4
-1.519, 9.620e-4
-1.518, 9.518e-4
-1.517, 9.401e-4
-1.516, 9.315e-4
-1.515, 9.190e-4
-1.514, 9.062e-4
-1.513, 8.953e-4
-1.512, 8.813e-4
-1.511, 8.756e-4
-1.510, 8.631e-4
-1.509, 8.493e-4
-1.508, 8.377e-4
-1.507, 8.259e-4
-1.506, 8.184e-4
-1.505, 8.069e-4
-1.504, 7.982e-4
-1.503, 7.888e-4
-1.502, 7.780e-4
-1.501, 7.682e-4
-1.500, 7.580e-4
-1.499, 7.467e-4
-1.498, 7.360e-4
-1.497, 7.268e-4
-1.496, 7.167e-4
-1.495, 7.097e-4
-1.494, 6.983e-4
-1.493, 6.883e-4
-1.492, 6.769e-4
-1.491, 6.682e-4
-1.490, 6.579e-4
-1.489, 6.503e-4
-1.488, 6.411e-4
-1.487, 6.316e-4
-1.486, 6.218e-4
-1.485, 6.124e-4
-1.484, 6.019e-4
-1.483, 5.950e-4
-1.482, 5.881e-4
-1.481, 5.799e-4
-1.480, 5.723e-4
-1.479, 5.612e-4
-1.478, 5.537e-4
-1.477, 5.457e-4
-1.476, 5.386e-4
-1.475, 5.296e-4
-1.474, 5.230e-4
-1.473, 5.152e-4
-1.472, 5.079e-4
-1.471, 5.009e-4
-1.470, 4.944e-4
-1.469, 4.879e-4
-1.468, 4.798e-4
-1.467, 4.719e-4
-1.466, 4.639e-4
-1.465, 4.569e-4
-1.464, 4.503e-4
-1.463, 4.436e-4
-1.462, 4.372e-4
-1.461, 4.308e-4
-1.460, 4.237e-4
-1.459, 4.172e-4
-1.458, 4.109e-4
-1.457, 4.038e-4
-1.456, 3.977e-4
-1.455, 3.915e-4
-1.454, 3.857e-4
-1.453, 3.797e-4
-1.452, 3.738e-4
-1.451, 3.683e-4
-1.450, 3.620e-4
-1.449, 3.557e-4
-1.448, 3.504e-4
-1.447, 3.458e-4
-1.446, 3.395e-4
-1.445, 3.331e-4
-1.444, 3.283e-4
-1.443, 3.233e-4
-1.442, 3.181e-4
-1.441, 3.116e-4
-1.440, 3.068e-4
-1.439, 3.019e-4
-1.438, 2.970e-4
-1.437, 2.922e-4
-1.436, 2.871e-4
-1.435, 2.822e-4
-1.434, 2.775e-4
-1.433, 2.723e-4
-1.432, 2.681e-4
-1.431, 2.634e-4
-1.430, 2.579e-4
-1.429, 2.537e-4
-1.428, 2.489e-4
-1.427, 2.453e-4
-1.426, 2.410e-4
-1.425, 2.363e-4
-1.424, 2.318e-4
-1.423, 2.281e-4
-1.422, 2.243e-4
-1.421, 2.202e-4
-1.420, 2.161e-4
-1.419, 2.124e-4
-1.418, 2.084e-4
-1.417, 2.046e-4
-1.416, 2.011e-4
-1.415, 1.971e-4
-1.414, 1.934e-4
-1.413, 1.898e-4
-1.412, 1.862e-4
-1.411, 1.828e-4
-1.410, 1.795e-4
-1.409, 1.762e-4
-1.408, 1.727e-4
-1.407, 1.693e-4
-1.406, 1.661e-4
-1.405, 1.629e-4
-1.404, 1.599e-4
-1.403, 1.566e-4
-1.402, 1.535e-4
-1.401, 1.507e-4
-1.400, 1.478e-4
-1.399, 1.445e-4
-1.398, 1.416e-4
-1.397, 1.388e-4
-1.396, 1.361e-4
-1.395, 1.334e-4
-1.394, 1.307e-4
-1.393, 1.284e-4
-1.392, 1.259e-4
-1.391, 1.234e-4
-1.390, 1.206e-4
-1.389, 1.181e-4
-1.388, 1.155e-4
-1.387, 1.131e-4
-1.386, 1.110e-4
-1.385, 1.087e-4
-1.384, 1.065e-4
-1.383, 1.044e-4
-1.382, 1.019e-4
-1.381, 9.958e-5
-1.380, 9.751e-5
-1.379, 9.553e-5
-1.378, 9.344e-5
-1.377, 9.141e-5
-1.376, 8.946e-5
-1.375, 8.750e-5
-1.374, 8.565e-5
-1.373, 8.379e-5
-1.372, 8.190e-5
-1.371, 8.012e-5
-1.370, 7.822e-5
-1.369, 7.702e-5
-1.368, 7.494e-5
-1.367, 7.323e-5
-1.366, 7.167e-5
-1.365, 7.007e-5
-1.364, 6.845e-5
-1.363, 6.688e-5
-1.362, 6.533e-5
-1.361, 6.394e-5
-1.360, 6.246e-5
-1.359, 6.104e-5
-1.358, 5.959e-5
-1.357, 5.817e-5
-1.356, 5.682e-5
-1.355, 5.547e-5
-1.354, 5.418e-5
-1.353, 5.294e-5
-1.352, 5.163e-5
-1.351, 5.034e-5
-1.350, 4.917e-5
-1.349, 4.805e-5
-1.348, 4.680e-5
-1.347, 4.570e-5
-1.346, 4.468e-5
-1.345, 4.343e-5
-1.344, 4.236e-5
-1.343, 4.130e-5
-1.342, 4.027e-5
-1.341, 3.928e-5
-1.340, 3.828e-5
-1.339, 3.729e-5
-1.338, 3.638e-5
-1.337, 3.542e-5
-1.336, 3.452e-5
-1.335, 3.369e-5
-1.334, 3.275e-5
-1.333, 3.192e-5
-1.332, 3.113e-5
-1.331, 3.027e-5
-1.330, 2.932e-5
-1.329, 2.855e-5
-1.328, 2.769e-5
-1.327, 2.691e-5
-1.326, 2.617e-5
-1.325, 2.543e-5
-1.324, 2.472e-5
-1.323, 2.400e-5
-1.322, 2.331e-5
-1.321, 2.266e-5
-1.320, 2.191e-5
-1.319, 2.138e-5
-1.318, 2.073e-5
-1.317, 2.003e-5
-1.316, 1.952e-5
-1.315, 1.888e-5
-1.314, 1.838e-5
-1.313, 1.787e-5
-1.312, 1.714e-5
-1.311, 1.677e-5
-1.310, 1.604e-5
-1.309, 1.570e-5
-1.308, 1.516e-5
-1.307, 1.476e-5
-1.306, 1.417e-5
-1.305, 1.368e-5
-1.304, 1.327e-5
-1.303, 1.294e-5
-1.302, 1.239e-5
-1.301, 1.205e-5
-1.300, 1.167e-5
-1.299, 1.126e-5
-1.298, 1.084e-5
-1.297, 1.042e-5
-1.296, 1.007e-5
-1.295, 9.755e-6
-1.294, 9.381e-6
-1.293, 9.006e-6
-1.292, 8.631e-6
-1.291, 8.394e-6
-1.290, 8.009e-6
-1.289, 7.743e-6
-1.288, 7.447e-6
-1.287, 7.151e-6
-1.286, 6.875e-6
-1.285, 6.510e-6
-1.284, 6.342e-6
-1.283, 6.056e-6
-1.282, 5.720e-6
-1.281, 5.503e-6
-1.280, 5.148e-6
-1.279, 4.941e-6
-1.278, 4.684e-6
-1.277, 4.477e-6
-1.276, 4.280e-6
-1.275, 4.092e-6
-1.274, 3.816e-6
-1.273, 3.599e-6
-1.272, 3.471e-6
-1.271, 3.283e-6
-1.270, 3.027e-6
-1.269, 2.839e-6
-1.268, 2.731e-6
-1.267, 2.405e-6
-1.266, 2.346e-6
-1.265, 2.050e-6
-1.264, 1.981e-6
-1.263, 1.823e-6
-1.262, 1.656e-6
-1.261, 1.389e-6
-1.260, 1.261e-6
-1.259, 1.182e-6
-1.258, 1.083e-6
-1.257, 9.452e-7
-1.256, 7.774e-7
-1.255, 5.012e-7
-1.254, 3.927e-7
-1.253, 3.039e-7
-1.252, 1.263e-7
-1.251, 1.776e-8
-1.250, -9.077e-8
-1.249, -1.500e-7
-1.248, -2.585e-7
-1.247, -3.670e-7
-1.246, -4.854e-7
-1.245, -6.827e-7
-1.244, -6.531e-7
-1.243, -8.110e-7
-1.242, -9.096e-7
-1.241, -1.117e-6
-1.240, -1.107e-6
-1.239, -1.225e-6
-1.238, -1.334e-6
-1.237, -1.472e-6
-1.236, -1.472e-6
-1.235, -1.729e-6
-1.234, -1.778e-6
-1.233, -1.847e-6
-1.232, -1.896e-6
-1.231, -1.975e-6
-1.230, -2.133e-6
-1.229, -2.143e-6
-1.228, -2.281e-6
-1.227, -2.271e-6
-1.226, -2.508e-6
-1.225, -2.508e-6
-1.224, -2.508e-6
-1.223, -2.636e-6
-1.222, -2.705e-6
-1.221, -2.705e-6
-1.220, -2.824e-6
-1.219, -2.932e-6
-1.218, -2.942e-6
-1.217, -3.001e-6
-1.216, -3.041e-6
-1.215, -3.149e-6
-1.214, -3.169e-6
-1.213, -3.258e-6
-1.212, -3.347e-6
-1.211, -3.406e-6
-1.210, -3.406e-6
-1.209, -3.465e-6
-1.208, -3.485e-6
-1.207, -3.534e-6
-1.206, -3.682e-6
-1.205, -3.712e-6
-1.204, -3.672e-6
-1.203, -3.830e-6
-1.202, -3.860e-6
-1.201, -3.820e-6
-1.200, -3.800e-6
-1.199, -3.919e-6
-1.198, -3.919e-6
-1.197, -4.008e-6
-1.196, -4.096e-6
-1.195, -4.146e-6
-1.194, -4.067e-6
-1.193, -4.156e-6
-1.192, -4.156e-6
-1.191, -4.215e-6
-1.190, -4.382e-6
-1.189, -4.304e-6
-1.188, -4.422e-6
-1.187, -4.481e-6
-1.186, -4.501e-6
-1.185, -4.501e-6
-1.184, -4.521e-6
-1.183, -4.570e-6
-1.182, -4.600e-6
-1.181, -4.550e-6
-1.180, -4.718e-6
-1.179, -4.688e-6
-1.178, -4.787e-6
-1.177, -4.826e-6
-1.176, -4.876e-6
-1.175, -4.905e-6
-1.174, -4.965e-6
-1.173, -4.984e-6
-1.172, -4.886e-6
-1.171, -4.925e-6
-1.170, -5.014e-6
-1.169, -5.073e-6
-1.168, -5.132e-6
-1.167, -5.014e-6
-1.166, -5.191e-6
-1.165, -5.182e-6
-1.164, -5.191e-6
-1.163, -5.270e-6
-1.162, -5.270e-6
-1.161, -5.320e-6
-1.160, -5.399e-6
-1.159, -5.369e-6
-1.158, -5.409e-6
-1.157, -5.399e-6
-1.156, -5.428e-6
-1.155, -5.497e-6
-1.154, -5.428e-6
-1.153, -5.566e-6
-1.152, -5.606e-6
-1.151, -5.655e-6
-1.150, -5.734e-6
-1.149, -5.586e-6
-1.148, -5.675e-6
-1.147, -5.685e-6
-1.146, -5.793e-6
-1.145, -5.813e-6
-1.144, -5.843e-6
-1.143, -5.922e-6
-1.142, -5.951e-6
-1.141, -5.823e-6
-1.140, -5.951e-6
-1.139, -5.981e-6
-1.138, -6.000e-6
-1.137, -5.971e-6
-1.136, -6.129e-6
-1.135, -6.079e-6
-1.134, -6.168e-6
-1.133, -6.218e-6
-1.132, -6.158e-6
-1.131, -6.277e-6
-1.130, -6.316e-6
-1.129, -6.267e-6
-1.128, -6.257e-6
-1.127, -6.346e-6
-1.126, -6.346e-6
-1.125, -6.464e-6
-1.124, -6.444e-6
-1.123, -6.504e-6
-1.122, -6.415e-6
-1.121, -6.632e-6
-1.120, -6.583e-6
-1.119, -6.602e-6
-1.118, -6.592e-6
-1.117, -6.583e-6
-1.116, -6.711e-6
-1.115, -6.711e-6
-1.114, -6.652e-6
-1.113, -6.800e-6
-1.112, -6.849e-6
-1.111, -6.849e-6
-1.110, -6.987e-6
-1.109, -6.888e-6
-1.108, -6.987e-6
-1.107, -7.017e-6
-1.106, -6.957e-6
-1.105, -7.027e-6
-1.104, -7.046e-6
-1.103, -7.096e-6
-1.102, -7.194e-6
-1.101, -7.194e-6
-1.100, -7.263e-6
-1.099, -7.204e-6
-1.098, -7.342e-6
-1.097, -7.303e-6
-1.096, -7.253e-6
-1.095, -7.431e-6
-1.094, -7.392e-6
-1.093, -7.480e-6
-1.092, -7.470e-6
-1.091, -7.589e-6
-1.090, -7.559e-6
-1.089, -7.520e-6
-1.088, -7.668e-6
-1.087, -7.688e-6
-1.086, -7.786e-6
-1.085, -7.845e-6
-1.084, -7.737e-6
-1.083, -7.885e-6
-1.082, -7.905e-6
-1.081, -7.914e-6
-1.080, -7.984e-6
-1.079, -8.062e-6
-1.078, -8.092e-6
-1.077, -7.993e-6
-1.076, -8.220e-6
-1.075, -8.339e-6
-1.074, -8.270e-6
-1.073, -8.299e-6
-1.072, -8.250e-6
-1.071, -8.418e-6
-1.070, -8.467e-6
-1.069, -8.467e-6
-1.068, -8.566e-6
-1.067, -8.566e-6
-1.066, -8.556e-6
-1.065, -8.516e-6
-1.064, -8.615e-6
-1.063, -8.812e-6
-1.062, -8.714e-6
-1.061, -8.842e-6
-1.060, -8.931e-6
-1.059, -8.783e-6
-1.058, -8.980e-6
-1.057, -8.970e-6
-1.056, -9.039e-6
-1.055, -9.079e-6
-1.054, -9.098e-6
-1.053, -9.177e-6
-1.052, -9.237e-6
-1.051, -9.296e-6
-1.050, -9.325e-6
-1.049, -9.375e-6
-1.048, -9.434e-6
-1.047, -9.523e-6
-1.046, -9.611e-6
-1.045, -9.602e-6
-1.044, -9.611e-6
-1.043, -9.651e-6
-1.042, -9.720e-6
-1.041, -9.759e-6
-1.040, -9.898e-6
-1.039, -9.779e-6
-1.038, -9.986e-6
-1.037, -9.986e-6
-1.036, -1.008e-5
-1.035, -1.010e-5
-1.034, -1.009e-5
-1.033, -1.031e-5
-1.032, -1.014e-5
-1.031, -1.031e-5
-1.030, -1.036e-5
-1.029, -1.037e-5
-1.028, -1.046e-5
-1.027, -1.051e-5
-1.026, -1.060e-5
-1.025, -1.063e-5
-1.024, -1.081e-5
-1.023, -1.086e-5
-1.022, -1.091e-5
-1.021, -1.097e-5
-1.020, -1.101e-5
-1.019, -1.104e-5
-1.018, -1.114e-5
-1.017, -1.119e-5
-1.016, -1.134e-5
-1.015, -1.131e-5
-1.014, -1.136e-5
-1.013, -1.141e-5
-1.012, -1.148e-5
-1.011, -1.165e-5
-1.010, -1.161e-5
-1.009, -1.170e-5
-1.008, -1.174e-5
-1.007, -1.178e-5
-1.006, -1.192e-5
-1.005, -1.191e-5
-1.004, -1.205e-5
-1.003, -1.207e-5
-1.002, -1.221e-5
-1.001, -1.227e-5
