Potential V vs RHE, Current mA cm-2
0.013299999999999867,0.019013719870186095
0.012299999999999978,0.011473308641905449
0.011299999999999866,0.008401970409898454
0.010299999999999976,0.008682083247271731
0.009299999999999864,0.006029499560024787
0.008299999999999974,0.003516972291464481
0.007299999999999862,0.0030982177467044304
0.006299999999999972,0.0018419541124242776
0.00529999999999986,0.0015632559863508655
0.0042999999999999705,0.0025408214945576058
0.0032999999999998586,-0.00011166316289834735
0.0022999999999999687,-0.0015080822456561291
0.0012999999999998568,-0.0027629311686364166
0.00029999999999996696,-0.0031816857133964674
-0.000700000000000145,-0.0030430440060096936
-0.0017000000000000348,-0.004159251221603208
-0.0027000000000001467,-0.004159251221603208
-0.0037000000000000366,-0.004856703892436672
-0.0047000000000001485,-0.004299307640289847
-0.005700000000000038,-0.0037404966768431573
-0.00670000000000015,-0.005834269400643411
-0.00770000000000004,-0.006393080364090101
-0.008700000000000152,-0.007509287579683614
-0.009700000000000042,-0.007649343998370253
-0.010700000000000154,-0.009603060303483868
-0.011700000000000044,-0.009322947466110591
-0.012700000000000156,-0.010719267519077383
-0.013700000000000045,-0.01044056939300397
-0.014700000000000157,-0.010719267519077383
-0.015700000000000047,-0.010579211100390744
-0.01670000000000016,-0.012534342116804225
-0.01770000000000005,-0.011416720189910844
-0.01870000000000016,-0.013929247458471152
-0.01970000000000005,-0.011416720189910844
-0.020700000000000163,-0.012813040242877636
-0.021700000000000053,-0.013371851206324326
-0.022700000000000164,-0.011278078482524071
-0.023700000000000054,-0.014203701450644968
-0.024700000000000166,-0.012953096661564276
-0.025700000000000056,-0.012534342116804225
-0.026700000000000168,-0.014203701450644968
-0.027700000000000058,-0.013231794787637688
-0.02870000000000017,-0.01406930387715779
-0.02970000000000006,-0.013790605751084378
-0.03070000000000017,-0.015179852247551842
-0.03170000000000006,-0.014769585970590984
-0.03270000000000017,-0.01588720789748436
-0.03370000000000006,-0.01546279450752485
-0.034700000000000175,-0.01615600304445872
-0.035700000000000065,-0.01615600304445872
-0.03670000000000018,-0.017273624971352097
-0.03770000000000007,-0.017146300954364244
-0.03870000000000018,-0.016863358694391237
-0.03970000000000007,-0.016438945304431726
-0.04070000000000018,-0.01769803836131161
-0.04170000000000007,-0.018957131418191494
-0.04270000000000018,-0.01853271802823198
-0.04370000000000007,-0.01853271802823198
-0.044700000000000184,-0.018957131418191494
-0.045700000000000074,-0.018815660288204986
-0.046700000000000186,-0.018815660288204986
-0.047700000000000076,-0.019791811085111865
-0.04870000000000019,-0.019791811085111865
-0.04970000000000008,-0.019933282215098366
-0.05070000000000019,-0.021050904141991744
-0.05170000000000008,-0.021885583808912118
-0.05270000000000019,-0.020767961882018737
-0.05370000000000008,-0.021744112678925617
-0.05470000000000019,-0.020626490752032236
-0.05570000000000008,-0.021461170418952607
-0.056700000000000195,-0.021050904141991744
-0.057700000000000085,-0.020909433012005242
-0.058700000000000196,-0.021744112678925617
-0.059700000000000086,-0.021744112678925617
-0.0607000000000002,-0.021885583808912118
-0.06170000000000009,-0.0230032057358055
-0.0627000000000002,-0.02230999719887163
-0.06370000000000009,-0.02453109393965974
-0.0647000000000002,-0.023144676865792004
-0.06570000000000009,-0.024403769922671882
-0.0667000000000002,-0.022578792345845984
-0.0677000000000001,-0.02355494314275286
-0.0687000000000002,-0.02467256506964624
-0.0697000000000001,-0.024120827662698876
-0.07070000000000021,-0.02397935653271237
-0.0717000000000001,-0.02467256506964624
-0.07270000000000021,-0.024403769922671882
-0.0737000000000001,-0.02509697845960575
-0.07470000000000021,-0.025238449589592253
-0.0757000000000001,-0.02621460038649913
-0.07670000000000021,-0.026766337793446494
-0.0777000000000001,-0.025931658126526123
-0.07870000000000021,-0.026356071516485634
-0.0797000000000001,-0.027190751183406005
-0.08070000000000022,-0.02662486666345999
-0.0817000000000001,-0.027473693443379014
-0.08270000000000022,-0.02662486666345999
-0.08370000000000011,-0.02774248859035337
-0.08470000000000022,-0.027332222313392506
-0.08570000000000011,-0.027190751183406005
-0.08670000000000022,-0.029001581647233248
-0.08770000000000011,-0.028860110517246747
-0.08870000000000022,-0.029143052777219756
-0.08970000000000011,-0.029143052777219756
-0.09070000000000022,-0.029001581647233248
-0.09170000000000011,-0.029284523907206258
-0.09270000000000023,-0.029836261314153626
-0.09370000000000012,-0.030260674704113137
-0.09470000000000023,-0.031095354371033508
-0.09570000000000012,-0.029567466167179264
-0.09670000000000023,-0.030812412111060502
-0.09770000000000012,-0.03193003403795388
-0.09870000000000023,-0.032071505167940384
-0.09970000000000012,-0.031095354371033508
-0.10070000000000023,-0.03290618483486075
-0.10170000000000012,-0.03304765596484726
-0.10270000000000024,-0.032637389687886396
-0.10370000000000013,-0.03318912709483376
-0.10470000000000024,-0.03318912709483376
-0.10570000000000013,-0.03333059822482026
-0.10670000000000024,-0.03444822015171364
-0.10770000000000013,-0.03416527789174064
-0.10870000000000024,-0.03402380676175413
-0.10970000000000013,-0.03402380676175413
-0.11070000000000024,-0.03458969128170015
-0.11170000000000013,-0.03361354048479327
-0.11270000000000002,-0.03444822015171364
-0.11370000000000013,-0.0366834640055004
-0.11470000000000002,-0.03444822015171364
-0.11570000000000014,-0.03597610835556788
-0.11670000000000003,-0.037235201412447766
-0.11770000000000014,-0.03584878433858003
-0.11870000000000003,-0.0368249351354869
-0.11970000000000014,-0.03625905061554088
-0.12070000000000003,-0.03835282333934115
-0.12170000000000014,-0.03835282333934115
-0.12270000000000003,-0.03794255706238028
-0.12370000000000014,-0.03806988107936814
-0.12470000000000003,-0.03806988107936814
-0.12570000000000014,-0.03947044526623452
-0.12670000000000003,-0.04003632978618053
-0.12770000000000015,-0.039046031876275006
-0.12870000000000004,-0.039611916396221025
-0.12970000000000015,-0.04016365380316839
-0.13070000000000004,-0.04058806719312791
-0.13170000000000015,-0.040729538323114406
-0.13270000000000004,-0.04087100945310092
-0.13370000000000015,-0.04003632978618053
-0.13470000000000004,-0.0404465960631414
-0.13570000000000015,-0.042130102509980796
-0.13670000000000004,-0.041988631379994285
-0.13770000000000016,-0.04184716025000779
-0.13870000000000005,-0.04296478217690116
-0.13970000000000016,-0.04156421799003478
-0.14070000000000005,-0.04379946184382154
-0.14170000000000016,-0.04365799071383503
-0.14270000000000005,-0.042823311046914656
-0.14370000000000016,-0.044492670380755404
-0.14470000000000005,-0.04379946184382154
-0.14570000000000016,-0.04603470569760829
-0.14670000000000005,-0.04520002603068792
-0.14770000000000016,-0.04394093297380804
-0.14870000000000005,-0.046869385364528664
-0.14970000000000017,-0.04505855490070142
-0.15070000000000006,-0.04575176343763528
-0.15170000000000017,-0.04715232762450167
-0.15270000000000006,-0.048538744698369406
-0.15370000000000017,-0.04841142068138156
-0.15470000000000006,-0.048269949551395054
-0.15570000000000017,-0.04910462921831542
-0.15670000000000006,-0.04965636662526278
-0.15770000000000017,-0.04868021582835592
-0.15870000000000006,-0.04965636662526278
-0.15970000000000018,-0.048821686958342415
-0.16070000000000007,-0.05077398855215617
-0.16170000000000018,-0.05050519340518181
-0.16270000000000007,-0.05050519340518181
-0.16370000000000018,-0.05286776127595642
-0.16470000000000007,-0.05272629014596992
-0.16570000000000018,-0.05286776127595642
-0.16670000000000007,-0.05286776127595642
-0.16770000000000018,-0.053433645795902436
-0.16870000000000007,-0.05398538320284981
-0.16970000000000018,-0.054268325462822814
-0.17070000000000007,-0.05412685433283631
-0.17170000000000019,-0.05524447625972968
-0.17270000000000008,-0.05440979659280931
-0.1737000000000002,-0.05593768479666354
-0.17470000000000008,-0.05607915592665005
-0.1757000000000002,-0.05622062705663656
-0.17670000000000008,-0.057196777853543435
-0.1777000000000002,-0.057196777853543435
-0.17870000000000008,-0.058031457520463806
-0.1797000000000002,-0.05900760831737068
-0.18070000000000008,-0.05831439978043681
-0.1817000000000002,-0.06012523024426406
-0.18270000000000008,-0.058597342040409825
-0.1837000000000002,-0.06054964363422357
-0.1847000000000001,-0.060959909911184426
-0.1857000000000002,-0.060959909911184426
-0.1867000000000001,-0.062360474098050823
-0.1877000000000002,-0.061808736691103455
-0.1887000000000001,-0.06402983343189157
-0.1897000000000002,-0.0637610382849172
-0.1907000000000001,-0.06333662489495769
-0.1917000000000001,-0.06487866021181057
-0.19269999999999998,-0.06487866021181057
-0.1937000000000001,-0.06528892648877145
-0.19469999999999998,-0.06668949067563783
-0.1957000000000001,-0.06640654841566482
-0.19669999999999999,-0.0676656414725447
-0.1977000000000001,-0.06850032113946508
-0.1987,-0.0692076767893976
-0.1997000000000001,-0.06933500080638545
-0.2007,-0.07031115160329232
-0.2017000000000001,-0.07101850725322485
-0.2027,-0.0714287735301857
-0.2037000000000001,-0.0731122799770251
-0.2047,-0.07282933771705208
-0.2057000000000001,-0.07282933771705208
-0.2067,-0.07366401738397246
-0.2077000000000001,-0.07366401738397246
-0.2087,-0.07604073236774572
-0.2097000000000001,-0.0768754120346661
-0.2107,-0.0768754120346661
-0.2117000000000001,-0.0771583542946391
-0.2127,-0.0774412965546121
-0.2137000000000001,-0.07882771362847985
-0.2147,-0.07980386442538671
-0.2157000000000001,-0.08203910827917348
-0.2167,-0.08301525907608036
-0.21770000000000012,-0.08384993874300072
-0.2187,-0.08608518259678749
-0.21970000000000012,-0.08553344518984012
-0.2207,-0.086509595986747
-0.22170000000000012,-0.086509595986747
-0.2227,-0.08929657724748112
-0.22370000000000012,-0.08957951950745412
-0.2247,-0.09027272804438799
-0.22570000000000012,-0.09139034997128137
-0.2267,-0.09222502963820174
-0.22770000000000012,-0.09320118043510862
-0.22870000000000001,-0.09516762914192102
-0.22970000000000013,-0.09614377993882789
-0.23070000000000002,-0.09711993073573477
-0.23170000000000013,-0.09795461040265514
-0.23270000000000002,-0.09781313927266864
-0.23370000000000013,-0.1004727965164149
-0.23470000000000002,-0.10185921359028265
-0.23570000000000013,-0.10297683551717601
-0.23670000000000002,-0.10478766598100327
-0.2376999999999999,-0.10451887083402892
-0.23870000000000002,-0.10661264355782916
-0.2396999999999999,-0.10883374029861728
-0.24070000000000003,-0.10995136222551065
-0.24169999999999991,-0.11106898415240402
-0.24270000000000003,-0.11149339754236354
-0.24369999999999992,-0.11372864139615031
-0.24470000000000003,-0.11582241411995055
-0.24569999999999992,-0.11665709378687093
-0.24670000000000003,-0.11972701730757807
-0.24769999999999992,-0.12056169697449844
-0.24870000000000003,-0.12322135421824468
-0.24969999999999992,-0.12419750501515157
-0.25070000000000003,-0.1255839220890193
-0.2516999999999999,-0.12781916594280607
-0.25270000000000004,-0.12921973012967244
-0.2536999999999999,-0.1315964451134457
-0.25470000000000004,-0.13369021783724597
-0.2556999999999999,-0.13591131457803407
-0.25670000000000004,-0.13814655843182086
-0.25769999999999993,-0.1392641803587142
-0.25870000000000004,-0.1437346680662877
-0.25969999999999993,-0.14444202371622025
-0.26070000000000004,-0.14797880196588284
-0.26169999999999993,-0.14953498439573437
-0.26270000000000004,-0.15250587812545094
-0.26369999999999993,-0.15646706976507307
-0.26470000000000005,-0.1588720789748436
-0.26569999999999994,-0.16141855931460067
-0.26670000000000005,-0.16509680869424978
-0.26769999999999994,-0.16820917355395287
-0.26870000000000005,-0.17202889406358848
-0.26969999999999994,-0.17217036519357498
-0.27070000000000005,-0.17881950830294063
-0.27169999999999994,-0.1808001041227517
-0.27270000000000005,-0.18334658446250876
-0.27369999999999994,-0.18858101627200938
-0.27470000000000006,-0.19056161209182043
-0.27569999999999995,-0.19494721712140206
-0.27670000000000006,-0.19933282215098366
-0.27769999999999995,-0.20301107153063278
-0.27870000000000006,-0.20852844560010642
-0.27969999999999995,-0.21022609915994445
-0.28070000000000006,-0.2164508288793506
-0.28169999999999995,-0.22182673181883775
-0.28270000000000006,-0.22522203893851384
-0.28369999999999995,-0.231729710917893
-0.28470000000000006,-0.23512501803756908
-0.28569999999999995,-0.24078386323702924
-0.28670000000000007,-0.24573535278655687
-0.28769999999999996,-0.251111255726044
-0.28870000000000007,-0.2564871586655311
-0.28969999999999996,-0.2621460038649913
-0.29070000000000007,-0.26808779132442445
-0.29169999999999996,-0.27459546330380363
-0.29270000000000007,-0.2811031352831828
-0.29369999999999996,-0.2880352206525215
-0.2947000000000001,-0.2946843637618871
-0.29569999999999996,-0.3007676223513068
-0.2967000000000001,-0.308690005630551
-0.29769999999999996,-0.31604650438984916
-0.2987000000000001,-0.32411035879907985
-0.29969999999999997,-0.3310424441684186
-0.3007000000000001,-0.33981365422758186
-0.30169999999999997,-0.34717015298688
-0.3027000000000001,-0.35622430530601623
-0.30369999999999997,-0.36386374632528745
-0.3047000000000001,-0.37362525429435617
-0.30569999999999997,-0.3822549932235329
-0.3067000000000001,-0.3913091455426691
-0.3077,-0.4010706535117379
-0.3087000000000001,-0.4119639305206987
-0.3097,-0.42073514057986194
-0.3107000000000001,-0.4314869464588362
-0.3117,-0.4411069832979185
-0.3127000000000001,-0.45256614482682517
-0.3137,-0.46317647957581304
-0.3147000000000001,-0.4735038720648278
-0.3157,-0.4862362737636131
-0.3167000000000001,-0.4979783775524929
-0.3177,-0.5109937215112512
-0.3187000000000001,-0.5237261232100366
-0.3197,-0.5363170537788354
-0.3207000000000001,-0.5500397533875263
-0.3217,-0.5626306839563251
-0.3227000000000001,-0.5767777969549754
-0.3237,-0.5903590254336798
-0.3247000000000001,-0.6060623208621817
-0.3257,-0.6203509049908186
-0.3267000000000001,-0.635346844769388
-0.3277,-0.6502013134179708
-0.3287000000000001,-0.6663290222364323
-0.3297,-0.6817493754049612
-0.3307000000000001,-0.6994332666532742
-0.3317,-0.7157024466017221
-0.3327000000000001,-0.7336692801100081
-0.3337,-0.7512117002283345
-0.3347000000000001,-0.7686126492166745
-0.3357,-0.7891259630647174
-0.3367000000000001,-0.808366036742882
-0.3377,-0.8267572836411275
-0.3387000000000001,-0.846563241839238
-0.3397,-0.867076555687281
-0.3407000000000001,-0.8881557540552701
-0.3417,-0.9081031833833669
-0.3427000000000001,-0.9296067951413157
-0.3437,-0.9535154161090347
-0.3447000000000001,-0.9754434412569427
-0.3457,-1.0000594178745945
-0.3467000000000001,-1.0219874430225024
-0.3477,-1.0463204773801813
-0.3487000000000001,-1.0722096941677113
-0.3497,-1.0972500841753225
-0.3507000000000001,-1.1245540122627176
-0.3517,-1.149452931140342
-0.3527000000000001,-1.1767568592277375
-0.3537,-1.2047681429650652
-0.3547000000000001,-1.2334867823523255
-0.3557,-1.2619224794796127
-0.35670000000000013,-1.2938949548565624
-0.3577,-1.3219062385938902
-0.35870000000000013,-1.3527469449309482
-0.3597,-1.3854267759578305
-0.36070000000000013,-1.4175407224647667
-0.3617,-1.4486643710617975
-0.3626999999999999,-1.4840321535584236
-0.3637,-1.5179852247551844
-0.3646999999999999,-1.5519382959519452
-0.3657,-1.585891367148706
-0.3666999999999999,-1.6198444383454669
-0.3677,-1.656626932141958
-0.3686999999999999,-1.694824137238314
-0.36970000000000003,-1.734436053634535
-0.3706999999999999,-1.772633258730891
-0.37170000000000003,-1.8122451751271118
-0.3726999999999999,-1.8518570915233332
-0.37370000000000003,-1.892883719219419
-0.3746999999999999,-1.933910346915505
-0.37570000000000003,-1.9777663972113213
-0.3766999999999999,-2.0187930249074073
-0.37770000000000004,-2.0626490752032236
-0.3786999999999999,-2.1065051254990395
-0.37970000000000004,-2.151775887094721
-0.3806999999999999,-2.1984613599902674
-0.38170000000000004,-2.2451468328858133
-0.38269999999999993,-2.2932470170812245
-0.38370000000000004,-2.3413472012766356
-0.38469999999999993,-2.392276808071777
-0.38570000000000004,-2.4417917035670533
-0.38669999999999993,-2.4913065990623298
-0.38770000000000004,-2.545065628457201
-0.38869999999999993,-2.597409946552207
-0.38970000000000005,-2.6511689759470785
-0.39069999999999994,-2.706342716641815
-0.39170000000000005,-2.7586870347368215
-0.39269999999999994,-2.8166901980312877
-0.39370000000000005,-2.8732786500258896
-0.39469999999999994,-2.932696524620221
-0.39570000000000005,-2.990699687914687
-0.39669999999999994,-3.0515322738088844
-0.39770000000000005,-3.110950148403216
-0.39869999999999994,-3.168953311697682
-0.39970000000000006,-3.2297858975918787
-0.40069999999999995,-3.2906184834860754
-0.40170000000000006,-3.355695203279867
-0.40269999999999995,-3.4221866343735234
-0.40370000000000006,-3.4943369106666404
-0.40469999999999995,-3.556584207860702
-0.40570000000000006,-3.6287344841538194
-0.40669999999999995,-3.7065436056463965
-0.40770000000000006,-3.7730350367400525
-0.40869999999999995,-3.8395264678337093
-0.40970000000000006,-3.910262032826961
-0.41069999999999995,-3.9838270204199433
-0.41170000000000007,-4.05597729671306
-0.41269999999999996,-4.130956995605907
-0.41370000000000007,-4.2087661170984845
-0.41469999999999996,-4.283745815991331
-0.41570000000000007,-4.358725514884178
-0.41669999999999996,-4.4379493476766205
-0.41770000000000007,-4.507270201370006
-0.41869999999999996,-4.587908745462314
-0.4197000000000001,-4.669962000854486
-0.42069999999999996,-4.752015256246658
-0.4217000000000001,-4.832653800338965
-0.42269999999999996,-4.921780612230462
-0.4237000000000001,-5.0094927128220945
-0.42469999999999997,-5.097204813413727
-0.4257000000000001,-5.18491691400536
-0.42669999999999997,-5.274043725896856
-0.4277000000000001,-5.364585249088219
-0.42869999999999997,-5.453712060979717
-0.4297000000000001,-5.532935893772159
-0.43069999999999997,-5.627721550863116
-0.4317000000000001,-5.718263074054478
-0.4327,-5.824366421544356
-0.4337000000000001,-5.920566789935179
-0.4347,-6.022426003525461
-0.4357000000000001,-6.125699928415609
-0.4367,-6.2233150081062965
-0.4377000000000001,-6.323759510396714
-0.4387,-6.429862857886591
-0.4397000000000001,-6.5317220714768744
-0.4407,-6.627922439867697
-0.4417000000000001,-6.74675818905636
-0.4427,-6.852861536546238
-0.4437000000000001,-6.95189132753679
-0.4447,-7.059409386326533
-0.4457000000000001,-7.183903980714656
-0.4467,-7.2928367508042635
-0.4477000000000001,-7.389037119195086
-0.4487,-7.517775847482805
-0.4497000000000001,-7.629538040172143
-0.4507,-7.746959078060941
-0.4517000000000001,-7.874283095048795
-0.4527,-7.9888747103378615
-0.4537000000000001,-8.09780748042747
-0.4547,-8.198251982717888
-0.4557000000000001,-8.31991715450628
-0.4567,-8.448655882793998
-0.4577000000000001,-8.570321054582392
-0.4587,-8.689156803771056
-0.4597000000000001,-8.806577841659854
-0.4607,-8.936731281247436
-0.4617000000000001,-9.035761072237987
-0.4627,-9.170158645725168
-0.4637000000000001,-9.301726796612616
-0.4647,-9.434709658799928
-0.4657000000000001,-9.574766077486567
-0.4667,-9.697845960574826
-0.4677000000000001,-9.82799940016241
-0.4687,-9.960982262349724
-0.4697000000000001,-10.103868103636094
-0.4707,-10.222703852824754
-0.4717000000000001,-10.365589694111124
-0.4727,-10.512719669297088
-0.4737000000000001,-10.652776087983725
-0.4747,-10.79990606316969
-0.4757000000000001,-10.93430363665687
-0.4767,-11.063042364944588
-0.4777000000000001,-11.183292825433115
-0.4787,-11.336081645818538
-0.4797000000000001,-11.493114600103558
-0.4807,-11.660050533487633
-0.48170000000000013,-11.821327621672246
-0.4827,-11.986848843756457
-0.48370000000000013,-12.077390366947817
-0.4847,-12.241496877732164
-0.48570000000000013,-12.394285698117587
-0.4867,-12.576783455800177
-0.4876999999999999,-12.675813246790728
-0.4887,-12.855481581873589
-0.4896999999999999,-13.025246937857393
-0.4907,-13.178035758242817
-0.4916999999999999,-13.322336310829051
-0.4927,-13.466636863415284
-0.4936999999999999,-13.6279139515999
-0.49470000000000003,-13.925003324571557
-0.4956999999999999,-14.10608637095428
-0.49670000000000003,-14.274437015638219
-0.4976999999999999,-14.444202371622024
-0.49870000000000003,-14.557379275611227
-0.4996999999999999,-14.71299751859638
-0.5007,-14.896909987578834
-0.5016999999999999,-15.080822456561293
-0.5027,-15.307176264539699
-0.5036999999999999,-15.448647394526201
-0.5047,-15.632559863508657
-0.5056999999999999,-15.802325219492458
-0.5067,-15.901355010483012
-0.5076999999999999,-16.056973253468165
-0.5087,-16.24088572245062
-0.5096999999999999,-16.481386643427676
-0.5107,-16.693593338407435
-0.5116999999999999,-16.877505807389888
-0.5127,-17.00482982437774
-0.5136999999999999,-17.146300954364243
-0.5147,-17.34436053634535
-0.5156999999999999,-17.528273005327804
-0.5167,-17.71218547431026
-0.5176999999999999,-17.910245056291366
-0.5187,-18.03756907327922
-0.5196999999999999,-18.19318731626437
-0.5207,-18.362952672248177
-0.5216999999999999,-18.617600706223882
-0.5227,-18.858101627200938
-0.5236999999999999,-18.94298430519284
-0.5247,-19.25422079116315
-0.5257,-19.395691921149652
-0.5267000000000001,-19.593751503130758
-0.5277,-19.77766397211321
-0.5287000000000001,-19.98987066709297
-0.5297,-20.17378313607542
-0.5307000000000001,-20.400136944053827
-0.5317,-20.48501962204573
-0.5327000000000001,-20.86699167300929
-0.5337,-21.107492593986347
-0.5347000000000001,-21.291405062968803
-0.5357,-21.51775887094721
-0.5367000000000001,-21.71581845292831
-0.5377,-21.871436695913467
-0.5387000000000001,-22.15437895588647
-0.5397,-22.33829142486893
-0.5407000000000001,-22.621233684841933
-0.5417,-22.748557701829792
-0.5427000000000001,-22.904175944814945
-0.5437,-23.215412430785253
-0.5447000000000001,-23.342736447773106
-0.5457,-23.58323736875016
-0.5467000000000001,-23.993503645711023
-0.5477,-24.21985745368943
-0.5487000000000001,-24.460358374666487
-0.5497,-24.65841795664759
-0.5507000000000001,-24.814036199632742
-0.5517,-24.983801555616548
-0.5527000000000001,-25.238449589592253
-0.5537,-25.521391849565262
-0.5547000000000001,-25.719451431546364
-0.5557,-26.058982143513976
-0.5567000000000001,-26.29948306449103
-0.5577,-26.440954194477534
-0.5587000000000001,-26.58242532446404
-0.5597,-26.766337793446493
-0.5607000000000001,-27.035132940420848
-0.5617,-27.204898296404657
-0.5627000000000001,-27.459546330380363
-0.5637,-27.62931168636417
-0.5647000000000001,-27.827371268345274
-0.5657,-27.898106833338524
-0.5667000000000001,-28.336667336296685
-0.5677,-28.44984424028589
-0.5687000000000001,-28.746933613257543
-0.5697,-28.8742576302454
-0.5707000000000001,-29.25622968120896
-0.5717,-29.454289263190066
-0.5727000000000001,-29.793819975157668
-0.5737,-30.07676223513068
-0.5747000000000001,-30.232380478115836
-0.5757,-30.45873428609424
-0.5767000000000001,-30.79826499806185
-0.5777,-31.12364859703081
-0.5787000000000001,-31.37829663100651
-0.5797,-31.47732642199707
-0.5807000000000001,-31.717827342974125
-0.5817,-32.00076960294713
-0.5827000000000001,-32.297858975918786
-0.5837,-32.62324257488775
-0.5847000000000001,-32.92033194785941
-0.5857,-33.203274207832415
-0.5867000000000001,-33.42962801581082
-0.5877,-33.58524625879597
-0.5887000000000001,-33.96721830975953
-0.5897,-34.13698366574334
-0.5907000000000001,-34.278454795729836
-0.5917,-34.702868185689354
-0.5927000000000001,-35.014104671659666
-0.5937,-35.183870027643465
-0.5947000000000001,-35.339488270628614
-0.5957,-35.707313208593526
-0.5967000000000001,-35.82049011258273
-0.5977,-36.03269680756248
-0.5987000000000001,-36.315639067535486
-0.5997,-36.669316892501755
-0.6007000000000001,-36.83908224848555
-0.6017,-37.02299471746801
-0.6027000000000001,-37.44740810742752
-0.6037,-37.94255706238028
-0.6047000000000001,-38.42355890433439
-0.6057,-38.664059825311455
-0.6067000000000001,-38.93285497228581
-0.6077,-39.074326102272316
-0.6087000000000001,-39.28653279725207
-0.6097,-39.52703371822913
-0.6107000000000001,-39.93729999518999
-0.6117,-40.12121246417244
-0.6126999999999999,-40.40415472414545
-0.6137,-40.800273888107654
-0.6146999999999999,-41.05492192208336
-0.6157,-41.42274686004827
-0.6166999999999999,-41.649100668026676
-0.6177,-41.76227757201589
-0.6186999999999999,-42.130102509980794
-0.6197,-42.37060343095784
-0.6206999999999999,-42.766722594920054
-0.6217,-43.077959080890366
-0.6226999999999999,-43.33260711486608
-0.6237,-43.78531473082289
-0.6246999999999999,-44.3794934767662
-0.6257,-44.66243573673921
-0.6266999999999999,-45.143437578693316
-0.6277,-45.242467369683865
-0.6286999999999999,-45.35564427367308
-0.6297,-45.581998081651484
-0.6306999999999999,-45.92152879361909
-0.6317,-46.43082486157051
-0.6326999999999999,-46.86938536452866
-0.6337,-47.23721030249357
-0.6346999999999999,-47.49185833646928
-0.6357,-47.87383038743284
-0.6366999999999999,-48.114331308409895
-0.6377,-48.62362737636131
-0.6386999999999999,-48.75095139334916
-0.6397,-49.16121767031002
-0.6406999999999999,-49.28854168729788
-0.6417,-49.74124930325469
-0.6426999999999999,-49.89686754623985
-0.6437,-50.109074241219595
-0.6446999999999999,-50.68910587416426
-0.6457,-51.05693081212917
-0.6466999999999999,-51.31157884610488
-0.6477,-51.43890286309273
-0.6486999999999999,-51.72184512306574
-0.6497,-52.1038171740293
-0.6507,-52.386759434002315
-0.6517000000000001,-52.45749499899556
-0.6527,-53.03752663194023
-0.6537000000000001,-53.079967970936174
-0.6547,-53.447792908901086
-0.6557000000000001,-53.82976495986464
-0.6567,-54.69273885278232
-0.6577000000000001,-55.17374069473642
-0.6587,-55.626448310693235
-0.6597000000000001,-55.881096344668954
-0.6607,-56.12159726564601
-0.6617000000000001,-56.36209818662306
-0.6627,-56.72992312458797
-0.6637000000000001,-56.98457115856368
-0.6647,-57.182630740544774
-0.6657000000000001,-57.423131661521836
-0.6667,-57.8051037124854
-0.6677000000000001,-58.51245936241792
-0.6687,-58.71051894439902
-0.6697000000000001,-59.035902543367975
-0.6707,-59.16322656035583
-0.6717000000000001,-59.7149639673032
-0.6727,-59.7149639673032
-0.6737000000000001,-59.92717066228296
-0.6747,-60.25255426125191
-0.6757000000000001,-60.761850329203334
-0.6767,-61.313587736150694
-0.6777000000000001,-61.6531184481183
-0.6787,-62.31803275905487
-0.6797000000000001,-62.75659326201302
-0.6807,-62.88391727900089
-0.6817000000000001,-63.364919120955
-0.6827,-63.831773849910455
-0.6837000000000001,-64.14301033588076
-0.6847,-64.38351125685783
-0.6857000000000001,-64.56742372584027
-0.6867,-65.20404381077954
-0.6877000000000001,-65.7557812177269
-0.6887,-65.96798791270665
-0.6897000000000001,-66.01042925170262
-0.6907,-66.36410707666887
-0.6917000000000001,-66.59046088464727
-0.6927,-67.04316850060408
-0.6937000000000001,-67.86370105452582
-0.6947,-68.33055578348127
-0.6957000000000001,-68.54276247846103
-0.6967,-69.1227941114057
-0.6977000000000001,-69.40573637137871
-0.6987,-69.91503243933012
-0.6997000000000001,-70.24041603829907
-0.7007,-70.49506407227477
-0.7017000000000001,-71.3438908521938
-0.7027,-72.09368784112228
-0.7037000000000001,-72.34833587509796
-0.7047,-72.54639545707909
-0.7057000000000001,-73.55084047998325
-0.7067,-73.86207696595356
-0.7077000000000001,-74.10257788693062
-0.7087,-74.45625571189689
-0.7097000000000001,-75.00799311884425
-0.7107,-75.46070073480107
-0.7117000000000001,-75.81437855976732
-0.7127,-76.35196885371603
-0.7137000000000001,-77.78082726657972
-0.7147,-77.45544366761075
-0.7157000000000001,-77.93644550956488
-0.7167,-78.12035797854733
-0.7177000000000001,-78.40330023852034
-0.7187,-78.85600785447714
-0.7197000000000001,-79.47848082641775
-0.7207,-80.00192400736783
-0.7217000000000001,-80.41219028432867
-0.7227,-80.53951430131653
-0.7237000000000001,-80.86489790028548
-0.7247,-81.37419396823692
-0.7257000000000001,-81.89763714918698
-0.7267,-82.13813807016405
-0.7277000000000001,-82.50596300812894
-0.7287,-82.94452351108711
-0.7297000000000001,-84.10458677697642
-0.7307,-84.67047129692244
-0.7317000000000001,-85.052443347886
-0.7327,-85.43441539884957
-0.7337000000000001,-85.88712301480638
-0.7347,-86.75009690772404
-0.7357000000000001,-87.13206895868761
-0.7367,-87.65551213963768
-0.7376999999999999,-88.49019180655806
-0.7387,-88.9287523095162
-0.7396999999999999,-88.71654561453644
-0.7407,-89.72099063744062
-0.7416999999999999,-90.4990818523664
-0.7427,-90.9517894683232
-0.7436999999999999,-91.37620285828272
-0.7447,-91.65914511825574
-0.7456999999999999,-92.3806478811869
-0.7467,-92.9748266271302
-0.7476999999999999,-93.88024185904384
-0.7487,-94.5734503959777
-0.7496999999999999,-95.62033675787784
-0.7507,-96.27110395581576
-0.7516999999999999,-96.75210579776986
-0.7527,-96.90772404075501
-0.7536999999999999,-97.36043165671182
-0.7547,-97.89802195066054
-0.7556999999999999,-97.77069793367268
-0.7567,-97.57263835169158
-0.7576999999999999,-98.5346420355998
-0.7587,-99.24199768553233
-0.7596999999999999,-100.17570714344325
-0.7607,-101.43480020032314
-0.7616999999999999,-102.60901057921112
-0.7627,-102.59486346621246
-0.7636999999999999,-103.20318932515443
-0.7647,-103.11830664716253
-0.7656999999999999,-103.47198447212878
-0.7667,-104.5188708340289
-0.7676999999999999,-105.09890246697358
-0.7687,-105.608198534925
-0.7696999999999999,-105.65063987392094
-0.7707,-105.66478698691958
-0.7716999999999999,-106.00431769888719
-0.7727,-107.7727068237185
-0.7736999999999999,-108.38103268266046
-0.7747,-108.87618163761321
-0.7757,-109.3147421405714
-0.7767000000000001,-110.02209779050389
-0.7777,-110.65871787544317
-0.7787000000000001,-111.4509562033676
-0.7797,-111.69145712434464
-0.7807000000000001,-112.54028390426367
-0.7817,-113.60131737916245
-0.7827000000000001,-113.55887604016648
-0.7837,-114.23793746410173
-0.7847000000000001,-115.5253247469789
-0.7857,-115.65264876396675
-0.7867000000000001,-115.9214439109411
-0.7857,-114.90285177503829
-0.7847000000000001,-114.54917395007203
-0.7837,-114.2945259160963
-0.7827000000000001,-112.87981461623129
-0.7817,-112.05928206230955
-0.7807000000000001,-111.54998599435814
-0.7797,-110.91336590941887
-0.7787000000000001,-110.3050400504769
-0.7777,-109.58353728754575
-0.7767000000000001,-109.14497678458758
-0.7757,-108.96106431560513
-0.7747,-108.5932393776402
-0.7736999999999999,-107.16438096477653
-0.7727,-107.36244054675764
-0.7716999999999999,-107.22096941677113
-0.7707,-105.65063987392094
-0.7696999999999999,-106.98046849579409
-0.7687,-105.79211100390745
-0.7676999999999999,-105.02816690198033
-0.7667,-103.96713342708154
-0.7656999999999999,-102.73633459619896
-0.7647,-101.88750781627995
-0.7636999999999999,-100.4162080644203
-0.7627,-100.00594178745945
-0.7616999999999999,-100.4162080644203
-0.7607,-100.5010907424122
-0.7596999999999999,-99.75129375348374
-0.7587,-98.88831986056607
-0.7576999999999999,-98.7044073915836
-0.7567,-97.64337391668484
-0.7556999999999999,-96.73795868477121
-0.7547,-96.41257508580226
-0.7536999999999999,-96.07304437383463
-0.7527,-95.93157324384813
-0.7516999999999999,-95.26665893291157
-0.7507,-95.23836470691427
-0.7496999999999999,-94.29050813600469
-0.7487,-94.6300388479723
-0.7476999999999999,-93.97927165003438
-0.7467,-92.94653240113291
-0.7456999999999999,-93.83780052004788
-0.7447,-92.91823817513561
-0.7436999999999999,-92.11185273421255
-0.7427,-91.31961440628812
-0.7416999999999999,-91.26302595429351
-0.7407,-90.30102227038529
-0.7396999999999999,-89.48048971646357
-0.7387,-89.50878394246087
-0.7376999999999999,-89.38145992547301
-0.7367,-88.49019180655806
-0.7357000000000001,-87.79698326962418
-0.7347,-87.00474494169976
-0.7337000000000001,-86.49544887374834
-0.7327,-86.46715464775104
-0.7317000000000001,-85.49100385084417
-0.7307,-84.92511933089816
-0.7297000000000001,-83.93482142099262
-0.7287,-83.60943782202366
-0.7277000000000001,-82.8596408330952
-0.7267,-82.39278610413973
-0.7257000000000001,-81.81275447119506
-0.7247,-81.45907664622881
-0.7237000000000001,-80.9497805782774
-0.7227,-80.86489790028548
-0.7217000000000001,-79.78971731238806
-0.7207,-78.983331871465
-0.7197000000000001,-78.88430208047446
-0.7187,-78.17694643054192
-0.7177000000000001,-77.2998254246256
-0.7167,-76.83297069567014
-0.7157000000000001,-77.2715311986283
-0.7147,-77.2715311986283
-0.7137000000000001,-76.35196885371603
-0.7127,-75.77193722077136
-0.7117000000000001,-75.2767882658186
-0.7107,-74.38552014690363
-0.7097000000000001,-73.43766357599405
-0.7087,-73.06983863802915
-0.7077000000000001,-72.36248298809663
-0.7067,-72.05124650212633
-0.7057000000000001,-71.45706775618301
-0.7047,-71.45706775618301
-0.7037000000000001,-71.31559662619651
-0.7027,-70.76385921924914
-0.7017000000000001,-70.55165252426939
-0.7007,-69.9716208913247
-0.6997000000000001,-69.6886786313517
-0.6987,-69.3208536933868
-0.6977000000000001,-69.78770842234226
-0.6967,-69.6037959533598
-0.6957000000000001,-68.75496917344077
-0.6947,-67.6656414725447
-0.6937000000000001,-67.01487427460678
-0.6927,-66.08116481669586
-0.6917000000000001,-65.91139946071206
-0.6907,-65.3030736017701
-0.6897000000000001,-65.2181909237782
-0.6887,-64.46839393484973
-0.6877000000000001,-64.05812765788886
-0.6867,-63.52053736394014
-0.6857000000000001,-63.09612397398064
-0.6847,-62.48779811503867
-0.6837000000000001,-61.97850204708726
-0.6827,-61.55408865712774
-0.6817000000000001,-62.17656162906836
-0.6807,-61.49750020513315
-0.6797000000000001,-60.70526187720872
-0.6787,-60.11108313126541
-0.6777000000000001,-59.6583755153086
-0.6767,-59.14907944735718
-0.6757000000000001,-58.85199007438552
-0.6747,-58.92272563937878
-0.6737000000000001,-58.24366421544356
-0.6727,-57.76266237348945
-0.6717000000000001,-57.21092496654208
-0.6707,-56.60259910760012
-0.6697000000000001,-56.13574437864466
-0.6687,-55.470830067708086
-0.6677000000000001,-55.23032914673103
-0.6667,-55.018122451751275
-0.6657000000000001,-54.45223793180526
-0.6647,-54.11270721983765
-0.6637000000000001,-54.84835709576747
-0.6627,-54.537120609797164
-0.6617000000000001,-53.58926403888759
-0.6607,-52.91020261495237
-0.6597000000000001,-52.485789224992864
-0.6587,-52.11796428702795
-0.6577000000000001,-51.8491691400536
-0.6567,-51.83502202705494
-0.6557000000000001,-51.53793265408329
-0.6547,-50.957901021138625
-0.6537000000000001,-50.53348763117911
-0.6527,-50.2505453712061
-0.6517000000000001,-50.06663290222365
-0.6507,-49.514895495276285
-0.6497,-50.56178185717641
-0.6486999999999999,-49.81198486824794
-0.6477,-49.14707055731138
-0.6466999999999999,-48.76509850634781
-0.6457,-48.41142068138156
-0.6446999999999999,-47.74650637044499
-0.6437,-47.590888127459834
-0.6426999999999999,-47.449416997473335
-0.6417,-46.89767959052597
-0.6406999999999999,-46.501560426563756
-0.6397,-46.02055858460964
-0.6386999999999999,-45.63858653364609
-0.6377,-45.35564427367308
-0.6366999999999999,-45.32735004767578
-0.6357,-44.94537799671222
-0.6346999999999999,-44.591700171745956
-0.6337,-44.4077877027635
-0.6326999999999999,-43.98337431280399
-0.6317,-43.82775606981884
-0.6306999999999999,-43.44578401885527
-0.6297,-43.31846000186743
-0.6286999999999999,-42.95063506390252
-0.6277,-42.51207456094435
-0.6266999999999999,-42.14424962297944
-0.6257,-42.3564563179592
-0.6246999999999999,-42.71013414292546
-0.6237,-42.28572075296594
-0.6226999999999999,-41.91789581500104
-0.6217,-41.606659329030734
-0.6206999999999999,-41.23883439106582
-0.6197,-40.78612677510901
-0.6186999999999999,-40.30512493315489
-0.6177,-39.86656443019674
-0.6166999999999999,-39.640210622218326
-0.6157,-39.35726836224533
-0.6146999999999999,-39.00359053727906
-0.6137,-38.706501164307404
-0.6126999999999999,-38.43770601733305
-0.6117,-38.31038200034519
-0.6107000000000001,-37.90011572338433
-0.6097,-37.687909028404576
-0.6087000000000001,-37.43326099442887
-0.6077,-37.06543605646396
-0.6067000000000001,-36.78249379649095
-0.6057,-36.40052174552739
-0.6047000000000001,-36.03269680756248
-0.6037,-35.693166095594876
-0.6027000000000001,-35.367782496625914
-0.6017,-34.98581044566235
-0.6007000000000001,-34.632132620696105
-0.5997,-34.26430768273119
-0.5987000000000001,-34.02380676175414
-0.5977,-33.670128936787876
-0.5967000000000001,-33.316451111821614
-0.5957,-32.97692039985401
-0.5947000000000001,-32.7505665918756
-0.5937,-32.41103587990799
-0.5927000000000001,-32.49591855789989
-0.5917,-32.340300314914735
-0.5907000000000001,-31.816857133964678
-0.5897,-31.533914873991666
-0.5887000000000001,-31.19438416202406
-0.5877,-30.968030354045652
-0.5867000000000001,-30.571911190083444
-0.5857,-30.43044006009694
-0.5847000000000001,-29.991879557138777
-0.5837,-29.892849766148224
-0.5827000000000001,-29.567466167179266
-0.5817,-29.25622968120896
-0.5807000000000001,-29.454289263190066
-0.5797,-29.31281813320356
-0.5787000000000001,-29.18549411621571
-0.5777,-28.88840474324405
-0.5767000000000001,-28.60546248327104
-0.5757,-28.251784658304786
-0.5747000000000001,-27.940548172334477
-0.5737,-27.742488590353368
-0.5727000000000001,-27.43125210438306
-0.5717,-27.162456957408708
-0.5707000000000001,-26.86536758443705
-0.5697,-26.62486666345999
-0.5687000000000001,-26.568278211465387
-0.5677,-26.32777729048833
-0.5667000000000001,-26.002393691519377
-0.5657,-25.677010092550415
-0.5647000000000001,-25.45065628457201
-0.5637,-25.09697845960575
-0.5627000000000001,-24.969654442617898
-0.5617,-24.856477538628695
-0.5607000000000001,-24.516946826661083
-0.5597,-24.31888724467998
-0.5587000000000001,-24.064239210704276
-0.5577,-23.852032515724517
-0.5567000000000001,-23.61153159474746
-0.5557,-23.385177786769056
-0.5547000000000001,-23.1163826397947
-0.5537,-23.003205735805498
-0.5527000000000001,-22.91832305781359
-0.5517,-22.564645232847337
-0.5507000000000001,-22.295850085872978
-0.5497,-22.182673181883775
-0.5487000000000001,-21.91387803490942
-0.5477,-21.758259791924264
-0.5467000000000001,-21.560200209943158
-0.5457,-21.291405062968803
-0.5447000000000001,-20.966021463999844
-0.5437,-20.72552054302279
-0.5427000000000001,-20.42843117005113
-0.5417,-20.17378313607542
-0.5407000000000001,-19.98987066709297
-0.5397,-19.763516859114564
-0.5387000000000001,-19.523015938137508
-0.5377,-19.452280373144255
-0.5367000000000001,-19.22592656516585
-0.5357,-19.056161209182044
-0.5347000000000001,-18.872248740199588
-0.5337,-18.603453593225233
-0.5327000000000001,-18.433688237241427
-0.5317,-18.17904020326572
-0.5307000000000001,-17.966833508285966
-0.5297,-17.76877392630486
-0.5287000000000001,-17.613155683319707
-0.5277,-17.499978779330505
-0.5267000000000001,-17.358507649344002
-0.5257,-17.217036519357496
-0.5247,-17.00482982437774
-0.5236999999999999,-16.877505807389888
-0.5227,-16.665299112410132
-0.5216999999999999,-16.396503965435777
-0.5207,-16.22673860945197
-0.5196999999999999,-16.099414592464115
-0.5187,-15.91550212348166
-0.5176999999999999,-15.689148315503255
-0.5167,-15.505235846520803
-0.5156999999999999,-15.363764716534297
-0.5147,-15.208146473549144
-0.5136999999999999,-15.02423400456669
-0.5127,-14.826174422585586
-0.5116999999999999,-14.67055617960043
-0.5107,-14.543232162612577
-0.5096999999999999,-14.345172580631472
-0.5087,-14.175407224647667
-0.5076999999999999,-13.950468127969126
-0.5067,-13.790605751084376
-0.5056999999999999,-13.609522704701652
-0.5047,-13.46522215211542
-0.5036999999999999,-13.299700930031209
-0.5027,-13.178035758242817
-0.5016999999999999,-13.001196845759688
-0.5007,-12.820113799376964
-0.4996999999999999,-12.665910267691673
-0.49870000000000003,-12.46785068571057
-0.4976999999999999,-12.387212141618262
-0.49670000000000003,-12.210373229135131
-0.4956999999999999,-12.015143069753755
-0.49470000000000003,-11.851036558969414
-0.4936999999999999,-11.684100625585337
-0.4927,-11.577997278095461
-0.4916999999999999,-11.415305478610982
-0.4907,-11.292225595522723
-0.4896999999999999,-11.15924273333541
-0.4887,-11.006453912949986
-0.4876999999999999,-10.867812205563212
-0.4867,-10.723511652976978
-0.48570000000000013,-10.563649276092228
-0.4847,-10.412275167006669
-0.48370000000000013,-10.282121727419087
-0.4827,-10.139235886132717
-0.48170000000000013,-10.040206095142164
-0.4807,-9.87892900695755
-0.4797000000000001,-9.737457876971048
-0.4787,-9.576180788786434
-0.4777000000000001,-9.453100905698175
-0.4767,-9.307385641812077
-0.4757000000000001,-9.199867583022334
-0.4747,-9.06971414343475
-0.4737000000000001,-8.93531656994757
-0.4727,-8.796674862560797
-0.4717000000000001,-8.663692000373485
-0.4707,-8.515147313887656
-0.4697000000000001,-8.417532234196969
-0.4687,-8.31991715450628
-0.4677000000000001,-8.203910827917348
-0.4667,-8.096392769127604
-0.4657000000000001,-7.939359814842586
-0.4647,-7.833256467352707
-0.4637000000000001,-7.720079563363504
-0.4627,-7.619635061073087
-0.4617000000000001,-7.492311044085233
-0.4607,-7.398940098294142
-0.4597000000000001,-7.288592616904668
-0.4587,-7.185318692014522
-0.4577000000000001,-7.086288901023969
-0.4567,-6.994332666532741
-0.4557000000000001,-6.902376432041514
-0.4547,-6.7877848167524455
-0.4537000000000001,-6.6760226240631075
-0.4527,-6.562845720073906
-0.4517000000000001,-6.463815929083352
-0.4507,-6.37044498329226
-0.4497000000000001,-6.2756593262013025
-0.4487,-6.18511780300994
-0.4477000000000001,-6.094576279818578
-0.4467,-5.99413177752816
-0.4457000000000001,-5.902175543036933
-0.4447,-5.813048731145436
-0.4437000000000001,-5.712604228855018
-0.4427,-5.6263068395632505
-0.4417000000000001,-5.538594738971618
-0.4407,-5.456541483579446
-0.4397000000000001,-5.371658805587544
-0.4387,-5.288190838895507
-0.4377000000000001,-5.210381717402931
-0.4367,-5.1212549055114325
-0.4357000000000001,-5.032128093619936
-0.4347,-4.9571483947270885
-0.4337000000000001,-4.892071674933297
-0.4327,-4.802944863041799
-0.4317000000000001,-4.712403339850438
-0.43069999999999997,-4.644497197456915
-0.4297000000000001,-4.573761632463664
-0.42869999999999997,-4.500196644870682
-0.4277000000000001,-4.408240410379454
-0.42669999999999997,-4.3403342679859325
-0.4257000000000001,-4.271013414292546
-0.42469999999999997,-4.201692560599159
-0.4237000000000001,-4.133786418205637
-0.42269999999999996,-4.06163614191252
-0.4217000000000001,-3.992315288219133
-0.42069999999999996,-3.9258238571254775
-0.4197000000000001,-3.852258869532495
-0.41869999999999996,-3.7928409949381634
-0.41770000000000007,-3.7263495638445066
-0.41669999999999996,-3.6485404423519294
-0.41570000000000007,-3.589122567757598
-0.41469999999999996,-3.5212164253640763
-0.41370000000000007,-3.4702868185689346
-0.41269999999999996,-3.4094542326747383
-0.41170000000000007,-3.3429628015810815
-0.41069999999999995,-3.279300793087155
-0.40970000000000006,-3.2269564749921487
-0.40869999999999995,-3.1731974455972773
-0.40770000000000006,-3.1151942823028107
-0.40669999999999995,-3.0571911190083445
-0.40570000000000006,-3.004846800913338
-0.40469999999999995,-2.9482583489187366
-0.40370000000000006,-2.8944993195238653
-0.40269999999999995,-2.844984424028589
-0.40170000000000006,-2.788395972033987
-0.40069999999999995,-2.7360516539389814
-0.39970000000000006,-2.6851220471438397
-0.39869999999999994,-2.634192440348698
-0.39770000000000005,-2.586092256153287
-0.39669999999999994,-2.539406783257741
-0.39570000000000005,-2.4927213103621946
-0.39469999999999994,-2.4432064148669186
-0.39370000000000005,-2.3951062306715074
-0.39269999999999994,-2.349835469075826
-0.39170000000000005,-2.3045647074801447
-0.39069999999999994,-2.2621233684841937
-0.38970000000000005,-2.215437895588648
-0.38869999999999993,-2.171581845292831
-0.38770000000000004,-2.13196992889661
-0.38669999999999993,-2.0909433012005243
-0.38570000000000004,-2.044257828304978
-0.38469999999999993,-2.0032312006088917
-0.38370000000000004,-1.963619284212671
-0.38269999999999993,-1.925422079116315
-0.38170000000000004,-1.8872248740199586
-0.3806999999999999,-1.849027668923603
-0.37970000000000004,-1.8164893090267071
-0.3786999999999999,-1.781121526530081
-0.37770000000000004,-1.7457537440334552
-0.3766999999999999,-1.7061418276372344
-0.37570000000000003,-1.6707740451406083
-0.3746999999999999,-1.6339915513441174
-0.37370000000000003,-1.6000384801473564
-0.3726999999999999,-1.5703295428501907
-0.37170000000000003,-1.5377911829532949
-0.3706999999999999,-1.506667534356264
-0.36970000000000003,-1.4769585970590984
-0.3686999999999999,-1.4415908145624723
-0.3677,-1.4087695124056037
-0.3666999999999999,-1.3794849884983973
-0.3657,-1.3514737047610696
-0.3646999999999999,-1.3219062385938902
-0.3637,-1.29318759920663
-0.3626999999999999,-1.2656007288592617
-0.3617,-1.237872387381907
-0.36070000000000013,-1.2117002283344038
-0.3597,-1.1853865981569143
-0.35870000000000013,-1.1586485545894651
-0.3577,-1.1334666934518673
-0.35670000000000013,-1.106587178754432
-0.3557,-1.0896106431560515
-0.3547000000000001,-1.0601846481188586
-0.3537,-1.0359930848911665
-0.3527000000000001,-1.0139235886132718
-0.3517,-0.9912882078154313
-0.3507000000000001,-0.9683698847576176
-0.3497,-0.9461589173497365
-0.3487000000000001,-0.9242308922018284
-0.3477,-0.9045664051337045
-0.3467000000000001,-0.8836286778957019
-0.3457,-0.8635397774376183
-0.3447000000000001,-0.8430264635895753
-0.3437,-0.8229375631314919
-0.3427000000000001,-0.8038389605833138
-0.3417,-0.7847403580351359
-0.3407000000000001,-0.7664905822668768
-0.3397,-0.7489481621485504
-0.3387000000000001,-0.7304154441203184
-0.3377,-0.7121656683520595
-0.3367000000000001,-0.6956135461436386
-0.3357,-0.6797687795851503
-0.3347000000000001,-0.6620848883368372
-0.3337,-0.6465230640383217
-0.3327000000000001,-0.6320930087796983
-0.3317,-0.6144091175313855
-0.3307000000000001,-0.5992717066228296
-0.3297,-0.5842757668442602
-0.3287000000000001,-0.5697042404556503
-0.3277,-0.5556985985869863
-0.3267000000000001,-0.5415514855883361
-0.3257,-0.5275458437196722
-0.3247000000000001,-0.5146719708909003
-0.3237,-0.501090742412196
-0.3227000000000001,-0.48835834071341067
-0.3217,-0.47661623692453087
-0.3207000000000001,-0.46331795070579956
-0.3197,-0.4515758469169197
-0.3187000000000001,-0.44039962764798596
-0.3177,-0.42823311046914664
-0.3167000000000001,-0.4147933531204288
-0.3157,-0.40390007611146794
-0.3147000000000001,-0.3917335589326287
-0.3137,-0.3806988107936814
-0.3127000000000001,-0.37022994717468005
-0.3117,-0.3597610835556788
-0.3107000000000001,-0.3497166333266371
-0.3097,-0.3395307119676088
-0.3087000000000001,-0.32976920399854004
-0.3077,-0.3205735805494173
-0.3067000000000001,-0.3099632458004295
-0.30569999999999997,-0.3024652759111448
-0.3047000000000001,-0.2932696524620221
-0.30369999999999997,-0.28336667336296684
-0.3027000000000001,-0.27615164573365514
-0.30169999999999997,-0.26709749341451894
-0.3007000000000001,-0.26002393691519377
-0.29969999999999997,-0.252808909285882
-0.2987000000000001,-0.24248151679686727
-0.29769999999999996,-0.23724708498736666
-0.2967000000000001,-0.22691969249835187
-0.29569999999999996,-0.22210967407881074
-0.2947000000000001,-0.21447023305953958
-0.29369999999999996,-0.2088113878600794
-0.29270000000000007,-0.20046459119087567
-0.29169999999999996,-0.193532505821537
-0.29070000000000007,-0.18773218949209036
-0.28969999999999996,-0.18306364220253574
-0.28870000000000007,-0.17528273005327805
-0.28769999999999996,-0.17047271163373692
-0.28670000000000007,-0.16509680869424978
-0.28569999999999995,-0.15929649236480314
-0.28470000000000006,-0.15335470490536995
-0.28369999999999995,-0.14741291744593682
-0.28270000000000006,-0.1424614278964092
-0.28169999999999995,-0.13800508730183433
-0.28070000000000006,-0.1327140670403391
-0.27969999999999995,-0.1274088996658452
-0.27870000000000006,-0.12210373229135131
-0.27769999999999995,-0.11875086651067117
-0.27670000000000006,-0.1133042280061908
-0.27569999999999995,-0.10954109594854979
-0.27470000000000006,-0.10535355050094929
-0.27369999999999994,-0.10116600505334877
-0.27270000000000005,-0.09726140186572127
-0.27169999999999994,-0.09209770562121389
-0.27070000000000005,-0.08972099063744063
-0.26969999999999994,-0.08567491631982663
-0.26870000000000005,-0.0809214863522801
-0.26769999999999994,-0.07785156283157296
-0.26670000000000005,-0.07282933771705208
-0.26569999999999994,-0.06990088532633146
-0.26470000000000005,-0.06626507728567832
-0.26369999999999993,-0.06333662489495769
-0.26270000000000004,-0.06054964363422357
-0.26169999999999993,-0.0578899863904773
-0.26070000000000004,-0.05398538320284981
-0.25969999999999993,-0.05091545968214267
-0.25870000000000004,-0.04910462921831542
-0.25769999999999993,-0.046444971974569156
-0.25670000000000004,-0.042823311046914656
-0.2556999999999999,-0.04016365380316839
-0.25470000000000004,-0.038635765599314156
-0.2536999999999999,-0.03402380676175413
-0.25270000000000004,-0.03318912709483376
-0.2516999999999999,-0.029001581647233248
-0.25070000000000003,-0.02802543085032638
-0.24969999999999992,-0.025790186996539618
-0.24870000000000003,-0.023427619125765006
-0.24769999999999992,-0.01965033995512536
-0.24670000000000003,-0.017839509491298113
-0.24569999999999992,-0.016721887564404736
-0.24470000000000003,-0.015321323377538347
-0.24369999999999992,-0.013371851206324326
-0.24270000000000003,-0.010997965645150794
-0.24169999999999991,-0.007090533034923564
-0.24070000000000003,-0.005555571274569999
-0.2396999999999999,-0.004299307640289847
-0.23870000000000002,-0.0017867803717295414
-0.2376999999999999,-0.00025125272685603054
-0.23670000000000002,0.0012841334468874936
-0.23570000000000013,0.002122066949797555
-0.23470000000000002,0.0036570287101511194
-0.23370000000000013,0.005191990470504684
-0.23270000000000002,0.006867008649544888
-0.23170000000000013,0.009658234044178605
-0.23070000000000002,0.009239479499418555
-0.22970000000000013,0.011473308641905449
-0.22870000000000001,0.012868213983572373
-0.22770000000000012,0.01580232521949246
-0.2267,0.015660854089505957
-0.22570000000000012,0.0173302134233467
-0.2247,0.01887224874019959
-0.22370000000000012,0.020824550334013342
-0.2227,0.020824550334013342
-0.22170000000000012,0.024460358374666487
-0.2207,0.02515356691160035
-0.21970000000000012,0.02612971770850723
-0.2187,0.02682292624544109
-0.21770000000000012,0.027940548172334476
-0.2167,0.030175792026121234
-0.2157000000000001,0.030317263156107735
-0.2147,0.03226956474992148
-0.2137000000000001,0.03212809361993498
-0.2127,0.03548095940061512
-0.2117000000000001,0.03548095940061512
-0.2107,0.03548095940061512
-0.2097000000000001,0.037291789864442364
-0.2087,0.03826794066134924
-0.2077000000000001,0.03826794066134924
-0.2067,0.03995144710818864
-0.2057000000000001,0.04147933531204288
-0.2047,0.041620806442029375
-0.2037000000000001,0.04245548610894975
-0.2027,0.043021370628895765
-0.2017000000000001,0.04454925883275
-0.2007,0.04483220109272301
-0.1997000000000001,0.04609129414960289
-0.1987,0.047350387206482776
-0.1977000000000001,0.048185066873403154
-0.19669999999999999,0.048185066873403154
-0.1957000000000001,0.04901974654032352
-0.19469999999999998,0.04930268880029653
-0.1937000000000001,0.0499958973372304
-0.19269999999999998,0.05208967006103065
-0.1917000000000001,0.052514083450990165
-0.1907000000000001,0.051948198931044146
-0.1897000000000002,0.0541834427848309
-0.1887000000000001,0.05460785617479042
-0.1877000000000002,0.0540419716548444
-0.1867000000000001,0.05375902939487139
-0.1857000000000002,0.055442535841710786
-0.1847000000000001,0.055442535841710786
-0.1837000000000002,0.05670162889859067
-0.18270000000000008,0.057946574842471905
-0.1817000000000002,0.058653930492404416
-0.18070000000000008,0.05753630856551105
-0.1797000000000002,0.05879540162239092
-0.17870000000000008,0.05879540162239092
-0.1777000000000002,0.0596300812893113
-0.17670000000000008,0.0619926491600859
-0.1757000000000002,0.06088917434619118
-0.17470000000000008,0.06255853368003192
-0.1737000000000002,0.06339321334695229
-0.17270000000000008,0.0636761556069253
-0.17170000000000019,0.0636761556069253
-0.17070000000000007,0.06395909786689832
-0.16970000000000018,0.06465230640383217
-0.16870000000000007,0.06507671979379169
-0.16770000000000018,0.06436936414385917
-0.16670000000000007,0.06674607912763245
-0.16570000000000018,0.06632166573767292
-0.16470000000000007,0.0677222299245393
-0.16370000000000018,0.06827396733148668
-0.16270000000000007,0.0689813229814192
-0.16170000000000018,0.06939158925838004
-0.16070000000000007,0.07024041603829907
-0.15970000000000018,0.07050921118527342
-0.15870000000000006,0.06912279411140569
-0.15770000000000017,0.06967453151835307
-0.15670000000000006,0.07093362457523293
-0.15570000000000017,0.07176830424215332
-0.15470000000000006,0.07260298390907369
-0.15370000000000017,0.07093362457523293
-0.15270000000000006,0.07343766357599404
-0.15170000000000017,0.0733103395590062
-0.15070000000000006,0.07343766357599404
-0.14970000000000017,0.07455528550288744
-0.14870000000000005,0.07455528550288744
-0.14770000000000016,0.07526264115281994
-0.14670000000000005,0.07638026307971334
-0.14570000000000016,0.07595584968975382
-0.14470000000000005,0.07652173420969983
-0.14370000000000016,0.07638026307971334
-0.14270000000000005,0.07679052935667419
-0.14170000000000016,0.07776668015358107
-0.14070000000000005,0.07679052935667419
-0.13970000000000016,0.07874283095048794
-0.13870000000000005,0.07930871547043396
-0.13770000000000016,0.08000192400736782
-0.13670000000000004,0.0811195459342612
-0.13570000000000015,0.07902577321046096
-0.13470000000000004,0.08028486626734083
-0.13370000000000015,0.08042633739732732
-0.13270000000000004,0.08195422560118158
-0.13170000000000015,0.08223716786115459
-0.13070000000000004,0.0826615812511141
-0.12970000000000015,0.08377920317800747
-0.12870000000000004,0.08418946945496834
-0.12770000000000015,0.08237863899114109
-0.12670000000000003,0.08418946945496834
-0.12570000000000014,0.08461388284492784
-0.12470000000000003,0.0848826779919022
-0.12370000000000014,0.08447241171494134
-0.12270000000000003,0.0867076555687281
-0.12170000000000014,0.08600029991879557
-0.12070000000000003,0.08725939297567546
-0.11970000000000014,0.08796674862560798
-0.11870000000000003,0.08711792184568896
-0.11770000000000014,0.08880142829252836
-0.11670000000000003,0.08935316569947571
-0.11570000000000014,0.08865995716254185
-0.11470000000000002,0.08851848603255535
-0.11370000000000013,0.08977757908943522
-0.11270000000000002,0.08977757908943522
-0.11170000000000013,0.09144693842327598
-0.11070000000000024,0.09116399616330297
-0.10970000000000013,0.092012822943222
-0.10870000000000024,0.09075372988634212
-0.10770000000000013,0.09382365340704923
-0.10670000000000024,0.09313044487011536
-0.10570000000000013,0.09339924001708971
-0.10470000000000024,0.09325776888710322
-0.10370000000000013,0.09313044487011536
-0.10270000000000024,0.09494127533394262
-0.10170000000000012,0.09494127533394262
-0.10070000000000023,0.09410659566702224
-0.09970000000000012,0.0962003683908225
-0.09870000000000023,0.09689357692775637
-0.09770000000000012,0.09689357692775637
-0.09670000000000023,0.09884587852157012
-0.09570000000000012,0.09744531433470371
-0.09470000000000023,0.09884587852157012
-0.09370000000000012,0.09927029191152963
-0.09270000000000023,0.0984214651316106
-0.09170000000000011,0.09941176304151612
-0.09070000000000022,0.09968055818849049
-0.08970000000000011,0.100387913838423
-0.08870000000000022,0.10177433091229074
-0.08770000000000011,0.10177433091229074
-0.08670000000000022,0.10275048170919761
-0.08570000000000011,0.10191580204227724
-0.08470000000000022,0.10386810363609099
-0.08370000000000011,0.10331636622914364
-0.08270000000000022,0.10260901057921111
-0.0817000000000001,0.10512719669297087
-0.08070000000000022,0.10457545928602352
-0.0797000000000001,0.10582040522990475
-0.07870000000000021,0.10567893409991824
-0.0777000000000001,0.10736244054675763
-0.07670000000000021,0.10693802715679812
-0.0757000000000001,0.10638628974985076
-0.07470000000000021,0.10848006247365101
-0.0737000000000001,0.10876300473362402
-0.07270000000000021,0.11014942180749175
-0.0717000000000001,0.11098410147441214
-0.07070000000000021,0.1094562132705579
-0.0697000000000001,0.11154998599435814
-0.0687000000000002,0.11183292825433114
-0.0677000000000001,0.11196025227131902
-0.0667000000000002,0.11295055018122453
-0.06570000000000009,0.11405402499511925
-0.0647000000000002,0.11447843838507876
-0.06370000000000009,0.11307787419821237
-0.0627000000000002,0.116289268848906
-0.06170000000000009,0.1179727752957454
-0.0607000000000002,0.11699662449883853
-0.059700000000000086,0.11740689077579938
-0.058700000000000196,0.11671368223886554
-0.057700000000000085,0.11909039722263878
-0.056700000000000195,0.11978360575957266
-0.05570000000000008,0.11978360575957266
-0.05470000000000019,0.12118416994643905
-0.05370000000000008,0.12118416994643905
-0.05270000000000019,0.12104269881645255
-0.05170000000000008,0.12047681429650652
-0.05070000000000019,0.1218773784833729
-0.04970000000000008,0.12466435974410703
-0.04870000000000019,0.1232779426702393
-0.047700000000000076,0.12508877313406655
-0.046700000000000186,0.12634786619094643
-0.045700000000000074,0.12425409346714618
-0.044700000000000184,0.1270410747278803
-0.04370000000000007,0.1268996035978938
-0.04270000000000018,0.12787575439480064
-0.04170000000000007,0.1284416389147467
-0.04070000000000018,0.12871043406172103
-0.03970000000000007,0.12982805598861444
-0.03870000000000018,0.13067688276853343
-0.03770000000000007,0.1315115624354538
-0.03670000000000018,0.13192182871241467
-0.035700000000000065,0.1326291843623472
-0.034700000000000175,0.13346386402926755
-0.03370000000000006,0.13472295708614743
-0.03270000000000017,0.13596790303002868
-0.03170000000000006,0.13584057901304084
-0.03070000000000017,0.13596790303002868
-0.02970000000000006,0.1365337875499747
-0.02870000000000017,0.13750993834688158
-0.027700000000000058,0.13806167575382894
-0.026700000000000168,0.14002812446064133
-0.025700000000000056,0.13834461801380196
-0.024700000000000166,0.14127307040452258
-0.023700000000000054,0.14127307040452258
-0.022700000000000164,0.1426028990263957
-0.021700000000000053,0.1428858412863687
-0.020700000000000163,0.1427443701563822
-0.01970000000000005,0.1458567350160853
-0.01870000000000016,0.1434517258063147
-0.01770000000000005,0.1458567350160853
-0.01670000000000016,0.1465640906660178
-0.015700000000000047,0.1467055617960043
-0.014700000000000157,0.14797880196588284
-0.013700000000000045,0.14868615761581536
-0.012700000000000156,0.1499593977856939
-0.011700000000000044,0.1503838111756534
-0.010700000000000154,0.15293029151541046
-0.009700000000000042,0.15363764716534298
-0.008700000000000152,0.1543450028152755
-0.00770000000000004,0.1551938295951945
-0.00670000000000015,0.15575971411514053
-0.005700000000000038,0.15618412750510002
-0.0047000000000001485,0.15759883880496509
-0.0037000000000000366,0.1583061944548976
-0.0027000000000001467,0.16042826140469515
-0.0017000000000000348,0.16000384801473563
-0.000700000000000145,0.16071120366466815
0.00029999999999996696,0.16141855931460067
0.0012999999999998568,0.1624088572245062
0.0022999999999999687,0.16481386643427676
0.0032999999999998586,0.16424798191433077
0.0042999999999999705,0.1655212220842093
0.00529999999999986,0.16608710660415532
0.006299999999999972,0.1666529911241013
0.007299999999999862,0.16863358694391237
0.008299999999999974,0.16849211581392587
0.009299999999999864,0.17047271163373692
0.010299999999999976,0.17075565389370992
0.011299999999999866,0.172736249713521
0.012299999999999978,0.17358507649344
