Potential V vs RHE, Current mA cm-2
0.013299999999999867,0.03198662248994848
0.012299999999999978,0.03226956474992148
0.011299999999999866,0.028082019302320977
0.010299999999999976,0.028223490432307482
0.009299999999999864,0.031434885083001116
0.008299999999999974,0.025988246578520724
0.007299999999999862,0.025295038041586858
0.006299999999999972,0.026412659968480235
0.00529999999999986,0.0230597941878001
0.0042999999999999705,0.025012095781613848
0.0032999999999998586,0.019565457277133456
0.0022999999999999687,0.022493909667854084
0.0012999999999998568,0.021517758870947205
0.00029999999999996696,0.020824550334013342
-0.000700000000000145,0.02347006046476096
-0.0017000000000000348,0.019848399537106463
-0.0027000000000001467,0.02194217226090672
-0.0037000000000000366,0.021107492593986348
-0.0047000000000001485,0.017896097943292714
-0.005700000000000038,0.01887224874019959
-0.00670000000000015,0.016637004886412832
-0.00770000000000004,0.01803756907327922
-0.008700000000000152,0.01608526747946547
-0.009700000000000042,0.01509496956955994
-0.010700000000000154,0.015519382959519455
-0.011700000000000044,0.014401761032626074
-0.012700000000000156,0.015236440699546445
-0.013700000000000045,0.014967645552572089
-0.014700000000000157,0.014401761032626074
-0.015700000000000047,0.014401761032626074
-0.01670000000000016,0.013008270402259013
-0.01770000000000005,0.009938346881551883
-0.01870000000000016,0.012449459438812323
-0.01970000000000005,0.012449459438812323
-0.020700000000000163,0.014543232162612576
-0.021700000000000053,0.009938346881551883
-0.022700000000000164,0.0127295722761856
-0.023700000000000054,0.010357101426311934
-0.024700000000000166,0.01133325222321881
-0.025700000000000056,0.010775855971071984
-0.026700000000000168,0.009100837792031781
-0.027700000000000058,0.007564461320378351
-0.02870000000000017,0.009379535918105194
-0.02970000000000006,0.010217045007625295
-0.03070000000000017,0.010076988588938657
-0.03170000000000006,0.004913292344431272
-0.03270000000000017,0.009379535918105194
-0.03370000000000006,0.009938346881551883
-0.034700000000000175,0.00770451773906499
-0.035700000000000065,0.011054554097145397
-0.03670000000000018,0.0061695559787114254
-0.03770000000000007,0.0064482541047848375
-0.03870000000000018,0.006029499560024787
-0.03970000000000007,0.006308197686098199
-0.04070000000000018,0.00784457415775163
-0.04170000000000007,0.006029499560024787
-0.04270000000000018,0.005332046889191323
-0.04370000000000007,0.006588310523471475
-0.044700000000000184,0.004913292344431272
-0.045700000000000074,0.006867008649544888
-0.046700000000000186,0.0019820105311109163
-0.047700000000000076,0.0044945377996712214
-0.04870000000000019,0.004354481380984583
-0.04970000000000008,0.001423199567664227
-0.05070000000000019,0.006029499560024787
-0.05170000000000008,0.0008653789021274429
-0.05270000000000019,0.003797085128837758
-0.05370000000000008,0.0017033124050375042
-0.05470000000000019,0.0017033124050375042
-0.05570000000000008,0.0033783305840777073
-0.056700000000000195,0.0011445014415908147
-0.057700000000000085,0.0025408214945576058
-0.058700000000000196,0.0044945377996712214
-0.059700000000000086,0.0011445014415908147
-0.0607000000000002,0.004075783254911171
-0.06170000000000009,0.00030713382320069946
-0.0627000000000002,-0.00025125272685603054
-0.06370000000000009,-0.0009491298110794531
-0.0647000000000002,-0.0006700072716160814
-0.06570000000000009,0.0005862563626640711
-0.0667000000000002,-0.0003907432610227231
-0.0677000000000001,-0.0010886203452461457
-0.0687000000000002,-0.001228252350542825
-0.0697000000000001,-0.0027629311686364166
-0.07070000000000021,0.00016750181790402036
-0.0717000000000001,-0.0020654784978029537
-0.07270000000000021,0.00016750181790402036
-0.0737000000000001,0.0012841334468874936
-0.07470000000000021,-0.0037404966768431573
-0.0757000000000001,0.0007257468968307638
-0.07670000000000021,-0.0029029875873230553
-0.0777000000000001,-0.0024842330425630045
-0.07870000000000021,-0.002205534916489592
-0.0797000000000001,-0.0034617985507697452
-0.08070000000000022,-0.0015080822456561291
-0.0817000000000001,-0.0036004402581565186
-0.08270000000000022,-0.004019194802916569
-0.08370000000000011,-0.0020654784978029537
-0.08470000000000022,-0.0037404966768431573
-0.08570000000000011,-0.0016467239530429027
-0.08670000000000022,-0.0054155148558833605
-0.08770000000000011,-0.00597432581933005
-0.08870000000000022,-0.004299307640289847
-0.08970000000000011,-0.005136816729809948
-0.09070000000000022,-0.0029029875873230553
-0.09170000000000011,-0.005834269400643411
-0.09270000000000023,-0.00499676031112331
-0.09370000000000012,-0.005275458437196722
-0.09470000000000023,-0.009322947466110591
-0.09570000000000012,-0.0033217421320831065
-0.09670000000000023,-0.007090533034923564
-0.09770000000000012,-0.008068098543130304
-0.09870000000000023,-0.004159251221603208
-0.09970000000000012,-0.008206740250517076
-0.10070000000000023,-0.00597432581933005
-0.10170000000000012,-0.006531722071476874
-0.10270000000000024,-0.008346796669203717
-0.10370000000000013,-0.007230589453610202
-0.10470000000000024,-0.009044249340037178
-0.10570000000000013,-0.007649343998370253
-0.10670000000000024,-0.0056942129819567725
-0.10770000000000013,-0.009741702010870643
-0.10870000000000024,-0.008068098543130304
-0.10970000000000013,-0.009881758429557281
-0.11070000000000024,-0.007509287579683614
-0.11170000000000013,-0.011278078482524071
-0.11270000000000002,-0.007509287579683614
-0.11370000000000013,-0.010719267519077383
-0.11470000000000002,-0.012953096661564276
-0.11570000000000014,-0.008206740250517076
-0.11670000000000003,-0.012394285698117586
-0.11770000000000014,-0.010579211100390744
-0.11870000000000003,-0.010160456555630692
-0.11970000000000014,-0.010997965645150794
-0.12070000000000003,-0.008625494795277128
-0.12170000000000014,-0.011416720189910844
-0.12270000000000003,-0.011278078482524071
-0.12370000000000014,-0.01085932393776402
-0.12470000000000003,-0.011975531153357534
-0.12570000000000014,-0.013371851206324326
-0.12670000000000003,-0.013091738368951049
-0.12770000000000015,-0.010719267519077383
-0.12870000000000004,-0.010997965645150794
-0.12970000000000015,-0.014628114840604478
-0.13070000000000004,-0.010579211100390744
-0.13170000000000015,-0.0135104929137111
-0.13270000000000004,-0.014911057100577486
-0.13370000000000015,-0.012394285698117586
-0.13470000000000004,-0.015179852247551842
-0.13570000000000015,-0.011975531153357534
-0.13670000000000004,-0.016721887564404736
-0.13770000000000016,-0.013790605751084378
-0.13870000000000005,-0.01546279450752485
-0.13970000000000016,-0.015179852247551842
-0.14070000000000005,-0.014628114840604478
-0.14170000000000016,-0.01629747417444522
-0.14270000000000005,-0.019240073678164497
-0.14370000000000016,-0.016028679027470863
-0.14470000000000005,-0.0174150961013386
-0.14570000000000016,-0.017556567231325104
-0.14670000000000005,-0.019791811085111865
-0.14770000000000016,-0.019367397695152354
-0.14870000000000005,-0.015179852247551842
-0.14970000000000017,-0.017146300954364244
-0.15070000000000006,-0.016028679027470863
-0.15170000000000017,-0.019240073678164497
-0.15270000000000006,-0.018391246898245478
-0.15370000000000017,-0.017273624971352097
-0.15470000000000006,-0.02007475334508487
-0.15570000000000017,-0.016028679027470863
-0.15670000000000006,-0.020216224475071376
-0.15770000000000017,-0.01769803836131161
-0.15870000000000006,-0.01853271802823198
-0.15970000000000018,-0.021744112678925617
-0.16070000000000007,-0.016721887564404736
-0.16170000000000018,-0.021602641548939108
-0.16270000000000007,-0.018815660288204986
-0.16370000000000018,-0.019791811085111865
-0.16470000000000007,-0.0230032057358055
-0.16570000000000018,-0.018957131418191494
-0.16670000000000007,-0.022578792345845984
-0.16770000000000018,-0.020767961882018737
-0.16870000000000007,-0.018391246898245478
-0.16970000000000018,-0.023286147995778505
-0.17070000000000007,-0.02119237527197825
-0.17170000000000019,-0.02048501962204573
-0.17270000000000008,-0.021461170418952607
-0.1737000000000002,-0.021885583808912118
-0.17470000000000008,-0.023696414272739365
-0.1757000000000002,-0.019240073678164497
-0.17670000000000008,-0.024120827662698876
-0.1777000000000002,-0.025790186996539618
-0.17870000000000008,-0.021050904141991744
-0.1797000000000002,-0.02621460038649913
-0.18070000000000008,-0.019933282215098366
-0.1817000000000002,-0.021744112678925617
-0.18270000000000008,-0.02272026347583249
-0.1837000000000002,-0.023837885402725866
-0.1847000000000001,-0.027190751183406005
-0.1857000000000002,-0.020909433012005242
-0.1867000000000001,-0.023427619125765006
-0.1877000000000002,-0.024120827662698876
-0.1887000000000001,-0.024955507329619247
-0.1897000000000002,-0.02621460038649913
-0.1907000000000001,-0.026907808923433
-0.1917000000000001,-0.024814036199632745
-0.19269999999999998,-0.02537992071957876
-0.1937000000000001,-0.024814036199632745
-0.19469999999999998,-0.02649754264647214
-0.1957000000000001,-0.02467256506964624
-0.19669999999999999,-0.029836261314153626
-0.1977000000000001,-0.02397935653271237
-0.1987,-0.02509697845960575
-0.1997000000000001,-0.027049280053419503
-0.2007,-0.024955507329619247
-0.2017000000000001,-0.026073129256512624
-0.2027,-0.02537992071957876
-0.2037000000000001,-0.026356071516485634
-0.2047,-0.029836261314153626
-0.2057000000000001,-0.027332222313392506
-0.2067,-0.029567466167179264
-0.2077000000000001,-0.027049280053419503
-0.2087,-0.02788395972033987
-0.2097000000000001,-0.030543616964086147
-0.2107,-0.03011920357412663
-0.2117000000000001,-0.031095354371033508
-0.2127,-0.029836261314153626
-0.2137000000000001,-0.029425995037192763
-0.2147,-0.031788562907967374
-0.2157000000000001,-0.02802543085032638
-0.2167,-0.030260674704113137
-0.21770000000000012,-0.03361354048479327
-0.2187,-0.031095354371033508
-0.21970000000000012,-0.03304765596484726
-0.2207,-0.03123682550102001
-0.22170000000000012,-0.03235444742791339
-0.2227,-0.03235444742791339
-0.22370000000000012,-0.03249591855789989
-0.2247,-0.03318912709483376
-0.22570000000000012,-0.03235444742791339
-0.2267,-0.03347206935480676
-0.22770000000000012,-0.03361354048479327
-0.22870000000000001,-0.03318912709483376
-0.22970000000000013,-0.03416527789174064
-0.23070000000000002,-0.03347206935480676
-0.23170000000000013,-0.03514142868864751
-0.23270000000000002,-0.03304765596484726
-0.23370000000000013,-0.03361354048479327
-0.23470000000000002,-0.030953883241047007
-0.23570000000000013,-0.03304765596484726
-0.23670000000000002,-0.037518143672420776
-0.2376999999999999,-0.03487263354167316
-0.23870000000000002,-0.03487263354167316
-0.2396999999999999,-0.03584878433858003
-0.24070000000000003,-0.034999957558661005
-0.24169999999999991,-0.03765961480240728
-0.24270000000000003,-0.03584878433858003
-0.24369999999999992,-0.037801085932393785
-0.24470000000000003,-0.036117579485554385
-0.24569999999999992,-0.036400521745527395
-0.24670000000000003,-0.03737667254243427
-0.24769999999999992,-0.03737667254243427
-0.24870000000000003,-0.03584878433858003
-0.24969999999999992,-0.04170568912002128
-0.25070000000000003,-0.03333059822482026
-0.2516999999999999,-0.0366834640055004
-0.25270000000000004,-0.037235201412447766
-0.2536999999999999,-0.038635765599314156
-0.25470000000000004,-0.03975338752620753
-0.2556999999999999,-0.036400521745527395
-0.25670000000000004,-0.03918750300626152
-0.25769999999999993,-0.037518143672420776
-0.25870000000000004,-0.03891870785928716
-0.25969999999999993,-0.04142274686004828
-0.26070000000000004,-0.038777236729300654
-0.26169999999999993,-0.041988631379994285
-0.26270000000000004,-0.03806988107936814
-0.26369999999999993,-0.041988631379994285
-0.26470000000000005,-0.04184716025000779
-0.26569999999999994,-0.03542437094862052
-0.26670000000000005,-0.04463414151074191
-0.26769999999999994,-0.04003632978618053
-0.26870000000000005,-0.042823311046914656
-0.26969999999999994,-0.04156421799003478
-0.27070000000000005,-0.04058806719312791
-0.27169999999999994,-0.04170568912002128
-0.27270000000000005,-0.04170568912002128
-0.27369999999999994,-0.04142274686004828
-0.27470000000000006,-0.04170568912002128
-0.27569999999999995,-0.04239889765695515
-0.27670000000000006,-0.04505855490070142
-0.27769999999999995,-0.04087100945310092
-0.27870000000000006,-0.04239889765695515
-0.27969999999999995,-0.044775612640728414
-0.28070000000000006,-0.04113980460007527
-0.28169999999999995,-0.04575176343763528
-0.28270000000000006,-0.04408240410379454
-0.28369999999999995,-0.04170568912002128
-0.28470000000000006,-0.04408240410379454
-0.28569999999999995,-0.04156421799003478
-0.28670000000000007,-0.044775612640728414
-0.28769999999999996,-0.04225742652696864
-0.28870000000000007,-0.04225742652696864
-0.28969999999999996,-0.04254036878694165
-0.29070000000000007,-0.042130102509980796
-0.29169999999999996,-0.044492670380755404
-0.29270000000000007,-0.04323357732387552
-0.29369999999999996,-0.04603470569760829
-0.2947000000000001,-0.045893234567621795
-0.29569999999999996,-0.04729379875448818
-0.2967000000000001,-0.04701085649451517
-0.29769999999999996,-0.04784553616143554
-0.2987000000000001,-0.04546882117766228
-0.29969999999999997,-0.046444971974569156
-0.3007000000000001,-0.042130102509980796
-0.30169999999999997,-0.048538744698369406
-0.3027000000000001,-0.04337504845386203
-0.30369999999999997,-0.04561029230764878
-0.3047000000000001,-0.04868021582835592
-0.30569999999999997,-0.044223875233781046
-0.3067000000000001,-0.04729379875448818
-0.3077,-0.046444971974569156
-0.3087000000000001,-0.04729379875448818
-0.3097,-0.051481344202088684
-0.3107000000000001,-0.04784553616143554
-0.3117,-0.04924610034830192
-0.3127000000000001,-0.04979783775524929
-0.3137,-0.0502222511452088
-0.3147000000000001,-0.05077398855215617
-0.3157,-0.048821686958342415
-0.3167000000000001,-0.04784553616143554
-0.3177,-0.053150703535929426
-0.3187000000000001,-0.05091545968214267
-0.3197,-0.05455126772279582
-0.3207000000000001,-0.04965636662526278
-0.3217,-0.05133987307210218
-0.3227000000000001,-0.051481344202088684
-0.3237,-0.05217455273902255
-0.3247000000000001,-0.05300923240594292
-0.3257,-0.05091545968214267
-0.3267000000000001,-0.054820062869770175
-0.3277,-0.050363722275195304
-0.3287000000000001,-0.05440979659280931
-0.3297,-0.05398538320284981
-0.3307000000000001,-0.0502222511452088
-0.3317,-0.05300923240594292
-0.3327000000000001,-0.05524447625972968
-0.3337,-0.055796213666677044
-0.3347000000000001,-0.055668889649689184
-0.3357,-0.05119840194211568
-0.3367000000000001,-0.055527418519702686
-0.3377,-0.05398538320284981
-0.3387000000000001,-0.05510300512974318
-0.3397,-0.05440979659280931
-0.3407000000000001,-0.053702440942876795
-0.3417,-0.05455126772279582
-0.3427000000000001,-0.055527418519702686
-0.3437,-0.05845587091042332
-0.3447000000000001,-0.05998375911427755
-0.3457,-0.056645040446596066
-0.3467000000000001,-0.05900760831737068
-0.3477,-0.05650356931660957
-0.3487000000000001,-0.0578899863904773
-0.3497,-0.05998375911427755
-0.3507000000000001,-0.05845587091042332
-0.3517,-0.0598564350972897
-0.3527000000000001,-0.06138432330114395
-0.3537,-0.05900760831737068
-0.3547000000000001,-0.06207753183807782
-0.3557,-0.05873881317039633
-0.35670000000000013,-0.06305368263498468
-0.3577,-0.05998375911427755
-0.35870000000000013,-0.06054964363422357
-0.3597,-0.06278488748801032
-0.36070000000000013,-0.06124285217115744
-0.3617,-0.06333662489495769
-0.3626999999999999,-0.06487866021181057
-0.3637,-0.06459571795183758
-0.3646999999999999,-0.06459571795183758
-0.3657,-0.061808736691103455
-0.3666999999999999,-0.06417130456187807
-0.3677,-0.06333662489495769
-0.3686999999999999,-0.06543039761875795
-0.36970000000000003,-0.0690662056594111
-0.3706999999999999,-0.06292635861799684
-0.37170000000000003,-0.07018382758630445
-0.3726999999999999,-0.06612360615569181
-0.37370000000000003,-0.06612360615569181
-0.3746999999999999,-0.06571333987873097
-0.37570000000000003,-0.06697243293561084
-0.3766999999999999,-0.06947647193637195
-0.37770000000000004,-0.06557186874874445
-0.3786999999999999,-0.06864179226945158
-0.37970000000000004,-0.07213612918011822
-0.3806999999999999,-0.0679485837325177
-0.38170000000000004,-0.07031115160329232
-0.38269999999999993,-0.07185318692014521
-0.38370000000000004,-0.07130144951319785
-0.38469999999999993,-0.07254639545707908
-0.38570000000000004,-0.07130144951319785
-0.38669999999999993,-0.07297080884703859
-0.38770000000000004,-0.07227760031010473
-0.38869999999999993,-0.07492311044085233
-0.38970000000000005,-0.07618220349773222
-0.39069999999999994,-0.07073556499325184
-0.39170000000000005,-0.07632367462771873
-0.39269999999999994,-0.07506458157083885
-0.39370000000000005,-0.07506458157083885
-0.39469999999999994,-0.0771583542946391
-0.39570000000000005,-0.0774412965546121
-0.39669999999999994,-0.07966239329540022
-0.39770000000000005,-0.07841744735151898
-0.39869999999999994,-0.0807800152222936
-0.39970000000000006,-0.08051122007531925
-0.40069999999999995,-0.08065269120530574
-0.40170000000000006,-0.0812044286122531
-0.40269999999999995,-0.08287378794609385
-0.40370000000000006,-0.08162884200221261
-0.40469999999999995,-0.08372261472601288
-0.40570000000000006,-0.07925212701843935
-0.40669999999999995,-0.08441582326294673
-0.40770000000000006,-0.08510903179988061
-0.40869999999999995,-0.08553344518984012
-0.40970000000000006,-0.08734427565366736
-0.41069999999999995,-0.08441582326294673
-0.41170000000000007,-0.08929657724748112
-0.41269999999999996,-0.08803748419060124
-0.41370000000000007,-0.08943804837746762
-0.41469999999999996,-0.09236650076818824
-0.41570000000000007,-0.08594371146680099
-0.41669999999999996,-0.09000393289741364
-0.41770000000000007,-0.09139034997128137
-0.41869999999999996,-0.09334265156509512
-0.4197000000000001,-0.09405000721502763
-0.42069999999999996,-0.09195623449122738
-0.4217000000000001,-0.09837902379261465
-0.42269999999999996,-0.09781313927266864
-0.4237000000000001,-0.09850634780960252
-0.42469999999999997,-0.10018985425644189
-0.4257000000000001,-0.09655404621578875
-0.42669999999999997,-0.10311830664716252
-0.4277000000000001,-0.09962396973649587
-0.42869999999999997,-0.10116600505334877
-0.4297000000000001,-0.10283536438718952
-0.43069999999999997,-0.1040944574440694
-0.4317000000000001,-0.10647117242784265
-0.4327,-0.10521207937096277
-0.4337000000000001,-0.10673996757481702
-0.4347,-0.10576381677791014
-0.4357000000000001,-0.10521207937096277
-0.4367,-0.11163486867235005
-0.4377000000000001,-0.11204513494931091
-0.4387,-0.10925815368857679
-0.4397000000000001,-0.11525652960000454
-0.4407,-0.10954109594854979
-0.4417000000000001,-0.11539800072999104
-0.4427,-0.11442184993308416
-0.4437000000000001,-0.11805765797373731
-0.4447,-0.11708150717683044
-0.4457000000000001,-0.11596388524993705
-0.4467,-0.12419750501515157
-0.4477000000000001,-0.12251399856831217
-0.4487,-0.12224520342133782
-0.4497000000000001,-0.12474924242209892
-0.4507,-0.12391456275517856
-0.4517000000000001,-0.12503218468207195
-0.4527,-0.12545659807203147
-0.4537000000000001,-0.1297714675366198
-0.4547,-0.13047882318655232
-0.4557000000000001,-0.1296299964066333
-0.4567,-0.13480783976413932
-0.4577000000000001,-0.1327140670403391
-0.4587,-0.1355010483010732
-0.4597000000000001,-0.1366186702279666
-0.4607,-0.13493516378112722
-0.4617000000000001,-0.13968859374867373
-0.4627,-0.13702893650492745
-0.4637000000000001,-0.1428858412863687
-0.4647,-0.14430055258623375
-0.4657000000000001,-0.14642261953603128
-0.4667,-0.1498179266557074
-0.4677000000000001,-0.14684703292599083
-0.4687,-0.14797880196588284
-0.4697000000000001,-0.1508082245656129
-0.4707,-0.15165705134553195
-0.4717000000000001,-0.15816472332491108
-0.4727,-0.15717442541500556
-0.4737000000000001,-0.15929649236480314
-0.4747,-0.1622673860945197
-0.4757000000000001,-0.16141855931460067
-0.4767,-0.16863358694391237
-0.4777000000000001,-0.16467239530429026
-0.4787,-0.16523827982423628
-0.4797000000000001,-0.17018976937376393
-0.4807,-0.1728777208435075
-0.48170000000000013,-0.17556567231325104
-0.4827,-0.17528273005327805
-0.48370000000000013,-0.1783950949129811
-0.4847,-0.17952686395287318
-0.48570000000000013,-0.18009274847281917
-0.4867,-0.1856101225422928
-0.4876999999999999,-0.1846198246323873
-0.4887,-0.18730777610213087
-0.4896999999999999,-0.19254220791163149
-0.4907,-0.1933910346915505
-0.4916999999999999,-0.19607898616129407
-0.4927,-0.19876693763103764
-0.4936999999999999,-0.20216224475071373
-0.49470000000000003,-0.20909433012005244
-0.4956999999999999,-0.2066893209102819
-0.49670000000000003,-0.21008462802995795
-0.4976999999999999,-0.2116408104598095
-0.49870000000000003,-0.21744112678925615
-0.4996999999999999,-0.22012907825899972
-0.5007,-0.21786554017921567
-0.5016999999999999,-0.22437321215859482
-0.5027,-0.22649527910839237
-0.5036999999999999,-0.23286147995778506
-0.5047,-0.23413472012766354
-0.5056999999999999,-0.23639825820744764
-0.5067,-0.2396520941971372
-0.5076999999999999,-0.24134974775697526
-0.5087,-0.24644270843648935
-0.5096999999999999,-0.2512527268560305
-0.5107,-0.250545371206098
-0.5116999999999999,-0.2591751101352747
-0.5127,-0.2581848122253692
-0.5136999999999999,-0.2639851285548159
-0.5147,-0.269926916014249
-0.5156999999999999,-0.268795146974357
-0.5167,-0.2765760591236147
-0.5176999999999999,-0.27898106833338526
-0.5187,-0.2856302114427509
-0.5196999999999999,-0.29001581647233254
-0.5207,-0.2927037679420761
-0.5216999999999999,-0.29751378636161724
-0.5227,-0.3018993913911988
-0.5236999999999999,-0.3074167654606725
-0.5247,-0.3149147353499572
-0.5257,-0.3156220909998897
-0.5267000000000001,-0.32071505167940384
-0.5277,-0.3290618483486075
-0.5287000000000001,-0.3313253864283916
-0.5297,-0.34108689439746037
-0.5307000000000001,-0.3408039521374874
-0.5317,-0.34844339315675854
-0.5327000000000001,-0.3539607672262322
-0.5337,-0.3582049011258273
-0.5347000000000001,-0.36796640909489603
-0.5357,-0.36909817813478807
-0.5367000000000001,-0.3798499840137623
-0.5377,-0.38140616644361386
-0.5387000000000001,-0.39272385684253414
-0.5397,-0.3988071154319538
-0.5407000000000001,-0.40489037402137346
-0.5417,-0.4126712861706312
-0.5427000000000001,-0.4179057179801318
-0.5437,-0.4266769280392951
-0.5447000000000001,-0.4348822535785123
-0.5457,-0.44195581007783746
-0.5467000000000001,-0.4512929046569467
-0.5477,-0.4583664611562719
-0.5487000000000001,-0.46812796912534066
-0.5497,-0.47223063189494924
-0.5507000000000001,-0.4810018419541125
-0.5517,-0.4934513013929247
-0.5527000000000001,-0.49981750224231747
-0.5537,-0.5135402018510082
-0.5547000000000001,-0.5216040562602391
-0.5557,-0.5262726035497938
-0.5567000000000001,-0.5428247257582146
-0.5577,-0.5493323977375938
-0.5587000000000001,-0.559801261356595
-0.5597,-0.5736654320952724
-0.5607000000000001,-0.5847001802342197
-0.5617,-0.600262004532735
-0.5627000000000001,-0.6094576279818578
-0.5637,-0.6211997317707375
-0.5647000000000001,-0.6346394891194554
-0.5657,-0.6444009970885242
-0.5667000000000001,-0.6605287059069856
-0.5677,-0.6695828582261218
-0.5687000000000001,-0.6875496917344079
-0.5697,-0.7024041603829907
-0.5707000000000001,-0.7145706775618301
-0.5717,-0.7240492432709258
-0.5727000000000001,-0.7479578642386449
-0.5737,-0.7663491111368903
-0.5747000000000001,-0.7840330023852033
-0.5757,-0.7981801153838536
-0.5767000000000001,-0.8157225355021802
-0.5777,-0.8311428886707091
-0.5787000000000001,-0.8501000200889006
-0.5797,-0.8728768720167276
-0.5807000000000001,-0.8874483984053376
-0.5817,-0.907254356603448
-0.5827000000000001,-0.9273432570615314
-0.5837,-0.9512518780292506
-0.5847000000000001,-0.9666722311977796
-0.5857,-0.9918540923353774
-0.5867000000000001,-1.0173188957329478
-0.5877,-1.0345783735913012
-0.5887000000000001,-1.0591943502089531
-0.5897,-1.0859323937764023
-0.5907000000000001,-1.114226619773703
-0.5917,-1.1384181830013949
-0.5927000000000001,-1.1579411989395323
-0.5937,-1.1859524826768604
-0.5947000000000001,-1.212831997374296
-0.5957,-1.2431068191914076
-0.5967000000000001,-1.271825458578668
-0.5977,-1.2979976176261712
-0.5987000000000001,-1.3315262754329726
-0.5997,-1.369299067139369
-0.6007000000000001,-1.4016959559062783
-0.6017,-1.4373466806628774
-0.6027000000000001,-1.4741291744593683
-0.6037,-1.5080822456561291
-0.6047000000000001,-1.54203531685289
-0.6057,-1.5717442541500557
-0.6067000000000001,-1.612770881846142
-0.6077,-1.656626932141958
-0.6087000000000001,-1.700482982437774
-0.6097,-1.7429243214337253
-0.6107000000000001,-1.7924392169290013
-0.6117,-1.8377099785246829
-0.6126999999999999,-1.8858101627200938
-0.6137,-1.9367397695152353
-0.6146999999999999,-1.9791811085111866
-0.6157,-2.0216224475071374
-0.6166999999999999,-2.0895285899006595
-0.6177,-2.1347993514963406
-0.6186999999999999,-2.1984613599902674
-0.6197,-2.2479762554855434
-0.6206999999999999,-2.3116382639794697
-0.6217,-2.3682267159740715
-0.6226999999999999,-2.438962280967323
-0.6237,-2.49979486686152
-0.6246999999999999,-2.5677010092550416
-0.6257,-2.624289461249643
-0.6266999999999999,-2.69926916014249
-0.6277,-2.767175302536012
-0.6286999999999999,-2.8308373110299385
-0.6297,-2.9213788342213007
-0.6306999999999999,-2.996358533114148
-0.6317,-3.069923520707129
-0.6326999999999999,-3.1463179308998415
-0.6337,-3.2297858975918787
-0.6346999999999999,-3.3203274207832414
-0.6357,-3.4136983665743337
-0.6366999999999999,-3.4999957558661006
-0.6377,-3.5778048773586777
-0.6386999999999999,-3.6754199570493657
-0.6397,-3.7730350367400525
-0.6406999999999999,-3.869235405130875
-0.6417,-3.9725093300210226
-0.6426999999999999,-4.080027388810766
-0.6437,-4.20452198319889
-0.6446999999999999,-4.304966485489307
-0.6457,-4.420972812078239
-0.6466999999999999,-4.542637983866633
-0.6477,-4.675620846053946
-0.6486999999999999,-4.783138904843689
-0.6497,-4.923195323530328
-0.6507,-5.043445784018855
-0.6517000000000001,-5.18774633660509
-0.6527,-5.323558621392133
-0.6537000000000001,-5.470688596578097
-0.6547,-5.622062705663656
-0.6557000000000001,-5.762119124350295
-0.6567,-5.912078522135989
-0.6577000000000001,-6.060623208621817
-0.6587,-6.217656162906836
-0.6597000000000001,-6.39025094149037
-0.6607,-6.55860158617431
-0.6617000000000001,-6.7085609839600036
-0.6627,-6.883985185143269
-0.6637000000000001,-7.072141788025317
-0.6647,-7.260298390907368
-0.6657000000000001,-7.441381437290093
-0.6667,-7.635196885371603
-0.6677000000000001,-7.838915312552168
-0.6687,-8.049707296232057
-0.6697000000000001,-8.25484043471249
-0.6707,-8.457144150593189
-0.6717000000000001,-8.672180268172674
-0.6727,-8.901363498750811
-0.6737000000000001,-9.110740771130837
-0.6747,-9.344168135608566
-0.6757000000000001,-9.584669056585623
-0.6767,-9.826584688862544
-0.6777000000000001,-10.068500321139467
-0.6787,-10.323148355115173
-0.6797000000000001,-10.57779638909088
-0.6807,-10.839517979565912
-0.6817000000000001,-11.118216105639322
-0.6827,-11.38701125261368
-0.6837000000000001,-11.672782935186419
-0.6847,-11.945822216060371
-0.6857000000000001,-12.234423321232837
-0.6867,-12.537171539403955
-0.6877000000000001,-12.825772644576423
-0.6887,-13.14549739834592
-0.6897000000000001,-13.455319173016363
-0.6907,-13.779288060685458
-0.6917000000000001,-14.101842237054685
-0.6927,-14.430055258623375
-0.6937000000000001,-14.783733083589633
-0.6947,-15.080822456561293
-0.6957000000000001,-15.448647394526201
-0.6967,-15.816472332491113
-0.6977000000000001,-16.184297270456018
-0.6987,-16.55212220842093
-0.6997000000000001,-16.90580003338719
-0.7007,-17.259477858353446
-0.7017000000000001,-17.655597022315657
-0.7027,-18.06586329927652
-0.7037000000000001,-18.461982463238726
-0.7047,-18.872248740199588
-0.7057000000000001,-19.28251501716045
-0.7067,-19.70692840711996
-0.7077000000000001,-20.13134179707947
-0.7087,-20.569902300037633
-0.7097000000000001,-21.008462802995794
-0.7107,-21.447023305953955
-0.7117000000000001,-21.899730921910766
-0.7127,-22.36658565086623
-0.7137000000000001,-22.84758749282034
-0.7147,-23.342736447773106
-0.7157000000000001,-23.795444063729917
-0.7167,-24.262298792685378
-0.7177000000000001,-24.757447747638142
-0.7187,-25.266743815589557
-0.7197000000000001,-25.761892770542314
-0.7207,-26.28533595149238
-0.7217000000000001,-26.780484906445146
-0.7227,-27.31807520039386
-0.7237000000000001,-27.841518381343924
-0.7247,-28.364961562293985
-0.7257000000000001,-28.91669896924135
-0.7267,-29.496730602186016
-0.7277000000000001,-30.06261512213203
-0.7287,-30.656793868075347
-0.7297000000000001,-31.23682550102001
-0.7307,-31.816857133964678
-0.7317000000000001,-32.39688876690934
-0.7327,-33.00521462585131
-0.7337000000000001,-33.59939337179462
-0.7347,-34.207719230736586
-0.7357000000000001,-34.8018979766799
-0.7367,-35.42437094862052
-0.7376999999999999,-36.04684392056114
-0.7387,-36.6834640055004
-0.7396999999999999,-37.32008409043967
-0.7407,-37.97085128837759
-0.7416999999999999,-38.607471373316855
-0.7427,-39.272385684253415
-0.7436999999999999,-39.89485865619403
-0.7447,-40.57392008012925
-0.7456999999999999,-41.267128617063115
-0.7467,-41.88960158900374
-0.7476999999999999,-42.568663012938956
-0.7487,-43.26187154987282
-0.7496999999999999,-43.92678586080939
-0.7507,-44.648288623740555
-0.7516999999999999,-45.34149716067443
-0.7527,-46.034705697608295
-0.7536999999999999,-46.75620846053947
-0.7547,-47.449416997473335
-0.7556999999999999,-48.1709197604045
-0.7567,-48.920716749332975
-0.7576999999999999,-49.67051373826144
-0.7587,-50.43445784018856
-0.7596999999999999,-51.18425482911703
-0.7607,-51.934051818045496
-0.7616999999999999,-52.69799591997262
-0.7627,-53.447792908901086
-0.7636999999999999,-54.25417834982416
-0.7647,-55.032269564749924
-0.7656999999999999,-55.82450789267435
-0.7667,-56.61674622059877
-0.7676999999999999,-57.394837435524536
-0.7687,-58.17292865045031
-0.7696999999999999,-58.965166978374725
-0.7707,-59.7715524192978
-0.7716999999999999,-60.57793786022087
-0.7727,-61.384323301143944
-0.7736999999999999,-62.17656162906836
-0.7747,-62.96879995699278
-0.7757,-63.81762673691181
-0.7767000000000001,-64.60986506483623
-0.7777,-65.43039761875795
-0.7787000000000001,-66.30751862467427
-0.7797,-67.0997569525987
-0.7807000000000001,-67.97687795851502
-0.7817,-68.82570473843404
-0.7827000000000001,-69.64623729235576
-0.7837,-70.52335829827209
-0.7847000000000001,-71.35803796519245
-0.7857,-72.20686474511147
-0.7867000000000001,-73.09813286402644
-0.7877,-73.93281253094682
-0.7887000000000001,-74.80993353686314
-0.7897,-75.65876031678216
-0.7907000000000001,-76.50758709670117
-0.7917,-77.42714944161345
-0.7927000000000001,-78.27597622153247
-0.7937,-79.16724434044745
-0.7947000000000001,-80.07265957236108
-0.7957,-80.9497805782774
-0.7967000000000001,-81.88349003618832
-0.7977,-82.746463929106
-0.7987000000000001,-83.68017338701692
-0.7997,-84.59973573192919
-0.8007000000000001,-85.46270962484687
-0.8017,-86.38227196975915
-0.8027000000000001,-87.27354008867411
-0.8037,-88.16480820758908
-0.8047000000000001,-89.16925323049325
-0.8057,-90.08881557540555
-0.8067000000000001,-90.99423080731917
-0.8077,-91.94208737822873
-0.8087000000000001,-92.83335549714371
-0.8097,-93.75291784205598
-0.8107000000000001,-94.67248018696824
-0.8117,-95.59204253188052
-0.8127000000000001,-96.5398991027901
-0.8137,-97.43116722170507
-0.8147000000000001,-98.37902379261465
-0.8157,-99.29858613752693
-0.8167000000000001,-100.23229559543785
-0.8177,-101.15185794035013
-0.8187000000000001,-102.04312605926509
-0.8197,-102.99098263017467
-0.8207000000000001,-103.96713342708154
-0.8217,-104.97157844998573
-0.8227000000000001,-106.01846481188585
-0.8237,-106.95217426979677
-0.8247000000000001,-107.94247217970229
-0.8257,-108.93277008960783
-0.8267000000000001,-109.8523324345201
-0.8277,-110.82848323142699
-0.8287000000000001,-111.76219268933791
-0.8297,-112.66760792125153
-0.8307000000000001,-113.67205294415571
-0.8317,-114.60576240206663
-0.8327000000000001,-115.53947185997755
-0.8337,-116.44488709189118
-0.8347000000000001,-117.32200809780748
-0.8357,-118.18498199072516
-0.8367000000000001,-119.16113278763203
-0.8377,-120.08069513254432
-0.8387000000000001,-121.01440459045524
-0.8397,-121.93396693536751
-0.8407000000000001,-122.81108794128383
-0.8417,-123.74479739919475
-0.8427000000000001,-124.73509530910029
-0.8437,-125.72539321900584
-0.8447000000000001,-126.75813246790726
-0.8457,-127.80501882980741
-0.8467000000000001,-128.85190519170752
-0.8477,-129.8563502146117
-0.8487000000000001,-130.87494235051454
-0.8497,-131.92182871241468
-0.8507000000000001,-132.8272439443283
-0.8517,-133.77510051523788
-0.8527000000000001,-134.73710419914607
-0.8537,-135.60007809206377
-0.8547000000000001,-136.5903760019693
-0.8557,-137.52408545988024
-0.8567000000000001,-138.51438336978572
-0.8577,-139.5895639576832
-0.8587000000000001,-140.59400898058735
-0.8597,-141.47112998650366
-0.8607000000000001,-142.6028990263957
-0.8617,-143.4517258063147
-0.8626999999999999,-144.44202371622026
-0.8637,-145.29085049613926
-0.8646999999999999,-146.28114840604482
-0.8657,-147.27144631595033
-0.8666999999999999,-148.12027309586935
-0.8677,-148.96909987578834
-0.8686999999999999,-149.95939778569388
-0.8697,-150.8082245656129
-0.8706999999999999,-151.65705134553193
-0.8717,-152.64734925543743
-0.8726999999999999,-153.63764716534297
-0.8737,-154.486473945262
-0.8746999999999999,-155.47677185516753
-0.8757,-156.60854089505958
-0.8766999999999999,-157.59883880496508
-0.8777,-158.5891367148706
-0.8786999999999999,-159.57943462477613
-0.8797,-160.42826140469515
-0.8806999999999999,-161.41855931460069
-0.8817,-162.40885722450622
-0.8826999999999999,-163.39915513441173
-0.8837,-164.24798191433075
-0.8846999999999999,-165.09680869424977
-0.8857,-165.94563547416882
-0.8866999999999999,-166.0871066041553
-0.8857,-165.2382798242363
-0.8846999999999999,-164.38945304431726
-0.8837,-163.54062626439824
-0.8826999999999999,-162.5503283544927
-0.8817,-161.5600304445872
-0.8806999999999999,-160.8526747946547
-0.8797,-159.86237688474912
-0.8786999999999999,-159.01355010483013
-0.8777,-158.02325219492457
-0.8766999999999999,-156.89148315503257
-0.8757,-156.18412750510007
-0.8746999999999999,-155.47677185516753
-0.8737,-154.6279450752485
-0.8726999999999999,-153.63764716534297
-0.8717,-152.64734925543743
-0.8706999999999999,-151.7985224755184
-0.8697,-150.94969569559944
-0.8686999999999999,-149.95939778569388
-0.8677,-148.96909987578834
-0.8666999999999999,-148.12027309586935
-0.8657,-147.1299751859638
-0.8646999999999999,-146.1396772760583
-0.8637,-145.14937936615277
-0.8626999999999999,-144.44202371622026
-0.8617,-143.3102546763282
-0.8607000000000001,-142.4614278964092
-0.8597,-141.47112998650366
-0.8587000000000001,-140.52327341559413
-0.8577,-139.68859374867372
-0.8567000000000001,-138.7548842907628
-0.8557,-137.87776328484648
-0.8547000000000001,-136.9299067139369
-0.8537,-135.96790303002868
-0.8527000000000001,-135.03419357211774
-0.8517,-134.07218988820952
-0.8507000000000001,-133.1950688822932
-0.8497,-132.31794787637688
-0.8487000000000001,-131.46912109645783
-0.8477,-130.64858854253615
-0.8467000000000001,-129.6582906326306
-0.8457,-128.85190519170752
-0.8447000000000001,-128.00307841178852
-0.8437,-127.12595740587219
-0.8427000000000001,-126.3195719649491
-0.8417,-125.40000962003687
-0.8407000000000001,-124.45215304912726
-0.8397,-123.65991472120285
-0.8387000000000001,-122.72620526329193
-0.8377,-121.93396693536751
-0.8367000000000001,-121.04269881645253
-0.8357,-120.08069513254432
-0.8347000000000001,-119.23186835262528
-0.8337,-118.3688944597076
-0.8327000000000001,-117.50592056678994
-0.8317,-116.68538801286822
-0.8307000000000001,-115.82241411995055
-0.8297,-114.90285177503829
-0.8287000000000001,-114.0681721081179
-0.8277,-113.44569913617728
-0.8267000000000001,-112.61101946925692
-0.8257,-111.7338984633406
-0.8247000000000001,-110.96995436141347
-0.8237,-110.05039201650122
-0.8227000000000001,-109.22985946257948
-0.8217,-108.49420958664966
-0.8207000000000001,-107.68782414572658
-0.8197,-106.98046849579409
-0.8187000000000001,-106.2589657328629
-0.8177,-105.39599183994524
-0.8167000000000001,-104.56131217302486
-0.8157,-103.93883920108425
-0.8147000000000001,-103.17489509915713
-0.8137,-102.39680388423135
-0.8127000000000001,-101.59041844330828
-0.8117,-100.76988588938657
-0.8107000000000001,-100.03423601345675
-0.8097,-99.27029191152963
-0.8087000000000001,-98.52049492260115
-0.8077,-97.89802195066054
-0.8067000000000001,-97.21896052672531
-0.8057,-96.3984279728036
-0.8047000000000001,-95.66277809687378
-0.8037,-94.88468688194801
-0.8027000000000001,-94.14903700601819
-0.8017,-93.32850445209648
-0.8007000000000001,-92.53626612417206
-0.7997,-91.74402779624764
-0.7987000000000001,-91.00837792031781
-0.7977,-90.27272804438799
-0.7967000000000001,-89.49463682946222
-0.7957,-88.6458100495432
-0.7947000000000001,-87.99504285160528
-0.7937,-87.14621607168625
-0.7927000000000001,-86.33983063076319
-0.7917,-85.57588652883607
-0.7907000000000001,-84.78364820091166
-0.7897,-84.06214543798048
-0.7887000000000001,-83.31234844905201
-0.7877,-82.56255146012353
-0.7867000000000001,-81.86934292318966
-0.7857,-81.16198727325715
-0.7847000000000001,-80.55366141431519
-0.7837,-79.93118844237456
-0.7827000000000001,-79.20968567944341
-0.7817,-78.53062425550819
-0.7807000000000001,-77.82326860557566
-0.7797,-77.1300600686418
-0.7787000000000001,-76.56417554869579
-0.7777,-75.96999680275246
-0.7767000000000001,-75.36167094381051
-0.7757,-74.68260951987529
-0.7747,-74.04598943493602
-0.7736999999999999,-73.3669280110008
-0.7727,-72.75860215205884
-0.7716999999999999,-72.03709938912766
-0.7707,-71.32974373919515
-0.7696999999999999,-70.59409386326533
-0.7687,-69.95747377832606
-0.7676999999999999,-69.22182390239624
-0.7667,-68.54276247846103
-0.7656999999999999,-67.9202895065204
-0.7647,-67.19878674358924
-0.7636999999999999,-66.53387243265267
-0.7627,-65.86895812171612
-0.7616999999999999,-65.2464851497755
-0.7607,-64.60986506483623
-0.7596999999999999,-64.00153920589426
-0.7587,-63.350772007956344
-0.7576999999999999,-62.71415192301708
-0.7567,-62.11997317707376
-0.7556999999999999,-61.525794431130436
-0.7547,-60.94576279818578
-0.7536999999999999,-60.36573116524111
-0.7527,-59.7432581933005
-0.7516999999999999,-59.20566789935179
-0.7507,-58.62563626640712
-0.7496999999999999,-57.974869068469204
-0.7487,-57.408984548523186
-0.7476999999999999,-56.81480580257987
-0.7467,-56.20647994363791
-0.7456999999999999,-55.6971838756865
-0.7447,-55.088858016744524
-0.7436999999999999,-54.52297349679851
-0.7427,-53.9570889768525
-0.7416999999999999,-53.362910230909186
-0.7407,-52.78287859796452
-0.7396999999999999,-52.20284696501985
-0.7387,-51.69355089706845
-0.7376999999999999,-51.113519264123774
-0.7367,-50.547634744177756
-0.7357000000000001,-50.010044450229046
-0.7347,-49.43001281728438
-0.7337000000000001,-48.86412829733837
-0.7327,-48.38312645538425
-0.7317000000000001,-47.83138904843689
-0.7307,-47.350387206482786
-0.7297000000000001,-46.84109113853137
-0.7287,-46.289353731584
-0.7277000000000001,-45.79420477663124
-0.7267,-45.25661448268253
-0.7257000000000001,-44.76146552772976
-0.7247,-44.266316572776994
-0.7237000000000001,-43.72872627882828
-0.7227,-43.23357732387552
-0.7217000000000001,-42.71013414292546
-0.7207,-42.243279413969994
-0.7197000000000001,-41.74813045901723
-0.7187,-41.23883439106582
-0.7177000000000001,-40.800273888107654
-0.7167,-40.31927204615355
-0.7157000000000001,-39.83827020419943
-0.7147,-39.37141547524397
-0.7137000000000001,-38.90456074628851
-0.7127,-38.42355890433439
-0.7117000000000001,-37.92840994938163
-0.7107,-37.47570233342482
-0.7097000000000001,-37.02299471746801
-0.7087,-36.570287101511205
-0.7077000000000001,-36.11757948555439
-0.7067,-35.679018982596226
-0.7057000000000001,-35.21216425364076
-0.7047,-34.773603750682604
-0.7037000000000001,-34.33504324772444
-0.7027,-33.910629857764924
-0.7017000000000001,-33.45792224180811
-0.7007,-33.04765596484726
-0.6997000000000001,-32.62324257488775
-0.6987,-32.184682071929586
-0.6977000000000001,-31.77441579496872
-0.6967,-31.434885083001117
-0.6957000000000001,-30.99632458004295
-0.6947,-30.600205416080744
-0.6937000000000001,-30.204086252118536
-0.6927,-29.80796708815632
-0.6917000000000001,-29.411847924194117
-0.6907,-29.015728760231898
-0.6897000000000001,-28.633756709268344
-0.6887,-28.280078884302082
-0.6877000000000001,-27.883959720339874
-0.6867,-27.516134782374962
-0.6857000000000001,-27.134162731411404
-0.6847,-26.738043567449193
-0.6837000000000001,-26.38436574248293
-0.6827,-26.016540804518023
-0.6817000000000001,-25.677010092550415
-0.6807,-25.309185154585506
-0.6797000000000001,-24.95550732961925
-0.6787,-24.587682391654337
-0.6777000000000001,-24.24815167968673
-0.6767,-23.88032674172182
-0.6757000000000001,-23.54079602975421
-0.6747,-23.215412430785253
-0.6737000000000001,-22.861734605818995
-0.6727,-22.522203893851387
-0.6717000000000001,-22.182673181883775
-0.6707,-21.843142469916167
-0.6697000000000001,-21.531905983945855
-0.6687,-21.19237527197825
-0.6677000000000001,-20.85284456001064
-0.6667,-20.541608074040333
-0.6657000000000001,-20.272812927065978
-0.6647,-19.961576441095666
-0.6637000000000001,-19.664487068124007
-0.6627,-19.353250582153702
-0.6617000000000001,-19.056161209182044
-0.6607,-18.759071836210385
-0.6597000000000001,-18.47612957623738
-0.6587,-18.19318731626437
-0.6577000000000001,-17.896097943292716
-0.6567,-17.613155683319707
-0.6557000000000001,-17.34436053634535
-0.6547,-17.089712502369647
-0.6537000000000001,-16.820917355395284
-0.6527,-16.55212220842093
-0.6517000000000001,-16.29747417444522
-0.6507,-16.02867902747086
-0.6497,-15.759883880496508
-0.6486999999999999,-15.505235846520803
-0.6477,-15.236440699546446
-0.6466999999999999,-14.98179266557074
-0.6457,-14.727144631595033
-0.6446999999999999,-14.486643710617974
-0.6437,-14.24614278964092
-0.6426999999999999,-14.008471291263595
-0.6417,-13.773629215485999
-0.6406999999999999,-13.530298871909212
-0.6397,-13.295456796131614
-0.6386999999999999,-13.07193241075294
-0.6377,-12.839919757575073
-0.6366999999999999,-12.613565949596667
-0.6357,-12.398529832017182
-0.6346999999999999,-12.180664291837966
-0.6337,-11.96845759685821
-0.6326999999999999,-11.75200676797886
-0.6317,-11.538385361699238
-0.6306999999999999,-11.337496357118404
-0.6297,-11.132363218637973
-0.6286999999999999,-10.931474214057138
-0.6277,-10.729170498176439
-0.6266999999999999,-10.539599183994524
-0.6257,-10.344369024613147
-0.6246999999999999,-10.151968287831503
-0.6237,-9.959567551049858
-0.6226999999999999,-9.77706979336727
-0.6217,-9.59740145828441
-0.6206999999999999,-9.419147834501414
-0.6197,-9.24089421071842
-0.6186999999999999,-9.06405529823529
-0.6177,-8.89004580835189
-0.6166999999999999,-8.72169516366795
-0.6157,-8.564662209382933
-0.6146999999999999,-8.404799832498183
-0.6137,-8.24352274431357
-0.6126999999999999,-8.080830944829088
-0.6117,-7.92096856794434
-0.6107000000000001,-7.761106191059591
-0.6097,-7.619635061073087
-0.6087000000000001,-7.464016818087933
-0.6077,-7.312642709002375
-0.6067000000000001,-7.1683421564161405
-0.6057,-7.022626892530043
-0.6047000000000001,-6.883985185143269
-0.6037,-6.74675818905636
-0.6027000000000001,-6.6109459042693155
-0.6017,-6.4793777533818675
-0.6007000000000001,-6.342150757294959
-0.5997,-6.213412029007241
-0.5987000000000001,-6.083258589419658
-0.5977,-5.961593417631265
-0.5967000000000001,-5.839928245842872
-0.5957,-5.718263074054478
-0.5947000000000001,-5.602256747465545
-0.5937,-5.483420998276882
-0.5927000000000001,-5.364585249088219
-0.5917,-5.255652478998611
-0.5907000000000001,-5.136816729809948
-0.5897,-5.0335428049198
-0.5887000000000001,-4.924610034830192
-0.5877,-4.815677264740584
-0.5867000000000001,-4.710988628550572
-0.5857,-4.60629999236056
-0.5847000000000001,-4.508684912669872
-0.5837,-4.411069832979184
-0.5827000000000001,-4.314869464588361
-0.5817,-4.22149851879727
-0.5807000000000001,-4.121054016506851
-0.5797,-4.034756627215084
-0.5787000000000001,-3.945629815323587
-0.5777,-3.8480147356329
-0.5767000000000001,-3.7673761915405932
-0.5757,-3.6824935135486903
-0.5747000000000001,-3.6046843920561136
-0.5737,-3.5183870027643462
-0.5727000000000001,-3.4419925925716344
-0.5717,-3.359939337179462
-0.5707000000000001,-3.28637434958648
-0.5697,-3.214224073293363
-0.5687000000000001,-3.1406590857003813
-0.5677,-3.0656793868075347
-0.5667000000000001,-3.002017378313608
-0.5657,-2.927037679420761
-0.5647000000000001,-2.8605462483271045
-0.5637,-2.7926401059335824
-0.5627000000000001,-2.7261486748399255
-0.5617,-2.662486666345999
-0.5607000000000001,-2.600239369151937
-0.5597,-2.539406783257741
-0.5587000000000001,-2.472915352164084
-0.5577,-2.4163269001694827
-0.5567000000000001,-2.362567870774611
-0.5557,-2.296076439680954
-0.5547000000000001,-2.249390966785408
-0.5537,-2.192802514790807
-0.5527000000000001,-2.127725794997015
-0.5517,-2.085284456001064
-0.5507000000000001,-2.0414284057052483
-0.5497,-1.9919135102099716
-0.5487000000000001,-1.9409839034148304
-0.5477,-1.8886395853198237
-0.5467000000000001,-1.8447835350240078
-0.5457,-1.7966833508285964
-0.5447000000000001,-1.7556567231325106
-0.5437,-1.7075565389370995
-0.5427000000000001,-1.6679446225408785
-0.5417,-1.626917994844792
-0.5407000000000001,-1.5887207897484361
-0.5397,-1.5491088733522151
-0.5387000000000001,-1.506667534356264
-0.5377,-1.4698850405597732
-0.5367000000000001,-1.431687835463417
-0.5357,-1.3958956395768316
-0.5347000000000001,-1.3618010972500845
-0.5337,-1.3260089013634988
-0.5327000000000001,-1.290924061126846
-0.5317,-1.2593759991398557
-0.5307000000000001,-1.2194811404836614
-0.5297,-1.1964213462958615
-0.5287000000000001,-1.1627512173590735
-0.5277,-1.1317690398920295
-0.5267000000000001,-1.1031918716347555
-0.5257,-1.0726341075576709
-0.5247,-1.0488669577199383
-0.5236999999999999,-1.0143480020032312
-0.5227,-0.9894490831256065
-0.5216999999999999,-0.9686528270175907
-0.5207,-0.9366803516406408
-0.5196999999999999,-0.9127717306729216
-0.5187,-0.8925413590848515
-0.5176999999999999,-0.8669350845572944
-0.5167,-0.8464217707092515
-0.5156999999999999,-0.8198251982717888
-0.5147,-0.7994533555537322
-0.5136999999999999,-0.7807791663955137
-0.5127,-0.7558802475178891
-0.5116999999999999,-0.7389037119195087
-0.5107,-0.7128730240019919
-0.5096999999999999,-0.6925011812839355
-0.5087,-0.6725537519558386
-0.5076999999999999,-0.6521819092377819
-0.5067,-0.640439805448902
-0.5056999999999999,-0.619360607080913
-0.5047,-0.6077599744220198
-0.5036999999999999,-0.5814463442445301
-0.5027,-0.5725336630553803
-0.5016999999999999,-0.558952434576676
-0.5007,-0.5353267558689299
-0.4996999999999999,-0.520472287220347
-0.49870000000000003,-0.5094375390813997
-0.4976999999999999,-0.4937342436528978
-0.49670000000000003,-0.48241655325397753
-0.4956999999999999,-0.46529854652561053
-0.49470000000000003,-0.45341497160674427
-0.4936999999999999,-0.4391263874781074
-0.4927,-0.42582810125937604
-0.4916999999999999,-0.41394452634050977
-0.4907,-0.4031927204615355
-0.4896999999999999,-0.38805530955297957
-0.4887,-0.3773035036740053
-0.4876999999999999,-0.36244903502542236
-0.4867,-0.3548095940061512
-0.48570000000000013,-0.34363337473721745
-0.4847,-0.33259862659827016
-0.48370000000000013,-0.32014916715945774
-0.4827,-0.3079826499806185
-0.48170000000000013,-0.30232380478115833
-0.4807,-0.29044022986229207
-0.4797000000000001,-0.28308373110299384
-0.4787,-0.2706342716641816
-0.4777000000000001,-0.2648339553347349
-0.4767,-0.25592127414558513
-0.4757000000000001,-0.24630123730650288
-0.4747,-0.24078386323702924
-0.4737000000000001,-0.23088088413797397
-0.4727,-0.22239261633878374
-0.4717000000000001,-0.2167337711393236
-0.4707,-0.2035769560505788
-0.4697000000000001,-0.20046459119087567
-0.4687,-0.19395691921149652
-0.4677000000000001,-0.1856101225422928
-0.4667,-0.1805171618627787
-0.4657000000000001,-0.17118006728366944
-0.4647,-0.1658041643441823
-0.4637000000000001,-0.1626917994844792
-0.4627,-0.155335300725181
-0.4617000000000001,-0.14953498439573437
-0.4607,-0.1424614278964092
-0.4597000000000001,-0.14108915793554008
-0.4587,-0.13257259591035261
-0.4577000000000001,-0.12852652159273859
-0.4567,-0.12336282534823118
-0.4557000000000001,-0.11596388524993705
-0.4547,-0.11539800072999104
-0.4537000000000001,-0.10870641628162941
-0.4527,-0.10673996757481702
-0.4517000000000001,-0.10228362698024217
-0.4507,-0.09557789541888188
-0.4497000000000001,-0.09320118043510862
-0.4487,-0.09013125691440148
-0.4477000000000001,-0.08384993874300072
-0.4467,-0.0812044286122531
-0.4457000000000001,-0.07352254625398597
-0.4447,-0.0731122799770251
-0.4437000000000001,-0.07045262273327882
-0.4427,-0.06585481100871747
-0.4417000000000001,-0.06487866021181057
-0.4407,-0.05691383559357043
-0.4397000000000001,-0.058031457520463806
-0.4387,-0.0538439120728633
-0.4377000000000001,-0.04951489549527628
-0.4367,-0.04868021582835592
-0.4357000000000001,-0.04087100945310092
-0.4347,-0.04491708377071492
-0.4337000000000001,-0.03737667254243427
-0.4327,-0.035565842078607024
-0.4317000000000001,-0.034999957558661005
-0.43069999999999997,-0.029567466167179264
-0.4297000000000001,-0.029001581647233248
-0.42869999999999997,-0.02621460038649913
-0.4277000000000001,-0.022578792345845984
-0.42669999999999997,-0.021461170418952607
-0.4257000000000001,-0.015321323377538347
-0.42469999999999997,-0.018957131418191494
-0.4237000000000001,-0.01505252823056399
-0.42269999999999996,-0.013091738368951049
-0.4217000000000001,-0.012115587572044175
-0.42069999999999996,-0.008625494795277128
-0.4197000000000001,-0.007649343998370253
-0.41869999999999996,-0.0020654784978029537
-0.41770000000000007,-0.000809497805782774
-0.41669999999999996,0.00030713382320069946
-0.41570000000000007,0.002819519620631018
-0.41469999999999996,0.0012841334468874936
-0.41370000000000007,0.005051934051818046
-0.41269999999999996,0.008401970409898454
-0.41170000000000007,0.00672695223085825
-0.41069999999999995,0.011611950349292221
-0.40970000000000006,0.010357101426311934
-0.40869999999999995,0.013985835910465752
-0.40770000000000006,0.01580232521949246
-0.40669999999999995,0.017613155683319705
-0.40570000000000006,0.019565457277133456
-0.40469999999999995,0.019013719870186095
-0.40370000000000006,0.020966021463999843
-0.40269999999999995,0.02124896372397285
-0.40170000000000006,0.021376287740960703
-0.40069999999999995,0.02668145511545459
-0.39970000000000006,0.02389447385472047
-0.39869999999999994,0.02682292624544109
-0.39770000000000005,0.028633756709268345
-0.39669999999999994,0.027247339635400606
-0.39570000000000005,0.030034320896134725
-0.39469999999999994,0.029199641229214358
-0.39370000000000005,0.029341112359200863
-0.39269999999999994,0.031010471693041605
-0.39170000000000005,0.03282130215686885
-0.39069999999999994,0.03381160006677438
-0.38970000000000005,0.03393892408376223
-0.38869999999999993,0.03436333747372174
-0.38770000000000004,0.03478775086368125
-0.38669999999999993,0.03785767438438838
-0.38570000000000004,0.038409411791335744
-0.38469999999999993,0.04231401497896324
-0.38370000000000004,0.038126469531362735
-0.38269999999999993,0.040927597905095515
-0.38170000000000004,0.040503184515136
-0.3806999999999999,0.04538393849967037
-0.37970000000000004,0.04231401497896324
-0.3786999999999999,0.04483220109272301
-0.37770000000000004,0.04650156042656376
-0.3766999999999999,0.04706744494650977
-0.37570000000000003,0.04901974654032352
-0.3746999999999999,0.046232765279589395
-0.37370000000000003,0.04944415993028303
-0.3726999999999999,0.05042031072718991
-0.37170000000000003,0.049571483947270886
-0.3706999999999999,0.05292434972795102
-0.36970000000000003,0.05153793265408329
-0.3686999999999999,0.05460785617479042
-0.3677,0.05292434972795102
-0.3666999999999999,0.05460785617479042
-0.3657,0.05851245936241791
-0.3646999999999999,0.05599427324865815
-0.3637,0.05725336630553804
-0.3626999999999999,0.055442535841710786
-0.3617,0.05627721550863116
-0.36070000000000013,0.06186532514309807
-0.3597,0.05585280211867165
-0.35870000000000013,0.05837098823243141
-0.3577,0.05989887643628565
-0.35670000000000013,0.05670162889859067
-0.3557,0.062134120290072405
-0.3547000000000001,0.05879540162239092
-0.3537,0.062134120290072405
-0.3527000000000001,0.06158238288312505
-0.3517,0.058922725639378774
-0.3507000000000001,0.0638176267369118
-0.3497,0.06129944062315204
-0.3487000000000001,0.062134120290072405
-0.3477,0.061440911753138545
-0.3467000000000001,0.0635346844769388
-0.3457,0.06591139946071205
-0.3447000000000001,0.06465230640383217
-0.3437,0.06576992833072555
-0.3427000000000001,0.06605287059069856
-0.3417,0.06493524866380519
-0.3407000000000001,0.06855690959145967
-0.3397,0.06827396733148668
-0.3387000000000001,0.06632166573767292
-0.3377,0.06855690959145967
-0.3367000000000001,0.06800517218451232
-0.3357,0.0716268331121668
-0.3347000000000001,0.06632166573767292
-0.3337,0.06869838072144617
-0.3327000000000001,0.06688755025761894
-0.3317,0.06646313686765942
-0.3307000000000001,0.0728859261690467
-0.3297,0.06912279411140569
-0.3287000000000001,0.06967453151835307
-0.3277,0.0730273972990332
-0.3267000000000001,0.06814664331449882
-0.3257,0.07357913470598056
-0.3247000000000001,0.06995747377832606
-0.3237,0.0716268331121668
-0.3227000000000001,0.07260298390907369
-0.3217,0.0713438908521938
-0.3207000000000001,0.07219271763211282
-0.3197,0.06925011812839355
-0.3187000000000001,0.07343766357599404
-0.3177,0.07428649035591307
-0.3167000000000001,0.07274445503906019
-0.3157,0.0772149427466337
-0.3147000000000001,0.07205124650212633
-0.3137,0.07553143629979431
-0.3127000000000001,0.07414501922592658
-0.3117,0.07526264115281994
-0.3107000000000001,0.07776668015358107
-0.3097,0.07316886842901969
-0.3087000000000001,0.07553143629979431
-0.3077,0.0769320004866607
-0.3067000000000001,0.07483822776286045
-0.30569999999999997,0.07776668015358107
-0.3047000000000001,0.0769320004866607
-0.30369999999999997,0.0772149427466337
-0.3027000000000001,0.07581437855976732
-0.30169999999999997,0.07833256467352707
-0.3007000000000001,0.07762520902359457
-0.29969999999999997,0.07819109354354058
-0.2987000000000001,0.0773564138766202
-0.29769999999999996,0.07986045287738132
-0.2967000000000001,0.0772149427466337
-0.29569999999999996,0.08154395932422072
-0.2947000000000001,0.07874283095048794
-0.29369999999999996,0.07888430208047445
-0.29270000000000007,0.07804962241355407
-0.29169999999999996,0.07888430208047445
-0.29070000000000007,0.08237863899114109
-0.28969999999999996,0.0786155069335001
-0.28870000000000007,0.08195422560118158
-0.28769999999999996,0.07847403580351359
-0.28670000000000007,0.07819109354354058
-0.28569999999999995,0.08168543045420722
-0.28470000000000006,0.07986045287738132
-0.28369999999999995,0.07833256467352707
-0.28270000000000006,0.08293037639808845
-0.28169999999999995,0.08028486626734083
-0.28070000000000006,0.08363773204802097
-0.27969999999999995,0.07986045287738132
-0.27870000000000006,0.0809780748042747
-0.27769999999999995,0.08307184752807495
-0.27670000000000006,0.0811195459342612
-0.27569999999999995,0.08656618443874159
-0.27470000000000006,0.07971898174739482
-0.27369999999999994,0.08349626091803447
-0.27270000000000005,0.08307184752807495
-0.27169999999999994,0.08293037639808845
-0.27070000000000005,0.08502414912188871
-0.26969999999999994,0.0811195459342612
-0.26870000000000005,0.0826615812511141
-0.26769999999999994,0.08252011012112759
-0.26670000000000005,0.08516562025187521
-0.26569999999999994,0.08865995716254185
-0.26470000000000005,0.08278890526810194
-0.26369999999999993,0.08349626091803447
-0.26270000000000004,0.08321331865806145
-0.26169999999999993,0.08390652719499532
-0.26070000000000004,0.0867076555687281
-0.25969999999999993,0.08237863899114109
-0.25870000000000004,0.08475535397491435
-0.25769999999999993,0.08544856251184822
-0.25670000000000004,0.08447241171494134
-0.2556999999999999,0.08404799832498183
-0.25470000000000004,0.08404799832498183
-0.2536999999999999,0.0862832421787686
-0.25270000000000004,0.08573150477182122
-0.2516999999999999,0.08530709138186171
-0.25070000000000003,0.08782527749562147
-0.24969999999999992,0.08587297590180773
-0.24870000000000003,0.08656618443874159
-0.24769999999999992,0.0868491266987146
-0.24670000000000003,0.08377920317800747
-0.24569999999999992,0.08740086410566196
-0.24470000000000003,0.08335478978804794
-0.24369999999999992,0.08697645071570247
-0.24270000000000003,0.08573150477182122
-0.24169999999999991,0.0868491266987146
-0.24070000000000003,0.08865995716254185
-0.2396999999999999,0.08349626091803447
-0.23870000000000002,0.08823554377258234
-0.2376999999999999,0.08823554377258234
-0.23670000000000002,0.08390652719499532
-0.23570000000000013,0.08963610795944872
-0.23470000000000002,0.08725939297567546
-0.23370000000000013,0.08782527749562147
-0.23270000000000002,0.09089520101632861
-0.23170000000000013,0.08725939297567546
-0.23070000000000002,0.08851848603255535
-0.22970000000000013,0.08656618443874159
-0.22870000000000001,0.08768380636563497
-0.22770000000000012,0.0867076555687281
-0.2267,0.08502414912188871
-0.22570000000000012,0.08977757908943522
-0.2247,0.08711792184568896
-0.22370000000000012,0.08837701490256884
-0.2227,0.08823554377258234
-0.22170000000000012,0.08782527749562147
-0.2207,0.08963610795944872
-0.21970000000000012,0.08656618443874159
-0.2187,0.0903293164963826
-0.21770000000000012,0.09006052134940823
-0.2167,0.08754233523564847
-0.2157000000000001,0.08921169456948921
-0.2147,0.09061225875635559
-0.2137000000000001,0.09270603148015585
-0.2127,0.08921169456948921
-0.2117000000000001,0.08949463682946222
-0.2107,0.09284750261014235
-0.2097000000000001,0.08977757908943522
-0.2087,0.0903293164963826
-0.2077000000000001,0.09172988068324898
-0.2067,0.08725939297567546
-0.2057000000000001,0.09172988068324898
-0.2047,0.09256456035016934
-0.2037000000000001,0.09130546729328948
-0.2027,0.09089520101632861
-0.2017000000000001,0.09047078762636909
-0.2007,0.09396512453703573
-0.1997000000000001,0.09313044487011536
-0.1987,0.09242308922018284
-0.1977000000000001,0.09256456035016934
-0.19669999999999999,0.09089520101632861
-0.1957000000000001,0.0903293164963826
-0.19469999999999998,0.09089520101632861
-0.1937000000000001,0.09256456035016934
-0.19269999999999998,0.092012822943222
-0.1917000000000001,0.09130546729328948
-0.1907000000000001,0.09494127533394262
-0.1897000000000002,0.09313044487011536
-0.1887000000000001,0.0946583330739696
-0.1877000000000002,0.09423391968401008
-0.1867000000000001,0.09172988068324898
-0.1857000000000002,0.0946583330739696
-0.1847000000000001,0.09018784536639608
-0.1837000000000002,0.096058897260836
-0.18270000000000008,0.09354071114707624
-0.1817000000000002,0.09410659566702224
-0.18070000000000008,0.09479980420395612
-0.1797000000000002,0.09284750261014235
-0.17870000000000008,0.09284750261014235
-0.1777000000000002,0.0943753908139966
-0.17670000000000008,0.0943753908139966
-0.1757000000000002,0.096058897260836
-0.17470000000000008,0.0903293164963826
-0.1737000000000002,0.09675210579776986
-0.17270000000000008,0.09410659566702224
-0.17170000000000019,0.09313044487011536
-0.17070000000000007,0.09801119885464975
-0.16970000000000018,0.09354071114707624
-0.16870000000000007,0.09298897374012885
-0.16770000000000018,0.09494127533394262
-0.16670000000000007,0.09284750261014235
-0.16570000000000018,0.096058897260836
-0.16470000000000007,0.09423391968401008
-0.16370000000000018,0.09577595500086299
-0.16270000000000007,0.09563448387087647
-0.16170000000000018,0.09396512453703573
-0.16070000000000007,0.09731799031771587
-0.15970000000000018,0.09423391968401008
-0.15870000000000006,0.09829414111462276
-0.15770000000000017,0.09717651918772936
-0.15670000000000006,0.0946583330739696
-0.15570000000000017,0.09856293626159711
-0.15470000000000006,0.09535154161090346
-0.15370000000000017,0.09731799031771587
-0.15270000000000006,0.09661063466778336
-0.15170000000000017,0.09744531433470371
-0.15070000000000006,0.09884587852157012
-0.14970000000000017,0.09368218227706274
-0.14870000000000005,0.09689357692775637
-0.14770000000000016,0.096058897260836
-0.14670000000000005,0.09508274646392911
-0.14570000000000016,0.09646916353779686
-0.14470000000000005,0.09479980420395612
-0.14370000000000016,0.09786972772466324
-0.14270000000000005,0.09646916353779686
-0.14170000000000016,0.0943753908139966
-0.14070000000000005,0.09912882078154311
-0.13970000000000016,0.09646916353779686
-0.13870000000000005,0.09801119885464975
-0.13770000000000016,0.09941176304151612
-0.13670000000000004,0.09815266998463625
-0.13570000000000015,0.09856293626159711
-0.13470000000000004,0.09675210579776986
-0.13370000000000015,0.09786972772466324
-0.13270000000000004,0.0962003683908225
-0.13170000000000015,0.09898734965155662
-0.13070000000000004,0.0984214651316106
-0.12970000000000015,0.09801119885464975
-0.12870000000000004,0.09982202931847699
-0.12770000000000015,0.09856293626159711
-0.12670000000000003,0.09801119885464975
-0.12570000000000014,0.10065670898539736
-0.12470000000000003,0.09731799031771587
-0.12370000000000014,0.1002464427084365
-0.12270000000000003,0.09884587852157012
-0.12170000000000014,0.09829414111462276
-0.12070000000000003,0.10065670898539736
-0.11970000000000014,0.09786972772466324
-0.11870000000000003,0.09953908705850398
-0.11770000000000014,0.0984214651316106
-0.11670000000000003,0.09982202931847699
-0.11570000000000014,0.10093965124537037
-0.11470000000000002,0.0984214651316106
-0.11370000000000013,0.100387913838423
-0.11270000000000002,0.10093965124537037
-0.11170000000000013,0.10079818011538387
-0.11070000000000024,0.10248168656222324
-0.10970000000000013,0.10051523785541085
-0.10870000000000024,0.10065670898539736
-0.10770000000000013,0.10359930848911664
-0.10670000000000024,0.10079818011538387
-0.10570000000000013,0.10331636622914364
-0.10470000000000024,0.10289195283918412
-0.10370000000000013,0.10177433091229074
-0.10270000000000024,0.10234021543223674
-0.10170000000000012,0.09982202931847699
-0.10070000000000023,0.10191580204227724
-0.09970000000000012,0.1002464427084365
-0.09870000000000023,0.10345783735913014
-0.09770000000000012,0.10219874430225025
-0.09670000000000023,0.10345783735913014
-0.09570000000000012,0.10386810363609099
-0.09470000000000023,0.10205727317226375
-0.09370000000000012,0.10567893409991824
-0.09270000000000023,0.10079818011538387
-0.09170000000000011,0.10205727317226375
-0.09070000000000022,0.10666923200982377
-0.08970000000000011,0.10234021543223674
-0.08870000000000022,0.1042925170260505
-0.08770000000000011,0.10275048170919761
-0.08670000000000022,0.10736244054675763
-0.08570000000000011,0.10359930848911664
-0.08470000000000022,0.1042925170260505
-0.08370000000000011,0.10498572556298437
-0.08270000000000022,0.10219874430225025
-0.0817000000000001,0.10345783735913014
-0.08070000000000022,0.10764538280673064
-0.0797000000000001,0.104433988156037
-0.07870000000000021,0.10652776087983726
-0.0777000000000001,0.10638628974985076
-0.07670000000000021,0.10582040522990475
-0.0757000000000001,0.10624481861986426
-0.07470000000000021,0.10610334748987776
-0.0737000000000001,0.1095976844005444
-0.07270000000000021,0.11057383519745125
-0.0717000000000001,0.1042925170260505
-0.07070000000000021,0.10791417795370499
-0.0697000000000001,0.10679655602681161
-0.0687000000000002,0.1094562132705579
-0.0677000000000001,0.10722096941677112
-0.0667000000000002,0.10541013895294389
-0.06570000000000009,0.10791417795370499
-0.0647000000000002,0.10400957476607749
-0.06370000000000009,0.1097391555305309
-0.0627000000000002,0.10819712021367801
-0.06170000000000009,0.1093147421405714
-0.0607000000000002,0.11029089293747825
-0.059700000000000086,0.1097391555305309
-0.058700000000000196,0.11140851486437164
-0.057700000000000085,0.10777270682371849
-0.056700000000000195,0.10862153360363752
-0.05570000000000008,0.11043236406746475
-0.05470000000000019,0.1091732710105849
-0.05370000000000008,0.11419549612510577
-0.05270000000000019,0.11098410147441214
-0.05170000000000008,0.11112557260439863
-0.05070000000000019,0.11057383519745125
-0.04970000000000008,0.11014942180749175
-0.04870000000000019,0.11461990951506526
-0.047700000000000076,0.11238466566127853
-0.046700000000000186,0.11071530632743777
-0.045700000000000074,0.1137852298481449
-0.044700000000000184,0.10750391167674413
-0.04370000000000007,0.11238466566127853
-0.04270000000000018,0.11183292825433114
-0.04170000000000007,0.11183292825433114
-0.04070000000000018,0.11461990951506526
-0.03970000000000007,0.1136437587181584
-0.03870000000000018,0.11545458918198566
-0.03770000000000007,0.11531311805199915
-0.03670000000000018,0.11392670097813141
-0.035700000000000065,0.11921772123962665
-0.034700000000000175,0.11321934532819887
-0.03370000000000006,0.11614779771891949
-0.03270000000000017,0.11643073997889253
-0.03170000000000006,0.11461990951506526
-0.03070000000000017,0.11768983303577239
-0.02970000000000006,0.1175483619057859
-0.02870000000000017,0.11587900257194515
-0.027700000000000058,0.1181142464257319
-0.026700000000000168,0.11699662449883853
-0.025700000000000056,0.12006654801954567
-0.024700000000000166,0.11950066349959966
-0.023700000000000054,0.12006654801954567
-0.022700000000000164,0.11921772123962665
-0.021700000000000053,0.11685515336885204
-0.020700000000000163,0.12382968007718667
-0.01970000000000005,0.11964213462958616
-0.01870000000000016,0.12006654801954567
-0.01770000000000005,0.11992507688955915
-0.01670000000000016,0.12382968007718667
-0.015700000000000047,0.12061828542649301
-0.014700000000000157,0.11992507688955915
-0.013700000000000045,0.12340526668722714
-0.012700000000000156,0.1213114939634269
-0.011700000000000044,0.12033534316652002
-0.010700000000000154,0.12634786619094643
-0.009700000000000042,0.12606492393097343
-0.008700000000000152,0.1256405105410139
-0.00770000000000004,0.12494730200408004
-0.00670000000000015,0.12578198167100044
-0.005700000000000038,0.12578198167100044
-0.0047000000000001485,0.1221603207433459
-0.0037000000000000366,0.12759281213482765
-0.0027000000000001467,0.12606492393097343
-0.0017000000000000348,0.12648933732093293
-0.000700000000000145,0.12871043406172103
0.00029999999999996696,0.12606492393097343
0.0012999999999998568,0.12759281213482765
0.0022999999999999687,0.1284416389147467
0.0032999999999998586,0.12982805598861444
0.0042999999999999705,0.13275650837933503
0.00529999999999986,0.13039394050856043
0.006299999999999972,0.13025246937857393
0.007299999999999862,0.13011099824858743
0.008299999999999974,0.12941778971165355
0.009299999999999864,0.13165303356544034
0.010299999999999976,0.13122862017548081
0.011299999999999866,0.13374680628924054
0.012299999999999978,0.13374680628924054
