June 29, 2026   03:36:07
Cyclic Voltammetry
File: c:/users/guazh/data/20260623_doe_duplica2/2026-06-24-exp38\exp38-2026-06-29t03_11_07-h2koh\exp38_cv_50mvs_efin_-1900mv.bin
Data Source:  Experiment
Instrument Model:  CHI760E
Header: CV ran at 50 mVs
Note: 

Init E (V) = -1
High E (V) = -1
Low E (V) = -1.9
Final E (V) = -1
Init P/N = N
Scan Rate (V/s) = 0.05
Segment = 7
Sample Interval (V) = 0.001
Quiet Time (sec) = 60
Sensitivity (A/V) = 0.001
Comp R (ohm) = 2.0

Results:

Channel 1:
Segment 1:

Segment 2:

Segment 3:

Segment 4:

Segment 5:

Segment 6:

Segment 7:

Potential/V, Current/A

-1.000, 2.810e-7
-1.001, 3.875e-7
-1.002, 4.586e-7
-1.003, 4.813e-7
-1.004, 5.434e-7
-1.005, 5.651e-7
-1.006, 6.135e-7
-1.007, 6.302e-7
-1.008, 6.588e-7
-1.009, 6.894e-7
-1.010, 7.092e-7
-1.011, 7.131e-7
-1.012, 7.506e-7
-1.013, 7.693e-7
-1.014, 7.822e-7
-1.015, 7.940e-7
-1.016, 8.068e-7
-1.017, 8.147e-7
-1.018, 8.483e-7
-1.019, 8.522e-7
-1.020, 8.700e-7
-1.021, 8.937e-7
-1.022, 9.045e-7
-1.023, 8.946e-7
-1.024, 9.321e-7
-1.025, 9.351e-7
-1.026, 9.519e-7
-1.027, 9.588e-7
-1.028, 9.716e-7
-1.029, 9.667e-7
-1.030, 9.795e-7
-1.031, 1.007e-6
-1.032, 1.018e-6
-1.033, 1.010e-6
-1.034, 1.033e-6
-1.035, 1.037e-6
-1.036, 1.030e-6
-1.037, 1.064e-6
-1.038, 1.058e-6
-1.039, 1.063e-6
-1.040, 1.067e-6
-1.041, 1.074e-6
-1.042, 1.118e-6
-1.043, 1.081e-6
-1.044, 1.097e-6
-1.045, 1.126e-6
-1.046, 1.123e-6
-1.047, 1.121e-6
-1.048, 1.135e-6
-1.049, 1.145e-6
-1.050, 1.162e-6
-1.051, 1.164e-6
-1.052, 1.176e-6
-1.053, 1.167e-6
-1.054, 1.172e-6
-1.055, 1.202e-6
-1.056, 1.200e-6
-1.057, 1.207e-6
-1.058, 1.206e-6
-1.059, 1.224e-6
-1.060, 1.211e-6
-1.061, 1.231e-6
-1.062, 1.230e-6
-1.063, 1.250e-6
-1.064, 1.233e-6
-1.065, 1.265e-6
-1.066, 1.277e-6
-1.067, 1.269e-6
-1.068, 1.254e-6
-1.069, 1.281e-6
-1.070, 1.277e-6
-1.071, 1.299e-6
-1.072, 1.290e-6
-1.073, 1.299e-6
-1.074, 1.291e-6
-1.075, 1.324e-6
-1.076, 1.323e-6
-1.077, 1.341e-6
-1.078, 1.341e-6
-1.079, 1.352e-6
-1.080, 1.364e-6
-1.081, 1.376e-6
-1.082, 1.378e-6
-1.083, 1.360e-6
-1.084, 1.364e-6
-1.085, 1.371e-6
-1.086, 1.393e-6
-1.087, 1.396e-6
-1.088, 1.405e-6
-1.089, 1.421e-6
-1.090, 1.421e-6
-1.091, 1.444e-6
-1.092, 1.421e-6
-1.093, 1.434e-6
-1.094, 1.453e-6
-1.095, 1.445e-6
-1.096, 1.451e-6
-1.097, 1.465e-6
-1.098, 1.453e-6
-1.099, 1.483e-6
-1.100, 1.484e-6
-1.101, 1.494e-6
-1.102, 1.517e-6
-1.103, 1.513e-6
-1.104, 1.506e-6
-1.105, 1.520e-6
-1.106, 1.519e-6
-1.107, 1.528e-6
-1.108, 1.539e-6
-1.109, 1.551e-6
-1.110, 1.544e-6
-1.111, 1.559e-6
-1.112, 1.556e-6
-1.113, 1.571e-6
-1.114, 1.585e-6
-1.115, 1.600e-6
-1.116, 1.599e-6
-1.117, 1.590e-6
-1.118, 1.602e-6
-1.119, 1.627e-6
-1.120, 1.625e-6
-1.121, 1.638e-6
-1.122, 1.630e-6
-1.123, 1.654e-6
-1.124, 1.668e-6
-1.125, 1.662e-6
-1.126, 1.664e-6
-1.127, 1.698e-6
-1.128, 1.694e-6
-1.129, 1.711e-6
-1.130, 1.710e-6
-1.131, 1.733e-6
-1.132, 1.725e-6
-1.133, 1.744e-6
-1.134, 1.745e-6
-1.135, 1.754e-6
-1.136, 1.767e-6
-1.137, 1.773e-6
-1.138, 1.773e-6
-1.139, 1.811e-6
-1.140, 1.799e-6
-1.141, 1.820e-6
-1.142, 1.799e-6
-1.143, 1.826e-6
-1.144, 1.842e-6
-1.145, 1.847e-6
-1.146, 1.854e-6
-1.147, 1.867e-6
-1.148, 1.867e-6
-1.149, 1.892e-6
-1.150, 1.889e-6
-1.151, 1.920e-6
-1.152, 1.917e-6
-1.153, 1.950e-6
-1.154, 1.949e-6
-1.155, 1.957e-6
-1.156, 1.964e-6
-1.157, 1.988e-6
-1.158, 1.984e-6
-1.159, 2.003e-6
-1.160, 2.031e-6
-1.161, 2.026e-6
-1.162, 2.035e-6
-1.163, 2.046e-6
-1.164, 2.060e-6
-1.165, 2.077e-6
-1.166, 2.117e-6
-1.167, 2.119e-6
-1.168, 2.122e-6
-1.169, 2.133e-6
-1.170, 2.150e-6
-1.171, 2.182e-6
-1.172, 2.179e-6
-1.173, 2.208e-6
-1.174, 2.200e-6
-1.175, 2.246e-6
-1.176, 2.260e-6
-1.177, 2.251e-6
-1.178, 2.280e-6
-1.179, 2.303e-6
-1.180, 2.319e-6
-1.181, 2.339e-6
-1.182, 2.347e-6
-1.183, 2.384e-6
-1.184, 2.402e-6
-1.185, 2.415e-6
-1.186, 2.410e-6
-1.187, 2.476e-6
-1.188, 2.471e-6
-1.189, 2.496e-6
-1.190, 2.532e-6
-1.191, 2.561e-6
-1.192, 2.565e-6
-1.193, 2.578e-6
-1.194, 2.596e-6
-1.195, 2.634e-6
-1.196, 2.637e-6
-1.197, 2.684e-6
-1.198, 2.719e-6
-1.199, 2.760e-6
-1.200, 2.777e-6
-1.201, 2.811e-6
-1.202, 2.850e-6
-1.203, 2.861e-6
-1.204, 2.908e-6
-1.205, 2.934e-6
-1.206, 2.960e-6
-1.207, 2.987e-6
-1.208, 3.037e-6
-1.209, 3.068e-6
-1.210, 3.085e-6
-1.211, 3.135e-6
-1.212, 3.178e-6
-1.213, 3.184e-6
-1.214, 3.230e-6
-1.215, 3.255e-6
-1.216, 3.300e-6
-1.217, 3.346e-6
-1.218, 3.393e-6
-1.219, 3.449e-6
-1.220, 3.493e-6
-1.221, 3.523e-6
-1.222, 3.595e-6
-1.223, 3.621e-6
-1.224, 3.689e-6
-1.225, 3.722e-6
-1.226, 3.791e-6
-1.227, 3.847e-6
-1.228, 3.890e-6
-1.229, 3.994e-6
-1.230, 4.046e-6
-1.231, 4.113e-6
-1.232, 4.171e-6
-1.233, 4.239e-6
-1.234, 4.290e-6
-1.235, 4.314e-6
-1.236, 4.403e-6
-1.237, 4.471e-6
-1.238, 4.537e-6
-1.239, 4.618e-6
-1.240, 4.693e-6
-1.241, 4.782e-6
-1.242, 4.825e-6
-1.243, 4.902e-6
-1.244, 4.970e-6
-1.245, 5.043e-6
-1.246, 5.161e-6
-1.247, 5.257e-6
-1.248, 5.286e-6
-1.249, 5.395e-6
-1.250, 5.461e-6
-1.251, 5.573e-6
-1.252, 5.646e-6
-1.253, 5.756e-6
-1.254, 5.861e-6
-1.255, 5.997e-6
-1.256, 6.064e-6
-1.257, 6.199e-6
-1.258, 6.310e-6
-1.259, 6.410e-6
-1.260, 6.531e-6
-1.261, 6.704e-6
-1.262, 6.801e-6
-1.263, 6.831e-6
-1.264, 6.979e-6
-1.265, 7.219e-6
-1.266, 7.351e-6
-1.267, 7.433e-6
-1.268, 7.563e-6
-1.269, 7.701e-6
-1.270, 7.821e-6
-1.271, 7.978e-6
-1.272, 8.076e-6
-1.273, 8.239e-6
-1.274, 8.360e-6
-1.275, 8.373e-6
-1.276, 8.563e-6
-1.277, 8.744e-6
-1.278, 8.882e-6
-1.279, 8.854e-6
-1.280, 9.012e-6
-1.281, 9.180e-6
-1.282, 9.361e-6
-1.283, 9.542e-6
-1.284, 9.724e-6
-1.285, 9.865e-6
-1.286, 1.007e-5
-1.287, 1.020e-5
-1.288, 1.035e-5
-1.289, 1.054e-5
-1.290, 1.068e-5
-1.291, 1.091e-5
-1.292, 1.105e-5
-1.293, 1.125e-5
-1.294, 1.146e-5
-1.295, 1.165e-5
-1.296, 1.183e-5
-1.297, 1.201e-5
-1.298, 1.221e-5
-1.299, 1.243e-5
-1.300, 1.259e-5
-1.301, 1.281e-5
-1.302, 1.299e-5
-1.303, 1.321e-5
-1.304, 1.344e-5
-1.305, 1.362e-5
-1.306, 1.384e-5
-1.307, 1.404e-5
-1.308, 1.428e-5
-1.309, 1.453e-5
-1.310, 1.472e-5
-1.311, 1.497e-5
-1.312, 1.515e-5
-1.313, 1.537e-5
-1.314, 1.558e-5
-1.315, 1.584e-5
-1.316, 1.609e-5
-1.317, 1.635e-5
-1.318, 1.659e-5
-1.319, 1.684e-5
-1.320, 1.703e-5
-1.321, 1.725e-5
-1.322, 1.751e-5
-1.323, 1.773e-5
-1.324, 1.798e-5
-1.325, 1.826e-5
-1.326, 1.847e-5
-1.327, 1.870e-5
-1.328, 1.896e-5
-1.329, 1.924e-5
-1.330, 1.948e-5
-1.331, 1.972e-5
-1.332, 1.997e-5
-1.333, 2.022e-5
-1.334, 2.047e-5
-1.335, 2.074e-5
-1.336, 2.103e-5
-1.337, 2.127e-5
-1.338, 2.153e-5
-1.339, 2.179e-5
-1.340, 2.204e-5
-1.341, 2.230e-5
-1.342, 2.255e-5
-1.343, 2.284e-5
-1.344, 2.312e-5
-1.345, 2.337e-5
-1.346, 2.367e-5
-1.347, 2.393e-5
-1.348, 2.458e-5
-1.349, 2.504e-5
-1.350, 2.490e-5
-1.351, 2.526e-5
-1.352, 2.557e-5
-1.353, 2.589e-5
-1.354, 2.614e-5
-1.355, 2.639e-5
-1.356, 2.674e-5
-1.357, 2.708e-5
-1.358, 2.736e-5
-1.359, 2.765e-5
-1.360, 2.799e-5
-1.361, 2.821e-5
-1.362, 2.852e-5
-1.363, 2.871e-5
-1.364, 2.893e-5
-1.365, 2.916e-5
-1.366, 2.946e-5
-1.367, 2.975e-5
-1.368, 3.010e-5
-1.369, 3.038e-5
-1.370, 3.075e-5
-1.371, 3.112e-5
-1.372, 3.143e-5
-1.373, 3.182e-5
-1.374, 3.208e-5
-1.375, 3.231e-5
-1.376, 3.265e-5
-1.377, 3.301e-5
-1.378, 3.337e-5
-1.379, 3.361e-5
-1.380, 3.430e-5
-1.381, 3.399e-5
-1.382, 3.437e-5
-1.383, 3.478e-5
-1.384, 3.507e-5
-1.385, 3.546e-5
-1.386, 3.581e-5
-1.387, 3.614e-5
-1.388, 3.640e-5
-1.389, 3.671e-5
-1.390, 3.707e-5
-1.391, 3.744e-5
-1.392, 3.763e-5
-1.393, 3.797e-5
-1.394, 3.824e-5
-1.395, 3.855e-5
-1.396, 3.872e-5
-1.397, 3.896e-5
-1.398, 3.914e-5
-1.399, 3.967e-5
-1.400, 4.043e-5
-1.401, 4.054e-5
-1.402, 4.106e-5
-1.403, 4.124e-5
-1.404, 4.148e-5
-1.405, 4.177e-5
-1.406, 4.224e-5
-1.407, 4.259e-5
-1.408, 4.292e-5
-1.409, 4.318e-5
-1.410, 4.341e-5
-1.411, 4.372e-5
-1.412, 4.402e-5
-1.413, 4.441e-5
-1.414, 4.478e-5
-1.415, 4.498e-5
-1.416, 4.562e-5
-1.417, 4.577e-5
-1.418, 4.566e-5
-1.419, 4.603e-5
-1.420, 4.640e-5
-1.421, 4.682e-5
-1.422, 4.723e-5
-1.423, 4.781e-5
-1.424, 4.810e-5
-1.425, 4.830e-5
-1.426, 4.864e-5
-1.427, 4.908e-5
-1.428, 4.938e-5
-1.429, 4.965e-5
-1.430, 5.000e-5
-1.431, 5.023e-5
-1.432, 5.115e-5
-1.433, 5.123e-5
-1.434, 5.097e-5
-1.435, 5.123e-5
-1.436, 5.167e-5
-1.437, 5.207e-5
-1.438, 5.242e-5
-1.439, 5.282e-5
-1.440, 5.327e-5
-1.441, 5.358e-5
-1.442, 5.387e-5
-1.443, 5.425e-5
-1.444, 5.455e-5
-1.445, 5.479e-5
-1.446, 5.598e-5
-1.447, 5.565e-5
-1.448, 5.609e-5
-1.449, 5.617e-5
-1.450, 5.637e-5
-1.451, 5.677e-5
-1.452, 5.708e-5
-1.453, 5.747e-5
-1.454, 5.758e-5
-1.455, 5.872e-5
-1.456, 5.872e-5
-1.457, 5.891e-5
-1.458, 5.996e-5
-1.459, 5.967e-5
-1.460, 6.006e-5
-1.461, 6.040e-5
-1.462, 6.084e-5
-1.463, 6.100e-5
-1.464, 6.139e-5
-1.465, 6.172e-5
-1.466, 6.209e-5
-1.467, 6.243e-5
-1.468, 6.273e-5
-1.469, 6.368e-5
-1.470, 6.357e-5
-1.471, 6.366e-5
-1.472, 6.429e-5
-1.473, 6.471e-5
-1.474, 6.512e-5
-1.475, 6.614e-5
-1.476, 6.649e-5
-1.477, 6.809e-5
-1.478, 6.826e-5
-1.479, 6.896e-5
-1.480, 7.036e-5
-1.481, 6.757e-5
-1.482, 6.766e-5
-1.483, 6.787e-5
-1.484, 6.828e-5
-1.485, 6.869e-5
-1.486, 6.910e-5
-1.487, 6.931e-5
-1.488, 6.961e-5
-1.489, 7.025e-5
-1.490, 7.128e-5
-1.491, 7.246e-5
-1.492, 7.382e-5
-1.493, 7.349e-5
-1.494, 7.520e-5
-1.495, 7.384e-5
-1.496, 7.282e-5
-1.497, 7.364e-5
-1.498, 7.342e-5
-1.499, 7.441e-5
-1.500, 7.414e-5
-1.501, 7.448e-5
-1.502, 7.488e-5
-1.503, 7.591e-5
-1.504, 7.672e-5
-1.505, 7.685e-5
-1.506, 7.722e-5
-1.507, 7.818e-5
-1.508, 7.984e-5
-1.509, 7.993e-5
-1.510, 8.035e-5
-1.511, 8.082e-5
-1.512, 7.918e-5
-1.513, 8.049e-5
-1.514, 8.079e-5
-1.515, 8.080e-5
-1.516, 8.093e-5
-1.517, 8.174e-5
-1.518, 8.188e-5
-1.519, 8.230e-5
-1.520, 8.474e-5
-1.521, 8.456e-5
-1.522, 8.615e-5
-1.523, 8.506e-5
-1.524, 8.484e-5
-1.525, 8.478e-5
-1.526, 8.526e-5
-1.527, 8.570e-5
-1.528, 8.553e-5
-1.529, 8.656e-5
-1.530, 8.695e-5
-1.531, 8.709e-5
-1.532, 8.770e-5
-1.533, 8.756e-5
-1.534, 8.834e-5
-1.535, 8.879e-5
-1.536, 8.895e-5
-1.537, 9.005e-5
-1.538, 9.106e-5
-1.539, 9.276e-5
-1.540, 9.352e-5
-1.541, 9.465e-5
-1.542, 9.429e-5
-1.543, 9.368e-5
-1.544, 9.419e-5
-1.545, 9.453e-5
-1.546, 9.501e-5
-1.547, 9.494e-5
-1.548, 9.503e-5
-1.549, 9.613e-5
-1.550, 9.654e-5
-1.551, 9.706e-5
-1.552, 9.858e-5
-1.553, 1.009e-4
-1.554, 1.011e-4
-1.555, 1.018e-4
-1.556, 1.013e-4
-1.557, 1.008e-4
-1.558, 1.018e-4
-1.559, 1.024e-4
-1.560, 1.024e-4
-1.561, 1.025e-4
-1.562, 1.031e-4
-1.563, 1.052e-4
-1.564, 1.073e-4
-1.565, 1.082e-4
-1.566, 1.090e-4
-1.567, 1.067e-4
-1.568, 1.076e-4
-1.569, 1.078e-4
-1.570, 1.087e-4
-1.571, 1.090e-4
-1.572, 1.109e-4
-1.573, 1.111e-4
-1.574, 1.119e-4
-1.575, 1.127e-4
-1.576, 1.139e-4
-1.577, 1.155e-4
-1.578, 1.172e-4
-1.579, 1.179e-4
-1.580, 1.171e-4
-1.581, 1.173e-4
-1.582, 1.178e-4
-1.583, 1.197e-4
-1.584, 1.197e-4
-1.585, 1.201e-4
-1.586, 1.214e-4
-1.587, 1.228e-4
-1.588, 1.249e-4
-1.589, 1.260e-4
-1.590, 1.272e-4
-1.591, 1.246e-4
-1.592, 1.259e-4
-1.593, 1.271e-4
-1.594, 1.280e-4
-1.595, 1.291e-4
-1.596, 1.307e-4
-1.597, 1.331e-4
-1.598, 1.347e-4
-1.599, 1.336e-4
-1.600, 1.334e-4
-1.601, 1.344e-4
-1.602, 1.358e-4
-1.603, 1.360e-4
-1.604, 1.375e-4
-1.605, 1.390e-4
-1.606, 1.404e-4
-1.607, 1.427e-4
-1.608, 1.444e-4
-1.609, 1.445e-4
-1.610, 1.454e-4
-1.611, 1.476e-4
-1.612, 1.487e-4
-1.613, 1.500e-4
-1.614, 1.511e-4
-1.615, 1.528e-4
-1.616, 1.539e-4
-1.617, 1.559e-4
-1.618, 1.587e-4
-1.619, 1.606e-4
-1.620, 1.632e-4
-1.621, 1.630e-4
-1.622, 1.653e-4
-1.623, 1.662e-4
-1.624, 1.659e-4
-1.625, 1.681e-4
-1.626, 1.713e-4
-1.627, 1.738e-4
-1.628, 1.771e-4
-1.629, 1.806e-4
-1.630, 1.791e-4
-1.631, 1.807e-4
-1.632, 1.826e-4
-1.633, 1.852e-4
-1.634, 1.883e-4
-1.635, 1.907e-4
-1.636, 1.945e-4
-1.637, 1.941e-4
-1.638, 1.968e-4
-1.639, 1.992e-4
-1.640, 2.025e-4
-1.641, 2.058e-4
-1.642, 2.097e-4
-1.643, 2.089e-4
-1.644, 2.121e-4
-1.645, 2.152e-4
-1.646, 2.183e-4
-1.647, 2.214e-4
-1.648, 2.266e-4
-1.649, 2.299e-4
-1.650, 2.311e-4
-1.651, 2.343e-4
-1.652, 2.374e-4
-1.653, 2.406e-4
-1.654, 2.441e-4
-1.655, 2.511e-4
-1.656, 2.523e-4
-1.657, 2.559e-4
-1.658, 2.593e-4
-1.659, 2.638e-4
-1.660, 2.678e-4
-1.661, 2.744e-4
-1.662, 2.784e-4
-1.663, 2.812e-4
-1.664, 2.848e-4
-1.665, 2.918e-4
-1.666, 2.967e-4
-1.667, 3.049e-4
-1.668, 3.071e-4
-1.669, 3.118e-4
-1.670, 3.179e-4
-1.671, 3.235e-4
-1.672, 3.324e-4
-1.673, 3.348e-4
-1.674, 3.417e-4
-1.675, 3.482e-4
-1.676, 3.569e-4
-1.677, 3.643e-4
-1.678, 3.686e-4
-1.679, 3.762e-4
-1.680, 3.848e-4
-1.681, 3.958e-4
-1.682, 3.986e-4
-1.683, 4.074e-4
-1.684, 4.145e-4
-1.685, 4.274e-4
-1.686, 4.308e-4
-1.687, 4.399e-4
-1.688, 4.507e-4
-1.689, 4.622e-4
-1.690, 4.681e-4
-1.691, 4.787e-4
-1.692, 4.910e-4
-1.693, 4.997e-4
-1.694, 5.110e-4
-1.695, 5.248e-4
-1.696, 5.340e-4
-1.697, 5.454e-4
-1.698, 5.601e-4
-1.699, 5.707e-4
-1.700, 5.839e-4
-1.701, 6.003e-4
-1.702, 6.098e-4
-1.703, 6.249e-4
-1.704, 6.388e-4
-1.705, 6.514e-4
-1.706, 6.701e-4
-1.707, 6.829e-4
-1.708, 6.984e-4
-1.709, 7.146e-4
-1.710, 7.326e-4
-1.711, 7.493e-4
-1.712, 7.656e-4
-1.713, 7.846e-4
-1.714, 7.949e-4
-1.715, 8.150e-4
-1.716, 8.340e-4
-1.717, 8.519e-4
-1.718, 8.685e-4
-1.719, 8.848e-4
-1.720, 9.064e-4
-1.721, 9.235e-4
-1.722, 9.478e-4
-1.723, 9.656e-4
-1.724, 9.859e-4
-1.725, 1.011e-3
-1.726, 1.032e-3
-1.727, 1.054e-3
-1.728, 1.076e-3
-1.729, 1.102e-3
-1.730, 1.124e-3
-1.731, 1.151e-3
-1.732, 1.176e-3
-1.733, 1.201e-3
-1.734, 1.223e-3
-1.735, 1.251e-3
-1.736, 1.279e-3
-1.737, 1.302e-3
-1.738, 1.329e-3
-1.739, 1.357e-3
-1.740, 1.386e-3
-1.741, 1.416e-3
-1.742, 1.443e-3
-1.743, 1.474e-3
-1.744, 1.506e-3
-1.745, 1.539e-3
-1.746, 1.576e-3
-1.747, 1.611e-3
-1.748, 1.641e-3
-1.749, 1.672e-3
-1.750, 1.703e-3
-1.751, 1.732e-3
-1.752, 1.755e-3
-1.753, 1.789e-3
-1.754, 1.824e-3
-1.755, 1.857e-3
-1.756, 1.891e-3
-1.757, 1.927e-3
-1.758, 1.966e-3
-1.759, 2.004e-3
-1.760, 2.039e-3
-1.761, 2.074e-3
-1.762, 2.118e-3
-1.763, 2.156e-3
-1.764, 2.198e-3
-1.765, 2.238e-3
-1.766, 2.286e-3
-1.767, 2.338e-3
-1.768, 2.379e-3
-1.769, 2.425e-3
-1.770, 2.463e-3
-1.771, 2.512e-3
-1.772, 2.552e-3
-1.773, 2.603e-3
-1.774, 2.646e-3
-1.775, 2.704e-3
-1.776, 2.747e-3
-1.777, 2.794e-3
-1.778, 2.845e-3
-1.779, 2.890e-3
-1.780, 2.945e-3
-1.781, 3.009e-3
-1.782, 3.048e-3
-1.783, 3.100e-3
-1.784, 3.144e-3
-1.785, 3.197e-3
-1.786, 3.255e-3
-1.787, 3.317e-3
-1.788, 3.368e-3
-1.789, 3.429e-3
-1.790, 3.466e-3
-1.791, 3.522e-3
-1.792, 3.575e-3
-1.793, 3.632e-3
-1.794, 3.692e-3
-1.795, 3.746e-3
-1.796, 3.807e-3
-1.797, 3.871e-3
-1.798, 3.927e-3
-1.799, 3.980e-3
-1.800, 4.038e-3
-1.801, 4.120e-3
-1.802, 4.179e-3
-1.803, 4.245e-3
-1.804, 4.300e-3
-1.805, 4.365e-3
-1.806, 4.424e-3
-1.807, 4.480e-3
-1.808, 4.527e-3
-1.809, 4.596e-3
-1.810, 4.660e-3
-1.811, 4.738e-3
-1.812, 4.796e-3
-1.813, 4.863e-3
-1.814, 4.935e-3
-1.815, 5.001e-3
-1.816, 5.038e-3
-1.817, 5.105e-3
-1.818, 5.158e-3
-1.819, 5.228e-3
-1.820, 5.291e-3
-1.821, 5.358e-3
-1.822, 5.437e-3
-1.823, 5.502e-3
-1.824, 5.573e-3
-1.825, 5.630e-3
-1.826, 5.702e-3
-1.827, 5.771e-3
-1.828, 5.834e-3
-1.829, 5.903e-3
-1.830, 5.971e-3
-1.831, 6.028e-3
-1.832, 6.091e-3
-1.833, 6.150e-3
-1.834, 6.211e-3
-1.835, 6.280e-3
-1.836, 6.354e-3
-1.837, 6.425e-3
-1.838, 6.497e-3
-1.839, 6.551e-3
-1.840, 6.612e-3
-1.841, 6.659e-3
-1.842, 6.737e-3
-1.843, 6.812e-3
-1.844, 6.888e-3
-1.845, 6.960e-3
-1.846, 7.031e-3
-1.847, 7.087e-3
-1.848, 7.140e-3
-1.849, 7.203e-3
-1.850, 7.283e-3
-1.851, 7.360e-3
-1.852, 7.414e-3
-1.853, 7.487e-3
-1.854, 7.538e-3
-1.855, 7.615e-3
-1.856, 7.686e-3
-1.857, 7.760e-3
-1.858, 7.827e-3
-1.859, 7.925e-3
-1.860, 8.007e-3
-1.861, 8.050e-3
-1.862, 8.117e-3
-1.863, 8.179e-3
-1.864, 8.237e-3
-1.865, 8.295e-3
-1.866, 8.360e-3
-1.867, 8.425e-3
-1.868, 8.475e-3
-1.869, 8.566e-3
-1.870, 8.622e-3
-1.871, 8.675e-3
-1.872, 8.731e-3
-1.873, 8.802e-3
-1.874, 8.892e-3
-1.875, 8.958e-3
-1.876, 9.059e-3
-1.877, 9.130e-3
-1.878, 9.202e-3
-1.879, 9.261e-3
-1.880, 9.370e-3
-1.881, 9.401e-3
-1.882, 9.457e-3
-1.883, 9.591e-3
-1.884, 9.689e-3
-1.885, 9.739e-3
-1.886, 9.809e-3
-1.887, 9.855e-3
-1.888, 9.889e-3
-1.889, 9.883e-3
-1.890, 9.922e-3
-1.891, 9.995e-3
-1.892, 1.008e-2
-1.893, 1.011e-2
-1.894, 1.011e-2
-1.895, 1.011e-2
-1.896, 1.011e-2
-1.897, 1.011e-2
-1.898, 1.011e-2
-1.899, 1.011e-2
-1.900, 1.011e-2
-1.899, 1.011e-2
-1.898, 1.011e-2
-1.897, 1.011e-2
-1.896, 1.011e-2
-1.895, 1.011e-2
-1.894, 1.011e-2
-1.893, 1.004e-2
-1.892, 9.935e-3
-1.891, 9.912e-3
-1.890, 9.893e-3
-1.889, 9.854e-3
-1.888, 9.697e-3
-1.887, 9.621e-3
-1.886, 9.500e-3
-1.885, 9.463e-3
-1.884, 9.454e-3
-1.883, 9.406e-3
-1.882, 9.350e-3
-1.881, 9.259e-3
-1.880, 9.195e-3
-1.879, 9.103e-3
-1.878, 9.075e-3
-1.877, 8.982e-3
-1.876, 8.920e-3
-1.875, 8.843e-3
-1.874, 8.815e-3
-1.873, 8.753e-3
-1.872, 8.651e-3
-1.871, 8.547e-3
-1.870, 8.476e-3
-1.869, 8.419e-3
-1.868, 8.377e-3
-1.867, 8.358e-3
-1.866, 8.300e-3
-1.865, 8.243e-3
-1.864, 8.191e-3
-1.863, 8.207e-3
-1.862, 8.121e-3
-1.861, 8.051e-3
-1.860, 7.979e-3
-1.859, 7.875e-3
-1.858, 7.792e-3
-1.857, 7.791e-3
-1.856, 7.878e-3
-1.855, 7.899e-3
-1.854, 7.798e-3
-1.853, 7.687e-3
-1.852, 7.612e-3
-1.851, 7.551e-3
-1.850, 7.542e-3
-1.849, 7.582e-3
-1.848, 7.495e-3
-1.847, 7.416e-3
-1.846, 7.345e-3
-1.845, 7.297e-3
-1.844, 7.246e-3
-1.843, 7.179e-3
-1.842, 7.127e-3
-1.841, 7.082e-3
-1.840, 7.072e-3
-1.839, 7.003e-3
-1.838, 6.932e-3
-1.837, 6.886e-3
-1.836, 6.820e-3
-1.835, 6.754e-3
-1.834, 6.700e-3
-1.833, 6.659e-3
-1.832, 6.610e-3
-1.831, 6.553e-3
-1.830, 6.483e-3
-1.829, 6.413e-3
-1.828, 6.350e-3
-1.827, 6.290e-3
-1.826, 6.243e-3
-1.825, 6.192e-3
-1.824, 6.160e-3
-1.823, 6.073e-3
-1.822, 6.026e-3
-1.821, 5.963e-3
-1.820, 5.899e-3
-1.819, 5.822e-3
-1.818, 5.780e-3
-1.817, 5.730e-3
-1.816, 5.662e-3
-1.815, 5.589e-3
-1.814, 5.535e-3
-1.813, 5.490e-3
-1.812, 5.442e-3
-1.811, 5.369e-3
-1.810, 5.289e-3
-1.809, 5.234e-3
-1.808, 5.175e-3
-1.807, 5.133e-3
-1.806, 5.075e-3
-1.805, 5.029e-3
-1.804, 4.976e-3
-1.803, 4.910e-3
-1.802, 4.846e-3
-1.801, 4.788e-3
-1.800, 4.720e-3
-1.799, 4.679e-3
-1.798, 4.634e-3
-1.797, 4.581e-3
-1.796, 4.524e-3
-1.795, 4.473e-3
-1.794, 4.430e-3
-1.793, 4.363e-3
-1.792, 4.320e-3
-1.791, 4.289e-3
-1.790, 4.247e-3
-1.789, 4.203e-3
-1.788, 4.160e-3
-1.787, 4.115e-3
-1.786, 4.063e-3
-1.785, 4.012e-3
-1.784, 3.961e-3
-1.783, 3.908e-3
-1.782, 3.855e-3
-1.781, 3.820e-3
-1.780, 3.791e-3
-1.779, 3.757e-3
-1.778, 3.711e-3
-1.777, 3.655e-3
-1.776, 3.613e-3
-1.775, 3.579e-3
-1.774, 3.531e-3
-1.773, 3.483e-3
-1.772, 3.431e-3
-1.771, 3.390e-3
-1.770, 3.337e-3
-1.769, 3.302e-3
-1.768, 3.261e-3
-1.767, 3.224e-3
-1.766, 3.178e-3
-1.765, 3.134e-3
-1.764, 3.088e-3
-1.763, 3.063e-3
-1.762, 3.023e-3
-1.761, 2.984e-3
-1.760, 2.951e-3
-1.759, 2.905e-3
-1.758, 2.867e-3
-1.757, 2.826e-3
-1.756, 2.790e-3
-1.755, 2.742e-3
-1.754, 2.703e-3
-1.753, 2.660e-3
-1.752, 2.626e-3
-1.751, 2.581e-3
-1.750, 2.544e-3
-1.749, 2.504e-3
-1.748, 2.466e-3
-1.747, 2.426e-3
-1.746, 2.391e-3
-1.745, 2.361e-3
-1.744, 2.321e-3
-1.743, 2.297e-3
-1.742, 2.265e-3
-1.741, 2.237e-3
-1.740, 2.210e-3
-1.739, 2.188e-3
-1.738, 2.155e-3
-1.737, 2.126e-3
-1.736, 2.094e-3
-1.735, 2.060e-3
-1.734, 2.024e-3
-1.733, 1.996e-3
-1.732, 1.971e-3
-1.731, 1.941e-3
-1.730, 1.909e-3
-1.729, 1.880e-3
-1.728, 1.851e-3
-1.727, 1.824e-3
-1.726, 1.797e-3
-1.725, 1.767e-3
-1.724, 1.740e-3
-1.723, 1.718e-3
-1.722, 1.697e-3
-1.721, 1.669e-3
-1.720, 1.645e-3
-1.719, 1.622e-3
-1.718, 1.593e-3
-1.717, 1.569e-3
-1.716, 1.545e-3
-1.715, 1.525e-3
-1.714, 1.497e-3
-1.713, 1.476e-3
-1.712, 1.458e-3
-1.711, 1.435e-3
-1.710, 1.416e-3
-1.709, 1.392e-3
-1.708, 1.370e-3
-1.707, 1.349e-3
-1.706, 1.327e-3
-1.705, 1.304e-3
-1.704, 1.281e-3
-1.703, 1.262e-3
-1.702, 1.238e-3
-1.701, 1.221e-3
-1.700, 1.196e-3
-1.699, 1.177e-3
-1.698, 1.155e-3
-1.697, 1.136e-3
-1.696, 1.117e-3
-1.695, 1.099e-3
-1.694, 1.079e-3
-1.693, 1.064e-3
-1.692, 1.047e-3
-1.691, 1.027e-3
-1.690, 1.009e-3
-1.689, 9.909e-4
-1.688, 9.708e-4
-1.687, 9.581e-4
-1.686, 9.414e-4
-1.685, 9.253e-4
-1.684, 9.115e-4
-1.683, 8.931e-4
-1.682, 8.779e-4
-1.681, 8.603e-4
-1.680, 8.448e-4
-1.679, 8.285e-4
-1.678, 8.139e-4
-1.677, 7.993e-4
-1.676, 7.834e-4
-1.675, 7.687e-4
-1.674, 7.560e-4
-1.673, 7.429e-4
-1.672, 7.318e-4
-1.671, 7.188e-4
-1.670, 7.091e-4
-1.669, 6.940e-4
-1.668, 6.805e-4
-1.667, 6.668e-4
-1.666, 6.540e-4
-1.665, 6.418e-4
-1.664, 6.309e-4
-1.663, 6.209e-4
-1.662, 6.065e-4
-1.661, 5.951e-4
-1.660, 5.846e-4
-1.659, 5.739e-4
-1.658, 5.643e-4
-1.657, 5.540e-4
-1.656, 5.432e-4
-1.655, 5.327e-4
-1.654, 5.235e-4
-1.653, 5.155e-4
-1.652, 5.051e-4
-1.651, 4.962e-4
-1.650, 4.883e-4
-1.649, 4.787e-4
-1.648, 4.717e-4
-1.647, 4.620e-4
-1.646, 4.530e-4
-1.645, 4.445e-4
-1.644, 4.371e-4
-1.643, 4.300e-4
-1.642, 4.221e-4
-1.641, 4.131e-4
-1.640, 4.049e-4
-1.639, 3.978e-4
-1.638, 3.902e-4
-1.637, 3.840e-4
-1.636, 3.778e-4
-1.635, 3.718e-4
-1.634, 3.648e-4
-1.633, 3.581e-4
-1.632, 3.518e-4
-1.631, 3.456e-4
-1.630, 3.393e-4
-1.629, 3.331e-4
-1.628, 3.276e-4
-1.627, 3.223e-4
-1.626, 3.161e-4
-1.625, 3.115e-4
-1.624, 3.064e-4
-1.623, 3.016e-4
-1.622, 2.964e-4
-1.621, 2.910e-4
-1.620, 2.866e-4
-1.619, 2.813e-4
-1.618, 2.765e-4
-1.617, 2.714e-4
-1.616, 2.672e-4
-1.615, 2.629e-4
-1.614, 2.583e-4
-1.613, 2.539e-4
-1.612, 2.500e-4
-1.611, 2.462e-4
-1.610, 2.422e-4
-1.609, 2.386e-4
-1.608, 2.344e-4
-1.607, 2.308e-4
-1.606, 2.276e-4
-1.605, 2.232e-4
-1.604, 2.194e-4
-1.603, 2.164e-4
-1.602, 2.131e-4
-1.601, 2.107e-4
-1.600, 2.074e-4
-1.599, 2.043e-4
-1.598, 2.013e-4
-1.597, 1.978e-4
-1.596, 1.924e-4
-1.595, 1.880e-4
-1.594, 1.859e-4
-1.593, 1.833e-4
-1.592, 1.806e-4
-1.591, 1.779e-4
-1.590, 1.757e-4
-1.589, 1.728e-4
-1.588, 1.703e-4
-1.587, 1.678e-4
-1.586, 1.657e-4
-1.585, 1.631e-4
-1.584, 1.607e-4
-1.583, 1.585e-4
-1.582, 1.563e-4
-1.581, 1.542e-4
-1.580, 1.521e-4
-1.579, 1.499e-4
-1.578, 1.478e-4
-1.577, 1.460e-4
-1.576, 1.439e-4
-1.575, 1.421e-4
-1.574, 1.400e-4
-1.573, 1.382e-4
-1.572, 1.364e-4
-1.571, 1.345e-4
-1.570, 1.329e-4
-1.569, 1.310e-4
-1.568, 1.292e-4
-1.567, 1.274e-4
-1.566, 1.257e-4
-1.565, 1.240e-4
-1.564, 1.222e-4
-1.563, 1.209e-4
-1.562, 1.198e-4
-1.561, 1.181e-4
-1.560, 1.166e-4
-1.559, 1.153e-4
-1.558, 1.139e-4
-1.557, 1.123e-4
-1.556, 1.113e-4
-1.555, 1.102e-4
-1.554, 1.092e-4
-1.553, 1.074e-4
-1.552, 1.061e-4
-1.551, 1.044e-4
-1.550, 1.029e-4
-1.549, 1.017e-4
-1.548, 1.008e-4
-1.547, 9.953e-5
-1.546, 9.826e-5
-1.545, 9.705e-5
-1.544, 9.592e-5
-1.543, 9.477e-5
-1.542, 9.347e-5
-1.541, 9.232e-5
-1.540, 9.129e-5
-1.539, 9.023e-5
-1.538, 8.911e-5
-1.537, 8.813e-5
-1.536, 8.713e-5
-1.535, 8.615e-5
-1.534, 8.506e-5
-1.533, 8.401e-5
-1.532, 8.296e-5
-1.531, 8.195e-5
-1.530, 8.115e-5
-1.529, 8.009e-5
-1.528, 7.915e-5
-1.527, 7.828e-5
-1.526, 7.738e-5
-1.525, 7.660e-5
-1.524, 7.578e-5
-1.523, 7.474e-5
-1.522, 7.390e-5
-1.521, 7.310e-5
-1.520, 7.225e-5
-1.519, 7.121e-5
-1.518, 7.032e-5
-1.517, 6.959e-5
-1.516, 6.869e-5
-1.515, 6.789e-5
-1.514, 6.713e-5
-1.513, 6.634e-5
-1.512, 6.551e-5
-1.511, 6.466e-5
-1.510, 6.380e-5
-1.509, 6.313e-5
-1.508, 6.240e-5
-1.507, 6.170e-5
-1.506, 6.071e-5
-1.505, 5.998e-5
-1.504, 5.936e-5
-1.503, 5.860e-5
-1.502, 5.798e-5
-1.501, 5.724e-5
-1.500, 5.655e-5
-1.499, 5.556e-5
-1.498, 5.480e-5
-1.497, 5.417e-5
-1.496, 5.341e-5
-1.495, 5.273e-5
-1.494, 5.219e-5
-1.493, 5.155e-5
-1.492, 5.090e-5
-1.491, 5.026e-5
-1.490, 4.963e-5
-1.489, 4.904e-5
-1.488, 4.842e-5
-1.487, 4.767e-5
-1.486, 4.706e-5
-1.485, 4.639e-5
-1.484, 4.579e-5
-1.483, 4.520e-5
-1.482, 4.454e-5
-1.481, 4.400e-5
-1.480, 4.340e-5
-1.479, 4.282e-5
-1.478, 4.225e-5
-1.477, 4.174e-5
-1.476, 4.113e-5
-1.475, 4.052e-5
-1.474, 4.000e-5
-1.473, 3.946e-5
-1.472, 3.896e-5
-1.471, 3.845e-5
-1.470, 3.793e-5
-1.469, 3.737e-5
-1.468, 3.677e-5
-1.467, 3.620e-5
-1.466, 3.566e-5
-1.465, 3.520e-5
-1.464, 3.472e-5
-1.463, 3.421e-5
-1.462, 3.367e-5
-1.461, 3.311e-5
-1.460, 3.252e-5
-1.459, 3.210e-5
-1.458, 3.164e-5
-1.457, 3.118e-5
-1.456, 3.064e-5
-1.455, 3.025e-5
-1.454, 2.978e-5
-1.453, 2.933e-5
-1.452, 2.883e-5
-1.451, 2.841e-5
-1.450, 2.803e-5
-1.449, 2.763e-5
-1.448, 2.716e-5
-1.447, 2.671e-5
-1.446, 2.631e-5
-1.445, 2.580e-5
-1.444, 2.540e-5
-1.443, 2.500e-5
-1.442, 2.463e-5
-1.441, 2.409e-5
-1.440, 2.358e-5
-1.439, 2.325e-5
-1.438, 2.288e-5
-1.437, 2.244e-5
-1.436, 2.223e-5
-1.435, 2.182e-5
-1.434, 2.148e-5
-1.433, 2.111e-5
-1.432, 2.076e-5
-1.431, 2.035e-5
-1.430, 1.992e-5
-1.429, 1.956e-5
-1.428, 1.924e-5
-1.427, 1.899e-5
-1.426, 1.867e-5
-1.425, 1.834e-5
-1.424, 1.799e-5
-1.423, 1.764e-5
-1.422, 1.732e-5
-1.421, 1.703e-5
-1.420, 1.672e-5
-1.419, 1.645e-5
-1.418, 1.619e-5
-1.417, 1.589e-5
-1.416, 1.562e-5
-1.415, 1.530e-5
-1.414, 1.504e-5
-1.413, 1.478e-5
-1.412, 1.451e-5
-1.411, 1.421e-5
-1.410, 1.397e-5
-1.409, 1.368e-5
-1.408, 1.343e-5
-1.407, 1.317e-5
-1.406, 1.292e-5
-1.405, 1.267e-5
-1.404, 1.244e-5
-1.403, 1.218e-5
-1.402, 1.197e-5
-1.401, 1.171e-5
-1.400, 1.148e-5
-1.399, 1.123e-5
-1.398, 1.099e-5
-1.397, 1.078e-5
-1.396, 1.060e-5
-1.395, 1.040e-5
-1.394, 1.020e-5
-1.393, 9.981e-6
-1.392, 9.757e-6
-1.391, 9.579e-6
-1.390, 9.303e-6
-1.389, 9.076e-6
-1.388, 8.889e-6
-1.387, 8.803e-6
-1.386, 8.617e-6
-1.385, 8.436e-6
-1.384, 8.262e-6
-1.383, 8.089e-6
-1.382, 7.908e-6
-1.381, 7.734e-6
-1.380, 7.560e-6
-1.379, 7.398e-6
-1.378, 7.259e-6
-1.377, 7.086e-6
-1.376, 6.945e-6
-1.375, 6.793e-6
-1.374, 6.627e-6
-1.373, 6.483e-6
-1.372, 6.370e-6
-1.371, 6.214e-6
-1.370, 6.051e-6
-1.369, 5.880e-6
-1.368, 5.777e-6
-1.367, 5.671e-6
-1.366, 5.533e-6
-1.365, 5.433e-6
-1.364, 5.285e-6
-1.363, 5.138e-6
-1.362, 5.017e-6
-1.361, 4.940e-6
-1.360, 4.813e-6
-1.359, 4.660e-6
-1.358, 4.582e-6
-1.357, 4.468e-6
-1.356, 4.368e-6
-1.355, 4.225e-6
-1.354, 4.126e-6
-1.353, 4.030e-6
-1.352, 3.929e-6
-1.351, 3.841e-6
-1.350, 3.731e-6
-1.349, 3.642e-6
-1.348, 3.539e-6
-1.347, 3.452e-6
-1.346, 3.349e-6
-1.345, 3.272e-6
-1.344, 3.152e-6
-1.343, 3.116e-6
-1.342, 3.021e-6
-1.341, 2.933e-6
-1.340, 2.839e-6
-1.339, 2.751e-6
-1.338, 2.694e-6
-1.337, 2.608e-6
-1.336, 2.524e-6
-1.335, 2.480e-6
-1.334, 2.403e-6
-1.333, 2.344e-6
-1.332, 2.256e-6
-1.331, 2.181e-6
-1.330, 2.115e-6
-1.329, 2.031e-6
-1.328, 1.976e-6
-1.327, 1.911e-6
-1.326, 1.842e-6
-1.325, 1.800e-6
-1.324, 1.715e-6
-1.323, 1.674e-6
-1.322, 1.605e-6
-1.321, 1.552e-6
-1.320, 1.479e-6
-1.319, 1.435e-6
-1.318, 1.372e-6
-1.317, 1.336e-6
-1.316, 1.288e-6
-1.315, 1.213e-6
-1.314, 1.171e-6
-1.313, 1.128e-6
-1.312, 1.079e-6
-1.311, 1.029e-6
-1.310, 9.874e-7
-1.309, 9.381e-7
-1.308, 8.838e-7
-1.307, 8.453e-7
-1.306, 7.891e-7
-1.305, 7.595e-7
-1.304, 7.250e-7
-1.303, 7.013e-7
-1.302, 6.510e-7
-1.301, 6.006e-7
-1.300, 5.612e-7
-1.299, 5.188e-7
-1.298, 4.951e-7
-1.297, 4.467e-7
-1.296, 4.290e-7
-1.295, 3.717e-7
-1.294, 3.530e-7
-1.293, 3.234e-7
-1.292, 2.613e-7
-1.291, 2.395e-7
-1.290, 2.218e-7
-1.289, 1.774e-7
-1.288, 1.369e-7
-1.287, 1.399e-7
-1.286, 8.465e-8
-1.285, 6.492e-8
-1.284, 5.505e-8
-1.283, -3.157e-9
-1.282, -1.302e-8
-1.281, -4.065e-8
-1.280, -6.729e-8
-1.279, -9.984e-8
-1.278, -1.373e-7
-1.277, -1.492e-7
-1.276, -1.699e-7
-1.275, -1.926e-7
-1.274, -2.222e-7
-1.273, -2.547e-7
-1.272, -2.419e-7
-1.271, -3.021e-7
-1.270, -3.041e-7
-1.269, -3.258e-7
-1.268, -3.475e-7
-1.267, -3.643e-7
-1.266, -3.968e-7
-1.265, -4.254e-7
-1.264, -4.205e-7
-1.263, -4.402e-7
-1.262, -4.629e-7
-1.261, -4.945e-7
-1.260, -4.974e-7
-1.259, -5.172e-7
-1.258, -5.241e-7
-1.257, -5.626e-7
-1.256, -5.537e-7
-1.255, -5.892e-7
-1.254, -6.158e-7
-1.253, -6.336e-7
-1.252, -6.494e-7
-1.251, -6.435e-7
-1.250, -6.661e-7
-1.249, -6.740e-7
-1.248, -6.898e-7
-1.247, -6.987e-7
-1.246, -7.194e-7
-1.245, -7.382e-7
-1.244, -7.490e-7
-1.243, -7.599e-7
-1.242, -7.737e-7
-1.241, -7.984e-7
-1.240, -8.053e-7
-1.239, -8.033e-7
-1.238, -8.358e-7
-1.237, -8.289e-7
-1.236, -8.477e-7
-1.235, -8.536e-7
-1.234, -8.743e-7
-1.233, -8.743e-7
-1.232, -8.960e-7
-1.231, -9.197e-7
-1.230, -9.059e-7
-1.229, -9.454e-7
-1.228, -9.454e-7
-1.227, -9.532e-7
-1.226, -9.779e-7
-1.225, -9.542e-7
-1.224, -9.710e-7
-1.223, -9.828e-7
-1.222, -1.019e-6
-1.221, -1.023e-6
-1.220, -1.036e-6
-1.219, -1.039e-6
-1.218, -1.047e-6
-1.217, -1.064e-6
-1.216, -1.075e-6
-1.215, -1.081e-6
-1.214, -1.087e-6
-1.213, -1.084e-6
-1.212, -1.100e-6
-1.211, -1.109e-6
-1.210, -1.115e-6
-1.209, -1.117e-6
-1.208, -1.133e-6
-1.207, -1.134e-6
-1.206, -1.138e-6
-1.205, -1.133e-6
-1.204, -1.159e-6
-1.203, -1.175e-6
-1.202, -1.173e-6
-1.201, -1.173e-6
-1.200, -1.185e-6
-1.199, -1.188e-6
-1.198, -1.199e-6
-1.197, -1.205e-6
-1.196, -1.215e-6
-1.195, -1.234e-6
-1.194, -1.238e-6
-1.193, -1.245e-6
-1.192, -1.236e-6
-1.191, -1.256e-6
-1.190, -1.257e-6
-1.189, -1.276e-6
-1.188, -1.274e-6
-1.187, -1.275e-6
-1.186, -1.277e-6
-1.185, -1.280e-6
-1.184, -1.322e-6
-1.183, -1.292e-6
-1.182, -1.317e-6
-1.181, -1.328e-6
-1.180, -1.312e-6
-1.179, -1.342e-6
-1.178, -1.339e-6
-1.177, -1.353e-6
-1.176, -1.360e-6
-1.175, -1.349e-6
-1.174, -1.381e-6
-1.173, -1.359e-6
-1.172, -1.386e-6
-1.171, -1.376e-6
-1.170, -1.380e-6
-1.169, -1.406e-6
-1.168, -1.395e-6
-1.167, -1.401e-6
-1.166, -1.415e-6
-1.165, -1.420e-6
-1.164, -1.418e-6
-1.163, -1.450e-6
-1.162, -1.445e-6
-1.161, -1.455e-6
-1.160, -1.451e-6
-1.159, -1.449e-6
-1.158, -1.474e-6
-1.157, -1.464e-6
-1.156, -1.474e-6
-1.155, -1.494e-6
-1.154, -1.508e-6
-1.153, -1.497e-6
-1.152, -1.509e-6
-1.151, -1.526e-6
-1.150, -1.514e-6
-1.149, -1.532e-6
-1.148, -1.543e-6
-1.147, -1.540e-6
-1.146, -1.571e-6
-1.145, -1.571e-6
-1.144, -1.576e-6
-1.143, -1.576e-6
-1.142, -1.584e-6
-1.141, -1.574e-6
-1.140, -1.597e-6
-1.139, -1.620e-6
-1.138, -1.603e-6
-1.137, -1.629e-6
-1.136, -1.608e-6
-1.135, -1.648e-6
-1.134, -1.629e-6
-1.133, -1.650e-6
-1.132, -1.659e-6
-1.131, -1.659e-6
-1.130, -1.663e-6
-1.129, -1.668e-6
-1.128, -1.687e-6
-1.127, -1.700e-6
-1.126, -1.720e-6
-1.125, -1.711e-6
-1.124, -1.738e-6
-1.123, -1.737e-6
-1.122, -1.722e-6
-1.121, -1.753e-6
-1.120, -1.768e-6
-1.119, -1.773e-6
-1.118, -1.774e-6
-1.117, -1.789e-6
-1.116, -1.772e-6
-1.115, -1.803e-6
-1.114, -1.812e-6
-1.113, -1.819e-6
-1.112, -1.830e-6
-1.111, -1.831e-6
-1.110, -1.848e-6
-1.109, -1.859e-6
-1.108, -1.842e-6
-1.107, -1.878e-6
-1.106, -1.891e-6
-1.105, -1.906e-6
-1.104, -1.907e-6
-1.103, -1.920e-6
-1.102, -1.928e-6
-1.101, -1.942e-6
-1.100, -1.959e-6
-1.099, -1.959e-6
-1.098, -1.959e-6
-1.097, -2.004e-6
-1.096, -1.981e-6
-1.095, -1.986e-6
-1.094, -2.020e-6
-1.093, -2.028e-6
-1.092, -2.044e-6
-1.091, -2.036e-6
-1.090, -2.053e-6
-1.089, -2.082e-6
-1.088, -2.083e-6
-1.087, -2.113e-6
-1.086, -2.110e-6
-1.085, -2.128e-6
-1.084, -2.135e-6
-1.083, -2.142e-6
-1.082, -2.171e-6
-1.081, -2.183e-6
-1.080, -2.190e-6
-1.079, -2.204e-6
-1.078, -2.218e-6
-1.077, -2.232e-6
-1.076, -2.233e-6
-1.075, -2.277e-6
-1.074, -2.267e-6
-1.073, -2.293e-6
-1.072, -2.288e-6
-1.071, -2.294e-6
-1.070, -2.340e-6
-1.069, -2.347e-6
-1.068, -2.365e-6
-1.067, -2.363e-6
-1.066, -2.383e-6
-1.065, -2.403e-6
-1.064, -2.402e-6
-1.063, -2.430e-6
-1.062, -2.453e-6
-1.061, -2.455e-6
-1.060, -2.490e-6
-1.059, -2.515e-6
-1.058, -2.507e-6
-1.057, -2.536e-6
-1.056, -2.554e-6
-1.055, -2.569e-6
-1.054, -2.580e-6
-1.053, -2.607e-6
-1.052, -2.617e-6
-1.051, -2.629e-6
-1.050, -2.674e-6
-1.049, -2.683e-6
-1.048, -2.703e-6
-1.047, -2.697e-6
-1.046, -2.733e-6
-1.045, -2.734e-6
-1.044, -2.762e-6
-1.043, -2.810e-6
-1.042, -2.801e-6
-1.041, -2.831e-6
-1.040, -2.833e-6
-1.039, -2.857e-6
-1.038, -2.881e-6
-1.037, -2.909e-6
-1.036, -2.922e-6
-1.035, -2.944e-6
-1.034, -2.973e-6
-1.033, -2.978e-6
-1.032, -3.003e-6
-1.031, -3.016e-6
-1.030, -3.047e-6
-1.029, -3.066e-6
-1.028, -3.083e-6
-1.027, -3.123e-6
-1.026, -3.107e-6
-1.025, -3.156e-6
-1.024, -3.185e-6
-1.023, -3.206e-6
-1.022, -3.212e-6
-1.021, -3.233e-6
-1.020, -3.288e-6
-1.019, -3.289e-6
-1.018, -3.311e-6
-1.017, -3.335e-6
-1.016, -3.351e-6
-1.015, -3.364e-6
-1.014, -3.381e-6
-1.013, -3.402e-6
-1.012, -3.428e-6
-1.011, -3.452e-6
-1.010, -3.480e-6
-1.009, -3.504e-6
-1.008, -3.508e-6
-1.007, -3.522e-6
-1.006, -3.544e-6
-1.005, -3.577e-6
-1.004, -3.604e-6
-1.003, -3.600e-6
-1.002, -3.645e-6
-1.001, -3.654e-6
-1.000, -3.249e-6
-1.001, -2.890e-6
-1.002, -2.656e-6
-1.003, -2.443e-6
-1.004, -2.268e-6
-1.005, -2.126e-6
-1.006, -1.950e-6
-1.007, -1.841e-6
-1.008, -1.710e-6
-1.009, -1.599e-6
-1.010, -1.495e-6
-1.011, -1.395e-6
-1.012, -1.302e-6
-1.013, -1.219e-6
-1.014, -1.134e-6
-1.015, -1.066e-6
-1.016, -9.898e-7
-1.017, -9.227e-7
-1.018, -8.684e-7
-1.019, -7.865e-7
-1.020, -7.352e-7
-1.021, -6.711e-7
-1.022, -6.326e-7
-1.023, -5.754e-7
-1.024, -5.182e-7
-1.025, -4.757e-7
-1.026, -4.244e-7
-1.027, -3.909e-7
-1.028, -3.287e-7
-1.029, -3.080e-7
-1.030, -2.676e-7
-1.031, -2.232e-7
-1.032, -1.807e-7
-1.033, -1.729e-7
-1.034, -1.206e-7
-1.035, -1.107e-7
-1.036, -8.011e-8
-1.037, -3.177e-8
-1.038, -1.006e-8
-1.039, 3.236e-8
-1.040, 4.025e-8
-1.041, 6.097e-8
-1.042, 8.169e-8
-1.043, 1.162e-7
-1.044, 1.350e-7
-1.045, 1.616e-7
-1.046, 1.833e-7
-1.047, 1.971e-7
-1.048, 2.247e-7
-1.049, 2.307e-7
-1.050, 2.593e-7
-1.051, 2.800e-7
-1.052, 3.027e-7
-1.053, 3.116e-7
-1.054, 3.214e-7
-1.055, 3.471e-7
-1.056, 3.540e-7
-1.057, 3.698e-7
-1.058, 3.925e-7
-1.059, 4.122e-7
-1.060, 4.201e-7
-1.061, 4.319e-7
-1.062, 4.448e-7
-1.063, 4.546e-7
-1.064, 4.980e-7
-1.065, 4.832e-7
-1.066, 5.197e-7
-1.067, 5.237e-7
-1.068, 5.276e-7
-1.069, 5.454e-7
-1.070, 5.523e-7
-1.071, 5.631e-7
-1.072, 5.671e-7
-1.073, 5.918e-7
-1.074, 6.046e-7
-1.075, 6.026e-7
-1.076, 6.391e-7
-1.077, 6.184e-7
-1.078, 6.352e-7
-1.079, 6.519e-7
-1.080, 6.519e-7
-1.081, 6.786e-7
-1.082, 6.796e-7
-1.083, 6.993e-7
-1.084, 7.151e-7
-1.085, 7.180e-7
-1.086, 7.151e-7
-1.087, 7.250e-7
-1.088, 7.309e-7
-1.089, 7.565e-7
-1.090, 7.634e-7
-1.091, 7.654e-7
-1.092, 7.901e-7
-1.093, 7.989e-7
-1.094, 8.128e-7
-1.095, 7.901e-7
-1.096, 8.068e-7
-1.097, 8.118e-7
-1.098, 8.285e-7
-1.099, 8.433e-7
-1.100, 8.374e-7
-1.101, 8.404e-7
-1.102, 8.542e-7
-1.103, 8.660e-7
-1.104, 8.700e-7
-1.105, 8.769e-7
-1.106, 8.966e-7
-1.107, 8.996e-7
-1.108, 9.065e-7
-1.109, 9.272e-7
-1.110, 9.351e-7
-1.111, 9.410e-7
-1.112, 9.469e-7
-1.113, 9.459e-7
-1.114, 9.716e-7
-1.115, 9.696e-7
-1.116, 9.864e-7
-1.117, 9.765e-7
-1.118, 9.982e-7
-1.119, 9.992e-7
-1.120, 9.963e-7
-1.121, 1.010e-6
-1.122, 1.009e-6
-1.123, 1.020e-6
-1.124, 1.044e-6
-1.125, 1.041e-6
-1.126, 1.053e-6
-1.127, 1.060e-6
-1.128, 1.067e-6
-1.129, 1.074e-6
-1.130, 1.067e-6
-1.131, 1.075e-6
-1.132, 1.100e-6
-1.133, 1.100e-6
-1.134, 1.103e-6
-1.135, 1.111e-6
-1.136, 1.126e-6
-1.137, 1.118e-6
-1.138, 1.146e-6
-1.139, 1.145e-6
-1.140, 1.158e-6
-1.141, 1.159e-6
-1.142, 1.182e-6
-1.143, 1.171e-6
-1.144, 1.173e-6
-1.145, 1.183e-6
-1.146, 1.188e-6
-1.147, 1.193e-6
-1.148, 1.202e-6
-1.149, 1.217e-6
-1.150, 1.219e-6
-1.151, 1.217e-6
-1.152, 1.244e-6
-1.153, 1.245e-6
-1.154, 1.253e-6
-1.155, 1.271e-6
-1.156, 1.256e-6
-1.157, 1.280e-6
-1.158, 1.281e-6
-1.159, 1.295e-6
-1.160, 1.294e-6
-1.161, 1.316e-6
-1.162, 1.316e-6
-1.163, 1.314e-6
-1.164, 1.347e-6
-1.165, 1.336e-6
-1.166, 1.350e-6
-1.167, 1.362e-6
-1.168, 1.355e-6
-1.169, 1.383e-6
-1.170, 1.376e-6
-1.171, 1.379e-6
-1.172, 1.400e-6
-1.173, 1.404e-6
-1.174, 1.401e-6
-1.175, 1.405e-6
-1.176, 1.424e-6
-1.177, 1.416e-6
-1.178, 1.451e-6
-1.179, 1.459e-6
-1.180, 1.458e-6
-1.181, 1.468e-6
-1.182, 1.474e-6
-1.183, 1.493e-6
-1.184, 1.494e-6
-1.185, 1.493e-6
-1.186, 1.531e-6
-1.187, 1.512e-6
-1.188, 1.505e-6
-1.189, 1.549e-6
-1.190, 1.555e-6
-1.191, 1.558e-6
-1.192, 1.574e-6
-1.193, 1.580e-6
-1.194, 1.598e-6
-1.195, 1.605e-6
-1.196, 1.607e-6
-1.197, 1.619e-6
-1.198, 1.634e-6
-1.199, 1.644e-6
-1.200, 1.632e-6
-1.201, 1.668e-6
-1.202, 1.665e-6
-1.203, 1.681e-6
-1.204, 1.713e-6
-1.205, 1.719e-6
-1.206, 1.715e-6
-1.207, 1.751e-6
-1.208, 1.753e-6
-1.209, 1.768e-6
-1.210, 1.790e-6
-1.211, 1.788e-6
-1.212, 1.798e-6
-1.213, 1.817e-6
-1.214, 1.834e-6
-1.215, 1.847e-6
-1.216, 1.861e-6
-1.217, 1.893e-6
-1.218, 1.878e-6
-1.219, 1.903e-6
-1.220, 1.919e-6
-1.221, 1.949e-6
-1.222, 1.951e-6
-1.223, 1.962e-6
-1.224, 2.005e-6
-1.225, 1.990e-6
-1.226, 2.031e-6
-1.227, 2.045e-6
-1.228, 2.060e-6
-1.229, 2.094e-6
-1.230, 2.104e-6
-1.231, 2.136e-6
-1.232, 2.150e-6
-1.233, 2.173e-6
-1.234, 2.187e-6
-1.235, 2.212e-6
-1.236, 2.232e-6
-1.237, 2.247e-6
-1.238, 2.263e-6
-1.239, 2.301e-6
-1.240, 2.317e-6
-1.241, 2.364e-6
-1.242, 2.366e-6
-1.243, 2.408e-6
-1.244, 2.439e-6
-1.245, 2.450e-6
-1.246, 2.503e-6
-1.247, 2.505e-6
-1.248, 2.531e-6
-1.249, 2.560e-6
-1.250, 2.596e-6
-1.251, 2.632e-6
-1.252, 2.663e-6
-1.253, 2.686e-6
-1.254, 2.722e-6
-1.255, 2.743e-6
-1.256, 2.789e-6
-1.257, 2.813e-6
-1.258, 2.853e-6
-1.259, 2.854e-6
-1.260, 2.909e-6
-1.261, 2.980e-6
-1.262, 2.988e-6
-1.263, 3.045e-6
-1.264, 3.082e-6
-1.265, 3.127e-6
-1.266, 3.148e-6
-1.267, 3.186e-6
-1.268, 3.236e-6
-1.269, 3.264e-6
-1.270, 3.344e-6
-1.271, 3.391e-6
-1.272, 3.409e-6
-1.273, 3.460e-6
-1.274, 3.515e-6
-1.275, 3.557e-6
-1.276, 3.600e-6
-1.277, 3.664e-6
-1.278, 3.717e-6
-1.279, 3.741e-6
-1.280, 3.813e-6
-1.281, 3.902e-6
-1.282, 3.940e-6
-1.283, 4.009e-6
-1.284, 4.054e-6
-1.285, 4.116e-6
-1.286, 4.187e-6
-1.287, 4.232e-6
-1.288, 4.325e-6
-1.289, 4.367e-6
-1.290, 4.431e-6
-1.291, 4.516e-6
-1.292, 4.560e-6
-1.293, 4.653e-6
-1.294, 4.707e-6
-1.295, 4.802e-6
-1.296, 4.868e-6
-1.297, 4.911e-6
-1.298, 4.994e-6
-1.299, 5.092e-6
-1.300, 5.170e-6
-1.301, 5.268e-6
-1.302, 5.329e-6
-1.303, 5.432e-6
-1.304, 5.517e-6
-1.305, 5.578e-6
-1.306, 5.699e-6
-1.307, 5.770e-6
-1.308, 5.861e-6
-1.309, 5.957e-6
-1.310, 6.062e-6
-1.311, 6.159e-6
-1.312, 6.246e-6
-1.313, 6.333e-6
-1.314, 6.461e-6
-1.315, 6.566e-6
-1.316, 6.691e-6
-1.317, 6.769e-6
-1.318, 6.879e-6
-1.319, 7.016e-6
-1.320, 7.065e-6
-1.321, 7.243e-6
-1.322, 7.342e-6
-1.323, 7.458e-6
-1.324, 7.582e-6
-1.325, 7.710e-6
-1.326, 7.827e-6
-1.327, 7.934e-6
-1.328, 8.058e-6
-1.329, 8.209e-6
-1.330, 8.345e-6
-1.331, 8.467e-6
-1.332, 8.604e-6
-1.333, 8.701e-6
-1.334, 8.875e-6
-1.335, 9.057e-6
-1.336, 9.202e-6
-1.337, 9.337e-6
-1.338, 9.497e-6
-1.339, 9.652e-6
-1.340, 9.813e-6
-1.341, 9.944e-6
-1.342, 1.009e-5
-1.343, 1.018e-5
-1.344, 1.039e-5
-1.345, 1.050e-5
-1.346, 1.067e-5
-1.347, 1.082e-5
-1.348, 1.107e-5
-1.349, 1.123e-5
-1.350, 1.141e-5
-1.351, 1.159e-5
-1.352, 1.175e-5
-1.353, 1.187e-5
-1.354, 1.211e-5
-1.355, 1.232e-5
-1.356, 1.252e-5
-1.357, 1.271e-5
-1.358, 1.291e-5
-1.359, 1.305e-5
-1.360, 1.322e-5
-1.361, 1.343e-5
-1.362, 1.362e-5
-1.363, 1.384e-5
-1.364, 1.406e-5
-1.365, 1.426e-5
-1.366, 1.447e-5
-1.367, 1.466e-5
-1.368, 1.484e-5
-1.369, 1.507e-5
-1.370, 1.529e-5
-1.371, 1.550e-5
-1.372, 1.570e-5
-1.373, 1.591e-5
-1.374, 1.613e-5
-1.375, 1.636e-5
-1.376, 1.655e-5
-1.377, 1.678e-5
-1.378, 1.698e-5
-1.379, 1.719e-5
-1.380, 1.743e-5
-1.381, 1.764e-5
-1.382, 1.788e-5
-1.383, 1.811e-5
-1.384, 1.836e-5
-1.385, 1.855e-5
-1.386, 1.878e-5
-1.387, 1.898e-5
-1.388, 1.917e-5
-1.389, 1.938e-5
-1.390, 1.963e-5
-1.391, 1.988e-5
-1.392, 2.001e-5
-1.393, 2.014e-5
-1.394, 2.048e-5
-1.395, 2.078e-5
-1.396, 2.126e-5
-1.397, 2.141e-5
-1.398, 2.164e-5
-1.399, 2.189e-5
-1.400, 2.207e-5
-1.401, 2.221e-5
-1.402, 2.244e-5
-1.403, 2.271e-5
-1.404, 2.303e-5
-1.405, 2.333e-5
-1.406, 2.359e-5
-1.407, 2.375e-5
-1.408, 2.399e-5
-1.409, 2.421e-5
-1.410, 2.451e-5
-1.411, 2.474e-5
-1.412, 2.502e-5
-1.413, 2.524e-5
-1.414, 2.548e-5
-1.415, 2.571e-5
-1.416, 2.594e-5
-1.417, 2.617e-5
-1.418, 2.646e-5
-1.419, 2.675e-5
-1.420, 2.698e-5
-1.421, 2.728e-5
-1.422, 2.744e-5
-1.423, 2.757e-5
-1.424, 2.789e-5
-1.425, 2.812e-5
-1.426, 2.844e-5
-1.427, 2.869e-5
-1.428, 2.891e-5
-1.429, 2.918e-5
-1.430, 2.933e-5
-1.431, 2.952e-5
-1.432, 2.996e-5
-1.433, 3.035e-5
-1.434, 3.069e-5
-1.435, 3.103e-5
-1.436, 3.124e-5
-1.437, 3.143e-5
-1.438, 3.171e-5
-1.439, 3.199e-5
-1.440, 3.229e-5
-1.441, 3.256e-5
-1.442, 3.278e-5
-1.443, 3.291e-5
-1.444, 3.299e-5
-1.445, 3.328e-5
-1.446, 3.372e-5
-1.447, 3.395e-5
-1.448, 3.404e-5
-1.449, 3.424e-5
-1.450, 3.456e-5
-1.451, 3.495e-5
-1.452, 3.521e-5
-1.453, 3.551e-5
-1.454, 3.576e-5
-1.455, 3.603e-5
-1.456, 3.631e-5
-1.457, 3.659e-5
-1.458, 3.680e-5
-1.459, 3.713e-5
-1.460, 3.740e-5
-1.461, 3.760e-5
-1.462, 3.780e-5
-1.463, 3.800e-5
-1.464, 3.821e-5
-1.465, 3.859e-5
-1.466, 3.891e-5
-1.467, 3.921e-5
-1.468, 3.950e-5
-1.469, 3.958e-5
-1.470, 3.974e-5
-1.471, 4.004e-5
-1.472, 4.038e-5
-1.473, 4.067e-5
-1.474, 4.093e-5
-1.475, 4.129e-5
-1.476, 4.164e-5
-1.477, 4.170e-5
-1.478, 4.181e-5
-1.479, 4.231e-5
-1.480, 4.272e-5
-1.481, 4.297e-5
-1.482, 4.314e-5
-1.483, 4.338e-5
-1.484, 4.371e-5
-1.485, 4.407e-5
-1.486, 4.422e-5
-1.487, 4.467e-5
-1.488, 4.479e-5
-1.489, 4.493e-5
-1.490, 4.525e-5
-1.491, 4.543e-5
-1.492, 4.648e-5
-1.493, 4.656e-5
-1.494, 4.707e-5
-1.495, 4.753e-5
-1.496, 4.784e-5
-1.497, 4.800e-5
-1.498, 4.837e-5
-1.499, 4.828e-5
-1.500, 4.859e-5
-1.501, 4.874e-5
-1.502, 4.912e-5
-1.503, 4.939e-5
-1.504, 4.970e-5
-1.505, 4.992e-5
-1.506, 5.054e-5
-1.507, 5.106e-5
-1.508, 5.120e-5
-1.509, 5.152e-5
-1.510, 5.183e-5
-1.511, 5.263e-5
-1.512, 5.300e-5
-1.513, 5.322e-5
-1.514, 5.369e-5
-1.515, 5.404e-5
-1.516, 5.328e-5
-1.517, 5.344e-5
-1.518, 5.367e-5
-1.519, 5.407e-5
-1.520, 5.433e-5
-1.521, 5.501e-5
-1.522, 5.553e-5
-1.523, 5.596e-5
-1.524, 5.624e-5
-1.525, 5.670e-5
-1.526, 5.708e-5
-1.527, 5.747e-5
-1.528, 5.793e-5
-1.529, 5.815e-5
-1.530, 5.841e-5
-1.531, 5.875e-5
-1.532, 5.894e-5
-1.533, 5.903e-5
-1.534, 5.932e-5
-1.535, 5.993e-5
-1.536, 6.012e-5
-1.537, 6.058e-5
-1.538, 6.110e-5
-1.539, 6.142e-5
-1.540, 6.173e-5
-1.541, 6.244e-5
-1.542, 6.310e-5
-1.543, 6.359e-5
-1.544, 6.398e-5
-1.545, 6.442e-5
-1.546, 6.483e-5
-1.547, 6.542e-5
-1.548, 6.604e-5
-1.549, 6.656e-5
-1.550, 6.706e-5
-1.551, 6.749e-5
-1.552, 6.792e-5
-1.553, 6.843e-5
-1.554, 6.891e-5
-1.555, 6.938e-5
-1.556, 6.983e-5
-1.557, 7.031e-5
-1.558, 7.078e-5
-1.559, 7.134e-5
-1.560, 7.192e-5
-1.561, 7.237e-5
-1.562, 7.289e-5
-1.563, 7.356e-5
-1.564, 7.396e-5
-1.565, 7.464e-5
-1.566, 7.523e-5
-1.567, 7.577e-5
-1.568, 7.635e-5
-1.569, 7.709e-5
-1.570, 7.774e-5
-1.571, 7.813e-5
-1.572, 7.840e-5
-1.573, 7.953e-5
-1.574, 8.028e-5
-1.575, 8.096e-5
-1.576, 8.155e-5
-1.577, 8.195e-5
-1.578, 8.261e-5
-1.579, 8.329e-5
-1.580, 8.399e-5
-1.581, 8.473e-5
-1.582, 8.540e-5
-1.583, 8.661e-5
-1.584, 8.766e-5
-1.585, 8.899e-5
-1.586, 9.014e-5
-1.587, 9.084e-5
-1.588, 9.186e-5
-1.589, 9.248e-5
-1.590, 9.264e-5
-1.591, 9.329e-5
-1.592, 9.441e-5
-1.593, 9.513e-5
-1.594, 9.632e-5
-1.595, 9.768e-5
-1.596, 9.836e-5
-1.597, 9.930e-5
-1.598, 1.008e-4
-1.599, 1.017e-4
-1.600, 1.027e-4
-1.601, 1.040e-4
-1.602, 1.050e-4
-1.603, 1.059e-4
-1.604, 1.069e-4
-1.605, 1.084e-4
-1.606, 1.094e-4
-1.607, 1.107e-4
-1.608, 1.121e-4
-1.609, 1.135e-4
-1.610, 1.149e-4
-1.611, 1.165e-4
-1.612, 1.176e-4
-1.613, 1.189e-4
-1.614, 1.204e-4
-1.615, 1.219e-4
-1.616, 1.233e-4
-1.617, 1.256e-4
-1.618, 1.273e-4
-1.619, 1.284e-4
-1.620, 1.304e-4
-1.621, 1.314e-4
-1.622, 1.322e-4
-1.623, 1.342e-4
-1.624, 1.373e-4
-1.625, 1.397e-4
-1.626, 1.419e-4
-1.627, 1.440e-4
-1.628, 1.453e-4
-1.629, 1.477e-4
-1.630, 1.503e-4
-1.631, 1.524e-4
-1.632, 1.550e-4
-1.633, 1.576e-4
-1.634, 1.602e-4
-1.635, 1.626e-4
-1.636, 1.654e-4
-1.637, 1.683e-4
-1.638, 1.706e-4
-1.639, 1.727e-4
-1.640, 1.749e-4
-1.641, 1.786e-4
-1.642, 1.814e-4
-1.643, 1.847e-4
-1.644, 1.885e-4
-1.645, 1.913e-4
-1.646, 1.955e-4
-1.647, 1.989e-4
-1.648, 2.020e-4
-1.649, 2.061e-4
-1.650, 2.098e-4
-1.651, 2.137e-4
-1.652, 2.178e-4
-1.653, 2.222e-4
-1.654, 2.259e-4
-1.655, 2.306e-4
-1.656, 2.352e-4
-1.657, 2.400e-4
-1.658, 2.443e-4
-1.659, 2.492e-4
-1.660, 2.540e-4
-1.661, 2.590e-4
-1.662, 2.644e-4
-1.663, 2.687e-4
-1.664, 2.740e-4
-1.665, 2.794e-4
-1.666, 2.855e-4
-1.667, 2.930e-4
-1.668, 2.983e-4
-1.669, 3.044e-4
-1.670, 3.115e-4
-1.671, 3.185e-4
-1.672, 3.229e-4
-1.673, 3.290e-4
-1.674, 3.356e-4
-1.675, 3.444e-4
-1.676, 3.539e-4
-1.677, 3.615e-4
-1.678, 3.687e-4
-1.679, 3.765e-4
-1.680, 3.848e-4
-1.681, 3.919e-4
-1.682, 3.991e-4
-1.683, 4.090e-4
-1.684, 4.191e-4
-1.685, 4.288e-4
-1.686, 4.371e-4
-1.687, 4.463e-4
-1.688, 4.560e-4
-1.689, 4.655e-4
-1.690, 4.755e-4
-1.691, 4.836e-4
-1.692, 4.949e-4
-1.693, 5.053e-4
-1.694, 5.172e-4
-1.695, 5.319e-4
-1.696, 5.420e-4
-1.697, 5.515e-4
-1.698, 5.657e-4
-1.699, 5.805e-4
-1.700, 5.924e-4
-1.701, 6.018e-4
-1.702, 6.178e-4
-1.703, 6.288e-4
-1.704, 6.427e-4
-1.705, 6.601e-4
-1.706, 6.734e-4
-1.707, 6.872e-4
-1.708, 7.003e-4
-1.709, 7.165e-4
-1.710, 7.297e-4
-1.711, 7.469e-4
-1.712, 7.643e-4
-1.713, 7.771e-4
-1.714, 7.941e-4
-1.715, 8.134e-4
-1.716, 8.291e-4
-1.717, 8.464e-4
-1.718, 8.632e-4
-1.719, 8.800e-4
-1.720, 9.000e-4
-1.721, 9.171e-4
-1.722, 9.405e-4
-1.723, 9.594e-4
-1.724, 9.832e-4
-1.725, 1.001e-3
-1.726, 1.022e-3
-1.727, 1.045e-3
-1.728, 1.063e-3
-1.729, 1.087e-3
-1.730, 1.104e-3
-1.731, 1.128e-3
-1.732, 1.152e-3
-1.733, 1.178e-3
-1.734, 1.210e-3
-1.735, 1.236e-3
-1.736, 1.256e-3
-1.737, 1.282e-3
-1.738, 1.306e-3
-1.739, 1.338e-3
-1.740, 1.368e-3
-1.741, 1.396e-3
-1.742, 1.424e-3
-1.743, 1.448e-3
-1.744, 1.473e-3
-1.745, 1.508e-3
-1.746, 1.537e-3
-1.747, 1.567e-3
-1.748, 1.595e-3
-1.749, 1.629e-3
-1.750, 1.663e-3
-1.751, 1.693e-3
-1.752, 1.728e-3
-1.753, 1.764e-3
-1.754, 1.796e-3
-1.755, 1.834e-3
-1.756, 1.875e-3
-1.757, 1.906e-3
-1.758, 1.937e-3
-1.759, 1.976e-3
-1.760, 2.017e-3
-1.761, 2.054e-3
-1.762, 2.089e-3
-1.763, 2.127e-3
-1.764, 2.173e-3
-1.765, 2.216e-3
-1.766, 2.252e-3
-1.767, 2.296e-3
-1.768, 2.331e-3
-1.769, 2.381e-3
-1.770, 2.425e-3
-1.771, 2.469e-3
-1.772, 2.516e-3
-1.773, 2.561e-3
-1.774, 2.604e-3
-1.775, 2.646e-3
-1.776, 2.698e-3
-1.777, 2.743e-3
-1.778, 2.792e-3
-1.779, 2.839e-3
-1.780, 2.891e-3
-1.781, 2.941e-3
-1.782, 2.987e-3
-1.783, 3.032e-3
-1.784, 3.100e-3
-1.785, 3.160e-3
-1.786, 3.215e-3
-1.787, 3.269e-3
-1.788, 3.318e-3
-1.789, 3.376e-3
-1.790, 3.418e-3
-1.791, 3.474e-3
-1.792, 3.535e-3
-1.793, 3.605e-3
-1.794, 3.659e-3
-1.795, 3.706e-3
-1.796, 3.753e-3
-1.797, 3.822e-3
-1.798, 3.899e-3
-1.799, 3.964e-3
-1.800, 4.008e-3
-1.801, 4.052e-3
-1.802, 4.126e-3
-1.803, 4.190e-3
-1.804, 4.257e-3
-1.805, 4.304e-3
-1.806, 4.367e-3
-1.807, 4.419e-3
-1.808, 4.500e-3
-1.809, 4.572e-3
-1.810, 4.628e-3
-1.811, 4.687e-3
-1.812, 4.755e-3
-1.813, 4.799e-3
-1.814, 4.859e-3
-1.815, 4.949e-3
-1.816, 5.026e-3
-1.817, 5.095e-3
-1.818, 5.155e-3
-1.819, 5.206e-3
-1.820, 5.275e-3
-1.821, 5.337e-3
-1.822, 5.427e-3
-1.823, 5.493e-3
-1.824, 5.563e-3
-1.825, 5.629e-3
-1.826, 5.675e-3
-1.827, 5.731e-3
-1.828, 5.807e-3
-1.829, 5.896e-3
-1.830, 5.957e-3
-1.831, 6.010e-3
-1.832, 6.069e-3
-1.833, 6.165e-3
-1.834, 6.222e-3
-1.835, 6.260e-3
-1.836, 6.304e-3
-1.837, 6.372e-3
-1.838, 6.487e-3
-1.839, 6.581e-3
-1.840, 6.647e-3
-1.841, 6.733e-3
-1.842, 6.761e-3
-1.843, 6.795e-3
-1.844, 6.855e-3
-1.845, 6.973e-3
-1.846, 7.065e-3
-1.847, 7.137e-3
-1.848, 7.229e-3
-1.849, 7.278e-3
-1.850, 7.308e-3
-1.851, 7.360e-3
-1.852, 7.473e-3
-1.853, 7.545e-3
-1.854, 7.589e-3
-1.855, 7.646e-3
-1.856, 7.750e-3
-1.857, 7.810e-3
-1.858, 7.879e-3
-1.859, 7.898e-3
-1.860, 7.967e-3
-1.861, 7.994e-3
-1.862, 8.046e-3
-1.863, 8.124e-3
-1.864, 8.246e-3
-1.865, 8.339e-3
-1.866, 8.402e-3
-1.867, 8.467e-3
-1.868, 8.510e-3
-1.869, 8.604e-3
-1.870, 8.683e-3
-1.871, 8.737e-3
-1.872, 8.819e-3
-1.873, 8.928e-3
-1.874, 8.937e-3
-1.875, 8.966e-3
-1.876, 9.064e-3
-1.877, 9.194e-3
-1.878, 9.296e-3
-1.879, 9.362e-3
-1.880, 9.419e-3
-1.881, 9.457e-3
-1.882, 9.476e-3
-1.883, 9.560e-3
-1.884, 9.648e-3
-1.885, 9.677e-3
-1.886, 9.724e-3
-1.887, 9.792e-3
-1.888, 9.851e-3
-1.889, 9.866e-3
-1.890, 9.910e-3
-1.891, 1.004e-2
-1.892, 1.010e-2
-1.893, 1.011e-2
-1.894, 1.011e-2
-1.895, 1.011e-2
-1.896, 1.011e-2
-1.897, 1.011e-2
-1.898, 1.011e-2
-1.899, 1.011e-2
-1.900, 1.011e-2
-1.899, 1.011e-2
-1.898, 1.011e-2
-1.897, 1.011e-2
-1.896, 1.011e-2
-1.895, 1.011e-2
-1.894, 1.011e-2
-1.893, 1.010e-2
-1.892, 1.007e-2
-1.891, 1.001e-2
-1.890, 9.967e-3
-1.889, 9.900e-3
-1.888, 9.829e-3
-1.887, 9.797e-3
-1.886, 9.687e-3
-1.885, 9.638e-3
-1.884, 9.617e-3
-1.883, 9.602e-3
-1.882, 9.503e-3
-1.881, 9.404e-3
-1.880, 9.356e-3
-1.879, 9.342e-3
-1.878, 9.284e-3
-1.877, 9.180e-3
-1.876, 9.113e-3
-1.875, 9.034e-3
-1.874, 9.030e-3
-1.873, 8.987e-3
-1.872, 8.953e-3
-1.871, 8.860e-3
-1.870, 8.795e-3
-1.869, 8.731e-3
-1.868, 8.709e-3
-1.867, 8.667e-3
-1.866, 8.616e-3
-1.865, 8.556e-3
-1.864, 8.489e-3
-1.863, 8.481e-3
-1.862, 8.411e-3
-1.861, 8.298e-3
-1.860, 8.246e-3
-1.859, 8.181e-3
-1.858, 8.199e-3
-1.857, 8.159e-3
-1.856, 8.079e-3
-1.855, 8.002e-3
-1.854, 7.918e-3
-1.853, 7.840e-3
-1.852, 7.743e-3
-1.851, 7.671e-3
-1.850, 7.578e-3
-1.849, 7.504e-3
-1.848, 7.455e-3
-1.847, 7.430e-3
-1.846, 7.366e-3
-1.845, 7.285e-3
-1.844, 7.204e-3
-1.843, 7.151e-3
-1.842, 7.066e-3
-1.841, 6.983e-3
-1.840, 6.906e-3
-1.839, 6.816e-3
-1.838, 6.755e-3
-1.837, 6.707e-3
-1.836, 6.618e-3
-1.835, 6.568e-3
-1.834, 6.493e-3
-1.833, 6.444e-3
-1.832, 6.395e-3
-1.831, 6.348e-3
-1.830, 6.319e-3
-1.829, 6.354e-3
-1.828, 6.278e-3
-1.827, 6.214e-3
-1.826, 6.129e-3
-1.825, 6.087e-3
-1.824, 6.011e-3
-1.823, 5.985e-3
-1.822, 5.941e-3
-1.821, 5.872e-3
-1.820, 5.802e-3
-1.819, 5.731e-3
-1.818, 5.671e-3
-1.817, 5.613e-3
-1.816, 5.577e-3
-1.815, 5.523e-3
-1.814, 5.505e-3
-1.813, 5.482e-3
-1.812, 5.433e-3
-1.811, 5.382e-3
-1.810, 5.318e-3
-1.809, 5.257e-3
-1.808, 5.215e-3
-1.807, 5.184e-3
-1.806, 5.139e-3
-1.805, 5.078e-3
-1.804, 5.011e-3
-1.803, 4.950e-3
-1.802, 4.895e-3
-1.801, 4.830e-3
-1.800, 4.778e-3
-1.799, 4.719e-3
-1.798, 4.686e-3
-1.797, 4.649e-3
-1.796, 4.597e-3
-1.795, 4.553e-3
-1.794, 4.502e-3
-1.793, 4.450e-3
-1.792, 4.395e-3
-1.791, 4.353e-3
-1.790, 4.302e-3
-1.789, 4.253e-3
-1.788, 4.212e-3
-1.787, 4.174e-3
-1.786, 4.119e-3
-1.785, 4.145e-3
-1.784, 4.103e-3
-1.783, 4.069e-3
-1.782, 4.016e-3
-1.781, 3.961e-3
-1.780, 3.909e-3
-1.779, 3.861e-3
-1.778, 3.813e-3
-1.777, 3.777e-3
-1.776, 3.723e-3
-1.775, 3.672e-3
-1.774, 3.631e-3
-1.773, 3.588e-3
-1.772, 3.541e-3
-1.771, 3.499e-3
-1.770, 3.456e-3
-1.769, 3.426e-3
-1.768, 3.381e-3
-1.767, 3.328e-3
-1.766, 3.286e-3
-1.765, 3.231e-3
-1.764, 3.199e-3
-1.763, 3.154e-3
-1.762, 3.112e-3
-1.761, 3.065e-3
-1.760, 3.032e-3
-1.759, 2.988e-3
-1.758, 2.941e-3
-1.757, 2.901e-3
-1.756, 2.864e-3
-1.755, 2.831e-3
-1.754, 2.798e-3
-1.753, 2.749e-3
-1.752, 2.710e-3
-1.751, 2.665e-3
-1.750, 2.633e-3
-1.749, 2.604e-3
-1.748, 2.582e-3
-1.747, 2.545e-3
-1.746, 2.504e-3
-1.745, 2.463e-3
-1.744, 2.420e-3
-1.743, 2.382e-3
-1.742, 2.357e-3
-1.741, 2.332e-3
-1.740, 2.291e-3
-1.739, 2.256e-3
-1.738, 2.227e-3
-1.737, 2.196e-3
-1.736, 2.173e-3
-1.735, 2.141e-3
-1.734, 2.106e-3
-1.733, 2.072e-3
-1.732, 2.034e-3
-1.731, 2.002e-3
-1.730, 1.976e-3
-1.729, 1.945e-3
-1.728, 1.915e-3
-1.727, 1.885e-3
-1.726, 1.853e-3
-1.725, 1.826e-3
-1.724, 1.788e-3
-1.723, 1.757e-3
-1.722, 1.719e-3
-1.721, 1.695e-3
-1.720, 1.666e-3
-1.719, 1.639e-3
-1.718, 1.613e-3
-1.717, 1.591e-3
-1.716, 1.569e-3
-1.715, 1.542e-3
-1.714, 1.517e-3
-1.713, 1.496e-3
-1.712, 1.468e-3
-1.711, 1.440e-3
-1.710, 1.419e-3
-1.709, 1.396e-3
-1.708, 1.372e-3
-1.707, 1.348e-3
-1.706, 1.322e-3
-1.705, 1.304e-3
-1.704, 1.278e-3
-1.703, 1.257e-3
-1.702, 1.234e-3
-1.701, 1.216e-3
-1.700, 1.196e-3
-1.699, 1.177e-3
-1.698, 1.158e-3
-1.697, 1.135e-3
-1.696, 1.114e-3
-1.695, 1.093e-3
-1.694, 1.071e-3
-1.693, 1.050e-3
-1.692, 1.034e-3
-1.691, 1.018e-3
-1.690, 9.986e-4
-1.689, 9.798e-4
-1.688, 9.650e-4
-1.687, 9.498e-4
-1.686, 9.334e-4
-1.685, 9.150e-4
-1.684, 8.976e-4
-1.683, 8.824e-4
-1.682, 8.673e-4
-1.681, 8.516e-4
-1.680, 8.389e-4
-1.679, 8.241e-4
-1.678, 8.087e-4
-1.677, 7.968e-4
-1.676, 7.815e-4
-1.675, 7.663e-4
-1.674, 7.529e-4
-1.673, 7.396e-4
-1.672, 7.246e-4
-1.671, 7.123e-4
-1.670, 7.001e-4
-1.669, 6.878e-4
-1.668, 6.769e-4
-1.667, 6.644e-4
-1.666, 6.516e-4
-1.665, 6.409e-4
-1.664, 6.283e-4
-1.663, 6.166e-4
-1.662, 6.049e-4
-1.661, 5.946e-4
-1.660, 5.841e-4
-1.659, 5.727e-4
-1.658, 5.611e-4
-1.657, 5.504e-4
-1.656, 5.396e-4
-1.655, 5.298e-4
-1.654, 5.208e-4
-1.653, 5.117e-4
-1.652, 5.016e-4
-1.651, 4.927e-4
-1.650, 4.847e-4
-1.649, 4.756e-4
-1.648, 4.662e-4
-1.647, 4.575e-4
-1.646, 4.501e-4
-1.645, 4.427e-4
-1.644, 4.346e-4
-1.643, 4.250e-4
-1.642, 4.185e-4
-1.641, 4.117e-4
-1.640, 4.043e-4
-1.639, 3.967e-4
-1.638, 3.894e-4
-1.637, 3.832e-4
-1.636, 3.772e-4
-1.635, 3.698e-4
-1.634, 3.623e-4
-1.633, 3.556e-4
-1.632, 3.494e-4
-1.631, 3.433e-4
-1.630, 3.372e-4
-1.629, 3.301e-4
-1.628, 3.242e-4
-1.627, 3.188e-4
-1.626, 3.135e-4
-1.625, 3.081e-4
-1.624, 3.020e-4
-1.623, 2.962e-4
-1.622, 2.909e-4
-1.621, 2.861e-4
-1.620, 2.804e-4
-1.619, 2.762e-4
-1.618, 2.714e-4
-1.617, 2.667e-4
-1.616, 2.628e-4
-1.615, 2.578e-4
-1.614, 2.533e-4
-1.613, 2.482e-4
-1.612, 2.444e-4
-1.611, 2.407e-4
-1.610, 2.368e-4
-1.609, 2.328e-4
-1.608, 2.285e-4
-1.607, 2.247e-4
-1.606, 2.219e-4
-1.605, 2.185e-4
-1.604, 2.148e-4
-1.603, 2.108e-4
-1.602, 2.075e-4
-1.601, 2.043e-4
-1.600, 2.004e-4
-1.599, 1.977e-4
-1.598, 1.946e-4
-1.597, 1.918e-4
-1.596, 1.886e-4
-1.595, 1.851e-4
-1.594, 1.827e-4
-1.593, 1.798e-4
-1.592, 1.766e-4
-1.591, 1.741e-4
-1.590, 1.714e-4
-1.589, 1.693e-4
-1.588, 1.667e-4
-1.587, 1.638e-4
-1.586, 1.611e-4
-1.585, 1.587e-4
-1.584, 1.565e-4
-1.583, 1.542e-4
-1.582, 1.519e-4
-1.581, 1.500e-4
-1.580, 1.476e-4
-1.579, 1.453e-4
-1.578, 1.427e-4
-1.577, 1.409e-4
-1.576, 1.393e-4
-1.575, 1.375e-4
-1.574, 1.356e-4
-1.573, 1.332e-4
-1.572, 1.310e-4
-1.571, 1.294e-4
-1.570, 1.276e-4
-1.569, 1.263e-4
-1.568, 1.244e-4
-1.567, 1.227e-4
-1.566, 1.208e-4
-1.565, 1.191e-4
-1.564, 1.175e-4
-1.563, 1.161e-4
-1.562, 1.144e-4
-1.561, 1.128e-4
-1.560, 1.115e-4
-1.559, 1.103e-4
-1.558, 1.091e-4
-1.557, 1.077e-4
-1.556, 1.063e-4
-1.555, 1.048e-4
-1.554, 1.033e-4
-1.553, 1.015e-4
-1.552, 1.006e-4
-1.551, 9.909e-5
-1.550, 9.770e-5
-1.549, 9.686e-5
-1.548, 9.551e-5
-1.547, 9.450e-5
-1.546, 9.306e-5
-1.545, 9.168e-5
-1.544, 9.045e-5
-1.543, 8.941e-5
-1.542, 8.817e-5
-1.541, 8.764e-5
-1.540, 8.652e-5
-1.539, 8.531e-5
-1.538, 8.439e-5
-1.537, 8.320e-5
-1.536, 8.179e-5
-1.535, 8.080e-5
-1.534, 8.001e-5
-1.533, 7.895e-5
-1.532, 7.788e-5
-1.531, 7.688e-5
-1.530, 7.595e-5
-1.529, 7.511e-5
-1.528, 7.389e-5
-1.527, 7.297e-5
-1.526, 7.224e-5
-1.525, 7.147e-5
-1.524, 7.074e-5
-1.523, 6.976e-5
-1.522, 6.904e-5
-1.521, 6.803e-5
-1.520, 6.721e-5
-1.519, 6.644e-5
-1.518, 6.566e-5
-1.517, 6.459e-5
-1.516, 6.354e-5
-1.515, 6.293e-5
-1.514, 6.212e-5
-1.513, 6.118e-5
-1.512, 6.047e-5
-1.511, 5.978e-5
-1.510, 5.905e-5
-1.509, 5.830e-5
-1.508, 5.761e-5
-1.507, 5.709e-5
-1.506, 5.629e-5
-1.505, 5.566e-5
-1.504, 5.499e-5
-1.503, 5.431e-5
-1.502, 5.360e-5
-1.501, 5.272e-5
-1.500, 5.210e-5
-1.499, 5.151e-5
-1.498, 5.082e-5
-1.497, 5.007e-5
-1.496, 4.945e-5
-1.495, 4.975e-5
-1.494, 4.856e-5
-1.493, 4.791e-5
-1.492, 4.735e-5
-1.491, 4.676e-5
-1.490, 4.615e-5
-1.489, 4.559e-5
-1.488, 4.503e-5
-1.487, 4.434e-5
-1.486, 4.372e-5
-1.485, 4.318e-5
-1.484, 4.268e-5
-1.483, 4.204e-5
-1.482, 4.153e-5
-1.481, 4.105e-5
-1.480, 4.050e-5
-1.479, 4.000e-5
-1.478, 3.946e-5
-1.477, 3.905e-5
-1.476, 3.851e-5
-1.475, 3.793e-5
-1.474, 3.743e-5
-1.473, 3.689e-5
-1.472, 3.633e-5
-1.471, 3.578e-5
-1.470, 3.524e-5
-1.469, 3.471e-5
-1.468, 3.406e-5
-1.467, 3.359e-5
-1.466, 3.305e-5
-1.465, 3.263e-5
-1.464, 3.220e-5
-1.463, 3.184e-5
-1.462, 3.129e-5
-1.461, 3.093e-5
-1.460, 3.049e-5
-1.459, 2.992e-5
-1.458, 2.950e-5
-1.457, 2.911e-5
-1.456, 2.868e-5
-1.455, 2.823e-5
-1.454, 2.780e-5
-1.453, 2.737e-5
-1.452, 2.694e-5
-1.451, 2.650e-5
-1.450, 2.607e-5
-1.449, 2.565e-5
-1.448, 2.525e-5
-1.447, 2.484e-5
-1.446, 2.439e-5
-1.445, 2.393e-5
-1.444, 2.356e-5
-1.443, 2.322e-5
-1.442, 2.286e-5
-1.441, 2.252e-5
-1.440, 2.212e-5
-1.439, 2.178e-5
-1.438, 2.147e-5
-1.437, 2.108e-5
-1.436, 2.072e-5
-1.435, 2.039e-5
-1.434, 1.999e-5
-1.433, 1.959e-5
-1.432, 1.924e-5
-1.431, 1.895e-5
-1.430, 1.862e-5
-1.429, 1.832e-5
-1.428, 1.794e-5
-1.427, 1.765e-5
-1.426, 1.732e-5
-1.425, 1.701e-5
-1.424, 1.666e-5
-1.423, 1.642e-5
-1.422, 1.618e-5
-1.421, 1.591e-5
-1.420, 1.564e-5
-1.419, 1.534e-5
-1.418, 1.505e-5
-1.417, 1.476e-5
-1.416, 1.454e-5
-1.415, 1.424e-5
-1.414, 1.400e-5
-1.413, 1.373e-5
-1.412, 1.349e-5
-1.411, 1.326e-5
-1.410, 1.301e-5
-1.409, 1.276e-5
-1.408, 1.252e-5
-1.407, 1.222e-5
-1.406, 1.201e-5
-1.405, 1.174e-5
-1.404, 1.153e-5
-1.403, 1.132e-5
-1.402, 1.109e-5
-1.401, 1.087e-5
-1.400, 1.065e-5
-1.399, 1.043e-5
-1.398, 1.025e-5
-1.397, 1.007e-5
-1.396, 9.806e-6
-1.395, 9.613e-6
-1.394, 9.491e-6
-1.393, 9.279e-6
-1.392, 9.067e-6
-1.391, 8.912e-6
-1.390, 8.729e-6
-1.389, 8.534e-6
-1.388, 8.354e-6
-1.387, 8.177e-6
-1.386, 8.043e-6
-1.385, 7.881e-6
-1.384, 7.722e-6
-1.383, 7.492e-6
-1.382, 7.327e-6
-1.381, 7.155e-6
-1.380, 7.003e-6
-1.379, 6.845e-6
-1.378, 6.686e-6
-1.377, 6.562e-6
-1.376, 6.420e-6
-1.375, 6.290e-6
-1.374, 6.114e-6
-1.373, 5.999e-6
-1.372, 5.869e-6
-1.371, 5.781e-6
-1.370, 5.640e-6
-1.369, 5.475e-6
-1.368, 5.356e-6
-1.367, 5.253e-6
-1.366, 5.125e-6
-1.365, 4.998e-6
-1.364, 4.889e-6
-1.363, 4.764e-6
-1.362, 4.654e-6
-1.361, 4.541e-6
-1.360, 4.428e-6
-1.359, 4.324e-6
-1.358, 4.249e-6
-1.357, 4.172e-6
-1.356, 4.056e-6
-1.355, 3.946e-6
-1.354, 3.865e-6
-1.353, 3.744e-6
-1.352, 3.684e-6
-1.351, 3.572e-6
-1.350, 3.464e-6
-1.349, 3.384e-6
-1.348, 3.296e-6
-1.347, 3.214e-6
-1.346, 3.147e-6
-1.345, 3.030e-6
-1.344, 2.962e-6
-1.343, 2.887e-6
-1.342, 2.789e-6
-1.341, 2.714e-6
-1.340, 2.659e-6
-1.339, 2.564e-6
-1.338, 2.487e-6
-1.337, 2.426e-6
-1.336, 2.355e-6
-1.335, 2.274e-6
-1.334, 2.204e-6
-1.333, 2.137e-6
-1.332, 2.070e-6
-1.331, 2.007e-6
-1.330, 1.943e-6
-1.329, 1.884e-6
-1.328, 1.814e-6
-1.327, 1.759e-6
-1.326, 1.701e-6
-1.325, 1.641e-6
-1.324, 1.598e-6
-1.323, 1.554e-6
-1.322, 1.487e-6
-1.321, 1.427e-6
-1.320, 1.386e-6
-1.319, 1.318e-6
-1.318, 1.249e-6
-1.317, 1.231e-6
-1.316, 1.162e-6
-1.315, 1.091e-6
-1.314, 1.073e-6
-1.313, 1.054e-6
-1.312, 9.992e-7
-1.311, 9.459e-7
-1.310, 9.055e-7
-1.309, 8.453e-7
-1.308, 7.999e-7
-1.307, 7.575e-7
-1.306, 7.180e-7
-1.305, 6.815e-7
-1.304, 6.243e-7
-1.303, 6.085e-7
-1.302, 5.582e-7
-1.301, 5.306e-7
-1.300, 4.892e-7
-1.299, 4.477e-7
-1.298, 4.152e-7
-1.297, 3.856e-7
-1.296, 3.737e-7
-1.295, 3.323e-7
-1.294, 2.948e-7
-1.293, 2.622e-7
-1.292, 1.961e-7
-1.291, 1.981e-7
-1.290, 1.636e-7
-1.289, 1.251e-7
-1.288, 9.550e-8
-1.287, 7.478e-8
-1.286, 4.223e-8
-1.285, 2.545e-8
-1.284, -5.130e-9
-1.283, -3.769e-8
-1.282, -5.643e-8
-1.281, -9.491e-8
-1.280, -1.077e-7
-1.279, -1.472e-7
-1.278, -1.709e-7
-1.277, -1.798e-7
-1.276, -2.242e-7
-1.275, -2.409e-7
-1.274, -2.686e-7
-1.273, -2.942e-7
-1.272, -3.080e-7
-1.271, -3.307e-7
-1.270, -3.465e-7
-1.269, -3.781e-7
-1.268, -3.889e-7
-1.267, -4.126e-7
-1.266, -4.274e-7
-1.265, -4.570e-7
-1.264, -4.738e-7
-1.263, -4.866e-7
-1.262, -5.073e-7
-1.261, -5.261e-7
-1.260, -5.458e-7
-1.259, -5.596e-7
-1.258, -5.734e-7
-1.257, -6.129e-7
-1.256, -6.139e-7
-1.255, -6.218e-7
-1.254, -6.583e-7
-1.253, -6.661e-7
-1.252, -6.661e-7
-1.251, -6.879e-7
-1.250, -7.135e-7
-1.249, -7.342e-7
-1.248, -7.392e-7
-1.247, -7.540e-7
-1.246, -7.490e-7
-1.245, -7.727e-7
-1.244, -7.905e-7
-1.243, -7.974e-7
-1.242, -8.072e-7
-1.241, -8.210e-7
-1.240, -8.654e-7
-1.239, -8.408e-7
-1.238, -8.733e-7
-1.237, -8.901e-7
-1.236, -8.763e-7
-1.235, -8.901e-7
-1.234, -9.207e-7
-1.233, -9.276e-7
-1.232, -9.237e-7
-1.231, -9.325e-7
-1.230, -9.483e-7
-1.229, -9.720e-7
-1.228, -1.001e-6
-1.227, -9.986e-7
-1.226, -1.007e-6
-1.225, -1.001e-6
-1.224, -1.012e-6
-1.223, -1.040e-6
-1.222, -1.048e-6
-1.221, -1.047e-6
-1.220, -1.061e-6
-1.219, -1.089e-6
-1.218, -1.072e-6
-1.217, -1.095e-6
-1.216, -1.112e-6
-1.215, -1.099e-6
-1.214, -1.120e-6
-1.213, -1.146e-6
-1.212, -1.131e-6
-1.211, -1.142e-6
-1.210, -1.161e-6
-1.209, -1.191e-6
-1.208, -1.166e-6
-1.207, -1.160e-6
-1.206, -1.172e-6
-1.205, -1.185e-6
-1.204, -1.193e-6
-1.203, -1.211e-6
-1.202, -1.215e-6
-1.201, -1.211e-6
-1.200, -1.237e-6
-1.199, -1.255e-6
-1.198, -1.260e-6
-1.197, -1.264e-6
-1.196, -1.257e-6
-1.195, -1.288e-6
-1.194, -1.268e-6
-1.193, -1.282e-6
-1.192, -1.306e-6
-1.191, -1.287e-6
-1.190, -1.323e-6
-1.189, -1.311e-6
-1.188, -1.330e-6
-1.187, -1.326e-6
-1.186, -1.332e-6
-1.185, -1.350e-6
-1.184, -1.344e-6
-1.183, -1.365e-6
-1.182, -1.362e-6
-1.181, -1.366e-6
-1.180, -1.392e-6
-1.179, -1.384e-6
-1.178, -1.410e-6
-1.177, -1.405e-6
-1.176, -1.427e-6
-1.175, -1.418e-6
-1.174, -1.424e-6
-1.173, -1.435e-6
-1.172, -1.436e-6
-1.171, -1.452e-6
-1.170, -1.457e-6
-1.169, -1.464e-6
-1.168, -1.465e-6
-1.167, -1.481e-6
-1.166, -1.476e-6
-1.165, -1.506e-6
-1.164, -1.511e-6
-1.163, -1.506e-6
-1.162, -1.531e-6
-1.161, -1.516e-6
-1.160, -1.538e-6
-1.159, -1.536e-6
-1.158, -1.555e-6
-1.157, -1.551e-6
-1.156, -1.565e-6
-1.155, -1.566e-6
-1.154, -1.570e-6
-1.153, -1.592e-6
-1.152, -1.589e-6
-1.151, -1.597e-6
-1.150, -1.632e-6
-1.149, -1.637e-6
-1.148, -1.621e-6
-1.147, -1.629e-6
-1.146, -1.648e-6
-1.145, -1.646e-6
-1.144, -1.660e-6
-1.143, -1.674e-6
-1.142, -1.678e-6
-1.141, -1.671e-6
-1.140, -1.700e-6
-1.139, -1.708e-6
-1.138, -1.705e-6
-1.137, -1.707e-6
-1.136, -1.732e-6
-1.135, -1.751e-6
-1.134, -1.747e-6
-1.133, -1.752e-6
-1.132, -1.776e-6
-1.131, -1.758e-6
-1.130, -1.782e-6
-1.129, -1.801e-6
-1.128, -1.809e-6
-1.127, -1.802e-6
-1.126, -1.828e-6
-1.125, -1.838e-6
-1.124, -1.834e-6
-1.123, -1.849e-6
-1.122, -1.871e-6
-1.121, -1.877e-6
-1.120, -1.889e-6
-1.119, -1.888e-6
-1.118, -1.892e-6
-1.117, -1.918e-6
-1.116, -1.901e-6
-1.115, -1.934e-6
-1.114, -1.941e-6
-1.113, -1.967e-6
-1.112, -1.956e-6
-1.111, -1.963e-6
-1.110, -1.995e-6
-1.109, -1.985e-6
-1.108, -2.014e-6
-1.107, -2.022e-6
-1.106, -2.029e-6
-1.105, -2.034e-6
-1.104, -2.041e-6
-1.103, -2.049e-6
-1.102, -2.072e-6
-1.101, -2.095e-6
-1.100, -2.100e-6
-1.099, -2.094e-6
-1.098, -2.131e-6
-1.097, -2.147e-6
-1.096, -2.141e-6
-1.095, -2.157e-6
-1.094, -2.174e-6
-1.093, -2.177e-6
-1.092, -2.201e-6
-1.091, -2.218e-6
-1.090, -2.222e-6
-1.089, -2.235e-6
-1.088, -2.252e-6
-1.087, -2.279e-6
-1.086, -2.273e-6
-1.085, -2.293e-6
-1.084, -2.312e-6
-1.083, -2.339e-6
-1.082, -2.348e-6
-1.081, -2.352e-6
-1.080, -2.382e-6
-1.079, -2.400e-6
-1.078, -2.388e-6
-1.077, -2.422e-6
-1.076, -2.429e-6
-1.075, -2.464e-6
-1.074, -2.470e-6
-1.073, -2.495e-6
-1.072, -2.490e-6
-1.071, -2.516e-6
-1.070, -2.538e-6
-1.069, -2.569e-6
-1.068, -2.571e-6
-1.067, -2.595e-6
-1.066, -2.610e-6
-1.065, -2.634e-6
-1.064, -2.641e-6
-1.063, -2.660e-6
-1.062, -2.688e-6
-1.061, -2.717e-6
-1.060, -2.730e-6
-1.059, -2.752e-6
-1.058, -2.752e-6
-1.057, -2.776e-6
-1.056, -2.811e-6
-1.055, -2.810e-6
-1.054, -2.865e-6
-1.053, -2.851e-6
-1.052, -2.890e-6
-1.051, -2.910e-6
-1.050, -2.923e-6
-1.049, -2.950e-6
-1.048, -2.978e-6
-1.047, -2.992e-6
-1.046, -3.002e-6
-1.045, -3.059e-6
-1.044, -3.062e-6
-1.043, -3.103e-6
-1.042, -3.114e-6
-1.041, -3.127e-6
-1.040, -3.169e-6
-1.039, -3.193e-6
-1.038, -3.195e-6
-1.037, -3.225e-6
-1.036, -3.267e-6
-1.035, -3.289e-6
-1.034, -3.310e-6
-1.033, -3.332e-6
-1.032, -3.349e-6
-1.031, -3.404e-6
-1.030, -3.403e-6
-1.029, -3.423e-6
-1.028, -3.464e-6
-1.027, -3.505e-6
-1.026, -3.507e-6
-1.025, -3.529e-6
-1.024, -3.576e-6
-1.023, -3.596e-6
-1.022, -3.623e-6
-1.021, -3.658e-6
-1.020, -3.679e-6
-1.019, -3.680e-6
-1.018, -3.732e-6
-1.017, -3.767e-6
-1.016, -3.774e-6
-1.015, -3.806e-6
-1.014, -3.838e-6
-1.013, -3.857e-6
-1.012, -3.879e-6
-1.011, -3.912e-6
-1.010, -3.947e-6
-1.009, -3.968e-6
-1.008, -3.996e-6
-1.007, -4.026e-6
-1.006, -4.051e-6
-1.005, -4.065e-6
-1.004, -4.098e-6
-1.003, -4.138e-6
-1.002, -4.134e-6
-1.001, -4.174e-6
-1.000, -3.755e-6
-1.001, -3.364e-6
-1.002, -3.061e-6
-1.003, -2.874e-6
-1.004, -2.666e-6
-1.005, -2.471e-6
-1.006, -2.300e-6
-1.007, -2.151e-6
-1.008, -2.019e-6
-1.009, -1.889e-6
-1.010, -1.758e-6
-1.011, -1.639e-6
-1.012, -1.548e-6
-1.013, -1.451e-6
-1.014, -1.352e-6
-1.015, -1.264e-6
-1.016, -1.193e-6
-1.017, -1.116e-6
-1.018, -1.030e-6
-1.019, -9.503e-7
-1.020, -9.019e-7
-1.021, -8.526e-7
-1.022, -7.737e-7
-1.023, -7.184e-7
-1.024, -6.474e-7
-1.025, -5.902e-7
-1.026, -5.606e-7
-1.027, -5.043e-7
-1.028, -4.619e-7
-1.029, -4.106e-7
-1.030, -3.751e-7
-1.031, -3.297e-7
-1.032, -2.883e-7
-1.033, -2.607e-7
-1.034, -2.301e-7
-1.035, -1.886e-7
-1.036, -1.669e-7
-1.037, -1.077e-7
-1.038, -8.603e-8
-1.039, -5.150e-8
-1.040, -2.684e-8
-1.041, -5.130e-9
-1.042, 2.644e-8
-1.043, 4.519e-8
-1.044, 7.182e-8
-1.045, 9.452e-8
-1.046, 1.330e-7
-1.047, 1.360e-7
-1.048, 1.636e-7
-1.049, 1.902e-7
-1.050, 2.001e-7
-1.051, 2.238e-7
-1.052, 2.504e-7
-1.053, 2.721e-7
-1.054, 2.830e-7
-1.055, 2.859e-7
-1.056, 3.274e-7
-1.057, 3.214e-7
-1.058, 3.520e-7
-1.059, 3.757e-7
-1.060, 3.856e-7
-1.061, 3.915e-7
-1.062, 4.132e-7
-1.063, 4.211e-7
-1.064, 4.329e-7
-1.065, 4.566e-7
-1.066, 4.625e-7
-1.067, 4.803e-7
-1.068, 4.990e-7
-1.069, 5.069e-7
-1.070, 5.079e-7
-1.071, 5.178e-7
-1.072, 5.375e-7
-1.073, 5.375e-7
-1.074, 5.789e-7
-1.075, 5.612e-7
-1.076, 5.918e-7
-1.077, 6.145e-7
-1.078, 6.184e-7
-1.079, 6.293e-7
-1.080, 6.145e-7
-1.081, 6.362e-7
-1.082, 6.519e-7
-1.083, 6.559e-7
-1.084, 6.717e-7
-1.085, 6.658e-7
-1.086, 6.835e-7
-1.087, 7.023e-7
-1.088, 7.003e-7
-1.089, 7.230e-7
-1.090, 7.161e-7
-1.091, 7.328e-7
-1.092, 7.348e-7
-1.093, 7.585e-7
-1.094, 7.516e-7
-1.095, 7.605e-7
-1.096, 7.624e-7
-1.097, 7.703e-7
-1.098, 7.940e-7
-1.099, 7.940e-7
-1.100, 8.049e-7
-1.101, 8.157e-7
-1.102, 8.187e-7
-1.103, 8.354e-7
-1.104, 8.414e-7
-1.105, 8.325e-7
-1.106, 8.581e-7
-1.107, 8.720e-7
-1.108, 8.660e-7
-1.109, 8.749e-7
-1.110, 8.897e-7
-1.111, 8.848e-7
-1.112, 8.848e-7
-1.113, 9.183e-7
-1.114, 9.055e-7
-1.115, 9.055e-7
-1.116, 9.272e-7
-1.117, 9.341e-7
-1.118, 9.302e-7
-1.119, 9.538e-7
-1.120, 9.548e-7
-1.121, 9.548e-7
-1.122, 9.627e-7
-1.123, 9.726e-7
-1.124, 9.686e-7
-1.125, 9.825e-7
-1.126, 9.973e-7
-1.127, 1.001e-6
-1.128, 1.018e-6
-1.129, 1.017e-6
-1.130, 1.033e-6
-1.131, 1.029e-6
-1.132, 1.046e-6
-1.133, 1.050e-6
-1.134, 1.058e-6
-1.135, 1.043e-6
-1.136, 1.078e-6
-1.137, 1.067e-6
-1.138, 1.062e-6
-1.139, 1.098e-6
-1.140, 1.092e-6
-1.141, 1.098e-6
-1.142, 1.116e-6
-1.143, 1.104e-6
-1.144, 1.115e-6
-1.145, 1.141e-6
-1.146, 1.129e-6
-1.147, 1.126e-6
-1.148, 1.165e-6
-1.149, 1.167e-6
-1.150, 1.151e-6
-1.151, 1.181e-6
-1.152, 1.181e-6
-1.153, 1.178e-6
-1.154, 1.195e-6
-1.155, 1.199e-6
-1.156, 1.216e-6
-1.157, 1.213e-6
-1.158, 1.238e-6
-1.159, 1.240e-6
-1.160, 1.233e-6
-1.161, 1.259e-6
-1.162, 1.253e-6
-1.163, 1.267e-6
-1.164, 1.290e-6
-1.165, 1.286e-6
-1.166, 1.290e-6
-1.167, 1.336e-6
-1.168, 1.311e-6
-1.169, 1.310e-6
-1.170, 1.323e-6
-1.171, 1.331e-6
-1.172, 1.339e-6
-1.173, 1.338e-6
-1.174, 1.373e-6
-1.175, 1.361e-6
-1.176, 1.375e-6
-1.177, 1.391e-6
-1.178, 1.396e-6
-1.179, 1.407e-6
-1.180, 1.411e-6
-1.181, 1.436e-6
-1.182, 1.431e-6
-1.183, 1.466e-6
-1.184, 1.451e-6
-1.185, 1.460e-6
-1.186, 1.477e-6
-1.187, 1.479e-6
-1.188, 1.492e-6
-1.189, 1.514e-6
-1.190, 1.505e-6
-1.191, 1.531e-6
-1.192, 1.533e-6
-1.193, 1.544e-6
-1.194, 1.555e-6
-1.195, 1.559e-6
-1.196, 1.589e-6
-1.197, 1.568e-6
-1.198, 1.599e-6
-1.199, 1.606e-6
-1.200, 1.608e-6
-1.201, 1.638e-6
-1.202, 1.635e-6
-1.203, 1.646e-6
-1.204, 1.665e-6
-1.205, 1.679e-6
-1.206, 1.696e-6
-1.207, 1.705e-6
-1.208, 1.708e-6
-1.209, 1.723e-6
-1.210, 1.728e-6
-1.211, 1.761e-6
-1.212, 1.767e-6
-1.213, 1.788e-6
-1.214, 1.788e-6
-1.215, 1.794e-6
-1.216, 1.822e-6
-1.217, 1.847e-6
-1.218, 1.850e-6
-1.219, 1.856e-6
-1.220, 1.887e-6
-1.221, 1.903e-6
-1.222, 1.911e-6
-1.223, 1.939e-6
-1.224, 1.950e-6
-1.225, 1.955e-6
-1.226, 2.001e-6
-1.227, 2.002e-6
-1.228, 2.007e-6
-1.229, 2.048e-6
-1.230, 2.054e-6
-1.231, 2.074e-6
-1.232, 2.098e-6
-1.233, 2.120e-6
-1.234, 2.136e-6
-1.235, 2.157e-6
-1.236, 2.166e-6
-1.237, 2.184e-6
-1.238, 2.236e-6
-1.239, 2.233e-6
-1.240, 2.248e-6
-1.241, 2.279e-6
-1.242, 2.311e-6
-1.243, 2.336e-6
-1.244, 2.369e-6
-1.245, 2.379e-6
-1.246, 2.402e-6
-1.247, 2.433e-6
-1.248, 2.471e-6
-1.249, 2.491e-6
-1.250, 2.508e-6
-1.251, 2.531e-6
-1.252, 2.568e-6
-1.253, 2.600e-6
-1.254, 2.621e-6
-1.255, 2.651e-6
-1.256, 2.680e-6
-1.257, 2.710e-6
-1.258, 2.751e-6
-1.259, 2.766e-6
-1.260, 2.819e-6
-1.261, 2.844e-6
-1.262, 2.871e-6
-1.263, 2.929e-6
-1.264, 2.945e-6
-1.265, 2.994e-6
-1.266, 3.021e-6
-1.267, 3.048e-6
-1.268, 3.121e-6
-1.269, 3.146e-6
-1.270, 3.167e-6
-1.271, 3.232e-6
-1.272, 3.261e-6
-1.273, 3.302e-6
-1.274, 3.361e-6
-1.275, 3.398e-6
-1.276, 3.444e-6
-1.277, 3.501e-6
-1.278, 3.533e-6
-1.279, 3.598e-6
-1.280, 3.613e-6
-1.281, 3.685e-6
-1.282, 3.714e-6
-1.283, 3.792e-6
-1.284, 3.828e-6
-1.285, 3.877e-6
-1.286, 3.944e-6
-1.287, 4.002e-6
-1.288, 4.070e-6
-1.289, 4.103e-6
-1.290, 4.164e-6
-1.291, 4.251e-6
-1.292, 4.290e-6
-1.293, 4.361e-6
-1.294, 4.442e-6
-1.295, 4.472e-6
-1.296, 4.570e-6
-1.297, 4.625e-6
-1.298, 4.689e-6
-1.299, 4.772e-6
-1.300, 4.837e-6
-1.301, 4.904e-6
-1.302, 4.965e-6
-1.303, 5.067e-6
-1.304, 5.148e-6
-1.305, 5.208e-6
-1.306, 5.310e-6
-1.307, 5.387e-6
-1.308, 5.474e-6
-1.309, 5.569e-6
-1.310, 5.645e-6
-1.311, 5.745e-6
-1.312, 5.825e-6
-1.313, 5.908e-6
-1.314, 6.008e-6
-1.315, 6.108e-6
-1.316, 6.217e-6
-1.317, 6.317e-6
-1.318, 6.400e-6
-1.319, 6.475e-6
-1.320, 6.590e-6
-1.321, 6.692e-6
-1.322, 6.811e-6
-1.323, 6.924e-6
-1.324, 6.998e-6
-1.325, 7.127e-6
-1.326, 7.256e-6
-1.327, 7.356e-6
-1.328, 7.472e-6
-1.329, 7.593e-6
-1.330, 7.688e-6
-1.331, 7.829e-6
-1.332, 7.967e-6
-1.333, 8.074e-6
-1.334, 8.203e-6
-1.335, 8.349e-6
-1.336, 8.474e-6
-1.337, 8.595e-6
-1.338, 8.737e-6
-1.339, 8.869e-6
-1.340, 9.021e-6
-1.341, 9.173e-6
-1.342, 9.293e-6
-1.343, 9.457e-6
-1.344, 9.604e-6
-1.345, 9.714e-6
-1.346, 9.858e-6
-1.347, 9.996e-6
-1.348, 1.014e-5
-1.349, 1.030e-5
-1.350, 1.048e-5
-1.351, 1.061e-5
-1.352, 1.078e-5
-1.353, 1.093e-5
-1.354, 1.110e-5
-1.355, 1.126e-5
-1.356, 1.145e-5
-1.357, 1.166e-5
-1.358, 1.180e-5
-1.359, 1.201e-5
-1.360, 1.217e-5
-1.361, 1.237e-5
-1.362, 1.256e-5
-1.363, 1.270e-5
-1.364, 1.292e-5
-1.365, 1.307e-5
-1.366, 1.325e-5
-1.367, 1.349e-5
-1.368, 1.369e-5
-1.369, 1.392e-5
-1.370, 1.413e-5
-1.371, 1.435e-5
-1.372, 1.458e-5
-1.373, 1.475e-5
-1.374, 1.494e-5
-1.375, 1.515e-5
-1.376, 1.536e-5
-1.377, 1.558e-5
-1.378, 1.574e-5
-1.379, 1.591e-5
-1.380, 1.618e-5
-1.381, 1.634e-5
-1.382, 1.656e-5
-1.383, 1.676e-5
-1.384, 1.695e-5
-1.385, 1.718e-5
-1.386, 1.740e-5
-1.387, 1.761e-5
-1.388, 1.782e-5
-1.389, 1.805e-5
-1.390, 1.825e-5
-1.391, 1.853e-5
-1.392, 1.871e-5
-1.393, 1.894e-5
-1.394, 1.918e-5
-1.395, 1.945e-5
-1.396, 1.970e-5
-1.397, 1.994e-5
-1.398, 2.017e-5
-1.399, 2.038e-5
-1.400, 2.062e-5
-1.401, 2.081e-5
-1.402, 2.113e-5
-1.403, 2.138e-5
-1.404, 2.164e-5
-1.405, 2.187e-5
-1.406, 2.212e-5
-1.407, 2.230e-5
-1.408, 2.228e-5
-1.409, 2.252e-5
-1.410, 2.277e-5
-1.411, 2.301e-5
-1.412, 2.323e-5
-1.413, 2.350e-5
-1.414, 2.375e-5
-1.415, 2.400e-5
-1.416, 2.423e-5
-1.417, 2.448e-5
-1.418, 2.471e-5
-1.419, 2.493e-5
-1.420, 2.525e-5
-1.421, 2.547e-5
-1.422, 2.573e-5
-1.423, 2.600e-5
-1.424, 2.628e-5
-1.425, 2.651e-5
-1.426, 2.677e-5
-1.427, 2.711e-5
-1.428, 2.738e-5
-1.429, 2.767e-5
-1.430, 2.790e-5
-1.431, 2.821e-5
-1.432, 2.848e-5
-1.433, 2.873e-5
-1.434, 2.896e-5
-1.435, 2.899e-5
-1.436, 2.928e-5
-1.437, 2.953e-5
-1.438, 2.979e-5
-1.439, 3.004e-5
-1.440, 3.033e-5
-1.441, 3.061e-5
-1.442, 3.088e-5
-1.443, 3.115e-5
-1.444, 3.138e-5
-1.445, 3.172e-5
-1.446, 3.205e-5
-1.447, 3.232e-5
-1.448, 3.266e-5
-1.449, 3.293e-5
-1.450, 3.325e-5
-1.451, 3.358e-5
-1.452, 3.384e-5
-1.453, 3.402e-5
-1.454, 3.430e-5
-1.455, 3.439e-5
-1.456, 3.457e-5
-1.457, 3.477e-5
-1.458, 3.509e-5
-1.459, 3.537e-5
-1.460, 3.571e-5
-1.461, 3.593e-5
-1.462, 3.627e-5
-1.463, 3.656e-5
-1.464, 3.683e-5
-1.465, 3.716e-5
-1.466, 3.744e-5
-1.467, 3.786e-5
-1.468, 3.820e-5
-1.469, 3.844e-5
-1.470, 3.885e-5
-1.471, 3.917e-5
-1.472, 3.946e-5
-1.473, 3.949e-5
-1.474, 3.972e-5
-1.475, 3.988e-5
-1.476, 4.022e-5
-1.477, 4.054e-5
-1.478, 4.079e-5
-1.479, 4.109e-5
-1.480, 4.168e-5
-1.481, 4.178e-5
-1.482, 4.209e-5
-1.483, 4.248e-5
-1.484, 4.275e-5
-1.485, 4.298e-5
-1.486, 4.346e-5
-1.487, 4.421e-5
-1.488, 4.458e-5
-1.489, 4.470e-5
-1.490, 4.471e-5
-1.491, 4.501e-5
-1.492, 4.518e-5
-1.493, 4.560e-5
-1.494, 4.601e-5
-1.495, 4.631e-5
-1.496, 4.669e-5
-1.497, 4.703e-5
-1.498, 4.730e-5
-1.499, 4.768e-5
-1.500, 4.807e-5
-1.501, 4.844e-5
-1.502, 4.883e-5
-1.503, 4.892e-5
-1.504, 4.926e-5
-1.505, 4.939e-5
-1.506, 4.967e-5
-1.507, 4.997e-5
-1.508, 5.035e-5
-1.509, 5.071e-5
-1.510, 5.109e-5
-1.511, 5.164e-5
-1.512, 5.192e-5
-1.513, 5.214e-5
-1.514, 5.252e-5
-1.515, 5.278e-5
-1.516, 5.335e-5
-1.517, 5.384e-5
-1.518, 5.403e-5
-1.519, 5.427e-5
-1.520, 5.462e-5
-1.521, 5.519e-5
-1.522, 5.548e-5
-1.523, 5.605e-5
-1.524, 5.632e-5
-1.525, 5.685e-5
-1.526, 5.722e-5
-1.527, 5.731e-5
-1.528, 5.780e-5
-1.529, 5.787e-5
-1.530, 5.844e-5
-1.531, 5.875e-5
-1.532, 5.848e-5
-1.533, 5.877e-5
-1.534, 5.924e-5
-1.535, 5.975e-5
-1.536, 6.026e-5
-1.537, 6.076e-5
-1.538, 6.123e-5
-1.539, 6.184e-5
-1.540, 6.243e-5
-1.541, 6.278e-5
-1.542, 6.336e-5
-1.543, 6.352e-5
-1.544, 6.403e-5
-1.545, 6.453e-5
-1.546, 6.539e-5
-1.547, 6.609e-5
-1.548, 6.655e-5
-1.549, 6.688e-5
-1.550, 6.725e-5
-1.551, 6.760e-5
-1.552, 6.820e-5
-1.553, 6.892e-5
-1.554, 6.954e-5
-1.555, 7.024e-5
-1.556, 7.096e-5
-1.557, 7.151e-5
-1.558, 7.177e-5
-1.559, 7.230e-5
-1.560, 7.284e-5
-1.561, 7.340e-5
-1.562, 7.431e-5
-1.563, 7.478e-5
-1.564, 7.549e-5
-1.565, 7.607e-5
-1.566, 7.679e-5
-1.567, 7.740e-5
-1.568, 7.751e-5
-1.569, 7.817e-5
-1.570, 7.885e-5
-1.571, 7.958e-5
-1.572, 8.031e-5
-1.573, 8.123e-5
-1.574, 8.173e-5
-1.575, 8.204e-5
-1.576, 8.275e-5
-1.577, 8.382e-5
-1.578, 8.458e-5
-1.579, 8.540e-5
-1.580, 8.636e-5
-1.581, 8.780e-5
-1.582, 8.864e-5
-1.583, 8.893e-5
-1.584, 8.954e-5
-1.585, 9.044e-5
-1.586, 9.161e-5
-1.587, 9.281e-5
-1.588, 9.343e-5
-1.589, 9.464e-5
-1.590, 9.553e-5
-1.591, 9.611e-5
-1.592, 9.718e-5
-1.593, 9.863e-5
-1.594, 9.970e-5
-1.595, 1.015e-4
-1.596, 1.027e-4
-1.597, 1.042e-4
-1.598, 1.054e-4
-1.599, 1.061e-4
-1.600, 1.071e-4
-1.601, 1.086e-4
-1.602, 1.094e-4
-1.603, 1.106e-4
-1.604, 1.122e-4
-1.605, 1.135e-4
-1.606, 1.146e-4
-1.607, 1.163e-4
-1.608, 1.183e-4
-1.609, 1.201e-4
-1.610, 1.218e-4
-1.611, 1.224e-4
-1.612, 1.238e-4
-1.613, 1.256e-4
-1.614, 1.278e-4
-1.615, 1.294e-4
-1.616, 1.312e-4
-1.617, 1.325e-4
-1.618, 1.345e-4
-1.619, 1.370e-4
-1.620, 1.396e-4
-1.621, 1.411e-4
-1.622, 1.429e-4
-1.623, 1.444e-4
-1.624, 1.462e-4
-1.625, 1.491e-4
-1.626, 1.514e-4
-1.627, 1.541e-4
-1.628, 1.575e-4
-1.629, 1.595e-4
-1.630, 1.614e-4
-1.631, 1.632e-4
-1.632, 1.666e-4
-1.633, 1.694e-4
-1.634, 1.720e-4
-1.635, 1.744e-4
-1.636, 1.779e-4
-1.637, 1.807e-4
-1.638, 1.842e-4
-1.639, 1.852e-4
-1.640, 1.889e-4
-1.641, 1.931e-4
-1.642, 1.956e-4
-1.643, 1.987e-4
-1.644, 2.033e-4
-1.645, 2.079e-4
-1.646, 2.095e-4
-1.647, 2.124e-4
-1.648, 2.174e-4
-1.649, 2.219e-4
-1.650, 2.253e-4
-1.651, 2.291e-4
-1.652, 2.347e-4
-1.653, 2.380e-4
-1.654, 2.409e-4
-1.655, 2.461e-4
-1.656, 2.504e-4
-1.657, 2.547e-4
-1.658, 2.624e-4
-1.659, 2.677e-4
-1.660, 2.707e-4
-1.661, 2.756e-4
-1.662, 2.813e-4
-1.663, 2.862e-4
-1.664, 2.930e-4
-1.665, 2.982e-4
-1.666, 3.046e-4
-1.667, 3.105e-4
-1.668, 3.181e-4
-1.669, 3.244e-4
-1.670, 3.312e-4
-1.671, 3.394e-4
-1.672, 3.459e-4
-1.673, 3.535e-4
-1.674, 3.598e-4
-1.675, 3.663e-4
-1.676, 3.733e-4
-1.677, 3.831e-4
-1.678, 3.897e-4
-1.679, 3.969e-4
-1.680, 4.044e-4
-1.681, 4.138e-4
-1.682, 4.243e-4
-1.683, 4.328e-4
-1.684, 4.423e-4
-1.685, 4.509e-4
-1.686, 4.599e-4
-1.687, 4.695e-4
-1.688, 4.798e-4
-1.689, 4.894e-4
-1.690, 4.996e-4
-1.691, 5.098e-4
-1.692, 5.212e-4
-1.693, 5.306e-4
-1.694, 5.439e-4
-1.695, 5.581e-4
-1.696, 5.673e-4
-1.697, 5.795e-4
-1.698, 5.933e-4
-1.699, 6.022e-4
-1.700, 6.163e-4
-1.701, 6.287e-4
-1.702, 6.407e-4
-1.703, 6.566e-4
-1.704, 6.693e-4
-1.705, 6.813e-4
-1.706, 6.994e-4
-1.707, 7.109e-4
-1.708, 7.258e-4
-1.709, 7.431e-4
-1.710, 7.589e-4
-1.711, 7.723e-4
-1.712, 7.904e-4
-1.713, 8.049e-4
-1.714, 8.212e-4
-1.715, 8.379e-4
-1.716, 8.531e-4
-1.717, 8.731e-4
-1.718, 8.896e-4
-1.719, 9.102e-4
-1.720, 9.318e-4
-1.721, 9.501e-4
-1.722, 9.692e-4
-1.723, 9.843e-4
-1.724, 1.006e-3
-1.725, 1.025e-3
-1.726, 1.050e-3
-1.727, 1.066e-3
-1.728, 1.091e-3
-1.729, 1.113e-3
-1.730, 1.142e-3
-1.731, 1.166e-3
-1.732, 1.190e-3
-1.733, 1.212e-3
-1.734, 1.235e-3
-1.735, 1.256e-3
-1.736, 1.277e-3
-1.737, 1.301e-3
-1.738, 1.329e-3
-1.739, 1.358e-3
-1.740, 1.388e-3
-1.741, 1.418e-3
-1.742, 1.446e-3
-1.743, 1.475e-3
-1.744, 1.509e-3
-1.745, 1.540e-3
-1.746, 1.569e-3
-1.747, 1.594e-3
-1.748, 1.631e-3
-1.749, 1.662e-3
-1.750, 1.697e-3
-1.751, 1.726e-3
-1.752, 1.761e-3
-1.753, 1.790e-3
-1.754, 1.830e-3
-1.755, 1.866e-3
-1.756, 1.910e-3
-1.757, 1.942e-3
-1.758, 1.978e-3
-1.759, 2.012e-3
-1.760, 2.054e-3
-1.761, 2.093e-3
-1.762, 2.137e-3
-1.763, 2.182e-3
-1.764, 2.236e-3
-1.765, 2.270e-3
-1.766, 2.313e-3
-1.767, 2.356e-3
-1.768, 2.396e-3
-1.769, 2.433e-3
-1.770, 2.471e-3
-1.771, 2.523e-3
-1.772, 2.565e-3
-1.773, 2.622e-3
-1.774, 2.668e-3
-1.775, 2.711e-3
-1.776, 2.755e-3
-1.777, 2.807e-3
-1.778, 2.854e-3
-1.779, 2.903e-3
-1.780, 2.960e-3
-1.781, 3.004e-3
-1.782, 3.049e-3
-1.783, 3.094e-3
-1.784, 3.154e-3
-1.785, 3.203e-3
-1.786, 3.262e-3
-1.787, 3.324e-3
-1.788, 3.374e-3
-1.789, 3.428e-3
-1.790, 3.479e-3
-1.791, 3.545e-3
-1.792, 3.604e-3
-1.793, 3.659e-3
-1.794, 3.713e-3
-1.795, 3.770e-3
-1.796, 3.812e-3
-1.797, 3.872e-3
-1.798, 3.918e-3
-1.799, 3.970e-3
-1.800, 4.038e-3
-1.801, 4.103e-3
-1.802, 4.167e-3
-1.803, 4.221e-3
-1.804, 4.269e-3
-1.805, 4.335e-3
-1.806, 4.405e-3
-1.807, 4.462e-3
-1.808, 4.524e-3
-1.809, 4.592e-3
-1.810, 4.654e-3
-1.811, 4.714e-3
-1.812, 4.772e-3
-1.813, 4.826e-3
-1.814, 4.886e-3
-1.815, 4.949e-3
-1.816, 5.014e-3
-1.817, 5.097e-3
-1.818, 5.189e-3
-1.819, 5.261e-3
-1.820, 5.316e-3
-1.821, 5.376e-3
-1.822, 5.423e-3
-1.823, 5.474e-3
-1.824, 5.539e-3
-1.825, 5.646e-3
-1.826, 5.729e-3
-1.827, 5.795e-3
-1.828, 5.861e-3
-1.829, 5.928e-3
-1.830, 5.970e-3
-1.831, 6.024e-3
-1.832, 6.092e-3
-1.833, 6.142e-3
-1.834, 6.194e-3
-1.835, 6.278e-3
-1.836, 6.344e-3
-1.837, 6.423e-3
-1.838, 6.509e-3
-1.839, 6.565e-3
-1.840, 6.640e-3
-1.841, 6.680e-3
-1.842, 6.737e-3
-1.843, 6.819e-3
-1.844, 6.901e-3
-1.845, 6.968e-3
-1.846, 7.015e-3
-1.847, 7.078e-3
-1.848, 7.155e-3
-1.849, 7.212e-3
-1.850, 7.230e-3
-1.851, 7.290e-3
-1.852, 7.336e-3
-1.853, 7.406e-3
-1.854, 7.474e-3
-1.855, 7.524e-3
-1.856, 7.646e-3
-1.857, 7.746e-3
-1.858, 7.848e-3
-1.859, 7.957e-3
-1.860, 8.002e-3
-1.861, 8.039e-3
-1.862, 8.119e-3
-1.863, 8.172e-3
-1.864, 8.224e-3
-1.865, 8.288e-3
-1.866, 8.343e-3
-1.867, 8.403e-3
-1.868, 8.504e-3
-1.869, 8.576e-3
-1.870, 8.643e-3
-1.871, 8.714e-3
-1.872, 8.781e-3
-1.873, 8.849e-3
-1.874, 8.919e-3
-1.875, 8.966e-3
-1.876, 9.035e-3
-1.877, 9.090e-3
-1.878, 9.144e-3
-1.879, 9.233e-3
-1.880, 9.309e-3
-1.881, 9.325e-3
-1.882, 9.404e-3
-1.883, 9.414e-3
-1.884, 9.439e-3
-1.885, 9.471e-3
-1.886, 9.532e-3
-1.887, 9.577e-3
-1.888, 9.702e-3
-1.889, 9.840e-3
-1.890, 9.961e-3
-1.891, 1.003e-2
-1.892, 1.008e-2
-1.893, 1.011e-2
-1.894, 1.011e-2
-1.895, 1.011e-2
-1.896, 1.011e-2
-1.897, 1.011e-2
-1.898, 1.011e-2
-1.899, 1.011e-2
-1.900, 1.011e-2
-1.899, 1.011e-2
-1.898, 1.011e-2
-1.897, 1.011e-2
-1.896, 1.011e-2
-1.895, 1.011e-2
-1.894, 1.011e-2
-1.893, 1.011e-2
-1.892, 1.008e-2
-1.891, 1.000e-2
-1.890, 9.947e-3
-1.889, 9.918e-3
-1.888, 9.855e-3
-1.887, 9.795e-3
-1.886, 9.707e-3
-1.885, 9.615e-3
-1.884, 9.565e-3
-1.883, 9.521e-3
-1.882, 9.465e-3
-1.881, 9.439e-3
-1.880, 9.356e-3
-1.879, 9.289e-3
-1.878, 9.216e-3
-1.877, 9.170e-3
-1.876, 9.104e-3
-1.875, 9.081e-3
-1.874, 9.118e-3
-1.873, 9.065e-3
-1.872, 8.974e-3
-1.871, 8.872e-3
-1.870, 8.810e-3
-1.869, 8.773e-3
-1.868, 8.783e-3
-1.867, 8.738e-3
-1.866, 8.678e-3
-1.865, 8.613e-3
-1.864, 8.554e-3
-1.863, 8.487e-3
-1.862, 8.424e-3
-1.861, 8.380e-3
-1.860, 8.346e-3
-1.859, 8.292e-3
-1.858, 8.254e-3
-1.857, 8.197e-3
-1.856, 8.134e-3
-1.855, 8.074e-3
-1.854, 8.010e-3
-1.853, 7.948e-3
-1.852, 7.892e-3
-1.851, 7.847e-3
-1.850, 7.807e-3
-1.849, 7.741e-3
-1.848, 7.668e-3
-1.847, 7.601e-3
-1.846, 7.539e-3
-1.845, 7.456e-3
-1.844, 7.370e-3
-1.843, 7.308e-3
-1.842, 7.246e-3
-1.841, 7.175e-3
-1.840, 7.102e-3
-1.839, 7.054e-3
-1.838, 6.995e-3
-1.837, 6.923e-3
-1.836, 6.884e-3
-1.835, 6.811e-3
-1.834, 6.753e-3
-1.833, 6.700e-3
-1.832, 6.656e-3
-1.831, 6.602e-3
-1.830, 6.530e-3
-1.829, 6.467e-3
-1.828, 6.398e-3
-1.827, 6.337e-3
-1.826, 6.286e-3
-1.825, 6.223e-3
-1.824, 6.182e-3
-1.823, 6.123e-3
-1.822, 6.059e-3
-1.821, 5.987e-3
-1.820, 5.938e-3
-1.819, 5.881e-3
-1.818, 5.831e-3
-1.817, 5.790e-3
-1.816, 5.716e-3
-1.815, 5.678e-3
-1.814, 5.643e-3
-1.813, 5.593e-3
-1.812, 5.542e-3
-1.811, 5.496e-3
-1.810, 5.457e-3
-1.809, 5.399e-3
-1.808, 5.324e-3
-1.807, 5.258e-3
-1.806, 5.201e-3
-1.805, 5.138e-3
-1.804, 5.077e-3
-1.803, 5.027e-3
-1.802, 4.984e-3
-1.801, 4.933e-3
-1.800, 4.865e-3
-1.799, 4.795e-3
-1.798, 4.762e-3
-1.797, 4.775e-3
-1.796, 4.757e-3
-1.795, 4.683e-3
-1.794, 4.618e-3
-1.793, 4.540e-3
-1.792, 4.476e-3
-1.791, 4.406e-3
-1.790, 4.352e-3
-1.789, 4.334e-3
-1.788, 4.313e-3
-1.787, 4.263e-3
-1.786, 4.210e-3
-1.785, 4.162e-3
-1.784, 4.106e-3
-1.783, 4.063e-3
-1.782, 4.008e-3
-1.781, 3.960e-3
-1.780, 3.910e-3
-1.779, 3.873e-3
-1.778, 3.838e-3
-1.777, 3.783e-3
-1.776, 3.746e-3
-1.775, 3.685e-3
-1.774, 3.636e-3
-1.773, 3.595e-3
-1.772, 3.555e-3
-1.771, 3.510e-3
-1.770, 3.452e-3
-1.769, 3.406e-3
-1.768, 3.360e-3
-1.767, 3.330e-3
-1.766, 3.302e-3
-1.765, 3.246e-3
-1.764, 3.204e-3
-1.763, 3.160e-3
-1.762, 3.115e-3
-1.761, 3.064e-3
-1.760, 3.013e-3
-1.759, 2.973e-3
-1.758, 2.929e-3
-1.757, 2.886e-3
-1.756, 2.848e-3
-1.755, 2.818e-3
-1.754, 2.786e-3
-1.753, 2.767e-3
-1.752, 2.729e-3
-1.751, 2.700e-3
-1.750, 2.666e-3
-1.749, 2.619e-3
-1.748, 2.582e-3
-1.747, 2.544e-3
-1.746, 2.510e-3
-1.745, 2.474e-3
-1.744, 2.436e-3
-1.743, 2.397e-3
-1.742, 2.353e-3
-1.741, 2.313e-3
-1.740, 2.281e-3
-1.739, 2.247e-3
-1.738, 2.222e-3
-1.737, 2.183e-3
-1.736, 2.148e-3
-1.735, 2.116e-3
-1.734, 2.083e-3
-1.733, 2.050e-3
-1.732, 2.021e-3
-1.731, 2.015e-3
-1.730, 1.988e-3
-1.729, 1.949e-3
-1.728, 1.915e-3
-1.727, 1.887e-3
-1.726, 1.861e-3
-1.725, 1.837e-3
-1.724, 1.809e-3
-1.723, 1.780e-3
-1.722, 1.750e-3
-1.721, 1.719e-3
-1.720, 1.689e-3
-1.719, 1.665e-3
-1.718, 1.636e-3
-1.717, 1.615e-3
-1.716, 1.587e-3
-1.715, 1.563e-3
-1.714, 1.534e-3
-1.713, 1.509e-3
-1.712, 1.482e-3
-1.711, 1.457e-3
-1.710, 1.436e-3
-1.709, 1.413e-3
-1.708, 1.388e-3
-1.707, 1.365e-3
-1.706, 1.341e-3
-1.705, 1.319e-3
-1.704, 1.296e-3
-1.703, 1.277e-3
-1.702, 1.251e-3
-1.701, 1.230e-3
-1.700, 1.209e-3
-1.699, 1.191e-3
-1.698, 1.172e-3
-1.697, 1.151e-3
-1.696, 1.130e-3
-1.695, 1.111e-3
-1.694, 1.087e-3
-1.693, 1.069e-3
-1.692, 1.052e-3
-1.691, 1.032e-3
-1.690, 1.010e-3
-1.689, 9.940e-4
-1.688, 9.744e-4
-1.687, 9.601e-4
-1.686, 9.466e-4
-1.685, 9.269e-4
-1.684, 9.108e-4
-1.683, 8.952e-4
-1.682, 8.771e-4
-1.681, 8.608e-4
-1.680, 8.460e-4
-1.679, 8.270e-4
-1.678, 8.138e-4
-1.677, 7.999e-4
-1.676, 7.848e-4
-1.675, 7.678e-4
-1.674, 7.542e-4
-1.673, 7.410e-4
-1.672, 7.299e-4
-1.671, 7.164e-4
-1.670, 7.009e-4
-1.669, 6.877e-4
-1.668, 6.742e-4
-1.667, 6.619e-4
-1.666, 6.495e-4
-1.665, 6.360e-4
-1.664, 6.257e-4
-1.663, 6.147e-4
-1.662, 6.034e-4
-1.661, 5.932e-4
-1.660, 5.821e-4
-1.659, 5.719e-4
-1.658, 5.607e-4
-1.657, 5.506e-4
-1.656, 5.418e-4
-1.655, 5.310e-4
-1.654, 5.209e-4
-1.653, 5.127e-4
-1.652, 5.044e-4
-1.651, 4.937e-4
-1.650, 4.829e-4
-1.649, 4.747e-4
-1.648, 4.671e-4
-1.647, 4.579e-4
-1.646, 4.494e-4
-1.645, 4.408e-4
-1.644, 4.316e-4
-1.643, 4.244e-4
-1.642, 4.172e-4
-1.641, 4.090e-4
-1.640, 4.013e-4
-1.639, 3.932e-4
-1.638, 3.856e-4
-1.637, 3.793e-4
-1.636, 3.721e-4
-1.635, 3.650e-4
-1.634, 3.576e-4
-1.633, 3.511e-4
-1.632, 3.455e-4
-1.631, 3.400e-4
-1.630, 3.334e-4
-1.629, 3.276e-4
-1.628, 3.211e-4
-1.627, 3.142e-4
-1.626, 3.085e-4
-1.625, 3.030e-4
-1.624, 2.979e-4
-1.623, 2.917e-4
-1.622, 2.870e-4
-1.621, 2.807e-4
-1.620, 2.758e-4
-1.619, 2.720e-4
-1.618, 2.677e-4
-1.617, 2.616e-4
-1.616, 2.574e-4
-1.615, 2.533e-4
-1.614, 2.492e-4
-1.613, 2.441e-4
-1.612, 2.398e-4
-1.611, 2.353e-4
-1.610, 2.318e-4
-1.609, 2.278e-4
-1.608, 2.241e-4
-1.607, 2.208e-4
-1.606, 2.167e-4
-1.605, 2.133e-4
-1.604, 2.100e-4
-1.603, 2.064e-4
-1.602, 2.029e-4
-1.601, 1.997e-4
-1.600, 1.966e-4
-1.599, 1.930e-4
-1.598, 1.899e-4
-1.597, 1.867e-4
-1.596, 1.836e-4
-1.595, 1.797e-4
-1.594, 1.769e-4
-1.593, 1.740e-4
-1.592, 1.716e-4
-1.591, 1.689e-4
-1.590, 1.660e-4
-1.589, 1.643e-4
-1.588, 1.613e-4
-1.587, 1.592e-4
-1.586, 1.565e-4
-1.585, 1.535e-4
-1.584, 1.503e-4
-1.583, 1.484e-4
-1.582, 1.465e-4
-1.581, 1.442e-4
-1.580, 1.424e-4
-1.579, 1.404e-4
-1.578, 1.383e-4
-1.577, 1.355e-4
-1.576, 1.340e-4
-1.575, 1.317e-4
-1.574, 1.297e-4
-1.573, 1.273e-4
-1.572, 1.260e-4
-1.571, 1.242e-4
-1.570, 1.223e-4
-1.569, 1.207e-4
-1.568, 1.187e-4
-1.567, 1.170e-4
-1.566, 1.152e-4
-1.565, 1.130e-4
-1.564, 1.115e-4
-1.563, 1.099e-4
-1.562, 1.089e-4
-1.561, 1.071e-4
-1.560, 1.060e-4
-1.559, 1.048e-4
-1.558, 1.030e-4
-1.557, 1.015e-4
-1.556, 1.000e-4
-1.555, 9.846e-5
-1.554, 9.695e-5
-1.553, 9.567e-5
-1.552, 9.455e-5
-1.551, 9.266e-5
-1.550, 9.134e-5
-1.549, 9.060e-5
-1.548, 8.942e-5
-1.547, 8.850e-5
-1.546, 8.749e-5
-1.545, 8.595e-5
-1.544, 8.473e-5
-1.543, 8.352e-5
-1.542, 8.242e-5
-1.541, 8.108e-5
-1.540, 7.981e-5
-1.539, 7.875e-5
-1.538, 7.793e-5
-1.537, 7.672e-5
-1.536, 7.566e-5
-1.535, 7.481e-5
-1.534, 7.388e-5
-1.533, 7.300e-5
-1.532, 7.211e-5
-1.531, 7.092e-5
-1.530, 6.983e-5
-1.529, 6.895e-5
-1.528, 6.825e-5
-1.527, 6.723e-5
-1.526, 6.616e-5
-1.525, 6.512e-5
-1.524, 6.455e-5
-1.523, 6.386e-5
-1.522, 6.309e-5
-1.521, 6.220e-5
-1.520, 6.154e-5
-1.519, 6.085e-5
-1.518, 6.000e-5
-1.517, 5.903e-5
-1.516, 5.815e-5
-1.515, 5.735e-5
-1.514, 5.633e-5
-1.513, 5.569e-5
-1.512, 5.504e-5
-1.511, 5.420e-5
-1.510, 5.358e-5
-1.509, 5.282e-5
-1.508, 5.213e-5
-1.507, 5.128e-5
-1.506, 5.067e-5
-1.505, 4.987e-5
-1.504, 4.930e-5
-1.503, 4.876e-5
-1.502, 4.808e-5
-1.501, 4.743e-5
-1.500, 4.692e-5
-1.499, 4.628e-5
-1.498, 4.547e-5
-1.497, 4.461e-5
-1.496, 4.406e-5
-1.495, 4.369e-5
-1.494, 4.305e-5
-1.493, 4.254e-5
-1.492, 4.201e-5
-1.491, 4.145e-5
-1.490, 4.076e-5
-1.489, 4.030e-5
-1.488, 3.986e-5
-1.487, 3.954e-5
-1.486, 3.885e-5
-1.485, 3.821e-5
-1.484, 3.761e-5
-1.483, 3.703e-5
-1.482, 3.655e-5
-1.481, 3.605e-5
-1.480, 3.552e-5
-1.479, 3.509e-5
-1.478, 3.452e-5
-1.477, 3.404e-5
-1.476, 3.358e-5
-1.475, 3.311e-5
-1.474, 3.268e-5
-1.473, 3.225e-5
-1.472, 3.204e-5
-1.471, 3.168e-5
-1.470, 3.107e-5
-1.469, 3.024e-5
-1.468, 2.972e-5
-1.467, 2.939e-5
-1.466, 2.892e-5
-1.465, 2.840e-5
-1.464, 2.800e-5
-1.463, 2.756e-5
-1.462, 2.718e-5
-1.461, 2.678e-5
-1.460, 2.660e-5
-1.459, 2.615e-5
-1.458, 2.573e-5
-1.457, 2.535e-5
-1.456, 2.490e-5
-1.455, 2.453e-5
-1.454, 2.417e-5
-1.453, 2.379e-5
-1.452, 2.336e-5
-1.451, 2.308e-5
-1.450, 2.279e-5
-1.449, 2.243e-5
-1.448, 2.207e-5
-1.447, 2.168e-5
-1.446, 2.132e-5
-1.445, 2.103e-5
-1.444, 2.065e-5
-1.443, 2.033e-5
-1.442, 1.998e-5
-1.441, 1.954e-5
-1.440, 1.926e-5
-1.439, 1.891e-5
-1.438, 1.857e-5
-1.437, 1.827e-5
-1.436, 1.794e-5
-1.435, 1.767e-5
-1.434, 1.733e-5
-1.433, 1.705e-5
-1.432, 1.670e-5
-1.431, 1.649e-5
-1.430, 1.622e-5
-1.429, 1.594e-5
-1.428, 1.560e-5
-1.427, 1.529e-5
-1.426, 1.511e-5
-1.425, 1.478e-5
-1.424, 1.460e-5
-1.423, 1.444e-5
-1.422, 1.418e-5
-1.421, 1.391e-5
-1.420, 1.364e-5
-1.419, 1.339e-5
-1.418, 1.315e-5
-1.417, 1.290e-5
-1.416, 1.269e-5
-1.415, 1.243e-5
-1.414, 1.219e-5
-1.413, 1.199e-5
-1.412, 1.176e-5
-1.411, 1.160e-5
-1.410, 1.150e-5
-1.409, 1.128e-5
-1.408, 1.099e-5
-1.407, 1.077e-5
-1.406, 1.050e-5
-1.405, 1.029e-5
-1.404, 1.007e-5
-1.403, 9.890e-6
-1.402, 9.713e-6
-1.401, 9.521e-6
-1.400, 9.336e-6
-1.399, 9.122e-6
-1.398, 8.940e-6
-1.397, 8.764e-6
-1.396, 8.600e-6
-1.395, 8.422e-6
-1.394, 8.272e-6
-1.393, 8.095e-6
-1.392, 7.969e-6
-1.391, 7.921e-6
-1.390, 7.721e-6
-1.389, 7.560e-6
-1.388, 7.411e-6
-1.387, 7.211e-6
-1.386, 7.068e-6
-1.385, 6.904e-6
-1.384, 6.750e-6
-1.383, 6.566e-6
-1.382, 6.439e-6
-1.381, 6.309e-6
-1.380, 6.165e-6
-1.379, 6.024e-6
-1.378, 5.915e-6
-1.377, 5.785e-6
-1.376, 5.668e-6
-1.375, 5.512e-6
-1.374, 5.396e-6
-1.373, 5.272e-6
-1.372, 5.120e-6
-1.371, 5.024e-6
-1.370, 4.918e-6
-1.369, 4.804e-6
-1.368, 4.693e-6
-1.367, 4.575e-6
-1.366, 4.466e-6
-1.365, 4.373e-6
-1.364, 4.271e-6
-1.363, 4.169e-6
-1.362, 4.081e-6
-1.361, 3.984e-6
-1.360, 3.884e-6
-1.359, 3.786e-6
-1.358, 3.704e-6
-1.357, 3.597e-6
-1.356, 3.503e-6
-1.355, 3.418e-6
-1.354, 3.335e-6
-1.353, 3.369e-6
-1.352, 3.262e-6
-1.351, 3.138e-6
-1.350, 3.032e-6
-1.349, 2.972e-6
-1.348, 2.903e-6
-1.347, 2.815e-6
-1.346, 2.724e-6
-1.345, 2.655e-6
-1.344, 2.569e-6
-1.343, 2.490e-6
-1.342, 2.440e-6
-1.341, 2.358e-6
-1.340, 2.300e-6
-1.339, 2.256e-6
-1.338, 2.180e-6
-1.337, 2.109e-6
-1.336, 2.021e-6
-1.335, 1.967e-6
-1.334, 1.895e-6
-1.333, 1.839e-6
-1.332, 1.761e-6
-1.331, 1.705e-6
-1.330, 1.639e-6
-1.329, 1.581e-6
-1.328, 1.531e-6
-1.327, 1.495e-6
-1.326, 1.425e-6
-1.325, 1.381e-6
-1.324, 1.330e-6
-1.323, 1.285e-6
-1.322, 1.215e-6
-1.321, 1.191e-6
-1.320, 1.142e-6
-1.319, 1.078e-6
-1.318, 1.060e-6
-1.317, 9.755e-7
-1.316, 9.607e-7
-1.315, 8.818e-7
-1.314, 8.848e-7
-1.313, 8.206e-7
-1.312, 7.743e-7
-1.311, 7.575e-7
-1.310, 6.845e-7
-1.309, 7.013e-7
-1.308, 6.401e-7
-1.307, 6.026e-7
-1.306, 5.799e-7
-1.305, 5.365e-7
-1.304, 5.316e-7
-1.303, 4.645e-7
-1.302, 4.526e-7
-1.301, 4.122e-7
-1.300, 3.510e-7
-1.299, 3.086e-7
-1.298, 2.839e-7
-1.297, 2.642e-7
-1.296, 2.366e-7
-1.295, 1.882e-7
-1.294, 1.695e-7
-1.293, 1.192e-7
-1.292, 9.550e-8
-1.291, 5.900e-8
-1.290, 4.124e-8
-1.289, 2.841e-8
-1.288, -1.993e-8
-1.287, -3.769e-8
-1.286, -8.702e-8
-1.285, -8.110e-8
-1.284, -1.087e-7
-1.283, -1.107e-7
-1.282, -1.206e-7
-1.281, -1.600e-7
-1.280, -2.103e-7
-1.279, -2.113e-7
-1.278, -2.656e-7
-1.277, -2.695e-7
-1.276, -3.218e-7
-1.275, -3.347e-7
-1.274, -3.573e-7
-1.273, -3.790e-7
-1.272, -3.790e-7
-1.271, -4.195e-7
-1.270, -4.136e-7
-1.269, -4.432e-7
-1.268, -4.807e-7
-1.267, -4.955e-7
-1.266, -5.182e-7
-1.265, -5.162e-7
-1.264, -5.468e-7
-1.263, -5.616e-7
-1.262, -5.704e-7
-1.261, -6.000e-7
-1.260, -6.079e-7
-1.259, -6.336e-7
-1.258, -6.385e-7
-1.257, -6.563e-7
-1.256, -6.740e-7
-1.255, -6.908e-7
-1.254, -7.184e-7
-1.253, -7.076e-7
-1.252, -7.342e-7
-1.251, -7.510e-7
-1.250, -7.540e-7
-1.249, -7.865e-7
-1.248, -7.796e-7
-1.247, -8.191e-7
-1.246, -7.914e-7
-1.245, -7.017e-7
-1.244, -7.845e-7
-1.243, -8.319e-7
-1.242, -8.704e-7
-1.241, -8.585e-7
-1.240, -8.911e-7
-1.239, -8.862e-7
-1.238, -8.931e-7
-1.237, -9.217e-7
-1.236, -9.207e-7
-1.235, -9.454e-7
-1.234, -9.424e-7
-1.233, -9.592e-7
-1.232, -9.611e-7
-1.231, -9.907e-7
-1.230, -9.720e-7
-1.229, -1.003e-6
-1.228, -1.020e-6
-1.227, -1.028e-6
-1.226, -1.042e-6
-1.225, -1.060e-6
-1.224, -1.054e-6
-1.223, -1.074e-6
-1.222, -1.096e-6
-1.221, -1.083e-6
-1.220, -1.101e-6
-1.219, -1.110e-6
-1.218, -1.107e-6
-1.217, -1.138e-6
-1.216, -1.131e-6
-1.215, -1.142e-6
-1.214, -1.155e-6
-1.213, -1.145e-6
-1.212, -1.168e-6
-1.211, -1.170e-6
-1.210, -1.203e-6
-1.209, -1.187e-6
-1.208, -1.200e-6
-1.207, -1.225e-6
-1.206, -1.233e-6
-1.205, -1.221e-6
-1.204, -1.246e-6
-1.203, -1.254e-6
-1.202, -1.260e-6
-1.201, -1.276e-6
-1.200, -1.276e-6
-1.199, -1.276e-6
-1.198, -1.305e-6
-1.197, -1.310e-6
-1.196, -1.298e-6
-1.195, -1.303e-6
-1.194, -1.312e-6
-1.193, -1.331e-6
-1.192, -1.327e-6
-1.191, -1.336e-6
-1.190, -1.363e-6
-1.189, -1.340e-6
-1.188, -1.357e-6
-1.187, -1.362e-6
-1.186, -1.373e-6
-1.185, -1.391e-6
-1.184, -1.390e-6
-1.183, -1.397e-6
-1.182, -1.402e-6
-1.181, -1.406e-6
-1.180, -1.423e-6
-1.179, -1.417e-6
-1.178, -1.444e-6
-1.177, -1.451e-6
-1.176, -1.438e-6
-1.175, -1.460e-6
-1.174, -1.470e-6
-1.173, -1.489e-6
-1.172, -1.478e-6
-1.171, -1.478e-6
-1.170, -1.505e-6
-1.169, -1.485e-6
-1.168, -1.513e-6
-1.167, -1.511e-6
-1.166, -1.523e-6
-1.165, -1.530e-6
-1.164, -1.536e-6
-1.163, -1.552e-6
-1.162, -1.560e-6
-1.161, -1.560e-6
-1.160, -1.576e-6
-1.159, -1.586e-6
-1.158, -1.595e-6
-1.157, -1.582e-6
-1.156, -1.609e-6
-1.155, -1.606e-6
-1.154, -1.614e-6
-1.153, -1.641e-6
-1.152, -1.643e-6
-1.151, -1.653e-6
-1.150, -1.649e-6
-1.149, -1.651e-6
-1.148, -1.669e-6
-1.147, -1.684e-6
-1.146, -1.679e-6
-1.145, -1.680e-6
-1.144, -1.707e-6
-1.143, -1.714e-6
-1.142, -1.719e-6
-1.141, -1.723e-6
-1.140, -1.747e-6
-1.139, -1.750e-6
-1.138, -1.764e-6
-1.137, -1.770e-6
-1.136, -1.763e-6
-1.135, -1.772e-6
-1.134, -1.803e-6
-1.133, -1.802e-6
-1.132, -1.820e-6
-1.131, -1.811e-6
-1.130, -1.834e-6
-1.129, -1.844e-6
-1.128, -1.848e-6
-1.127, -1.862e-6
-1.126, -1.860e-6
-1.125, -1.885e-6
-1.124, -1.875e-6
-1.123, -1.926e-6
-1.122, -1.925e-6
-1.121, -1.932e-6
-1.120, -1.952e-6
-1.119, -1.945e-6
-1.118, -1.962e-6
-1.117, -1.957e-6
-1.116, -1.977e-6
-1.115, -2.003e-6
-1.114, -2.001e-6
-1.113, -2.038e-6
-1.112, -2.034e-6
-1.111, -2.038e-6
-1.110, -2.044e-6
-1.109, -2.056e-6
-1.108, -2.080e-6
-1.107, -2.099e-6
-1.106, -2.109e-6
-1.105, -2.105e-6
-1.104, -2.114e-6
-1.103, -2.137e-6
-1.102, -2.163e-6
-1.101, -2.170e-6
-1.100, -2.198e-6
-1.099, -2.194e-6
-1.098, -2.196e-6
-1.097, -2.233e-6
-1.096, -2.245e-6
-1.095, -2.248e-6
-1.094, -2.280e-6
-1.093, -2.281e-6
-1.092, -2.292e-6
-1.091, -2.298e-6
-1.090, -2.329e-6
-1.089, -2.335e-6
-1.088, -2.367e-6
-1.087, -2.375e-6
-1.086, -2.383e-6
-1.085, -2.410e-6
-1.084, -2.423e-6
-1.083, -2.439e-6
-1.082, -2.467e-6
-1.081, -2.474e-6
-1.080, -2.494e-6
-1.079, -2.490e-6
-1.078, -2.533e-6
-1.077, -2.530e-6
-1.076, -2.554e-6
-1.075, -2.604e-6
-1.074, -2.605e-6
-1.073, -2.638e-6
-1.072, -2.641e-6
-1.071, -2.648e-6
-1.070, -2.673e-6
-1.069, -2.701e-6
-1.068, -2.731e-6
-1.067, -2.738e-6
-1.066, -2.780e-6
-1.065, -2.797e-6
-1.064, -2.800e-6
-1.063, -2.851e-6
-1.062, -2.863e-6
-1.061, -2.887e-6
-1.060, -2.896e-6
-1.059, -2.921e-6
-1.058, -2.957e-6
-1.057, -2.963e-6
-1.056, -3.010e-6
-1.055, -3.020e-6
-1.054, -3.048e-6
-1.053, -3.067e-6
-1.052, -3.093e-6
-1.051, -3.120e-6
-1.050, -3.149e-6
-1.049, -3.187e-6
-1.048, -3.205e-6
-1.047, -3.222e-6
-1.046, -3.264e-6
-1.045, -3.271e-6
-1.044, -3.297e-6
-1.043, -3.345e-6
-1.042, -3.374e-6
-1.041, -3.378e-6
-1.040, -3.414e-6
-1.039, -3.434e-6
-1.038, -3.472e-6
-1.037, -3.503e-6
-1.036, -3.524e-6
-1.035, -3.564e-6
-1.034, -3.593e-6
-1.033, -3.640e-6
-1.032, -3.654e-6
-1.031, -3.663e-6
-1.030, -3.727e-6
-1.029, -3.749e-6
-1.028, -3.768e-6
-1.027, -3.801e-6
-1.026, -3.841e-6
-1.025, -3.854e-6
-1.024, -3.901e-6
-1.023, -3.928e-6
-1.022, -3.957e-6
-1.021, -3.986e-6
-1.020, -4.025e-6
-1.019, -4.048e-6
-1.018, -4.099e-6
-1.017, -4.137e-6
-1.016, -4.161e-6
-1.015, -4.177e-6
-1.014, -4.220e-6
-1.013, -4.251e-6
-1.012, -4.269e-6
-1.011, -4.310e-6
-1.010, -4.335e-6
-1.009, -4.382e-6
-1.008, -4.407e-6
-1.007, -4.412e-6
-1.006, -4.473e-6
-1.005, -4.489e-6
-1.004, -4.507e-6
-1.003, -4.543e-6
-1.002, -4.587e-6
-1.001, -4.595e-6
