June 27, 2026   10:26:43
Linear Sweep Voltammetry
File: c:/users/guazh/data/20260623_doe_duplica2/2026-06-24-exp22\1acid_2ac-2026-06-27t10_23_30-lsvinphos\1acid_2ac_lsv_50mvs_efin_-2300mv.bin
Data Source:  Experiment
Instrument Model:  CHI760E
Header: LSV ran at 50 mVs with Efin at -2300mV
Note: 

Init E (V) = -0.6
Final E (V) = -2.3
Scan Rate (V/s) = 0.05
Sample Interval (V) = 0.001
Quiet Time (sec) = 2
Sensitivity (A/V) = 1e-4
Comp R (ohm) = 11.3

Results:

Channel 1:
Ep = -2.116V
ip = 5.580e-4A
Ah = 8.546e-4C

Potential/V, Current/A

-0.600, 1.924e-6
-0.601, 1.995e-6
-0.602, 2.031e-6
-0.603, 2.059e-6
-0.604, 2.083e-6
-0.605, 2.108e-6
-0.606, 2.130e-6
-0.607, 2.151e-6
-0.608, 2.173e-6
-0.609, 2.193e-6
-0.610, 2.216e-6
-0.611, 2.236e-6
-0.612, 2.258e-6
-0.613, 2.279e-6
-0.614, 2.301e-6
-0.615, 2.324e-6
-0.616, 2.344e-6
-0.617, 2.366e-6
-0.618, 2.389e-6
-0.619, 2.412e-6
-0.620, 2.433e-6
-0.621, 2.454e-6
-0.622, 2.477e-6
-0.623, 2.498e-6
-0.624, 2.520e-6
-0.625, 2.544e-6
-0.626, 2.566e-6
-0.627, 2.591e-6
-0.628, 2.614e-6
-0.629, 2.637e-6
-0.630, 2.660e-6
-0.631, 2.683e-6
-0.632, 2.707e-6
-0.633, 2.730e-6
-0.634, 2.753e-6
-0.635, 2.779e-6
-0.636, 2.802e-6
-0.637, 2.826e-6
-0.638, 2.852e-6
-0.639, 2.875e-6
-0.640, 2.902e-6
-0.641, 2.926e-6
-0.642, 2.951e-6
-0.643, 2.976e-6
-0.644, 3.001e-6
-0.645, 3.026e-6
-0.646, 3.053e-6
-0.647, 3.079e-6
-0.648, 3.104e-6
-0.649, 3.132e-6
-0.650, 3.157e-6
-0.651, 3.183e-6
-0.652, 3.210e-6
-0.653, 3.237e-6
-0.654, 3.262e-6
-0.655, 3.290e-6
-0.656, 3.317e-6
-0.657, 3.346e-6
-0.658, 3.373e-6
-0.659, 3.401e-6
-0.660, 3.430e-6
-0.661, 3.458e-6
-0.662, 3.486e-6
-0.663, 3.513e-6
-0.664, 3.541e-6
-0.665, 3.571e-6
-0.666, 3.601e-6
-0.667, 3.630e-6
-0.668, 3.659e-6
-0.669, 3.688e-6
-0.670, 3.718e-6
-0.671, 3.746e-6
-0.672, 3.776e-6
-0.673, 3.807e-6
-0.674, 3.837e-6
-0.675, 3.868e-6
-0.676, 3.898e-6
-0.677, 3.928e-6
-0.678, 3.959e-6
-0.679, 3.989e-6
-0.680, 4.020e-6
-0.681, 4.052e-6
-0.682, 4.081e-6
-0.683, 4.112e-6
-0.684, 4.142e-6
-0.685, 4.175e-6
-0.686, 4.204e-6
-0.687, 4.234e-6
-0.688, 4.266e-6
-0.689, 4.298e-6
-0.690, 4.330e-6
-0.691, 4.362e-6
-0.692, 4.395e-6
-0.693, 4.427e-6
-0.694, 4.460e-6
-0.695, 4.493e-6
-0.696, 4.527e-6
-0.697, 4.562e-6
-0.698, 4.593e-6
-0.699, 4.626e-6
-0.700, 4.660e-6
-0.701, 4.692e-6
-0.702, 4.727e-6
-0.703, 4.758e-6
-0.704, 4.792e-6
-0.705, 4.828e-6
-0.706, 4.859e-6
-0.707, 4.894e-6
-0.708, 4.926e-6
-0.709, 4.961e-6
-0.710, 4.996e-6
-0.711, 5.030e-6
-0.712, 5.063e-6
-0.713, 5.099e-6
-0.714, 5.131e-6
-0.715, 5.165e-6
-0.716, 5.199e-6
-0.717, 5.235e-6
-0.718, 5.270e-6
-0.719, 5.303e-6
-0.720, 5.339e-6
-0.721, 5.373e-6
-0.722, 5.407e-6
-0.723, 5.442e-6
-0.724, 5.476e-6
-0.725, 5.511e-6
-0.726, 5.546e-6
-0.727, 5.580e-6
-0.728, 5.614e-6
-0.729, 5.648e-6
-0.730, 5.683e-6
-0.731, 5.717e-6
-0.732, 5.752e-6
-0.733, 5.787e-6
-0.734, 5.822e-6
-0.735, 5.857e-6
-0.736, 5.890e-6
-0.737, 5.921e-6
-0.738, 5.953e-6
-0.739, 5.987e-6
-0.740, 6.020e-6
-0.741, 6.054e-6
-0.742, 6.089e-6
-0.743, 6.123e-6
-0.744, 6.155e-6
-0.745, 6.188e-6
-0.746, 6.218e-6
-0.747, 6.250e-6
-0.748, 6.283e-6
-0.749, 6.316e-6
-0.750, 6.350e-6
-0.751, 6.381e-6
-0.752, 6.415e-6
-0.753, 6.446e-6
-0.754, 6.478e-6
-0.755, 6.511e-6
-0.756, 6.542e-6
-0.757, 6.575e-6
-0.758, 6.606e-6
-0.759, 6.636e-6
-0.760, 6.668e-6
-0.761, 6.698e-6
-0.762, 6.730e-6
-0.763, 6.760e-6
-0.764, 6.790e-6
-0.765, 6.820e-6
-0.766, 6.849e-6
-0.767, 6.879e-6
-0.768, 6.910e-6
-0.769, 6.939e-6
-0.770, 6.968e-6
-0.771, 6.996e-6
-0.772, 7.024e-6
-0.773, 7.052e-6
-0.774, 7.080e-6
-0.775, 7.108e-6
-0.776, 7.135e-6
-0.777, 7.162e-6
-0.778, 7.189e-6
-0.779, 7.213e-6
-0.780, 7.240e-6
-0.781, 7.265e-6
-0.782, 7.290e-6
-0.783, 7.315e-6
-0.784, 7.340e-6
-0.785, 7.364e-6
-0.786, 7.388e-6
-0.787, 7.412e-6
-0.788, 7.435e-6
-0.789, 7.458e-6
-0.790, 7.483e-6
-0.791, 7.503e-6
-0.792, 7.526e-6
-0.793, 7.548e-6
-0.794, 7.570e-6
-0.795, 7.591e-6
-0.796, 7.611e-6
-0.797, 7.633e-6
-0.798, 7.652e-6
-0.799, 7.671e-6
-0.800, 7.693e-6
-0.801, 7.712e-6
-0.802, 7.731e-6
-0.803, 7.750e-6
-0.804, 7.767e-6
-0.805, 7.786e-6
-0.806, 7.803e-6
-0.807, 7.821e-6
-0.808, 7.837e-6
-0.809, 7.853e-6
-0.810, 7.870e-6
-0.811, 7.885e-6
-0.812, 7.902e-6
-0.813, 7.917e-6
-0.814, 7.932e-6
-0.815, 7.946e-6
-0.816, 7.960e-6
-0.817, 7.974e-6
-0.818, 7.987e-6
-0.819, 8.003e-6
-0.820, 8.017e-6
-0.821, 8.028e-6
-0.822, 8.039e-6
-0.823, 8.050e-6
-0.824, 8.061e-6
-0.825, 8.073e-6
-0.826, 8.082e-6
-0.827, 8.094e-6
-0.828, 8.114e-6
-0.829, 8.126e-6
-0.830, 8.135e-6
-0.831, 8.141e-6
-0.832, 8.152e-6
-0.833, 8.159e-6
-0.834, 8.166e-6
-0.835, 8.174e-6
-0.836, 8.180e-6
-0.837, 8.187e-6
-0.838, 8.193e-6
-0.839, 8.200e-6
-0.840, 8.206e-6
-0.841, 8.211e-6
-0.842, 8.216e-6
-0.843, 8.222e-6
-0.844, 8.226e-6
-0.845, 8.232e-6
-0.846, 8.237e-6
-0.847, 8.240e-6
-0.848, 8.244e-6
-0.849, 8.247e-6
-0.850, 8.249e-6
-0.851, 8.252e-6
-0.852, 8.254e-6
-0.853, 8.255e-6
-0.854, 8.258e-6
-0.855, 8.259e-6
-0.856, 8.260e-6
-0.857, 8.261e-6
-0.858, 8.262e-6
-0.859, 8.261e-6
-0.860, 8.262e-6
-0.861, 8.263e-6
-0.862, 8.264e-6
-0.863, 8.262e-6
-0.864, 8.261e-6
-0.865, 8.261e-6
-0.866, 8.259e-6
-0.867, 8.257e-6
-0.868, 8.255e-6
-0.869, 8.253e-6
-0.870, 8.253e-6
-0.871, 8.252e-6
-0.872, 8.248e-6
-0.873, 8.246e-6
-0.874, 8.243e-6
-0.875, 8.240e-6
-0.876, 8.237e-6
-0.877, 8.233e-6
-0.878, 8.230e-6
-0.879, 8.226e-6
-0.880, 8.224e-6
-0.881, 8.219e-6
-0.882, 8.214e-6
-0.883, 8.211e-6
-0.884, 8.207e-6
-0.885, 8.202e-6
-0.886, 8.198e-6
-0.887, 8.192e-6
-0.888, 8.188e-6
-0.889, 8.195e-6
-0.890, 8.199e-6
-0.891, 8.195e-6
-0.892, 8.190e-6
-0.893, 8.184e-6
-0.894, 8.178e-6
-0.895, 8.174e-6
-0.896, 8.168e-6
-0.897, 8.162e-6
-0.898, 8.157e-6
-0.899, 8.150e-6
-0.900, 8.146e-6
-0.901, 8.137e-6
-0.902, 8.134e-6
-0.903, 8.127e-6
-0.904, 8.121e-6
-0.905, 8.115e-6
-0.906, 8.107e-6
-0.907, 8.103e-6
-0.908, 8.096e-6
-0.909, 8.091e-6
-0.910, 8.085e-6
-0.911, 8.078e-6
-0.912, 8.072e-6
-0.913, 8.066e-6
-0.914, 8.058e-6
-0.915, 8.053e-6
-0.916, 8.046e-6
-0.917, 8.039e-6
-0.918, 8.033e-6
-0.919, 8.027e-6
-0.920, 8.021e-6
-0.921, 8.014e-6
-0.922, 8.009e-6
-0.923, 8.002e-6
-0.924, 7.996e-6
-0.925, 7.989e-6
-0.926, 7.983e-6
-0.927, 7.975e-6
-0.928, 7.970e-6
-0.929, 7.964e-6
-0.930, 7.958e-6
-0.931, 7.950e-6
-0.932, 7.944e-6
-0.933, 7.936e-6
-0.934, 7.930e-6
-0.935, 7.925e-6
-0.936, 7.918e-6
-0.937, 7.910e-6
-0.938, 7.904e-6
-0.939, 7.897e-6
-0.940, 7.891e-6
-0.941, 7.885e-6
-0.942, 7.878e-6
-0.943, 7.871e-6
-0.944, 7.865e-6
-0.945, 7.860e-6
-0.946, 7.851e-6
-0.947, 7.846e-6
-0.948, 7.841e-6
-0.949, 7.833e-6
-0.950, 7.827e-6
-0.951, 7.820e-6
-0.952, 7.815e-6
-0.953, 7.808e-6
-0.954, 7.802e-6
-0.955, 7.797e-6
-0.956, 7.790e-6
-0.957, 7.782e-6
-0.958, 7.777e-6
-0.959, 7.770e-6
-0.960, 7.766e-6
-0.961, 7.760e-6
-0.962, 7.755e-6
-0.963, 7.749e-6
-0.964, 7.742e-6
-0.965, 7.736e-6
-0.966, 7.731e-6
-0.967, 7.726e-6
-0.968, 7.720e-6
-0.969, 7.713e-6
-0.970, 7.707e-6
-0.971, 7.702e-6
-0.972, 7.695e-6
-0.973, 7.692e-6
-0.974, 7.686e-6
-0.975, 7.680e-6
-0.976, 7.674e-6
-0.977, 7.668e-6
-0.978, 7.662e-6
-0.979, 7.657e-6
-0.980, 7.652e-6
-0.981, 7.646e-6
-0.982, 7.641e-6
-0.983, 7.636e-6
-0.984, 7.629e-6
-0.985, 7.624e-6
-0.986, 7.620e-6
-0.987, 7.617e-6
-0.988, 7.611e-6
-0.989, 7.606e-6
-0.990, 7.602e-6
-0.991, 7.595e-6
-0.992, 7.590e-6
-0.993, 7.586e-6
-0.994, 7.579e-6
-0.995, 7.575e-6
-0.996, 7.568e-6
-0.997, 7.574e-6
-0.998, 7.581e-6
-0.999, 7.577e-6
-1.000, 7.571e-6
-1.001, 7.566e-6
-1.002, 7.561e-6
-1.003, 7.555e-6
-1.004, 7.550e-6
-1.005, 7.546e-6
-1.006, 7.540e-6
-1.007, 7.536e-6
-1.008, 7.531e-6
-1.009, 7.527e-6
-1.010, 7.522e-6
-1.011, 7.517e-6
-1.012, 7.514e-6
-1.013, 7.509e-6
-1.014, 7.504e-6
-1.015, 7.499e-6
-1.016, 7.494e-6
-1.017, 7.492e-6
-1.018, 7.487e-6
-1.019, 7.484e-6
-1.020, 7.481e-6
-1.021, 7.476e-6
-1.022, 7.471e-6
-1.023, 7.466e-6
-1.024, 7.465e-6
-1.025, 7.462e-6
-1.026, 7.455e-6
-1.027, 7.452e-6
-1.028, 7.448e-6
-1.029, 7.443e-6
-1.030, 7.441e-6
-1.031, 7.436e-6
-1.032, 7.432e-6
-1.033, 7.427e-6
-1.034, 7.421e-6
-1.035, 7.417e-6
-1.036, 7.414e-6
-1.037, 7.411e-6
-1.038, 7.409e-6
-1.039, 7.404e-6
-1.040, 7.402e-6
-1.041, 7.396e-6
-1.042, 7.393e-6
-1.043, 7.390e-6
-1.044, 7.387e-6
-1.045, 7.383e-6
-1.046, 7.380e-6
-1.047, 7.376e-6
-1.048, 7.371e-6
-1.049, 7.368e-6
-1.050, 7.365e-6
-1.051, 7.362e-6
-1.052, 7.358e-6
-1.053, 7.354e-6
-1.054, 7.352e-6
-1.055, 7.349e-6
-1.056, 7.345e-6
-1.057, 7.342e-6
-1.058, 7.338e-6
-1.059, 7.335e-6
-1.060, 7.332e-6
-1.061, 7.328e-6
-1.062, 7.327e-6
-1.063, 7.323e-6
-1.064, 7.319e-6
-1.065, 7.318e-6
-1.066, 7.312e-6
-1.067, 7.307e-6
-1.068, 7.304e-6
-1.069, 7.301e-6
-1.070, 7.298e-6
-1.071, 7.294e-6
-1.072, 7.293e-6
-1.073, 7.292e-6
-1.074, 7.287e-6
-1.075, 7.286e-6
-1.076, 7.284e-6
-1.077, 7.279e-6
-1.078, 7.277e-6
-1.079, 7.273e-6
-1.080, 7.270e-6
-1.081, 7.268e-6
-1.082, 7.265e-6
-1.083, 7.262e-6
-1.084, 7.259e-6
-1.085, 7.256e-6
-1.086, 7.254e-6
-1.087, 7.251e-6
-1.088, 7.248e-6
-1.089, 7.245e-6
-1.090, 7.242e-6
-1.091, 7.240e-6
-1.092, 7.238e-6
-1.093, 7.235e-6
-1.094, 7.233e-6
-1.095, 7.229e-6
-1.096, 7.227e-6
-1.097, 7.226e-6
-1.098, 7.221e-6
-1.099, 7.221e-6
-1.100, 7.218e-6
-1.101, 7.216e-6
-1.102, 7.214e-6
-1.103, 7.211e-6
-1.104, 7.209e-6
-1.105, 7.207e-6
-1.106, 7.204e-6
-1.107, 7.203e-6
-1.108, 7.200e-6
-1.109, 7.197e-6
-1.110, 7.195e-6
-1.111, 7.193e-6
-1.112, 7.191e-6
-1.113, 7.190e-6
-1.114, 7.187e-6
-1.115, 7.185e-6
-1.116, 7.183e-6
-1.117, 7.182e-6
-1.118, 7.179e-6
-1.119, 7.176e-6
-1.120, 7.175e-6
-1.121, 7.175e-6
-1.122, 7.173e-6
-1.123, 7.171e-6
-1.124, 7.167e-6
-1.125, 7.166e-6
-1.126, 7.165e-6
-1.127, 7.163e-6
-1.128, 7.160e-6
-1.129, 7.159e-6
-1.130, 7.158e-6
-1.131, 7.156e-6
-1.132, 7.155e-6
-1.133, 7.153e-6
-1.134, 7.152e-6
-1.135, 7.151e-6
-1.136, 7.148e-6
-1.137, 7.147e-6
-1.138, 7.144e-6
-1.139, 7.143e-6
-1.140, 7.143e-6
-1.141, 7.142e-6
-1.142, 7.141e-6
-1.143, 7.140e-6
-1.144, 7.139e-6
-1.145, 7.139e-6
-1.146, 7.137e-6
-1.147, 7.136e-6
-1.148, 7.135e-6
-1.149, 7.132e-6
-1.150, 7.131e-6
-1.151, 7.130e-6
-1.152, 7.131e-6
-1.153, 7.129e-6
-1.154, 7.129e-6
-1.155, 7.130e-6
-1.156, 7.128e-6
-1.157, 7.127e-6
-1.158, 7.126e-6
-1.159, 7.124e-6
-1.160, 7.123e-6
-1.161, 7.123e-6
-1.162, 7.122e-6
-1.163, 7.121e-6
-1.164, 7.120e-6
-1.165, 7.120e-6
-1.166, 7.120e-6
-1.167, 7.120e-6
-1.168, 7.120e-6
-1.169, 7.119e-6
-1.170, 7.119e-6
-1.171, 7.117e-6
-1.172, 7.118e-6
-1.173, 7.117e-6
-1.174, 7.116e-6
-1.175, 7.116e-6
-1.176, 7.116e-6
-1.177, 7.116e-6
-1.178, 7.117e-6
-1.179, 7.116e-6
-1.180, 7.117e-6
-1.181, 7.115e-6
-1.182, 7.116e-6
-1.183, 7.116e-6
-1.184, 7.116e-6
-1.185, 7.117e-6
-1.186, 7.115e-6
-1.187, 7.116e-6
-1.188, 7.116e-6
-1.189, 7.116e-6
-1.190, 7.117e-6
-1.191, 7.115e-6
-1.192, 7.116e-6
-1.193, 7.116e-6
-1.194, 7.117e-6
-1.195, 7.117e-6
-1.196, 7.116e-6
-1.197, 7.118e-6
-1.198, 7.117e-6
-1.199, 7.118e-6
-1.200, 7.118e-6
-1.201, 7.118e-6
-1.202, 7.118e-6
-1.203, 7.117e-6
-1.204, 7.119e-6
-1.205, 7.119e-6
-1.206, 7.120e-6
-1.207, 7.123e-6
-1.208, 7.121e-6
-1.209, 7.123e-6
-1.210, 7.123e-6
-1.211, 7.124e-6
-1.212, 7.123e-6
-1.213, 7.123e-6
-1.214, 7.125e-6
-1.215, 7.125e-6
-1.216, 7.127e-6
-1.217, 7.127e-6
-1.218, 7.127e-6
-1.219, 7.127e-6
-1.220, 7.129e-6
-1.221, 7.129e-6
-1.222, 7.132e-6
-1.223, 7.131e-6
-1.224, 7.131e-6
-1.225, 7.133e-6
-1.226, 7.134e-6
-1.227, 7.135e-6
-1.228, 7.136e-6
-1.229, 7.141e-6
-1.230, 7.143e-6
-1.231, 7.141e-6
-1.232, 7.143e-6
-1.233, 7.144e-6
-1.234, 7.144e-6
-1.235, 7.146e-6
-1.236, 7.146e-6
-1.237, 7.148e-6
-1.238, 7.149e-6
-1.239, 7.149e-6
-1.240, 7.151e-6
-1.241, 7.152e-6
-1.242, 7.155e-6
-1.243, 7.156e-6
-1.244, 7.157e-6
-1.245, 7.158e-6
-1.246, 7.161e-6
-1.247, 7.162e-6
-1.248, 7.163e-6
-1.249, 7.165e-6
-1.250, 7.166e-6
-1.251, 7.167e-6
-1.252, 7.170e-6
-1.253, 7.169e-6
-1.254, 7.172e-6
-1.255, 7.173e-6
-1.256, 7.175e-6
-1.257, 7.177e-6
-1.258, 7.179e-6
-1.259, 7.180e-6
-1.260, 7.182e-6
-1.261, 7.183e-6
-1.262, 7.186e-6
-1.263, 7.187e-6
-1.264, 7.189e-6
-1.265, 7.191e-6
-1.266, 7.192e-6
-1.267, 7.196e-6
-1.268, 7.197e-6
-1.269, 7.199e-6
-1.270, 7.202e-6
-1.271, 7.204e-6
-1.272, 7.210e-6
-1.273, 7.209e-6
-1.274, 7.211e-6
-1.275, 7.214e-6
-1.276, 7.216e-6
-1.277, 7.219e-6
-1.278, 7.223e-6
-1.279, 7.224e-6
-1.280, 7.228e-6
-1.281, 7.231e-6
-1.282, 7.233e-6
-1.283, 7.236e-6
-1.284, 7.237e-6
-1.285, 7.237e-6
-1.286, 7.239e-6
-1.287, 7.242e-6
-1.288, 7.244e-6
-1.289, 7.247e-6
-1.290, 7.249e-6
-1.291, 7.252e-6
-1.292, 7.256e-6
-1.293, 7.258e-6
-1.294, 7.261e-6
-1.295, 7.263e-6
-1.296, 7.265e-6
-1.297, 7.268e-6
-1.298, 7.270e-6
-1.299, 7.274e-6
-1.300, 7.276e-6
-1.301, 7.280e-6
-1.302, 7.284e-6
-1.303, 7.285e-6
-1.304, 7.288e-6
-1.305, 7.291e-6
-1.306, 7.296e-6
-1.307, 7.300e-6
-1.308, 7.302e-6
-1.309, 7.306e-6
-1.310, 7.309e-6
-1.311, 7.312e-6
-1.312, 7.316e-6
-1.313, 7.318e-6
-1.314, 7.321e-6
-1.315, 7.324e-6
-1.316, 7.329e-6
-1.317, 7.332e-6
-1.318, 7.335e-6
-1.319, 7.339e-6
-1.320, 7.343e-6
-1.321, 7.346e-6
-1.322, 7.351e-6
-1.323, 7.354e-6
-1.324, 7.359e-6
-1.325, 7.361e-6
-1.326, 7.366e-6
-1.327, 7.368e-6
-1.328, 7.371e-6
-1.329, 7.377e-6
-1.330, 7.379e-6
-1.331, 7.383e-6
-1.332, 7.388e-6
-1.333, 7.391e-6
-1.334, 7.395e-6
-1.335, 7.398e-6
-1.336, 7.402e-6
-1.337, 7.408e-6
-1.338, 7.410e-6
-1.339, 7.416e-6
-1.340, 7.419e-6
-1.341, 7.424e-6
-1.342, 7.429e-6
-1.343, 7.432e-6
-1.344, 7.438e-6
-1.345, 7.443e-6
-1.346, 7.444e-6
-1.347, 7.454e-6
-1.348, 7.454e-6
-1.349, 7.459e-6
-1.350, 7.464e-6
-1.351, 7.469e-6
-1.352, 7.474e-6
-1.353, 7.478e-6
-1.354, 7.482e-6
-1.355, 7.489e-6
-1.356, 7.493e-6
-1.357, 7.498e-6
-1.358, 7.502e-6
-1.359, 7.506e-6
-1.360, 7.511e-6
-1.361, 7.517e-6
-1.362, 7.520e-6
-1.363, 7.525e-6
-1.364, 7.531e-6
-1.365, 7.535e-6
-1.366, 7.539e-6
-1.367, 7.543e-6
-1.368, 7.547e-6
-1.369, 7.554e-6
-1.370, 7.558e-6
-1.371, 7.564e-6
-1.372, 7.569e-6
-1.373, 7.572e-6
-1.374, 7.579e-6
-1.375, 7.583e-6
-1.376, 7.588e-6
-1.377, 7.594e-6
-1.378, 7.598e-6
-1.379, 7.604e-6
-1.380, 7.609e-6
-1.381, 7.614e-6
-1.382, 7.620e-6
-1.383, 7.626e-6
-1.384, 7.631e-6
-1.385, 7.638e-6
-1.386, 7.642e-6
-1.387, 7.649e-6
-1.388, 7.654e-6
-1.389, 7.658e-6
-1.390, 7.664e-6
-1.391, 7.669e-6
-1.392, 7.676e-6
-1.393, 7.681e-6
-1.394, 7.686e-6
-1.395, 7.693e-6
-1.396, 7.699e-6
-1.397, 7.704e-6
-1.398, 7.710e-6
-1.399, 7.715e-6
-1.400, 7.721e-6
-1.401, 7.727e-6
-1.402, 7.734e-6
-1.403, 7.740e-6
-1.404, 7.748e-6
-1.405, 7.752e-6
-1.406, 7.760e-6
-1.407, 7.765e-6
-1.408, 7.769e-6
-1.409, 7.777e-6
-1.410, 7.781e-6
-1.411, 7.788e-6
-1.412, 7.794e-6
-1.413, 7.800e-6
-1.414, 7.808e-6
-1.415, 7.813e-6
-1.416, 7.819e-6
-1.417, 7.827e-6
-1.418, 7.831e-6
-1.419, 7.839e-6
-1.420, 7.845e-6
-1.421, 7.852e-6
-1.422, 7.862e-6
-1.423, 7.867e-6
-1.424, 7.873e-6
-1.425, 7.880e-6
-1.426, 7.886e-6
-1.427, 7.894e-6
-1.428, 7.900e-6
-1.429, 7.907e-6
-1.430, 7.915e-6
-1.431, 7.920e-6
-1.432, 7.929e-6
-1.433, 7.935e-6
-1.434, 7.945e-6
-1.435, 7.952e-6
-1.436, 7.959e-6
-1.437, 7.966e-6
-1.438, 7.976e-6
-1.439, 7.981e-6
-1.440, 7.990e-6
-1.441, 7.997e-6
-1.442, 8.005e-6
-1.443, 8.012e-6
-1.444, 8.021e-6
-1.445, 8.028e-6
-1.446, 8.035e-6
-1.447, 8.043e-6
-1.448, 8.050e-6
-1.449, 8.059e-6
-1.450, 8.067e-6
-1.451, 8.076e-6
-1.452, 8.084e-6
-1.453, 8.091e-6
-1.454, 8.099e-6
-1.455, 8.107e-6
-1.456, 8.115e-6
-1.457, 8.125e-6
-1.458, 8.132e-6
-1.459, 8.142e-6
-1.460, 8.150e-6
-1.461, 8.159e-6
-1.462, 8.170e-6
-1.463, 8.180e-6
-1.464, 8.189e-6
-1.465, 8.200e-6
-1.466, 8.208e-6
-1.467, 8.219e-6
-1.468, 8.227e-6
-1.469, 8.238e-6
-1.470, 8.248e-6
-1.471, 8.256e-6
-1.472, 8.268e-6
-1.473, 8.276e-6
-1.474, 8.286e-6
-1.475, 8.295e-6
-1.476, 8.305e-6
-1.477, 8.315e-6
-1.478, 8.325e-6
-1.479, 8.333e-6
-1.480, 8.344e-6
-1.481, 8.353e-6
-1.482, 8.364e-6
-1.483, 8.372e-6
-1.484, 8.385e-6
-1.485, 8.397e-6
-1.486, 8.409e-6
-1.487, 8.418e-6
-1.488, 8.430e-6
-1.489, 8.442e-6
-1.490, 8.451e-6
-1.491, 8.463e-6
-1.492, 8.476e-6
-1.493, 8.486e-6
-1.494, 8.500e-6
-1.495, 8.510e-6
-1.496, 8.522e-6
-1.497, 8.536e-6
-1.498, 8.546e-6
-1.499, 8.559e-6
-1.500, 8.571e-6
-1.501, 8.583e-6
-1.502, 8.595e-6
-1.503, 8.605e-6
-1.504, 8.619e-6
-1.505, 8.630e-6
-1.506, 8.642e-6
-1.507, 8.655e-6
-1.508, 8.668e-6
-1.509, 8.680e-6
-1.510, 8.696e-6
-1.511, 8.709e-6
-1.512, 8.724e-6
-1.513, 8.736e-6
-1.514, 8.750e-6
-1.515, 8.764e-6
-1.516, 8.778e-6
-1.517, 8.793e-6
-1.518, 8.808e-6
-1.519, 8.822e-6
-1.520, 8.836e-6
-1.521, 8.851e-6
-1.522, 8.863e-6
-1.523, 8.878e-6
-1.524, 8.894e-6
-1.525, 8.907e-6
-1.526, 8.923e-6
-1.527, 8.938e-6
-1.528, 8.952e-6
-1.529, 8.970e-6
-1.530, 8.987e-6
-1.531, 9.007e-6
-1.532, 9.024e-6
-1.533, 9.036e-6
-1.534, 9.054e-6
-1.535, 9.072e-6
-1.536, 9.090e-6
-1.537, 9.105e-6
-1.538, 9.121e-6
-1.539, 9.137e-6
-1.540, 9.154e-6
-1.541, 9.171e-6
-1.542, 9.191e-6
-1.543, 9.207e-6
-1.544, 9.227e-6
-1.545, 9.246e-6
-1.546, 9.265e-6
-1.547, 9.283e-6
-1.548, 9.300e-6
-1.549, 9.322e-6
-1.550, 9.341e-6
-1.551, 9.357e-6
-1.552, 9.375e-6
-1.553, 9.394e-6
-1.554, 9.413e-6
-1.555, 9.432e-6
-1.556, 9.451e-6
-1.557, 9.471e-6
-1.558, 9.493e-6
-1.559, 9.514e-6
-1.560, 9.533e-6
-1.561, 9.553e-6
-1.562, 9.576e-6
-1.563, 9.596e-6
-1.564, 9.617e-6
-1.565, 9.637e-6
-1.566, 9.657e-6
-1.567, 9.676e-6
-1.568, 9.701e-6
-1.569, 9.723e-6
-1.570, 9.745e-6
-1.571, 9.768e-6
-1.572, 9.789e-6
-1.573, 9.812e-6
-1.574, 9.838e-6
-1.575, 9.860e-6
-1.576, 9.882e-6
-1.577, 9.906e-6
-1.578, 9.927e-6
-1.579, 9.951e-6
-1.580, 9.975e-6
-1.581, 1.000e-5
-1.582, 1.003e-5
-1.583, 1.005e-5
-1.584, 1.007e-5
-1.585, 1.010e-5
-1.586, 1.012e-5
-1.587, 1.015e-5
-1.588, 1.018e-5
-1.589, 1.020e-5
-1.590, 1.022e-5
-1.591, 1.025e-5
-1.592, 1.027e-5
-1.593, 1.030e-5
-1.594, 1.032e-5
-1.595, 1.035e-5
-1.596, 1.038e-5
-1.597, 1.041e-5
-1.598, 1.043e-5
-1.599, 1.046e-5
-1.600, 1.049e-5
-1.601, 1.052e-5
-1.602, 1.055e-5
-1.603, 1.058e-5
-1.604, 1.060e-5
-1.605, 1.063e-5
-1.606, 1.067e-5
-1.607, 1.069e-5
-1.608, 1.072e-5
-1.609, 1.076e-5
-1.610, 1.078e-5
-1.611, 1.081e-5
-1.612, 1.085e-5
-1.613, 1.088e-5
-1.614, 1.091e-5
-1.615, 1.094e-5
-1.616, 1.097e-5
-1.617, 1.101e-5
-1.618, 1.104e-5
-1.619, 1.107e-5
-1.620, 1.111e-5
-1.621, 1.114e-5
-1.622, 1.117e-5
-1.623, 1.121e-5
-1.624, 1.124e-5
-1.625, 1.128e-5
-1.626, 1.131e-5
-1.627, 1.135e-5
-1.628, 1.138e-5
-1.629, 1.142e-5
-1.630, 1.146e-5
-1.631, 1.149e-5
-1.632, 1.153e-5
-1.633, 1.157e-5
-1.634, 1.160e-5
-1.635, 1.164e-5
-1.636, 1.168e-5
-1.637, 1.172e-5
-1.638, 1.177e-5
-1.639, 1.181e-5
-1.640, 1.185e-5
-1.641, 1.189e-5
-1.642, 1.193e-5
-1.643, 1.197e-5
-1.644, 1.201e-5
-1.645, 1.204e-5
-1.646, 1.208e-5
-1.647, 1.212e-5
-1.648, 1.216e-5
-1.649, 1.221e-5
-1.650, 1.225e-5
-1.651, 1.230e-5
-1.652, 1.234e-5
-1.653, 1.239e-5
-1.654, 1.244e-5
-1.655, 1.249e-5
-1.656, 1.254e-5
-1.657, 1.259e-5
-1.658, 1.263e-5
-1.659, 1.269e-5
-1.660, 1.274e-5
-1.661, 1.279e-5
-1.662, 1.284e-5
-1.663, 1.289e-5
-1.664, 1.295e-5
-1.665, 1.300e-5
-1.666, 1.306e-5
-1.667, 1.311e-5
-1.668, 1.317e-5
-1.669, 1.323e-5
-1.670, 1.329e-5
-1.671, 1.334e-5
-1.672, 1.340e-5
-1.673, 1.346e-5
-1.674, 1.353e-5
-1.675, 1.359e-5
-1.676, 1.365e-5
-1.677, 1.371e-5
-1.678, 1.378e-5
-1.679, 1.384e-5
-1.680, 1.391e-5
-1.681, 1.398e-5
-1.682, 1.404e-5
-1.683, 1.411e-5
-1.684, 1.417e-5
-1.685, 1.424e-5
-1.686, 1.431e-5
-1.687, 1.439e-5
-1.688, 1.446e-5
-1.689, 1.454e-5
-1.690, 1.462e-5
-1.691, 1.470e-5
-1.692, 1.477e-5
-1.693, 1.485e-5
-1.694, 1.493e-5
-1.695, 1.501e-5
-1.696, 1.509e-5
-1.697, 1.518e-5
-1.698, 1.526e-5
-1.699, 1.534e-5
-1.700, 1.544e-5
-1.701, 1.553e-5
-1.702, 1.561e-5
-1.703, 1.571e-5
-1.704, 1.580e-5
-1.705, 1.590e-5
-1.706, 1.599e-5
-1.707, 1.609e-5
-1.708, 1.618e-5
-1.709, 1.629e-5
-1.710, 1.639e-5
-1.711, 1.649e-5
-1.712, 1.659e-5
-1.713, 1.670e-5
-1.714, 1.681e-5
-1.715, 1.692e-5
-1.716, 1.702e-5
-1.717, 1.714e-5
-1.718, 1.725e-5
-1.719, 1.736e-5
-1.720, 1.748e-5
-1.721, 1.760e-5
-1.722, 1.772e-5
-1.723, 1.784e-5
-1.724, 1.796e-5
-1.725, 1.809e-5
-1.726, 1.821e-5
-1.727, 1.834e-5
-1.728, 1.847e-5
-1.729, 1.860e-5
-1.730, 1.874e-5
-1.731, 1.888e-5
-1.732, 1.902e-5
-1.733, 1.916e-5
-1.734, 1.930e-5
-1.735, 1.945e-5
-1.736, 1.960e-5
-1.737, 1.975e-5
-1.738, 1.990e-5
-1.739, 2.006e-5
-1.740, 2.021e-5
-1.741, 2.037e-5
-1.742, 2.053e-5
-1.743, 2.069e-5
-1.744, 2.086e-5
-1.745, 2.103e-5
-1.746, 2.120e-5
-1.747, 2.138e-5
-1.748, 2.155e-5
-1.749, 2.173e-5
-1.750, 2.191e-5
-1.751, 2.209e-5
-1.752, 2.228e-5
-1.753, 2.247e-5
-1.754, 2.266e-5
-1.755, 2.286e-5
-1.756, 2.306e-5
-1.757, 2.327e-5
-1.758, 2.348e-5
-1.759, 2.368e-5
-1.760, 2.390e-5
-1.761, 2.414e-5
-1.762, 2.436e-5
-1.763, 2.457e-5
-1.764, 2.480e-5
-1.765, 2.503e-5
-1.766, 2.526e-5
-1.767, 2.550e-5
-1.768, 2.576e-5
-1.769, 2.600e-5
-1.770, 2.623e-5
-1.771, 2.649e-5
-1.772, 2.675e-5
-1.773, 2.702e-5
-1.774, 2.731e-5
-1.775, 2.756e-5
-1.776, 2.780e-5
-1.777, 2.806e-5
-1.778, 2.833e-5
-1.779, 2.861e-5
-1.780, 2.891e-5
-1.781, 2.922e-5
-1.782, 2.953e-5
-1.783, 2.985e-5
-1.784, 3.017e-5
-1.785, 3.048e-5
-1.786, 3.082e-5
-1.787, 3.116e-5
-1.788, 3.149e-5
-1.789, 3.185e-5
-1.790, 3.222e-5
-1.791, 3.257e-5
-1.792, 3.294e-5
-1.793, 3.332e-5
-1.794, 3.368e-5
-1.795, 3.408e-5
-1.796, 3.450e-5
-1.797, 3.490e-5
-1.798, 3.530e-5
-1.799, 3.571e-5
-1.800, 3.613e-5
-1.801, 3.660e-5
-1.802, 3.703e-5
-1.803, 3.748e-5
-1.804, 3.791e-5
-1.805, 3.836e-5
-1.806, 3.885e-5
-1.807, 3.934e-5
-1.808, 3.982e-5
-1.809, 4.032e-5
-1.810, 4.085e-5
-1.811, 4.136e-5
-1.812, 4.186e-5
-1.813, 4.237e-5
-1.814, 4.291e-5
-1.815, 4.344e-5
-1.816, 4.399e-5
-1.817, 4.454e-5
-1.818, 4.510e-5
-1.819, 4.567e-5
-1.820, 4.627e-5
-1.821, 4.687e-5
-1.822, 4.753e-5
-1.823, 4.821e-5
-1.824, 4.887e-5
-1.825, 4.950e-5
-1.826, 5.012e-5
-1.827, 5.077e-5
-1.828, 5.147e-5
-1.829, 5.214e-5
-1.830, 5.282e-5
-1.831, 5.356e-5
-1.832, 5.431e-5
-1.833, 5.504e-5
-1.834, 5.591e-5
-1.835, 5.673e-5
-1.836, 5.749e-5
-1.837, 5.825e-5
-1.838, 5.905e-5
-1.839, 5.974e-5
-1.840, 6.051e-5
-1.841, 6.132e-5
-1.842, 6.214e-5
-1.843, 6.304e-5
-1.844, 6.397e-5
-1.845, 6.483e-5
-1.846, 6.578e-5
-1.847, 6.665e-5
-1.848, 6.756e-5
-1.849, 6.848e-5
-1.850, 6.943e-5
-1.851, 7.043e-5
-1.852, 7.152e-5
-1.853, 7.261e-5
-1.854, 7.360e-5
-1.855, 7.463e-5
-1.856, 7.562e-5
-1.857, 7.673e-5
-1.858, 7.783e-5
-1.859, 7.908e-5
-1.860, 8.024e-5
-1.861, 8.125e-5
-1.862, 8.234e-5
-1.863, 8.345e-5
-1.864, 8.462e-5
-1.865, 8.574e-5
-1.866, 8.681e-5
-1.867, 8.790e-5
-1.868, 8.886e-5
-1.869, 9.003e-5
-1.870, 9.124e-5
-1.871, 9.234e-5
-1.872, 9.367e-5
-1.873, 9.502e-5
-1.874, 9.614e-5
-1.875, 9.737e-5
-1.876, 9.842e-5
-1.877, 9.953e-5
-1.878, 1.008e-4
-1.879, 1.021e-4
-1.880, 1.034e-4
-1.881, 1.048e-4
-1.882, 1.064e-4
-1.883, 1.079e-4
-1.884, 1.094e-4
-1.885, 1.110e-4
-1.886, 1.125e-4
-1.887, 1.139e-4
-1.888, 1.155e-4
-1.889, 1.172e-4
-1.890, 1.186e-4
-1.891, 1.201e-4
-1.892, 1.218e-4
-1.893, 1.234e-4
-1.894, 1.251e-4
-1.895, 1.268e-4
-1.896, 1.284e-4
-1.897, 1.302e-4
-1.898, 1.321e-4
-1.899, 1.337e-4
-1.900, 1.355e-4
-1.901, 1.374e-4
-1.902, 1.391e-4
-1.903, 1.412e-4
-1.904, 1.431e-4
-1.905, 1.450e-4
-1.906, 1.471e-4
-1.907, 1.491e-4
-1.908, 1.512e-4
-1.909, 1.534e-4
-1.910, 1.552e-4
-1.911, 1.574e-4
-1.912, 1.593e-4
-1.913, 1.614e-4
-1.914, 1.634e-4
-1.915, 1.655e-4
-1.916, 1.676e-4
-1.917, 1.697e-4
-1.918, 1.721e-4
-1.919, 1.744e-4
-1.920, 1.769e-4
-1.921, 1.792e-4
-1.922, 1.817e-4
-1.923, 1.842e-4
-1.924, 1.865e-4
-1.925, 1.890e-4
-1.926, 1.913e-4
-1.927, 1.938e-4
-1.928, 1.961e-4
-1.929, 1.984e-4
-1.930, 2.008e-4
-1.931, 2.031e-4
-1.932, 2.058e-4
-1.933, 2.084e-4
-1.934, 2.109e-4
-1.935, 2.134e-4
-1.936, 2.161e-4
-1.937, 2.185e-4
-1.938, 2.212e-4
-1.939, 2.239e-4
-1.940, 2.266e-4
-1.941, 2.291e-4
-1.942, 2.316e-4
-1.943, 2.341e-4
-1.944, 2.368e-4
-1.945, 2.393e-4
-1.946, 2.422e-4
-1.947, 2.449e-4
-1.948, 2.474e-4
-1.949, 2.501e-4
-1.950, 2.527e-4
-1.951, 2.558e-4
-1.952, 2.587e-4
-1.953, 2.617e-4
-1.954, 2.647e-4
-1.955, 2.676e-4
-1.956, 2.704e-4
-1.957, 2.731e-4
-1.958, 2.761e-4
-1.959, 2.790e-4
-1.960, 2.822e-4
-1.961, 2.853e-4
-1.962, 2.884e-4
-1.963, 2.915e-4
-1.964, 2.944e-4
-1.965, 2.971e-4
-1.966, 2.998e-4
-1.967, 3.029e-4
-1.968, 3.063e-4
-1.969, 3.092e-4
-1.970, 3.124e-4
-1.971, 3.155e-4
-1.972, 3.182e-4
-1.973, 3.214e-4
-1.974, 3.245e-4
-1.975, 3.271e-4
-1.976, 3.304e-4
-1.977, 3.337e-4
-1.978, 3.365e-4
-1.979, 3.402e-4
-1.980, 3.432e-4
-1.981, 3.457e-4
-1.982, 3.491e-4
-1.983, 3.521e-4
-1.984, 3.553e-4
-1.985, 3.586e-4
-1.986, 3.618e-4
-1.987, 3.654e-4
-1.988, 3.683e-4
-1.989, 3.713e-4
-1.990, 3.749e-4
-1.991, 3.783e-4
-1.992, 3.817e-4
-1.993, 3.853e-4
-1.994, 3.889e-4
-1.995, 3.923e-4
-1.996, 3.956e-4
-1.997, 3.991e-4
-1.998, 4.027e-4
-1.999, 4.059e-4
-2.000, 4.096e-4
-2.001, 4.131e-4
-2.002, 4.172e-4
-2.003, 4.211e-4
-2.004, 4.247e-4
-2.005, 4.286e-4
-2.006, 4.326e-4
-2.007, 4.365e-4
-2.008, 4.406e-4
-2.009, 4.442e-4
-2.010, 4.485e-4
-2.011, 4.524e-4
-2.012, 4.566e-4
-2.013, 4.607e-4
-2.014, 4.650e-4
-2.015, 4.692e-4
-2.016, 4.736e-4
-2.017, 4.777e-4
-2.018, 4.816e-4
-2.019, 4.857e-4
-2.020, 4.900e-4
-2.021, 4.947e-4
-2.022, 4.992e-4
-2.023, 5.034e-4
-2.024, 5.077e-4
-2.025, 5.126e-4
-2.026, 5.171e-4
-2.027, 5.218e-4
-2.028, 5.262e-4
-2.029, 5.314e-4
-2.030, 5.358e-4
-2.031, 5.405e-4
-2.032, 5.456e-4
-2.033, 5.504e-4
-2.034, 5.546e-4
-2.035, 5.594e-4
-2.036, 5.641e-4
-2.037, 5.691e-4
-2.038, 5.739e-4
-2.039, 5.786e-4
-2.040, 5.838e-4
-2.041, 5.888e-4
-2.042, 5.937e-4
-2.043, 5.988e-4
-2.044, 6.033e-4
-2.045, 6.079e-4
-2.046, 6.129e-4
-2.047, 6.178e-4
-2.048, 6.231e-4
-2.049, 6.282e-4
-2.050, 6.330e-4
-2.051, 6.386e-4
-2.052, 6.438e-4
-2.053, 6.493e-4
-2.054, 6.546e-4
-2.055, 6.600e-4
-2.056, 6.650e-4
-2.057, 6.696e-4
-2.058, 6.746e-4
-2.059, 6.797e-4
-2.060, 6.852e-4
-2.061, 6.909e-4
-2.062, 6.958e-4
-2.063, 7.009e-4
-2.064, 7.061e-4
-2.065, 7.109e-4
-2.066, 7.161e-4
-2.067, 7.216e-4
-2.068, 7.276e-4
-2.069, 7.329e-4
-2.070, 7.390e-4
-2.071, 7.450e-4
-2.072, 7.508e-4
-2.073, 7.565e-4
-2.074, 7.622e-4
-2.075, 7.680e-4
-2.076, 7.737e-4
-2.077, 7.791e-4
-2.078, 7.853e-4
-2.079, 7.914e-4
-2.080, 7.972e-4
-2.081, 8.033e-4
-2.082, 8.083e-4
-2.083, 8.138e-4
-2.084, 8.194e-4
-2.085, 8.262e-4
-2.086, 8.327e-4
-2.087, 8.390e-4
-2.088, 8.459e-4
-2.089, 8.519e-4
-2.090, 8.580e-4
-2.091, 8.647e-4
-2.092, 8.708e-4
-2.093, 8.761e-4
-2.094, 8.818e-4
-2.095, 8.872e-4
-2.096, 8.923e-4
-2.097, 8.977e-4
-2.098, 9.034e-4
-2.099, 9.099e-4
-2.100, 9.160e-4
-2.101, 9.226e-4
-2.102, 9.293e-4
-2.103, 9.358e-4
-2.104, 9.423e-4
-2.105, 9.484e-4
-2.106, 9.550e-4
-2.107, 9.606e-4
-2.108, 9.665e-4
-2.109, 9.727e-4
-2.110, 9.791e-4
-2.111, 9.855e-4
-2.112, 9.911e-4
-2.113, 9.969e-4
-2.114, 1.003e-3
-2.115, 1.009e-3
-2.116, 1.011e-3
-2.117, 1.011e-3
-2.118, 1.011e-3
-2.119, 1.011e-3
-2.120, 1.011e-3
-2.121, 1.011e-3
-2.122, 1.011e-3
-2.123, 1.011e-3
-2.124, 1.011e-3
-2.125, 1.011e-3
-2.126, 1.011e-3
-2.127, 1.011e-3
-2.128, 1.011e-3
-2.129, 1.011e-3
-2.130, 1.011e-3
-2.131, 1.011e-3
-2.132, 1.011e-3
-2.133, 1.011e-3
-2.134, 1.011e-3
-2.135, 1.011e-3
-2.136, 1.011e-3
-2.137, 1.011e-3
-2.138, 1.011e-3
-2.139, 1.011e-3
-2.140, 1.011e-3
-2.141, 1.011e-3
-2.142, 1.011e-3
-2.143, 1.011e-3
-2.144, 1.011e-3
-2.145, 1.011e-3
-2.146, 1.011e-3
-2.147, 1.011e-3
-2.148, 1.011e-3
-2.149, 1.011e-3
-2.150, 1.011e-3
-2.151, 1.011e-3
-2.152, 1.011e-3
-2.153, 1.011e-3
-2.154, 1.011e-3
-2.155, 1.011e-3
-2.156, 1.011e-3
-2.157, 1.011e-3
-2.158, 1.011e-3
-2.159, 1.011e-3
-2.160, 1.011e-3
-2.161, 1.011e-3
-2.162, 1.011e-3
-2.163, 1.011e-3
-2.164, 1.011e-3
-2.165, 1.011e-3
-2.166, 1.011e-3
-2.167, 1.011e-3
-2.168, 1.011e-3
-2.169, 1.011e-3
-2.170, 1.011e-3
-2.171, 1.011e-3
-2.172, 1.011e-3
-2.173, 1.011e-3
-2.174, 1.011e-3
-2.175, 1.011e-3
-2.176, 1.011e-3
-2.177, 1.011e-3
-2.178, 1.011e-3
-2.179, 1.011e-3
-2.180, 1.011e-3
-2.181, 1.011e-3
-2.182, 1.011e-3
-2.183, 1.011e-3
-2.184, 1.011e-3
-2.185, 1.011e-3
-2.186, 1.011e-3
-2.187, 1.011e-3
-2.188, 1.011e-3
-2.189, 1.011e-3
-2.190, 1.011e-3
-2.191, 1.011e-3
-2.192, 1.011e-3
-2.193, 1.011e-3
-2.194, 1.011e-3
-2.195, 1.011e-3
-2.196, 1.011e-3
-2.197, 1.011e-3
-2.198, 1.011e-3
-2.199, 1.011e-3
-2.200, 1.011e-3
-2.201, 1.011e-3
-2.202, 1.011e-3
-2.203, 1.011e-3
-2.204, 1.011e-3
-2.205, 1.011e-3
-2.206, 1.011e-3
-2.207, 1.011e-3
-2.208, 1.011e-3
-2.209, 1.011e-3
-2.210, 1.011e-3
-2.211, 1.011e-3
-2.212, 1.011e-3
-2.213, 1.011e-3
-2.214, 1.011e-3
-2.215, 1.011e-3
-2.216, 1.011e-3
-2.217, 1.011e-3
-2.218, 1.011e-3
-2.219, 1.011e-3
-2.220, 1.011e-3
-2.221, 1.011e-3
-2.222, 1.011e-3
-2.223, 1.011e-3
-2.224, 1.011e-3
-2.225, 1.011e-3
-2.226, 1.011e-3
-2.227, 1.011e-3
-2.228, 1.011e-3
-2.229, 1.011e-3
-2.230, 1.011e-3
-2.231, 1.011e-3
-2.232, 1.011e-3
-2.233, 1.011e-3
-2.234, 1.011e-3
-2.235, 1.011e-3
-2.236, 1.011e-3
-2.237, 1.011e-3
-2.238, 1.011e-3
-2.239, 1.011e-3
-2.240, 1.011e-3
-2.241, 1.011e-3
-2.242, 1.011e-3
-2.243, 1.011e-3
-2.244, 1.011e-3
-2.245, 1.011e-3
-2.246, 1.011e-3
-2.247, 1.011e-3
-2.248, 1.011e-3
-2.249, 1.011e-3
-2.250, 1.011e-3
-2.251, 1.011e-3
-2.252, 1.011e-3
-2.253, 1.011e-3
-2.254, 1.011e-3
-2.255, 1.011e-3
-2.256, 1.011e-3
-2.257, 1.011e-3
-2.258, 1.011e-3
-2.259, 1.011e-3
-2.260, 1.011e-3
-2.261, 1.011e-3
-2.262, 1.011e-3
-2.263, 1.011e-3
-2.264, 1.011e-3
-2.265, 1.011e-3
-2.266, 1.011e-3
-2.267, 1.011e-3
-2.268, 1.011e-3
-2.269, 1.011e-3
-2.270, 1.011e-3
-2.271, 1.011e-3
-2.272, 1.011e-3
-2.273, 1.011e-3
-2.274, 1.011e-3
-2.275, 1.011e-3
-2.276, 1.011e-3
-2.277, 1.011e-3
-2.278, 1.011e-3
-2.279, 1.011e-3
-2.280, 1.011e-3
-2.281, 1.011e-3
-2.282, 1.011e-3
-2.283, 1.011e-3
-2.284, 1.011e-3
-2.285, 1.011e-3
-2.286, 1.011e-3
-2.287, 1.011e-3
-2.288, 1.011e-3
-2.289, 1.011e-3
-2.290, 1.011e-3
-2.291, 1.011e-3
-2.292, 1.011e-3
-2.293, 1.011e-3
-2.294, 1.011e-3
-2.295, 1.011e-3
-2.296, 1.011e-3
-2.297, 1.011e-3
-2.298, 1.011e-3
-2.299, 1.011e-3
