June 26, 2026   03:01:17
Cyclic Voltammetry
File: c:/users/guazh/data/20260623_doe_duplica2/2026-06-24-exp11\exp11-2026-06-26t02_31_32-h2koh\exp11_cv_sr_900mvs_efin_-1900mv.bin
Data Source:  Experiment
Instrument Model:  CHI760E
Header: CV ran at 900 mVs
Note: 

Init E (V) = -1
High E (V) = -1
Low E (V) = -1.9
Final E (V) = -1
Init P/N = N
Scan Rate (V/s) = 0.9
Segment = 3
Sample Interval (V) = 0.001
Quiet Time (sec) = 2
Sensitivity (A/V) = 0.01
Comp R (ohm) = 2.3

Results:

Channel 1:
Segment 1:

Segment 2:

Segment 3:

Potential/V, Current/A

-1.000, 3.239e-6
-1.001, 6.322e-6
-1.002, 6.322e-6
-1.003, 6.322e-6
-1.004, 9.405e-6
-1.005, 6.322e-6
-1.006, 6.322e-6
-1.007, 9.405e-6
-1.008, 9.405e-6
-1.009, 9.405e-6
-1.010, 9.405e-6
-1.011, 9.405e-6
-1.012, 9.405e-6
-1.013, 9.405e-6
-1.014, 9.405e-6
-1.015, 9.405e-6
-1.016, 1.249e-5
-1.017, 9.405e-6
-1.018, 9.405e-6
-1.019, 9.405e-6
-1.020, 9.405e-6
-1.021, 9.405e-6
-1.022, 9.405e-6
-1.023, 9.405e-6
-1.024, 9.405e-6
-1.025, 1.249e-5
-1.026, 9.405e-6
-1.027, 1.249e-5
-1.028, 1.249e-5
-1.029, 1.249e-5
-1.030, 1.249e-5
-1.031, 1.249e-5
-1.032, 1.249e-5
-1.033, 1.249e-5
-1.034, 1.249e-5
-1.035, 1.249e-5
-1.036, 1.249e-5
-1.037, 1.249e-5
-1.038, 1.249e-5
-1.039, 1.249e-5
-1.040, 1.249e-5
-1.041, 1.249e-5
-1.042, 1.249e-5
-1.043, 1.249e-5
-1.044, 1.249e-5
-1.045, 1.249e-5
-1.046, 1.249e-5
-1.047, 1.249e-5
-1.048, 1.249e-5
-1.049, 1.249e-5
-1.050, 1.249e-5
-1.051, 1.249e-5
-1.052, 1.249e-5
-1.053, 1.249e-5
-1.054, 1.249e-5
-1.055, 1.249e-5
-1.056, 1.249e-5
-1.057, 1.249e-5
-1.058, 1.249e-5
-1.059, 1.249e-5
-1.060, 1.249e-5
-1.061, 1.249e-5
-1.062, 1.249e-5
-1.063, 1.249e-5
-1.064, 1.249e-5
-1.065, 1.249e-5
-1.066, 1.249e-5
-1.067, 1.249e-5
-1.068, 1.249e-5
-1.069, 1.249e-5
-1.070, 1.249e-5
-1.071, 1.249e-5
-1.072, 1.249e-5
-1.073, 1.249e-5
-1.074, 1.249e-5
-1.075, 1.249e-5
-1.076, 1.249e-5
-1.077, 1.249e-5
-1.078, 1.249e-5
-1.079, 1.249e-5
-1.080, 1.557e-5
-1.081, 1.557e-5
-1.082, 1.249e-5
-1.083, 1.557e-5
-1.084, 1.249e-5
-1.085, 1.557e-5
-1.086, 1.557e-5
-1.087, 1.249e-5
-1.088, 1.249e-5
-1.089, 1.249e-5
-1.090, 1.557e-5
-1.091, 1.557e-5
-1.092, 1.557e-5
-1.093, 1.557e-5
-1.094, 1.557e-5
-1.095, 1.557e-5
-1.096, 1.249e-5
-1.097, 1.557e-5
-1.098, 1.557e-5
-1.099, 1.557e-5
-1.100, 1.557e-5
-1.101, 1.557e-5
-1.102, 1.557e-5
-1.103, 1.557e-5
-1.104, 1.557e-5
-1.105, 1.557e-5
-1.106, 1.557e-5
-1.107, 1.557e-5
-1.108, 1.557e-5
-1.109, 1.557e-5
-1.110, 1.557e-5
-1.111, 1.557e-5
-1.112, 1.557e-5
-1.113, 1.557e-5
-1.114, 1.557e-5
-1.115, 1.557e-5
-1.116, 1.557e-5
-1.117, 1.557e-5
-1.118, 1.557e-5
-1.119, 1.557e-5
-1.120, 1.557e-5
-1.121, 1.557e-5
-1.122, 1.557e-5
-1.123, 1.557e-5
-1.124, 1.557e-5
-1.125, 1.557e-5
-1.126, 1.557e-5
-1.127, 1.557e-5
-1.128, 1.557e-5
-1.129, 1.865e-5
-1.130, 1.557e-5
-1.131, 1.557e-5
-1.132, 1.557e-5
-1.133, 1.557e-5
-1.134, 1.865e-5
-1.135, 1.557e-5
-1.136, 1.557e-5
-1.137, 1.557e-5
-1.138, 1.865e-5
-1.139, 1.557e-5
-1.140, 1.557e-5
-1.141, 1.557e-5
-1.142, 1.557e-5
-1.143, 1.865e-5
-1.144, 1.557e-5
-1.145, 1.865e-5
-1.146, 1.557e-5
-1.147, 1.557e-5
-1.148, 1.865e-5
-1.149, 1.557e-5
-1.150, 1.865e-5
-1.151, 1.865e-5
-1.152, 1.865e-5
-1.153, 1.557e-5
-1.154, 1.865e-5
-1.155, 1.865e-5
-1.156, 1.865e-5
-1.157, 1.865e-5
-1.158, 1.865e-5
-1.159, 1.865e-5
-1.160, 1.865e-5
-1.161, 1.865e-5
-1.162, 1.865e-5
-1.163, 1.865e-5
-1.164, 1.865e-5
-1.165, 1.865e-5
-1.166, 1.865e-5
-1.167, 1.865e-5
-1.168, 1.865e-5
-1.169, 1.865e-5
-1.170, 1.865e-5
-1.171, 1.865e-5
-1.172, 1.865e-5
-1.173, 1.865e-5
-1.174, 1.865e-5
-1.175, 1.865e-5
-1.176, 1.865e-5
-1.177, 1.865e-5
-1.178, 2.174e-5
-1.179, 1.865e-5
-1.180, 1.865e-5
-1.181, 1.865e-5
-1.182, 1.865e-5
-1.183, 1.865e-5
-1.184, 1.865e-5
-1.185, 1.865e-5
-1.186, 1.865e-5
-1.187, 1.865e-5
-1.188, 2.174e-5
-1.189, 2.174e-5
-1.190, 1.865e-5
-1.191, 2.174e-5
-1.192, 2.174e-5
-1.193, 2.174e-5
-1.194, 2.174e-5
-1.195, 2.174e-5
-1.196, 2.174e-5
-1.197, 1.865e-5
-1.198, 2.174e-5
-1.199, 2.174e-5
-1.200, 2.174e-5
-1.201, 2.174e-5
-1.202, 2.174e-5
-1.203, 2.174e-5
-1.204, 2.174e-5
-1.205, 2.174e-5
-1.206, 2.174e-5
-1.207, 2.174e-5
-1.208, 2.174e-5
-1.209, 2.174e-5
-1.210, 2.174e-5
-1.211, 2.174e-5
-1.212, 2.174e-5
-1.213, 2.174e-5
-1.214, 2.174e-5
-1.215, 2.174e-5
-1.216, 2.174e-5
-1.217, 2.174e-5
-1.218, 2.174e-5
-1.219, 2.174e-5
-1.220, 2.174e-5
-1.221, 2.482e-5
-1.222, 2.174e-5
-1.223, 2.174e-5
-1.224, 2.174e-5
-1.225, 2.174e-5
-1.226, 2.174e-5
-1.227, 2.174e-5
-1.228, 2.482e-5
-1.229, 2.482e-5
-1.230, 2.482e-5
-1.231, 2.482e-5
-1.232, 2.174e-5
-1.233, 2.482e-5
-1.234, 2.482e-5
-1.235, 2.482e-5
-1.236, 2.482e-5
-1.237, 2.482e-5
-1.238, 2.482e-5
-1.239, 2.482e-5
-1.240, 2.482e-5
-1.241, 2.482e-5
-1.242, 2.482e-5
-1.243, 2.482e-5
-1.244, 2.482e-5
-1.245, 2.482e-5
-1.246, 2.482e-5
-1.247, 2.482e-5
-1.248, 2.482e-5
-1.249, 2.482e-5
-1.250, 2.482e-5
-1.251, 2.482e-5
-1.252, 2.482e-5
-1.253, 2.482e-5
-1.254, 2.482e-5
-1.255, 2.482e-5
-1.256, 2.790e-5
-1.257, 2.482e-5
-1.258, 2.482e-5
-1.259, 2.790e-5
-1.260, 2.790e-5
-1.261, 2.482e-5
-1.262, 2.482e-5
-1.263, 2.790e-5
-1.264, 2.482e-5
-1.265, 2.790e-5
-1.266, 2.790e-5
-1.267, 2.790e-5
-1.268, 2.790e-5
-1.269, 2.482e-5
-1.270, 2.790e-5
-1.271, 2.790e-5
-1.272, 2.790e-5
-1.273, 2.790e-5
-1.274, 2.790e-5
-1.275, 2.790e-5
-1.276, 2.790e-5
-1.277, 2.790e-5
-1.278, 2.790e-5
-1.279, 2.790e-5
-1.280, 2.790e-5
-1.281, 2.790e-5
-1.282, 2.790e-5
-1.283, 2.790e-5
-1.284, 3.099e-5
-1.285, 2.790e-5
-1.286, 3.099e-5
-1.287, 2.790e-5
-1.288, 3.099e-5
-1.289, 3.099e-5
-1.290, 3.099e-5
-1.291, 3.099e-5
-1.292, 3.099e-5
-1.293, 3.099e-5
-1.294, 3.099e-5
-1.295, 3.099e-5
-1.296, 3.099e-5
-1.297, 3.099e-5
-1.298, 3.099e-5
-1.299, 3.099e-5
-1.300, 3.099e-5
-1.301, 3.099e-5
-1.302, 3.099e-5
-1.303, 3.099e-5
-1.304, 3.099e-5
-1.305, 3.407e-5
-1.306, 3.099e-5
-1.307, 3.099e-5
-1.308, 3.407e-5
-1.309, 3.407e-5
-1.310, 3.407e-5
-1.311, 3.407e-5
-1.312, 3.407e-5
-1.313, 3.407e-5
-1.314, 3.407e-5
-1.315, 3.407e-5
-1.316, 3.407e-5
-1.317, 3.407e-5
-1.318, 3.407e-5
-1.319, 3.715e-5
-1.320, 3.407e-5
-1.321, 3.407e-5
-1.322, 3.407e-5
-1.323, 3.715e-5
-1.324, 3.715e-5
-1.325, 3.715e-5
-1.326, 3.715e-5
-1.327, 3.715e-5
-1.328, 3.715e-5
-1.329, 3.715e-5
-1.330, 3.715e-5
-1.331, 3.715e-5
-1.332, 4.024e-5
-1.333, 3.715e-5
-1.334, 3.715e-5
-1.335, 4.024e-5
-1.336, 4.024e-5
-1.337, 4.024e-5
-1.338, 4.024e-5
-1.339, 4.024e-5
-1.340, 4.024e-5
-1.341, 4.024e-5
-1.342, 4.024e-5
-1.343, 4.024e-5
-1.344, 4.332e-5
-1.345, 4.332e-5
-1.346, 4.332e-5
-1.347, 4.332e-5
-1.348, 4.332e-5
-1.349, 4.332e-5
-1.350, 4.332e-5
-1.351, 4.640e-5
-1.352, 4.640e-5
-1.353, 4.640e-5
-1.354, 4.640e-5
-1.355, 4.640e-5
-1.356, 4.640e-5
-1.357, 4.949e-5
-1.358, 4.949e-5
-1.359, 4.949e-5
-1.360, 4.949e-5
-1.361, 4.949e-5
-1.362, 4.949e-5
-1.363, 5.257e-5
-1.364, 5.257e-5
-1.365, 5.257e-5
-1.366, 5.257e-5
-1.367, 5.565e-5
-1.368, 5.257e-5
-1.369, 5.565e-5
-1.370, 5.565e-5
-1.371, 5.565e-5
-1.372, 5.873e-5
-1.373, 5.873e-5
-1.374, 5.873e-5
-1.375, 5.873e-5
-1.376, 6.182e-5
-1.377, 6.182e-5
-1.378, 6.182e-5
-1.379, 6.182e-5
-1.380, 6.490e-5
-1.381, 6.490e-5
-1.382, 6.490e-5
-1.383, 6.798e-5
-1.384, 6.798e-5
-1.385, 7.107e-5
-1.386, 7.107e-5
-1.387, 7.107e-5
-1.388, 7.107e-5
-1.389, 7.415e-5
-1.390, 7.723e-5
-1.391, 7.723e-5
-1.392, 7.723e-5
-1.393, 8.032e-5
-1.394, 8.032e-5
-1.395, 8.340e-5
-1.396, 8.340e-5
-1.397, 8.340e-5
-1.398, 8.340e-5
-1.399, 8.648e-5
-1.400, 8.957e-5
-1.401, 8.957e-5
-1.402, 9.265e-5
-1.403, 9.265e-5
-1.404, 9.573e-5
-1.405, 9.573e-5
-1.406, 9.882e-5
-1.407, 9.882e-5
-1.408, 1.019e-4
-1.409, 1.019e-4
-1.410, 1.050e-4
-1.411, 1.081e-4
-1.412, 1.081e-4
-1.413, 1.081e-4
-1.414, 1.111e-4
-1.415, 1.142e-4
-1.416, 1.142e-4
-1.417, 1.173e-4
-1.418, 1.204e-4
-1.419, 1.204e-4
-1.420, 1.235e-4
-1.421, 1.266e-4
-1.422, 1.266e-4
-1.423, 1.296e-4
-1.424, 1.327e-4
-1.425, 1.327e-4
-1.426, 1.358e-4
-1.427, 1.389e-4
-1.428, 1.420e-4
-1.429, 1.451e-4
-1.430, 1.451e-4
-1.431, 1.481e-4
-1.432, 1.512e-4
-1.433, 1.543e-4
-1.434, 1.574e-4
-1.435, 1.574e-4
-1.436, 1.605e-4
-1.437, 1.636e-4
-1.438, 1.666e-4
-1.439, 1.666e-4
-1.440, 1.697e-4
-1.441, 1.728e-4
-1.442, 1.759e-4
-1.443, 1.790e-4
-1.444, 1.821e-4
-1.445, 1.851e-4
-1.446, 1.882e-4
-1.447, 1.913e-4
-1.448, 1.913e-4
-1.449, 1.944e-4
-1.450, 2.006e-4
-1.451, 2.006e-4
-1.452, 2.067e-4
-1.453, 2.067e-4
-1.454, 2.129e-4
-1.455, 2.160e-4
-1.456, 2.160e-4
-1.457, 2.221e-4
-1.458, 2.221e-4
-1.459, 2.283e-4
-1.460, 2.314e-4
-1.461, 2.345e-4
-1.462, 2.345e-4
-1.463, 2.406e-4
-1.464, 2.437e-4
-1.465, 2.468e-4
-1.466, 2.499e-4
-1.467, 2.530e-4
-1.468, 2.561e-4
-1.469, 2.591e-4
-1.470, 2.622e-4
-1.471, 2.684e-4
-1.472, 2.715e-4
-1.473, 2.746e-4
-1.474, 2.776e-4
-1.475, 2.838e-4
-1.476, 2.869e-4
-1.477, 2.900e-4
-1.478, 2.931e-4
-1.479, 2.961e-4
-1.480, 3.023e-4
-1.481, 3.054e-4
-1.482, 3.085e-4
-1.483, 3.115e-4
-1.484, 3.177e-4
-1.485, 3.208e-4
-1.486, 3.239e-4
-1.487, 3.300e-4
-1.488, 3.331e-4
-1.489, 3.393e-4
-1.490, 3.424e-4
-1.491, 3.485e-4
-1.492, 3.516e-4
-1.493, 3.578e-4
-1.494, 3.609e-4
-1.495, 3.640e-4
-1.496, 3.701e-4
-1.497, 3.732e-4
-1.498, 3.794e-4
-1.499, 3.825e-4
-1.500, 3.855e-4
-1.501, 3.917e-4
-1.502, 3.979e-4
-1.503, 4.040e-4
-1.504, 4.071e-4
-1.505, 4.133e-4
-1.506, 4.164e-4
-1.507, 4.225e-4
-1.508, 4.287e-4
-1.509, 4.318e-4
-1.510, 4.380e-4
-1.511, 4.410e-4
-1.512, 4.472e-4
-1.513, 4.534e-4
-1.514, 4.595e-4
-1.515, 4.657e-4
-1.516, 4.719e-4
-1.517, 4.750e-4
-1.518, 4.780e-4
-1.519, 4.873e-4
-1.520, 4.904e-4
-1.521, 4.996e-4
-1.522, 5.027e-4
-1.523, 5.089e-4
-1.524, 5.181e-4
-1.525, 5.212e-4
-1.526, 5.305e-4
-1.527, 5.366e-4
-1.528, 5.428e-4
-1.529, 5.428e-4
-1.530, 5.459e-4
-1.531, 5.551e-4
-1.532, 5.613e-4
-1.533, 5.674e-4
-1.534, 5.705e-4
-1.535, 5.767e-4
-1.536, 5.859e-4
-1.537, 5.921e-4
-1.538, 5.983e-4
-1.539, 6.044e-4
-1.540, 6.075e-4
-1.541, 6.137e-4
-1.542, 6.229e-4
-1.543, 6.322e-4
-1.544, 6.353e-4
-1.545, 6.445e-4
-1.546, 6.507e-4
-1.547, 6.599e-4
-1.548, 6.630e-4
-1.549, 6.692e-4
-1.550, 6.754e-4
-1.551, 6.877e-4
-1.552, 6.939e-4
-1.553, 7.000e-4
-1.554, 7.093e-4
-1.555, 7.154e-4
-1.556, 7.247e-4
-1.557, 7.309e-4
-1.558, 7.339e-4
-1.559, 7.432e-4
-1.560, 7.494e-4
-1.561, 7.555e-4
-1.562, 7.648e-4
-1.563, 7.740e-4
-1.564, 7.833e-4
-1.565, 7.863e-4
-1.566, 7.894e-4
-1.567, 8.018e-4
-1.568, 8.110e-4
-1.569, 8.141e-4
-1.570, 8.233e-4
-1.571, 8.295e-4
-1.572, 8.388e-4
-1.573, 8.480e-4
-1.574, 8.480e-4
-1.575, 8.573e-4
-1.576, 8.665e-4
-1.577, 8.727e-4
-1.578, 8.819e-4
-1.579, 8.912e-4
-1.580, 9.035e-4
-1.581, 9.158e-4
-1.582, 9.251e-4
-1.583, 9.313e-4
-1.584, 9.498e-4
-1.585, 9.590e-4
-1.586, 9.436e-4
-1.587, 9.528e-4
-1.588, 9.528e-4
-1.589, 9.652e-4
-1.590, 9.775e-4
-1.591, 9.929e-4
-1.592, 9.991e-4
-1.593, 1.005e-3
-1.594, 1.011e-3
-1.595, 1.024e-3
-1.596, 1.033e-3
-1.597, 1.042e-3
-1.598, 1.048e-3
-1.599, 1.058e-3
-1.600, 1.073e-3
-1.601, 1.082e-3
-1.602, 1.088e-3
-1.603, 1.088e-3
-1.604, 1.098e-3
-1.605, 1.107e-3
-1.606, 1.116e-3
-1.607, 1.116e-3
-1.608, 1.132e-3
-1.609, 1.141e-3
-1.610, 1.153e-3
-1.611, 1.172e-3
-1.612, 1.178e-3
-1.613, 1.184e-3
-1.614, 1.193e-3
-1.615, 1.199e-3
-1.616, 1.209e-3
-1.617, 1.224e-3
-1.618, 1.240e-3
-1.619, 1.255e-3
-1.620, 1.264e-3
-1.621, 1.273e-3
-1.622, 1.292e-3
-1.623, 1.307e-3
-1.624, 1.320e-3
-1.625, 1.332e-3
-1.626, 1.335e-3
-1.627, 1.347e-3
-1.628, 1.363e-3
-1.629, 1.369e-3
-1.630, 1.388e-3
-1.631, 1.400e-3
-1.632, 1.388e-3
-1.633, 1.400e-3
-1.634, 1.397e-3
-1.635, 1.409e-3
-1.636, 1.412e-3
-1.637, 1.415e-3
-1.638, 1.428e-3
-1.639, 1.443e-3
-1.640, 1.465e-3
-1.641, 1.477e-3
-1.642, 1.483e-3
-1.643, 1.502e-3
-1.644, 1.514e-3
-1.645, 1.529e-3
-1.646, 1.548e-3
-1.647, 1.554e-3
-1.648, 1.569e-3
-1.649, 1.582e-3
-1.650, 1.597e-3
-1.651, 1.610e-3
-1.652, 1.616e-3
-1.653, 1.606e-3
-1.654, 1.622e-3
-1.655, 1.634e-3
-1.656, 1.650e-3
-1.657, 1.662e-3
-1.658, 1.687e-3
-1.659, 1.699e-3
-1.660, 1.717e-3
-1.661, 1.739e-3
-1.662, 1.748e-3
-1.663, 1.767e-3
-1.664, 1.761e-3
-1.665, 1.767e-3
-1.666, 1.788e-3
-1.667, 1.807e-3
-1.668, 1.785e-3
-1.669, 1.810e-3
-1.670, 1.813e-3
-1.671, 1.850e-3
-1.672, 1.841e-3
-1.673, 1.869e-3
-1.674, 1.881e-3
-1.675, 1.899e-3
-1.676, 1.893e-3
-1.677, 1.924e-3
-1.678, 1.918e-3
-1.679, 1.936e-3
-1.680, 1.936e-3
-1.681, 1.949e-3
-1.682, 1.976e-3
-1.683, 1.980e-3
-1.684, 1.995e-3
-1.685, 2.001e-3
-1.686, 2.023e-3
-1.687, 2.017e-3
-1.688, 2.035e-3
-1.689, 2.026e-3
-1.690, 2.041e-3
-1.691, 2.047e-3
-1.692, 2.081e-3
-1.693, 2.100e-3
-1.694, 2.140e-3
-1.695, 2.143e-3
-1.696, 2.171e-3
-1.697, 2.164e-3
-1.698, 2.186e-3
-1.699, 2.180e-3
-1.700, 2.220e-3
-1.701, 2.226e-3
-1.702, 2.232e-3
-1.703, 2.257e-3
-1.704, 2.260e-3
-1.705, 2.272e-3
-1.706, 2.294e-3
-1.707, 2.325e-3
-1.708, 2.343e-3
-1.709, 2.346e-3
-1.710, 2.356e-3
-1.711, 2.365e-3
-1.712, 2.393e-3
-1.713, 2.414e-3
-1.714, 2.442e-3
-1.715, 2.445e-3
-1.716, 2.464e-3
-1.717, 2.485e-3
-1.718, 2.507e-3
-1.719, 2.522e-3
-1.720, 2.525e-3
-1.721, 2.525e-3
-1.722, 2.497e-3
-1.723, 2.528e-3
-1.724, 2.538e-3
-1.725, 2.562e-3
-1.726, 2.593e-3
-1.727, 2.612e-3
-1.728, 2.618e-3
-1.729, 2.652e-3
-1.730, 2.682e-3
-1.731, 2.682e-3
-1.732, 2.695e-3
-1.733, 2.707e-3
-1.734, 2.753e-3
-1.735, 2.778e-3
-1.736, 2.793e-3
-1.737, 2.800e-3
-1.738, 2.793e-3
-1.739, 2.827e-3
-1.740, 2.830e-3
-1.741, 2.864e-3
-1.742, 2.917e-3
-1.743, 2.926e-3
-1.744, 2.954e-3
-1.745, 3.003e-3
-1.746, 3.015e-3
-1.747, 3.015e-3
-1.748, 2.991e-3
-1.749, 3.025e-3
-1.750, 3.059e-3
-1.751, 3.083e-3
-1.752, 3.111e-3
-1.753, 3.154e-3
-1.754, 3.157e-3
-1.755, 3.185e-3
-1.756, 3.185e-3
-1.757, 3.197e-3
-1.758, 3.237e-3
-1.759, 3.253e-3
-1.760, 3.268e-3
-1.761, 3.281e-3
-1.762, 3.318e-3
-1.763, 3.351e-3
-1.764, 3.370e-3
-1.765, 3.404e-3
-1.766, 3.432e-3
-1.767, 3.475e-3
-1.768, 3.438e-3
-1.769, 3.456e-3
-1.770, 3.493e-3
-1.771, 3.484e-3
-1.772, 3.518e-3
-1.773, 3.536e-3
-1.774, 3.573e-3
-1.775, 3.598e-3
-1.776, 3.623e-3
-1.777, 3.657e-3
-1.778, 3.681e-3
-1.779, 3.712e-3
-1.780, 3.746e-3
-1.781, 3.728e-3
-1.782, 3.774e-3
-1.783, 3.765e-3
-1.784, 3.795e-3
-1.785, 3.832e-3
-1.786, 3.885e-3
-1.787, 3.906e-3
-1.788, 3.965e-3
-1.789, 3.984e-3
-1.790, 4.002e-3
-1.791, 4.011e-3
-1.792, 4.002e-3
-1.793, 4.036e-3
-1.794, 4.045e-3
-1.795, 4.079e-3
-1.796, 4.135e-3
-1.797, 4.132e-3
-1.798, 4.162e-3
-1.799, 4.178e-3
-1.800, 4.233e-3
-1.801, 4.276e-3
-1.802, 4.317e-3
-1.803, 4.354e-3
-1.804, 4.391e-3
-1.805, 4.424e-3
-1.806, 4.406e-3
-1.807, 4.418e-3
-1.808, 4.449e-3
-1.809, 4.464e-3
-1.810, 4.514e-3
-1.811, 4.582e-3
-1.812, 4.646e-3
-1.813, 4.674e-3
-1.814, 4.702e-3
-1.815, 4.727e-3
-1.816, 4.730e-3
-1.817, 4.764e-3
-1.818, 4.782e-3
-1.819, 4.801e-3
-1.820, 4.847e-3
-1.821, 4.884e-3
-1.822, 4.942e-3
-1.823, 5.004e-3
-1.824, 4.992e-3
-1.825, 5.029e-3
-1.826, 5.047e-3
-1.827, 5.109e-3
-1.828, 5.130e-3
-1.829, 5.192e-3
-1.830, 5.217e-3
-1.831, 5.260e-3
-1.832, 5.275e-3
-1.833, 5.337e-3
-1.834, 5.359e-3
-1.835, 5.343e-3
-1.836, 5.399e-3
-1.837, 5.479e-3
-1.838, 5.497e-3
-1.839, 5.534e-3
-1.840, 5.565e-3
-1.841, 5.608e-3
-1.842, 5.682e-3
-1.843, 5.722e-3
-1.844, 5.775e-3
-1.845, 5.806e-3
-1.846, 5.833e-3
-1.847, 5.892e-3
-1.848, 5.951e-3
-1.849, 6.015e-3
-1.850, 6.037e-3
-1.851, 6.065e-3
-1.852, 6.123e-3
-1.853, 6.151e-3
-1.854, 6.176e-3
-1.855, 6.222e-3
-1.856, 6.268e-3
-1.857, 6.311e-3
-1.858, 6.336e-3
-1.859, 6.388e-3
-1.860, 6.462e-3
-1.861, 6.524e-3
-1.862, 6.536e-3
-1.863, 6.573e-3
-1.864, 6.601e-3
-1.865, 6.647e-3
-1.866, 6.746e-3
-1.867, 6.795e-3
-1.868, 6.826e-3
-1.869, 6.885e-3
-1.870, 6.937e-3
-1.871, 6.959e-3
-1.872, 6.993e-3
-1.873, 7.039e-3
-1.874, 7.131e-3
-1.875, 7.202e-3
-1.876, 7.242e-3
-1.877, 7.245e-3
-1.878, 7.286e-3
-1.879, 7.295e-3
-1.880, 7.403e-3
-1.881, 7.477e-3
-1.882, 7.492e-3
-1.883, 7.551e-3
-1.884, 7.628e-3
-1.885, 7.665e-3
-1.886, 7.751e-3
-1.887, 7.797e-3
-1.888, 7.841e-3
-1.889, 7.924e-3
-1.890, 7.958e-3
-1.891, 8.029e-3
-1.892, 8.118e-3
-1.893, 8.164e-3
-1.894, 8.158e-3
-1.895, 8.220e-3
-1.896, 8.284e-3
-1.897, 8.321e-3
-1.898, 8.358e-3
-1.899, 8.408e-3
-1.900, 8.488e-3
-1.899, 8.476e-3
-1.898, 8.420e-3
-1.897, 8.380e-3
-1.896, 8.346e-3
-1.895, 8.321e-3
-1.894, 8.263e-3
-1.893, 8.257e-3
-1.892, 8.260e-3
-1.891, 8.226e-3
-1.890, 8.177e-3
-1.889, 8.109e-3
-1.888, 8.109e-3
-1.887, 8.056e-3
-1.886, 7.998e-3
-1.885, 8.001e-3
-1.884, 7.948e-3
-1.883, 7.921e-3
-1.882, 7.890e-3
-1.881, 7.856e-3
-1.880, 7.837e-3
-1.879, 7.788e-3
-1.878, 7.730e-3
-1.877, 7.671e-3
-1.876, 7.668e-3
-1.875, 7.628e-3
-1.874, 7.588e-3
-1.873, 7.541e-3
-1.872, 7.511e-3
-1.871, 7.458e-3
-1.870, 7.372e-3
-1.869, 7.332e-3
-1.868, 7.335e-3
-1.867, 7.304e-3
-1.866, 7.261e-3
-1.865, 7.218e-3
-1.864, 7.175e-3
-1.863, 7.184e-3
-1.862, 7.141e-3
-1.861, 7.048e-3
-1.860, 7.005e-3
-1.859, 6.971e-3
-1.858, 6.931e-3
-1.857, 6.885e-3
-1.856, 6.863e-3
-1.855, 6.829e-3
-1.854, 6.808e-3
-1.853, 6.792e-3
-1.852, 6.734e-3
-1.851, 6.697e-3
-1.850, 6.675e-3
-1.849, 6.626e-3
-1.848, 6.567e-3
-1.847, 6.558e-3
-1.846, 6.533e-3
-1.845, 6.496e-3
-1.844, 6.478e-3
-1.843, 6.401e-3
-1.842, 6.391e-3
-1.841, 6.367e-3
-1.840, 6.299e-3
-1.839, 6.256e-3
-1.838, 6.225e-3
-1.837, 6.213e-3
-1.836, 6.151e-3
-1.835, 6.111e-3
-1.834, 6.086e-3
-1.833, 6.062e-3
-1.832, 6.003e-3
-1.831, 5.969e-3
-1.830, 5.923e-3
-1.829, 5.873e-3
-1.828, 5.840e-3
-1.827, 5.849e-3
-1.826, 5.796e-3
-1.825, 5.756e-3
-1.824, 5.722e-3
-1.823, 5.701e-3
-1.822, 5.710e-3
-1.821, 5.667e-3
-1.820, 5.645e-3
-1.819, 5.565e-3
-1.818, 5.479e-3
-1.817, 5.504e-3
-1.816, 5.473e-3
-1.815, 5.430e-3
-1.814, 5.386e-3
-1.813, 5.368e-3
-1.812, 5.337e-3
-1.811, 5.297e-3
-1.810, 5.285e-3
-1.809, 5.272e-3
-1.808, 5.229e-3
-1.807, 5.140e-3
-1.806, 5.100e-3
-1.805, 5.097e-3
-1.804, 5.053e-3
-1.803, 5.007e-3
-1.802, 4.989e-3
-1.801, 4.979e-3
-1.800, 4.927e-3
-1.799, 4.939e-3
-1.798, 4.915e-3
-1.797, 4.893e-3
-1.796, 4.859e-3
-1.795, 4.816e-3
-1.794, 4.757e-3
-1.793, 4.742e-3
-1.792, 4.720e-3
-1.791, 4.668e-3
-1.790, 4.668e-3
-1.789, 4.634e-3
-1.788, 4.582e-3
-1.787, 4.545e-3
-1.786, 4.523e-3
-1.785, 4.505e-3
-1.784, 4.458e-3
-1.783, 4.437e-3
-1.782, 4.397e-3
-1.781, 4.375e-3
-1.780, 4.347e-3
-1.779, 4.332e-3
-1.778, 4.317e-3
-1.777, 4.289e-3
-1.776, 4.246e-3
-1.775, 4.212e-3
-1.774, 4.181e-3
-1.773, 4.141e-3
-1.772, 4.116e-3
-1.771, 4.104e-3
-1.770, 4.058e-3
-1.769, 4.061e-3
-1.768, 4.033e-3
-1.767, 4.017e-3
-1.766, 4.005e-3
-1.765, 3.959e-3
-1.764, 3.925e-3
-1.763, 3.897e-3
-1.762, 3.854e-3
-1.761, 3.820e-3
-1.760, 3.820e-3
-1.759, 3.814e-3
-1.758, 3.786e-3
-1.757, 3.718e-3
-1.756, 3.691e-3
-1.755, 3.666e-3
-1.754, 3.610e-3
-1.753, 3.629e-3
-1.752, 3.635e-3
-1.751, 3.610e-3
-1.750, 3.589e-3
-1.749, 3.564e-3
-1.748, 3.543e-3
-1.747, 3.509e-3
-1.746, 3.490e-3
-1.745, 3.469e-3
-1.744, 3.438e-3
-1.743, 3.416e-3
-1.742, 3.395e-3
-1.741, 3.367e-3
-1.740, 3.333e-3
-1.739, 3.302e-3
-1.738, 3.302e-3
-1.737, 3.287e-3
-1.736, 3.262e-3
-1.735, 3.247e-3
-1.734, 3.200e-3
-1.733, 3.173e-3
-1.732, 3.154e-3
-1.731, 3.120e-3
-1.730, 3.086e-3
-1.729, 3.056e-3
-1.728, 3.043e-3
-1.727, 3.052e-3
-1.726, 3.028e-3
-1.725, 2.988e-3
-1.724, 2.985e-3
-1.723, 2.945e-3
-1.722, 2.914e-3
-1.721, 2.895e-3
-1.720, 2.892e-3
-1.719, 2.877e-3
-1.718, 2.843e-3
-1.717, 2.781e-3
-1.716, 2.756e-3
-1.715, 2.753e-3
-1.714, 2.738e-3
-1.713, 2.707e-3
-1.712, 2.716e-3
-1.711, 2.692e-3
-1.710, 2.686e-3
-1.709, 2.664e-3
-1.708, 2.658e-3
-1.707, 2.639e-3
-1.706, 2.621e-3
-1.705, 2.593e-3
-1.704, 2.553e-3
-1.703, 2.519e-3
-1.702, 2.504e-3
-1.701, 2.482e-3
-1.700, 2.451e-3
-1.699, 2.433e-3
-1.698, 2.433e-3
-1.697, 2.411e-3
-1.696, 2.383e-3
-1.695, 2.377e-3
-1.694, 2.343e-3
-1.693, 2.319e-3
-1.692, 2.279e-3
-1.691, 2.294e-3
-1.690, 2.279e-3
-1.689, 2.260e-3
-1.688, 2.235e-3
-1.687, 2.226e-3
-1.686, 2.217e-3
-1.685, 2.205e-3
-1.684, 2.192e-3
-1.683, 2.186e-3
-1.682, 2.152e-3
-1.681, 2.143e-3
-1.680, 2.121e-3
-1.679, 2.109e-3
-1.678, 2.100e-3
-1.677, 2.091e-3
-1.676, 2.084e-3
-1.675, 2.069e-3
-1.674, 2.038e-3
-1.673, 1.998e-3
-1.672, 1.967e-3
-1.671, 1.943e-3
-1.670, 1.939e-3
-1.669, 1.918e-3
-1.668, 1.881e-3
-1.667, 1.872e-3
-1.666, 1.875e-3
-1.665, 1.850e-3
-1.664, 1.835e-3
-1.663, 1.816e-3
-1.662, 1.816e-3
-1.661, 1.810e-3
-1.660, 1.804e-3
-1.659, 1.788e-3
-1.658, 1.779e-3
-1.657, 1.758e-3
-1.656, 1.733e-3
-1.655, 1.727e-3
-1.654, 1.699e-3
-1.653, 1.702e-3
-1.652, 1.687e-3
-1.651, 1.671e-3
-1.650, 1.659e-3
-1.649, 1.637e-3
-1.648, 1.631e-3
-1.647, 1.631e-3
-1.646, 1.606e-3
-1.645, 1.600e-3
-1.644, 1.582e-3
-1.643, 1.569e-3
-1.642, 1.557e-3
-1.641, 1.536e-3
-1.640, 1.523e-3
-1.639, 1.505e-3
-1.638, 1.486e-3
-1.637, 1.483e-3
-1.636, 1.462e-3
-1.635, 1.437e-3
-1.634, 1.431e-3
-1.633, 1.412e-3
-1.632, 1.391e-3
-1.631, 1.391e-3
-1.630, 1.378e-3
-1.629, 1.360e-3
-1.628, 1.347e-3
-1.627, 1.329e-3
-1.626, 1.304e-3
-1.625, 1.289e-3
-1.624, 1.270e-3
-1.623, 1.283e-3
-1.622, 1.261e-3
-1.621, 1.249e-3
-1.620, 1.240e-3
-1.619, 1.230e-3
-1.618, 1.218e-3
-1.617, 1.218e-3
-1.616, 1.199e-3
-1.615, 1.193e-3
-1.614, 1.181e-3
-1.613, 1.166e-3
-1.612, 1.156e-3
-1.611, 1.150e-3
-1.610, 1.129e-3
-1.609, 1.113e-3
-1.608, 1.101e-3
-1.607, 1.095e-3
-1.606, 1.101e-3
-1.605, 1.079e-3
-1.604, 1.064e-3
-1.603, 1.061e-3
-1.602, 1.058e-3
-1.601, 1.042e-3
-1.600, 1.033e-3
-1.599, 1.024e-3
-1.598, 1.014e-3
-1.597, 1.002e-3
-1.596, 9.960e-4
-1.595, 9.929e-4
-1.594, 9.837e-4
-1.593, 9.713e-4
-1.592, 9.590e-4
-1.591, 9.436e-4
-1.590, 9.436e-4
-1.589, 9.282e-4
-1.588, 9.128e-4
-1.587, 9.035e-4
-1.586, 9.004e-4
-1.585, 8.943e-4
-1.584, 8.788e-4
-1.583, 8.727e-4
-1.582, 8.603e-4
-1.581, 8.511e-4
-1.580, 8.418e-4
-1.579, 8.357e-4
-1.578, 8.295e-4
-1.577, 8.203e-4
-1.576, 8.110e-4
-1.575, 7.987e-4
-1.574, 7.863e-4
-1.573, 7.709e-4
-1.572, 7.648e-4
-1.571, 7.555e-4
-1.570, 7.494e-4
-1.569, 7.463e-4
-1.568, 7.370e-4
-1.567, 7.309e-4
-1.566, 7.185e-4
-1.565, 7.154e-4
-1.564, 7.062e-4
-1.563, 6.969e-4
-1.562, 6.877e-4
-1.561, 6.784e-4
-1.560, 6.723e-4
-1.559, 6.661e-4
-1.558, 6.599e-4
-1.557, 6.538e-4
-1.556, 6.476e-4
-1.555, 6.414e-4
-1.554, 6.322e-4
-1.553, 6.229e-4
-1.552, 6.168e-4
-1.551, 6.075e-4
-1.550, 5.983e-4
-1.549, 5.921e-4
-1.548, 5.859e-4
-1.547, 5.798e-4
-1.546, 5.705e-4
-1.545, 5.613e-4
-1.544, 5.582e-4
-1.543, 5.520e-4
-1.542, 5.459e-4
-1.541, 5.397e-4
-1.540, 5.274e-4
-1.539, 5.212e-4
-1.538, 5.120e-4
-1.537, 5.089e-4
-1.536, 5.027e-4
-1.535, 4.965e-4
-1.534, 4.904e-4
-1.533, 4.811e-4
-1.532, 4.780e-4
-1.531, 4.688e-4
-1.530, 4.657e-4
-1.529, 4.565e-4
-1.528, 4.503e-4
-1.527, 4.441e-4
-1.526, 4.410e-4
-1.525, 4.380e-4
-1.524, 4.287e-4
-1.523, 4.225e-4
-1.522, 4.133e-4
-1.521, 4.164e-4
-1.520, 4.071e-4
-1.519, 4.040e-4
-1.518, 3.948e-4
-1.517, 3.917e-4
-1.516, 3.855e-4
-1.515, 3.825e-4
-1.514, 3.794e-4
-1.513, 3.732e-4
-1.512, 3.701e-4
-1.511, 3.640e-4
-1.510, 3.578e-4
-1.509, 3.547e-4
-1.508, 3.485e-4
-1.507, 3.424e-4
-1.506, 3.362e-4
-1.505, 3.331e-4
-1.504, 3.270e-4
-1.503, 3.208e-4
-1.502, 3.146e-4
-1.501, 3.115e-4
-1.500, 3.085e-4
-1.499, 3.023e-4
-1.498, 2.992e-4
-1.497, 2.931e-4
-1.496, 2.869e-4
-1.495, 2.838e-4
-1.494, 2.776e-4
-1.493, 2.807e-4
-1.492, 2.684e-4
-1.491, 2.684e-4
-1.490, 2.622e-4
-1.489, 2.591e-4
-1.488, 2.561e-4
-1.487, 2.530e-4
-1.486, 2.499e-4
-1.485, 2.468e-4
-1.484, 2.437e-4
-1.483, 2.376e-4
-1.482, 2.345e-4
-1.481, 2.314e-4
-1.480, 2.283e-4
-1.479, 2.252e-4
-1.478, 2.221e-4
-1.477, 2.160e-4
-1.476, 2.129e-4
-1.475, 2.098e-4
-1.474, 2.067e-4
-1.473, 2.036e-4
-1.472, 1.975e-4
-1.471, 1.944e-4
-1.470, 1.913e-4
-1.469, 1.882e-4
-1.468, 1.851e-4
-1.467, 1.821e-4
-1.466, 1.790e-4
-1.465, 1.759e-4
-1.464, 1.759e-4
-1.463, 1.728e-4
-1.462, 1.697e-4
-1.461, 1.636e-4
-1.460, 1.636e-4
-1.459, 1.605e-4
-1.458, 1.574e-4
-1.457, 1.543e-4
-1.456, 1.512e-4
-1.455, 1.481e-4
-1.454, 1.481e-4
-1.453, 1.420e-4
-1.452, 1.420e-4
-1.451, 1.358e-4
-1.450, 1.358e-4
-1.449, 1.327e-4
-1.448, 1.327e-4
-1.447, 1.296e-4
-1.446, 1.266e-4
-1.445, 1.235e-4
-1.444, 1.204e-4
-1.443, 1.204e-4
-1.442, 1.173e-4
-1.441, 1.142e-4
-1.440, 1.111e-4
-1.439, 1.111e-4
-1.438, 1.081e-4
-1.437, 1.050e-4
-1.436, 1.050e-4
-1.435, 1.019e-4
-1.434, 9.882e-5
-1.433, 9.882e-5
-1.432, 9.573e-5
-1.431, 9.265e-5
-1.430, 8.957e-5
-1.429, 8.957e-5
-1.428, 8.648e-5
-1.427, 8.340e-5
-1.426, 8.340e-5
-1.425, 8.340e-5
-1.424, 8.032e-5
-1.423, 7.723e-5
-1.422, 7.723e-5
-1.421, 7.723e-5
-1.420, 7.107e-5
-1.419, 7.107e-5
-1.418, 7.107e-5
-1.417, 6.798e-5
-1.416, 6.798e-5
-1.415, 6.490e-5
-1.414, 6.490e-5
-1.413, 6.182e-5
-1.412, 6.182e-5
-1.411, 5.873e-5
-1.410, 5.873e-5
-1.409, 5.565e-5
-1.408, 5.565e-5
-1.407, 5.257e-5
-1.406, 5.257e-5
-1.405, 5.257e-5
-1.404, 4.949e-5
-1.403, 4.949e-5
-1.402, 4.640e-5
-1.401, 4.640e-5
-1.400, 4.640e-5
-1.399, 4.640e-5
-1.398, 4.332e-5
-1.397, 4.024e-5
-1.396, 4.024e-5
-1.395, 4.024e-5
-1.394, 3.715e-5
-1.393, 3.715e-5
-1.392, 3.715e-5
-1.391, 3.407e-5
-1.390, 3.407e-5
-1.389, 3.407e-5
-1.388, 3.099e-5
-1.387, 3.099e-5
-1.386, 3.099e-5
-1.385, 2.790e-5
-1.384, 2.790e-5
-1.383, 2.482e-5
-1.382, 2.482e-5
-1.381, 2.482e-5
-1.380, 2.482e-5
-1.379, 2.174e-5
-1.378, 2.174e-5
-1.377, 2.174e-5
-1.376, 1.865e-5
-1.375, 2.174e-5
-1.374, 1.865e-5
-1.373, 1.865e-5
-1.372, 1.865e-5
-1.371, 1.557e-5
-1.370, 1.557e-5
-1.369, 1.557e-5
-1.368, 1.249e-5
-1.367, 1.249e-5
-1.366, 1.249e-5
-1.365, 1.249e-5
-1.364, 1.249e-5
-1.363, 9.405e-6
-1.362, 1.249e-5
-1.361, 9.405e-6
-1.360, 9.405e-6
-1.359, 9.405e-6
-1.358, 9.405e-6
-1.357, 9.405e-6
-1.356, 6.322e-6
-1.355, 6.322e-6
-1.354, 6.322e-6
-1.353, 6.322e-6
-1.352, 3.239e-6
-1.351, 3.239e-6
-1.350, 3.239e-6
-1.349, 3.239e-6
-1.348, 3.239e-6
-1.347, 3.239e-6
-1.346, 3.239e-6
-1.345, 1.559e-7
-1.344, 1.559e-7
-1.343, 1.559e-7
-1.342, 1.559e-7
-1.341, 1.559e-7
-1.340, 1.559e-7
-1.339, 1.559e-7
-1.338, 1.559e-7
-1.337, 1.559e-7
-1.336, -2.927e-6
-1.335, -2.927e-6
-1.334, -2.927e-6
-1.333, -2.927e-6
-1.332, -2.927e-6
-1.331, -2.927e-6
-1.330, -2.927e-6
-1.329, -2.927e-6
-1.328, -2.927e-6
-1.327, -6.010e-6
-1.326, -6.010e-6
-1.325, -6.010e-6
-1.324, -6.010e-6
-1.323, -6.010e-6
-1.322, -6.010e-6
-1.321, -6.010e-6
-1.320, -6.010e-6
-1.319, -6.010e-6
-1.318, -6.010e-6
-1.317, -9.093e-6
-1.316, -6.010e-6
-1.315, -9.093e-6
-1.314, -9.093e-6
-1.313, -9.093e-6
-1.312, -9.093e-6
-1.311, -9.093e-6
-1.310, -9.093e-6
-1.309, -9.093e-6
-1.308, -9.093e-6
-1.307, -9.093e-6
-1.306, -9.093e-6
-1.305, -9.093e-6
-1.304, -9.093e-6
-1.303, -1.218e-5
-1.302, -9.093e-6
-1.301, -1.218e-5
-1.300, -1.218e-5
-1.299, -1.218e-5
-1.298, -1.218e-5
-1.297, -9.093e-6
-1.296, -1.218e-5
-1.295, -1.218e-5
-1.294, -1.218e-5
-1.293, -1.218e-5
-1.292, -1.218e-5
-1.291, -1.218e-5
-1.290, -1.218e-5
-1.289, -1.218e-5
-1.288, -1.218e-5
-1.287, -1.218e-5
-1.286, -1.218e-5
-1.285, -1.218e-5
-1.284, -1.218e-5
-1.283, -1.218e-5
-1.282, -1.218e-5
-1.281, -1.526e-5
-1.280, -1.526e-5
-1.279, -1.218e-5
-1.278, -1.526e-5
-1.277, -1.526e-5
-1.276, -1.526e-5
-1.275, -1.526e-5
-1.274, -1.526e-5
-1.273, -1.526e-5
-1.272, -1.526e-5
-1.271, -1.526e-5
-1.270, -1.526e-5
-1.269, -1.526e-5
-1.268, -1.526e-5
-1.267, -1.526e-5
-1.266, -1.526e-5
-1.265, -1.526e-5
-1.264, -1.526e-5
-1.263, -1.526e-5
-1.262, -1.526e-5
-1.261, -1.526e-5
-1.260, -1.526e-5
-1.259, -1.526e-5
-1.258, -1.526e-5
-1.257, -1.526e-5
-1.256, -1.526e-5
-1.255, -1.526e-5
-1.254, -1.526e-5
-1.253, -1.526e-5
-1.252, -1.526e-5
-1.251, -1.526e-5
-1.250, -1.526e-5
-1.249, -1.526e-5
-1.248, -1.526e-5
-1.247, -1.526e-5
-1.246, -1.526e-5
-1.245, -1.834e-5
-1.244, -1.526e-5
-1.243, -1.834e-5
-1.242, -1.526e-5
-1.241, -1.834e-5
-1.240, -1.526e-5
-1.239, -1.526e-5
-1.238, -1.834e-5
-1.237, -1.526e-5
-1.236, -1.834e-5
-1.235, -1.526e-5
-1.234, -1.526e-5
-1.233, -1.834e-5
-1.232, -1.834e-5
-1.231, -1.834e-5
-1.230, -1.526e-5
-1.229, -1.834e-5
-1.228, -1.834e-5
-1.227, -1.834e-5
-1.226, -1.834e-5
-1.225, -1.834e-5
-1.224, -1.834e-5
-1.223, -1.526e-5
-1.222, -1.834e-5
-1.221, -1.834e-5
-1.220, -1.834e-5
-1.219, -1.834e-5
-1.218, -1.834e-5
-1.217, -1.834e-5
-1.216, -1.834e-5
-1.215, -1.834e-5
-1.214, -1.526e-5
-1.213, -1.834e-5
-1.212, -1.834e-5
-1.211, -1.834e-5
-1.210, -1.834e-5
-1.209, -1.834e-5
-1.208, -1.834e-5
-1.207, -1.526e-5
-1.206, -1.834e-5
-1.205, -1.834e-5
-1.204, -1.834e-5
-1.203, -1.834e-5
-1.202, -1.834e-5
-1.201, -1.834e-5
-1.200, -1.834e-5
-1.199, -1.834e-5
-1.198, -1.834e-5
-1.197, -1.834e-5
-1.196, -1.834e-5
-1.195, -1.834e-5
-1.194, -1.834e-5
-1.193, -1.834e-5
-1.192, -1.834e-5
-1.191, -1.834e-5
-1.190, -1.834e-5
-1.189, -1.834e-5
-1.188, -1.834e-5
-1.187, -1.834e-5
-1.186, -1.834e-5
-1.185, -2.143e-5
-1.184, -1.834e-5
-1.183, -2.143e-5
-1.182, -1.834e-5
-1.181, -1.834e-5
-1.180, -2.143e-5
-1.179, -1.834e-5
-1.178, -1.834e-5
-1.177, -1.834e-5
-1.176, -1.834e-5
-1.175, -1.834e-5
-1.174, -1.834e-5
-1.173, -2.143e-5
-1.172, -1.834e-5
-1.171, -2.143e-5
-1.170, -1.834e-5
-1.169, -2.143e-5
-1.168, -2.143e-5
-1.167, -2.143e-5
-1.166, -2.143e-5
-1.165, -2.143e-5
-1.164, -2.143e-5
-1.163, -1.834e-5
-1.162, -1.834e-5
-1.161, -1.834e-5
-1.160, -1.834e-5
-1.159, -2.143e-5
-1.158, -2.143e-5
-1.157, -2.143e-5
-1.156, -2.143e-5
-1.155, -2.143e-5
-1.154, -2.143e-5
-1.153, -2.143e-5
-1.152, -2.143e-5
-1.151, -2.143e-5
-1.150, -2.143e-5
-1.149, -2.143e-5
-1.148, -2.143e-5
-1.147, -2.143e-5
-1.146, -2.143e-5
-1.145, -2.143e-5
-1.144, -2.143e-5
-1.143, -2.143e-5
-1.142, -2.143e-5
-1.141, -2.143e-5
-1.140, -2.143e-5
-1.139, -2.143e-5
-1.138, -2.143e-5
-1.137, -2.143e-5
-1.136, -2.143e-5
-1.135, -2.143e-5
-1.134, -2.143e-5
-1.133, -2.143e-5
-1.132, -2.143e-5
-1.131, -2.143e-5
-1.130, -2.143e-5
-1.129, -2.143e-5
-1.128, -2.143e-5
-1.127, -2.143e-5
-1.126, -2.143e-5
-1.125, -2.143e-5
-1.124, -2.143e-5
-1.123, -2.451e-5
-1.122, -2.143e-5
-1.121, -2.451e-5
-1.120, -2.451e-5
-1.119, -2.143e-5
-1.118, -2.451e-5
-1.117, -2.143e-5
-1.116, -2.451e-5
-1.115, -2.143e-5
-1.114, -2.143e-5
-1.113, -2.451e-5
-1.112, -2.143e-5
-1.111, -2.451e-5
-1.110, -2.451e-5
-1.109, -2.143e-5
-1.108, -2.451e-5
-1.107, -2.451e-5
-1.106, -2.451e-5
-1.105, -2.451e-5
-1.104, -2.451e-5
-1.103, -2.451e-5
-1.102, -2.451e-5
-1.101, -2.451e-5
-1.100, -2.451e-5
-1.099, -2.451e-5
-1.098, -2.451e-5
-1.097, -2.451e-5
-1.096, -2.451e-5
-1.095, -2.451e-5
-1.094, -2.451e-5
-1.093, -2.451e-5
-1.092, -2.451e-5
-1.091, -2.451e-5
-1.090, -2.451e-5
-1.089, -2.451e-5
-1.088, -2.451e-5
-1.087, -2.451e-5
-1.086, -2.451e-5
-1.085, -2.451e-5
-1.084, -2.451e-5
-1.083, -2.451e-5
-1.082, -2.451e-5
-1.081, -2.759e-5
-1.080, -2.759e-5
-1.079, -2.451e-5
-1.078, -2.451e-5
-1.077, -2.759e-5
-1.076, -2.759e-5
-1.075, -2.759e-5
-1.074, -2.759e-5
-1.073, -2.759e-5
-1.072, -2.759e-5
-1.071, -2.759e-5
-1.070, -2.759e-5
-1.069, -2.759e-5
-1.068, -2.759e-5
-1.067, -2.759e-5
-1.066, -2.759e-5
-1.065, -2.759e-5
-1.064, -2.451e-5
-1.063, -2.759e-5
-1.062, -2.759e-5
-1.061, -2.759e-5
-1.060, -2.759e-5
-1.059, -2.759e-5
-1.058, -2.759e-5
-1.057, -2.759e-5
-1.056, -2.759e-5
-1.055, -2.759e-5
-1.054, -3.068e-5
-1.053, -3.068e-5
-1.052, -3.068e-5
-1.051, -2.759e-5
-1.050, -2.759e-5
-1.049, -3.068e-5
-1.048, -3.068e-5
-1.047, -3.068e-5
-1.046, -3.068e-5
-1.045, -3.068e-5
-1.044, -3.068e-5
-1.043, -3.068e-5
-1.042, -3.068e-5
-1.041, -3.068e-5
-1.040, -3.068e-5
-1.039, -3.068e-5
-1.038, -3.068e-5
-1.037, -3.376e-5
-1.036, -3.068e-5
-1.035, -3.068e-5
-1.034, -3.068e-5
-1.033, -3.068e-5
-1.032, -3.068e-5
-1.031, -3.376e-5
-1.030, -3.376e-5
-1.029, -3.376e-5
-1.028, -3.376e-5
-1.027, -3.068e-5
-1.026, -3.376e-5
-1.025, -3.376e-5
-1.024, -3.376e-5
-1.023, -3.376e-5
-1.022, -3.376e-5
-1.021, -3.376e-5
-1.020, -3.376e-5
-1.019, -3.376e-5
-1.018, -3.376e-5
-1.017, -3.376e-5
-1.016, -3.376e-5
-1.015, -3.376e-5
-1.014, -3.376e-5
-1.013, -3.376e-5
-1.012, -3.376e-5
-1.011, -3.376e-5
-1.010, -3.684e-5
-1.009, -3.376e-5
-1.008, -3.684e-5
-1.007, -3.684e-5
-1.006, -3.684e-5
-1.005, -3.684e-5
-1.004, -3.376e-5
-1.003, -3.684e-5
-1.002, -3.684e-5
-1.001, -3.684e-5
