June 27, 2026   20:13:29
Cyclic Voltammetry
File: c:/users/guazh/data/20260623_doe_duplica2/2026-06-24-exp26\exp26-2026-06-27t19_53_04-arkoh\exp26_cv_sr_800mvs_efin_-1700mv.bin
Data Source:  Experiment
Instrument Model:  CHI760E
Header: CV ran at 800 mVs
Note: 

Init E (V) = -1
High E (V) = -1
Low E (V) = -1.7
Final E (V) = -1
Init P/N = N
Scan Rate (V/s) = 0.8
Segment = 3
Sample Interval (V) = 0.001
Quiet Time (sec) = 2
Sensitivity (A/V) = 0.01
Comp R (ohm) = 1.3

Results:

Channel 1:
Segment 1:

Segment 2:

Segment 3:

Potential/V, Current/A

-1.000, 9.405e-6
-1.001, 1.865e-5
-1.002, 2.174e-5
-1.003, 2.482e-5
-1.004, 2.790e-5
-1.005, 2.790e-5
-1.006, 3.099e-5
-1.007, 3.099e-5
-1.008, 3.099e-5
-1.009, 3.099e-5
-1.010, 3.407e-5
-1.011, 3.407e-5
-1.012, 3.715e-5
-1.013, 3.715e-5
-1.014, 3.715e-5
-1.015, 3.715e-5
-1.016, 3.715e-5
-1.017, 3.715e-5
-1.018, 4.024e-5
-1.019, 4.024e-5
-1.020, 4.024e-5
-1.021, 4.024e-5
-1.022, 4.024e-5
-1.023, 4.332e-5
-1.024, 4.332e-5
-1.025, 4.332e-5
-1.026, 4.640e-5
-1.027, 4.332e-5
-1.028, 4.640e-5
-1.029, 4.640e-5
-1.030, 4.640e-5
-1.031, 4.949e-5
-1.032, 4.949e-5
-1.033, 4.949e-5
-1.034, 4.949e-5
-1.035, 4.949e-5
-1.036, 4.949e-5
-1.037, 5.257e-5
-1.038, 4.949e-5
-1.039, 5.257e-5
-1.040, 5.257e-5
-1.041, 5.257e-5
-1.042, 5.565e-5
-1.043, 5.565e-5
-1.044, 5.565e-5
-1.045, 5.565e-5
-1.046, 5.565e-5
-1.047, 5.873e-5
-1.048, 5.565e-5
-1.049, 5.873e-5
-1.050, 5.873e-5
-1.051, 5.873e-5
-1.052, 5.873e-5
-1.053, 6.182e-5
-1.054, 6.182e-5
-1.055, 6.182e-5
-1.056, 6.182e-5
-1.057, 6.490e-5
-1.058, 6.490e-5
-1.059, 6.490e-5
-1.060, 6.490e-5
-1.061, 6.490e-5
-1.062, 6.798e-5
-1.063, 6.798e-5
-1.064, 6.798e-5
-1.065, 7.107e-5
-1.066, 7.107e-5
-1.067, 7.107e-5
-1.068, 7.107e-5
-1.069, 7.107e-5
-1.070, 7.107e-5
-1.071, 7.107e-5
-1.072, 7.415e-5
-1.073, 7.415e-5
-1.074, 7.415e-5
-1.075, 7.415e-5
-1.076, 7.723e-5
-1.077, 7.723e-5
-1.078, 7.723e-5
-1.079, 7.723e-5
-1.080, 7.723e-5
-1.081, 7.723e-5
-1.082, 8.032e-5
-1.083, 8.032e-5
-1.084, 8.032e-5
-1.085, 8.032e-5
-1.086, 8.032e-5
-1.087, 8.032e-5
-1.088, 8.340e-5
-1.089, 8.340e-5
-1.090, 8.340e-5
-1.091, 8.340e-5
-1.092, 8.340e-5
-1.093, 8.340e-5
-1.094, 8.340e-5
-1.095, 8.648e-5
-1.096, 8.648e-5
-1.097, 8.648e-5
-1.098, 8.648e-5
-1.099, 8.957e-5
-1.100, 8.648e-5
-1.101, 8.957e-5
-1.102, 8.957e-5
-1.103, 8.957e-5
-1.104, 8.957e-5
-1.105, 9.265e-5
-1.106, 9.265e-5
-1.107, 9.265e-5
-1.108, 8.957e-5
-1.109, 9.265e-5
-1.110, 9.265e-5
-1.111, 9.265e-5
-1.112, 9.265e-5
-1.113, 9.265e-5
-1.114, 9.265e-5
-1.115, 9.573e-5
-1.116, 9.573e-5
-1.117, 9.573e-5
-1.118, 9.573e-5
-1.119, 9.573e-5
-1.120, 9.573e-5
-1.121, 9.573e-5
-1.122, 9.882e-5
-1.123, 9.882e-5
-1.124, 9.882e-5
-1.125, 9.882e-5
-1.126, 9.882e-5
-1.127, 1.019e-4
-1.128, 1.019e-4
-1.129, 9.882e-5
-1.130, 1.019e-4
-1.131, 1.019e-4
-1.132, 1.019e-4
-1.133, 1.019e-4
-1.134, 1.019e-4
-1.135, 1.019e-4
-1.136, 1.050e-4
-1.137, 1.050e-4
-1.138, 1.050e-4
-1.139, 1.050e-4
-1.140, 1.050e-4
-1.141, 1.050e-4
-1.142, 1.050e-4
-1.143, 1.081e-4
-1.144, 1.050e-4
-1.145, 1.081e-4
-1.146, 1.081e-4
-1.147, 1.081e-4
-1.148, 1.081e-4
-1.149, 1.081e-4
-1.150, 1.111e-4
-1.151, 1.081e-4
-1.152, 1.081e-4
-1.153, 1.081e-4
-1.154, 1.081e-4
-1.155, 1.081e-4
-1.156, 1.111e-4
-1.157, 1.111e-4
-1.158, 1.111e-4
-1.159, 1.111e-4
-1.160, 1.111e-4
-1.161, 1.111e-4
-1.162, 1.111e-4
-1.163, 1.111e-4
-1.164, 1.142e-4
-1.165, 1.142e-4
-1.166, 1.111e-4
-1.167, 1.142e-4
-1.168, 1.111e-4
-1.169, 1.142e-4
-1.170, 1.142e-4
-1.171, 1.142e-4
-1.172, 1.142e-4
-1.173, 1.142e-4
-1.174, 1.142e-4
-1.175, 1.142e-4
-1.176, 1.142e-4
-1.177, 1.142e-4
-1.178, 1.173e-4
-1.179, 1.173e-4
-1.180, 1.142e-4
-1.181, 1.173e-4
-1.182, 1.142e-4
-1.183, 1.173e-4
-1.184, 1.173e-4
-1.185, 1.173e-4
-1.186, 1.173e-4
-1.187, 1.173e-4
-1.188, 1.173e-4
-1.189, 1.173e-4
-1.190, 1.173e-4
-1.191, 1.173e-4
-1.192, 1.173e-4
-1.193, 1.173e-4
-1.194, 1.173e-4
-1.195, 1.173e-4
-1.196, 1.173e-4
-1.197, 1.173e-4
-1.198, 1.173e-4
-1.199, 1.173e-4
-1.200, 1.173e-4
-1.201, 1.142e-4
-1.202, 1.173e-4
-1.203, 1.173e-4
-1.204, 1.173e-4
-1.205, 1.142e-4
-1.206, 1.173e-4
-1.207, 1.173e-4
-1.208, 1.142e-4
-1.209, 1.173e-4
-1.210, 1.173e-4
-1.211, 1.142e-4
-1.212, 1.173e-4
-1.213, 1.142e-4
-1.214, 1.142e-4
-1.215, 1.142e-4
-1.216, 1.142e-4
-1.217, 1.173e-4
-1.218, 1.142e-4
-1.219, 1.142e-4
-1.220, 1.142e-4
-1.221, 1.142e-4
-1.222, 1.142e-4
-1.223, 1.142e-4
-1.224, 1.142e-4
-1.225, 1.142e-4
-1.226, 1.111e-4
-1.227, 1.142e-4
-1.228, 1.142e-4
-1.229, 1.142e-4
-1.230, 1.142e-4
-1.231, 1.142e-4
-1.232, 1.142e-4
-1.233, 1.142e-4
-1.234, 1.142e-4
-1.235, 1.142e-4
-1.236, 1.111e-4
-1.237, 1.111e-4
-1.238, 1.111e-4
-1.239, 1.111e-4
-1.240, 1.111e-4
-1.241, 1.111e-4
-1.242, 1.111e-4
-1.243, 1.111e-4
-1.244, 1.111e-4
-1.245, 1.111e-4
-1.246, 1.111e-4
-1.247, 1.111e-4
-1.248, 1.111e-4
-1.249, 1.111e-4
-1.250, 1.111e-4
-1.251, 1.111e-4
-1.252, 1.111e-4
-1.253, 1.111e-4
-1.254, 1.081e-4
-1.255, 1.081e-4
-1.256, 1.081e-4
-1.257, 1.111e-4
-1.258, 1.081e-4
-1.259, 1.081e-4
-1.260, 1.081e-4
-1.261, 1.081e-4
-1.262, 1.081e-4
-1.263, 1.111e-4
-1.264, 1.081e-4
-1.265, 1.081e-4
-1.266, 1.081e-4
-1.267, 1.081e-4
-1.268, 1.081e-4
-1.269, 1.081e-4
-1.270, 1.081e-4
-1.271, 1.081e-4
-1.272, 1.081e-4
-1.273, 1.081e-4
-1.274, 1.081e-4
-1.275, 1.081e-4
-1.276, 1.081e-4
-1.277, 1.081e-4
-1.278, 1.081e-4
-1.279, 1.081e-4
-1.280, 1.081e-4
-1.281, 1.081e-4
-1.282, 1.081e-4
-1.283, 1.081e-4
-1.284, 1.081e-4
-1.285, 1.081e-4
-1.286, 1.081e-4
-1.287, 1.081e-4
-1.288, 1.081e-4
-1.289, 1.081e-4
-1.290, 1.111e-4
-1.291, 1.081e-4
-1.292, 1.081e-4
-1.293, 1.081e-4
-1.294, 1.111e-4
-1.295, 1.111e-4
-1.296, 1.081e-4
-1.297, 1.111e-4
-1.298, 1.111e-4
-1.299, 1.111e-4
-1.300, 1.111e-4
-1.301, 1.111e-4
-1.302, 1.111e-4
-1.303, 1.111e-4
-1.304, 1.111e-4
-1.305, 1.111e-4
-1.306, 1.111e-4
-1.307, 1.111e-4
-1.308, 1.111e-4
-1.309, 1.142e-4
-1.310, 1.111e-4
-1.311, 1.142e-4
-1.312, 1.142e-4
-1.313, 1.142e-4
-1.314, 1.142e-4
-1.315, 1.142e-4
-1.316, 1.142e-4
-1.317, 1.173e-4
-1.318, 1.142e-4
-1.319, 1.173e-4
-1.320, 1.173e-4
-1.321, 1.173e-4
-1.322, 1.173e-4
-1.323, 1.204e-4
-1.324, 1.204e-4
-1.325, 1.173e-4
-1.326, 1.204e-4
-1.327, 1.204e-4
-1.328, 1.204e-4
-1.329, 1.204e-4
-1.330, 1.235e-4
-1.331, 1.235e-4
-1.332, 1.235e-4
-1.333, 1.235e-4
-1.334, 1.235e-4
-1.335, 1.266e-4
-1.336, 1.266e-4
-1.337, 1.266e-4
-1.338, 1.266e-4
-1.339, 1.266e-4
-1.340, 1.296e-4
-1.341, 1.296e-4
-1.342, 1.296e-4
-1.343, 1.296e-4
-1.344, 1.327e-4
-1.345, 1.327e-4
-1.346, 1.327e-4
-1.347, 1.327e-4
-1.348, 1.358e-4
-1.349, 1.358e-4
-1.350, 1.358e-4
-1.351, 1.358e-4
-1.352, 1.389e-4
-1.353, 1.358e-4
-1.354, 1.389e-4
-1.355, 1.420e-4
-1.356, 1.420e-4
-1.357, 1.420e-4
-1.358, 1.420e-4
-1.359, 1.451e-4
-1.360, 1.451e-4
-1.361, 1.481e-4
-1.362, 1.481e-4
-1.363, 1.481e-4
-1.364, 1.512e-4
-1.365, 1.512e-4
-1.366, 1.512e-4
-1.367, 1.543e-4
-1.368, 1.543e-4
-1.369, 1.543e-4
-1.370, 1.574e-4
-1.371, 1.605e-4
-1.372, 1.605e-4
-1.373, 1.605e-4
-1.374, 1.636e-4
-1.375, 1.636e-4
-1.376, 1.636e-4
-1.377, 1.666e-4
-1.378, 1.697e-4
-1.379, 1.697e-4
-1.380, 1.697e-4
-1.381, 1.728e-4
-1.382, 1.728e-4
-1.383, 1.759e-4
-1.384, 1.790e-4
-1.385, 1.790e-4
-1.386, 1.821e-4
-1.387, 1.851e-4
-1.388, 1.851e-4
-1.389, 1.882e-4
-1.390, 1.913e-4
-1.391, 1.944e-4
-1.392, 1.944e-4
-1.393, 1.975e-4
-1.394, 1.975e-4
-1.395, 2.036e-4
-1.396, 2.036e-4
-1.397, 2.098e-4
-1.398, 2.098e-4
-1.399, 2.129e-4
-1.400, 2.191e-4
-1.401, 2.221e-4
-1.402, 2.252e-4
-1.403, 2.314e-4
-1.404, 2.345e-4
-1.405, 2.406e-4
-1.406, 2.437e-4
-1.407, 2.499e-4
-1.408, 2.561e-4
-1.409, 2.622e-4
-1.410, 2.684e-4
-1.411, 2.776e-4
-1.412, 2.838e-4
-1.413, 2.900e-4
-1.414, 2.992e-4
-1.415, 3.085e-4
-1.416, 3.177e-4
-1.417, 3.270e-4
-1.418, 3.393e-4
-1.419, 3.485e-4
-1.420, 3.609e-4
-1.421, 3.701e-4
-1.422, 3.825e-4
-1.423, 3.948e-4
-1.424, 4.071e-4
-1.425, 4.195e-4
-1.426, 4.349e-4
-1.427, 4.503e-4
-1.428, 4.657e-4
-1.429, 4.780e-4
-1.430, 4.935e-4
-1.431, 5.089e-4
-1.432, 5.243e-4
-1.433, 5.397e-4
-1.434, 5.582e-4
-1.435, 5.736e-4
-1.436, 5.890e-4
-1.437, 6.044e-4
-1.438, 6.199e-4
-1.439, 6.353e-4
-1.440, 6.507e-4
-1.441, 6.661e-4
-1.442, 6.815e-4
-1.443, 6.969e-4
-1.444, 7.124e-4
-1.445, 7.278e-4
-1.446, 7.432e-4
-1.447, 7.586e-4
-1.448, 7.709e-4
-1.449, 7.894e-4
-1.450, 8.018e-4
-1.451, 8.172e-4
-1.452, 8.326e-4
-1.453, 8.449e-4
-1.454, 8.696e-4
-1.455, 8.788e-4
-1.456, 8.912e-4
-1.457, 9.066e-4
-1.458, 9.189e-4
-1.459, 9.374e-4
-1.460, 9.467e-4
-1.461, 9.621e-4
-1.462, 9.744e-4
-1.463, 9.898e-4
-1.464, 1.005e-3
-1.465, 1.018e-3
-1.466, 1.033e-3
-1.467, 1.048e-3
-1.468, 1.067e-3
-1.469, 1.082e-3
-1.470, 1.098e-3
-1.471, 1.113e-3
-1.472, 1.125e-3
-1.473, 1.141e-3
-1.474, 1.156e-3
-1.475, 1.172e-3
-1.476, 1.187e-3
-1.477, 1.203e-3
-1.478, 1.218e-3
-1.479, 1.236e-3
-1.480, 1.252e-3
-1.481, 1.267e-3
-1.482, 1.283e-3
-1.483, 1.295e-3
-1.484, 1.310e-3
-1.485, 1.326e-3
-1.486, 1.344e-3
-1.487, 1.360e-3
-1.488, 1.375e-3
-1.489, 1.394e-3
-1.490, 1.406e-3
-1.491, 1.421e-3
-1.492, 1.440e-3
-1.493, 1.455e-3
-1.494, 1.471e-3
-1.495, 1.486e-3
-1.496, 1.505e-3
-1.497, 1.526e-3
-1.498, 1.542e-3
-1.499, 1.560e-3
-1.500, 1.576e-3
-1.501, 1.594e-3
-1.502, 1.610e-3
-1.503, 1.628e-3
-1.504, 1.643e-3
-1.505, 1.662e-3
-1.506, 1.680e-3
-1.507, 1.699e-3
-1.508, 1.714e-3
-1.509, 1.733e-3
-1.510, 1.758e-3
-1.511, 1.782e-3
-1.512, 1.801e-3
-1.513, 1.819e-3
-1.514, 1.835e-3
-1.515, 1.853e-3
-1.516, 1.872e-3
-1.517, 1.893e-3
-1.518, 1.915e-3
-1.519, 1.939e-3
-1.520, 1.961e-3
-1.521, 1.980e-3
-1.522, 1.998e-3
-1.523, 2.020e-3
-1.524, 2.038e-3
-1.525, 2.057e-3
-1.526, 2.078e-3
-1.527, 2.103e-3
-1.528, 2.124e-3
-1.529, 2.146e-3
-1.530, 2.168e-3
-1.531, 2.195e-3
-1.532, 2.214e-3
-1.533, 2.238e-3
-1.534, 2.260e-3
-1.535, 2.282e-3
-1.536, 2.303e-3
-1.537, 2.328e-3
-1.538, 2.353e-3
-1.539, 2.368e-3
-1.540, 2.399e-3
-1.541, 2.427e-3
-1.542, 2.457e-3
-1.543, 2.482e-3
-1.544, 2.501e-3
-1.545, 2.516e-3
-1.546, 2.541e-3
-1.547, 2.559e-3
-1.548, 2.587e-3
-1.549, 2.615e-3
-1.550, 2.642e-3
-1.551, 2.664e-3
-1.552, 2.686e-3
-1.553, 2.710e-3
-1.554, 2.735e-3
-1.555, 2.756e-3
-1.556, 2.781e-3
-1.557, 2.803e-3
-1.558, 2.827e-3
-1.559, 2.849e-3
-1.560, 2.877e-3
-1.561, 2.908e-3
-1.562, 2.935e-3
-1.563, 2.960e-3
-1.564, 2.991e-3
-1.565, 3.012e-3
-1.566, 3.040e-3
-1.567, 3.065e-3
-1.568, 3.096e-3
-1.569, 3.126e-3
-1.570, 3.145e-3
-1.571, 3.176e-3
-1.572, 3.207e-3
-1.573, 3.231e-3
-1.574, 3.259e-3
-1.575, 3.287e-3
-1.576, 3.314e-3
-1.577, 3.339e-3
-1.578, 3.373e-3
-1.579, 3.404e-3
-1.580, 3.432e-3
-1.581, 3.466e-3
-1.582, 3.506e-3
-1.583, 3.533e-3
-1.584, 3.558e-3
-1.585, 3.586e-3
-1.586, 3.614e-3
-1.587, 3.644e-3
-1.588, 3.669e-3
-1.589, 3.703e-3
-1.590, 3.731e-3
-1.591, 3.771e-3
-1.592, 3.792e-3
-1.593, 3.826e-3
-1.594, 3.860e-3
-1.595, 3.879e-3
-1.596, 3.910e-3
-1.597, 3.950e-3
-1.598, 3.971e-3
-1.599, 4.008e-3
-1.600, 4.042e-3
-1.601, 4.073e-3
-1.602, 4.104e-3
-1.603, 4.135e-3
-1.604, 4.178e-3
-1.605, 4.215e-3
-1.606, 4.236e-3
-1.607, 4.267e-3
-1.608, 4.301e-3
-1.609, 4.329e-3
-1.610, 4.369e-3
-1.611, 4.409e-3
-1.612, 4.446e-3
-1.613, 4.480e-3
-1.614, 4.511e-3
-1.615, 4.545e-3
-1.616, 4.591e-3
-1.617, 4.622e-3
-1.618, 4.659e-3
-1.619, 4.693e-3
-1.620, 4.736e-3
-1.621, 4.779e-3
-1.622, 4.816e-3
-1.623, 4.853e-3
-1.624, 4.890e-3
-1.625, 4.921e-3
-1.626, 4.949e-3
-1.627, 4.989e-3
-1.628, 5.038e-3
-1.629, 5.081e-3
-1.630, 5.140e-3
-1.631, 5.174e-3
-1.632, 5.211e-3
-1.633, 5.254e-3
-1.634, 5.294e-3
-1.635, 5.328e-3
-1.636, 5.362e-3
-1.637, 5.396e-3
-1.638, 5.439e-3
-1.639, 5.497e-3
-1.640, 5.559e-3
-1.641, 5.608e-3
-1.642, 5.651e-3
-1.643, 5.692e-3
-1.644, 5.729e-3
-1.645, 5.775e-3
-1.646, 5.812e-3
-1.647, 5.840e-3
-1.648, 5.886e-3
-1.649, 5.935e-3
-1.650, 5.988e-3
-1.651, 6.049e-3
-1.652, 6.102e-3
-1.653, 6.157e-3
-1.654, 6.188e-3
-1.655, 6.240e-3
-1.656, 6.290e-3
-1.657, 6.327e-3
-1.658, 6.373e-3
-1.659, 6.432e-3
-1.660, 6.453e-3
-1.661, 6.515e-3
-1.662, 6.576e-3
-1.663, 6.629e-3
-1.664, 6.672e-3
-1.665, 6.761e-3
-1.666, 6.792e-3
-1.667, 6.820e-3
-1.668, 6.869e-3
-1.669, 6.922e-3
-1.670, 6.965e-3
-1.671, 7.008e-3
-1.672, 7.064e-3
-1.673, 7.107e-3
-1.674, 7.156e-3
-1.675, 7.202e-3
-1.676, 7.261e-3
-1.677, 7.304e-3
-1.678, 7.360e-3
-1.679, 7.424e-3
-1.680, 7.474e-3
-1.681, 7.520e-3
-1.682, 7.588e-3
-1.683, 7.637e-3
-1.684, 7.680e-3
-1.685, 7.745e-3
-1.686, 7.797e-3
-1.687, 7.868e-3
-1.688, 7.918e-3
-1.689, 7.958e-3
-1.690, 8.007e-3
-1.691, 8.053e-3
-1.692, 8.127e-3
-1.693, 8.186e-3
-1.694, 8.238e-3
-1.695, 8.284e-3
-1.696, 8.328e-3
-1.697, 8.402e-3
-1.698, 8.466e-3
-1.699, 8.522e-3
-1.700, 8.553e-3
-1.699, 8.500e-3
-1.698, 8.451e-3
-1.697, 8.395e-3
-1.696, 8.343e-3
-1.695, 8.281e-3
-1.694, 8.210e-3
-1.693, 8.136e-3
-1.692, 8.090e-3
-1.691, 8.041e-3
-1.690, 7.982e-3
-1.689, 7.939e-3
-1.688, 7.878e-3
-1.687, 7.810e-3
-1.686, 7.754e-3
-1.685, 7.680e-3
-1.684, 7.615e-3
-1.683, 7.560e-3
-1.682, 7.520e-3
-1.681, 7.467e-3
-1.680, 7.406e-3
-1.679, 7.369e-3
-1.678, 7.363e-3
-1.677, 7.304e-3
-1.676, 7.267e-3
-1.675, 7.224e-3
-1.674, 7.159e-3
-1.673, 7.085e-3
-1.672, 7.023e-3
-1.671, 6.990e-3
-1.670, 6.937e-3
-1.669, 6.879e-3
-1.668, 6.826e-3
-1.667, 6.771e-3
-1.666, 6.721e-3
-1.665, 6.669e-3
-1.664, 6.601e-3
-1.663, 6.539e-3
-1.662, 6.490e-3
-1.661, 6.428e-3
-1.660, 6.379e-3
-1.659, 6.333e-3
-1.658, 6.287e-3
-1.657, 6.219e-3
-1.656, 6.179e-3
-1.655, 6.123e-3
-1.654, 6.062e-3
-1.653, 6.021e-3
-1.652, 5.978e-3
-1.651, 5.917e-3
-1.650, 5.873e-3
-1.649, 5.824e-3
-1.648, 5.775e-3
-1.647, 5.738e-3
-1.646, 5.692e-3
-1.645, 5.648e-3
-1.644, 5.608e-3
-1.643, 5.553e-3
-1.642, 5.519e-3
-1.641, 5.470e-3
-1.640, 5.433e-3
-1.639, 5.383e-3
-1.638, 5.325e-3
-1.637, 5.288e-3
-1.636, 5.248e-3
-1.635, 5.195e-3
-1.634, 5.149e-3
-1.633, 5.109e-3
-1.632, 5.053e-3
-1.631, 5.007e-3
-1.630, 4.967e-3
-1.629, 4.927e-3
-1.628, 4.887e-3
-1.627, 4.844e-3
-1.626, 4.797e-3
-1.625, 4.748e-3
-1.624, 4.708e-3
-1.623, 4.659e-3
-1.622, 4.637e-3
-1.621, 4.600e-3
-1.620, 4.557e-3
-1.619, 4.520e-3
-1.618, 4.477e-3
-1.617, 4.443e-3
-1.616, 4.403e-3
-1.615, 4.372e-3
-1.614, 4.329e-3
-1.613, 4.280e-3
-1.612, 4.243e-3
-1.611, 4.206e-3
-1.610, 4.162e-3
-1.609, 4.116e-3
-1.608, 4.082e-3
-1.607, 4.051e-3
-1.606, 4.027e-3
-1.605, 3.984e-3
-1.604, 3.940e-3
-1.603, 3.900e-3
-1.602, 3.869e-3
-1.601, 3.839e-3
-1.600, 3.805e-3
-1.599, 3.774e-3
-1.598, 3.746e-3
-1.597, 3.706e-3
-1.596, 3.669e-3
-1.595, 3.629e-3
-1.594, 3.598e-3
-1.593, 3.561e-3
-1.592, 3.518e-3
-1.591, 3.484e-3
-1.590, 3.453e-3
-1.589, 3.419e-3
-1.588, 3.385e-3
-1.587, 3.355e-3
-1.586, 3.327e-3
-1.585, 3.290e-3
-1.584, 3.259e-3
-1.583, 3.231e-3
-1.582, 3.197e-3
-1.581, 3.160e-3
-1.580, 3.130e-3
-1.579, 3.105e-3
-1.578, 3.068e-3
-1.577, 3.043e-3
-1.576, 3.019e-3
-1.575, 2.982e-3
-1.574, 2.954e-3
-1.573, 2.920e-3
-1.572, 2.892e-3
-1.571, 2.867e-3
-1.570, 2.834e-3
-1.569, 2.806e-3
-1.568, 2.778e-3
-1.567, 2.750e-3
-1.566, 2.726e-3
-1.565, 2.707e-3
-1.564, 2.682e-3
-1.563, 2.652e-3
-1.562, 2.630e-3
-1.561, 2.599e-3
-1.560, 2.571e-3
-1.559, 2.544e-3
-1.558, 2.519e-3
-1.557, 2.491e-3
-1.556, 2.467e-3
-1.555, 2.442e-3
-1.554, 2.414e-3
-1.553, 2.386e-3
-1.552, 2.356e-3
-1.551, 2.334e-3
-1.550, 2.309e-3
-1.549, 2.285e-3
-1.548, 2.260e-3
-1.547, 2.232e-3
-1.546, 2.211e-3
-1.545, 2.192e-3
-1.544, 2.171e-3
-1.543, 2.149e-3
-1.542, 2.124e-3
-1.541, 2.100e-3
-1.540, 2.072e-3
-1.539, 2.047e-3
-1.538, 2.035e-3
-1.537, 2.007e-3
-1.536, 1.983e-3
-1.535, 1.967e-3
-1.534, 1.943e-3
-1.533, 1.924e-3
-1.532, 1.899e-3
-1.531, 1.878e-3
-1.530, 1.856e-3
-1.529, 1.841e-3
-1.528, 1.825e-3
-1.527, 1.807e-3
-1.526, 1.782e-3
-1.525, 1.764e-3
-1.524, 1.742e-3
-1.523, 1.721e-3
-1.522, 1.702e-3
-1.521, 1.684e-3
-1.520, 1.665e-3
-1.519, 1.647e-3
-1.518, 1.625e-3
-1.517, 1.603e-3
-1.516, 1.582e-3
-1.515, 1.569e-3
-1.514, 1.551e-3
-1.513, 1.529e-3
-1.512, 1.514e-3
-1.511, 1.495e-3
-1.510, 1.477e-3
-1.509, 1.455e-3
-1.508, 1.437e-3
-1.507, 1.418e-3
-1.506, 1.403e-3
-1.505, 1.384e-3
-1.504, 1.369e-3
-1.503, 1.354e-3
-1.502, 1.338e-3
-1.501, 1.323e-3
-1.500, 1.310e-3
-1.499, 1.292e-3
-1.498, 1.277e-3
-1.497, 1.261e-3
-1.496, 1.243e-3
-1.495, 1.224e-3
-1.494, 1.209e-3
-1.493, 1.196e-3
-1.492, 1.181e-3
-1.491, 1.162e-3
-1.490, 1.147e-3
-1.489, 1.132e-3
-1.488, 1.122e-3
-1.487, 1.104e-3
-1.486, 1.088e-3
-1.485, 1.073e-3
-1.484, 1.058e-3
-1.483, 1.045e-3
-1.482, 1.027e-3
-1.481, 1.014e-3
-1.480, 9.991e-4
-1.479, 9.837e-4
-1.478, 9.713e-4
-1.477, 9.559e-4
-1.476, 9.405e-4
-1.475, 9.282e-4
-1.474, 9.158e-4
-1.473, 9.004e-4
-1.472, 8.881e-4
-1.471, 8.758e-4
-1.470, 8.603e-4
-1.469, 8.480e-4
-1.468, 8.357e-4
-1.467, 8.203e-4
-1.466, 8.110e-4
-1.465, 7.956e-4
-1.464, 7.863e-4
-1.463, 7.740e-4
-1.462, 7.617e-4
-1.461, 7.524e-4
-1.460, 7.370e-4
-1.459, 7.278e-4
-1.458, 7.154e-4
-1.457, 7.031e-4
-1.456, 6.908e-4
-1.455, 6.815e-4
-1.454, 6.692e-4
-1.453, 6.599e-4
-1.452, 6.476e-4
-1.451, 6.353e-4
-1.450, 6.260e-4
-1.449, 6.137e-4
-1.448, 6.044e-4
-1.447, 5.921e-4
-1.446, 5.829e-4
-1.445, 5.736e-4
-1.444, 5.644e-4
-1.443, 5.551e-4
-1.442, 5.459e-4
-1.441, 5.335e-4
-1.440, 5.274e-4
-1.439, 5.181e-4
-1.438, 5.089e-4
-1.437, 4.965e-4
-1.436, 4.904e-4
-1.435, 4.780e-4
-1.434, 4.719e-4
-1.433, 4.595e-4
-1.432, 4.534e-4
-1.431, 4.441e-4
-1.430, 4.349e-4
-1.429, 4.256e-4
-1.428, 4.164e-4
-1.427, 4.071e-4
-1.426, 4.010e-4
-1.425, 3.917e-4
-1.424, 3.855e-4
-1.423, 3.794e-4
-1.422, 3.701e-4
-1.421, 3.640e-4
-1.420, 3.547e-4
-1.419, 3.485e-4
-1.418, 3.393e-4
-1.417, 3.331e-4
-1.416, 3.270e-4
-1.415, 3.208e-4
-1.414, 3.115e-4
-1.413, 3.085e-4
-1.412, 2.992e-4
-1.411, 2.961e-4
-1.410, 2.869e-4
-1.409, 2.807e-4
-1.408, 2.746e-4
-1.407, 2.684e-4
-1.406, 2.622e-4
-1.405, 2.561e-4
-1.404, 2.499e-4
-1.403, 2.468e-4
-1.402, 2.376e-4
-1.401, 2.314e-4
-1.400, 2.283e-4
-1.399, 2.221e-4
-1.398, 2.160e-4
-1.397, 2.129e-4
-1.396, 2.067e-4
-1.395, 2.006e-4
-1.394, 1.975e-4
-1.393, 1.913e-4
-1.392, 1.882e-4
-1.391, 1.821e-4
-1.390, 1.790e-4
-1.389, 1.728e-4
-1.388, 1.666e-4
-1.387, 1.636e-4
-1.386, 1.605e-4
-1.385, 1.543e-4
-1.384, 1.512e-4
-1.383, 1.481e-4
-1.382, 1.451e-4
-1.381, 1.389e-4
-1.380, 1.358e-4
-1.379, 1.327e-4
-1.378, 1.266e-4
-1.377, 1.235e-4
-1.376, 1.204e-4
-1.375, 1.173e-4
-1.374, 1.142e-4
-1.373, 1.081e-4
-1.372, 1.050e-4
-1.371, 1.019e-4
-1.370, 1.019e-4
-1.369, 9.573e-5
-1.368, 9.265e-5
-1.367, 8.957e-5
-1.366, 8.957e-5
-1.365, 8.648e-5
-1.364, 8.340e-5
-1.363, 8.032e-5
-1.362, 7.723e-5
-1.361, 7.415e-5
-1.360, 7.107e-5
-1.359, 6.798e-5
-1.358, 6.490e-5
-1.357, 6.490e-5
-1.356, 6.182e-5
-1.355, 5.873e-5
-1.354, 5.565e-5
-1.353, 5.565e-5
-1.352, 5.257e-5
-1.351, 5.257e-5
-1.350, 4.949e-5
-1.349, 4.640e-5
-1.348, 4.332e-5
-1.347, 4.332e-5
-1.346, 4.024e-5
-1.345, 3.715e-5
-1.344, 3.715e-5
-1.343, 3.715e-5
-1.342, 3.407e-5
-1.341, 3.099e-5
-1.340, 3.099e-5
-1.339, 2.790e-5
-1.338, 2.482e-5
-1.337, 2.482e-5
-1.336, 2.174e-5
-1.335, 2.174e-5
-1.334, 1.865e-5
-1.333, 1.865e-5
-1.332, 1.557e-5
-1.331, 1.557e-5
-1.330, 1.249e-5
-1.329, 1.249e-5
-1.328, 1.249e-5
-1.327, 9.405e-6
-1.326, 9.405e-6
-1.325, 6.322e-6
-1.324, 6.322e-6
-1.323, 6.322e-6
-1.322, 3.239e-6
-1.321, 3.239e-6
-1.320, 3.239e-6
-1.319, 1.559e-7
-1.318, 1.559e-7
-1.317, 1.559e-7
-1.316, -2.927e-6
-1.315, -2.927e-6
-1.314, -2.927e-6
-1.313, -6.010e-6
-1.312, -6.010e-6
-1.311, -6.010e-6
-1.310, -6.010e-6
-1.309, -9.093e-6
-1.308, -9.093e-6
-1.307, -9.093e-6
-1.306, -9.093e-6
-1.305, -1.218e-5
-1.304, -1.218e-5
-1.303, -1.218e-5
-1.302, -1.526e-5
-1.301, -1.526e-5
-1.300, -1.526e-5
-1.299, -1.526e-5
-1.298, -1.834e-5
-1.297, -1.834e-5
-1.296, -1.834e-5
-1.295, -1.834e-5
-1.294, -1.834e-5
-1.293, -2.143e-5
-1.292, -2.143e-5
-1.291, -2.143e-5
-1.290, -2.143e-5
-1.289, -2.143e-5
-1.288, -2.451e-5
-1.287, -2.451e-5
-1.286, -2.451e-5
-1.285, -2.451e-5
-1.284, -2.759e-5
-1.283, -2.451e-5
-1.282, -2.451e-5
-1.281, -2.451e-5
-1.280, -2.759e-5
-1.279, -2.759e-5
-1.278, -2.759e-5
-1.277, -2.759e-5
-1.276, -3.068e-5
-1.275, -3.068e-5
-1.274, -3.068e-5
-1.273, -3.068e-5
-1.272, -3.068e-5
-1.271, -3.068e-5
-1.270, -3.068e-5
-1.269, -3.376e-5
-1.268, -3.376e-5
-1.267, -3.376e-5
-1.266, -3.376e-5
-1.265, -3.376e-5
-1.264, -3.376e-5
-1.263, -3.684e-5
-1.262, -3.684e-5
-1.261, -3.684e-5
-1.260, -3.684e-5
-1.259, -3.684e-5
-1.258, -3.684e-5
-1.257, -3.684e-5
-1.256, -3.992e-5
-1.255, -3.992e-5
-1.254, -3.992e-5
-1.253, -3.992e-5
-1.252, -3.992e-5
-1.251, -3.992e-5
-1.250, -3.992e-5
-1.249, -3.992e-5
-1.248, -4.301e-5
-1.247, -4.301e-5
-1.246, -4.301e-5
-1.245, -4.301e-5
-1.244, -4.301e-5
-1.243, -4.301e-5
-1.242, -4.609e-5
-1.241, -4.609e-5
-1.240, -4.609e-5
-1.239, -4.609e-5
-1.238, -4.609e-5
-1.237, -4.609e-5
-1.236, -4.609e-5
-1.235, -4.917e-5
-1.234, -4.917e-5
-1.233, -4.917e-5
-1.232, -4.917e-5
-1.231, -4.917e-5
-1.230, -4.917e-5
-1.229, -4.917e-5
-1.228, -5.226e-5
-1.227, -4.917e-5
-1.226, -4.917e-5
-1.225, -5.226e-5
-1.224, -5.226e-5
-1.223, -5.226e-5
-1.222, -5.226e-5
-1.221, -5.226e-5
-1.220, -5.226e-5
-1.219, -5.226e-5
-1.218, -5.534e-5
-1.217, -5.226e-5
-1.216, -5.534e-5
-1.215, -5.534e-5
-1.214, -5.534e-5
-1.213, -5.534e-5
-1.212, -5.534e-5
-1.211, -5.534e-5
-1.210, -5.842e-5
-1.209, -5.842e-5
-1.208, -5.842e-5
-1.207, -5.842e-5
-1.206, -5.842e-5
-1.205, -5.842e-5
-1.204, -6.151e-5
-1.203, -5.842e-5
-1.202, -6.151e-5
-1.201, -6.151e-5
-1.200, -6.151e-5
-1.199, -6.151e-5
-1.198, -6.151e-5
-1.197, -6.151e-5
-1.196, -6.459e-5
-1.195, -6.459e-5
-1.194, -6.459e-5
-1.193, -6.459e-5
-1.192, -6.459e-5
-1.191, -6.459e-5
-1.190, -6.459e-5
-1.189, -6.459e-5
-1.188, -6.459e-5
-1.187, -6.767e-5
-1.186, -6.767e-5
-1.185, -6.767e-5
-1.184, -6.767e-5
-1.183, -6.767e-5
-1.182, -6.767e-5
-1.181, -7.076e-5
-1.180, -6.767e-5
-1.179, -7.076e-5
-1.178, -7.076e-5
-1.177, -7.076e-5
-1.176, -7.076e-5
-1.175, -7.076e-5
-1.174, -7.076e-5
-1.173, -7.076e-5
-1.172, -7.076e-5
-1.171, -7.384e-5
-1.170, -7.384e-5
-1.169, -7.384e-5
-1.168, -7.384e-5
-1.167, -7.384e-5
-1.166, -7.384e-5
-1.165, -7.692e-5
-1.164, -7.692e-5
-1.163, -7.692e-5
-1.162, -7.692e-5
-1.161, -7.692e-5
-1.160, -7.692e-5
-1.159, -7.692e-5
-1.158, -7.692e-5
-1.157, -7.692e-5
-1.156, -8.000e-5
-1.155, -8.000e-5
-1.154, -8.000e-5
-1.153, -8.000e-5
-1.152, -8.000e-5
-1.151, -8.000e-5
-1.150, -8.000e-5
-1.149, -8.309e-5
-1.148, -8.309e-5
-1.147, -8.309e-5
-1.146, -8.309e-5
-1.145, -8.309e-5
-1.144, -8.617e-5
-1.143, -8.309e-5
-1.142, -8.617e-5
-1.141, -8.617e-5
-1.140, -8.617e-5
-1.139, -8.617e-5
-1.138, -8.617e-5
-1.137, -8.617e-5
-1.136, -8.925e-5
-1.135, -8.925e-5
-1.134, -8.925e-5
-1.133, -8.925e-5
-1.132, -8.925e-5
-1.131, -8.925e-5
-1.130, -8.925e-5
-1.129, -9.234e-5
-1.128, -9.234e-5
-1.127, -9.234e-5
-1.126, -9.234e-5
-1.125, -9.542e-5
-1.124, -9.234e-5
-1.123, -9.542e-5
-1.122, -9.542e-5
-1.121, -9.542e-5
-1.120, -9.542e-5
-1.119, -9.542e-5
-1.118, -9.850e-5
-1.117, -9.850e-5
-1.116, -9.850e-5
-1.115, -9.850e-5
-1.114, -9.850e-5
-1.113, -1.016e-4
-1.112, -1.016e-4
-1.111, -1.016e-4
-1.110, -1.016e-4
-1.109, -1.016e-4
-1.108, -1.016e-4
-1.107, -1.047e-4
-1.106, -1.047e-4
-1.105, -1.047e-4
-1.104, -1.047e-4
-1.103, -1.047e-4
-1.102, -1.047e-4
-1.101, -1.047e-4
-1.100, -1.078e-4
-1.099, -1.078e-4
-1.098, -1.078e-4
-1.097, -1.078e-4
-1.096, -1.078e-4
-1.095, -1.078e-4
-1.094, -1.108e-4
-1.093, -1.108e-4
-1.092, -1.108e-4
-1.091, -1.108e-4
-1.090, -1.139e-4
-1.089, -1.139e-4
-1.088, -1.139e-4
-1.087, -1.139e-4
-1.086, -1.170e-4
-1.085, -1.170e-4
-1.084, -1.170e-4
-1.083, -1.170e-4
-1.082, -1.170e-4
-1.081, -1.170e-4
-1.080, -1.170e-4
-1.079, -1.201e-4
-1.078, -1.201e-4
-1.077, -1.201e-4
-1.076, -1.201e-4
-1.075, -1.201e-4
-1.074, -1.232e-4
-1.073, -1.232e-4
-1.072, -1.232e-4
-1.071, -1.232e-4
-1.070, -1.232e-4
-1.069, -1.232e-4
-1.068, -1.263e-4
-1.067, -1.263e-4
-1.066, -1.263e-4
-1.065, -1.263e-4
-1.064, -1.263e-4
-1.063, -1.263e-4
-1.062, -1.263e-4
-1.061, -1.293e-4
-1.060, -1.293e-4
-1.059, -1.293e-4
-1.058, -1.293e-4
-1.057, -1.293e-4
-1.056, -1.293e-4
-1.055, -1.324e-4
-1.054, -1.324e-4
-1.053, -1.324e-4
-1.052, -1.355e-4
-1.051, -1.355e-4
-1.050, -1.355e-4
-1.049, -1.355e-4
-1.048, -1.355e-4
-1.047, -1.355e-4
-1.046, -1.355e-4
-1.045, -1.386e-4
-1.044, -1.386e-4
-1.043, -1.386e-4
-1.042, -1.386e-4
-1.041, -1.386e-4
-1.040, -1.386e-4
-1.039, -1.417e-4
-1.038, -1.417e-4
-1.037, -1.417e-4
-1.036, -1.417e-4
-1.035, -1.448e-4
-1.034, -1.448e-4
-1.033, -1.448e-4
-1.032, -1.448e-4
-1.031, -1.448e-4
-1.030, -1.478e-4
-1.029, -1.478e-4
-1.028, -1.478e-4
-1.027, -1.478e-4
-1.026, -1.478e-4
-1.025, -1.509e-4
-1.024, -1.509e-4
-1.023, -1.509e-4
-1.022, -1.509e-4
-1.021, -1.509e-4
-1.020, -1.509e-4
-1.019, -1.540e-4
-1.018, -1.509e-4
-1.017, -1.540e-4
-1.016, -1.540e-4
-1.015, -1.540e-4
-1.014, -1.540e-4
-1.013, -1.571e-4
-1.012, -1.571e-4
-1.011, -1.571e-4
-1.010, -1.571e-4
-1.009, -1.602e-4
-1.008, -1.602e-4
-1.007, -1.602e-4
-1.006, -1.602e-4
-1.005, -1.632e-4
-1.004, -1.632e-4
-1.003, -1.632e-4
-1.002, -1.632e-4
-1.001, -1.632e-4
