Potential V vs RHE, Current mA cm-2
0.013299999999999867,-0.00443794934767662
0.012299999999999978,-0.6009693601826676
0.011299999999999866,-0.8178446024519777
0.010299999999999976,-0.9325776888710322
0.009299999999999864,-1.0160456555630692
0.008299999999999974,-1.0740488188575361
0.007299999999999862,-1.1220075319229605
0.006299999999999972,-1.1712394851582637
0.00529999999999986,-1.2057584408749709
0.0042999999999999705,-1.2416921078915426
0.0032999999999998586,-1.2733816410085195
0.0022999999999999687,-1.3023832226557526
0.0012999999999998568,-1.3354874670725945
0.00029999999999996696,-1.348785753291326
-0.000700000000000145,-1.3769385081586403
-0.0017000000000000348,-1.3995738889564808
-0.0027000000000001467,-1.4175407224647667
-0.0037000000000000366,-1.4401761032626073
-0.0047000000000001485,-1.4557379275611226
-0.005700000000000038,-1.471299751859638
-0.00670000000000015,-1.4882762874580184
-0.00770000000000004,-1.499593977856939
-0.008700000000000152,-1.5165705134553193
-0.009700000000000042,-1.5321323377538347
-0.010700000000000154,-1.55052358465208
-0.011700000000000044,-1.5604265637511354
-0.012700000000000156,-1.5703295428501907
-0.013700000000000045,-1.584476655848841
-0.014700000000000157,-1.5957943462477613
-0.015700000000000047,-1.6000384801473564
-0.01670000000000016,-1.614185593146007
-0.01770000000000005,-1.6240885722450622
-0.01870000000000016,-1.6325768400442524
-0.01970000000000005,-1.6410651078434426
-0.020700000000000163,-1.6523827982423631
-0.021700000000000053,-1.658041643441823
-0.022700000000000164,-1.6693593338407433
-0.023700000000000054,-1.6750181790402037
-0.024700000000000166,-1.6806770242396636
-0.025700000000000056,-1.690580003338719
-0.026700000000000168,-1.6919947146385839
-0.027700000000000058,-1.6990682711379093
-0.02870000000000017,-1.7047271163373692
-0.02970000000000006,-1.7103859615368293
-0.03070000000000017,-1.7188742293360195
-0.03170000000000006,-1.7174595180361545
-0.03270000000000017,-1.7217036519357498
-0.03370000000000006,-1.7301919197349398
-0.034700000000000175,-1.7316066310348048
-0.035700000000000065,-1.7358507649344
-0.03670000000000018,-1.7386801875341302
-0.03770000000000007,-1.7400948988339953
-0.03870000000000018,-1.7457537440334552
-0.03970000000000007,-1.7457537440334552
-0.04070000000000018,-1.7429243214337253
-0.04170000000000007,-1.7528273005327806
-0.04270000000000018,-1.7471684553333202
-0.04370000000000007,-1.7570714344323757
-0.044700000000000184,-1.7556567231325106
-0.045700000000000074,-1.7514125892329155
-0.046700000000000186,-1.7528273005327806
-0.047700000000000076,-1.7499978779330503
-0.04870000000000019,-1.7542420118326456
-0.04970000000000008,-1.7599008570321055
-0.05070000000000019,-1.7556567231325106
-0.05170000000000008,-1.7556567231325106
-0.05270000000000019,-1.7485831666331852
-0.05370000000000008,-1.7499978779330503
-0.05470000000000019,-1.7528273005327806
-0.05570000000000008,-1.7471684553333202
-0.056700000000000195,-1.7457537440334552
-0.057700000000000085,-1.7514125892329155
-0.058700000000000196,-1.7471684553333202
-0.059700000000000086,-1.7471684553333202
-0.0607000000000002,-1.7415096101338603
-0.06170000000000009,-1.7471684553333202
-0.0627000000000002,-1.7443390327335901
-0.06370000000000009,-1.7358507649344
-0.0647000000000002,-1.734436053634535
-0.06570000000000009,-1.7358507649344
-0.0667000000000002,-1.72736249713521
-0.0677000000000001,-1.7287772084350748
-0.0687000000000002,-1.7259477858353447
-0.0697000000000001,-1.72736249713521
-0.07070000000000021,-1.7245330745354797
-0.0717000000000001,-1.7103859615368293
-0.07270000000000021,-1.7146300954364246
-0.0737000000000001,-1.7118006728366943
-0.07470000000000021,-1.7118006728366943
-0.0757000000000001,-1.7146300954364246
-0.07670000000000021,-1.7103859615368293
-0.0777000000000001,-1.701897693737639
-0.07870000000000021,-1.7047271163373692
-0.0797000000000001,-1.6976535598380442
-0.08070000000000022,-1.693409425938449
-0.0817000000000001,-1.701897693737639
-0.08270000000000022,-1.6919947146385839
-0.08370000000000011,-1.694824137238314
-0.08470000000000022,-1.693409425938449
-0.08570000000000011,-1.690580003338719
-0.08670000000000022,-1.690580003338719
-0.08770000000000011,-1.6849211581392587
-0.08870000000000022,-1.6863358694391237
-0.08970000000000011,-1.6877505807389888
-0.09070000000000022,-1.6835064468393939
-0.09170000000000011,-1.6849211581392587
-0.09270000000000023,-1.6863358694391237
-0.09370000000000012,-1.6835064468393939
-0.09470000000000023,-1.6877505807389888
-0.09570000000000012,-1.6792623129397986
-0.09670000000000023,-1.6806770242396636
-0.09770000000000012,-1.6863358694391237
-0.09870000000000023,-1.6835064468393939
-0.09970000000000012,-1.6877505807389888
-0.10070000000000023,-1.6891652920388538
-0.10170000000000012,-1.6849211581392587
-0.10270000000000024,-1.690580003338719
-0.10370000000000013,-1.6877505807389888
-0.10470000000000024,-1.693409425938449
-0.10570000000000013,-1.6990682711379093
-0.10670000000000024,-1.693409425938449
-0.10770000000000013,-1.700482982437774
-0.10870000000000024,-1.700482982437774
-0.10970000000000013,-1.7047271163373692
-0.11070000000000024,-1.7146300954364246
-0.11170000000000013,-1.7118006728366943
-0.11270000000000002,-1.7188742293360195
-0.11370000000000013,-1.7259477858353447
-0.11470000000000002,-1.7202889406358846
-0.11570000000000014,-1.7316066310348048
-0.11670000000000003,-1.7372654762342652
-0.11770000000000014,-1.7415096101338603
-0.11870000000000003,-1.7542420118326456
-0.11970000000000014,-1.7584861457322407
-0.12070000000000003,-1.7627302796318356
-0.12170000000000014,-1.768389124831296
-0.12270000000000003,-1.774047970030756
-0.12370000000000014,-1.7839509491298113
-0.12470000000000003,-1.7966833508285964
-0.12570000000000014,-1.8051716186277869
-0.12670000000000003,-1.813659886426977
-0.12770000000000015,-1.8207334429263025
-0.12870000000000004,-1.8306364220253575
-0.12970000000000015,-1.8461982463238729
-0.13070000000000004,-1.847612957623738
-0.13170000000000015,-1.8645894932221183
-0.13270000000000004,-1.884395451420229
-0.13370000000000015,-1.884395451420229
-0.13470000000000004,-1.9070308322180693
-0.13570000000000015,-1.9155191000172598
-0.13670000000000004,-1.933910346915505
-0.13770000000000016,-1.9537163051136157
-0.13870000000000005,-1.9622045729128061
-0.13970000000000016,-1.9848399537106465
-0.14070000000000005,-1.9961576441095665
-0.14170000000000016,-2.014548891007812
-0.14270000000000005,-2.0357695605057877
-0.14370000000000016,-2.051331384804303
-0.14470000000000005,-2.073966765602144
-0.14570000000000016,-2.1008462802995793
-0.14670000000000005,-2.113578681998365
-0.14770000000000016,-2.1404581966958003
-0.14870000000000005,-2.1673377113932366
-0.14970000000000017,-2.1857289582914814
-0.15070000000000006,-2.2182673181883774
-0.15170000000000017,-2.2423174102860832
-0.15270000000000006,-2.2677822136836534
-0.15370000000000017,-2.30314999618028
-0.15470000000000006,-2.3257853769781205
-0.15570000000000017,-2.3569090255751513
-0.15670000000000006,-2.3908620967719116
-0.15770000000000017,-2.420571034069078
-0.15870000000000006,-2.461597661765164
-0.15970000000000018,-2.485647753862869
-0.16070000000000007,-2.5266743815589554
-0.16170000000000018,-2.5705304318547717
-0.16270000000000007,-2.6030687917516673
-0.16370000000000018,-2.656827821146539
-0.16470000000000007,-2.69643973754276
-0.16570000000000018,-2.734636942639116
-0.16670000000000007,-2.778492992934932
-0.16770000000000018,-2.819519620631018
-0.16870000000000007,-2.8690345161262942
-0.16970000000000018,-2.925622968120896
-0.17070000000000007,-2.972308441016442
-0.17170000000000019,-3.028896893011044
-0.17270000000000008,-3.08124121110605
-0.1737000000000002,-3.1321708179011907
-0.17470000000000008,-3.195832826395118
-0.1757000000000002,-3.2453477218903943
-0.17670000000000008,-3.314668575583781
-0.1777000000000002,-3.3783305840777076
-0.17870000000000008,-3.440577881271769
-0.1797000000000002,-3.5113134462650213
-0.18070000000000008,-3.5778048773586777
-0.1817000000000002,-3.647125731052064
-0.18270000000000008,-3.727764275144372
-0.1837000000000002,-3.7970851288377587
-0.1847000000000001,-3.8805530955297955
-0.1857000000000002,-3.965435773521698
-0.1867000000000001,-4.040415472414544
-0.1877000000000002,-4.132371706905772
-0.1887000000000001,-4.225742652696865
-0.1897000000000002,-4.309210619388901
-0.1907000000000001,-4.405410987779724
-0.1917000000000001,-4.491708377071491
-0.19269999999999998,-4.594982301961639
-0.1937000000000001,-4.703915072051247
-0.19469999999999998,-4.791627172642879
-0.1957000000000001,-4.907633499231812
-0.19669999999999999,-5.01090742412196
-0.1977000000000001,-5.125499039411029
-0.1987,-5.247164211199421
-0.1997000000000001,-5.356096981289029
-0.2007,-5.474932730477692
-0.2017000000000001,-5.602256747465545
-0.2027,-5.723921919253939
-0.2037000000000001,-5.847001802342197
-0.2047,-5.977155241929781
-0.2057000000000001,-6.107308681517363
-0.2067,-6.250194522803732
-0.2077000000000001,-6.386006807590776
-0.2087,-6.527477937577279
-0.2097000000000001,-6.680266757962703
-0.2107,-6.825982021848802
-0.2117000000000001,-6.975941419634496
-0.2127,-7.134389085219379
-0.2137000000000001,-7.290007328204534
-0.2147,-7.466846240687664
-0.2157000000000001,-7.635196885371603
-0.2167,-7.7851562831572965
-0.21770000000000012,-7.961995195640427
-0.2187,-8.136004685523828
-0.21970000000000012,-8.324161288405875
-0.2207,-8.491097221789948
-0.22170000000000012,-8.675009690772406
-0.2227,-8.864581004954319
-0.22370000000000012,-9.04424934003718
-0.2247,-9.250797189817476
-0.22570000000000012,-9.44602734919885
-0.2267,-9.65398991027901
-0.22770000000000012,-9.85063478096025
-0.22870000000000001,-10.054353208140816
-0.22970000000000013,-10.266559903120571
-0.23070000000000002,-10.471693041601002
-0.23170000000000013,-10.702290983479003
-0.23270000000000002,-10.920156523658218
-0.23370000000000013,-11.15924273333541
-0.23470000000000002,-11.388425963913546
-0.23570000000000013,-11.60629150409276
-0.23670000000000002,-11.843963002470087
-0.2376999999999999,-12.081634500847414
-0.23870000000000002,-12.337697246122985
-0.2396999999999999,-12.582442300999638
-0.24070000000000003,-12.821528510676828
-0.24169999999999991,-13.070517699453074
-0.24270000000000003,-13.322336310829051
-0.24369999999999992,-13.602449148202329
-0.24470000000000003,-13.883976696875468
-0.24569999999999992,-14.1456982873505
-0.24670000000000003,-14.401761032626075
-0.24769999999999992,-14.67055617960043
-0.24870000000000003,-14.953498439573437
-0.24969999999999992,-15.222293586547794
-0.25070000000000003,-15.533530072518102
-0.2516999999999999,-15.816472332491113
-0.25270000000000004,-16.099414592464115
-0.2536999999999999,-16.396503965435777
-0.25470000000000004,-16.70774045140608
-0.2556999999999999,-17.018976937376394
-0.25670000000000004,-17.301919197349395
-0.25769999999999993,-17.613155683319707
-0.25870000000000004,-17.910245056291366
-0.25969999999999993,-18.249775768258974
-0.26070000000000004,-18.57515936722793
-0.26169999999999993,-18.91469007919554
-0.26270000000000004,-19.2683679041618
-0.26369999999999993,-19.593751503130758
-0.26470000000000005,-19.93328221509837
-0.26569999999999994,-20.272812927065978
-0.26670000000000005,-20.640637865030882
-0.26769999999999994,-20.980168576998494
-0.26870000000000005,-21.347993514963402
-0.26969999999999994,-21.701671339929664
-0.27070000000000005,-22.069496277894572
-0.27169999999999994,-22.42317410286083
-0.27270000000000005,-22.790999040825742
-0.27369999999999994,-23.2012653177866
-0.27470000000000006,-23.597384481748815
-0.27569999999999995,-23.97935653271237
-0.27670000000000006,-24.40376992267188
-0.27769999999999995,-24.785741973635442
-0.27870000000000006,-25.153566911600354
-0.27969999999999995,-25.549686075562565
-0.28070000000000006,-25.959952352523427
-0.28169999999999995,-26.38436574248293
-0.28270000000000006,-26.808779132442442
-0.28369999999999995,-27.233192522401957
-0.28470000000000006,-27.65760591236147
-0.28569999999999995,-28.082019302320973
-0.28670000000000007,-28.506432692280487
-0.28769999999999996,-28.93084608224
-0.28870000000000007,-29.42599503719276
-0.28969999999999996,-29.892849766148224
-0.29070000000000007,-30.331410269106385
-0.29169999999999996,-30.769970772064546
-0.29270000000000007,-31.20853127502271
-0.29369999999999996,-31.675386003978172
-0.2947000000000001,-32.14224073293363
-0.29569999999999996,-32.6373896878864
-0.2967000000000001,-33.09009730384321
-0.29769999999999996,-33.59939337179462
-0.2987000000000001,-34.10868943974604
-0.29969999999999997,-34.58969128170015
-0.3007000000000001,-35.08484023665291
-0.30169999999999997,-35.594136304604326
-0.3027000000000001,-36.14587371155169
-0.30369999999999997,-36.655169779503105
-0.3047000000000001,-37.15031873445586
-0.30569999999999997,-37.659614802407276
-0.3067000000000001,-38.140616644361394
-0.3077,-38.692354051308754
-0.3087000000000001,-39.21579723225882
-0.3097,-39.76753463920618
-0.3107000000000001,-40.31927204615355
-0.3117,-40.85686234010226
-0.3127000000000001,-41.42274686004827
-0.3137,-41.91789581500104
-0.3147000000000001,-42.483780334947056
-0.3157,-43.03551774189442
-0.3167000000000001,-43.81360895682018
-0.3177,-44.45022904175945
-0.3187000000000001,-44.91708377071491
-0.3197,-45.44052695166498
-0.3207000000000001,-46.062999923605595
-0.3217,-46.628884443551605
-0.3227000000000001,-47.26550452849088
-0.3237,-47.902124613430146
-0.3247000000000001,-48.51045047237211
-0.3257,-49.104629218315424
-0.3267000000000001,-49.68466085126009
-0.3277,-50.30713382320071
-0.3287000000000001,-50.957901021138625
-0.3297,-51.63696244507384
-0.3307000000000001,-52.24528830401581
-0.3317,-52.92434972795102
-0.3327000000000001,-53.57511692588894
-0.3337,-54.16929567183226
-0.3347000000000001,-54.82006286977017
-0.3357,-55.442535841710786
-0.3367000000000001,-56.1781857176406
-0.3377,-56.91383559357042
-0.3387000000000001,-57.6070441305043
-0.3397,-58.24366421544356
-0.3407000000000001,-58.880284300382826
-0.3417,-59.53105149832074
-0.3427000000000001,-60.19596580925731
-0.3437,-61.00235125018038
-0.3447000000000001,-61.709706900112906
-0.3457,-62.44535677604272
-0.3467000000000001,-63.181006651972545
-0.3477,-63.860068075907755
-0.3487000000000001,-64.56742372584027
-0.3497,-65.2181909237782
-0.3507000000000001,-65.95384079970802
-0.3517,-66.67534356263918
-0.3527000000000001,-67.48172900356225
-0.3537,-68.23152599249072
-0.3547000000000001,-68.92473452942457
-0.3557,-69.67453151835305
-0.35670000000000013,-70.36774005528693
-0.3577,-71.11753704421541
-0.35870000000000013,-71.89562825914116
-0.3597,-72.64542524806963
-0.36070000000000013,-73.43766357599405
-0.3617,-74.15916633892522
-0.3626999999999999,-74.9089633278537
-0.3637,-75.6729074297808
-0.3646999999999999,-76.35196885371603
-0.3657,-77.17250140763775
-0.3666999999999999,-77.90815128356756
-0.3677,-78.7852722894839
-0.3686999999999999,-79.64824618240156
-0.36970000000000003,-80.41219028432867
-0.3706999999999999,-81.10539882126255
-0.37170000000000003,-81.77031313219912
-0.3726999999999999,-82.47766878213164
-0.37370000000000003,-83.31234844905201
-0.3746999999999999,-84.13288100297372
-0.37570000000000003,-84.89682510490086
-0.3766999999999999,-85.61832786783202
-0.37770000000000004,-86.38227196975915
-0.3786999999999999,-87.13206895868761
-0.37970000000000004,-87.88186594761608
-0.3806999999999999,-88.51848603255536
-0.38170000000000004,-89.25413590848517
-0.38269999999999993,-90.15955114039879
-0.38370000000000004,-91.13570193730567
-0.38469999999999993,-91.94208737822873
-0.38570000000000004,-92.5504132371707
-0.38669999999999993,-91.88549892623412
-0.38570000000000004,-90.5273760783637
-0.38469999999999993,-89.32487147347842
-0.38370000000000004,-88.16480820758908
-0.38269999999999993,-87.16036318468491
-0.38170000000000004,-86.19835950077669
-0.3806999999999999,-85.10903179988061
-0.37970000000000004,-83.92067430799398
-0.3786999999999999,-82.8030523811006
-0.37770000000000004,-81.62884200221261
-0.3766999999999999,-80.58195564031249
-0.37570000000000003,-79.69068752139752
-0.3746999999999999,-78.71453672449066
-0.37370000000000003,-77.7525330405824
-0.3726999999999999,-76.74808801767824
-0.37170000000000003,-75.74364299477406
-0.3706999999999999,-74.93725755385098
-0.36970000000000003,-73.91866541794816
-0.3686999999999999,-72.97080884703858
-0.3677,-71.98051093713306
-0.3666999999999999,-70.94777168823158
-0.3657,-70.08479779531392
-0.3646999999999999,-69.1793825634003
-0.3637,-68.37299712247722
-0.3626999999999999,-67.43928766456631
-0.3617,-66.51972531965401
-0.36070000000000013,-65.64260431373769
-0.3597,-64.76548330782138
-0.35870000000000013,-63.88836230190506
-0.3577,-63.09612397398064
-0.35670000000000013,-62.28973853305756
-0.3557,-61.48335309213449
-0.3547000000000001,-60.71940899020737
-0.3537,-60.04034756627216
-0.3527000000000001,-59.21981501235043
-0.3517,-58.51245936241792
-0.3507000000000001,-57.67777969549755
-0.3497,-56.82895291557852
-0.3487000000000001,-56.03671458765411
-0.3477,-55.357653163718886
-0.3467000000000001,-54.60785617479041
-0.3457,-53.88635341185925
-0.3447000000000001,-53.17899776192673
-0.3437,-52.40090654700096
-0.3427000000000001,-51.73599223606439
-0.3417,-51.042783699130524
-0.3407000000000001,-50.30713382320071
-0.3397,-49.71295507725739
-0.3387000000000001,-49.20365900930597
-0.3377,-48.49630335937346
-0.3367000000000001,-47.83138904843689
-0.3357,-47.15232762450167
-0.3347000000000001,-46.60059021755431
-0.3337,-45.90738168062044
-0.3327000000000001,-45.25661448268253
-0.3317,-44.563405945748656
-0.3307000000000001,-43.94093297380804
-0.3297,-43.34675422786472
-0.3287000000000001,-42.90819372490656
-0.3277,-42.34230920496055
-0.3267000000000001,-41.63495355502803
-0.3257,-40.99833347008877
-0.3247000000000001,-40.4465960631414
-0.3237,-39.88071154319538
-0.3227000000000001,-39.30067991025072
-0.3217,-38.678206938310105
-0.3207000000000001,-38.12646953136274
-0.3197,-37.50399655942213
-0.3187000000000001,-36.90981781347881
-0.3177,-36.44296308452335
-0.3167000000000001,-35.90537279057463
-0.3157,-35.42437094862052
-0.3147000000000001,-34.85848642867451
-0.3137,-34.306749021727136
-0.3127000000000001,-33.783305840777075
-0.3117,-33.245715546828364
-0.3107000000000001,-32.7788608178729
-0.3097,-32.283711862920136
-0.3087000000000001,-31.85929847296063
-0.3077,-31.40659085700382
-0.3067000000000001,-30.91144190205105
-0.30569999999999997,-30.359704495103685
-0.3047000000000001,-29.850408427152274
-0.30369999999999997,-29.35525947219951
-0.3027000000000001,-28.93084608224
-0.30169999999999997,-28.56302114427509
-0.3007000000000001,-28.15275486731423
-0.29969999999999997,-27.756635703352025
-0.2987000000000001,-27.219045409403304
-0.29769999999999996,-26.86536758443705
-0.2967000000000001,-26.483395533473487
-0.29569999999999996,-26.044835030515326
-0.2947000000000001,-25.563833188561212
-0.29369999999999996,-25.18186113759765
-0.29270000000000007,-24.757447747638142
-0.29169999999999996,-24.37547569667458
-0.29070000000000007,-23.96520941971372
-0.28969999999999996,-23.54079602975421
-0.28870000000000007,-23.15882397879065
-0.28769999999999996,-22.776851927827092
-0.28670000000000007,-22.38073276386488
-0.28569999999999995,-21.99876071290132
-0.28470000000000006,-21.61678866193776
-0.28369999999999995,-21.277257949970153
-0.28270000000000006,-20.90943301200524
-0.28169999999999995,-20.51331384804303
-0.28070000000000006,-20.13134179707947
-0.27969999999999995,-19.820105311109163
-0.27870000000000006,-19.4381332601456
-0.27769999999999995,-19.141043887173947
-0.27670000000000006,-18.858101627200938
-0.27569999999999995,-18.53271802823198
-0.27470000000000006,-18.10830463827247
-0.27369999999999994,-17.76877392630486
-0.27270000000000005,-17.45753744033455
-0.27169999999999994,-17.188742293360193
-0.27070000000000005,-16.90580003338719
-0.26969999999999994,-16.665299112410132
-0.26870000000000005,-16.325768400442524
-0.26769999999999994,-15.986237688474914
-0.26670000000000005,-15.675001202504609
-0.26569999999999994,-15.43450028152755
-0.26470000000000005,-15.10911668255859
-0.26369999999999993,-14.826174422585586
-0.26270000000000004,-14.557379275611227
-0.26169999999999993,-14.274437015638219
-0.26070000000000004,-13.997153600864674
-0.25969999999999993,-13.700064227893014
-0.25870000000000004,-13.439757348717848
-0.25769999999999993,-13.241697766736744
-0.25670000000000004,-12.9601702180636
-0.2556999999999999,-12.709766317987489
-0.25470000000000004,-12.469265397010433
-0.2536999999999999,-12.19905553873621
-0.25270000000000004,-11.947236927360233
-0.2516999999999999,-11.702491872483584
-0.25070000000000003,-11.476138064505177
-0.24969999999999992,-11.249784256526773
-0.24870000000000003,-10.992306799951335
-0.24769999999999992,-10.756050012873873
-0.24670000000000003,-10.518378514496549
-0.24569999999999992,-10.310415953416387
-0.24470000000000003,-10.093965124537037
-0.24369999999999992,-9.843561224460924
-0.24270000000000003,-9.612963282582925
-0.24169999999999991,-9.403586010202897
-0.24070000000000003,-9.344168135608566
-0.2396999999999999,-9.05273760783637
-0.23870000000000002,-8.846189758056074
-0.2376999999999999,-8.635397774376184
-0.23670000000000002,-8.427435213296024
-0.23570000000000013,-8.229375631314918
-0.23470000000000002,-8.042633739732734
-0.23370000000000013,-7.855891848150549
-0.23270000000000002,-7.6733940904679585
-0.23170000000000013,-7.517775847482805
-0.23070000000000002,-7.295666173403994
-0.22970000000000013,-7.1145831270212705
-0.22870000000000001,-6.950476616236925
-0.22770000000000012,-6.773637703753796
-0.2267,-6.612360615569181
-0.22570000000000012,-6.431277569186457
-0.2247,-6.258682790602922
-0.22370000000000012,-6.101649836317904
-0.2227,-5.963008128931129
-0.22170000000000012,-5.815878153745166
-0.2207,-5.639039241262036
-0.21970000000000012,-5.487665132176478
-0.2187,-5.3306321778914585
-0.21770000000000012,-5.18774633660509
-0.2167,-5.0547634744177765
-0.2157000000000001,-4.896315808832893
-0.2147,-4.750600544946793
-0.2137000000000001,-4.60629999236056
-0.2127,-4.5044407787702765
-0.2117000000000001,-4.348822535785122
-0.2107,-4.229986786596459
-0.2097000000000001,-4.109736326107932
-0.2087,-3.975338752620753
-0.2077000000000001,-3.849429446932765
-0.2067,-3.716446584745451
-0.2057000000000001,-3.593366701657193
-0.2047,-3.4872633541673155
-0.2037000000000001,-3.379745295377573
-0.2027,-3.2693978139880997
-0.2017000000000001,-3.166123889097952
-0.2007,-3.044458717309559
-0.1997000000000001,-2.945428926319006
-0.1987,-2.8350814449295334
-0.1977000000000001,-2.7275633861397908
-0.19669999999999999,-2.634192440348698
-0.1957000000000001,-2.5280890928588207
-0.19469999999999998,-2.436132858367593
-0.1937000000000001,-2.3441766238763657
-0.19269999999999998,-2.2479762554855434
-0.1917000000000001,-2.158849443594046
-0.1907000000000001,-2.0626490752032236
-0.1897000000000002,-1.9664487068124006
-0.1887000000000001,-1.892883719219419
-0.1877000000000002,-1.8037569073279218
-0.1867000000000001,-1.7301919197349398
-0.1857000000000002,-1.6481386643427678
-0.1847000000000001,-1.5675001202504606
-0.1837000000000002,-1.499593977856939
-0.18270000000000008,-1.410042752575482
-0.1817000000000002,-1.350483406851164
-0.18070000000000008,-1.2838505046275208
-0.1797000000000002,-1.191469856746334
-0.17870000000000008,-1.1286566750323264
-0.1777000000000002,-1.0599017058588855
-0.17670000000000008,-0.9918540923353774
-0.1757000000000002,-0.9344168135608568
-0.17470000000000008,-0.8677839113372136
-0.1737000000000002,-0.8114784016025851
-0.17270000000000008,-0.74937257553851
-0.17170000000000019,-0.6854276247846103
-0.17070000000000007,-0.6325174221696578
-0.16970000000000018,-0.578333979384827
-0.16870000000000007,-0.5138231441109813
-0.16770000000000018,-0.4713818051150302
-0.16670000000000007,-0.4081442100110631
-0.16570000000000018,-0.35183870027643466
-0.16470000000000007,-0.29652348845171167
-0.16370000000000018,-0.251960082505963
-0.16270000000000007,-0.20697226317025488
-0.16170000000000018,-0.16056973253468165
-0.16070000000000007,-0.11413890767311115
-0.15970000000000018,-0.07589926123775922
-0.15870000000000006,-0.02969479018416712
-0.15770000000000017,0.0127295722761856
-0.15670000000000006,0.05237261232100365
-0.15570000000000017,0.09313044487011536
-0.15470000000000006,0.12397115120717317
-0.15370000000000017,0.1689165292038854
-0.15270000000000006,0.20569902300037635
-0.15170000000000017,0.2392276808071777
-0.15070000000000006,0.2770004725135742
-0.14970000000000017,0.3136414951800786
-0.14870000000000005,0.3467457395969205
-0.14770000000000016,0.3809817530536544
-0.14670000000000005,0.404748902891387
-0.14570000000000016,0.4362969648783774
-0.14470000000000005,0.46742061347540814
-0.14370000000000016,0.4964221951226413
-0.14270000000000005,0.5247164211199421
-0.14170000000000016,0.5530106471172429
-0.14070000000000005,0.578333979384827
-0.13970000000000016,0.6105893970217499
-0.13870000000000005,0.6296879995699278
-0.13770000000000016,0.6552942740974849
-0.13670000000000004,0.6835885000947858
-0.13570000000000015,0.7045262273327882
-0.13470000000000004,0.7321130976801564
-0.13370000000000015,0.7568705454277946
-0.13270000000000004,0.773564138766202
-0.13170000000000015,0.7986045287738132
-0.13070000000000004,0.8172787179320317
-0.12970000000000015,0.8393482142099263
-0.12870000000000004,0.8641056619575644
-0.12770000000000015,0.8758477657464442
-0.12670000000000003,0.8986246176742713
-0.12570000000000014,0.9235235365518959
-0.12470000000000003,0.9378121206805329
-0.12370000000000014,0.9594572035684679
-0.12270000000000003,0.9757263835169159
-0.12170000000000014,0.9912882078154313
-0.12070000000000003,1.0132162329633392
-0.11970000000000014,1.0225533275424485
-0.11870000000000003,1.040661632180721
-0.11770000000000014,1.0584869945590205
-0.11670000000000003,1.0720682230377248
-0.11570000000000014,1.0927230080157544
-0.11470000000000002,1.103050400504769
-0.11370000000000013,1.119319580453217
-0.11270000000000002,1.139267009781314
-0.11170000000000013,1.1425208457710037
-0.11070000000000024,1.1597803236293571
-0.10970000000000013,1.1761909747077914
-0.10870000000000024,1.1913283856163475
-0.10770000000000013,1.2090122768646603
-0.10670000000000024,1.2143881798041476
-0.10570000000000013,1.2281108794128386
-0.10470000000000024,1.2399944543317047
-0.10370000000000013,1.24989743343076
-0.10270000000000024,1.2691375071089246
-0.10170000000000012,1.2793234284679527
-0.10070000000000023,1.294036425986549
-0.09970000000000012,1.3074761833352668
-0.09870000000000023,1.3112959038449024
-0.09770000000000012,1.3261503724934853
-0.09670000000000023,1.3415707256620142
-0.09570000000000012,1.3576984344804757
-0.09470000000000023,1.3714211340891667
-0.09370000000000012,1.3782117483285188
-0.09270000000000023,1.3811826420582352
-0.09170000000000011,1.4001397734764267
-0.09070000000000022,1.4038180228560757
-0.08970000000000011,1.420370145064497
-0.08870000000000022,1.4359319693630124
-0.08770000000000011,1.4444202371622026
-0.08670000000000022,1.4529085049613928
-0.08570000000000011,1.459982061460718
-0.08470000000000022,1.4698850405597732
-0.08370000000000011,1.4854468648582886
-0.08270000000000022,1.4925204213576138
-0.0817000000000001,1.502423400456669
-0.08070000000000022,1.5193999360550492
-0.0797000000000001,1.5193999360550492
-0.07870000000000021,1.5349617603535646
-0.0777000000000001,1.5491088733522151
-0.07670000000000021,1.5547677185516753
-0.0757000000000001,1.5759883880496508
-0.07470000000000021,1.585891367148706
-0.0737000000000001,1.5943796349478963
-0.07270000000000021,1.6056973253468165
-0.0717000000000001,1.612770881846142
-0.07070000000000021,1.626917994844792
-0.0697000000000001,1.6368209739438475
-0.0687000000000002,1.6509680869424979
-0.0677000000000001,1.6665299112410132
-0.0667000000000002,1.6679446225408785
-0.06570000000000009,1.6820917355395286
-0.0647000000000002,1.7033124050375041
-0.06370000000000009,1.7061418276372344
-0.0627000000000002,1.7217036519357498
-0.06170000000000009,1.7400948988339953
-0.0607000000000002,1.7514125892329155
-0.059700000000000086,1.7641449909317006
-0.058700000000000196,1.768389124831296
-0.057700000000000085,1.7825362378299463
-0.056700000000000195,1.7980980621284617
-0.05570000000000008,1.8080010412275167
-0.05470000000000019,1.8249775768258971
-0.05370000000000008,1.8391246898245475
-0.05270000000000019,1.849027668923603
-0.05170000000000008,1.8688336271217136
-0.05070000000000019,1.8773218949209036
-0.04970000000000008,1.8872248740199586
-0.04870000000000019,1.9084455435179344
-0.047700000000000076,1.922592656516585
-0.046700000000000186,1.9395691921149654
-0.045700000000000074,1.9565457277133458
-0.044700000000000184,1.9706928407119961
-0.04370000000000007,1.9919135102099716
-0.04270000000000018,2.0004017780091616
-0.04170000000000007,2.020207736207272
-0.04070000000000018,2.0371842718056525
-0.03970000000000007,2.0555755187038987
-0.03870000000000018,2.071137343002414
-0.03770000000000007,2.085284456001064
-0.03670000000000018,2.105090414199175
-0.035700000000000065,2.13196992889661
-0.034700000000000175,2.1447023305953956
-0.03370000000000006,2.1673377113932366
-0.03270000000000017,2.1871436695913467
-0.03170000000000006,2.206949627789457
-0.03070000000000017,2.228170297287433
-0.02970000000000006,2.2465615441856785
-0.02870000000000017,2.2621233684841937
-0.027700000000000058,2.2904175944814944
-0.026700000000000168,2.310223552679605
-0.025700000000000056,2.3328589334774454
-0.024700000000000166,2.3653972933743415
-0.023700000000000054,2.385203251572452
-0.022700000000000164,2.4035944984706976
-0.021700000000000053,2.420571034069078
-0.020700000000000163,2.4446211261667834
-0.01970000000000005,2.4842330425630044
-0.01870000000000016,2.4983801555616547
-0.01770000000000005,2.5379920719578757
-0.01670000000000016,2.5662862979551764
-0.015700000000000047,2.587506967453152
-0.014700000000000157,2.6172159047503176
-0.013700000000000045,2.6440954194477535
-0.012700000000000156,2.6681455115454593
-0.011700000000000044,2.709172139241545
-0.010700000000000154,2.7487840556377665
-0.009700000000000042,2.772834147735472
-0.008700000000000152,2.8039577963325026
-0.00770000000000004,2.8294225997300737
-0.00670000000000015,2.867619804826429
-0.005700000000000038,2.9029875873230555
-0.0047000000000001485,2.941184792419411
-0.0037000000000000366,3.024652759111448
-0.0027000000000001467,3.0189939139119883
-0.0017000000000000348,3.050117562509019
-0.000700000000000145,3.07841178850632
0.00029999999999996696,3.1081207258034858
0.0012999999999998568,3.1463179308998415
0.0022999999999999687,3.1845151359961976
0.0032999999999998586,3.202906382894443
0.0042999999999999705,3.243933010590529
0.00529999999999986,3.270812525287965
0.006299999999999972,3.313253864283916
0.007299999999999862,3.3429628015810815
0.008299999999999974,3.3670128936787878
0.009299999999999864,3.3967218309759533
0.010299999999999976,3.4250160569732535
0.011299999999999866,3.4575544168701495
0.012299999999999978,3.4943369106666404
