Potential V vs RHE, Current mA cm-2
0.013299999999999867,-0.30755823659065895
0.012299999999999978,-1.92117794521672
0.011299999999999866,-3.1420737970002466
0.010299999999999976,-4.146518819904423
0.009299999999999864,-4.974124930325469
0.008299999999999974,-5.672992312458796
0.007299999999999862,-6.196435493408861
0.006299999999999972,-6.632166573767292
0.00529999999999986,-7.067897654125724
0.0042999999999999705,-7.4173313451923875
0.0032999999999998586,-7.679052935667419
0.0022999999999999687,-7.896918475846635
0.0012999999999998568,-8.11478401602585
0.00029999999999996696,-8.332649556205066
-0.000700000000000145,-8.464217707092514
-0.0017000000000000348,-8.638227196975913
-0.0027000000000001467,-8.769795347863363
-0.0037000000000000366,-8.899948787450944
-0.0047000000000001485,-8.987660888042578
-0.005700000000000038,-9.073958277334345
-0.00670000000000015,-9.205526428221793
-0.00770000000000004,-9.24938247851761
-0.008700000000000152,-9.335679867809377
-0.009700000000000042,-9.379535918105192
-0.010700000000000154,-9.467248018696827
-0.011700000000000044,-9.511104068992642
-0.012700000000000156,-9.55496011928846
-0.013700000000000045,-9.641257508580225
-0.014700000000000157,-9.641257508580225
-0.015700000000000047,-9.685113558876042
-0.01670000000000016,-9.728969609171857
-0.01770000000000005,-9.81668170976349
-0.01870000000000016,-9.81668170976349
-0.01970000000000005,-9.85912304875944
-0.020700000000000163,-9.902979099055257
-0.021700000000000053,-9.946835149351072
-0.022700000000000164,-9.946835149351072
-0.023700000000000054,-9.99069119964689
-0.024700000000000166,-9.99069119964689
-0.025700000000000056,-10.034547249942705
-0.026700000000000168,-10.034547249942705
-0.027700000000000058,-10.078403300238522
-0.02870000000000017,-10.120844639234473
-0.02970000000000006,-10.120844639234473
-0.03070000000000017,-10.164700689530287
-0.03170000000000006,-10.164700689530287
-0.03270000000000017,-10.208556739826104
-0.03370000000000006,-10.208556739826104
-0.034700000000000175,-10.208556739826104
-0.035700000000000065,-10.25241279012192
-0.03670000000000018,-10.25241279012192
-0.03770000000000007,-10.296268840417738
-0.03870000000000018,-10.296268840417738
-0.03970000000000007,-10.296268840417738
-0.04070000000000018,-10.296268840417738
-0.04170000000000007,-10.296268840417738
-0.04270000000000018,-10.296268840417738
-0.04370000000000007,-10.340124890713554
-0.044700000000000184,-10.340124890713554
-0.045700000000000074,-10.340124890713554
-0.046700000000000186,-10.340124890713554
-0.047700000000000076,-10.382566229709504
-0.04870000000000019,-10.382566229709504
-0.04970000000000008,-10.382566229709504
-0.05070000000000019,-10.382566229709504
-0.05170000000000008,-10.382566229709504
-0.05270000000000019,-10.382566229709504
-0.05370000000000008,-10.42642228000532
-0.05470000000000019,-10.42642228000532
-0.05570000000000008,-10.42642228000532
-0.056700000000000195,-10.42642228000532
-0.057700000000000085,-10.470278330301136
-0.058700000000000196,-10.42642228000532
-0.059700000000000086,-10.42642228000532
-0.0607000000000002,-10.470278330301136
-0.06170000000000009,-10.470278330301136
-0.0627000000000002,-10.470278330301136
-0.06370000000000009,-10.470278330301136
-0.0647000000000002,-10.470278330301136
-0.06570000000000009,-10.470278330301136
-0.0667000000000002,-10.470278330301136
-0.0677000000000001,-10.470278330301136
-0.0687000000000002,-10.470278330301136
-0.0697000000000001,-10.42642228000532
-0.07070000000000021,-10.470278330301136
-0.0717000000000001,-10.470278330301136
-0.07270000000000021,-10.470278330301136
-0.0737000000000001,-10.470278330301136
-0.07470000000000021,-10.42642228000532
-0.0757000000000001,-10.470278330301136
-0.07670000000000021,-10.42642228000532
-0.0777000000000001,-10.470278330301136
-0.07870000000000021,-10.470278330301136
-0.0797000000000001,-10.42642228000532
-0.08070000000000022,-10.42642228000532
-0.0817000000000001,-10.42642228000532
-0.08270000000000022,-10.42642228000532
-0.08370000000000011,-10.382566229709504
-0.08470000000000022,-10.382566229709504
-0.08570000000000011,-10.382566229709504
-0.08670000000000022,-10.382566229709504
-0.08770000000000011,-10.340124890713554
-0.08870000000000022,-10.340124890713554
-0.08970000000000011,-10.340124890713554
-0.09070000000000022,-10.340124890713554
-0.09170000000000011,-10.340124890713554
-0.09270000000000023,-10.296268840417738
-0.09370000000000012,-10.296268840417738
-0.09470000000000023,-10.296268840417738
-0.09570000000000012,-10.296268840417738
-0.09670000000000023,-10.25241279012192
-0.09770000000000012,-10.25241279012192
-0.09870000000000023,-10.25241279012192
-0.09970000000000012,-10.25241279012192
-0.10070000000000023,-10.25241279012192
-0.10170000000000012,-10.25241279012192
-0.10270000000000024,-10.208556739826104
-0.10370000000000013,-10.208556739826104
-0.10470000000000024,-10.208556739826104
-0.10570000000000013,-10.164700689530287
-0.10670000000000024,-10.164700689530287
-0.10770000000000013,-10.164700689530287
-0.10870000000000024,-10.164700689530287
-0.10970000000000013,-10.120844639234473
-0.11070000000000024,-10.120844639234473
-0.11170000000000013,-10.120844639234473
-0.11270000000000002,-10.120844639234473
-0.11370000000000013,-10.120844639234473
-0.11470000000000002,-10.078403300238522
-0.11570000000000014,-10.120844639234473
-0.11670000000000003,-10.078403300238522
-0.11770000000000014,-10.078403300238522
-0.11870000000000003,-10.078403300238522
-0.11970000000000014,-10.078403300238522
-0.12070000000000003,-10.034547249942705
-0.12170000000000014,-10.078403300238522
-0.12270000000000003,-10.034547249942705
-0.12370000000000014,-10.034547249942705
-0.12470000000000003,-10.034547249942705
-0.12570000000000014,-10.034547249942705
-0.12670000000000003,-10.034547249942705
-0.12770000000000015,-10.034547249942705
-0.12870000000000004,-10.034547249942705
-0.12970000000000015,-10.034547249942705
-0.13070000000000004,-10.034547249942705
-0.13170000000000015,-10.034547249942705
-0.13270000000000004,-9.99069119964689
-0.13370000000000015,-9.99069119964689
-0.13470000000000004,-9.99069119964689
-0.13570000000000015,-9.99069119964689
-0.13670000000000004,-9.99069119964689
-0.13770000000000016,-9.99069119964689
-0.13870000000000005,-10.034547249942705
-0.13970000000000016,-10.034547249942705
-0.14070000000000005,-10.034547249942705
-0.14170000000000016,-10.034547249942705
-0.14270000000000005,-10.078403300238522
-0.14370000000000016,-10.078403300238522
-0.14470000000000005,-10.078403300238522
-0.14570000000000016,-10.078403300238522
-0.14670000000000005,-10.078403300238522
-0.14770000000000016,-10.078403300238522
-0.14870000000000005,-10.078403300238522
-0.14970000000000017,-10.120844639234473
-0.15070000000000006,-10.120844639234473
-0.15170000000000017,-10.120844639234473
-0.15270000000000006,-10.164700689530287
-0.15370000000000017,-10.208556739826104
-0.15470000000000006,-10.208556739826104
-0.15570000000000017,-10.25241279012192
-0.15670000000000006,-10.25241279012192
-0.15770000000000017,-10.25241279012192
-0.15870000000000006,-10.296268840417738
-0.15970000000000018,-10.296268840417738
-0.16070000000000007,-10.340124890713554
-0.16170000000000018,-10.340124890713554
-0.16270000000000007,-10.382566229709504
-0.16370000000000018,-10.42642228000532
-0.16470000000000007,-10.42642228000532
-0.16570000000000018,-10.470278330301136
-0.16670000000000007,-10.514134380596953
-0.16770000000000018,-10.557990430892769
-0.16870000000000007,-10.601846481188586
-0.16970000000000018,-10.601846481188586
-0.17070000000000007,-10.644287820184536
-0.17170000000000019,-10.688143870480351
-0.17270000000000008,-10.731999920776168
-0.1737000000000002,-10.775855971071984
-0.17470000000000008,-10.819712021367803
-0.1757000000000002,-10.863568071663616
-0.17670000000000008,-10.906009410659568
-0.1777000000000002,-10.949865460955383
-0.17870000000000008,-10.993721511251199
-0.1797000000000002,-11.081433611842833
-0.18070000000000008,-11.123874950838783
-0.1817000000000002,-11.1677310011346
-0.18270000000000008,-11.255443101726232
-0.1837000000000002,-11.299299152022046
-0.1847000000000001,-11.343155202317865
-0.1857000000000002,-11.42945259160963
-0.1867000000000001,-11.517164692201263
-0.1877000000000002,-11.56102074249708
-0.1887000000000001,-11.647318131788847
-0.1897000000000002,-11.73503023238048
-0.1907000000000001,-11.82274233297211
-0.1917000000000001,-11.86659838326793
-0.19269999999999998,-11.952895772559694
-0.1937000000000001,-12.040607873151327
-0.19469999999999998,-12.12831997374296
-0.1957000000000001,-12.214617363034726
-0.19669999999999999,-12.302329463626359
-0.1977000000000001,-12.390041564217992
-0.1987,-12.476338953509758
-0.1997000000000001,-12.56405105410139
-0.2007,-12.694204493688973
-0.2017000000000001,-12.781916594280606
-0.2027,-12.913484745168056
-0.2037000000000001,-12.99978213445982
-0.2047,-13.13135028534727
-0.2057000000000001,-13.217647674639037
-0.2067,-13.349215825526485
-0.2077000000000001,-13.436927926118118
-0.2087,-13.610937416001518
-0.2097000000000001,-13.741090855589102
-0.2107,-13.828802956180734
-0.2117000000000001,-14.002812446064135
-0.2127,-14.13438059695158
-0.2137000000000001,-14.26028990263957
-0.2147,-14.444202371622024
-0.2157000000000001,-14.61396772760583
-0.2167,-14.741291744593681
-0.21770000000000012,-14.868615761581536
-0.2187,-15.05252823056399
-0.21970000000000012,-15.179852247551842
-0.2207,-15.349617603535648
-0.22170000000000012,-15.533530072518102
-0.2227,-15.70329542850191
-0.22370000000000012,-15.87306078448571
-0.2247,-16.056973253468165
-0.22570000000000012,-16.22673860945197
-0.2267,-16.396503965435777
-0.22770000000000012,-16.622857773414182
-0.22870000000000001,-16.835064468393938
-0.22970000000000013,-17.018976937376394
-0.23070000000000002,-17.231183632356142
-0.23170000000000013,-17.40094898833995
-0.23270000000000002,-17.627302796318357
-0.23370000000000013,-17.839509491298113
-0.23470000000000002,-18.06586329927652
-0.23570000000000013,-18.320511333252224
-0.23670000000000002,-18.53271802823198
-0.2376999999999999,-18.759071836210385
-0.23870000000000002,-19.01371987018609
-0.2396999999999999,-19.28251501716045
-0.24070000000000003,-19.537163051136158
-0.24169999999999991,-19.805958198110513
-0.24270000000000003,-20.01816489309027
-0.24369999999999992,-20.329401379060574
-0.24470000000000003,-20.541608074040333
-0.24569999999999992,-20.85284456001064
-0.24670000000000003,-21.107492593986347
-0.24769999999999992,-21.418729079956652
-0.24870000000000003,-21.729965565926964
-0.24969999999999992,-22.027054938898623
-0.25070000000000003,-22.33829142486893
-0.2516999999999999,-22.592939458844636
-0.25270000000000004,-22.904175944814945
-0.2536999999999999,-23.2012653177866
-0.25470000000000004,-23.55494314275286
-0.2556999999999999,-23.86617962872317
-0.25670000000000004,-24.16326900169483
-0.25769999999999993,-24.516946826661083
-0.25870000000000004,-24.870624651627345
-0.25969999999999993,-25.210155363594954
-0.26070000000000004,-25.521391849565262
-0.26169999999999993,-25.91751101352747
-0.26270000000000004,-26.257041725495082
-0.26369999999999993,-26.61071955046134
-0.26470000000000005,-27.00683871442355
-0.26569999999999994,-27.38881076538711
-0.26670000000000005,-27.827371268345274
-0.26769999999999994,-28.22349043230748
-0.26870000000000005,-28.53472691827779
-0.26969999999999994,-28.91669896924135
-0.27070000000000005,-29.31281813320356
-0.27169999999999994,-29.708937297165768
-0.27270000000000005,-30.10505646112798
-0.27369999999999994,-30.487028512091538
-0.27470000000000006,-30.925589015049702
-0.27569999999999995,-31.321708179011907
-0.27670000000000006,-31.76026868197007
-0.27769999999999995,-32.184682071929586
-0.27870000000000006,-32.62324257488775
-0.27969999999999995,-33.06180307784591
-0.28070000000000006,-33.54280491980002
-0.28169999999999995,-33.98136542275818
-0.28270000000000006,-34.462367264712285
-0.28369999999999995,-34.90092776767045
-0.28470000000000006,-35.38192960962457
-0.28569999999999995,-35.806342999584075
-0.28670000000000007,-36.28734484153819
-0.28769999999999996,-36.768346683492304
-0.28870000000000007,-37.249348525446415
-0.28969999999999996,-37.73035036740053
-0.29070000000000007,-38.253793548350586
-0.29169999999999996,-38.734795390304704
-0.29270000000000007,-39.258238571254765
-0.29369999999999996,-39.739240413208876
-0.2947000000000001,-40.30512493315489
-0.29569999999999996,-40.78612677510901
-0.2967000000000001,-41.30956995605907
-0.29769999999999996,-41.83301313700913
-0.2987000000000001,-42.31401497896325
-0.29969999999999997,-42.87989949890926
-0.3007000000000001,-43.40334267985933
-0.30169999999999997,-43.92678586080939
-0.3027000000000001,-44.4926703807554
-0.30369999999999997,-45.01611356170547
-0.3047000000000001,-45.581998081651484
-0.30569999999999997,-46.147882601597495
-0.3067000000000001,-46.713767121543505
-0.3077,-47.27965164148953
-0.3087000000000001,-47.8879775004315
-0.3097,-48.51045047237211
-0.3107000000000001,-49.076334992318124
-0.3117,-49.642219512264134
-0.3127000000000001,-50.2505453712061
-0.3137,-50.85887123014807
-0.3147000000000001,-51.46719708909004
-0.3157,-52.075522948032
-0.3167000000000001,-52.69799591997262
-0.3177,-53.30632177891458
-0.3187000000000001,-53.91464763785655
-0.3197,-54.56541483579447
-0.3207000000000001,-55.21618203373238
-0.3217,-55.838655005673
-0.3227000000000001,-56.53186354260687
-0.3237,-57.182630740544774
-0.3247000000000001,-57.8333979384827
-0.3257,-58.498312249419264
-0.3267000000000001,-59.14907944735718
-0.3277,-59.7998466452951
-0.3287000000000001,-60.45061384323302
-0.3297,-61.15796949316553
-0.3307000000000001,-61.80873669110345
-0.3317,-62.459503889041365
-0.3327000000000001,-63.11027108697928
-0.3337,-63.81762673691181
-0.3347000000000001,-64.55327661284163
-0.3357,-65.2464851497755
-0.3367000000000001,-66.03872347769992
-0.3377,-66.73193201463377
-0.3387000000000001,-67.39684632557035
-0.3397,-68.13249620150016
-0.3407000000000001,-68.82570473843404
-0.3417,-69.61794306635846
-0.3427000000000001,-70.31115160329232
-0.3437,-71.06094859222078
-0.3447000000000001,-71.7965984681506
-0.3457,-72.53224834408043
-0.3467000000000001,-73.2820453330089
-0.3477,-74.0176952089387
-0.3487000000000001,-74.76749219786718
-0.3497,-75.5880247517889
-0.3507000000000001,-76.42270441870929
-0.3517,-77.1583542946391
-0.3527000000000001,-77.99303396155948
-0.3537,-78.77112517648524
-0.3547000000000001,-79.56336350440966
-0.3557,-80.38389605833139
-0.35670000000000013,-81.21857572525175
-0.3577,-81.95422560118158
-0.35870000000000013,-82.78890526810196
-0.3597,-83.60943782202366
-0.36070000000000013,-84.44411748894404
-0.3617,-85.27879715586442
-0.3626999999999999,-86.09932970978613
-0.3637,-86.93400937670651
-0.3646999999999999,-87.79698326962418
-0.3657,-88.63166293654454
-0.3666999999999999,-89.50878394246087
-0.3677,-90.37175783537855
-0.3686999999999999,-91.20643750229891
-0.36970000000000003,-92.04111716921928
-0.3706999999999999,-92.86164972314101
-0.37170000000000003,-93.69632939006138
-0.3726999999999999,-94.5168619439831
-0.37370000000000003,-95.39398294989942
-0.3746999999999999,-96.27110395581576
-0.37570000000000003,-97.17651918772938
-0.3766999999999999,-98.09608153264163
-0.37770000000000004,-99.01564387755391
-0.3786999999999999,-99.93520622246619
-0.37970000000000004,-100.84062145437981
-0.3806999999999999,-101.80262513828804
-0.38170000000000004,-102.72218748320032
-0.38269999999999993,-103.59930848911664
-0.38370000000000004,-104.50472372103027
-0.38469999999999993,-105.42428606594254
-0.38570000000000004,-106.34384841085482
-0.38669999999999993,-105.90528790789664
-0.38570000000000004,-103.54272003712204
-0.38469999999999993,-101.63285978230424
-0.38370000000000004,-99.97764756146215
-0.38269999999999993,-98.57708337459576
-0.38170000000000004,-97.31799031771587
-0.3806999999999999,-96.00230880884139
-0.37970000000000004,-94.7432157519615
-0.3786999999999999,-93.55485826007487
-0.37770000000000004,-92.3806478811869
-0.3766999999999999,-91.20643750229891
-0.37570000000000003,-90.07466846240689
-0.3746999999999999,-88.80142829252836
-0.37370000000000003,-87.62721791364037
-0.3726999999999999,-86.5378902127443
-0.37170000000000003,-85.44856251184822
-0.3706999999999999,-84.31679347195619
-0.36970000000000003,-83.22746577106011
-0.3686999999999999,-82.18057940915998
-0.3677,-81.13369304725985
-0.3666999999999999,-80.04436534636378
-0.3657,-79.0399203234596
-0.3646999999999999,-77.99303396155948
-0.3637,-76.94614759965934
-0.3626999999999999,-75.8992612377592
-0.3617,-74.8523748758591
-0.36070000000000013,-73.8479298529549
-0.3597,-72.84348483005074
-0.35870000000000013,-71.83903980714656
-0.3577,-70.8345947842424
-0.35670000000000013,-69.87259110033416
-0.3557,-68.91058741642594
-0.3547000000000001,-68.0051721845123
-0.3537,-67.04316850060408
-0.3527000000000001,-66.08116481669586
-0.3517,-65.16160247178358
-0.3507000000000001,-64.29862857886593
-0.3497,-63.37906623395363
-0.3487000000000001,-62.459503889041365
-0.3477,-61.53994154412909
-0.3467000000000001,-60.71940899020737
-0.3457,-59.7998466452951
-0.3447000000000001,-58.92272563937878
-0.3437,-58.05975174646111
-0.3427000000000001,-57.182630740544774
-0.3417,-56.36209818662306
-0.3407000000000001,-55.527418519702685
-0.3397,-54.73518019177827
-0.3387000000000001,-53.91464763785655
-0.3377,-53.079967970936174
-0.3367000000000001,-52.25943541701445
-0.3357,-51.46719708909004
-0.3347000000000001,-50.68910587416426
-0.3337,-49.89686754623985
-0.3327000000000001,-49.076334992318124
-0.3317,-48.2840966643937
-0.3307000000000001,-47.54844678846388
-0.3297,-46.79864979953541
-0.3287000000000001,-46.062999923605595
-0.3277,-45.32735004767578
-0.3267000000000001,-44.577553058747306
-0.3257,-43.92678586080939
-0.3247000000000001,-43.23357732387552
-0.3237,-42.526221673943
-0.3227000000000001,-41.83301313700913
-0.3217,-41.182245939071215
-0.3207000000000001,-40.4748902891387
-0.3197,-39.78168175220483
-0.3187000000000001,-39.08847321527096
-0.3177,-38.42355890433439
-0.3167000000000001,-37.73035036740053
-0.3157,-37.07958316946261
-0.3147000000000001,-36.4288159715247
-0.3137,-35.763901660588125
-0.3127000000000001,-35.11313446265021
-0.3117,-34.462367264712285
-0.3107000000000001,-33.85404140577033
-0.3097,-33.231568433829715
-0.3087000000000001,-32.66568391388369
-0.3077,-32.05735805494172
-0.3067000000000001,-31.449032195999767
-0.30569999999999997,-30.8407063370578
-0.3047000000000001,-30.274821817111786
-0.30369999999999997,-29.708937297165768
-0.3027000000000001,-29.14305277721976
-0.30169999999999997,-28.577168257273744
-0.3007000000000001,-28.05372507632368
-0.29969999999999997,-27.530281895373616
-0.2987000000000001,-27.00683871442355
-0.29769999999999996,-26.440954194477534
-0.2967000000000001,-25.86092256153287
-0.29569999999999996,-25.337479380582806
-0.2947000000000001,-24.870624651627345
-0.29369999999999996,-24.34718147067728
-0.29270000000000007,-23.823738289727217
-0.29169999999999996,-23.300295108777156
-0.29070000000000007,-22.819293266823045
-0.28969999999999996,-22.295850085872978
-0.28870000000000007,-21.814848243918867
-0.28769999999999996,-21.333846401964752
-0.28670000000000007,-20.89528589900659
-0.28569999999999995,-20.414284057052477
-0.28470000000000006,-19.97572355409432
-0.28369999999999995,-19.49472171214021
-0.28270000000000006,-19.056161209182044
-0.28169999999999995,-18.589306480226583
-0.28070000000000006,-18.15074597726842
-0.27969999999999995,-17.71218547431026
-0.27870000000000006,-17.2736249713521
-0.27769999999999995,-16.877505807389888
-0.27670000000000006,-16.438945304431726
-0.27569999999999995,-16.056973253468165
-0.27470000000000006,-15.618412750510005
-0.27369999999999994,-15.222293586547794
-0.27270000000000005,-14.826174422585586
-0.27169999999999994,-14.444202371622024
-0.27070000000000005,-14.046668496359947
-0.26969999999999994,-13.654793466297335
-0.26870000000000005,-13.30535977523067
-0.26769999999999994,-12.913484745168056
-0.26670000000000005,-12.520195003805576
-0.26569999999999994,-12.170761312738911
-0.26470000000000005,-11.82274233297211
-0.26369999999999993,-11.473308641905447
-0.26270000000000004,-11.081433611842833
-0.26169999999999993,-10.731999920776168
-0.26070000000000004,-10.382566229709504
-0.25969999999999993,-10.078403300238522
-0.25870000000000004,-9.728969609171857
-0.25769999999999993,-9.379535918105192
-0.25670000000000004,-9.073958277334345
-0.2556999999999999,-8.769795347863363
-0.25470000000000004,-8.464217707092514
-0.2536999999999999,-8.158640066321666
-0.25270000000000004,-7.853062425550818
-0.2516999999999999,-7.5474847847799715
-0.25070000000000003,-7.243321855308987
-0.24969999999999992,-6.93774421453814
-0.24870000000000003,-6.6760226240631075
-0.24769999999999992,-6.37044498329226
-0.24670000000000003,-6.064867342521412
-0.24569999999999992,-5.847001802342197
-0.24470000000000003,-5.5414241615713475
-0.24369999999999992,-5.279702571096316
-0.24270000000000003,-5.017980980621284
-0.24169999999999991,-4.712403339850438
-0.24070000000000003,-4.494537799671222
-0.2396999999999999,-4.23281620919619
-0.23870000000000002,-3.971094618721158
-0.2376999999999999,-3.7532290785419424
-0.23670000000000002,-3.4915074880669104
-0.23570000000000013,-3.273641947887695
-0.23470000000000002,-3.0119203574126634
-0.23370000000000013,-2.7501987669376318
-0.23270000000000002,-2.532333226758415
-0.23170000000000013,-2.3144676865791998
-0.23070000000000002,-2.095187435100119
-0.22970000000000013,-1.8773218949209036
-0.22870000000000001,-1.6594563547416883
-0.22770000000000012,-1.4415908145624723
-0.2267,-1.2234423321232837
-0.22570000000000012,-1.0054353208140816
-0.2247,-0.8308599464107361
-0.22370000000000012,-0.6128529351015338
-0.2227,-0.3947044526623452
-0.22170000000000012,-0.2202705493889862
-0.2207,-0.04582249900262853
-0.21970000000000012,0.17231183632356148
-0.2187,0.3467457395969205
-0.21770000000000012,0.5211796428702795
-0.2167,0.6956135461436386
-0.2157000000000001,0.9137620285828272
-0.2147,1.0881959318561862
-0.2137000000000001,1.2626298351295453
-0.2127,1.4373466806628774
-0.2117000000000001,1.6113561705462767
-0.2107,1.7429243214337253
-0.2097000000000001,1.9169338113171246
-0.2087,2.0909433012005243
-0.2077000000000001,2.2225114520879723
-0.2067,2.352664891675556
-0.2057000000000001,2.5280890928588207
-0.2047,2.658242532446404
-0.2037000000000001,2.7898106833338523
-0.2027,2.919964122921436
-0.2017000000000001,3.0939736128048354
-0.2007,3.225541763692284
-0.1997000000000001,3.355695203279867
-0.1987,3.4872633541673155
-0.1977000000000001,3.6174167937548987
-0.19669999999999999,3.748984944642347
-0.1957000000000001,3.8791383842299307
-0.19469999999999998,4.01070653511738
-0.1937000000000001,4.140859974704963
-0.19269999999999998,4.272428125592412
-0.1917000000000001,4.360140226184043
-0.1907000000000001,4.490293665771627
-0.1897000000000002,4.6218618166590755
-0.1887000000000001,4.708159205950842
-0.1877000000000002,4.839727356838291
-0.1867000000000001,4.926024746130058
-0.1857000000000002,5.057592897017507
-0.1847000000000001,5.145304997609139
-0.1837000000000002,5.231602386900906
-0.18270000000000008,5.3631705377883545
-0.1817000000000002,5.405611876784305
-0.18070000000000008,5.493323977375938
-0.1797000000000002,5.624892128263387
-0.17870000000000008,5.7111895175551535
-0.1777000000000002,5.798901618146785
-0.17670000000000008,5.886613718738418
-0.1757000000000002,5.9729111080301855
-0.17470000000000008,6.060623208621817
-0.1737000000000002,6.14833530921345
-0.17270000000000008,6.234632698505217
-0.17170000000000019,6.322344799096849
-0.17070000000000007,6.366200849392665
-0.16970000000000018,6.452498238684432
-0.16870000000000007,6.540210339276065
-0.16770000000000018,6.627922439867697
-0.16670000000000007,6.714219829159464
-0.16570000000000018,6.75807587945528
-0.16470000000000007,6.845787980046913
-0.16370000000000018,6.889644030342729
-0.16270000000000007,6.975941419634496
-0.16170000000000018,7.063653520226129
-0.16070000000000007,7.107509570521944
-0.15970000000000018,7.195221671113577
-0.15870000000000006,7.237663010109527
-0.15770000000000017,7.281519060405343
-0.15670000000000006,7.369231160996977
-0.15570000000000017,7.413087211292793
-0.15470000000000006,7.456943261588608
-0.15370000000000017,7.543240650880375
-0.15270000000000006,7.587096701176192
-0.15170000000000017,7.630952751472008
-0.15070000000000006,7.7186648520636405
-0.14970000000000017,7.761106191059591
-0.14870000000000005,7.804962241355407
-0.14770000000000016,7.848818291651225
-0.14670000000000005,7.892674341947039
-0.14570000000000016,7.936530392242855
-0.14470000000000005,7.980386442538672
-0.14370000000000016,8.022827781534623
-0.14270000000000005,8.066683831830439
-0.14170000000000016,8.110539882126256
-0.14070000000000005,8.154395932422071
-0.13970000000000016,8.242108033013702
-0.13870000000000005,8.242108033013702
-0.13770000000000016,8.284549372009655
-0.13670000000000004,8.328405422305472
-0.13570000000000015,8.372261472601286
-0.13470000000000004,8.416117522897103
-0.13370000000000015,8.459973573192919
-0.13270000000000004,8.503829623488736
-0.13170000000000015,8.546270962484687
-0.13070000000000004,8.546270962484687
-0.12970000000000015,8.63398306307632
-0.12870000000000004,8.63398306307632
-0.12770000000000015,8.677839113372134
-0.12670000000000003,8.72169516366795
-0.12570000000000014,8.764136502663902
-0.12470000000000003,8.764136502663902
-0.12370000000000014,8.80799255295972
-0.12270000000000003,8.80799255295972
-0.12170000000000014,8.851848603255535
-0.12070000000000003,8.89570465355135
-0.11970000000000014,8.89570465355135
-0.11870000000000003,8.983416754142983
-0.11770000000000014,9.025858093138934
-0.11670000000000003,9.025858093138934
-0.11570000000000014,9.06971414343475
-0.11470000000000002,9.113570193730567
-0.11370000000000013,9.113570193730567
-0.11270000000000002,9.157426244026382
-0.11170000000000013,9.157426244026382
-0.11070000000000024,9.201282294322198
-0.10970000000000013,9.201282294322198
-0.10870000000000024,9.245138344618015
-0.10770000000000013,9.287579683613965
-0.10670000000000024,9.287579683613965
-0.10570000000000013,9.331435733909782
-0.10470000000000024,9.375291784205599
-0.10370000000000013,9.375291784205599
-0.10270000000000024,9.419147834501414
-0.10170000000000012,9.419147834501414
-0.10070000000000023,9.463003884797232
-0.09970000000000012,9.463003884797232
-0.09870000000000023,9.506859935093045
-0.09770000000000012,9.549301274088998
-0.09670000000000023,9.549301274088998
-0.09570000000000012,9.593157324384812
-0.09470000000000023,9.593157324384812
-0.09370000000000012,9.63701337468063
-0.09270000000000023,9.63701337468063
-0.09170000000000011,9.680869424976446
-0.09070000000000022,9.680869424976446
-0.08970000000000011,9.724725475272262
-0.08870000000000022,9.768581525568079
-0.08770000000000011,9.768581525568079
-0.08670000000000022,9.811022864564029
-0.08570000000000011,9.854878914859846
-0.08470000000000022,9.854878914859846
-0.08370000000000011,9.898734965155663
-0.08270000000000022,9.898734965155663
-0.0817000000000001,9.942591015451477
-0.08070000000000022,9.986447065747294
-0.0797000000000001,10.03030311604311
-0.07870000000000021,10.03030311604311
-0.0777000000000001,10.03030311604311
-0.07670000000000021,10.07274445503906
-0.0757000000000001,10.116600505334876
-0.07470000000000021,10.160456555630693
-0.0737000000000001,10.160456555630693
-0.07270000000000021,10.20431260592651
-0.0717000000000001,10.248168656222326
-0.07070000000000021,10.292024706518141
-0.0697000000000001,10.292024706518141
-0.0687000000000002,10.334466045514093
-0.0677000000000001,10.334466045514093
-0.0667000000000002,10.37832209580991
-0.06570000000000009,10.422178146105725
-0.0647000000000002,10.422178146105725
-0.06370000000000009,10.46603419640154
-0.0627000000000002,10.46603419640154
-0.06170000000000009,10.553746296993173
-0.0607000000000002,10.553746296993173
-0.059700000000000086,10.596187635989125
-0.058700000000000196,10.64004368628494
-0.057700000000000085,10.683899736580756
-0.056700000000000195,10.683899736580756
-0.05570000000000008,10.727755786876573
-0.05470000000000019,10.771611837172388
-0.05370000000000008,10.771611837172388
-0.05270000000000019,10.815467887468206
-0.05170000000000008,10.857909226464155
-0.05070000000000019,10.901765276759972
-0.04970000000000008,10.94562132705579
-0.04870000000000019,10.989477377351605
-0.047700000000000076,11.033333427647422
-0.046700000000000186,11.033333427647422
-0.045700000000000074,11.077189477943236
-0.044700000000000184,11.119630816939189
-0.04370000000000007,11.163486867235004
-0.04270000000000018,11.20734291753082
-0.04170000000000007,11.251198967826637
-0.04070000000000018,11.295055018122452
-0.03970000000000007,11.33891106841827
-0.03870000000000018,11.38135240741422
-0.03770000000000007,11.425208457710037
-0.03670000000000018,11.469064508005852
-0.035700000000000065,11.51292055830167
-0.034700000000000175,11.556776608597485
-0.03370000000000006,11.643073997889251
-0.03270000000000017,11.686930048185067
-0.03170000000000006,11.730786098480884
-0.03070000000000017,11.774642148776701
-0.02970000000000006,11.818498199072517
-0.02870000000000017,11.862354249368334
-0.027700000000000058,11.904795588364284
-0.026700000000000168,11.9486516386601
-0.025700000000000056,11.992507688955916
-0.024700000000000166,12.036363739251732
-0.023700000000000054,12.080219789547549
-0.022700000000000164,12.166517178839316
-0.021700000000000053,12.210373229135131
-0.020700000000000163,12.254229279430946
-0.01970000000000005,12.341941380022579
-0.01870000000000016,12.384382719018532
-0.01770000000000005,12.428238769314348
-0.01670000000000016,12.515950869905978
-0.015700000000000047,12.559806920201796
-0.014700000000000157,12.603662970497613
-0.013700000000000045,12.646104309493563
-0.012700000000000156,12.733816410085195
-0.011700000000000044,12.77767246038101
-0.010700000000000154,12.865384560972643
-0.009700000000000042,12.907825899968595
-0.008700000000000152,12.995538000560227
-0.00770000000000004,13.039394050856043
-0.00670000000000015,13.127106151447675
-0.005700000000000038,13.169547490443627
-0.0047000000000001485,13.257259591035258
-0.0037000000000000366,13.301115641331073
-0.0027000000000001467,13.344971691626892
-0.0017000000000000348,13.431269080918659
-0.000700000000000145,13.518981181510291
0.00029999999999996696,13.562837231806107
0.0012999999999998568,13.65054933239774
0.0022999999999999687,13.736846721689506
0.0032999999999998586,13.780702771985322
0.0042999999999999705,13.868414872576954
0.00529999999999986,13.954712261868721
0.006299999999999972,13.998568312164537
0.007299999999999862,14.08628041275617
0.008299999999999974,14.175407224647667
0.009299999999999864,14.26028990263957
0.010299999999999976,14.30273124163552
0.011299999999999866,14.387613919627421
0.012299999999999978,14.472496597619326
