Potential V vs RHE, Current mA cm-2
0.013299999999999867,0.03212809361993498
0.012299999999999978,0.02738881076538711
0.011299999999999866,0.024587682391654337
0.010299999999999976,0.025012095781613848
0.009299999999999864,0.02277685192782709
0.008299999999999974,0.022635380797840585
0.007299999999999862,0.02194217226090672
0.006299999999999972,0.019848399537106463
0.00529999999999986,0.02208364339089322
0.0042999999999999705,0.017188742293360197
0.0032999999999998586,0.020272812927065977
0.0022999999999999687,0.01608526747946547
0.0012999999999998568,0.01580232521949246
0.00029999999999996696,0.01928251501716045
-0.000700000000000145,0.014124477617852528
-0.0017000000000000348,0.014826174422585584
-0.0027000000000001467,0.01426028990263957
-0.0037000000000000366,0.011752006767978862
-0.0047000000000001485,0.016637004886412832
-0.005700000000000038,0.01509496956955994
-0.00670000000000015,0.013705723073092474
-0.00770000000000004,0.01133325222321881
-0.008700000000000152,0.011611950349292221
-0.009700000000000042,0.012310817731425549
-0.010700000000000154,0.008401970409898454
-0.011700000000000044,0.011611950349292221
-0.012700000000000156,0.010076988588938657
-0.013700000000000045,0.010076988588938657
-0.014700000000000157,0.011892063186665499
-0.015700000000000047,0.008820724954658504
-0.01670000000000016,0.006867008649544888
-0.01770000000000005,0.004913292344431272
-0.01870000000000016,0.007285763194304939
-0.01970000000000005,0.010217045007625295
-0.020700000000000163,0.006308197686098199
-0.021700000000000053,0.0064482541047848375
-0.022700000000000164,0.008682083247271731
-0.023700000000000054,0.005470688596578096
-0.024700000000000166,0.005051934051818046
-0.025700000000000056,0.0019820105311109163
-0.026700000000000168,0.004354481380984583
-0.027700000000000058,0.002122066949797555
-0.02870000000000017,0.0019820105311109163
-0.02970000000000006,0.005889443141338148
-0.03070000000000017,0.002819519620631018
-0.03170000000000006,0.0033783305840777073
-0.03270000000000017,0.005470688596578096
-0.03370000000000006,-0.001228252350542825
-0.034700000000000175,0.005051934051818046
-0.035700000000000065,0.0005862563626640711
-0.03670000000000018,-0.0003907432610227231
-0.03770000000000007,-0.00025125272685603054
-0.03870000000000018,-0.001228252350542825
-0.03970000000000007,0.0012841334468874936
-0.04070000000000018,-0.000809497805782774
-0.04170000000000007,0.0008653789021274429
-0.04270000000000018,0.00016750181790402036
-0.04370000000000007,-0.002205534916489592
-0.044700000000000184,-0.0013678843558395041
-0.045700000000000074,-0.0019268367904161797
-0.046700000000000186,-0.0006700072716160814
-0.047700000000000076,-0.000809497805782774
-0.04870000000000019,-0.00443794934767662
-0.04970000000000008,-0.0013678843558395041
-0.05070000000000019,-0.0029029875873230553
-0.05170000000000008,2.7912253946337174e-05
-0.05270000000000019,-0.0027629311686364166
-0.05370000000000008,-0.004019194802916569
-0.05470000000000019,-0.0010886203452461457
-0.05570000000000008,-0.00597432581933005
-0.056700000000000195,-0.0031816857133964674
-0.057700000000000085,-0.0038805530955297956
-0.058700000000000196,-0.0054155148558833605
-0.059700000000000086,-0.0034617985507697452
-0.0607000000000002,-0.004019194802916569
-0.06170000000000009,-0.004718062185049898
-0.0627000000000002,-0.004578005766363259
-0.06370000000000009,-0.006112967526716823
-0.0647000000000002,-0.004019194802916569
-0.06570000000000009,-0.006671778490163513
-0.0667000000000002,-0.00597432581933005
-0.0677000000000001,-0.004578005766363259
-0.0687000000000002,-0.008765551213963767
-0.0697000000000001,-0.004718062185049898
-0.07070000000000021,-0.006671778490163513
-0.0717000000000001,-0.009881758429557281
-0.07270000000000021,-0.007649343998370253
-0.0737000000000001,-0.007230589453610202
-0.07470000000000021,-0.00848543837659049
-0.0757000000000001,-0.010997965645150794
-0.07670000000000021,-0.009184305758723818
-0.0777000000000001,-0.008346796669203717
-0.07870000000000021,-0.01085932393776402
-0.0797000000000001,-0.008068098543130304
-0.08070000000000022,-0.012394285698117586
-0.0817000000000001,-0.011696833027284121
-0.08270000000000022,-0.008346796669203717
-0.08370000000000011,-0.010719267519077383
-0.08470000000000022,-0.010160456555630692
-0.08570000000000011,-0.012813040242877636
-0.08670000000000022,-0.008765551213963767
-0.08770000000000011,-0.012813040242877636
-0.08870000000000022,-0.011556776608597484
-0.08970000000000011,-0.01044056939300397
-0.09070000000000022,-0.010997965645150794
-0.09170000000000011,-0.012534342116804225
-0.09270000000000023,-0.012813040242877636
-0.09370000000000012,-0.015179852247551842
-0.09470000000000023,-0.011835474734670897
-0.09570000000000012,-0.016863358694391237
-0.09670000000000023,-0.014628114840604478
-0.09770000000000012,-0.01505252823056399
-0.09870000000000023,-0.013790605751084378
-0.09970000000000012,-0.012394285698117586
-0.10070000000000023,-0.015179852247551842
-0.10170000000000012,-0.012672983824190999
-0.10270000000000024,-0.012115587572044175
-0.10370000000000013,-0.01615600304445872
-0.10470000000000024,-0.015179852247551842
-0.10570000000000013,-0.01629747417444522
-0.10670000000000024,-0.01588720789748436
-0.10770000000000013,-0.015321323377538347
-0.10870000000000024,-0.015321323377538347
-0.10970000000000013,-0.016863358694391237
-0.11070000000000024,-0.017146300954364244
-0.11170000000000013,-0.017556567231325104
-0.11270000000000002,-0.015179852247551842
-0.11370000000000013,-0.01853271802823198
-0.11470000000000002,-0.018391246898245478
-0.11570000000000014,-0.0174150961013386
-0.11670000000000003,-0.01546279450752485
-0.11770000000000014,-0.015745736767497857
-0.11870000000000003,-0.021461170418952607
-0.11970000000000014,-0.01615600304445872
-0.12070000000000003,-0.019367397695152354
-0.12170000000000014,-0.017556567231325104
-0.12270000000000003,-0.01853271802823198
-0.12370000000000014,-0.019933282215098366
-0.12470000000000003,-0.01658041643441823
-0.12570000000000014,-0.018391246898245478
-0.12670000000000003,-0.018674189158218484
-0.12770000000000015,-0.02048501962204573
-0.12870000000000004,-0.022168526068885124
-0.12970000000000015,-0.01812245175127112
-0.13070000000000004,-0.02355494314275286
-0.13170000000000015,-0.019240073678164497
-0.13270000000000004,-0.019933282215098366
-0.13370000000000015,-0.021885583808912118
-0.13470000000000004,-0.02048501962204573
-0.13570000000000015,-0.022027054938898623
-0.13670000000000004,-0.019367397695152354
-0.13770000000000016,-0.022027054938898623
-0.13870000000000005,-0.023286147995778505
-0.13970000000000016,-0.020767961882018737
-0.14070000000000005,-0.023144676865792004
-0.14170000000000016,-0.020767961882018737
-0.14270000000000005,-0.022578792345845984
-0.14370000000000016,-0.02467256506964624
-0.14470000000000005,-0.021461170418952607
-0.14570000000000016,-0.024955507329619247
-0.14670000000000005,-0.023837885402725866
-0.14770000000000016,-0.02649754264647214
-0.14870000000000005,-0.023696414272739365
-0.14970000000000017,-0.021050904141991744
-0.15070000000000006,-0.024814036199632745
-0.15170000000000017,-0.025790186996539618
-0.15270000000000006,-0.02397935653271237
-0.15370000000000017,-0.028449844240285887
-0.15470000000000006,-0.021744112678925617
-0.15570000000000017,-0.027049280053419503
-0.15670000000000006,-0.025648715866553113
-0.15770000000000017,-0.027473693443379014
-0.15870000000000006,-0.026907808923433
-0.15970000000000018,-0.026073129256512624
-0.16070000000000007,-0.02788395972033987
-0.16170000000000018,-0.02621460038649913
-0.16270000000000007,-0.02621460038649913
-0.16370000000000018,-0.029977732444140127
-0.16470000000000007,-0.025790186996539618
-0.16570000000000018,-0.029977732444140127
-0.16670000000000007,-0.026356071516485634
-0.16770000000000018,-0.02774248859035337
-0.16870000000000007,-0.03040214583409964
-0.16970000000000018,-0.027332222313392506
-0.17070000000000007,-0.029977732444140127
-0.17170000000000019,-0.028166901980312884
-0.17270000000000008,-0.029567466167179264
-0.1737000000000002,-0.03221297629792688
-0.17470000000000008,-0.029836261314153626
-0.1757000000000002,-0.03304765596484726
-0.17670000000000008,-0.03193003403795388
-0.1777000000000002,-0.03123682550102001
-0.17870000000000008,-0.03444822015171364
-0.1797000000000002,-0.029567466167179264
-0.18070000000000008,-0.0327788608178729
-0.1817000000000002,-0.03166123889097952
-0.18270000000000008,-0.030260674704113137
-0.1837000000000002,-0.03290618483486075
-0.1847000000000001,-0.030953883241047007
-0.1857000000000002,-0.03388233563176763
-0.1867000000000001,-0.03249591855789989
-0.1877000000000002,-0.03361354048479327
-0.1887000000000001,-0.03402380676175413
-0.1897000000000002,-0.03235444742791339
-0.1907000000000001,-0.0366834640055004
-0.1917000000000001,-0.03584878433858003
-0.19269999999999998,-0.0327788608178729
-0.1937000000000001,-0.034999957558661005
-0.19469999999999998,-0.03444822015171364
-0.1957000000000001,-0.03487263354167316
-0.19669999999999999,-0.0368249351354869
-0.1977000000000001,-0.032637389687886396
-0.1987,-0.03597610835556788
-0.1997000000000001,-0.03402380676175413
-0.2007,-0.035282899818634014
-0.2017000000000001,-0.03570731320859352
-0.2027,-0.03806988107936814
-0.2037000000000001,-0.038494294469327645
-0.2047,-0.03584878433858003
-0.2057000000000001,-0.04128127573006177
-0.2067,-0.0365419928755139
-0.2077000000000001,-0.03794255706238028
-0.2087,-0.039046031876275006
-0.2097000000000001,-0.03542437094862052
-0.2107,-0.03835282333934115
-0.2117000000000001,-0.038777236729300654
-0.2127,-0.037518143672420776
-0.2137000000000001,-0.04365799071383503
-0.2147,-0.0365419928755139
-0.2157000000000001,-0.04351651958384853
-0.2167,-0.042823311046914656
-0.21770000000000012,-0.041988631379994285
-0.2187,-0.04351651958384853
-0.21970000000000012,-0.043106253306887665
-0.2207,-0.046586443104555654
-0.22170000000000012,-0.04323357732387552
-0.2227,-0.04520002603068792
-0.22370000000000012,-0.0461761768275948
-0.2247,-0.04268183991692816
-0.22570000000000012,-0.0461761768275948
-0.2267,-0.044492670380755404
-0.22770000000000012,-0.04546882117766228
-0.22870000000000001,-0.046444971974569156
-0.22970000000000013,-0.046586443104555654
-0.23070000000000002,-0.046317647957581295
-0.23170000000000013,-0.04546882117766228
-0.23270000000000002,-0.04729379875448818
-0.23370000000000013,-0.04756259390146254
-0.23470000000000002,-0.04910462921831542
-0.23570000000000013,-0.04910462921831542
-0.23670000000000002,-0.048821686958342415
-0.2376999999999999,-0.05063251742216966
-0.23870000000000002,-0.05203308160903605
-0.2396999999999999,-0.04979783775524929
-0.24070000000000003,-0.05063251742216966
-0.24169999999999991,-0.052316023869009055
-0.24270000000000003,-0.051481344202088684
-0.24369999999999992,-0.054268325462822814
-0.24470000000000003,-0.05189161047904954
-0.24569999999999992,-0.055668889649689184
-0.24670000000000003,-0.051481344202088684
-0.24769999999999992,-0.05063251742216966
-0.24870000000000003,-0.05510300512974318
-0.24969999999999992,-0.05160866821907654
-0.25070000000000003,-0.05762119124350294
-0.2516999999999999,-0.055527418519702686
-0.25270000000000004,-0.05455126772279582
-0.2536999999999999,-0.05705530672355694
-0.25470000000000004,-0.057196777853543435
-0.2556999999999999,-0.058172928650450303
-0.25670000000000004,-0.058597342040409825
-0.25769999999999993,-0.05831439978043681
-0.25870000000000004,-0.057196777853543435
-0.25969999999999993,-0.05538594738971618
-0.26070000000000004,-0.059149079447357186
-0.26169999999999993,-0.05943202170733019
-0.26270000000000004,-0.059573492837316694
-0.26369999999999993,-0.06278488748801032
-0.26470000000000005,-0.06152579443113045
-0.26569999999999994,-0.06319515376497119
-0.26670000000000005,-0.06110138104117093
-0.26769999999999994,-0.06612360615569181
-0.26870000000000005,-0.061808736691103455
-0.26969999999999994,-0.06221900296806432
-0.27070000000000005,-0.06640654841566482
-0.27169999999999994,-0.06487866021181057
-0.27270000000000005,-0.06402983343189157
-0.27369999999999994,-0.0679485837325177
-0.27470000000000006,-0.06473718908182408
-0.27569999999999995,-0.06990088532633146
-0.27670000000000006,-0.06654801954565133
-0.27769999999999995,-0.0692076767893976
-0.27870000000000006,-0.07004235645631796
-0.27969999999999995,-0.0714287735301857
-0.28070000000000006,-0.07227760031010473
-0.28169999999999995,-0.07130144951319785
-0.28270000000000006,-0.07101850725322485
-0.28369999999999995,-0.07422990190391847
-0.28470000000000006,-0.07297080884703859
-0.28569999999999995,-0.07478163931086583
-0.28670000000000007,-0.07437137303390498
-0.28769999999999996,-0.07646514575770523
-0.28870000000000007,-0.07882771362847985
-0.28969999999999996,-0.0774412965546121
-0.29070000000000007,-0.0774412965546121
-0.29169999999999996,-0.07882771362847985
-0.29270000000000007,-0.07868624249849335
-0.29369999999999996,-0.08218057940915997
-0.2947000000000001,-0.0813458997422396
-0.29569999999999996,-0.08525050292986712
-0.2967000000000001,-0.08301525907608036
-0.29769999999999996,-0.08413288100297373
-0.2987000000000001,-0.0869340093767065
-0.29969999999999997,-0.08484023665290626
-0.3007000000000001,-0.08776868904362688
-0.30169999999999997,-0.08748574678365387
-0.3027000000000001,-0.08832042645057424
-0.30369999999999997,-0.0906971414343475
-0.3047000000000001,-0.09098008369432051
-0.30569999999999997,-0.09236650076818824
-0.3067000000000001,-0.09334265156509512
-0.3077,-0.09683698847576175
-0.3087000000000001,-0.09767166814268213
-0.3097,-0.0958608376788549
-0.3107000000000001,-0.1004727965164149
-0.3117,-0.1003313253864284
-0.3127000000000001,-0.0997654408664824
-0.3137,-0.10354272003712203
-0.3147000000000001,-0.10171774246029613
-0.3157,-0.1039529863140829
-0.3167000000000001,-0.1038115151840964
-0.3177,-0.1081405317616834
-0.3187000000000001,-0.10954109594854979
-0.3197,-0.10870641628162941
-0.3207000000000001,-0.11080018900542968
-0.3217,-0.11372864139615031
-0.3227000000000001,-0.11568094298996405
-0.3237,-0.11525652960000454
-0.3247000000000001,-0.11818498199072516
-0.3257,-0.12070316810448493
-0.3267000000000001,-0.11986848843756456
-0.3277,-0.12446630016212593
-0.3287000000000001,-0.12489071355208542
-0.3297,-0.12307988308825818
-0.3307000000000001,-0.12865384560972642
-0.3317,-0.1307476183335267
-0.3327000000000001,-0.1307476183335267
-0.3337,-0.13340727557727297
-0.3347000000000001,-0.13493516378112722
-0.3357,-0.13800508730183433
-0.3367000000000001,-0.13912270922872771
-0.3377,-0.14302731241635522
-0.3387000000000001,-0.14415908145624726
-0.3397,-0.14401761032626076
-0.3407000000000001,-0.15151558021554543
-0.3417,-0.14925204213576138
-0.3427000000000001,-0.15278882038542396
-0.3437,-0.15802325219492458
-0.3447000000000001,-0.15604265637511353
-0.3457,-0.16311621287443873
-0.3467000000000001,-0.1628332706144657
-0.3477,-0.1629747417444522
-0.3487000000000001,-0.1689165292038854
-0.3497,-0.16820917355395287
-0.3507000000000001,-0.1737265476234265
-0.3517,-0.1734436053634535
-0.3527000000000001,-0.1772633258730891
-0.3537,-0.18249775768258975
-0.3547000000000001,-0.18362952672248176
-0.3557,-0.18759071836210386
-0.35670000000000013,-0.19042014096183393
-0.3577,-0.19126896774175295
-0.35870000000000013,-0.19636192842126707
-0.3597,-0.19848399537106462
-0.36070000000000013,-0.19975723554094318
-0.3617,-0.20470872509047083
-0.3626999999999999,-0.20697226317025488
-0.3637,-0.21362140627962053
-0.3646999999999999,-0.21347993514963404
-0.3657,-0.2206949627789457
-0.3666999999999999,-0.22111937616890526
-0.3677,-0.2239487987686353
-0.3686999999999999,-0.22776851927827088
-0.36970000000000003,-0.23158823978790652
-0.3706999999999999,-0.23809591176728565
-0.37170000000000003,-0.24078386323702924
-0.3726999999999999,-0.24106680549700227
-0.37370000000000003,-0.24615976617651636
-0.3746999999999999,-0.24913065990623293
-0.37570000000000003,-0.25592127414558513
-0.3766999999999999,-0.2574774565754367
-0.37770000000000004,-0.2614386482150588
-0.3786999999999999,-0.2686536758443705
-0.37970000000000004,-0.2665316088945729
-0.3806999999999999,-0.27586870347368214
-0.38170000000000004,-0.2770004725135742
-0.38269999999999993,-0.2808201930232098
-0.38370000000000004,-0.288176691782508
-0.38469999999999993,-0.2918549411621571
-0.38570000000000004,-0.29539171941181963
-0.38669999999999993,-0.30232380478115833
-0.38770000000000004,-0.3076997077206455
-0.38869999999999993,-0.31378296631006514
-0.38970000000000005,-0.3144903219599976
-0.39069999999999994,-0.32283711862920134
-0.39170000000000005,-0.32679831026882344
-0.39269999999999994,-0.32976920399854004
-0.39370000000000005,-0.3362768759779193
-0.39469999999999994,-0.34037953874752785
-0.39570000000000005,-0.346321326206961
-0.39669999999999994,-0.35183870027643466
-0.39770000000000005,-0.3572146032159218
-0.39869999999999994,-0.36188315050547637
-0.39970000000000006,-0.365702871015112
-0.40069999999999995,-0.37433260994428874
-0.40170000000000006,-0.3790011572338433
-0.40269999999999995,-0.384518531303317
-0.40370000000000006,-0.3904603187627501
-0.40469999999999995,-0.3948459237923317
-0.40570000000000006,-0.4037586049814815
-0.40669999999999995,-0.40687096984118454
-0.40770000000000006,-0.4179057179801318
-0.40869999999999995,-0.4269598702992681
-0.40970000000000006,-0.4245548610894975
-0.41069999999999995,-0.4313454753288497
-0.41170000000000007,-0.44167286781786447
-0.41269999999999996,-0.44407787702763507
-0.41370000000000007,-0.45596145194650134
-0.41469999999999996,-0.4556785096865283
-0.41570000000000007,-0.4658644310455565
-0.41669999999999996,-0.47095739172507073
-0.41770000000000007,-0.4787383038743284
-0.41869999999999996,-0.4829824377739235
-0.4197000000000001,-0.48354832229386957
-0.42069999999999996,-0.4954318972127358
-0.4217000000000001,-0.501090742412196
-0.42269999999999996,-0.503920165011926
-0.4237000000000001,-0.5139646152409678
-0.42469999999999997,-0.5191990470504685
-0.4257000000000001,-0.5296679106694698
-0.42669999999999997,-0.5339120445690649
-0.4277000000000001,-0.5453712060979717
-0.42869999999999997,-0.5517374069473643
-0.4297000000000001,-0.556405954236919
-0.43069999999999997,-0.5678651157658258
-0.4317000000000001,-0.5708360094955423
-0.4327,-0.5796072195547056
-0.4337000000000001,-0.5909249099536259
-0.4347,-0.5981399375829375
-0.4357000000000001,-0.6062037919921682
-0.4367,-0.6137017618814529
-0.4377000000000001,-0.6223315008106296
-0.4387,-0.6322344799096848
-0.4397000000000001,-0.6366200849392665
-0.4407,-0.6509086690679033
-0.4417000000000001,-0.6550113318375119
-0.4427,-0.6632166573767292
-0.4437000000000001,-0.673544049865744
-0.4447,-0.6809005486250422
-0.4457000000000001,-0.6903791143341379
-0.4467,-0.6980185553534091
-0.4477000000000001,-0.711175370442154
-0.4487,-0.716551273381641
-0.4497000000000001,-0.7274445503906019
-0.4507,-0.7370645872296842
-0.4517000000000001,-0.7425819612991578
-0.4527,-0.752484940398213
-0.4537000000000001,-0.767905293566742
-0.4547,-0.773564138766202
-0.4557000000000001,-0.7864380115949738
-0.4567,-0.7937945103542721
-0.4577000000000001,-0.8070927965730035
-0.4587,-0.8198251982717888
-0.4597000000000001,-0.8102051614327065
-0.4607,-0.829445235110871
-0.4617000000000001,-0.846563241839238
-0.4627,-0.8617006527477938
-0.4637000000000001,-0.8761307080064172
-0.4647,-0.885609273715513
-0.4657000000000001,-0.8989075599342444
-0.4667,-0.9081031833833669
-0.4677000000000001,-0.9204111716921929
-0.4687,-0.9395097742403707
-0.4697000000000001,-0.9537983583690077
-0.4707,-0.9580424922686028
-0.4717000000000001,-0.9731799031771587
-0.4727,-0.9777069793367268
-0.4737000000000001,-0.9955323417150265
-0.4747,-1.0035961961242568
-0.4757000000000001,-1.0187336070328128
-0.4767,-1.0255242212721651
-0.4777000000000001,-1.0405201610507344
-0.4787,-1.0536769761394795
-0.4797000000000001,-1.0644287820184537
-0.4807,-1.076878241457266
-0.48170000000000013,-1.0869226916863075
-0.4827,-1.1116801394339457
-0.48370000000000013,-1.1289396172922994
-0.4847,-1.1466235085406122
-0.48570000000000013,-1.1619023905791546
-0.4867,-1.176049503577805
-0.4876999999999999,-1.1913283856163475
-0.4887,-1.2032119605352136
-0.4896999999999999,-1.207739036694782
-0.4907,-1.2281108794128386
-0.4916999999999999,-1.2411262233715967
-0.4927,-1.24706801083103
-0.4936999999999999,-1.251595086990598
-0.49470000000000003,-1.2586686434899232
-0.4956999999999999,-1.2793234284679527
-0.49670000000000003,-1.3050711741254966
-0.4976999999999999,-1.315115624354538
-0.49870000000000003,-1.3332239289928105
-0.4996999999999999,-1.34821986877138
-0.5007,-1.36845024035945
-0.5016999999999999,-1.3922173901971826
-0.5027,-1.4065059743258195
-0.5036999999999999,-1.4161260111649017
-0.5047,-1.4288584128636872
-0.5056999999999999,-1.4302731241635522
-0.5067,-1.4444202371622026
-0.5076999999999999,-1.462811484060448
-0.5087,-1.4769585970590984
-0.5096999999999999,-1.498179266557074
-0.5107,-1.5165705134553193
-0.5116999999999999,-1.5278882038542394
-0.5127,-1.546279450752485
-0.5136999999999999,-1.5703295428501907
-0.5147,-1.6000384801473564
-0.5156999999999999,-1.6071120366466816
-0.5167,-1.6325768400442524
-0.5176999999999999,-1.658041643441823
-0.5187,-1.6750181790402037
-0.5196999999999999,-1.6891652920388538
-0.5207,-1.7160448067362895
-0.5216999999999999,-1.7287772084350748
-0.5227,-1.7400948988339953
-0.5236999999999999,-1.7627302796318356
-0.5247,-1.7570714344323757
-0.5257,-1.774047970030756
-0.5267000000000001,-1.8037569073279218
-0.5277,-1.8447835350240078
-0.5287000000000001,-1.8561012254229279
-0.5297,-1.884395451420229
-0.5307000000000001,-1.9056161209182045
-0.5317,-1.9197632339168547
-0.5327000000000001,-1.9706928407119961
-0.5337,-1.9791811085111866
-0.5347000000000001,-1.980595819811051
-0.5357,-1.9919135102099716
-0.5367000000000001,-2.008890045808352
-0.5377,-2.0343548492059225
-0.5387000000000001,-2.040013694405383
-0.5397,-2.045672539604843
-0.5407000000000001,-2.0569902300037635
-0.5417,-2.1121639706984996
-0.5427000000000001,-2.12631108369715
-0.5437,-2.1602641548939108
-0.5447000000000001,-2.1729965565926963
-0.5457,-2.208364339089322
-0.5467000000000001,-2.2324144311870278
-0.5477,-2.2550498119848683
-0.5487000000000001,-2.3003205735805494
-0.5497,-2.33144422217758
-0.5507000000000001,-2.3356883560771755
-0.5517,-2.3413472012766356
-0.5527000000000001,-2.352664891675556
-0.5537,-2.351250180375691
-0.5547000000000001,-2.420571034069078
-0.5557,-2.4446211261667834
-0.5567000000000001,-2.468671218264489
-0.5577,-2.4828183312631396
-0.5587000000000001,-2.5252596702590906
-0.5597,-2.533747938058281
-0.5607000000000001,-2.557798030155986
-0.5617,-2.629948306449103
-0.5627000000000001,-2.6115570595508575
-0.5637,-2.655413109846674
-0.5647000000000001,-2.6808779132442444
-0.5657,-2.743125210438306
-0.5667000000000001,-2.744539921738171
-0.5677,-2.7501987669376318
-0.5687000000000001,-2.791225394633717
-0.5697,-2.798298951133043
-0.5707000000000001,-2.8393255788291283
-0.5717,-2.8322520223298033
-0.5727000000000001,-2.8690345161262942
-0.5737,-2.8690345161262942
-0.5747000000000001,-2.9510877715184667
-0.5757,-2.9864555540150928
-0.5767000000000001,-3.044458717309559
-0.5777,-3.041629294709829
-0.5787000000000001,-3.119438416202406
-0.5797,-3.1166089936026755
-0.5807000000000001,-3.178856290796737
-0.5817,-3.1816857133964676
-0.5827000000000001,-3.2396888766909337
-0.5837,-3.2892037721862106
-0.5847000000000001,-3.3047655964847262
-0.5857,-3.3670128936787878
-0.5867000000000001,-3.355695203279867
-0.5877,-3.402380676175413
-0.5887000000000001,-3.4108689439746036
-0.5897,-3.450480860370824
-0.5907000000000001,-3.4674573959692045
-0.5917,-3.556584207860702
-0.5927000000000001,-3.5976108355567886
-0.5937,-3.7235201412447765
-0.5947000000000001,-3.6541992875513896
-0.5957,-3.681078802248825
-0.5967000000000001,-3.7631320576409975
-0.5977,-3.7673761915405932
-0.5987000000000001,-3.7730350367400525
-0.5997,-3.85367358083236
-0.6007000000000001,-3.9498739492231825
-0.6017,-3.9541180831227782
-0.6027000000000001,-4.019194802916569
-0.6037,-4.113980460007527
-0.6047000000000001,-4.109736326107932
-0.6057,-4.162080644202938
-0.6067000000000001,-4.171983623301993
-0.6077,-4.218669096197539
-0.6087000000000001,-4.24979274479457
-0.6097,-4.242719188295245
-0.6107000000000001,-4.324772443687417
-0.6117,-4.3403342679859325
-0.6126999999999999,-4.378531473082289
-0.6137,-4.4322905024771595
-0.6146999999999999,-4.505855490070142
-0.6157,-4.539808561266903
-0.6166999999999999,-4.61195883756002
-0.6177,-4.651570753956241
-0.6186999999999999,-4.752015256246658
-0.6197,-4.819921398640179
-0.6206999999999999,-4.835483222938696
-0.6217,-4.880753984534377
-0.6226999999999999,-4.978369064225063
-0.6237,-4.964221951226414
-0.6246999999999999,-4.98827204332412
-0.6257,-5.1198401942115686
-0.6266999999999999,-5.191990470504685
-0.6277,-5.285361416295777
-0.6286999999999999,-5.374488228187275
-0.6297,-5.356096981289029
-0.6306999999999999,-5.479176864377286
-0.6317,-5.634795107362441
-0.6326999999999999,-5.57820665536784
-0.6337,-5.760704413050429
-0.6346999999999999,-5.6913835593570425
-0.6357,-5.923396212534908
-0.6366999999999999,-5.902175543036933
-0.6377,-5.919152078635313
-0.6386999999999999,-5.893687275237743
-0.6397,-6.097405702418309
-0.6406999999999999,-6.016767158326001
-0.6417,-6.1907766482094
-0.6426999999999999,-6.298294706999143
-0.6437,-6.284147594000493
-0.6446999999999999,-6.400153920589426
-0.6457,-6.55577216357458
-0.6466999999999999,-6.659046088464728
-0.6477,-6.6095311929694525
-0.6486999999999999,-6.712805117859599
-0.6497,-6.825982021848802
-0.6507,-6.830226155748398
-0.6517000000000001,-6.916523545040165
-0.6527,-7.124486106120324
-0.6537000000000001,-7.049506407227478
-0.6547,-7.2022952276129
-0.6557000000000001,-7.35932818189792
-0.6567,-7.379134140096031
-0.6577000000000001,-7.400354809594007
-0.6587,-7.582852567276596
-0.6597000000000001,-7.670564667868228
-0.6607,-7.7059324503648545
-0.6617000000000001,-7.778082726657972
-0.6627,-7.885600785447715
-0.6637000000000001,-8.035560183233407
-0.6647,-8.100636903027201
-0.6657000000000001,-8.349626091803447
-0.6667,-8.368017338701693
-0.6677000000000001,-8.592956435380232
-0.6687,-8.62549479527713
-0.6697000000000001,-8.66510671167335
-0.6707,-8.720280452368087
-0.6717000000000001,-8.827798511157829
-0.6727,-9.023028670539205
-0.6737000000000001,-9.008881557540553
-0.6747,-9.171573357025034
-0.6757000000000001,-9.318703332210998
-0.6767,-9.516762914192102
-0.6777000000000001,-9.552130696688728
-0.6787,-9.80536401936457
-0.6797000000000001,-9.852049492260116
-0.6807,-9.942591015451477
-0.6817000000000001,-9.886002563456877
-0.6827,-10.157627133030964
-0.6837000000000001,-10.18733607032813
-0.6847,-10.345783735913013
-0.6857000000000001,-10.582040522990475
-0.6867,-10.655605510583456
-0.6877000000000001,-10.889032875061186
-0.6887,-10.969671419153494
-0.6897000000000001,-11.13094850733811
-0.6907,-11.440770282008552
-0.6917000000000001,-11.388425963913546
-0.6927,-11.616194483191816
-0.6937000000000001,-11.672782935186419
-0.6947,-11.96562817425848
-0.6957000000000001,-12.129734685042823
-0.6967,-12.234423321232837
-0.6977000000000001,-12.34760022522204
-0.6987,-12.349014936521906
-0.6997000000000001,-12.593759991398557
-0.7007,-12.822943221976692
-0.7017000000000001,-13.030905783056852
-0.7027,-13.245941900636339
-0.7037000000000001,-13.503419357211776
-0.7047,-13.67601413579531
-0.7057000000000001,-13.7127966295918
-0.7067,-13.772214504186131
-0.7077000000000001,-14.175407224647667
-0.7087,-14.359319693630123
-0.7097000000000001,-14.61396772760583
-0.7107,-14.71299751859638
-0.7117000000000001,-14.939351326574789
-0.7127,-15.123263795557243
-0.7137000000000001,-15.349617603535648
-0.7147,-15.505235846520803
-0.7157000000000001,-15.689148315503255
-0.7167,-15.929649236480316
-0.7177000000000001,-16.170150157457368
-0.7187,-16.410651078434423
-0.7197000000000001,-16.693593338407435
-0.7207,-16.891652920388537
-0.7217000000000001,-16.90580003338719
-0.7227,-17.231183632356142
-0.7237000000000001,-17.542420118326454
-0.7247,-17.683891248312957
-0.7257000000000001,-18.10830463827247
-0.7267,-18.221481542261674
-0.7277000000000001,-18.433688237241427
-0.7287,-18.645894932221182
-0.7297000000000001,-18.97127853119014
-0.7307,-19.31080924315775
-0.7317000000000001,-19.480574599141555
-0.7327,-19.820105311109163
-0.7337000000000001,-20.25866581406732
-0.7347,-20.48501962204573
-0.7357000000000001,-20.51331384804303
-0.7367,-20.85284456001064
-0.7376999999999999,-21.093345480987697
-0.7387,-21.61678866193776
-0.7396999999999999,-21.91387803490942
-0.7407,-22.324144311870278
-0.7416999999999999,-22.621233684841933
-0.7427,-22.72026347583249
-0.7436999999999999,-23.229559543783903
-0.7447,-23.54079602975421
-0.7456999999999999,-23.894473854720466
-0.7467,-24.40376992267188
-0.7476999999999999,-24.61597661765164
-0.7487,-24.969654442617898
-0.7496999999999999,-25.323332267584156
-0.7507,-25.60627452755716
-0.7516999999999999,-26.14386482150588
-0.7527,-26.525836872469437
-0.7536999999999999,-27.049280053419505
-0.7547,-27.261486748399253
-0.7556999999999999,-27.572723234369565
-0.7567,-28.06787218932233
-0.7576999999999999,-28.52057980527914
-0.7587,-28.80352206525215
-0.7596999999999999,-29.38355369819681
-0.7607,-29.62405461917387
-0.7616999999999999,-30.00602667013743
-0.7627,-30.50117562509019
-0.7636999999999999,-31.12364859703081
-0.7647,-31.46317930899841
-0.7656999999999999,-31.986622489948477
-0.7667,-32.39688876690934
-0.7676999999999999,-32.79300793087155
-0.7687,-33.45792224180811
-0.7696999999999999,-33.98136542275818
-0.7707,-34.4906614907096
-0.7716999999999999,-34.87263354167316
-0.7727,-35.226311366639415
-0.7736999999999999,-35.96196124256923
-0.7747,-36.61272844050715
-0.7757,-37.221054299449115
-0.7767000000000001,-37.77279170639648
-0.7777,-38.06988107936814
-0.7787000000000001,-38.763089616302004
-0.7797,-39.35726836224533
-0.7807000000000001,-40.02218267318189
-0.7817,-40.68709698411846
-0.7827000000000001,-41.43689397304693
-0.7837,-41.80471891101183
-0.7847000000000001,-42.653545690930855
-0.7857,-43.219430210876865
-0.7867000000000001,-43.81360895682018
-0.7877,-44.563405945748656
-0.7887000000000001,-45.28490870867982
-0.7897,-45.78005766363259
-0.7907000000000001,-46.44497197456916
-0.7917,-47.053297833511124
-0.7927000000000001,-47.71821214444768
-0.7937,-48.48215624637481
-0.7947000000000001,-49.03389365332217
-0.7957,-49.656366625262784
-0.7967000000000001,-50.42031072718991
-0.7977,-51.14181349012107
-0.7987000000000001,-51.8774633660509
-0.7997,-52.528230563988814
-0.8007000000000001,-53.094115083934824
-0.8017,-53.985383202849796
-0.8027000000000001,-55.046416677748574
-0.8037,-55.838655005673
-0.8047000000000001,-56.786511576582576
-0.8057,-57.53630856551105
-0.8067000000000001,-58.14463442445301
-0.8077,-59.035902543367975
-0.8087000000000001,-59.842287984291055
-0.8097,-60.818438781197926
-0.8107000000000001,-61.455058866137186
-0.8117,-62.006796273084554
-0.8127000000000001,-62.88391727900089
-0.8137,-63.930803640901004
-0.8147000000000001,-64.85036598581328
-0.8157,-65.6991927657323
-0.8167000000000001,-66.67534356263918
-0.8177,-67.22708096958654
-0.8187000000000001,-68.21737887949207
-0.8197,-69.08035277240974
-0.8207000000000001,-69.8301497613382
-0.8217,-70.67897654125723
-0.8227000000000001,-71.69756867716005
-0.8237,-72.60298390907369
-0.8247000000000001,-73.62157604497652
-0.8257,-74.45625571189689
-0.8267000000000001,-75.29093537881725
-0.8277,-76.28123328872279
-0.8287000000000001,-77.41300232861481
-0.8297,-78.30427044752979
-0.8307000000000001,-79.22383279244205
-0.8317,-80.36974894533273
-0.8327000000000001,-81.37419396823692
-0.8337,-82.42108033013703
-0.8347000000000001,-83.36893690104661
-0.8357,-84.45826460194269
-0.8367000000000001,-85.42026828585092
-0.8377,-86.38227196975915
-0.8387000000000001,-87.31598142767007
-0.8397,-88.32042645057423
-0.8407000000000001,-89.46634260346492
-0.8417,-90.47078762636909
-0.8427000000000001,-91.36205574528407
-0.8437,-92.4938247851761
-0.8447000000000001,-93.38509290409107
-0.8457,-94.5734503959777
-0.8467000000000001,-95.35154161090348
-0.8477,-96.0871914868333
-0.8487000000000001,-97.17651918772938
-0.8497,-98.1102286456403
-0.8507000000000001,-99.17126212053905
-0.8517,-100.07667735245269
-0.8527000000000001,-100.98209258436633
-0.8537,-102.34021543223676
-0.8547000000000001,-103.37295468113824
-0.8557,-104.12275167006669
-0.8567000000000001,-105.33940338795064
-0.8577,-106.41458397584806
-0.8587000000000001,-107.65952991972928
-0.8597,-108.4234740216564
-0.8607000000000001,-109.34303636656868
-0.8617,-110.54554097145396
-0.8626999999999999,-111.63486867235005
-0.8637,-112.80907905123803
-0.8646999999999999,-113.62961160515974
-0.8657,-114.84626332304367
-0.8666999999999999,-116.03462081493029
-0.8677,-117.0390658378345
-0.8686999999999999,-118.01521663474136
-0.8697,-119.06210299664149
-0.8706999999999999,-120.25046048852812
-0.8717,-121.31149396342688
-0.8726999999999999,-122.2734976473351
-0.8737,-123.1930599922474
-0.8746999999999999,-124.40971171013132
-0.8757,-125.35756828104091
-0.8766999999999999,-126.41860175593966
-0.8777,-127.26742853585871
-0.8786999999999999,-128.45578602774532
-0.8797,-129.55926084164005
-0.8806999999999999,-130.47882318655235
-0.8817,-131.44082687046057
-0.8826999999999999,-132.3462421023742
-0.8837,-133.49215825526485
-0.8846999999999999,-134.41172060017715
-0.8857,-135.2181060411002
-0.8866999999999999,-135.76984344804757
-0.8857,-135.07663491111367
-0.8846999999999999,-134.29854369618792
-0.8837,-133.43556980327025
-0.8826999999999999,-132.6857728143418
-0.8817,-131.87938737341872
-0.8806999999999999,-131.05885481949701
-0.8797,-130.19588092657932
-0.8786999999999999,-129.4602310506495
-0.8777,-128.68213983572375
-0.8766999999999999,-127.88990150779931
-0.8757,-126.88545648489513
-0.8746999999999999,-126.03662970497612
-0.8737,-124.91900777808273
-0.8726999999999999,-124.15506367615562
-0.8717,-123.10817731425549
-0.8706999999999999,-122.54229279430947
-0.8697,-121.66517178839315
-0.8686999999999999,-120.97196325145929
-0.8677,-120.30704894052272
-0.8666999999999999,-119.16113278763203
-0.8657,-118.35474734670898
-0.8646999999999999,-117.83130416575891
-0.8637,-116.99662449883853
-0.8626999999999999,-116.16194483191815
-0.8617,-115.15749980901398
-0.8607000000000001,-114.40770282008553
-0.8597,-113.57302315316515
-0.8587000000000001,-112.73834348624479
-0.8577,-111.76219268933791
-0.8567000000000001,-111.05483703940537
-0.8557,-110.1918631464877
-0.8547000000000001,-109.59768440054441
-0.8537,-108.5932393776402
-0.8527000000000001,-107.92832506670365
-0.8517,-107.20682230377247
-0.8507000000000001,-106.49946665383996
-0.8497,-105.69308121291688
-0.8487000000000001,-104.97157844998573
-0.8477,-104.27836991305185
-0.8467000000000001,-103.54272003712204
-0.8457,-102.73633459619896
-0.8447000000000001,-102.02897894626645
-0.8437,-101.25088773134068
-0.8427000000000001,-100.60012053340276
-0.8417,-99.5107928325067
-0.8407000000000001,-98.49220069660386
-0.8397,-97.58678546469022
-0.8387000000000001,-96.73795868477121
-0.8377,-95.86083767885488
-0.8367000000000001,-94.77150997795881
-0.8357,-93.93683031103843
-0.8347000000000001,-93.27191600010187
-0.8337,-92.70603148015586
-0.8327000000000001,-91.80061624824224
-0.8317,-90.92349524232591
-0.8307000000000001,-90.21613959239339
-0.8297,-89.66440218544602
-0.8287000000000001,-88.7872811795297
-0.8277,-87.98089573860662
-0.8267000000000001,-87.20280452368085
-0.8257,-86.5378902127443
-0.8247000000000001,-85.74565188481988
-0.8237,-85.17976736487385
-0.8227000000000001,-84.14702811597239
-0.8217,-83.65187916101961
-0.8207000000000001,-83.04355330207765
-0.8197,-82.27960920015053
-0.8187000000000001,-81.82690158419373
-0.8177,-80.73757388329766
-0.8167000000000001,-79.93118844237456
-0.8157,-79.22383279244205
-0.8147000000000001,-78.6155069335001
-0.8137,-77.95059262256353
-0.8127000000000001,-77.2715311986283
-0.8117,-76.23879194972683
-0.8107000000000001,-75.53143629979431
-0.8097,-74.93725755385098
-0.8087000000000001,-74.34307880790767
-0.8077,-73.50839914098731
-0.8067000000000001,-72.8293377170521
-0.8057,-72.00880516313036
-0.8047000000000001,-71.47121486918165
-0.8037,-70.66482942825859
-0.8027000000000001,-70.01406223032066
-0.8017,-69.5189132753679
-0.8007000000000001,-68.78326339943808
-0.7997,-68.04761352350828
-0.7987000000000001,-67.3826992125717
-0.7977,-66.59046088464727
-0.7967000000000001,-66.33581285067157
-0.7957,-65.5860158617431
-0.7947000000000001,-64.75133619482273
-0.7937,-64.0722747708875
-0.7927000000000001,-63.76103828491719
-0.7917,-63.22344799096849
-0.7907000000000001,-62.72829903601572
-0.7897,-62.16241451606972
-0.7887000000000001,-61.455058866137186
-0.7877,-61.15796949316553
-0.7867000000000001,-60.49305518222897
-0.7857,-60.19596580925731
-0.7847000000000001,-59.304697690342344
-0.7837,-58.51245936241792
-0.7827000000000001,-57.974869068469204
-0.7817,-57.43727877452049
-0.7807000000000001,-56.88554136757313
-0.7797,-56.37624529962171
-0.7787000000000001,-55.7820665536784
-0.7777,-55.10300512974318
-0.7767000000000001,-54.537120609797164
-0.7757,-54.02782454184575
-0.7747,-53.56096981289029
-0.7736999999999999,-52.853614162957776
-0.7727,-52.25943541701445
-0.7716999999999999,-51.665256671071134
-0.7707,-51.09937215112513
-0.7696999999999999,-50.63251742216966
-0.7687,-50.20810403221015
-0.7676999999999999,-49.642219512264134
-0.7667,-49.062187879319474
-0.7656999999999999,-48.567038924366706
-0.7647,-48.26994955139505
-0.7636999999999999,-47.67577080545174
-0.7627,-47.13818051150302
-0.7616999999999999,-46.69962000854486
-0.7607,-46.24691239258805
-0.7596999999999999,-45.53955674265553
-0.7587,-45.086849126698716
-0.7576999999999999,-44.775612640728404
-0.7567,-44.2097281207824
-0.7556999999999999,-43.58725514884178
-0.7547,-43.23357732387552
-0.7536999999999999,-42.72428125592411
-0.7527,-41.98863137999429
-0.7516999999999999,-41.70568912002128
-0.7507,-41.22468727806717
-0.7496999999999999,-40.715391210115754
-0.7487,-40.503184515136
-0.7476999999999999,-39.90900576919269
-0.7467,-39.654357735216976
-0.7456999999999999,-39.116767441268266
-0.7447,-38.5084415823263
-0.7436999999999999,-38.23964643535194
-0.7427,-37.85767438438838
-0.7416999999999999,-37.136171621457216
-0.7407,-36.92396492647745
-0.7396999999999999,-36.5136986495166
-0.7387,-36.10343237255574
-0.7376999999999999,-35.55169496560837
-0.7367,-35.07069312365426
-0.7357000000000001,-34.7453095246853
-0.7347,-34.58969128170015
-0.7337000000000001,-34.236013456733886
-0.7327,-33.740864501781125
-0.7317000000000001,-33.09009730384321
-0.7307,-32.67983102688235
-0.7297000000000001,-32.56665412289314
-0.7287,-32.22712341092554
-0.7277000000000001,-31.76026868197007
-0.7267,-31.350002405009217
-0.7257000000000001,-31.010471693041605
-0.7247,-30.487028512091538
-0.7237000000000001,-30.11920357412663
-0.7227,-29.76552574916037
-0.7217000000000001,-29.567466167179266
-0.7207,-29.25622968120896
-0.7197000000000001,-28.987434534234602
-0.7187,-28.746933613257543
-0.7177000000000001,-28.478138466283188
-0.7167,-28.15275486731423
-0.7157000000000001,-27.544429008372262
-0.7147,-27.332222313392506
-0.7137000000000001,-27.120015618412754
-0.7127,-26.59657243746269
-0.7117000000000001,-26.370218629484285
-0.7107,-25.959952352523427
-0.7097000000000001,-25.747745657543668
-0.7087,-25.37992071957876
-0.7077000000000001,-24.9130659906233
-0.7067,-24.587682391654337
-0.7057000000000001,-24.37547569667458
-0.7047,-23.92276808071777
-0.7037000000000001,-23.696414272739364
-0.7027,-23.257853769781203
-0.7017000000000001,-23.1163826397947
-0.7007,-22.67782213683654
-0.6997000000000001,-22.210967407881075
-0.6987,-21.94217226090672
-0.6977000000000001,-21.68752422693101
-0.6967,-21.404581966958006
-0.6957000000000001,-21.22066949797555
-0.6947,-20.881138786007945
-0.6937000000000001,-20.75381476902009
-0.6927,-20.44257828304978
-0.6917000000000001,-20.315254266061928
-0.6907,-19.947429328097016
-0.6897000000000001,-19.919135102099716
-0.6887,-19.565457277133458
-0.6877000000000001,-19.353250582153702
-0.6867,-18.97127853119014
-0.6857000000000001,-18.88639585319824
-0.6847,-18.53271802823198
-0.6837000000000001,-18.44783535024008
-0.6827,-18.292217107254928
-0.6817000000000001,-17.980980621284615
-0.6807,-17.698038361311607
-0.6797000000000001,-17.40094898833995
-0.6787,-17.118006728366943
-0.6777000000000001,-16.99068271137909
-0.6767,-16.778476016399335
-0.6757000000000001,-16.580416434418233
-0.6747,-16.311621287443874
-0.6737000000000001,-16.22673860945197
-0.6727,-15.87306078448571
-0.6717000000000001,-15.70329542850191
-0.6707,-15.321323377538347
-0.6697000000000001,-15.10911668255859
-0.6687,-14.882762874580186
-0.6677000000000001,-14.826174422585586
-0.6667,-14.727144631595033
-0.6657000000000001,-14.557379275611227
-0.6647,-14.288584128636872
-0.6637000000000001,-13.967444663567507
-0.6627,-13.852853048278439
-0.6617000000000001,-13.717040763491397
-0.6607,-13.521810604110021
-0.6597000000000001,-13.219062385938905
-0.6587,-13.022417515257663
-0.6577000000000001,-13.036564628256313
-0.6567,-12.79181957337966
-0.6557000000000001,-12.697033916288705
-0.6547,-12.426824058014482
-0.6537000000000001,-12.310817731425548
-0.6527,-12.034949027951868
-0.6517000000000001,-11.999581245455241
-0.6507,-11.747762634079265
-0.6497,-11.58082670069519
-0.6486999999999999,-11.436526148108957
-0.6477,-11.254028390426367
-0.6466999999999999,-11.143680909036894
-0.6457,-10.920156523658218
-0.6446999999999999,-10.756050012873873
-0.6437,-10.574966966491148
-0.6426999999999999,-10.52403735969601
-0.6417,-10.325977777714902
-0.6406999999999999,-10.372663250610449
-0.6397,-10.112356371435283
-0.6386999999999999,-9.953908705850399
-0.6377,-9.884587852157011
-0.6366999999999999,-9.61437799388279
-0.6357,-9.59740145828441
-0.6346999999999999,-9.346997558208297
-0.6337,-9.269188436715721
-0.6326999999999999,-9.170158645725168
-0.6317,-9.001808001041228
-0.6306999999999999,-8.929657724748111
-0.6297,-8.840530912856615
-0.6286999999999999,-8.67642440207227
-0.6277,-8.652374309974565
-0.6266999999999999,-8.46846184099211
-0.6257,-8.329820133605336
-0.6246999999999999,-8.124686995124907
-0.6237,-7.998777689436918
-0.6226999999999999,-7.967654040839887
-0.6217,-7.745544366761076
-0.6206999999999999,-7.70451773906499
-0.6197,-7.6069026593743025
-0.6186999999999999,-7.461187395488204
-0.6177,-7.458357972888473
-0.6166999999999999,-7.340936934999675
-0.6157,-7.142877353018569
-0.6146999999999999,-7.189562825914116
-0.6137,-7.070727076725453
-0.6126999999999999,-6.987259110033416
-0.6117,-6.7212933856587895
-0.6107000000000001,-6.657631377164862
-0.6097,-6.578407544372421
-0.6087000000000001,-6.448254104784837
-0.6077,-6.427033435286861
-0.6067000000000001,-6.39025094149037
-0.6057,-6.193606070809131
-0.6047000000000001,-6.1709706900112895
-0.6037,-6.115796949316553
-0.6027000000000001,-5.981399375829374
-0.6017,-5.96583755153086
-0.6007000000000001,-5.861148915340847
-0.5997,-5.7309954757532635
-0.5987000000000001,-5.705530672355693
-0.5977,-5.6065008813651405
-0.5967000000000001,-5.407026588084171
-0.5957,-5.4169295671832245
-0.5947000000000001,-5.361755826488489
-0.5937,-5.204722872203471
-0.5927000000000001,-5.073154721316022
-0.5917,-5.091545968214268
-0.5907000000000001,-5.085887123014808
-0.5897,-4.924610034830192
-0.5887000000000001,-4.863777448935997
-0.5877,-4.84821562463748
-0.5867000000000001,-4.783138904843689
-0.5857,-4.733624009348413
-0.5847000000000001,-4.6742061347540815
-0.5837,-4.565273364664473
-0.5827000000000001,-4.525661448268252
-0.5817,-4.454925883275001
-0.5807000000000001,-4.313454753288497
-0.5797,-4.295063506390251
-0.5787000000000001,-4.231401497896325
-0.5777,-4.1833013137009125
-0.5767000000000001,-4.094174501809416
-0.5757,-4.026268359415894
-0.5747000000000001,-3.9244091458256123
-0.5737,-3.869235405130875
-0.5727000000000001,-3.835282333934114
-0.5717,-3.819720509635599
-0.5707000000000001,-3.7631320576409975
-0.5697,-3.707958316946261
-0.5687000000000001,-3.641466885852605
-0.5677,-3.6513698649516595
-0.5667000000000001,-3.4801897976679905
-0.5657,-3.4066248100750083
-0.5647000000000001,-3.352865780680137
-0.5637,-3.313253864283916
-0.5627000000000001,-3.28637434958648
-0.5617,-3.27788608178729
-0.5607000000000001,-3.249591855789989
-0.5597,-3.1548061986990317
-0.5587000000000001,-3.0996324580042955
-0.5577,-3.0727529433068597
-0.5567000000000001,-3.0515322738088844
-0.5557,-2.9058170099227856
-0.5547000000000001,-2.897328742123595
-0.5537,-2.8294225997300737
-0.5527000000000001,-2.8265931771303436
-0.5517,-2.8025430850326374
-0.5507000000000001,-2.765760591236147
-0.5497,-2.648339553347349
-0.5487000000000001,-2.6228747499497778
-0.5477,-2.6115570595508575
-0.5467000000000001,-2.557798030155986
-0.5457,-2.557798030155986
-0.5447000000000001,-2.5606274527557162
-0.5437,-2.468671218264489
-0.5427000000000001,-2.433303435767863
-0.5417,-2.4007650758709675
-0.5407000000000001,-2.362567870774611
-0.5397,-2.2875881718817643
-0.5387000000000001,-2.2776851927827093
-0.5377,-2.2366585650866226
-0.5367000000000001,-2.201290782589997
-0.5357,-2.204120205189727
-0.5347000000000001,-2.1701671339929662
-0.5337,-2.1475317531951257
-0.5327000000000001,-2.0866991673009294
-0.5317,-2.040013694405383
-0.5307000000000001,-2.001816489309027
-0.5297,-1.959375150313076
-0.5287000000000001,-1.9098602548177994
-0.5277,-1.9070308322180693
-0.5267000000000001,-1.890054296619689
-0.5257,-1.8447835350240078
-0.5247,-1.8278069994256272
-0.5236999999999999,-1.7980980621284617
-0.5227,-1.7896097943292715
-0.5216999999999999,-1.7245330745354797
-0.5207,-1.6736034677403384
-0.5196999999999999,-1.690580003338719
-0.5187,-1.6637004886412832
-0.5176999999999999,-1.643894530443173
-0.5167,-1.6071120366466816
-0.5156999999999999,-1.5491088733522151
-0.5147,-1.5321323377538347
-0.5136999999999999,-1.5137410908555893
-0.5127,-1.5094969569559942
-0.5116999999999999,-1.471299751859638
-0.5107,-1.4642261953603128
-0.5096999999999999,-1.4472496597619326
-0.5087,-1.4288584128636872
-0.5076999999999999,-1.405515676415914
-0.5067,-1.3612352127301384
-0.5056999999999999,-1.347371041991461
-0.5047,-1.331950688822932
-0.5036999999999999,-1.3025246937857393
-0.5027,-1.2933290703366165
-0.5016999999999999,-1.2712595740587218
-0.5007,-1.237589445121934
-0.4996999999999999,-1.2023631337552947
-0.49870000000000003,-1.1938748659561045
-0.4976999999999999,-1.180010695217427
-0.49670000000000003,-1.156385016509681
-0.4956999999999999,-1.1331837511918943
-0.49470000000000003,-1.0969671419153495
-0.4936999999999999,-1.0700876272179138
-0.4927,-1.0649946665383996
-0.4916999999999999,-1.038963978620883
-0.4907,-1.038963978620883
-0.4896999999999999,-1.0297683551717602
-0.4887,-1.000766773524527
-0.4876999999999999,-0.9693601826675232
-0.4867,-0.9512518780292506
-0.48570000000000013,-0.931728862091113
-0.4847,-0.9223917675120039
-0.48370000000000013,-0.9146108553627462
-0.4827,-0.9076787699934075
-0.48170000000000013,-0.8914095900449596
-0.4807,-0.8742915833165926
-0.4797000000000001,-0.8360943782202367
-0.4787,-0.8152981221122206
-0.4777000000000001,-0.8106295748226661
-0.4767,-0.7953506927841236
-0.4757000000000001,-0.7795059262256352
-0.4747,-0.7680467646967284
-0.4737000000000001,-0.7570120165577812
-0.4727,-0.7430063746891172
-0.4717000000000001,-0.7328204533300889
-0.4707,-0.7152780332117625
-0.4697000000000001,-0.7052335829827208
-0.4687,-0.7007065068231527
-0.4677000000000001,-0.6886814607742999
-0.4667,-0.6773637703753796
-0.4657000000000001,-0.6606701770369722
-0.4647,-0.6451083527384567
-0.4637000000000001,-0.6195020782108995
-0.4627,-0.6093161568518712
-0.4617000000000001,-0.5950275727232345
-0.4607,-0.5815878153745165
-0.4597000000000001,-0.57578749904507
-0.4587,-0.5684310002857718
-0.4577000000000001,-0.5551327140670403
-0.4567,-0.5431076680181876
-0.4557000000000001,-0.5262726035497938
-0.4547,-0.5175013934906304
-0.4537000000000001,-0.5070325298716292
-0.4527,-0.5061837030917101
-0.4517000000000001,-0.49104629218315415
-0.4507,-0.4829824377739235
-0.4497000000000001,-0.47689917918450386
-0.4487,-0.464308248615705
-0.4477000000000001,-0.45511262516658224
-0.4467,-0.44195581007783746
-0.4457000000000001,-0.4254036878694165
-0.4447,-0.4242719188295245
-0.4437000000000001,-0.4111151037407797
-0.4427,-0.4020609514216434
-0.4417000000000001,-0.3956947505722508
-0.4407,-0.386499127123128
-0.4397000000000001,-0.38055733966369487
-0.4387,-0.366268755535058
-0.4377000000000001,-0.3589122567757598
-0.4367,-0.3519801714064211
-0.4357000000000001,-0.34391631699719044
-0.4347,-0.3344377512880947
-0.4337000000000001,-0.3239688876690934
-0.4327,-0.31930034037953875
-0.4317000000000001,-0.31236825501020005
-0.43069999999999997,-0.30458734286094236
-0.4297000000000001,-0.29949438218142826
-0.42869999999999997,-0.2888840474324405
-0.4277000000000001,-0.29058170099227854
-0.42669999999999997,-0.27841518381343927
-0.4257000000000001,-0.2765760591236147
-0.42469999999999997,-0.2625704172549508
-0.4237000000000001,-0.2547895051056931
-0.42269999999999996,-0.25068684233608446
-0.4217000000000001,-0.2423400456668808
-0.42069999999999996,-0.2354079602975421
-0.4197000000000001,-0.23045647074801448
-0.41869999999999996,-0.21970466486904017
-0.41770000000000007,-0.2164508288793506
-0.41669999999999996,-0.21121639706985
-0.41570000000000007,-0.20598196526034934
-0.41469999999999996,-0.20301107153063278
-0.41370000000000007,-0.1936739769515235
-0.41269999999999996,-0.1890054296619689
-0.41170000000000007,-0.18660042045219835
-0.41069999999999995,-0.18009274847281917
-0.40970000000000006,-0.17202889406358848
-0.40869999999999995,-0.16354062626439822
-0.40770000000000006,-0.16537975095422278
-0.40669999999999995,-0.15590118524512703
-0.40570000000000006,-0.15448647394526202
-0.40469999999999995,-0.1510911668255859
-0.40370000000000006,-0.14458349484620675
-0.40269999999999995,-0.14108915793554008
-0.40170000000000006,-0.13731187876490047
-0.40069999999999995,-0.13284139105732695
-0.39970000000000006,-0.12824357933276556
-0.39869999999999994,-0.12460777129211242
-0.39770000000000005,-0.12210373229135131
-0.39669999999999994,-0.11694003604684394
-0.39570000000000005,-0.11163486867235005
-0.39469999999999994,-0.1081405317616834
-0.39370000000000005,-0.09726140186572127
-0.39269999999999994,-0.09767166814268213
-0.39170000000000005,-0.09334265156509512
-0.39069999999999994,-0.08972099063744063
-0.38970000000000005,-0.08679253824672
-0.38869999999999993,-0.08441582326294673
-0.38770000000000004,-0.0813458997422396
-0.38669999999999993,-0.08008680668535972
-0.38570000000000004,-0.07534752383081185
-0.38469999999999993,-0.07018382758630445
-0.38370000000000004,-0.06528892648877145
-0.38269999999999993,-0.06626507728567832
-0.38170000000000004,-0.0598564350972897
-0.3806999999999999,-0.05607915592665005
-0.37970000000000004,-0.05831439978043681
-0.3786999999999999,-0.05119840194211568
-0.37770000000000004,-0.05063251742216966
-0.3766999999999999,-0.04491708377071492
-0.37570000000000003,-0.04268183991692816
-0.3746999999999999,-0.04323357732387552
-0.37370000000000003,-0.03709373028246127
-0.3726999999999999,-0.03709373028246127
-0.37170000000000003,-0.032071505167940384
-0.3706999999999999,-0.029143052777219756
-0.36970000000000003,-0.02802543085032638
-0.3686999999999999,-0.022437321215859483
-0.3677,-0.02453109393965974
-0.3666999999999999,-0.018674189158218484
-0.3657,-0.02119237527197825
-0.3646999999999999,-0.018674189158218484
-0.3637,-0.015604265637511355
-0.3626999999999999,-0.013231794787637688
-0.3617,-0.006531722071476874
-0.36070000000000013,-0.007509287579683614
-0.3597,-0.007928042124443665
-0.35870000000000013,-0.0029029875873230553
-0.3577,-0.0036004402581565186
-0.35670000000000013,0.0005862563626640711
-0.3557,0.0010048694362941356
-0.3547000000000001,0.002400765075870967
-0.3537,0.005889443141338148
-0.3527000000000001,0.006588310523471475
-0.3517,0.0061695559787114254
-0.3507000000000001,0.0127295722761856
-0.3497,0.011611950349292221
-0.3487000000000001,0.014401761032626074
-0.3477,0.013985835910465752
-0.3467000000000001,0.01887224874019959
-0.3457,0.01691994714638584
-0.3447000000000001,0.019565457277133456
-0.3437,0.0232012653177866
-0.3427000000000001,0.024318887244679982
-0.3417,0.02627118883849373
-0.3407000000000001,0.0269643973754276
-0.3397,0.02738881076538711
-0.3387000000000001,0.029892849766148224
-0.3377,0.029199641229214358
-0.3367000000000001,0.03324571554682836
-0.3357,0.03282130215686885
-0.3347000000000001,0.032552507009894496
-0.3337,0.03548095940061512
-0.3327000000000001,0.03548095940061512
-0.3317,0.03450480860370824
-0.3307000000000001,0.039527033718229125
-0.3297,0.03910262032826961
-0.3287000000000001,0.03980997597820213
-0.3277,0.03938556258824262
-0.3267000000000001,0.04119639305206987
-0.3257,0.04343163690585663
-0.3247000000000001,0.04259695723893625
-0.3237,0.048736804280350515
-0.3227000000000001,0.04343163690585663
-0.3217,0.046232765279589395
-0.3207000000000001,0.04859533315036401
-0.3197,0.04804359574341665
-0.3187000000000001,0.049854426207243896
-0.3177,0.051113519264123775
-0.3167000000000001,0.05306582085793753
-0.3157,0.05208967006103065
-0.3147000000000001,0.05446638504480392
-0.3137,0.05711189517555153
-0.3127000000000001,0.05349023424789704
-0.3117,0.05530106471172429
-0.3107000000000001,0.05808804597245841
-0.3097,0.05822951710244491
-0.3087000000000001,0.05879540162239092
-0.3077,0.059771552419297796
-0.3067000000000001,0.057946574842471905
-0.30569999999999997,0.05808804597245841
-0.3047000000000001,0.059771552419297796
-0.30369999999999997,0.06325174221696579
-0.3027000000000001,0.0596300812893113
-0.30169999999999997,0.06270000481001843
-0.3007000000000001,0.062275591420058916
-0.29969999999999997,0.06186532514309807
-0.2987000000000001,0.06715634540459328
-0.29769999999999996,0.06325174221696579
-0.2967000000000001,0.06436936414385917
-0.29569999999999996,0.06715634540459328
-0.2947000000000001,0.06408642188388616
-0.29369999999999996,0.06827396733148668
-0.29270000000000007,0.06743928766456629
-0.29169999999999996,0.06465230640383217
-0.29070000000000007,0.07009894490831257
-0.28969999999999996,0.0675807587945528
-0.28870000000000007,0.07009894490831257
-0.28769999999999996,0.06605287059069856
-0.28670000000000007,0.0716268331121668
-0.28569999999999995,0.0716268331121668
-0.28470000000000006,0.06981600264833956
-0.28369999999999995,0.07442796148589957
-0.28270000000000006,0.07009894490831257
-0.28169999999999995,0.07246151277908719
-0.28070000000000006,0.07442796148589957
-0.27969999999999995,0.07260298390907369
-0.27870000000000006,0.07386207696595355
-0.27769999999999995,0.07190977537213981
-0.27670000000000006,0.0773564138766202
-0.27569999999999995,0.0733103395590062
-0.27470000000000006,0.0730273972990332
-0.27369999999999994,0.0770734716166472
-0.27270000000000005,0.07469675663287394
-0.27169999999999994,0.0728859261690467
-0.27070000000000005,0.07553143629979431
-0.26969999999999994,0.07762520902359457
-0.26870000000000005,0.07804962241355407
-0.26769999999999994,0.07790815128356757
-0.26670000000000005,0.0774978850066067
-0.26569999999999994,0.08000192400736782
-0.26470000000000005,0.07483822776286045
-0.26369999999999993,0.08168543045420722
-0.26270000000000004,0.07902577321046096
-0.26169999999999993,0.08000192400736782
-0.26070000000000004,0.07833256467352707
-0.25969999999999993,0.0772149427466337
-0.25870000000000004,0.08126101706424771
-0.25769999999999993,0.07959165773040697
-0.25670000000000004,0.07902577321046096
-0.2556999999999999,0.08056780852731382
-0.25470000000000004,0.07930871547043396
-0.2536999999999999,0.08349626091803447
-0.25270000000000004,0.08014339513735433
-0.2516999999999999,0.08056780852731382
-0.25070000000000003,0.08083660367428819
-0.24969999999999992,0.07959165773040697
-0.24870000000000003,0.08475535397491435
-0.24769999999999992,0.08404799832498183
-0.24670000000000003,0.08223716786115459
-0.24569999999999992,0.08321331865806145
-0.24470000000000003,0.08028486626734083
-0.24369999999999992,0.08656618443874159
-0.24270000000000003,0.08252011012112759
-0.24169999999999991,0.08335478978804794
-0.24070000000000003,0.08573150477182122
-0.2396999999999999,0.0826615812511141
-0.23870000000000002,0.08404799832498183
-0.2376999999999999,0.08447241171494134
-0.23670000000000002,0.08418946945496834
-0.23570000000000013,0.08587297590180773
-0.23470000000000002,0.08782527749562147
-0.23370000000000013,0.08656618443874159
-0.23270000000000002,0.08530709138186171
-0.23170000000000013,0.08711792184568896
-0.23070000000000002,0.0868491266987146
-0.22970000000000013,0.08516562025187521
-0.22870000000000001,0.08754233523564847
-0.22770000000000012,0.0868491266987146
-0.2267,0.08880142829252836
-0.22570000000000012,0.0868491266987146
-0.2247,0.08642471330875509
-0.22370000000000012,0.08977757908943522
-0.2227,0.08502414912188871
-0.22170000000000012,0.08740086410566196
-0.2207,0.08865995716254185
-0.21970000000000012,0.08642471330875509
-0.2187,0.09130546729328948
-0.21770000000000012,0.08697645071570247
-0.2167,0.08907022343950272
-0.2157000000000001,0.08949463682946222
-0.2147,0.09006052134940823
-0.2137000000000001,0.09313044487011536
-0.2127,0.09089520101632861
-0.2117000000000001,0.08963610795944872
-0.2107,0.09158840955326249
-0.2097000000000001,0.09215429407320849
-0.2087,0.09325776888710322
-0.2077000000000001,0.09116399616330297
-0.2067,0.09187135181323548
-0.2057000000000001,0.09130546729328948
-0.2047,0.09242308922018284
-0.2037000000000001,0.09368218227706274
-0.2027,0.09172988068324898
-0.2017000000000001,0.09410659566702224
-0.2007,0.09284750261014235
-0.1997000000000001,0.09339924001708971
-0.1987,0.09256456035016934
-0.1977000000000001,0.09256456035016934
-0.19669999999999999,0.09242308922018284
-0.1957000000000001,0.09646916353779686
-0.19469999999999998,0.09368218227706274
-0.1937000000000001,0.09632769240781036
-0.19269999999999998,0.09158840955326249
-0.1917000000000001,0.096058897260836
-0.1907000000000001,0.096058897260836
-0.1897000000000002,0.09479980420395612
-0.1887000000000001,0.09577595500086299
-0.1877000000000002,0.09689357692775637
-0.1867000000000001,0.09577595500086299
-0.1857000000000002,0.09313044487011536
-0.1847000000000001,0.096058897260836
-0.1837000000000002,0.09801119885464975
-0.18270000000000008,0.09368218227706274
-0.1817000000000002,0.09717651918772936
-0.18070000000000008,0.09563448387087647
-0.1797000000000002,0.09661063466778336
-0.17870000000000008,0.09898734965155662
-0.1777000000000002,0.09423391968401008
-0.17670000000000008,0.10065670898539736
-0.1757000000000002,0.09968055818849049
-0.17470000000000008,0.09591742613084948
-0.1737000000000002,0.09856293626159711
-0.17270000000000008,0.09632769240781036
-0.17170000000000019,0.09856293626159711
-0.17070000000000007,0.09953908705850398
-0.16970000000000018,0.09717651918772936
-0.16870000000000007,0.10177433091229074
-0.16770000000000018,0.09829414111462276
-0.16670000000000007,0.10191580204227724
-0.16570000000000018,0.09927029191152963
-0.16470000000000007,0.0984214651316106
-0.16370000000000018,0.10122259350534336
-0.16270000000000007,0.09898734965155662
-0.16170000000000018,0.09941176304151612
-0.16070000000000007,0.10234021543223674
-0.15970000000000018,0.10136406463532988
-0.15870000000000006,0.10205727317226375
-0.15770000000000017,0.10219874430225025
-0.15670000000000006,0.10331636622914364
-0.15570000000000017,0.10400957476607749
-0.15470000000000006,0.10065670898539736
-0.15370000000000017,0.10498572556298437
-0.15270000000000006,0.10303342396917063
-0.15170000000000017,0.10219874430225025
-0.15070000000000006,0.104433988156037
-0.14970000000000017,0.10457545928602352
-0.14870000000000005,0.10819712021367801
-0.14770000000000016,0.10177433091229074
-0.14670000000000005,0.10567893409991824
-0.14570000000000016,0.10457545928602352
-0.14470000000000005,0.10317489509915713
-0.14370000000000016,0.10764538280673064
-0.14270000000000005,0.10345783735913014
-0.14170000000000016,0.10567893409991824
-0.14070000000000005,0.10707949828678462
-0.13970000000000016,0.10582040522990475
-0.13870000000000005,0.10833859134366451
-0.13770000000000016,0.10555161008293039
-0.13670000000000004,0.10903179988059837
-0.13570000000000015,0.1094562132705579
-0.13470000000000004,0.10833859134366451
-0.13370000000000015,0.10903179988059837
-0.13270000000000004,0.10722096941677112
-0.13170000000000015,0.11112557260439863
-0.13070000000000004,0.10791417795370499
-0.12970000000000015,0.1094562132705579
-0.12870000000000004,0.11154998599435814
-0.12770000000000015,0.11071530632743777
-0.12670000000000003,0.1093147421405714
-0.12570000000000014,0.11154998599435814
-0.12470000000000003,0.10736244054675763
-0.12370000000000014,0.11392670097813141
-0.12270000000000003,0.11210172340130552
-0.12170000000000014,0.11504432290502477
-0.12070000000000003,0.11350228758817188
-0.11970000000000014,0.11154998599435814
-0.11870000000000003,0.1136437587181584
-0.11770000000000014,0.11461990951506526
-0.11670000000000003,0.11419549612510577
-0.11570000000000014,0.11671368223886554
-0.11470000000000002,0.11126704373438513
-0.11370000000000013,0.11894892609265229
-0.11270000000000002,0.11559606031197216
-0.11170000000000013,0.11866598383267928
-0.11070000000000024,0.11866598383267928
-0.10970000000000013,0.11964213462958616
-0.10870000000000024,0.1223017918733324
-0.10770000000000013,0.11685515336885204
-0.10670000000000024,0.11950066349959966
-0.10570000000000013,0.11880745496266579
-0.10470000000000024,0.12020801914953216
-0.10370000000000013,0.12159443622339991
-0.10270000000000024,0.11992507688955915
-0.10170000000000012,0.12257058702030678
-0.10070000000000023,0.1218773784833729
-0.09970000000000012,0.12159443622339991
-0.09870000000000023,0.12354673781721365
-0.09770000000000012,0.1218773784833729
-0.09670000000000023,0.1256405105410139
-0.09570000000000012,0.12382968007718667
-0.09470000000000023,0.12494730200408004
-0.09370000000000012,0.12773428326481415
-0.09270000000000023,0.12466435974410703
-0.09170000000000011,0.1266166613379208
-0.09070000000000022,0.12578198167100044
-0.08970000000000011,0.12592345280098693
-0.08870000000000022,0.1268996035978938
-0.08770000000000011,0.12941778971165355
-0.08670000000000022,0.1308042067855213
-0.08570000000000011,0.1296865848586279
-0.08470000000000022,0.1308042067855213
-0.08370000000000011,0.13332239289928105
-0.08270000000000022,0.13220477097238767
-0.0817000000000001,0.13178035758242818
-0.08070000000000022,0.13192182871241467
-0.0797000000000001,0.12941778971165355
-0.07870000000000021,0.13415707256620144
-0.0777000000000001,0.13165303356544034
-0.07670000000000021,0.1355576367530678
-0.0757000000000001,0.1366752586799612
-0.07470000000000021,0.1355576367530678
-0.0737000000000001,0.13834461801380196
-0.07270000000000021,0.13374680628924054
-0.0717000000000001,0.13793435173684107
-0.07070000000000021,0.1393207688107088
-0.0697000000000001,0.1391792976807223
-0.0687000000000002,0.1426028990263957
-0.0677000000000001,0.14002812446064133
-0.0667000000000002,0.1410042752575482
-0.06570000000000009,0.1423199567664227
-0.0647000000000002,0.14127307040452258
-0.06370000000000009,0.14401761032626076
-0.0627000000000002,0.1423199567664227
-0.06170000000000009,0.14712997518596382
-0.0607000000000002,0.14628114840604478
-0.059700000000000086,0.14543232162612577
-0.058700000000000196,0.14755438857592332
-0.057700000000000085,0.14571526388609876
-0.056700000000000195,0.14797880196588284
-0.05570000000000008,0.14953498439573437
-0.05470000000000019,0.14755438857592332
-0.05370000000000008,0.15363764716534298
-0.05270000000000019,0.14797880196588284
-0.05170000000000008,0.15278882038542396
-0.05070000000000019,0.1503838111756534
-0.04970000000000008,0.15363764716534298
-0.04870000000000019,0.1574573676749786
-0.047700000000000076,0.15363764716534298
-0.046700000000000186,0.155052358465208
-0.045700000000000074,0.15179852247551845
-0.044700000000000184,0.15675001202504607
-0.04370000000000007,0.15802325219492458
-0.04270000000000018,0.15476941620523502
-0.04170000000000007,0.1574573676749786
-0.04070000000000018,0.15759883880496509
-0.03970000000000007,0.15731589654499206
-0.03870000000000018,0.16113561705462764
-0.03770000000000007,0.16000384801473563
-0.03670000000000018,0.16085267479465465
-0.035700000000000065,0.1587306078448571
-0.034700000000000175,0.16354062626439822
-0.03370000000000006,0.16509680869424978
-0.03270000000000017,0.1615600304445872
-0.03170000000000006,0.16651151999411481
-0.03070000000000017,0.1666529911241013
-0.02970000000000006,0.16637004886412832
-0.02870000000000017,0.16778476016399335
-0.027700000000000058,0.16481386643427676
-0.026700000000000168,0.16792623129397988
-0.025700000000000056,0.1669359333840743
-0.024700000000000166,0.16750181790402036
-0.023700000000000054,0.17075565389370992
-0.022700000000000164,0.17018976937376393
-0.021700000000000053,0.173019191973494
-0.020700000000000163,0.17514125892329155
-0.01970000000000005,0.17033124050375043
-0.01870000000000016,0.1771218547431026
-0.01770000000000005,0.172736249713521
-0.01670000000000016,0.17429243214337253
-0.015700000000000047,0.173868018753413
-0.014700000000000157,0.1771218547431026
-0.013700000000000045,0.17867803717295414
-0.012700000000000156,0.17514125892329155
-0.011700000000000044,0.1782536237829946
-0.010700000000000154,0.17853656604296764
-0.009700000000000042,0.18108304638272468
-0.008700000000000152,0.18377099785246825
-0.00770000000000004,0.18179040203265723
-0.00670000000000015,0.18207334429263022
-0.005700000000000038,0.18094157525273818
-0.0047000000000001485,0.18207334429263022
-0.0037000000000000366,0.1860345359322523
-0.0027000000000001467,0.18207334429263022
-0.0017000000000000348,0.18702483384215784
-0.000700000000000145,0.1851857091523333
0.00029999999999996696,0.1861760070622388
0.0012999999999998568,0.18744924723211737
0.0022999999999999687,0.18716630497214437
0.0032999999999998586,0.18872248740199588
0.0042999999999999705,0.18858101627200938
0.00529999999999986,0.18829807401203638
0.006299999999999972,0.19042014096183393
0.007299999999999862,0.19070308322180693
0.008299999999999974,0.19254220791163149
0.009299999999999864,0.19395691921149652
0.010299999999999976,0.19070308322180693
0.011299999999999866,0.19480574599141554
0.012299999999999978,0.19169338113171247
