June 26, 2026   00:37:30
Cyclic Voltammetry
File: c:/users/guazh/data/20260623_doe_duplica2/2026-06-24-exp10\exp10-2026-06-26t00_28_59-arkoh\exp10_cv_sr_900mvs_efin_-1400mv.bin
Data Source:  Experiment
Instrument Model:  CHI760E
Header: CV ran at 900 mVs
Note: 

Init E (V) = -1
High E (V) = -1
Low E (V) = -1.4
Final E (V) = -1
Init P/N = N
Scan Rate (V/s) = 0.9
Segment = 3
Sample Interval (V) = 0.001
Quiet Time (sec) = 2
Sensitivity (A/V) = 0.01
Comp R (ohm) = 1.4

Results:

Channel 1:
Segment 1:

Segment 2:

Segment 3:

Potential/V, Current/A

-1.000, 3.099e-5
-1.001, 1.481e-4
-1.002, 2.499e-4
-1.003, 3.424e-4
-1.004, 4.256e-4
-1.005, 4.965e-4
-1.006, 5.644e-4
-1.007, 6.229e-4
-1.008, 6.754e-4
-1.009, 7.247e-4
-1.010, 7.679e-4
-1.011, 8.079e-4
-1.012, 8.449e-4
-1.013, 8.788e-4
-1.014, 9.097e-4
-1.015, 9.374e-4
-1.016, 9.621e-4
-1.017, 9.837e-4
-1.018, 1.005e-3
-1.019, 1.024e-3
-1.020, 1.042e-3
-1.021, 1.058e-3
-1.022, 1.073e-3
-1.023, 1.088e-3
-1.024, 1.101e-3
-1.025, 1.113e-3
-1.026, 1.122e-3
-1.027, 1.132e-3
-1.028, 1.141e-3
-1.029, 1.147e-3
-1.030, 1.156e-3
-1.031, 1.162e-3
-1.032, 1.169e-3
-1.033, 1.175e-3
-1.034, 1.181e-3
-1.035, 1.187e-3
-1.036, 1.193e-3
-1.037, 1.196e-3
-1.038, 1.199e-3
-1.039, 1.203e-3
-1.040, 1.206e-3
-1.041, 1.209e-3
-1.042, 1.212e-3
-1.043, 1.215e-3
-1.044, 1.218e-3
-1.045, 1.221e-3
-1.046, 1.224e-3
-1.047, 1.227e-3
-1.048, 1.227e-3
-1.049, 1.230e-3
-1.050, 1.233e-3
-1.051, 1.236e-3
-1.052, 1.236e-3
-1.053, 1.240e-3
-1.054, 1.240e-3
-1.055, 1.243e-3
-1.056, 1.246e-3
-1.057, 1.249e-3
-1.058, 1.246e-3
-1.059, 1.249e-3
-1.060, 1.252e-3
-1.061, 1.252e-3
-1.062, 1.252e-3
-1.063, 1.255e-3
-1.064, 1.255e-3
-1.065, 1.258e-3
-1.066, 1.255e-3
-1.067, 1.258e-3
-1.068, 1.258e-3
-1.069, 1.261e-3
-1.070, 1.261e-3
-1.071, 1.261e-3
-1.072, 1.264e-3
-1.073, 1.264e-3
-1.074, 1.264e-3
-1.075, 1.267e-3
-1.076, 1.270e-3
-1.077, 1.270e-3
-1.078, 1.270e-3
-1.079, 1.270e-3
-1.080, 1.273e-3
-1.081, 1.273e-3
-1.082, 1.273e-3
-1.083, 1.273e-3
-1.084, 1.277e-3
-1.085, 1.277e-3
-1.086, 1.277e-3
-1.087, 1.277e-3
-1.088, 1.277e-3
-1.089, 1.280e-3
-1.090, 1.280e-3
-1.091, 1.280e-3
-1.092, 1.280e-3
-1.093, 1.280e-3
-1.094, 1.283e-3
-1.095, 1.283e-3
-1.096, 1.283e-3
-1.097, 1.286e-3
-1.098, 1.283e-3
-1.099, 1.286e-3
-1.100, 1.286e-3
-1.101, 1.286e-3
-1.102, 1.286e-3
-1.103, 1.286e-3
-1.104, 1.286e-3
-1.105, 1.289e-3
-1.106, 1.289e-3
-1.107, 1.289e-3
-1.108, 1.289e-3
-1.109, 1.289e-3
-1.110, 1.292e-3
-1.111, 1.292e-3
-1.112, 1.292e-3
-1.113, 1.292e-3
-1.114, 1.295e-3
-1.115, 1.292e-3
-1.116, 1.295e-3
-1.117, 1.292e-3
-1.118, 1.295e-3
-1.119, 1.295e-3
-1.120, 1.295e-3
-1.121, 1.295e-3
-1.122, 1.295e-3
-1.123, 1.295e-3
-1.124, 1.295e-3
-1.125, 1.295e-3
-1.126, 1.295e-3
-1.127, 1.295e-3
-1.128, 1.295e-3
-1.129, 1.295e-3
-1.130, 1.295e-3
-1.131, 1.295e-3
-1.132, 1.295e-3
-1.133, 1.298e-3
-1.134, 1.295e-3
-1.135, 1.298e-3
-1.136, 1.298e-3
-1.137, 1.295e-3
-1.138, 1.298e-3
-1.139, 1.298e-3
-1.140, 1.295e-3
-1.141, 1.298e-3
-1.142, 1.298e-3
-1.143, 1.298e-3
-1.144, 1.298e-3
-1.145, 1.298e-3
-1.146, 1.298e-3
-1.147, 1.298e-3
-1.148, 1.298e-3
-1.149, 1.298e-3
-1.150, 1.298e-3
-1.151, 1.298e-3
-1.152, 1.298e-3
-1.153, 1.298e-3
-1.154, 1.298e-3
-1.155, 1.298e-3
-1.156, 1.298e-3
-1.157, 1.298e-3
-1.158, 1.298e-3
-1.159, 1.301e-3
-1.160, 1.298e-3
-1.161, 1.301e-3
-1.162, 1.301e-3
-1.163, 1.301e-3
-1.164, 1.304e-3
-1.165, 1.301e-3
-1.166, 1.301e-3
-1.167, 1.304e-3
-1.168, 1.304e-3
-1.169, 1.304e-3
-1.170, 1.304e-3
-1.171, 1.307e-3
-1.172, 1.310e-3
-1.173, 1.307e-3
-1.174, 1.310e-3
-1.175, 1.310e-3
-1.176, 1.310e-3
-1.177, 1.310e-3
-1.178, 1.314e-3
-1.179, 1.314e-3
-1.180, 1.314e-3
-1.181, 1.314e-3
-1.182, 1.317e-3
-1.183, 1.317e-3
-1.184, 1.317e-3
-1.185, 1.320e-3
-1.186, 1.320e-3
-1.187, 1.323e-3
-1.188, 1.323e-3
-1.189, 1.323e-3
-1.190, 1.326e-3
-1.191, 1.326e-3
-1.192, 1.329e-3
-1.193, 1.329e-3
-1.194, 1.332e-3
-1.195, 1.332e-3
-1.196, 1.335e-3
-1.197, 1.338e-3
-1.198, 1.341e-3
-1.199, 1.344e-3
-1.200, 1.344e-3
-1.201, 1.347e-3
-1.202, 1.347e-3
-1.203, 1.351e-3
-1.204, 1.357e-3
-1.205, 1.357e-3
-1.206, 1.360e-3
-1.207, 1.363e-3
-1.208, 1.366e-3
-1.209, 1.369e-3
-1.210, 1.372e-3
-1.211, 1.375e-3
-1.212, 1.378e-3
-1.213, 1.381e-3
-1.214, 1.384e-3
-1.215, 1.388e-3
-1.216, 1.391e-3
-1.217, 1.397e-3
-1.218, 1.400e-3
-1.219, 1.403e-3
-1.220, 1.409e-3
-1.221, 1.412e-3
-1.222, 1.415e-3
-1.223, 1.418e-3
-1.224, 1.425e-3
-1.225, 1.431e-3
-1.226, 1.434e-3
-1.227, 1.440e-3
-1.228, 1.443e-3
-1.229, 1.452e-3
-1.230, 1.458e-3
-1.231, 1.462e-3
-1.232, 1.468e-3
-1.233, 1.477e-3
-1.234, 1.480e-3
-1.235, 1.486e-3
-1.236, 1.492e-3
-1.237, 1.499e-3
-1.238, 1.505e-3
-1.239, 1.514e-3
-1.240, 1.520e-3
-1.241, 1.526e-3
-1.242, 1.536e-3
-1.243, 1.542e-3
-1.244, 1.551e-3
-1.245, 1.557e-3
-1.246, 1.563e-3
-1.247, 1.573e-3
-1.248, 1.582e-3
-1.249, 1.591e-3
-1.250, 1.600e-3
-1.251, 1.610e-3
-1.252, 1.619e-3
-1.253, 1.628e-3
-1.254, 1.637e-3
-1.255, 1.647e-3
-1.256, 1.656e-3
-1.257, 1.668e-3
-1.258, 1.680e-3
-1.259, 1.690e-3
-1.260, 1.702e-3
-1.261, 1.711e-3
-1.262, 1.724e-3
-1.263, 1.736e-3
-1.264, 1.748e-3
-1.265, 1.764e-3
-1.266, 1.776e-3
-1.267, 1.788e-3
-1.268, 1.804e-3
-1.269, 1.816e-3
-1.270, 1.832e-3
-1.271, 1.844e-3
-1.272, 1.859e-3
-1.273, 1.872e-3
-1.274, 1.890e-3
-1.275, 1.906e-3
-1.276, 1.918e-3
-1.277, 1.933e-3
-1.278, 1.952e-3
-1.279, 1.967e-3
-1.280, 1.986e-3
-1.281, 2.004e-3
-1.282, 2.020e-3
-1.283, 2.035e-3
-1.284, 2.057e-3
-1.285, 2.072e-3
-1.286, 2.091e-3
-1.287, 2.112e-3
-1.288, 2.131e-3
-1.289, 2.149e-3
-1.290, 2.171e-3
-1.291, 2.189e-3
-1.292, 2.211e-3
-1.293, 2.232e-3
-1.294, 2.254e-3
-1.295, 2.275e-3
-1.296, 2.297e-3
-1.297, 2.322e-3
-1.298, 2.340e-3
-1.299, 2.365e-3
-1.300, 2.393e-3
-1.301, 2.414e-3
-1.302, 2.439e-3
-1.303, 2.464e-3
-1.304, 2.488e-3
-1.305, 2.513e-3
-1.306, 2.541e-3
-1.307, 2.568e-3
-1.308, 2.593e-3
-1.309, 2.618e-3
-1.310, 2.645e-3
-1.311, 2.673e-3
-1.312, 2.698e-3
-1.313, 2.729e-3
-1.314, 2.756e-3
-1.315, 2.787e-3
-1.316, 2.815e-3
-1.317, 2.846e-3
-1.318, 2.877e-3
-1.319, 2.904e-3
-1.320, 2.935e-3
-1.321, 2.966e-3
-1.322, 2.997e-3
-1.323, 3.031e-3
-1.324, 3.062e-3
-1.325, 3.096e-3
-1.326, 3.130e-3
-1.327, 3.167e-3
-1.328, 3.200e-3
-1.329, 3.234e-3
-1.330, 3.271e-3
-1.331, 3.305e-3
-1.332, 3.342e-3
-1.333, 3.376e-3
-1.334, 3.413e-3
-1.335, 3.450e-3
-1.336, 3.487e-3
-1.337, 3.521e-3
-1.338, 3.561e-3
-1.339, 3.601e-3
-1.340, 3.638e-3
-1.341, 3.678e-3
-1.342, 3.718e-3
-1.343, 3.755e-3
-1.344, 3.799e-3
-1.345, 3.839e-3
-1.346, 3.876e-3
-1.347, 3.919e-3
-1.348, 3.962e-3
-1.349, 4.005e-3
-1.350, 4.048e-3
-1.351, 4.088e-3
-1.352, 4.135e-3
-1.353, 4.178e-3
-1.354, 4.221e-3
-1.355, 4.267e-3
-1.356, 4.310e-3
-1.357, 4.357e-3
-1.358, 4.403e-3
-1.359, 4.449e-3
-1.360, 4.495e-3
-1.361, 4.542e-3
-1.362, 4.591e-3
-1.363, 4.637e-3
-1.364, 4.686e-3
-1.365, 4.733e-3
-1.366, 4.785e-3
-1.367, 4.834e-3
-1.368, 4.881e-3
-1.369, 4.930e-3
-1.370, 4.979e-3
-1.371, 5.032e-3
-1.372, 5.084e-3
-1.373, 5.134e-3
-1.374, 5.186e-3
-1.375, 5.238e-3
-1.376, 5.288e-3
-1.377, 5.343e-3
-1.378, 5.396e-3
-1.379, 5.448e-3
-1.380, 5.500e-3
-1.381, 5.553e-3
-1.382, 5.608e-3
-1.383, 5.664e-3
-1.384, 5.719e-3
-1.385, 5.775e-3
-1.386, 5.830e-3
-1.387, 5.889e-3
-1.388, 5.944e-3
-1.389, 6.000e-3
-1.390, 6.058e-3
-1.391, 6.120e-3
-1.392, 6.176e-3
-1.393, 6.234e-3
-1.394, 6.296e-3
-1.395, 6.354e-3
-1.396, 6.416e-3
-1.397, 6.475e-3
-1.398, 6.536e-3
-1.399, 6.598e-3
-1.400, 6.570e-3
-1.399, 6.398e-3
-1.398, 6.243e-3
-1.397, 6.111e-3
-1.396, 5.991e-3
-1.395, 5.880e-3
-1.394, 5.778e-3
-1.393, 5.682e-3
-1.392, 5.590e-3
-1.391, 5.500e-3
-1.390, 5.420e-3
-1.389, 5.340e-3
-1.388, 5.260e-3
-1.387, 5.186e-3
-1.386, 5.112e-3
-1.385, 5.038e-3
-1.384, 4.967e-3
-1.383, 4.896e-3
-1.382, 4.825e-3
-1.381, 4.757e-3
-1.380, 4.686e-3
-1.379, 4.622e-3
-1.378, 4.557e-3
-1.377, 4.492e-3
-1.376, 4.428e-3
-1.375, 4.363e-3
-1.374, 4.301e-3
-1.373, 4.236e-3
-1.372, 4.175e-3
-1.371, 4.110e-3
-1.370, 4.048e-3
-1.369, 3.987e-3
-1.368, 3.925e-3
-1.367, 3.863e-3
-1.366, 3.802e-3
-1.365, 3.743e-3
-1.364, 3.684e-3
-1.363, 3.626e-3
-1.362, 3.567e-3
-1.361, 3.509e-3
-1.360, 3.450e-3
-1.359, 3.392e-3
-1.358, 3.333e-3
-1.357, 3.278e-3
-1.356, 3.222e-3
-1.355, 3.163e-3
-1.354, 3.111e-3
-1.353, 3.056e-3
-1.352, 3.000e-3
-1.351, 2.948e-3
-1.350, 2.895e-3
-1.349, 2.840e-3
-1.348, 2.787e-3
-1.347, 2.738e-3
-1.346, 2.686e-3
-1.345, 2.633e-3
-1.344, 2.581e-3
-1.343, 2.531e-3
-1.342, 2.482e-3
-1.341, 2.430e-3
-1.340, 2.380e-3
-1.339, 2.334e-3
-1.338, 2.282e-3
-1.337, 2.232e-3
-1.336, 2.189e-3
-1.335, 2.140e-3
-1.334, 2.091e-3
-1.333, 2.044e-3
-1.332, 2.001e-3
-1.331, 1.955e-3
-1.330, 1.909e-3
-1.329, 1.865e-3
-1.328, 1.822e-3
-1.327, 1.776e-3
-1.326, 1.733e-3
-1.325, 1.693e-3
-1.324, 1.650e-3
-1.323, 1.606e-3
-1.322, 1.563e-3
-1.321, 1.523e-3
-1.320, 1.483e-3
-1.319, 1.443e-3
-1.318, 1.403e-3
-1.317, 1.363e-3
-1.316, 1.326e-3
-1.315, 1.289e-3
-1.314, 1.249e-3
-1.313, 1.212e-3
-1.312, 1.175e-3
-1.311, 1.138e-3
-1.310, 1.101e-3
-1.309, 1.067e-3
-1.308, 1.030e-3
-1.307, 9.960e-4
-1.306, 9.590e-4
-1.305, 9.251e-4
-1.304, 8.912e-4
-1.303, 8.573e-4
-1.302, 8.233e-4
-1.301, 7.925e-4
-1.300, 7.555e-4
-1.299, 7.247e-4
-1.298, 6.939e-4
-1.297, 6.630e-4
-1.296, 6.322e-4
-1.295, 6.014e-4
-1.294, 5.705e-4
-1.293, 5.397e-4
-1.292, 5.089e-4
-1.291, 4.811e-4
-1.290, 4.534e-4
-1.289, 4.256e-4
-1.288, 3.979e-4
-1.287, 3.701e-4
-1.286, 3.424e-4
-1.285, 3.146e-4
-1.284, 2.900e-4
-1.283, 2.622e-4
-1.282, 2.376e-4
-1.281, 2.129e-4
-1.280, 1.851e-4
-1.279, 1.605e-4
-1.278, 1.358e-4
-1.277, 1.111e-4
-1.276, 8.957e-5
-1.275, 6.490e-5
-1.274, 4.024e-5
-1.273, 1.865e-5
-1.272, -2.927e-6
-1.271, -2.759e-5
-1.270, -4.609e-5
-1.269, -7.076e-5
-1.268, -8.925e-5
-1.267, -1.108e-4
-1.266, -1.324e-4
-1.265, -1.509e-4
-1.264, -1.725e-4
-1.263, -1.910e-4
-1.262, -2.126e-4
-1.261, -2.311e-4
-1.260, -2.496e-4
-1.259, -2.650e-4
-1.258, -2.866e-4
-1.257, -3.020e-4
-1.256, -3.205e-4
-1.255, -3.390e-4
-1.254, -3.544e-4
-1.253, -3.729e-4
-1.252, -3.883e-4
-1.251, -4.037e-4
-1.250, -4.191e-4
-1.249, -4.346e-4
-1.248, -4.531e-4
-1.247, -4.685e-4
-1.246, -4.808e-4
-1.245, -4.962e-4
-1.244, -5.147e-4
-1.243, -5.240e-4
-1.242, -5.394e-4
-1.241, -5.517e-4
-1.240, -5.671e-4
-1.239, -5.826e-4
-1.238, -5.918e-4
-1.237, -6.072e-4
-1.236, -6.165e-4
-1.235, -6.319e-4
-1.234, -6.442e-4
-1.233, -6.565e-4
-1.232, -6.658e-4
-1.231, -6.781e-4
-1.230, -6.905e-4
-1.229, -7.028e-4
-1.228, -7.151e-4
-1.227, -7.244e-4
-1.226, -7.367e-4
-1.225, -7.460e-4
-1.224, -7.552e-4
-1.223, -7.675e-4
-1.222, -7.768e-4
-1.221, -7.860e-4
-1.220, -7.953e-4
-1.219, -8.045e-4
-1.218, -8.138e-4
-1.217, -8.230e-4
-1.216, -8.323e-4
-1.215, -8.385e-4
-1.214, -8.477e-4
-1.213, -8.569e-4
-1.212, -8.631e-4
-1.211, -8.724e-4
-1.210, -8.785e-4
-1.209, -8.878e-4
-1.208, -8.939e-4
-1.207, -9.001e-4
-1.206, -9.094e-4
-1.205, -9.155e-4
-1.204, -9.217e-4
-1.203, -9.279e-4
-1.202, -9.371e-4
-1.201, -9.402e-4
-1.200, -9.464e-4
-1.199, -9.525e-4
-1.198, -9.618e-4
-1.197, -9.649e-4
-1.196, -9.710e-4
-1.195, -9.741e-4
-1.194, -9.834e-4
-1.193, -9.895e-4
-1.192, -9.926e-4
-1.191, -9.988e-4
-1.190, -1.005e-3
-1.189, -1.008e-3
-1.188, -1.014e-3
-1.187, -1.017e-3
-1.186, -1.023e-3
-1.185, -1.027e-3
-1.184, -1.033e-3
-1.183, -1.039e-3
-1.182, -1.042e-3
-1.181, -1.045e-3
-1.180, -1.048e-3
-1.179, -1.054e-3
-1.178, -1.057e-3
-1.177, -1.064e-3
-1.176, -1.067e-3
-1.175, -1.070e-3
-1.174, -1.073e-3
-1.173, -1.076e-3
-1.172, -1.082e-3
-1.171, -1.085e-3
-1.170, -1.085e-3
-1.169, -1.091e-3
-1.168, -1.091e-3
-1.167, -1.094e-3
-1.166, -1.101e-3
-1.165, -1.104e-3
-1.164, -1.104e-3
-1.163, -1.107e-3
-1.162, -1.110e-3
-1.161, -1.113e-3
-1.160, -1.116e-3
-1.159, -1.119e-3
-1.158, -1.122e-3
-1.157, -1.125e-3
-1.156, -1.128e-3
-1.155, -1.131e-3
-1.154, -1.131e-3
-1.153, -1.134e-3
-1.152, -1.141e-3
-1.151, -1.141e-3
-1.150, -1.144e-3
-1.149, -1.147e-3
-1.148, -1.150e-3
-1.147, -1.150e-3
-1.146, -1.153e-3
-1.145, -1.156e-3
-1.144, -1.156e-3
-1.143, -1.159e-3
-1.142, -1.159e-3
-1.141, -1.162e-3
-1.140, -1.165e-3
-1.139, -1.165e-3
-1.138, -1.168e-3
-1.137, -1.168e-3
-1.136, -1.171e-3
-1.135, -1.175e-3
-1.134, -1.175e-3
-1.133, -1.178e-3
-1.132, -1.181e-3
-1.131, -1.181e-3
-1.130, -1.184e-3
-1.129, -1.187e-3
-1.128, -1.187e-3
-1.127, -1.187e-3
-1.126, -1.190e-3
-1.125, -1.190e-3
-1.124, -1.196e-3
-1.123, -1.196e-3
-1.122, -1.196e-3
-1.121, -1.202e-3
-1.120, -1.202e-3
-1.119, -1.205e-3
-1.118, -1.205e-3
-1.117, -1.208e-3
-1.116, -1.208e-3
-1.115, -1.212e-3
-1.114, -1.212e-3
-1.113, -1.215e-3
-1.112, -1.215e-3
-1.111, -1.215e-3
-1.110, -1.218e-3
-1.109, -1.218e-3
-1.108, -1.221e-3
-1.107, -1.224e-3
-1.106, -1.224e-3
-1.105, -1.227e-3
-1.104, -1.230e-3
-1.103, -1.230e-3
-1.102, -1.233e-3
-1.101, -1.233e-3
-1.100, -1.236e-3
-1.099, -1.236e-3
-1.098, -1.239e-3
-1.097, -1.239e-3
-1.096, -1.242e-3
-1.095, -1.245e-3
-1.094, -1.245e-3
-1.093, -1.249e-3
-1.092, -1.252e-3
-1.091, -1.252e-3
-1.090, -1.255e-3
-1.089, -1.255e-3
-1.088, -1.258e-3
-1.087, -1.261e-3
-1.086, -1.261e-3
-1.085, -1.264e-3
-1.084, -1.267e-3
-1.083, -1.267e-3
-1.082, -1.270e-3
-1.081, -1.273e-3
-1.080, -1.273e-3
-1.079, -1.276e-3
-1.078, -1.276e-3
-1.077, -1.279e-3
-1.076, -1.282e-3
-1.075, -1.286e-3
-1.074, -1.289e-3
-1.073, -1.289e-3
-1.072, -1.292e-3
-1.071, -1.295e-3
-1.070, -1.295e-3
-1.069, -1.298e-3
-1.068, -1.301e-3
-1.067, -1.301e-3
-1.066, -1.307e-3
-1.065, -1.307e-3
-1.064, -1.310e-3
-1.063, -1.313e-3
-1.062, -1.316e-3
-1.061, -1.316e-3
-1.060, -1.322e-3
-1.059, -1.322e-3
-1.058, -1.326e-3
-1.057, -1.329e-3
-1.056, -1.329e-3
-1.055, -1.335e-3
-1.054, -1.335e-3
-1.053, -1.338e-3
-1.052, -1.341e-3
-1.051, -1.344e-3
-1.050, -1.347e-3
-1.049, -1.350e-3
-1.048, -1.353e-3
-1.047, -1.356e-3
-1.046, -1.359e-3
-1.045, -1.363e-3
-1.044, -1.363e-3
-1.043, -1.369e-3
-1.042, -1.372e-3
-1.041, -1.372e-3
-1.040, -1.378e-3
-1.039, -1.378e-3
-1.038, -1.384e-3
-1.037, -1.387e-3
-1.036, -1.390e-3
-1.035, -1.393e-3
-1.034, -1.396e-3
-1.033, -1.400e-3
-1.032, -1.403e-3
-1.031, -1.406e-3
-1.030, -1.412e-3
-1.029, -1.415e-3
-1.028, -1.418e-3
-1.027, -1.421e-3
-1.026, -1.424e-3
-1.025, -1.430e-3
-1.024, -1.433e-3
-1.023, -1.440e-3
-1.022, -1.443e-3
-1.021, -1.446e-3
-1.020, -1.452e-3
-1.019, -1.455e-3
-1.018, -1.458e-3
-1.017, -1.461e-3
-1.016, -1.467e-3
-1.015, -1.470e-3
-1.014, -1.474e-3
-1.013, -1.480e-3
-1.012, -1.483e-3
-1.011, -1.486e-3
-1.010, -1.492e-3
-1.009, -1.495e-3
-1.008, -1.501e-3
-1.007, -1.504e-3
-1.006, -1.507e-3
-1.005, -1.514e-3
-1.004, -1.520e-3
-1.003, -1.523e-3
-1.002, -1.529e-3
-1.001, -1.535e-3
