June 28, 2026   06:43:32
Cyclic Voltammetry
File: c:/users/guazh/data/20260623_doe_duplica2/2026-06-24-exp30\exp30-2026-06-28t06_18_48-h2koh\exp30_cv_sr_800mvs_efin_-1800mv.bin
Data Source:  Experiment
Instrument Model:  CHI760E
Header: CV ran at 800 mVs
Note: 

Init E (V) = -1
High E (V) = -1
Low E (V) = -1.8
Final E (V) = -1
Init P/N = N
Scan Rate (V/s) = 0.8
Segment = 3
Sample Interval (V) = 0.001
Quiet Time (sec) = 2
Sensitivity (A/V) = 0.01
Comp R (ohm) = 1.9

Results:

Channel 1:
Segment 1:

Segment 2:

Segment 3:

Potential/V, Current/A

-1.000, 9.405e-6
-1.001, 1.557e-5
-1.002, 1.865e-5
-1.003, 1.865e-5
-1.004, 2.174e-5
-1.005, 2.482e-5
-1.006, 2.482e-5
-1.007, 2.482e-5
-1.008, 2.790e-5
-1.009, 2.790e-5
-1.010, 2.790e-5
-1.011, 2.790e-5
-1.012, 3.099e-5
-1.013, 3.099e-5
-1.014, 3.099e-5
-1.015, 3.099e-5
-1.016, 3.099e-5
-1.017, 3.407e-5
-1.018, 3.407e-5
-1.019, 3.407e-5
-1.020, 3.407e-5
-1.021, 3.407e-5
-1.022, 3.407e-5
-1.023, 3.407e-5
-1.024, 3.715e-5
-1.025, 3.715e-5
-1.026, 3.715e-5
-1.027, 3.715e-5
-1.028, 3.715e-5
-1.029, 3.715e-5
-1.030, 3.715e-5
-1.031, 3.715e-5
-1.032, 3.715e-5
-1.033, 4.024e-5
-1.034, 4.024e-5
-1.035, 4.024e-5
-1.036, 3.715e-5
-1.037, 4.024e-5
-1.038, 4.024e-5
-1.039, 4.024e-5
-1.040, 4.024e-5
-1.041, 4.024e-5
-1.042, 4.024e-5
-1.043, 4.024e-5
-1.044, 4.024e-5
-1.045, 4.332e-5
-1.046, 4.332e-5
-1.047, 4.332e-5
-1.048, 4.332e-5
-1.049, 4.332e-5
-1.050, 4.332e-5
-1.051, 4.332e-5
-1.052, 4.332e-5
-1.053, 4.332e-5
-1.054, 4.332e-5
-1.055, 4.332e-5
-1.056, 4.332e-5
-1.057, 4.332e-5
-1.058, 4.332e-5
-1.059, 4.332e-5
-1.060, 4.332e-5
-1.061, 4.332e-5
-1.062, 4.332e-5
-1.063, 4.332e-5
-1.064, 4.640e-5
-1.065, 4.332e-5
-1.066, 4.640e-5
-1.067, 4.332e-5
-1.068, 4.640e-5
-1.069, 4.640e-5
-1.070, 4.640e-5
-1.071, 4.640e-5
-1.072, 4.640e-5
-1.073, 4.640e-5
-1.074, 4.640e-5
-1.075, 4.640e-5
-1.076, 4.640e-5
-1.077, 4.640e-5
-1.078, 4.640e-5
-1.079, 4.640e-5
-1.080, 4.640e-5
-1.081, 4.640e-5
-1.082, 4.640e-5
-1.083, 4.640e-5
-1.084, 4.640e-5
-1.085, 4.640e-5
-1.086, 4.640e-5
-1.087, 4.640e-5
-1.088, 4.640e-5
-1.089, 4.640e-5
-1.090, 4.640e-5
-1.091, 4.640e-5
-1.092, 4.640e-5
-1.093, 4.640e-5
-1.094, 4.640e-5
-1.095, 4.640e-5
-1.096, 4.640e-5
-1.097, 4.640e-5
-1.098, 4.640e-5
-1.099, 4.640e-5
-1.100, 4.640e-5
-1.101, 4.640e-5
-1.102, 4.640e-5
-1.103, 4.640e-5
-1.104, 4.640e-5
-1.105, 4.640e-5
-1.106, 4.640e-5
-1.107, 4.640e-5
-1.108, 4.640e-5
-1.109, 4.640e-5
-1.110, 4.332e-5
-1.111, 4.640e-5
-1.112, 4.640e-5
-1.113, 4.640e-5
-1.114, 4.640e-5
-1.115, 4.640e-5
-1.116, 4.640e-5
-1.117, 4.640e-5
-1.118, 4.640e-5
-1.119, 4.640e-5
-1.120, 4.640e-5
-1.121, 4.640e-5
-1.122, 4.640e-5
-1.123, 4.640e-5
-1.124, 4.640e-5
-1.125, 4.332e-5
-1.126, 4.332e-5
-1.127, 4.332e-5
-1.128, 4.640e-5
-1.129, 4.332e-5
-1.130, 4.640e-5
-1.131, 4.332e-5
-1.132, 4.640e-5
-1.133, 4.332e-5
-1.134, 4.640e-5
-1.135, 4.332e-5
-1.136, 4.332e-5
-1.137, 4.332e-5
-1.138, 4.332e-5
-1.139, 4.332e-5
-1.140, 4.332e-5
-1.141, 4.332e-5
-1.142, 4.332e-5
-1.143, 4.332e-5
-1.144, 4.332e-5
-1.145, 4.332e-5
-1.146, 4.332e-5
-1.147, 4.332e-5
-1.148, 4.332e-5
-1.149, 4.332e-5
-1.150, 4.332e-5
-1.151, 4.332e-5
-1.152, 4.332e-5
-1.153, 4.332e-5
-1.154, 4.332e-5
-1.155, 4.332e-5
-1.156, 4.332e-5
-1.157, 4.332e-5
-1.158, 4.332e-5
-1.159, 4.332e-5
-1.160, 4.332e-5
-1.161, 4.332e-5
-1.162, 4.024e-5
-1.163, 4.332e-5
-1.164, 4.024e-5
-1.165, 4.332e-5
-1.166, 4.332e-5
-1.167, 4.332e-5
-1.168, 4.332e-5
-1.169, 4.332e-5
-1.170, 4.024e-5
-1.171, 4.332e-5
-1.172, 4.332e-5
-1.173, 4.332e-5
-1.174, 4.024e-5
-1.175, 4.332e-5
-1.176, 4.024e-5
-1.177, 4.024e-5
-1.178, 4.024e-5
-1.179, 4.332e-5
-1.180, 4.024e-5
-1.181, 4.332e-5
-1.182, 4.332e-5
-1.183, 4.024e-5
-1.184, 4.332e-5
-1.185, 4.024e-5
-1.186, 4.024e-5
-1.187, 4.024e-5
-1.188, 4.024e-5
-1.189, 4.024e-5
-1.190, 4.332e-5
-1.191, 4.024e-5
-1.192, 4.332e-5
-1.193, 4.024e-5
-1.194, 4.332e-5
-1.195, 4.024e-5
-1.196, 4.332e-5
-1.197, 4.332e-5
-1.198, 4.332e-5
-1.199, 4.332e-5
-1.200, 4.332e-5
-1.201, 4.024e-5
-1.202, 4.332e-5
-1.203, 4.332e-5
-1.204, 4.332e-5
-1.205, 4.024e-5
-1.206, 4.332e-5
-1.207, 4.332e-5
-1.208, 4.024e-5
-1.209, 4.332e-5
-1.210, 4.332e-5
-1.211, 4.332e-5
-1.212, 4.024e-5
-1.213, 4.332e-5
-1.214, 4.332e-5
-1.215, 4.332e-5
-1.216, 4.332e-5
-1.217, 4.332e-5
-1.218, 4.332e-5
-1.219, 4.332e-5
-1.220, 4.332e-5
-1.221, 4.332e-5
-1.222, 4.332e-5
-1.223, 4.332e-5
-1.224, 4.332e-5
-1.225, 4.332e-5
-1.226, 4.332e-5
-1.227, 4.332e-5
-1.228, 4.332e-5
-1.229, 4.332e-5
-1.230, 4.332e-5
-1.231, 4.332e-5
-1.232, 4.332e-5
-1.233, 4.332e-5
-1.234, 4.332e-5
-1.235, 4.640e-5
-1.236, 4.332e-5
-1.237, 4.640e-5
-1.238, 4.332e-5
-1.239, 4.332e-5
-1.240, 4.640e-5
-1.241, 4.640e-5
-1.242, 4.640e-5
-1.243, 4.640e-5
-1.244, 4.640e-5
-1.245, 4.640e-5
-1.246, 4.640e-5
-1.247, 4.640e-5
-1.248, 4.640e-5
-1.249, 4.640e-5
-1.250, 4.640e-5
-1.251, 4.640e-5
-1.252, 4.640e-5
-1.253, 4.640e-5
-1.254, 4.640e-5
-1.255, 4.640e-5
-1.256, 4.640e-5
-1.257, 4.640e-5
-1.258, 4.949e-5
-1.259, 4.949e-5
-1.260, 4.949e-5
-1.261, 4.949e-5
-1.262, 4.949e-5
-1.263, 4.949e-5
-1.264, 4.949e-5
-1.265, 4.949e-5
-1.266, 4.949e-5
-1.267, 4.949e-5
-1.268, 5.257e-5
-1.269, 4.949e-5
-1.270, 5.257e-5
-1.271, 5.257e-5
-1.272, 5.257e-5
-1.273, 5.257e-5
-1.274, 5.257e-5
-1.275, 5.257e-5
-1.276, 5.257e-5
-1.277, 5.257e-5
-1.278, 5.257e-5
-1.279, 5.257e-5
-1.280, 5.257e-5
-1.281, 5.565e-5
-1.282, 5.565e-5
-1.283, 5.565e-5
-1.284, 5.565e-5
-1.285, 5.565e-5
-1.286, 5.565e-5
-1.287, 5.565e-5
-1.288, 5.565e-5
-1.289, 5.873e-5
-1.290, 5.873e-5
-1.291, 5.873e-5
-1.292, 5.873e-5
-1.293, 5.873e-5
-1.294, 5.873e-5
-1.295, 5.873e-5
-1.296, 6.182e-5
-1.297, 6.182e-5
-1.298, 6.182e-5
-1.299, 6.182e-5
-1.300, 6.182e-5
-1.301, 6.490e-5
-1.302, 6.490e-5
-1.303, 6.490e-5
-1.304, 6.490e-5
-1.305, 6.490e-5
-1.306, 6.798e-5
-1.307, 6.798e-5
-1.308, 6.798e-5
-1.309, 6.798e-5
-1.310, 6.798e-5
-1.311, 6.798e-5
-1.312, 7.107e-5
-1.313, 7.107e-5
-1.314, 7.107e-5
-1.315, 7.107e-5
-1.316, 7.107e-5
-1.317, 7.107e-5
-1.318, 7.415e-5
-1.319, 7.415e-5
-1.320, 7.723e-5
-1.321, 7.723e-5
-1.322, 7.723e-5
-1.323, 7.723e-5
-1.324, 7.723e-5
-1.325, 8.032e-5
-1.326, 8.032e-5
-1.327, 8.032e-5
-1.328, 8.340e-5
-1.329, 8.340e-5
-1.330, 8.340e-5
-1.331, 8.340e-5
-1.332, 8.648e-5
-1.333, 8.957e-5
-1.334, 8.957e-5
-1.335, 8.957e-5
-1.336, 9.265e-5
-1.337, 9.265e-5
-1.338, 9.265e-5
-1.339, 9.265e-5
-1.340, 9.573e-5
-1.341, 9.573e-5
-1.342, 9.573e-5
-1.343, 9.882e-5
-1.344, 9.882e-5
-1.345, 1.019e-4
-1.346, 1.019e-4
-1.347, 1.019e-4
-1.348, 1.050e-4
-1.349, 1.050e-4
-1.350, 1.050e-4
-1.351, 1.081e-4
-1.352, 1.081e-4
-1.353, 1.111e-4
-1.354, 1.111e-4
-1.355, 1.142e-4
-1.356, 1.142e-4
-1.357, 1.173e-4
-1.358, 1.173e-4
-1.359, 1.204e-4
-1.360, 1.204e-4
-1.361, 1.235e-4
-1.362, 1.235e-4
-1.363, 1.266e-4
-1.364, 1.266e-4
-1.365, 1.296e-4
-1.366, 1.327e-4
-1.367, 1.327e-4
-1.368, 1.327e-4
-1.369, 1.358e-4
-1.370, 1.389e-4
-1.371, 1.389e-4
-1.372, 1.420e-4
-1.373, 1.451e-4
-1.374, 1.451e-4
-1.375, 1.481e-4
-1.376, 1.481e-4
-1.377, 1.512e-4
-1.378, 1.543e-4
-1.379, 1.543e-4
-1.380, 1.574e-4
-1.381, 1.574e-4
-1.382, 1.605e-4
-1.383, 1.636e-4
-1.384, 1.666e-4
-1.385, 1.666e-4
-1.386, 1.697e-4
-1.387, 1.697e-4
-1.388, 1.728e-4
-1.389, 1.759e-4
-1.390, 1.790e-4
-1.391, 1.821e-4
-1.392, 1.821e-4
-1.393, 1.851e-4
-1.394, 1.882e-4
-1.395, 1.882e-4
-1.396, 1.913e-4
-1.397, 1.944e-4
-1.398, 1.975e-4
-1.399, 1.975e-4
-1.400, 2.036e-4
-1.401, 2.036e-4
-1.402, 2.067e-4
-1.403, 2.067e-4
-1.404, 2.129e-4
-1.405, 2.129e-4
-1.406, 2.160e-4
-1.407, 2.191e-4
-1.408, 2.221e-4
-1.409, 2.252e-4
-1.410, 2.252e-4
-1.411, 2.283e-4
-1.412, 2.314e-4
-1.413, 2.345e-4
-1.414, 2.376e-4
-1.415, 2.406e-4
-1.416, 2.406e-4
-1.417, 2.468e-4
-1.418, 2.468e-4
-1.419, 2.530e-4
-1.420, 2.530e-4
-1.421, 2.561e-4
-1.422, 2.561e-4
-1.423, 2.622e-4
-1.424, 2.622e-4
-1.425, 2.653e-4
-1.426, 2.715e-4
-1.427, 2.715e-4
-1.428, 2.746e-4
-1.429, 2.776e-4
-1.430, 2.807e-4
-1.431, 2.838e-4
-1.432, 2.869e-4
-1.433, 2.900e-4
-1.434, 2.931e-4
-1.435, 2.961e-4
-1.436, 2.992e-4
-1.437, 3.023e-4
-1.438, 3.054e-4
-1.439, 3.085e-4
-1.440, 3.115e-4
-1.441, 3.115e-4
-1.442, 3.177e-4
-1.443, 3.177e-4
-1.444, 3.208e-4
-1.445, 3.239e-4
-1.446, 3.270e-4
-1.447, 3.300e-4
-1.448, 3.331e-4
-1.449, 3.362e-4
-1.450, 3.424e-4
-1.451, 3.424e-4
-1.452, 3.485e-4
-1.453, 3.516e-4
-1.454, 3.516e-4
-1.455, 3.578e-4
-1.456, 3.578e-4
-1.457, 3.609e-4
-1.458, 3.670e-4
-1.459, 3.670e-4
-1.460, 3.732e-4
-1.461, 3.732e-4
-1.462, 3.794e-4
-1.463, 3.825e-4
-1.464, 3.855e-4
-1.465, 3.886e-4
-1.466, 3.917e-4
-1.467, 3.948e-4
-1.468, 3.979e-4
-1.469, 4.010e-4
-1.470, 4.040e-4
-1.471, 4.071e-4
-1.472, 4.133e-4
-1.473, 4.133e-4
-1.474, 4.195e-4
-1.475, 4.195e-4
-1.476, 4.256e-4
-1.477, 4.287e-4
-1.478, 4.318e-4
-1.479, 4.349e-4
-1.480, 4.380e-4
-1.481, 4.441e-4
-1.482, 4.472e-4
-1.483, 4.503e-4
-1.484, 4.534e-4
-1.485, 4.565e-4
-1.486, 4.595e-4
-1.487, 4.626e-4
-1.488, 4.657e-4
-1.489, 4.719e-4
-1.490, 4.750e-4
-1.491, 4.780e-4
-1.492, 4.842e-4
-1.493, 4.873e-4
-1.494, 4.873e-4
-1.495, 4.935e-4
-1.496, 4.965e-4
-1.497, 5.027e-4
-1.498, 5.058e-4
-1.499, 5.089e-4
-1.500, 5.120e-4
-1.501, 5.150e-4
-1.502, 5.212e-4
-1.503, 5.243e-4
-1.504, 5.305e-4
-1.505, 5.335e-4
-1.506, 5.366e-4
-1.507, 5.397e-4
-1.508, 5.428e-4
-1.509, 5.489e-4
-1.510, 5.520e-4
-1.511, 5.551e-4
-1.512, 5.613e-4
-1.513, 5.644e-4
-1.514, 5.705e-4
-1.515, 5.736e-4
-1.516, 5.798e-4
-1.517, 5.829e-4
-1.518, 5.859e-4
-1.519, 5.921e-4
-1.520, 5.952e-4
-1.521, 5.983e-4
-1.522, 6.044e-4
-1.523, 6.075e-4
-1.524, 6.137e-4
-1.525, 6.168e-4
-1.526, 6.229e-4
-1.527, 6.260e-4
-1.528, 6.322e-4
-1.529, 6.353e-4
-1.530, 6.414e-4
-1.531, 6.445e-4
-1.532, 6.507e-4
-1.533, 6.569e-4
-1.534, 6.599e-4
-1.535, 6.661e-4
-1.536, 6.692e-4
-1.537, 6.754e-4
-1.538, 6.815e-4
-1.539, 6.846e-4
-1.540, 6.908e-4
-1.541, 6.969e-4
-1.542, 7.000e-4
-1.543, 7.062e-4
-1.544, 7.124e-4
-1.545, 7.185e-4
-1.546, 7.216e-4
-1.547, 7.278e-4
-1.548, 7.339e-4
-1.549, 7.401e-4
-1.550, 7.432e-4
-1.551, 7.494e-4
-1.552, 7.555e-4
-1.553, 7.617e-4
-1.554, 7.679e-4
-1.555, 7.740e-4
-1.556, 7.802e-4
-1.557, 7.863e-4
-1.558, 7.925e-4
-1.559, 7.987e-4
-1.560, 8.048e-4
-1.561, 8.079e-4
-1.562, 8.172e-4
-1.563, 8.233e-4
-1.564, 8.295e-4
-1.565, 8.357e-4
-1.566, 8.418e-4
-1.567, 8.511e-4
-1.568, 8.573e-4
-1.569, 8.634e-4
-1.570, 8.696e-4
-1.571, 8.758e-4
-1.572, 8.850e-4
-1.573, 8.912e-4
-1.574, 8.973e-4
-1.575, 9.035e-4
-1.576, 9.128e-4
-1.577, 9.189e-4
-1.578, 9.282e-4
-1.579, 9.343e-4
-1.580, 9.436e-4
-1.581, 9.498e-4
-1.582, 9.590e-4
-1.583, 9.652e-4
-1.584, 9.744e-4
-1.585, 9.837e-4
-1.586, 9.929e-4
-1.587, 9.991e-4
-1.588, 1.008e-3
-1.589, 1.018e-3
-1.590, 1.027e-3
-1.591, 1.033e-3
-1.592, 1.045e-3
-1.593, 1.051e-3
-1.594, 1.061e-3
-1.595, 1.070e-3
-1.596, 1.079e-3
-1.597, 1.088e-3
-1.598, 1.101e-3
-1.599, 1.107e-3
-1.600, 1.119e-3
-1.601, 1.129e-3
-1.602, 1.138e-3
-1.603, 1.150e-3
-1.604, 1.159e-3
-1.605, 1.169e-3
-1.606, 1.181e-3
-1.607, 1.190e-3
-1.608, 1.203e-3
-1.609, 1.212e-3
-1.610, 1.224e-3
-1.611, 1.233e-3
-1.612, 1.246e-3
-1.613, 1.258e-3
-1.614, 1.270e-3
-1.615, 1.283e-3
-1.616, 1.295e-3
-1.617, 1.307e-3
-1.618, 1.320e-3
-1.619, 1.335e-3
-1.620, 1.347e-3
-1.621, 1.360e-3
-1.622, 1.372e-3
-1.623, 1.388e-3
-1.624, 1.400e-3
-1.625, 1.415e-3
-1.626, 1.431e-3
-1.627, 1.443e-3
-1.628, 1.458e-3
-1.629, 1.474e-3
-1.630, 1.486e-3
-1.631, 1.505e-3
-1.632, 1.520e-3
-1.633, 1.536e-3
-1.634, 1.551e-3
-1.635, 1.569e-3
-1.636, 1.585e-3
-1.637, 1.600e-3
-1.638, 1.619e-3
-1.639, 1.637e-3
-1.640, 1.656e-3
-1.641, 1.674e-3
-1.642, 1.693e-3
-1.643, 1.708e-3
-1.644, 1.730e-3
-1.645, 1.745e-3
-1.646, 1.767e-3
-1.647, 1.785e-3
-1.648, 1.804e-3
-1.649, 1.822e-3
-1.650, 1.844e-3
-1.651, 1.865e-3
-1.652, 1.887e-3
-1.653, 1.909e-3
-1.654, 1.927e-3
-1.655, 1.952e-3
-1.656, 1.970e-3
-1.657, 1.992e-3
-1.658, 2.017e-3
-1.659, 2.038e-3
-1.660, 2.060e-3
-1.661, 2.084e-3
-1.662, 2.109e-3
-1.663, 2.134e-3
-1.664, 2.158e-3
-1.665, 2.183e-3
-1.666, 2.208e-3
-1.667, 2.232e-3
-1.668, 2.257e-3
-1.669, 2.285e-3
-1.670, 2.309e-3
-1.671, 2.337e-3
-1.672, 2.365e-3
-1.673, 2.393e-3
-1.674, 2.420e-3
-1.675, 2.451e-3
-1.676, 2.479e-3
-1.677, 2.507e-3
-1.678, 2.538e-3
-1.679, 2.565e-3
-1.680, 2.596e-3
-1.681, 2.627e-3
-1.682, 2.655e-3
-1.683, 2.689e-3
-1.684, 2.719e-3
-1.685, 2.750e-3
-1.686, 2.781e-3
-1.687, 2.812e-3
-1.688, 2.846e-3
-1.689, 2.880e-3
-1.690, 2.914e-3
-1.691, 2.948e-3
-1.692, 2.982e-3
-1.693, 3.015e-3
-1.694, 3.049e-3
-1.695, 3.086e-3
-1.696, 3.120e-3
-1.697, 3.157e-3
-1.698, 3.191e-3
-1.699, 3.231e-3
-1.700, 3.268e-3
-1.701, 3.305e-3
-1.702, 3.342e-3
-1.703, 3.379e-3
-1.704, 3.416e-3
-1.705, 3.456e-3
-1.706, 3.496e-3
-1.707, 3.536e-3
-1.708, 3.573e-3
-1.709, 3.614e-3
-1.710, 3.654e-3
-1.711, 3.694e-3
-1.712, 3.737e-3
-1.713, 3.777e-3
-1.714, 3.823e-3
-1.715, 3.863e-3
-1.716, 3.906e-3
-1.717, 3.950e-3
-1.718, 3.993e-3
-1.719, 4.039e-3
-1.720, 4.082e-3
-1.721, 4.125e-3
-1.722, 4.169e-3
-1.723, 4.215e-3
-1.724, 4.261e-3
-1.725, 4.304e-3
-1.726, 4.350e-3
-1.727, 4.397e-3
-1.728, 4.443e-3
-1.729, 4.492e-3
-1.730, 4.542e-3
-1.731, 4.591e-3
-1.732, 4.640e-3
-1.733, 4.690e-3
-1.734, 4.742e-3
-1.735, 4.791e-3
-1.736, 4.844e-3
-1.737, 4.896e-3
-1.738, 4.949e-3
-1.739, 5.001e-3
-1.740, 5.053e-3
-1.741, 5.109e-3
-1.742, 5.161e-3
-1.743, 5.217e-3
-1.744, 5.269e-3
-1.745, 5.322e-3
-1.746, 5.374e-3
-1.747, 5.433e-3
-1.748, 5.485e-3
-1.749, 5.541e-3
-1.750, 5.596e-3
-1.751, 5.651e-3
-1.752, 5.707e-3
-1.753, 5.766e-3
-1.754, 5.821e-3
-1.755, 5.880e-3
-1.756, 5.935e-3
-1.757, 5.991e-3
-1.758, 6.049e-3
-1.759, 6.108e-3
-1.760, 6.166e-3
-1.761, 6.225e-3
-1.762, 6.284e-3
-1.763, 6.345e-3
-1.764, 6.407e-3
-1.765, 6.469e-3
-1.766, 6.530e-3
-1.767, 6.592e-3
-1.768, 6.654e-3
-1.769, 6.712e-3
-1.770, 6.777e-3
-1.771, 6.838e-3
-1.772, 6.903e-3
-1.773, 6.968e-3
-1.774, 7.030e-3
-1.775, 7.094e-3
-1.776, 7.156e-3
-1.777, 7.221e-3
-1.778, 7.289e-3
-1.779, 7.356e-3
-1.780, 7.421e-3
-1.781, 7.489e-3
-1.782, 7.557e-3
-1.783, 7.625e-3
-1.784, 7.689e-3
-1.785, 7.754e-3
-1.786, 7.822e-3
-1.787, 7.887e-3
-1.788, 7.955e-3
-1.789, 8.025e-3
-1.790, 8.093e-3
-1.791, 8.161e-3
-1.792, 8.229e-3
-1.793, 8.297e-3
-1.794, 8.365e-3
-1.795, 8.432e-3
-1.796, 8.503e-3
-1.797, 8.574e-3
-1.798, 8.642e-3
-1.799, 8.713e-3
-1.800, 8.738e-3
-1.799, 8.695e-3
-1.798, 8.645e-3
-1.797, 8.596e-3
-1.796, 8.547e-3
-1.795, 8.494e-3
-1.794, 8.442e-3
-1.793, 8.383e-3
-1.792, 8.328e-3
-1.791, 8.272e-3
-1.790, 8.214e-3
-1.789, 8.158e-3
-1.788, 8.099e-3
-1.787, 8.044e-3
-1.786, 7.988e-3
-1.785, 7.930e-3
-1.784, 7.874e-3
-1.783, 7.819e-3
-1.782, 7.760e-3
-1.781, 7.705e-3
-1.780, 7.646e-3
-1.779, 7.591e-3
-1.778, 7.532e-3
-1.777, 7.477e-3
-1.776, 7.418e-3
-1.775, 7.363e-3
-1.774, 7.304e-3
-1.773, 7.245e-3
-1.772, 7.190e-3
-1.771, 7.131e-3
-1.770, 7.073e-3
-1.769, 7.014e-3
-1.768, 6.959e-3
-1.767, 6.900e-3
-1.766, 6.845e-3
-1.765, 6.786e-3
-1.764, 6.731e-3
-1.763, 6.675e-3
-1.762, 6.617e-3
-1.761, 6.561e-3
-1.760, 6.506e-3
-1.759, 6.447e-3
-1.758, 6.395e-3
-1.757, 6.336e-3
-1.756, 6.284e-3
-1.755, 6.228e-3
-1.754, 6.169e-3
-1.753, 6.117e-3
-1.752, 6.058e-3
-1.751, 6.006e-3
-1.750, 5.954e-3
-1.749, 5.898e-3
-1.748, 5.843e-3
-1.747, 5.790e-3
-1.746, 5.738e-3
-1.745, 5.685e-3
-1.744, 5.636e-3
-1.743, 5.584e-3
-1.742, 5.528e-3
-1.741, 5.476e-3
-1.740, 5.423e-3
-1.739, 5.371e-3
-1.738, 5.322e-3
-1.737, 5.269e-3
-1.736, 5.220e-3
-1.735, 5.171e-3
-1.734, 5.121e-3
-1.733, 5.072e-3
-1.732, 5.023e-3
-1.731, 4.973e-3
-1.730, 4.921e-3
-1.729, 4.871e-3
-1.728, 4.822e-3
-1.727, 4.773e-3
-1.726, 4.723e-3
-1.725, 4.677e-3
-1.724, 4.628e-3
-1.723, 4.579e-3
-1.722, 4.532e-3
-1.721, 4.486e-3
-1.720, 4.437e-3
-1.719, 4.391e-3
-1.718, 4.344e-3
-1.717, 4.301e-3
-1.716, 4.252e-3
-1.715, 4.206e-3
-1.714, 4.159e-3
-1.713, 4.113e-3
-1.712, 4.070e-3
-1.711, 4.024e-3
-1.710, 3.980e-3
-1.709, 3.937e-3
-1.708, 3.891e-3
-1.707, 3.851e-3
-1.706, 3.808e-3
-1.705, 3.765e-3
-1.704, 3.721e-3
-1.703, 3.678e-3
-1.702, 3.638e-3
-1.701, 3.598e-3
-1.700, 3.555e-3
-1.699, 3.512e-3
-1.698, 3.472e-3
-1.697, 3.432e-3
-1.696, 3.392e-3
-1.695, 3.351e-3
-1.694, 3.311e-3
-1.693, 3.271e-3
-1.692, 3.231e-3
-1.691, 3.191e-3
-1.690, 3.154e-3
-1.689, 3.114e-3
-1.688, 3.077e-3
-1.687, 3.037e-3
-1.686, 3.000e-3
-1.685, 2.963e-3
-1.684, 2.926e-3
-1.683, 2.889e-3
-1.682, 2.852e-3
-1.681, 2.818e-3
-1.680, 2.781e-3
-1.679, 2.747e-3
-1.678, 2.710e-3
-1.677, 2.676e-3
-1.676, 2.642e-3
-1.675, 2.605e-3
-1.674, 2.575e-3
-1.673, 2.541e-3
-1.672, 2.507e-3
-1.671, 2.473e-3
-1.670, 2.442e-3
-1.669, 2.411e-3
-1.668, 2.377e-3
-1.667, 2.346e-3
-1.666, 2.312e-3
-1.665, 2.282e-3
-1.664, 2.251e-3
-1.663, 2.220e-3
-1.662, 2.192e-3
-1.661, 2.164e-3
-1.660, 2.134e-3
-1.659, 2.103e-3
-1.658, 2.075e-3
-1.657, 2.047e-3
-1.656, 2.020e-3
-1.655, 1.992e-3
-1.654, 1.964e-3
-1.653, 1.936e-3
-1.652, 1.909e-3
-1.651, 1.884e-3
-1.650, 1.856e-3
-1.649, 1.828e-3
-1.648, 1.804e-3
-1.647, 1.779e-3
-1.646, 1.751e-3
-1.645, 1.727e-3
-1.644, 1.702e-3
-1.643, 1.677e-3
-1.642, 1.656e-3
-1.641, 1.631e-3
-1.640, 1.606e-3
-1.639, 1.582e-3
-1.638, 1.560e-3
-1.637, 1.539e-3
-1.636, 1.514e-3
-1.635, 1.492e-3
-1.634, 1.471e-3
-1.633, 1.449e-3
-1.632, 1.428e-3
-1.631, 1.406e-3
-1.630, 1.388e-3
-1.629, 1.366e-3
-1.628, 1.347e-3
-1.627, 1.326e-3
-1.626, 1.307e-3
-1.625, 1.286e-3
-1.624, 1.267e-3
-1.623, 1.249e-3
-1.622, 1.233e-3
-1.621, 1.215e-3
-1.620, 1.196e-3
-1.619, 1.181e-3
-1.618, 1.159e-3
-1.617, 1.144e-3
-1.616, 1.125e-3
-1.615, 1.110e-3
-1.614, 1.095e-3
-1.613, 1.076e-3
-1.612, 1.061e-3
-1.611, 1.045e-3
-1.610, 1.030e-3
-1.609, 1.014e-3
-1.608, 9.991e-4
-1.607, 9.837e-4
-1.606, 9.683e-4
-1.605, 9.559e-4
-1.604, 9.405e-4
-1.603, 9.282e-4
-1.602, 9.128e-4
-1.601, 9.004e-4
-1.600, 8.850e-4
-1.599, 8.727e-4
-1.598, 8.603e-4
-1.597, 8.480e-4
-1.596, 8.357e-4
-1.595, 8.233e-4
-1.594, 8.110e-4
-1.593, 7.987e-4
-1.592, 7.863e-4
-1.591, 7.740e-4
-1.590, 7.617e-4
-1.589, 7.524e-4
-1.588, 7.401e-4
-1.587, 7.309e-4
-1.586, 7.185e-4
-1.585, 7.062e-4
-1.584, 7.000e-4
-1.583, 6.877e-4
-1.582, 6.784e-4
-1.581, 6.692e-4
-1.580, 6.599e-4
-1.579, 6.507e-4
-1.578, 6.414e-4
-1.577, 6.322e-4
-1.576, 6.229e-4
-1.575, 6.137e-4
-1.574, 6.044e-4
-1.573, 5.952e-4
-1.572, 5.890e-4
-1.571, 5.798e-4
-1.570, 5.736e-4
-1.569, 5.644e-4
-1.568, 5.551e-4
-1.567, 5.459e-4
-1.566, 5.397e-4
-1.565, 5.335e-4
-1.564, 5.243e-4
-1.563, 5.181e-4
-1.562, 5.089e-4
-1.561, 5.027e-4
-1.560, 4.965e-4
-1.559, 4.904e-4
-1.558, 4.811e-4
-1.557, 4.750e-4
-1.556, 4.688e-4
-1.555, 4.626e-4
-1.554, 4.565e-4
-1.553, 4.503e-4
-1.552, 4.441e-4
-1.551, 4.380e-4
-1.550, 4.318e-4
-1.549, 4.256e-4
-1.548, 4.225e-4
-1.547, 4.164e-4
-1.546, 4.102e-4
-1.545, 4.040e-4
-1.544, 3.979e-4
-1.543, 3.948e-4
-1.542, 3.886e-4
-1.541, 3.855e-4
-1.540, 3.794e-4
-1.539, 3.732e-4
-1.538, 3.701e-4
-1.537, 3.640e-4
-1.536, 3.609e-4
-1.535, 3.547e-4
-1.534, 3.516e-4
-1.533, 3.455e-4
-1.532, 3.393e-4
-1.531, 3.393e-4
-1.530, 3.331e-4
-1.529, 3.270e-4
-1.528, 3.239e-4
-1.527, 3.208e-4
-1.526, 3.177e-4
-1.525, 3.115e-4
-1.524, 3.085e-4
-1.523, 3.054e-4
-1.522, 2.992e-4
-1.521, 2.961e-4
-1.520, 2.931e-4
-1.519, 2.900e-4
-1.518, 2.869e-4
-1.517, 2.807e-4
-1.516, 2.776e-4
-1.515, 2.746e-4
-1.514, 2.715e-4
-1.513, 2.684e-4
-1.512, 2.653e-4
-1.511, 2.622e-4
-1.510, 2.561e-4
-1.509, 2.530e-4
-1.508, 2.499e-4
-1.507, 2.499e-4
-1.506, 2.437e-4
-1.505, 2.406e-4
-1.504, 2.376e-4
-1.503, 2.345e-4
-1.502, 2.314e-4
-1.501, 2.314e-4
-1.500, 2.283e-4
-1.499, 2.252e-4
-1.498, 2.221e-4
-1.497, 2.191e-4
-1.496, 2.160e-4
-1.495, 2.129e-4
-1.494, 2.129e-4
-1.493, 2.098e-4
-1.492, 2.067e-4
-1.491, 2.036e-4
-1.490, 2.006e-4
-1.489, 1.975e-4
-1.488, 1.944e-4
-1.487, 1.944e-4
-1.486, 1.913e-4
-1.485, 1.882e-4
-1.484, 1.851e-4
-1.483, 1.821e-4
-1.482, 1.790e-4
-1.481, 1.790e-4
-1.480, 1.759e-4
-1.479, 1.728e-4
-1.478, 1.728e-4
-1.477, 1.697e-4
-1.476, 1.666e-4
-1.475, 1.636e-4
-1.474, 1.636e-4
-1.473, 1.636e-4
-1.472, 1.574e-4
-1.471, 1.574e-4
-1.470, 1.543e-4
-1.469, 1.512e-4
-1.468, 1.512e-4
-1.467, 1.481e-4
-1.466, 1.451e-4
-1.465, 1.451e-4
-1.464, 1.420e-4
-1.463, 1.389e-4
-1.462, 1.389e-4
-1.461, 1.358e-4
-1.460, 1.358e-4
-1.459, 1.327e-4
-1.458, 1.296e-4
-1.457, 1.266e-4
-1.456, 1.266e-4
-1.455, 1.266e-4
-1.454, 1.235e-4
-1.453, 1.235e-4
-1.452, 1.204e-4
-1.451, 1.173e-4
-1.450, 1.173e-4
-1.449, 1.142e-4
-1.448, 1.142e-4
-1.447, 1.111e-4
-1.446, 1.111e-4
-1.445, 1.081e-4
-1.444, 1.050e-4
-1.443, 1.050e-4
-1.442, 1.019e-4
-1.441, 1.019e-4
-1.440, 9.882e-5
-1.439, 9.573e-5
-1.438, 9.573e-5
-1.437, 9.573e-5
-1.436, 9.265e-5
-1.435, 8.957e-5
-1.434, 8.957e-5
-1.433, 8.648e-5
-1.432, 8.648e-5
-1.431, 8.648e-5
-1.430, 8.340e-5
-1.429, 8.340e-5
-1.428, 8.032e-5
-1.427, 8.032e-5
-1.426, 7.723e-5
-1.425, 7.723e-5
-1.424, 7.415e-5
-1.423, 7.415e-5
-1.422, 7.415e-5
-1.421, 7.107e-5
-1.420, 7.107e-5
-1.419, 6.798e-5
-1.418, 6.798e-5
-1.417, 6.490e-5
-1.416, 6.490e-5
-1.415, 6.490e-5
-1.414, 6.182e-5
-1.413, 6.182e-5
-1.412, 5.873e-5
-1.411, 5.565e-5
-1.410, 5.565e-5
-1.409, 5.565e-5
-1.408, 5.565e-5
-1.407, 5.257e-5
-1.406, 5.257e-5
-1.405, 5.257e-5
-1.404, 4.949e-5
-1.403, 4.949e-5
-1.402, 4.640e-5
-1.401, 4.640e-5
-1.400, 4.332e-5
-1.399, 4.640e-5
-1.398, 4.332e-5
-1.397, 4.024e-5
-1.396, 4.024e-5
-1.395, 4.024e-5
-1.394, 3.715e-5
-1.393, 3.715e-5
-1.392, 3.715e-5
-1.391, 3.407e-5
-1.390, 3.407e-5
-1.389, 3.407e-5
-1.388, 3.099e-5
-1.387, 3.099e-5
-1.386, 3.099e-5
-1.385, 2.790e-5
-1.384, 2.790e-5
-1.383, 2.790e-5
-1.382, 2.482e-5
-1.381, 2.482e-5
-1.380, 2.482e-5
-1.379, 2.174e-5
-1.378, 2.174e-5
-1.377, 2.174e-5
-1.376, 1.865e-5
-1.375, 1.865e-5
-1.374, 1.865e-5
-1.373, 1.865e-5
-1.372, 1.557e-5
-1.371, 1.249e-5
-1.370, 1.557e-5
-1.369, 1.249e-5
-1.368, 1.249e-5
-1.367, 1.249e-5
-1.366, 1.249e-5
-1.365, 9.405e-6
-1.364, 9.405e-6
-1.363, 9.405e-6
-1.362, 6.322e-6
-1.361, 9.405e-6
-1.360, 6.322e-6
-1.359, 6.322e-6
-1.358, 6.322e-6
-1.357, 3.239e-6
-1.356, 3.239e-6
-1.355, 3.239e-6
-1.354, 1.559e-7
-1.353, 1.559e-7
-1.352, 1.559e-7
-1.351, 1.559e-7
-1.350, 1.559e-7
-1.349, -2.927e-6
-1.348, -2.927e-6
-1.347, -2.927e-6
-1.346, -2.927e-6
-1.345, -6.010e-6
-1.344, -6.010e-6
-1.343, -6.010e-6
-1.342, -6.010e-6
-1.341, -6.010e-6
-1.340, -9.093e-6
-1.339, -9.093e-6
-1.338, -9.093e-6
-1.337, -9.093e-6
-1.336, -9.093e-6
-1.335, -9.093e-6
-1.334, -1.218e-5
-1.333, -9.093e-6
-1.332, -1.218e-5
-1.331, -1.218e-5
-1.330, -1.218e-5
-1.329, -1.526e-5
-1.328, -1.526e-5
-1.327, -1.526e-5
-1.326, -1.526e-5
-1.325, -1.526e-5
-1.324, -1.526e-5
-1.323, -1.526e-5
-1.322, -1.834e-5
-1.321, -1.526e-5
-1.320, -1.834e-5
-1.319, -1.834e-5
-1.318, -1.834e-5
-1.317, -1.834e-5
-1.316, -2.143e-5
-1.315, -1.834e-5
-1.314, -2.143e-5
-1.313, -2.143e-5
-1.312, -2.143e-5
-1.311, -2.143e-5
-1.310, -2.143e-5
-1.309, -2.143e-5
-1.308, -2.451e-5
-1.307, -2.451e-5
-1.306, -2.451e-5
-1.305, -2.451e-5
-1.304, -2.451e-5
-1.303, -2.451e-5
-1.302, -2.451e-5
-1.301, -2.451e-5
-1.300, -2.451e-5
-1.299, -2.759e-5
-1.298, -2.759e-5
-1.297, -2.759e-5
-1.296, -2.759e-5
-1.295, -2.759e-5
-1.294, -2.759e-5
-1.293, -2.759e-5
-1.292, -2.759e-5
-1.291, -3.068e-5
-1.290, -2.759e-5
-1.289, -3.068e-5
-1.288, -3.068e-5
-1.287, -3.068e-5
-1.286, -3.068e-5
-1.285, -3.068e-5
-1.284, -3.068e-5
-1.283, -3.068e-5
-1.282, -3.068e-5
-1.281, -3.068e-5
-1.280, -3.068e-5
-1.279, -3.376e-5
-1.278, -3.376e-5
-1.277, -3.376e-5
-1.276, -3.376e-5
-1.275, -3.376e-5
-1.274, -3.376e-5
-1.273, -3.376e-5
-1.272, -3.376e-5
-1.271, -3.376e-5
-1.270, -3.684e-5
-1.269, -3.376e-5
-1.268, -3.684e-5
-1.267, -3.376e-5
-1.266, -3.684e-5
-1.265, -3.684e-5
-1.264, -3.684e-5
-1.263, -3.684e-5
-1.262, -3.684e-5
-1.261, -3.684e-5
-1.260, -3.684e-5
-1.259, -3.684e-5
-1.258, -3.684e-5
-1.257, -3.684e-5
-1.256, -3.684e-5
-1.255, -3.684e-5
-1.254, -3.684e-5
-1.253, -3.684e-5
-1.252, -3.992e-5
-1.251, -3.992e-5
-1.250, -3.992e-5
-1.249, -3.992e-5
-1.248, -3.992e-5
-1.247, -3.992e-5
-1.246, -3.992e-5
-1.245, -3.992e-5
-1.244, -3.992e-5
-1.243, -3.992e-5
-1.242, -3.992e-5
-1.241, -3.992e-5
-1.240, -3.992e-5
-1.239, -3.992e-5
-1.238, -3.992e-5
-1.237, -3.992e-5
-1.236, -4.301e-5
-1.235, -4.301e-5
-1.234, -3.992e-5
-1.233, -4.301e-5
-1.232, -4.301e-5
-1.231, -4.301e-5
-1.230, -4.301e-5
-1.229, -4.301e-5
-1.228, -4.301e-5
-1.227, -4.301e-5
-1.226, -4.301e-5
-1.225, -4.301e-5
-1.224, -4.301e-5
-1.223, -4.301e-5
-1.222, -4.301e-5
-1.221, -4.301e-5
-1.220, -4.301e-5
-1.219, -4.301e-5
-1.218, -4.301e-5
-1.217, -4.609e-5
-1.216, -4.609e-5
-1.215, -4.301e-5
-1.214, -4.301e-5
-1.213, -4.301e-5
-1.212, -4.609e-5
-1.211, -4.301e-5
-1.210, -4.609e-5
-1.209, -4.609e-5
-1.208, -4.609e-5
-1.207, -4.301e-5
-1.206, -4.609e-5
-1.205, -4.609e-5
-1.204, -4.609e-5
-1.203, -4.609e-5
-1.202, -4.609e-5
-1.201, -4.609e-5
-1.200, -4.609e-5
-1.199, -4.609e-5
-1.198, -4.609e-5
-1.197, -4.609e-5
-1.196, -4.609e-5
-1.195, -4.609e-5
-1.194, -4.609e-5
-1.193, -4.609e-5
-1.192, -4.609e-5
-1.191, -4.609e-5
-1.190, -4.917e-5
-1.189, -4.917e-5
-1.188, -4.609e-5
-1.187, -4.609e-5
-1.186, -4.917e-5
-1.185, -4.917e-5
-1.184, -4.917e-5
-1.183, -4.917e-5
-1.182, -4.917e-5
-1.181, -4.917e-5
-1.180, -4.917e-5
-1.179, -4.917e-5
-1.178, -4.917e-5
-1.177, -4.917e-5
-1.176, -4.917e-5
-1.175, -4.917e-5
-1.174, -4.917e-5
-1.173, -4.917e-5
-1.172, -4.917e-5
-1.171, -4.917e-5
-1.170, -4.917e-5
-1.169, -5.226e-5
-1.168, -4.917e-5
-1.167, -5.226e-5
-1.166, -5.226e-5
-1.165, -5.226e-5
-1.164, -5.226e-5
-1.163, -5.226e-5
-1.162, -5.226e-5
-1.161, -5.226e-5
-1.160, -5.226e-5
-1.159, -5.226e-5
-1.158, -5.226e-5
-1.157, -5.226e-5
-1.156, -5.226e-5
-1.155, -5.226e-5
-1.154, -5.226e-5
-1.153, -5.226e-5
-1.152, -5.226e-5
-1.151, -5.226e-5
-1.150, -5.534e-5
-1.149, -5.534e-5
-1.148, -5.534e-5
-1.147, -5.534e-5
-1.146, -5.534e-5
-1.145, -5.534e-5
-1.144, -5.534e-5
-1.143, -5.534e-5
-1.142, -5.534e-5
-1.141, -5.534e-5
-1.140, -5.534e-5
-1.139, -5.534e-5
-1.138, -5.534e-5
-1.137, -5.534e-5
-1.136, -5.842e-5
-1.135, -5.534e-5
-1.134, -5.534e-5
-1.133, -5.842e-5
-1.132, -5.842e-5
-1.131, -5.842e-5
-1.130, -5.842e-5
-1.129, -5.842e-5
-1.128, -5.842e-5
-1.127, -5.842e-5
-1.126, -5.842e-5
-1.125, -5.842e-5
-1.124, -5.842e-5
-1.123, -6.151e-5
-1.122, -5.842e-5
-1.121, -6.151e-5
-1.120, -6.151e-5
-1.119, -6.151e-5
-1.118, -6.151e-5
-1.117, -6.151e-5
-1.116, -6.151e-5
-1.115, -6.151e-5
-1.114, -6.151e-5
-1.113, -6.459e-5
-1.112, -6.459e-5
-1.111, -6.459e-5
-1.110, -6.459e-5
-1.109, -6.459e-5
-1.108, -6.459e-5
-1.107, -6.459e-5
-1.106, -6.459e-5
-1.105, -6.767e-5
-1.104, -6.767e-5
-1.103, -6.767e-5
-1.102, -6.767e-5
-1.101, -6.767e-5
-1.100, -6.767e-5
-1.099, -6.767e-5
-1.098, -6.767e-5
-1.097, -7.076e-5
-1.096, -7.076e-5
-1.095, -6.767e-5
-1.094, -7.076e-5
-1.093, -7.076e-5
-1.092, -7.076e-5
-1.091, -7.384e-5
-1.090, -7.384e-5
-1.089, -7.384e-5
-1.088, -7.384e-5
-1.087, -7.384e-5
-1.086, -7.384e-5
-1.085, -7.384e-5
-1.084, -7.384e-5
-1.083, -7.692e-5
-1.082, -7.692e-5
-1.081, -7.692e-5
-1.080, -7.692e-5
-1.079, -8.000e-5
-1.078, -8.000e-5
-1.077, -8.000e-5
-1.076, -8.000e-5
-1.075, -8.000e-5
-1.074, -8.000e-5
-1.073, -8.000e-5
-1.072, -8.309e-5
-1.071, -8.309e-5
-1.070, -8.309e-5
-1.069, -8.309e-5
-1.068, -8.617e-5
-1.067, -8.617e-5
-1.066, -8.617e-5
-1.065, -8.617e-5
-1.064, -8.925e-5
-1.063, -8.925e-5
-1.062, -8.925e-5
-1.061, -8.925e-5
-1.060, -9.234e-5
-1.059, -9.234e-5
-1.058, -9.234e-5
-1.057, -9.542e-5
-1.056, -9.542e-5
-1.055, -9.542e-5
-1.054, -9.542e-5
-1.053, -9.542e-5
-1.052, -9.850e-5
-1.051, -9.850e-5
-1.050, -9.850e-5
-1.049, -1.016e-4
-1.048, -1.016e-4
-1.047, -1.016e-4
-1.046, -1.016e-4
-1.045, -1.047e-4
-1.044, -1.047e-4
-1.043, -1.078e-4
-1.042, -1.078e-4
-1.041, -1.078e-4
-1.040, -1.078e-4
-1.039, -1.108e-4
-1.038, -1.108e-4
-1.037, -1.139e-4
-1.036, -1.139e-4
-1.035, -1.139e-4
-1.034, -1.139e-4
-1.033, -1.170e-4
-1.032, -1.170e-4
-1.031, -1.201e-4
-1.030, -1.201e-4
-1.029, -1.201e-4
-1.028, -1.232e-4
-1.027, -1.232e-4
-1.026, -1.232e-4
-1.025, -1.263e-4
-1.024, -1.263e-4
-1.023, -1.293e-4
-1.022, -1.293e-4
-1.021, -1.293e-4
-1.020, -1.324e-4
-1.019, -1.355e-4
-1.018, -1.355e-4
-1.017, -1.386e-4
-1.016, -1.386e-4
-1.015, -1.386e-4
-1.014, -1.417e-4
-1.013, -1.417e-4
-1.012, -1.448e-4
-1.011, -1.448e-4
-1.010, -1.478e-4
-1.009, -1.478e-4
-1.008, -1.478e-4
-1.007, -1.509e-4
-1.006, -1.540e-4
-1.005, -1.540e-4
-1.004, -1.540e-4
-1.003, -1.571e-4
-1.002, -1.602e-4
-1.001, -1.602e-4
