June 27, 2026   00:28:22
Cyclic Voltammetry
File: c:/users/guazh/data/20260623_doe_duplica2/2026-06-24-exp19\exp19-2026-06-27t00_16_04-h2koh\exp19_cv_50mvs_efin_-1600mv.bin
Data Source:  Experiment
Instrument Model:  CHI760E
Header: CV ran at 50 mVs
Note: 

Init E (V) = -1
High E (V) = -1
Low E (V) = -1.6
Final E (V) = -1
Init P/N = N
Scan Rate (V/s) = 0.05
Segment = 7
Sample Interval (V) = 0.001
Quiet Time (sec) = 60
Sensitivity (A/V) = 0.001
Comp R (ohm) = 3.4

Results:

Channel 1:
Segment 1:

Segment 2:

Segment 3:

Segment 4:

Segment 5:

Segment 6:

Segment 7:

Potential/V, Current/A

-1.000, 1.394e-6
-1.001, 8.730e-6
-1.002, 1.360e-5
-1.003, 1.722e-5
-1.004, 2.030e-5
-1.005, 2.284e-5
-1.006, 2.504e-5
-1.007, 2.699e-5
-1.008, 2.862e-5
-1.009, 3.019e-5
-1.010, 3.155e-5
-1.011, 3.280e-5
-1.012, 3.406e-5
-1.013, 3.508e-5
-1.014, 3.597e-5
-1.015, 3.694e-5
-1.016, 3.777e-5
-1.017, 3.860e-5
-1.018, 3.943e-5
-1.019, 3.998e-5
-1.020, 4.069e-5
-1.021, 4.129e-5
-1.022, 4.197e-5
-1.023, 4.250e-5
-1.024, 4.305e-5
-1.025, 4.351e-5
-1.026, 4.399e-5
-1.027, 4.449e-5
-1.028, 4.490e-5
-1.029, 4.532e-5
-1.030, 4.573e-5
-1.031, 4.614e-5
-1.032, 4.643e-5
-1.033, 4.682e-5
-1.034, 4.720e-5
-1.035, 4.750e-5
-1.036, 4.783e-5
-1.037, 4.822e-5
-1.038, 4.843e-5
-1.039, 4.871e-5
-1.040, 4.891e-5
-1.041, 4.913e-5
-1.042, 4.941e-5
-1.043, 4.968e-5
-1.044, 4.992e-5
-1.045, 5.014e-5
-1.046, 5.048e-5
-1.047, 5.073e-5
-1.048, 5.087e-5
-1.049, 5.113e-5
-1.050, 5.131e-5
-1.051, 5.149e-5
-1.052, 5.172e-5
-1.053, 5.195e-5
-1.054, 5.208e-5
-1.055, 5.228e-5
-1.056, 5.248e-5
-1.057, 5.266e-5
-1.058, 5.285e-5
-1.059, 5.290e-5
-1.060, 5.313e-5
-1.061, 5.331e-5
-1.062, 5.348e-5
-1.063, 5.368e-5
-1.064, 5.378e-5
-1.065, 5.399e-5
-1.066, 5.423e-5
-1.067, 5.427e-5
-1.068, 5.441e-5
-1.069, 5.453e-5
-1.070, 5.482e-5
-1.071, 5.493e-5
-1.072, 5.500e-5
-1.073, 5.520e-5
-1.074, 5.531e-5
-1.075, 5.545e-5
-1.076, 5.564e-5
-1.077, 5.578e-5
-1.078, 5.584e-5
-1.079, 5.584e-5
-1.080, 5.600e-5
-1.081, 5.618e-5
-1.082, 5.632e-5
-1.083, 5.638e-5
-1.084, 5.661e-5
-1.085, 5.666e-5
-1.086, 5.672e-5
-1.087, 5.683e-5
-1.088, 5.703e-5
-1.089, 5.715e-5
-1.090, 5.722e-5
-1.091, 5.733e-5
-1.092, 5.748e-5
-1.093, 5.749e-5
-1.094, 5.763e-5
-1.095, 5.776e-5
-1.096, 5.781e-5
-1.097, 5.789e-5
-1.098, 5.803e-5
-1.099, 5.820e-5
-1.100, 5.837e-5
-1.101, 5.835e-5
-1.102, 5.838e-5
-1.103, 5.851e-5
-1.104, 5.862e-5
-1.105, 5.866e-5
-1.106, 5.880e-5
-1.107, 5.891e-5
-1.108, 5.910e-5
-1.109, 5.910e-5
-1.110, 5.914e-5
-1.111, 5.920e-5
-1.112, 5.928e-5
-1.113, 5.932e-5
-1.114, 5.939e-5
-1.115, 5.945e-5
-1.116, 5.967e-5
-1.117, 5.967e-5
-1.118, 5.967e-5
-1.119, 5.980e-5
-1.120, 5.988e-5
-1.121, 5.990e-5
-1.122, 5.999e-5
-1.123, 5.999e-5
-1.124, 6.003e-5
-1.125, 6.012e-5
-1.126, 6.019e-5
-1.127, 6.027e-5
-1.128, 6.028e-5
-1.129, 6.035e-5
-1.130, 6.048e-5
-1.131, 6.045e-5
-1.132, 6.051e-5
-1.133, 6.051e-5
-1.134, 6.063e-5
-1.135, 6.078e-5
-1.136, 6.076e-5
-1.137, 6.078e-5
-1.138, 6.083e-5
-1.139, 6.085e-5
-1.140, 6.093e-5
-1.141, 6.096e-5
-1.142, 6.111e-5
-1.143, 6.112e-5
-1.144, 6.101e-5
-1.145, 6.114e-5
-1.146, 6.120e-5
-1.147, 6.132e-5
-1.148, 6.143e-5
-1.149, 6.146e-5
-1.150, 6.177e-5
-1.151, 6.190e-5
-1.152, 6.172e-5
-1.153, 6.189e-5
-1.154, 6.183e-5
-1.155, 6.184e-5
-1.156, 6.208e-5
-1.157, 6.212e-5
-1.158, 6.222e-5
-1.159, 6.228e-5
-1.160, 6.241e-5
-1.161, 6.245e-5
-1.162, 6.259e-5
-1.163, 6.269e-5
-1.164, 6.291e-5
-1.165, 6.298e-5
-1.166, 6.305e-5
-1.167, 6.333e-5
-1.168, 6.337e-5
-1.169, 6.353e-5
-1.170, 6.371e-5
-1.171, 6.369e-5
-1.172, 6.385e-5
-1.173, 6.399e-5
-1.174, 6.418e-5
-1.175, 6.435e-5
-1.176, 6.449e-5
-1.177, 6.467e-5
-1.178, 6.494e-5
-1.179, 6.508e-5
-1.180, 6.529e-5
-1.181, 6.556e-5
-1.182, 6.579e-5
-1.183, 6.603e-5
-1.184, 6.611e-5
-1.185, 6.636e-5
-1.186, 6.676e-5
-1.187, 6.698e-5
-1.188, 6.735e-5
-1.189, 6.759e-5
-1.190, 6.778e-5
-1.191, 6.807e-5
-1.192, 6.816e-5
-1.193, 6.847e-5
-1.194, 6.882e-5
-1.195, 6.897e-5
-1.196, 6.936e-5
-1.197, 6.924e-5
-1.198, 6.961e-5
-1.199, 6.992e-5
-1.200, 7.030e-5
-1.201, 7.070e-5
-1.202, 7.103e-5
-1.203, 7.149e-5
-1.204, 7.190e-5
-1.205, 7.232e-5
-1.206, 7.267e-5
-1.207, 7.312e-5
-1.208, 7.348e-5
-1.209, 7.398e-5
-1.210, 7.448e-5
-1.211, 7.482e-5
-1.212, 7.520e-5
-1.213, 7.551e-5
-1.214, 7.598e-5
-1.215, 7.653e-5
-1.216, 7.698e-5
-1.217, 7.748e-5
-1.218, 7.803e-5
-1.219, 7.847e-5
-1.220, 7.896e-5
-1.221, 7.951e-5
-1.222, 8.008e-5
-1.223, 8.068e-5
-1.224, 8.107e-5
-1.225, 8.164e-5
-1.226, 8.217e-5
-1.227, 8.273e-5
-1.228, 8.346e-5
-1.229, 8.410e-5
-1.230, 8.431e-5
-1.231, 8.494e-5
-1.232, 8.561e-5
-1.233, 8.634e-5
-1.234, 8.698e-5
-1.235, 8.767e-5
-1.236, 8.835e-5
-1.237, 8.913e-5
-1.238, 8.986e-5
-1.239, 9.074e-5
-1.240, 9.163e-5
-1.241, 9.234e-5
-1.242, 9.307e-5
-1.243, 9.392e-5
-1.244, 9.494e-5
-1.245, 9.569e-5
-1.246, 9.637e-5
-1.247, 9.743e-5
-1.248, 9.839e-5
-1.249, 9.933e-5
-1.250, 1.004e-4
-1.251, 1.013e-4
-1.252, 1.024e-4
-1.253, 1.034e-4
-1.254, 1.043e-4
-1.255, 1.054e-4
-1.256, 1.064e-4
-1.257, 1.074e-4
-1.258, 1.086e-4
-1.259, 1.098e-4
-1.260, 1.114e-4
-1.261, 1.124e-4
-1.262, 1.136e-4
-1.263, 1.147e-4
-1.264, 1.157e-4
-1.265, 1.171e-4
-1.266, 1.184e-4
-1.267, 1.196e-4
-1.268, 1.209e-4
-1.269, 1.221e-4
-1.270, 1.233e-4
-1.271, 1.243e-4
-1.272, 1.257e-4
-1.273, 1.272e-4
-1.274, 1.287e-4
-1.275, 1.303e-4
-1.276, 1.318e-4
-1.277, 1.332e-4
-1.278, 1.347e-4
-1.279, 1.363e-4
-1.280, 1.381e-4
-1.281, 1.397e-4
-1.282, 1.414e-4
-1.283, 1.431e-4
-1.284, 1.448e-4
-1.285, 1.465e-4
-1.286, 1.484e-4
-1.287, 1.504e-4
-1.288, 1.521e-4
-1.289, 1.537e-4
-1.290, 1.557e-4
-1.291, 1.576e-4
-1.292, 1.596e-4
-1.293, 1.616e-4
-1.294, 1.633e-4
-1.295, 1.653e-4
-1.296, 1.672e-4
-1.297, 1.694e-4
-1.298, 1.715e-4
-1.299, 1.736e-4
-1.300, 1.759e-4
-1.301, 1.781e-4
-1.302, 1.801e-4
-1.303, 1.821e-4
-1.304, 1.843e-4
-1.305, 1.863e-4
-1.306, 1.883e-4
-1.307, 1.904e-4
-1.308, 1.930e-4
-1.309, 1.951e-4
-1.310, 1.975e-4
-1.311, 2.002e-4
-1.312, 2.028e-4
-1.313, 2.054e-4
-1.314, 2.079e-4
-1.315, 2.106e-4
-1.316, 2.135e-4
-1.317, 2.161e-4
-1.318, 2.188e-4
-1.319, 2.216e-4
-1.320, 2.244e-4
-1.321, 2.275e-4
-1.322, 2.301e-4
-1.323, 2.327e-4
-1.324, 2.358e-4
-1.325, 2.387e-4
-1.326, 2.418e-4
-1.327, 2.449e-4
-1.328, 2.479e-4
-1.329, 2.512e-4
-1.330, 2.542e-4
-1.331, 2.576e-4
-1.332, 2.607e-4
-1.333, 2.638e-4
-1.334, 2.670e-4
-1.335, 2.702e-4
-1.336, 2.737e-4
-1.337, 2.773e-4
-1.338, 2.804e-4
-1.339, 2.837e-4
-1.340, 2.874e-4
-1.341, 2.905e-4
-1.342, 2.941e-4
-1.343, 2.980e-4
-1.344, 3.016e-4
-1.345, 3.052e-4
-1.346, 3.089e-4
-1.347, 3.127e-4
-1.348, 3.169e-4
-1.349, 3.207e-4
-1.350, 3.242e-4
-1.351, 3.280e-4
-1.352, 3.317e-4
-1.353, 3.358e-4
-1.354, 3.395e-4
-1.355, 3.437e-4
-1.356, 3.479e-4
-1.357, 3.520e-4
-1.358, 3.561e-4
-1.359, 3.600e-4
-1.360, 3.645e-4
-1.361, 3.692e-4
-1.362, 3.736e-4
-1.363, 3.774e-4
-1.364, 3.812e-4
-1.365, 3.859e-4
-1.366, 3.905e-4
-1.367, 3.947e-4
-1.368, 3.991e-4
-1.369, 4.038e-4
-1.370, 4.080e-4
-1.371, 4.124e-4
-1.372, 4.167e-4
-1.373, 4.211e-4
-1.374, 4.255e-4
-1.375, 4.307e-4
-1.376, 4.351e-4
-1.377, 4.397e-4
-1.378, 4.441e-4
-1.379, 4.491e-4
-1.380, 4.543e-4
-1.381, 4.580e-4
-1.382, 4.606e-4
-1.383, 4.661e-4
-1.384, 4.717e-4
-1.385, 4.761e-4
-1.386, 4.817e-4
-1.387, 4.870e-4
-1.388, 4.915e-4
-1.389, 4.966e-4
-1.390, 5.021e-4
-1.391, 5.079e-4
-1.392, 5.132e-4
-1.393, 5.188e-4
-1.394, 5.247e-4
-1.395, 5.310e-4
-1.396, 5.389e-4
-1.397, 5.456e-4
-1.398, 5.521e-4
-1.399, 5.579e-4
-1.400, 5.628e-4
-1.401, 5.676e-4
-1.402, 5.760e-4
-1.403, 5.818e-4
-1.404, 5.883e-4
-1.405, 5.936e-4
-1.406, 6.001e-4
-1.407, 6.074e-4
-1.408, 6.139e-4
-1.409, 6.201e-4
-1.410, 6.276e-4
-1.411, 6.333e-4
-1.412, 6.395e-4
-1.413, 6.464e-4
-1.414, 6.531e-4
-1.415, 6.597e-4
-1.416, 6.664e-4
-1.417, 6.736e-4
-1.418, 6.794e-4
-1.419, 6.863e-4
-1.420, 6.940e-4
-1.421, 7.001e-4
-1.422, 7.080e-4
-1.423, 7.152e-4
-1.424, 7.211e-4
-1.425, 7.270e-4
-1.426, 7.328e-4
-1.427, 7.388e-4
-1.428, 7.462e-4
-1.429, 7.542e-4
-1.430, 7.615e-4
-1.431, 7.694e-4
-1.432, 7.778e-4
-1.433, 7.842e-4
-1.434, 7.924e-4
-1.435, 8.017e-4
-1.436, 8.089e-4
-1.437, 8.153e-4
-1.438, 8.231e-4
-1.439, 8.303e-4
-1.440, 8.383e-4
-1.441, 8.453e-4
-1.442, 8.533e-4
-1.443, 8.608e-4
-1.444, 8.695e-4
-1.445, 8.781e-4
-1.446, 8.848e-4
-1.447, 8.943e-4
-1.448, 9.016e-4
-1.449, 9.091e-4
-1.450, 9.139e-4
-1.451, 9.232e-4
-1.452, 9.321e-4
-1.453, 9.395e-4
-1.454, 9.483e-4
-1.455, 9.556e-4
-1.456, 9.654e-4
-1.457, 9.732e-4
-1.458, 9.819e-4
-1.459, 9.910e-4
-1.460, 9.980e-4
-1.461, 1.006e-3
-1.462, 1.010e-3
-1.463, 1.015e-3
-1.464, 1.025e-3
-1.465, 1.034e-3
-1.466, 1.042e-3
-1.467, 1.051e-3
-1.468, 1.058e-3
-1.469, 1.068e-3
-1.470, 1.078e-3
-1.471, 1.089e-3
-1.472, 1.098e-3
-1.473, 1.107e-3
-1.474, 1.115e-3
-1.475, 1.126e-3
-1.476, 1.132e-3
-1.477, 1.142e-3
-1.478, 1.153e-3
-1.479, 1.158e-3
-1.480, 1.166e-3
-1.481, 1.176e-3
-1.482, 1.187e-3
-1.483, 1.195e-3
-1.484, 1.204e-3
-1.485, 1.213e-3
-1.486, 1.221e-3
-1.487, 1.233e-3
-1.488, 1.241e-3
-1.489, 1.252e-3
-1.490, 1.261e-3
-1.491, 1.270e-3
-1.492, 1.277e-3
-1.493, 1.287e-3
-1.494, 1.296e-3
-1.495, 1.309e-3
-1.496, 1.321e-3
-1.497, 1.334e-3
-1.498, 1.344e-3
-1.499, 1.355e-3
-1.500, 1.360e-3
-1.501, 1.370e-3
-1.502, 1.378e-3
-1.503, 1.389e-3
-1.504, 1.400e-3
-1.505, 1.409e-3
-1.506, 1.420e-3
-1.507, 1.432e-3
-1.508, 1.441e-3
-1.509, 1.451e-3
-1.510, 1.462e-3
-1.511, 1.475e-3
-1.512, 1.487e-3
-1.513, 1.498e-3
-1.514, 1.507e-3
-1.515, 1.520e-3
-1.516, 1.532e-3
-1.517, 1.542e-3
-1.518, 1.551e-3
-1.519, 1.564e-3
-1.520, 1.574e-3
-1.521, 1.586e-3
-1.522, 1.596e-3
-1.523, 1.610e-3
-1.524, 1.622e-3
-1.525, 1.635e-3
-1.526, 1.644e-3
-1.527, 1.655e-3
-1.528, 1.669e-3
-1.529, 1.681e-3
-1.530, 1.692e-3
-1.531, 1.703e-3
-1.532, 1.716e-3
-1.533, 1.729e-3
-1.534, 1.738e-3
-1.535, 1.748e-3
-1.536, 1.758e-3
-1.537, 1.771e-3
-1.538, 1.782e-3
-1.539, 1.797e-3
-1.540, 1.814e-3
-1.541, 1.827e-3
-1.542, 1.840e-3
-1.543, 1.847e-3
-1.544, 1.855e-3
-1.545, 1.866e-3
-1.546, 1.880e-3
-1.547, 1.897e-3
-1.548, 1.911e-3
-1.549, 1.920e-3
-1.550, 1.934e-3
-1.551, 1.945e-3
-1.552, 1.958e-3
-1.553, 1.970e-3
-1.554, 1.982e-3
-1.555, 1.999e-3
-1.556, 2.015e-3
-1.557, 2.019e-3
-1.558, 2.018e-3
-1.559, 2.037e-3
-1.560, 2.038e-3
-1.561, 2.041e-3
-1.562, 2.058e-3
-1.563, 2.077e-3
-1.564, 2.091e-3
-1.565, 2.096e-3
-1.566, 2.105e-3
-1.567, 2.118e-3
-1.568, 2.124e-3
-1.569, 2.141e-3
-1.570, 2.153e-3
-1.571, 2.164e-3
-1.572, 2.181e-3
-1.573, 2.185e-3
-1.574, 2.195e-3
-1.575, 2.211e-3
-1.576, 2.222e-3
-1.577, 2.237e-3
-1.578, 2.240e-3
-1.579, 2.252e-3
-1.580, 2.263e-3
-1.581, 2.278e-3
-1.582, 2.290e-3
-1.583, 2.303e-3
-1.584, 2.339e-3
-1.585, 2.355e-3
-1.586, 2.360e-3
-1.587, 2.369e-3
-1.588, 2.376e-3
-1.589, 2.378e-3
-1.590, 2.386e-3
-1.591, 2.393e-3
-1.592, 2.410e-3
-1.593, 2.426e-3
-1.594, 2.442e-3
-1.595, 2.452e-3
-1.596, 2.465e-3
-1.597, 2.467e-3
-1.598, 2.481e-3
-1.599, 2.491e-3
-1.600, 2.476e-3
-1.599, 2.459e-3
-1.598, 2.429e-3
-1.597, 2.403e-3
-1.596, 2.384e-3
-1.595, 2.364e-3
-1.594, 2.345e-3
-1.593, 2.329e-3
-1.592, 2.307e-3
-1.591, 2.293e-3
-1.590, 2.282e-3
-1.589, 2.266e-3
-1.588, 2.251e-3
-1.587, 2.231e-3
-1.586, 2.215e-3
-1.585, 2.191e-3
-1.584, 2.172e-3
-1.583, 2.170e-3
-1.582, 2.149e-3
-1.581, 2.132e-3
-1.580, 2.114e-3
-1.579, 2.092e-3
-1.578, 2.079e-3
-1.577, 2.061e-3
-1.576, 2.047e-3
-1.575, 2.027e-3
-1.574, 2.010e-3
-1.573, 1.987e-3
-1.572, 1.967e-3
-1.571, 1.951e-3
-1.570, 1.942e-3
-1.569, 1.926e-3
-1.568, 1.910e-3
-1.567, 1.884e-3
-1.566, 1.864e-3
-1.565, 1.859e-3
-1.564, 1.846e-3
-1.563, 1.792e-3
-1.562, 1.772e-3
-1.561, 1.754e-3
-1.560, 1.740e-3
-1.559, 1.729e-3
-1.558, 1.716e-3
-1.557, 1.704e-3
-1.556, 1.688e-3
-1.555, 1.675e-3
-1.554, 1.658e-3
-1.553, 1.639e-3
-1.552, 1.630e-3
-1.551, 1.616e-3
-1.550, 1.598e-3
-1.549, 1.582e-3
-1.548, 1.573e-3
-1.547, 1.560e-3
-1.546, 1.542e-3
-1.545, 1.534e-3
-1.544, 1.523e-3
-1.543, 1.508e-3
-1.542, 1.500e-3
-1.541, 1.490e-3
-1.540, 1.475e-3
-1.539, 1.468e-3
-1.538, 1.454e-3
-1.537, 1.442e-3
-1.536, 1.437e-3
-1.535, 1.425e-3
-1.534, 1.414e-3
-1.533, 1.402e-3
-1.532, 1.390e-3
-1.531, 1.378e-3
-1.530, 1.365e-3
-1.529, 1.355e-3
-1.528, 1.348e-3
-1.527, 1.339e-3
-1.526, 1.327e-3
-1.525, 1.294e-3
-1.524, 1.278e-3
-1.523, 1.272e-3
-1.522, 1.261e-3
-1.521, 1.246e-3
-1.520, 1.246e-3
-1.519, 1.234e-3
-1.518, 1.221e-3
-1.517, 1.206e-3
-1.516, 1.197e-3
-1.515, 1.193e-3
-1.514, 1.182e-3
-1.513, 1.174e-3
-1.512, 1.167e-3
-1.511, 1.162e-3
-1.510, 1.146e-3
-1.509, 1.136e-3
-1.508, 1.109e-3
-1.507, 1.098e-3
-1.506, 1.088e-3
-1.505, 1.084e-3
-1.504, 1.078e-3
-1.503, 1.076e-3
-1.502, 1.070e-3
-1.501, 1.067e-3
-1.500, 1.048e-3
-1.499, 1.038e-3
-1.498, 1.033e-3
-1.497, 1.023e-3
-1.496, 1.012e-3
-1.495, 1.002e-3
-1.494, 9.925e-4
-1.493, 9.829e-4
-1.492, 9.772e-4
-1.491, 9.710e-4
-1.490, 9.637e-4
-1.489, 9.592e-4
-1.488, 9.538e-4
-1.487, 9.424e-4
-1.486, 9.316e-4
-1.485, 9.251e-4
-1.484, 9.146e-4
-1.483, 8.984e-4
-1.482, 8.670e-4
-1.481, 8.656e-4
-1.480, 8.624e-4
-1.479, 8.547e-4
-1.478, 8.475e-4
-1.477, 8.414e-4
-1.476, 8.396e-4
-1.475, 8.281e-4
-1.474, 8.208e-4
-1.473, 8.156e-4
-1.472, 8.092e-4
-1.471, 8.020e-4
-1.470, 7.965e-4
-1.469, 7.928e-4
-1.468, 7.875e-4
-1.467, 7.834e-4
-1.466, 7.758e-4
-1.465, 7.656e-4
-1.464, 7.415e-4
-1.463, 7.232e-4
-1.462, 7.187e-4
-1.461, 7.105e-4
-1.460, 7.018e-4
-1.459, 6.974e-4
-1.458, 6.890e-4
-1.457, 6.845e-4
-1.456, 6.786e-4
-1.455, 6.765e-4
-1.454, 6.708e-4
-1.453, 6.670e-4
-1.452, 6.595e-4
-1.451, 6.486e-4
-1.450, 6.449e-4
-1.449, 6.403e-4
-1.448, 6.312e-4
-1.447, 6.274e-4
-1.446, 6.219e-4
-1.445, 6.166e-4
-1.444, 6.103e-4
-1.443, 6.075e-4
-1.442, 6.045e-4
-1.441, 5.969e-4
-1.440, 5.907e-4
-1.439, 5.824e-4
-1.438, 5.764e-4
-1.437, 5.704e-4
-1.436, 5.665e-4
-1.435, 5.639e-4
-1.434, 5.581e-4
-1.433, 5.533e-4
-1.432, 5.459e-4
-1.431, 5.380e-4
-1.430, 5.327e-4
-1.429, 5.289e-4
-1.428, 5.244e-4
-1.427, 5.221e-4
-1.426, 5.181e-4
-1.425, 5.135e-4
-1.424, 5.078e-4
-1.423, 4.993e-4
-1.422, 4.962e-4
-1.421, 4.912e-4
-1.420, 4.861e-4
-1.419, 4.831e-4
-1.418, 4.726e-4
-1.417, 4.685e-4
-1.416, 4.664e-4
-1.415, 4.614e-4
-1.414, 4.555e-4
-1.413, 4.511e-4
-1.412, 4.469e-4
-1.411, 4.424e-4
-1.410, 4.397e-4
-1.409, 4.352e-4
-1.408, 4.318e-4
-1.407, 4.254e-4
-1.406, 4.183e-4
-1.405, 4.148e-4
-1.404, 4.117e-4
-1.403, 4.079e-4
-1.402, 4.029e-4
-1.401, 3.987e-4
-1.400, 3.942e-4
-1.399, 3.846e-4
-1.398, 3.798e-4
-1.397, 3.756e-4
-1.396, 3.713e-4
-1.395, 3.667e-4
-1.394, 3.627e-4
-1.393, 3.583e-4
-1.392, 3.555e-4
-1.391, 3.526e-4
-1.390, 3.503e-4
-1.389, 3.449e-4
-1.388, 3.403e-4
-1.387, 3.373e-4
-1.386, 3.341e-4
-1.385, 3.299e-4
-1.384, 3.258e-4
-1.383, 3.227e-4
-1.382, 3.198e-4
-1.381, 3.170e-4
-1.380, 3.125e-4
-1.379, 3.074e-4
-1.378, 3.042e-4
-1.377, 3.015e-4
-1.376, 2.980e-4
-1.375, 2.940e-4
-1.374, 2.916e-4
-1.373, 2.889e-4
-1.372, 2.855e-4
-1.371, 2.811e-4
-1.370, 2.773e-4
-1.369, 2.743e-4
-1.368, 2.707e-4
-1.367, 2.662e-4
-1.366, 2.612e-4
-1.365, 2.578e-4
-1.364, 2.547e-4
-1.363, 2.539e-4
-1.362, 2.497e-4
-1.361, 2.458e-4
-1.360, 2.426e-4
-1.359, 2.398e-4
-1.358, 2.350e-4
-1.357, 2.326e-4
-1.356, 2.291e-4
-1.355, 2.245e-4
-1.354, 2.216e-4
-1.353, 2.195e-4
-1.352, 2.170e-4
-1.351, 2.128e-4
-1.350, 2.086e-4
-1.349, 2.054e-4
-1.348, 2.032e-4
-1.347, 2.004e-4
-1.346, 1.975e-4
-1.345, 1.943e-4
-1.344, 1.912e-4
-1.343, 1.886e-4
-1.342, 1.852e-4
-1.341, 1.826e-4
-1.340, 1.793e-4
-1.339, 1.756e-4
-1.338, 1.726e-4
-1.337, 1.697e-4
-1.336, 1.670e-4
-1.335, 1.646e-4
-1.334, 1.608e-4
-1.333, 1.532e-4
-1.332, 1.487e-4
-1.331, 1.455e-4
-1.330, 1.430e-4
-1.329, 1.409e-4
-1.328, 1.394e-4
-1.327, 1.371e-4
-1.326, 1.339e-4
-1.325, 1.314e-4
-1.324, 1.295e-4
-1.323, 1.273e-4
-1.322, 1.251e-4
-1.321, 1.227e-4
-1.320, 1.206e-4
-1.319, 1.188e-4
-1.318, 1.171e-4
-1.317, 1.156e-4
-1.316, 1.134e-4
-1.315, 1.099e-4
-1.314, 1.074e-4
-1.313, 1.052e-4
-1.312, 1.034e-4
-1.311, 1.014e-4
-1.310, 1.004e-4
-1.309, 9.839e-5
-1.308, 9.627e-5
-1.307, 9.382e-5
-1.306, 9.155e-5
-1.305, 8.886e-5
-1.304, 8.636e-5
-1.303, 8.486e-5
-1.302, 8.313e-5
-1.301, 8.105e-5
-1.300, 7.876e-5
-1.299, 7.672e-5
-1.298, 7.458e-5
-1.297, 7.205e-5
-1.296, 7.013e-5
-1.295, 6.835e-5
-1.294, 6.680e-5
-1.293, 6.477e-5
-1.292, 6.271e-5
-1.291, 6.055e-5
-1.290, 5.854e-5
-1.289, 5.672e-5
-1.288, 5.414e-5
-1.287, 5.132e-5
-1.286, 4.931e-5
-1.285, 4.763e-5
-1.284, 4.575e-5
-1.283, 4.386e-5
-1.282, 4.262e-5
-1.281, 4.094e-5
-1.280, 3.883e-5
-1.279, 3.665e-5
-1.278, 3.498e-5
-1.277, 3.350e-5
-1.276, 3.213e-5
-1.275, 3.055e-5
-1.274, 2.896e-5
-1.273, 2.739e-5
-1.272, 2.609e-5
-1.271, 2.444e-5
-1.270, 2.302e-5
-1.269, 2.153e-5
-1.268, 2.016e-5
-1.267, 1.836e-5
-1.266, 1.670e-5
-1.265, 1.521e-5
-1.264, 1.395e-5
-1.263, 1.272e-5
-1.262, 1.152e-5
-1.261, 1.023e-5
-1.260, 8.840e-6
-1.259, 7.490e-6
-1.258, 6.205e-6
-1.257, 4.877e-6
-1.256, 3.651e-6
-1.255, 2.368e-6
-1.254, 1.089e-6
-1.253, -1.127e-7
-1.252, -1.311e-6
-1.251, -2.508e-6
-1.250, -3.668e-6
-1.249, -4.912e-6
-1.248, -6.009e-6
-1.247, -7.095e-6
-1.246, -8.222e-6
-1.245, -9.318e-6
-1.244, -1.037e-5
-1.243, -1.139e-5
-1.242, -1.255e-5
-1.241, -1.359e-5
-1.240, -1.460e-5
-1.239, -1.565e-5
-1.238, -1.675e-5
-1.237, -1.772e-5
-1.236, -1.862e-5
-1.235, -1.968e-5
-1.234, -2.070e-5
-1.233, -2.172e-5
-1.232, -2.263e-5
-1.231, -2.334e-5
-1.230, -2.428e-5
-1.229, -2.560e-5
-1.228, -2.643e-5
-1.227, -2.730e-5
-1.226, -2.825e-5
-1.225, -2.906e-5
-1.224, -2.983e-5
-1.223, -3.023e-5
-1.222, -3.049e-5
-1.221, -3.138e-5
-1.220, -3.227e-5
-1.219, -3.314e-5
-1.218, -3.407e-5
-1.217, -3.486e-5
-1.216, -3.560e-5
-1.215, -3.633e-5
-1.214, -3.715e-5
-1.213, -3.773e-5
-1.212, -3.838e-5
-1.211, -3.924e-5
-1.210, -4.007e-5
-1.209, -4.084e-5
-1.208, -4.133e-5
-1.207, -4.165e-5
-1.206, -4.210e-5
-1.205, -4.229e-5
-1.204, -4.302e-5
-1.203, -4.341e-5
-1.202, -4.462e-5
-1.201, -4.530e-5
-1.200, -4.555e-5
-1.199, -4.619e-5
-1.198, -4.682e-5
-1.197, -4.749e-5
-1.196, -4.756e-5
-1.195, -4.829e-5
-1.194, -4.843e-5
-1.193, -4.898e-5
-1.192, -4.957e-5
-1.191, -5.015e-5
-1.190, -5.082e-5
-1.189, -5.118e-5
-1.188, -5.166e-5
-1.187, -5.200e-5
-1.186, -5.265e-5
-1.185, -5.311e-5
-1.184, -5.400e-5
-1.183, -5.477e-5
-1.182, -5.543e-5
-1.181, -5.539e-5
-1.180, -5.579e-5
-1.179, -5.552e-5
-1.178, -5.569e-5
-1.177, -5.619e-5
-1.176, -5.678e-5
-1.175, -5.706e-5
-1.174, -5.695e-5
-1.173, -5.752e-5
-1.172, -5.789e-5
-1.171, -5.814e-5
-1.170, -5.842e-5
-1.169, -5.860e-5
-1.168, -5.861e-5
-1.167, -5.909e-5
-1.166, -5.962e-5
-1.165, -6.018e-5
-1.164, -6.091e-5
-1.163, -6.094e-5
-1.162, -6.075e-5
-1.161, -6.060e-5
-1.160, -6.100e-5
-1.159, -6.132e-5
-1.158, -6.176e-5
-1.157, -6.141e-5
-1.156, -6.169e-5
-1.155, -6.190e-5
-1.154, -6.227e-5
-1.153, -6.229e-5
-1.152, -6.334e-5
-1.151, -6.327e-5
-1.150, -6.318e-5
-1.149, -6.335e-5
-1.148, -6.374e-5
-1.147, -6.566e-5
-1.146, -6.569e-5
-1.145, -6.596e-5
-1.144, -6.596e-5
-1.143, -6.642e-5
-1.142, -6.698e-5
-1.141, -6.706e-5
-1.140, -6.894e-5
-1.139, -6.830e-5
-1.138, -6.774e-5
-1.137, -6.803e-5
-1.136, -6.824e-5
-1.135, -6.898e-5
-1.134, -6.863e-5
-1.133, -6.869e-5
-1.132, -6.832e-5
-1.131, -6.860e-5
-1.130, -6.956e-5
-1.129, -6.953e-5
-1.128, -6.930e-5
-1.127, -6.913e-5
-1.126, -6.932e-5
-1.125, -6.940e-5
-1.124, -6.965e-5
-1.123, -6.916e-5
-1.122, -6.962e-5
-1.121, -6.950e-5
-1.120, -6.978e-5
-1.119, -6.995e-5
-1.118, -7.116e-5
-1.117, -7.140e-5
-1.116, -7.520e-5
-1.115, -7.984e-5
-1.114, -7.981e-5
-1.113, -7.936e-5
-1.112, -8.130e-5
-1.111, -8.194e-5
-1.110, -8.144e-5
-1.109, -8.087e-5
-1.108, -7.868e-5
-1.107, -7.788e-5
-1.106, -7.929e-5
-1.105, -7.935e-5
-1.104, -7.900e-5
-1.103, -7.753e-5
-1.102, -7.758e-5
-1.101, -7.752e-5
-1.100, -7.790e-5
-1.099, -7.807e-5
-1.098, -7.774e-5
-1.097, -7.744e-5
-1.096, -7.739e-5
-1.095, -7.690e-5
-1.094, -7.732e-5
-1.093, -7.719e-5
-1.092, -7.729e-5
-1.091, -7.733e-5
-1.090, -7.559e-5
-1.089, -7.486e-5
-1.088, -7.460e-5
-1.087, -7.347e-5
-1.086, -7.328e-5
-1.085, -7.381e-5
-1.084, -7.389e-5
-1.083, -7.406e-5
-1.082, -7.430e-5
-1.081, -7.484e-5
-1.080, -7.496e-5
-1.079, -7.484e-5
-1.078, -7.516e-5
-1.077, -7.561e-5
-1.076, -7.598e-5
-1.075, -7.614e-5
-1.074, -7.629e-5
-1.073, -7.733e-5
-1.072, -7.772e-5
-1.071, -7.769e-5
-1.070, -7.801e-5
-1.069, -7.824e-5
-1.068, -7.880e-5
-1.067, -8.002e-5
-1.066, -8.065e-5
-1.065, -8.145e-5
-1.064, -8.127e-5
-1.063, -8.083e-5
-1.062, -8.106e-5
-1.061, -7.991e-5
-1.060, -7.965e-5
-1.059, -8.010e-5
-1.058, -8.030e-5
-1.057, -8.084e-5
-1.056, -8.036e-5
-1.055, -8.189e-5
-1.054, -8.150e-5
-1.053, -8.125e-5
-1.052, -8.108e-5
-1.051, -8.133e-5
-1.050, -8.160e-5
-1.049, -8.183e-5
-1.048, -8.228e-5
-1.047, -8.255e-5
-1.046, -8.307e-5
-1.045, -8.255e-5
-1.044, -8.258e-5
-1.043, -8.286e-5
-1.042, -8.368e-5
-1.041, -8.500e-5
-1.040, -8.574e-5
-1.039, -8.597e-5
-1.038, -8.630e-5
-1.037, -8.557e-5
-1.036, -8.466e-5
-1.035, -8.485e-5
-1.034, -8.524e-5
-1.033, -8.600e-5
-1.032, -8.665e-5
-1.031, -8.785e-5
-1.030, -8.778e-5
-1.029, -8.834e-5
-1.028, -8.879e-5
-1.027, -8.928e-5
-1.026, -8.984e-5
-1.025, -8.974e-5
-1.024, -9.035e-5
-1.023, -9.063e-5
-1.022, -9.101e-5
-1.021, -9.194e-5
-1.020, -9.218e-5
-1.019, -9.267e-5
-1.018, -9.282e-5
-1.017, -9.395e-5
-1.016, -9.411e-5
-1.015, -9.481e-5
-1.014, -9.608e-5
-1.013, -9.553e-5
-1.012, -9.657e-5
-1.011, -9.738e-5
-1.010, -9.851e-5
-1.009, -9.968e-5
-1.008, -1.006e-4
-1.007, -1.016e-4
-1.006, -1.011e-4
-1.005, -1.027e-4
-1.004, -1.024e-4
-1.003, -1.040e-4
-1.002, -1.058e-4
-1.001, -1.085e-4
-1.000, -1.000e-4
-1.001, -8.936e-5
-1.002, -8.241e-5
-1.003, -7.512e-5
-1.004, -7.053e-5
-1.005, -6.671e-5
-1.006, -6.146e-5
-1.007, -5.541e-5
-1.008, -5.195e-5
-1.009, -4.876e-5
-1.010, -4.581e-5
-1.011, -4.292e-5
-1.012, -3.991e-5
-1.013, -3.720e-5
-1.014, -3.418e-5
-1.015, -3.161e-5
-1.016, -2.852e-5
-1.017, -2.614e-5
-1.018, -2.422e-5
-1.019, -2.237e-5
-1.020, -2.077e-5
-1.021, -1.923e-5
-1.022, -1.798e-5
-1.023, -1.520e-5
-1.024, -1.262e-5
-1.025, -1.091e-5
-1.026, -9.383e-6
-1.027, -7.786e-6
-1.028, -6.389e-6
-1.029, -4.948e-6
-1.030, -3.413e-6
-1.031, -1.759e-6
-1.032, -3.179e-7
-1.033, 1.025e-6
-1.034, 2.187e-6
-1.035, 3.236e-6
-1.036, 4.377e-6
-1.037, 5.424e-6
-1.038, 6.445e-6
-1.039, 7.426e-6
-1.040, 8.365e-6
-1.041, 9.329e-6
-1.042, 1.020e-5
-1.043, 1.094e-5
-1.044, 1.169e-5
-1.045, 1.267e-5
-1.046, 1.353e-5
-1.047, 1.419e-5
-1.048, 1.495e-5
-1.049, 1.561e-5
-1.050, 1.575e-5
-1.051, 1.642e-5
-1.052, 1.752e-5
-1.053, 1.828e-5
-1.054, 1.889e-5
-1.055, 1.966e-5
-1.056, 1.991e-5
-1.057, 2.035e-5
-1.058, 2.085e-5
-1.059, 2.145e-5
-1.060, 2.171e-5
-1.061, 2.208e-5
-1.062, 2.258e-5
-1.063, 2.282e-5
-1.064, 2.326e-5
-1.065, 2.375e-5
-1.066, 2.427e-5
-1.067, 2.471e-5
-1.068, 2.528e-5
-1.069, 2.556e-5
-1.070, 2.610e-5
-1.071, 2.647e-5
-1.072, 2.675e-5
-1.073, 2.716e-5
-1.074, 2.748e-5
-1.075, 2.773e-5
-1.076, 2.769e-5
-1.077, 2.792e-5
-1.078, 2.832e-5
-1.079, 2.884e-5
-1.080, 2.919e-5
-1.081, 2.935e-5
-1.082, 2.962e-5
-1.083, 2.986e-5
-1.084, 3.013e-5
-1.085, 3.022e-5
-1.086, 3.041e-5
-1.087, 3.060e-5
-1.088, 3.102e-5
-1.089, 3.112e-5
-1.090, 3.132e-5
-1.091, 3.144e-5
-1.092, 3.159e-5
-1.093, 3.176e-5
-1.094, 3.185e-5
-1.095, 3.210e-5
-1.096, 3.229e-5
-1.097, 3.249e-5
-1.098, 3.296e-5
-1.099, 3.298e-5
-1.100, 3.287e-5
-1.101, 3.305e-5
-1.102, 3.315e-5
-1.103, 3.320e-5
-1.104, 3.346e-5
-1.105, 3.396e-5
-1.106, 3.397e-5
-1.107, 3.425e-5
-1.108, 3.442e-5
-1.109, 3.458e-5
-1.110, 3.419e-5
-1.111, 3.466e-5
-1.112, 3.463e-5
-1.113, 3.516e-5
-1.114, 3.548e-5
-1.115, 3.578e-5
-1.116, 3.561e-5
-1.117, 3.520e-5
-1.118, 3.518e-5
-1.119, 3.558e-5
-1.120, 3.594e-5
-1.121, 3.645e-5
-1.122, 3.660e-5
-1.123, 3.677e-5
-1.124, 3.704e-5
-1.125, 3.689e-5
-1.126, 3.673e-5
-1.127, 3.679e-5
-1.128, 3.661e-5
-1.129, 3.691e-5
-1.130, 3.748e-5
-1.131, 3.793e-5
-1.132, 3.806e-5
-1.133, 3.812e-5
-1.134, 3.814e-5
-1.135, 3.795e-5
-1.136, 3.793e-5
-1.137, 3.848e-5
-1.138, 3.855e-5
-1.139, 3.891e-5
-1.140, 3.892e-5
-1.141, 3.887e-5
-1.142, 3.893e-5
-1.143, 3.894e-5
-1.144, 3.921e-5
-1.145, 3.958e-5
-1.146, 3.972e-5
-1.147, 3.972e-5
-1.148, 4.018e-5
-1.149, 4.037e-5
-1.150, 4.038e-5
-1.151, 4.035e-5
-1.152, 4.074e-5
-1.153, 4.089e-5
-1.154, 4.098e-5
-1.155, 4.129e-5
-1.156, 4.146e-5
-1.157, 4.155e-5
-1.158, 4.204e-5
-1.159, 4.217e-5
-1.160, 4.162e-5
-1.161, 4.150e-5
-1.162, 4.183e-5
-1.163, 4.266e-5
-1.164, 4.310e-5
-1.165, 4.315e-5
-1.166, 4.321e-5
-1.167, 4.321e-5
-1.168, 4.372e-5
-1.169, 4.373e-5
-1.170, 4.375e-5
-1.171, 4.395e-5
-1.172, 4.402e-5
-1.173, 4.415e-5
-1.174, 4.449e-5
-1.175, 4.462e-5
-1.176, 4.443e-5
-1.177, 4.437e-5
-1.178, 4.453e-5
-1.179, 4.494e-5
-1.180, 4.583e-5
-1.181, 4.588e-5
-1.182, 4.607e-5
-1.183, 4.619e-5
-1.184, 4.611e-5
-1.185, 4.657e-5
-1.186, 4.662e-5
-1.187, 4.695e-5
-1.188, 4.741e-5
-1.189, 4.731e-5
-1.190, 4.762e-5
-1.191, 4.814e-5
-1.192, 4.825e-5
-1.193, 4.853e-5
-1.194, 4.875e-5
-1.195, 4.900e-5
-1.196, 4.920e-5
-1.197, 4.941e-5
-1.198, 4.961e-5
-1.199, 4.994e-5
-1.200, 5.007e-5
-1.201, 5.043e-5
-1.202, 5.045e-5
-1.203, 5.084e-5
-1.204, 5.117e-5
-1.205, 5.183e-5
-1.206, 5.209e-5
-1.207, 5.273e-5
-1.208, 5.264e-5
-1.209, 5.291e-5
-1.210, 5.320e-5
-1.211, 5.338e-5
-1.212, 5.393e-5
-1.213, 5.458e-5
-1.214, 5.476e-5
-1.215, 5.495e-5
-1.216, 5.537e-5
-1.217, 5.556e-5
-1.218, 5.584e-5
-1.219, 5.647e-5
-1.220, 5.690e-5
-1.221, 5.722e-5
-1.222, 5.791e-5
-1.223, 5.815e-5
-1.224, 5.824e-5
-1.225, 5.888e-5
-1.226, 5.924e-5
-1.227, 5.979e-5
-1.228, 5.965e-5
-1.229, 5.994e-5
-1.230, 6.075e-5
-1.231, 6.165e-5
-1.232, 6.216e-5
-1.233, 6.231e-5
-1.234, 6.244e-5
-1.235, 6.291e-5
-1.236, 6.293e-5
-1.237, 6.358e-5
-1.238, 6.443e-5
-1.239, 6.565e-5
-1.240, 6.598e-5
-1.241, 6.657e-5
-1.242, 6.687e-5
-1.243, 6.697e-5
-1.244, 6.775e-5
-1.245, 6.828e-5
-1.246, 6.990e-5
-1.247, 6.999e-5
-1.248, 7.065e-5
-1.249, 7.112e-5
-1.250, 7.154e-5
-1.251, 7.173e-5
-1.252, 7.255e-5
-1.253, 7.372e-5
-1.254, 7.454e-5
-1.255, 7.497e-5
-1.256, 7.594e-5
-1.257, 7.751e-5
-1.258, 7.775e-5
-1.259, 7.784e-5
-1.260, 7.837e-5
-1.261, 7.935e-5
-1.262, 8.053e-5
-1.263, 8.131e-5
-1.264, 8.213e-5
-1.265, 8.286e-5
-1.266, 8.353e-5
-1.267, 8.432e-5
-1.268, 8.530e-5
-1.269, 8.623e-5
-1.270, 8.722e-5
-1.271, 8.772e-5
-1.272, 8.892e-5
-1.273, 8.999e-5
-1.274, 9.084e-5
-1.275, 9.219e-5
-1.276, 9.298e-5
-1.277, 9.402e-5
-1.278, 9.437e-5
-1.279, 9.531e-5
-1.280, 9.662e-5
-1.281, 9.783e-5
-1.282, 9.936e-5
-1.283, 1.009e-4
-1.284, 1.016e-4
-1.285, 1.028e-4
-1.286, 1.036e-4
-1.287, 1.041e-4
-1.288, 1.058e-4
-1.289, 1.071e-4
-1.290, 1.082e-4
-1.291, 1.096e-4
-1.292, 1.105e-4
-1.293, 1.119e-4
-1.294, 1.133e-4
-1.295, 1.146e-4
-1.296, 1.166e-4
-1.297, 1.176e-4
-1.298, 1.188e-4
-1.299, 1.203e-4
-1.300, 1.207e-4
-1.301, 1.218e-4
-1.302, 1.248e-4
-1.303, 1.263e-4
-1.304, 1.281e-4
-1.305, 1.295e-4
-1.306, 1.294e-4
-1.307, 1.308e-4
-1.308, 1.324e-4
-1.309, 1.347e-4
-1.310, 1.371e-4
-1.311, 1.391e-4
-1.312, 1.403e-4
-1.313, 1.413e-4
-1.314, 1.429e-4
-1.315, 1.441e-4
-1.316, 1.461e-4
-1.317, 1.484e-4
-1.318, 1.514e-4
-1.319, 1.528e-4
-1.320, 1.553e-4
-1.321, 1.554e-4
-1.322, 1.567e-4
-1.323, 1.587e-4
-1.324, 1.609e-4
-1.325, 1.640e-4
-1.326, 1.657e-4
-1.327, 1.681e-4
-1.328, 1.700e-4
-1.329, 1.697e-4
-1.330, 1.730e-4
-1.331, 1.760e-4
-1.332, 1.784e-4
-1.333, 1.802e-4
-1.334, 1.793e-4
-1.335, 1.804e-4
-1.336, 1.810e-4
-1.337, 1.836e-4
-1.338, 1.880e-4
-1.339, 1.906e-4
-1.340, 1.941e-4
-1.341, 1.975e-4
-1.342, 1.975e-4
-1.343, 1.979e-4
-1.344, 1.997e-4
-1.345, 2.030e-4
-1.346, 2.064e-4
-1.347, 2.081e-4
-1.348, 2.116e-4
-1.349, 2.133e-4
-1.350, 2.170e-4
-1.351, 2.179e-4
-1.352, 2.203e-4
-1.353, 2.229e-4
-1.354, 2.256e-4
-1.355, 2.267e-4
-1.356, 2.301e-4
-1.357, 2.334e-4
-1.358, 2.356e-4
-1.359, 2.384e-4
-1.360, 2.399e-4
-1.361, 2.434e-4
-1.362, 2.458e-4
-1.363, 2.496e-4
-1.364, 2.528e-4
-1.365, 2.541e-4
-1.366, 2.568e-4
-1.367, 2.602e-4
-1.368, 2.625e-4
-1.369, 2.654e-4
-1.370, 2.681e-4
-1.371, 2.714e-4
-1.372, 2.726e-4
-1.373, 2.756e-4
-1.374, 2.798e-4
-1.375, 2.813e-4
-1.376, 2.838e-4
-1.377, 2.852e-4
-1.378, 2.887e-4
-1.379, 2.902e-4
-1.380, 2.941e-4
-1.381, 2.973e-4
-1.382, 3.006e-4
-1.383, 3.082e-4
-1.384, 3.085e-4
-1.385, 3.116e-4
-1.386, 3.171e-4
-1.387, 3.167e-4
-1.388, 3.186e-4
-1.389, 3.225e-4
-1.390, 3.254e-4
-1.391, 3.303e-4
-1.392, 3.348e-4
-1.393, 3.395e-4
-1.394, 3.423e-4
-1.395, 3.437e-4
-1.396, 3.482e-4
-1.397, 3.504e-4
-1.398, 3.538e-4
-1.399, 3.568e-4
-1.400, 3.603e-4
-1.401, 3.634e-4
-1.402, 3.690e-4
-1.403, 3.689e-4
-1.404, 3.773e-4
-1.405, 3.799e-4
-1.406, 3.834e-4
-1.407, 3.884e-4
-1.408, 3.904e-4
-1.409, 3.910e-4
-1.410, 3.940e-4
-1.411, 3.993e-4
-1.412, 4.045e-4
-1.413, 4.102e-4
-1.414, 4.120e-4
-1.415, 4.139e-4
-1.416, 4.189e-4
-1.417, 4.170e-4
-1.418, 4.273e-4
-1.419, 4.311e-4
-1.420, 4.323e-4
-1.421, 4.348e-4
-1.422, 4.368e-4
-1.423, 4.408e-4
-1.424, 4.449e-4
-1.425, 4.538e-4
-1.426, 4.583e-4
-1.427, 4.639e-4
-1.428, 4.665e-4
-1.429, 4.682e-4
-1.430, 4.707e-4
-1.431, 4.752e-4
-1.432, 4.801e-4
-1.433, 4.880e-4
-1.434, 4.921e-4
-1.435, 4.955e-4
-1.436, 4.976e-4
-1.437, 4.965e-4
-1.438, 5.029e-4
-1.439, 5.091e-4
-1.440, 5.142e-4
-1.441, 5.194e-4
-1.442, 5.208e-4
-1.443, 5.256e-4
-1.444, 5.307e-4
-1.445, 5.363e-4
-1.446, 5.414e-4
-1.447, 5.449e-4
-1.448, 5.499e-4
-1.449, 5.542e-4
-1.450, 5.562e-4
-1.451, 5.574e-4
-1.452, 5.636e-4
-1.453, 5.702e-4
-1.454, 5.758e-4
-1.455, 5.796e-4
-1.456, 5.856e-4
-1.457, 5.899e-4
-1.458, 5.939e-4
-1.459, 6.002e-4
-1.460, 6.062e-4
-1.461, 6.087e-4
-1.462, 6.116e-4
-1.463, 6.158e-4
-1.464, 6.183e-4
-1.465, 6.272e-4
-1.466, 6.331e-4
-1.467, 6.343e-4
-1.468, 6.403e-4
-1.469, 6.426e-4
-1.470, 6.459e-4
-1.471, 6.488e-4
-1.472, 6.551e-4
-1.473, 6.625e-4
-1.474, 6.670e-4
-1.475, 6.708e-4
-1.476, 6.759e-4
-1.477, 6.802e-4
-1.478, 6.867e-4
-1.479, 6.882e-4
-1.480, 6.913e-4
-1.481, 7.032e-4
-1.482, 7.105e-4
-1.483, 7.174e-4
-1.484, 7.223e-4
-1.485, 7.253e-4
-1.486, 7.275e-4
-1.487, 7.296e-4
-1.488, 7.362e-4
-1.489, 7.426e-4
-1.490, 7.456e-4
-1.491, 7.524e-4
-1.492, 7.552e-4
-1.493, 7.575e-4
-1.494, 7.630e-4
-1.495, 7.726e-4
-1.496, 7.793e-4
-1.497, 7.869e-4
-1.498, 7.929e-4
-1.499, 7.958e-4
-1.500, 7.960e-4
-1.501, 8.041e-4
-1.502, 8.125e-4
-1.503, 8.154e-4
-1.504, 8.206e-4
-1.505, 8.271e-4
-1.506, 8.299e-4
-1.507, 8.321e-4
-1.508, 8.383e-4
-1.509, 8.461e-4
-1.510, 8.569e-4
-1.511, 8.652e-4
-1.512, 8.702e-4
-1.513, 8.802e-4
-1.514, 8.830e-4
-1.515, 8.839e-4
-1.516, 8.871e-4
-1.517, 8.953e-4
-1.518, 9.015e-4
-1.519, 9.108e-4
-1.520, 9.022e-4
-1.521, 9.098e-4
-1.522, 9.161e-4
-1.523, 9.229e-4
-1.524, 9.264e-4
-1.525, 9.319e-4
-1.526, 9.363e-4
-1.527, 9.426e-4
-1.528, 9.515e-4
-1.529, 9.534e-4
-1.530, 9.632e-4
-1.531, 9.672e-4
-1.532, 9.752e-4
-1.533, 9.811e-4
-1.534, 9.906e-4
-1.535, 1.001e-3
-1.536, 1.009e-3
-1.537, 1.014e-3
-1.538, 1.021e-3
-1.539, 1.029e-3
-1.540, 1.037e-3
-1.541, 1.045e-3
-1.542, 1.051e-3
-1.543, 1.057e-3
-1.544, 1.051e-3
-1.545, 1.053e-3
-1.546, 1.064e-3
-1.547, 1.070e-3
-1.548, 1.078e-3
-1.549, 1.084e-3
-1.550, 1.096e-3
-1.551, 1.097e-3
-1.552, 1.109e-3
-1.553, 1.110e-3
-1.554, 1.115e-3
-1.555, 1.119e-3
-1.556, 1.130e-3
-1.557, 1.139e-3
-1.558, 1.144e-3
-1.559, 1.149e-3
-1.560, 1.150e-3
-1.561, 1.160e-3
-1.562, 1.166e-3
-1.563, 1.175e-3
-1.564, 1.178e-3
-1.565, 1.190e-3
-1.566, 1.203e-3
-1.567, 1.203e-3
-1.568, 1.216e-3
-1.569, 1.230e-3
-1.570, 1.238e-3
-1.571, 1.233e-3
-1.572, 1.238e-3
-1.573, 1.254e-3
-1.574, 1.263e-3
-1.575, 1.271e-3
-1.576, 1.280e-3
-1.577, 1.293e-3
-1.578, 1.300e-3
-1.579, 1.312e-3
-1.580, 1.319e-3
-1.581, 1.326e-3
-1.582, 1.336e-3
-1.583, 1.342e-3
-1.584, 1.348e-3
-1.585, 1.356e-3
-1.586, 1.373e-3
-1.587, 1.386e-3
-1.588, 1.392e-3
-1.589, 1.394e-3
-1.590, 1.402e-3
-1.591, 1.409e-3
-1.592, 1.410e-3
-1.593, 1.435e-3
-1.594, 1.444e-3
-1.595, 1.448e-3
-1.596, 1.454e-3
-1.597, 1.461e-3
-1.598, 1.462e-3
-1.599, 1.457e-3
-1.600, 1.452e-3
-1.599, 1.438e-3
-1.598, 1.421e-3
-1.597, 1.408e-3
-1.596, 1.396e-3
-1.595, 1.381e-3
-1.594, 1.369e-3
-1.593, 1.362e-3
-1.592, 1.361e-3
-1.591, 1.350e-3
-1.590, 1.343e-3
-1.589, 1.332e-3
-1.588, 1.316e-3
-1.587, 1.301e-3
-1.586, 1.295e-3
-1.585, 1.278e-3
-1.584, 1.265e-3
-1.583, 1.254e-3
-1.582, 1.250e-3
-1.581, 1.240e-3
-1.580, 1.233e-3
-1.579, 1.216e-3
-1.578, 1.207e-3
-1.577, 1.195e-3
-1.576, 1.185e-3
-1.575, 1.181e-3
-1.574, 1.167e-3
-1.573, 1.157e-3
-1.572, 1.149e-3
-1.571, 1.153e-3
-1.570, 1.149e-3
-1.569, 1.139e-3
-1.568, 1.136e-3
-1.567, 1.125e-3
-1.566, 1.117e-3
-1.565, 1.106e-3
-1.564, 1.094e-3
-1.563, 1.086e-3
-1.562, 1.077e-3
-1.561, 1.071e-3
-1.560, 1.071e-3
-1.559, 1.067e-3
-1.558, 1.058e-3
-1.557, 1.048e-3
-1.556, 1.041e-3
-1.555, 1.036e-3
-1.554, 1.030e-3
-1.553, 1.022e-3
-1.552, 1.018e-3
-1.551, 1.014e-3
-1.550, 1.001e-3
-1.549, 9.915e-4
-1.548, 9.654e-4
-1.547, 9.512e-4
-1.546, 9.434e-4
-1.545, 9.320e-4
-1.544, 9.224e-4
-1.543, 9.178e-4
-1.542, 9.175e-4
-1.541, 9.148e-4
-1.540, 9.113e-4
-1.539, 9.017e-4
-1.538, 8.974e-4
-1.537, 8.822e-4
-1.536, 8.748e-4
-1.535, 8.733e-4
-1.534, 8.707e-4
-1.533, 8.680e-4
-1.532, 8.570e-4
-1.531, 8.447e-4
-1.530, 8.392e-4
-1.529, 8.315e-4
-1.528, 8.253e-4
-1.527, 8.236e-4
-1.526, 8.184e-4
-1.525, 8.121e-4
-1.524, 8.049e-4
-1.523, 7.924e-4
-1.522, 7.892e-4
-1.521, 7.858e-4
-1.520, 7.791e-4
-1.519, 7.736e-4
-1.518, 7.661e-4
-1.517, 7.562e-4
-1.516, 7.395e-4
-1.515, 7.358e-4
-1.514, 7.289e-4
-1.513, 7.279e-4
-1.512, 7.255e-4
-1.511, 7.209e-4
-1.510, 7.175e-4
-1.509, 7.117e-4
-1.508, 7.053e-4
-1.507, 7.014e-4
-1.506, 6.927e-4
-1.505, 6.909e-4
-1.504, 6.821e-4
-1.503, 6.813e-4
-1.502, 6.747e-4
-1.501, 6.703e-4
-1.500, 6.594e-4
-1.499, 6.552e-4
-1.498, 6.499e-4
-1.497, 6.438e-4
-1.496, 6.390e-4
-1.495, 6.380e-4
-1.494, 6.345e-4
-1.493, 6.271e-4
-1.492, 6.232e-4
-1.491, 6.144e-4
-1.490, 6.087e-4
-1.489, 6.093e-4
-1.488, 6.045e-4
-1.487, 6.022e-4
-1.486, 5.956e-4
-1.485, 5.854e-4
-1.484, 5.801e-4
-1.483, 5.781e-4
-1.482, 5.763e-4
-1.481, 5.702e-4
-1.480, 5.626e-4
-1.479, 5.573e-4
-1.478, 5.579e-4
-1.477, 5.524e-4
-1.476, 5.494e-4
-1.475, 5.438e-4
-1.474, 5.389e-4
-1.473, 5.337e-4
-1.472, 5.341e-4
-1.471, 5.306e-4
-1.470, 5.254e-4
-1.469, 5.183e-4
-1.468, 5.063e-4
-1.467, 4.972e-4
-1.466, 4.983e-4
-1.465, 4.909e-4
-1.464, 4.879e-4
-1.463, 4.832e-4
-1.462, 4.817e-4
-1.461, 4.776e-4
-1.460, 4.716e-4
-1.459, 4.716e-4
-1.458, 4.652e-4
-1.457, 4.644e-4
-1.456, 4.571e-4
-1.455, 4.551e-4
-1.454, 4.516e-4
-1.453, 4.453e-4
-1.452, 4.419e-4
-1.451, 4.361e-4
-1.450, 4.320e-4
-1.449, 4.281e-4
-1.448, 4.249e-4
-1.447, 4.224e-4
-1.446, 4.210e-4
-1.445, 4.221e-4
-1.444, 4.127e-4
-1.443, 4.081e-4
-1.442, 4.028e-4
-1.441, 4.001e-4
-1.440, 3.961e-4
-1.439, 3.912e-4
-1.438, 3.897e-4
-1.437, 3.856e-4
-1.436, 3.785e-4
-1.435, 3.770e-4
-1.434, 3.677e-4
-1.433, 3.536e-4
-1.432, 3.512e-4
-1.431, 3.441e-4
-1.430, 3.414e-4
-1.429, 3.420e-4
-1.428, 3.397e-4
-1.427, 3.363e-4
-1.426, 3.272e-4
-1.425, 3.253e-4
-1.424, 3.213e-4
-1.423, 3.206e-4
-1.422, 3.205e-4
-1.421, 3.199e-4
-1.420, 3.163e-4
-1.419, 3.115e-4
-1.418, 3.112e-4
-1.417, 3.077e-4
-1.416, 3.027e-4
-1.415, 2.987e-4
-1.414, 2.983e-4
-1.413, 2.961e-4
-1.412, 2.869e-4
-1.411, 2.820e-4
-1.410, 2.791e-4
-1.409, 2.779e-4
-1.408, 2.773e-4
-1.407, 2.736e-4
-1.406, 2.687e-4
-1.405, 2.647e-4
-1.404, 2.643e-4
-1.403, 2.629e-4
-1.402, 2.585e-4
-1.401, 2.558e-4
-1.400, 2.522e-4
-1.399, 2.495e-4
-1.398, 2.480e-4
-1.397, 2.462e-4
-1.396, 2.436e-4
-1.395, 2.407e-4
-1.394, 2.393e-4
-1.393, 2.352e-4
-1.392, 2.315e-4
-1.391, 2.284e-4
-1.390, 2.272e-4
-1.389, 2.252e-4
-1.388, 2.237e-4
-1.387, 2.224e-4
-1.386, 2.199e-4
-1.385, 2.166e-4
-1.384, 2.141e-4
-1.383, 2.105e-4
-1.382, 2.062e-4
-1.381, 2.052e-4
-1.380, 2.034e-4
-1.379, 2.014e-4
-1.378, 1.995e-4
-1.377, 1.979e-4
-1.376, 1.963e-4
-1.375, 1.922e-4
-1.374, 1.909e-4
-1.373, 1.872e-4
-1.372, 1.833e-4
-1.371, 1.806e-4
-1.370, 1.799e-4
-1.369, 1.790e-4
-1.368, 1.770e-4
-1.367, 1.753e-4
-1.366, 1.715e-4
-1.365, 1.686e-4
-1.364, 1.649e-4
-1.363, 1.633e-4
-1.362, 1.628e-4
-1.361, 1.613e-4
-1.360, 1.606e-4
-1.359, 1.576e-4
-1.358, 1.544e-4
-1.357, 1.519e-4
-1.356, 1.494e-4
-1.355, 1.491e-4
-1.354, 1.468e-4
-1.353, 1.440e-4
-1.352, 1.422e-4
-1.351, 1.381e-4
-1.350, 1.362e-4
-1.349, 1.345e-4
-1.348, 1.329e-4
-1.347, 1.330e-4
-1.346, 1.300e-4
-1.345, 1.271e-4
-1.344, 1.247e-4
-1.343, 1.233e-4
-1.342, 1.209e-4
-1.341, 1.206e-4
-1.340, 1.178e-4
-1.339, 1.141e-4
-1.338, 1.123e-4
-1.337, 1.097e-4
-1.336, 1.088e-4
-1.335, 1.082e-4
-1.334, 1.070e-4
-1.333, 1.055e-4
-1.332, 1.029e-4
-1.331, 1.005e-4
-1.330, 9.750e-5
-1.329, 9.598e-5
-1.328, 9.459e-5
-1.327, 9.424e-5
-1.326, 9.224e-5
-1.325, 9.198e-5
-1.324, 8.840e-5
-1.323, 8.653e-5
-1.322, 8.481e-5
-1.321, 8.290e-5
-1.320, 7.921e-5
-1.319, 6.535e-5
-1.318, 6.364e-5
-1.317, 6.251e-5
-1.316, 6.126e-5
-1.315, 6.001e-5
-1.314, 5.855e-5
-1.313, 5.752e-5
-1.312, 5.629e-5
-1.311, 5.515e-5
-1.310, 5.397e-5
-1.309, 5.291e-5
-1.308, 5.141e-5
-1.307, 5.021e-5
-1.306, 4.907e-5
-1.305, 4.764e-5
-1.304, 4.663e-5
-1.303, 4.561e-5
-1.302, 4.463e-5
-1.301, 4.356e-5
-1.300, 4.225e-5
-1.299, 4.115e-5
-1.298, 4.035e-5
-1.297, 3.933e-5
-1.296, 3.843e-5
-1.295, 3.714e-5
-1.294, 3.615e-5
-1.293, 3.507e-5
-1.292, 3.403e-5
-1.291, 3.279e-5
-1.290, 3.196e-5
-1.289, 3.115e-5
-1.288, 3.024e-5
-1.287, 2.921e-5
-1.286, 2.859e-5
-1.285, 2.773e-5
-1.284, 2.655e-5
-1.283, 2.534e-5
-1.282, 2.478e-5
-1.281, 2.373e-5
-1.280, 2.259e-5
-1.279, 2.154e-5
-1.278, 2.057e-5
-1.277, 1.974e-5
-1.276, 1.893e-5
-1.275, 1.803e-5
-1.274, 1.711e-5
-1.273, 1.622e-5
-1.272, 1.542e-5
-1.271, 1.459e-5
-1.270, 1.362e-5
-1.269, 1.294e-5
-1.268, 1.211e-5
-1.267, 1.126e-5
-1.266, 1.046e-5
-1.265, 9.725e-6
-1.264, 9.012e-6
-1.263, 8.182e-6
-1.262, 7.349e-6
-1.261, 6.633e-6
-1.260, 5.936e-6
-1.259, 5.171e-6
-1.258, 4.404e-6
-1.257, 3.694e-6
-1.256, 3.014e-6
-1.255, 2.276e-6
-1.254, 1.567e-6
-1.253, 8.956e-7
-1.252, 2.247e-7
-1.251, -4.027e-7
-1.250, -1.034e-6
-1.249, -1.720e-6
-1.248, -2.356e-6
-1.247, -2.989e-6
-1.246, -3.599e-6
-1.245, -4.201e-6
-1.244, -4.838e-6
-1.243, -5.434e-6
-1.242, -6.089e-6
-1.241, -6.659e-6
-1.240, -7.236e-6
-1.239, -7.764e-6
-1.238, -8.346e-6
-1.237, -8.907e-6
-1.236, -9.438e-6
-1.235, -9.094e-6
-1.234, -8.409e-6
-1.233, -8.672e-6
-1.232, -9.011e-6
-1.231, -9.387e-6
-1.230, -9.706e-6
-1.229, -1.017e-5
-1.228, -1.050e-5
-1.227, -1.085e-5
-1.226, -1.116e-5
-1.225, -1.148e-5
-1.224, -1.182e-5
-1.223, -1.227e-5
-1.222, -1.259e-5
-1.221, -1.287e-5
-1.220, -1.312e-5
-1.219, -1.354e-5
-1.218, -1.385e-5
-1.217, -1.417e-5
-1.216, -1.452e-5
-1.215, -1.478e-5
-1.214, -1.508e-5
-1.213, -1.540e-5
-1.212, -1.561e-5
-1.211, -1.600e-5
-1.210, -1.632e-5
-1.209, -1.664e-5
-1.208, -1.678e-5
-1.207, -1.707e-5
-1.206, -1.741e-5
-1.205, -1.761e-5
-1.204, -1.785e-5
-1.203, -1.807e-5
-1.202, -1.822e-5
-1.201, -1.853e-5
-1.200, -1.881e-5
-1.199, -1.893e-5
-1.198, -1.920e-5
-1.197, -1.945e-5
-1.196, -1.967e-5
-1.195, -1.998e-5
-1.194, -2.016e-5
-1.193, -2.038e-5
-1.192, -2.053e-5
-1.191, -2.081e-5
-1.190, -2.120e-5
-1.189, -2.144e-5
-1.188, -2.147e-5
-1.187, -2.168e-5
-1.186, -2.182e-5
-1.185, -2.195e-5
-1.184, -2.213e-5
-1.183, -2.228e-5
-1.182, -2.250e-5
-1.181, -2.262e-5
-1.180, -2.274e-5
-1.179, -2.311e-5
-1.178, -2.324e-5
-1.177, -2.340e-5
-1.176, -2.352e-5
-1.175, -2.360e-5
-1.174, -2.373e-5
-1.173, -2.402e-5
-1.172, -2.408e-5
-1.171, -2.412e-5
-1.170, -2.427e-5
-1.169, -2.449e-5
-1.168, -2.457e-5
-1.167, -2.462e-5
-1.166, -2.484e-5
-1.165, -2.528e-5
-1.164, -2.508e-5
-1.163, -2.513e-5
-1.162, -2.522e-5
-1.161, -2.557e-5
-1.160, -2.565e-5
-1.159, -2.574e-5
-1.158, -2.586e-5
-1.157, -2.590e-5
-1.156, -2.602e-5
-1.155, -2.602e-5
-1.154, -2.616e-5
-1.153, -2.634e-5
-1.152, -2.642e-5
-1.151, -2.637e-5
-1.150, -2.659e-5
-1.149, -2.665e-5
-1.148, -2.683e-5
-1.147, -2.690e-5
-1.146, -2.698e-5
-1.145, -2.695e-5
-1.144, -2.703e-5
-1.143, -2.713e-5
-1.142, -2.720e-5
-1.141, -2.727e-5
-1.140, -2.754e-5
-1.139, -2.747e-5
-1.138, -2.758e-5
-1.137, -2.764e-5
-1.136, -2.772e-5
-1.135, -2.780e-5
-1.134, -2.798e-5
-1.133, -2.838e-5
-1.132, -2.860e-5
-1.131, -2.836e-5
-1.130, -2.834e-5
-1.129, -2.834e-5
-1.128, -2.852e-5
-1.127, -2.865e-5
-1.126, -2.887e-5
-1.125, -2.881e-5
-1.124, -2.891e-5
-1.123, -2.897e-5
-1.122, -2.903e-5
-1.121, -2.916e-5
-1.120, -2.932e-5
-1.119, -3.004e-5
-1.118, -2.954e-5
-1.117, -2.926e-5
-1.116, -2.933e-5
-1.115, -2.958e-5
-1.114, -3.011e-5
-1.113, -3.070e-5
-1.112, -3.136e-5
-1.111, -3.026e-5
-1.110, -3.024e-5
-1.109, -3.014e-5
-1.108, -3.025e-5
-1.107, -3.033e-5
-1.106, -3.033e-5
-1.105, -3.053e-5
-1.104, -3.062e-5
-1.103, -3.072e-5
-1.102, -3.080e-5
-1.101, -3.083e-5
-1.100, -3.099e-5
-1.099, -3.121e-5
-1.098, -3.116e-5
-1.097, -3.118e-5
-1.096, -3.123e-5
-1.095, -3.141e-5
-1.094, -3.170e-5
-1.093, -3.227e-5
-1.092, -3.192e-5
-1.091, -3.249e-5
-1.090, -3.213e-5
-1.089, -3.204e-5
-1.088, -3.241e-5
-1.087, -3.222e-5
-1.086, -3.222e-5
-1.085, -3.274e-5
-1.084, -3.307e-5
-1.083, -3.318e-5
-1.082, -3.363e-5
-1.081, -3.309e-5
-1.080, -3.313e-5
-1.079, -3.320e-5
-1.078, -3.337e-5
-1.077, -3.391e-5
-1.076, -3.444e-5
-1.075, -3.421e-5
-1.074, -3.431e-5
-1.073, -3.416e-5
-1.072, -3.430e-5
-1.071, -3.462e-5
-1.070, -3.513e-5
-1.069, -3.508e-5
-1.068, -3.501e-5
-1.067, -3.516e-5
-1.066, -3.565e-5
-1.065, -3.643e-5
-1.064, -3.639e-5
-1.063, -3.613e-5
-1.062, -3.611e-5
-1.061, -3.619e-5
-1.060, -3.703e-5
-1.059, -3.714e-5
-1.058, -3.830e-5
-1.057, -3.741e-5
-1.056, -3.708e-5
-1.055, -3.738e-5
-1.054, -3.885e-5
-1.053, -3.886e-5
-1.052, -4.023e-5
-1.051, -3.840e-5
-1.050, -3.832e-5
-1.049, -3.867e-5
-1.048, -3.885e-5
-1.047, -3.973e-5
-1.046, -4.011e-5
-1.045, -4.053e-5
-1.044, -4.032e-5
-1.043, -4.041e-5
-1.042, -4.074e-5
-1.041, -4.084e-5
-1.040, -4.120e-5
-1.039, -4.122e-5
-1.038, -4.160e-5
-1.037, -4.192e-5
-1.036, -4.253e-5
-1.035, -4.265e-5
-1.034, -4.268e-5
-1.033, -4.325e-5
-1.032, -4.360e-5
-1.031, -4.379e-5
-1.030, -4.427e-5
-1.029, -4.457e-5
-1.028, -4.500e-5
-1.027, -4.519e-5
-1.026, -4.638e-5
-1.025, -4.632e-5
-1.024, -4.680e-5
-1.023, -4.689e-5
-1.022, -4.706e-5
-1.021, -4.742e-5
-1.020, -4.807e-5
-1.019, -4.889e-5
-1.018, -4.891e-5
-1.017, -4.932e-5
-1.016, -5.090e-5
-1.015, -5.058e-5
-1.014, -5.047e-5
-1.013, -5.072e-5
-1.012, -5.111e-5
-1.011, -5.188e-5
-1.010, -5.302e-5
-1.009, -5.402e-5
-1.008, -5.387e-5
-1.007, -5.427e-5
-1.006, -5.397e-5
-1.005, -5.497e-5
-1.004, -5.477e-5
-1.003, -5.514e-5
-1.002, -5.558e-5
-1.001, -5.630e-5
-1.000, -5.200e-5
-1.001, -4.608e-5
-1.002, -4.199e-5
-1.003, -3.998e-5
-1.004, -3.637e-5
-1.005, -3.330e-5
-1.006, -3.089e-5
-1.007, -2.879e-5
-1.008, -2.694e-5
-1.009, -2.571e-5
-1.010, -2.413e-5
-1.011, -2.161e-5
-1.012, -2.002e-5
-1.013, -1.864e-5
-1.014, -1.721e-5
-1.015, -1.695e-5
-1.016, -1.515e-5
-1.017, -1.364e-5
-1.018, -1.240e-5
-1.019, -1.129e-5
-1.020, -1.007e-5
-1.021, -9.123e-6
-1.022, -8.323e-6
-1.023, -7.117e-6
-1.024, -6.189e-6
-1.025, -5.378e-6
-1.026, -4.555e-6
-1.027, -4.307e-6
-1.028, -2.931e-6
-1.029, -2.201e-6
-1.030, -1.426e-6
-1.031, -7.086e-7
-1.032, -1.896e-7
-1.033, -6.405e-7
-1.034, 6.648e-7
-1.035, 1.718e-6
-1.036, 2.423e-6
-1.037, 3.020e-6
-1.038, 3.488e-6
-1.039, 3.819e-6
-1.040, 3.434e-6
-1.041, 4.511e-6
-1.042, 5.304e-6
-1.043, 5.866e-6
-1.044, 6.448e-6
-1.045, 6.930e-6
-1.046, 7.343e-6
-1.047, 7.722e-6
-1.048, 8.029e-6
-1.049, 8.035e-6
-1.050, 8.510e-6
-1.051, 8.999e-6
-1.052, 9.613e-6
-1.053, 9.907e-6
-1.054, 1.014e-5
-1.055, 9.640e-6
-1.056, 1.045e-5
-1.057, 1.109e-5
-1.058, 1.140e-5
-1.059, 1.170e-5
-1.060, 1.201e-5
-1.061, 1.195e-5
-1.062, 1.156e-5
-1.063, 1.235e-5
-1.064, 1.270e-5
-1.065, 1.317e-5
-1.066, 1.343e-5
-1.067, 1.362e-5
-1.068, 1.331e-5
-1.069, 1.320e-5
-1.070, 1.368e-5
-1.071, 1.432e-5
-1.072, 1.452e-5
-1.073, 1.446e-5
-1.074, 1.478e-5
-1.075, 1.467e-5
-1.076, 1.510e-5
-1.077, 1.524e-5
-1.078, 1.528e-5
-1.079, 1.538e-5
-1.080, 1.555e-5
-1.081, 1.544e-5
-1.082, 1.557e-5
-1.083, 1.586e-5
-1.084, 1.613e-5
-1.085, 1.629e-5
-1.086, 1.607e-5
-1.087, 1.642e-5
-1.088, 1.639e-5
-1.089, 1.664e-5
-1.090, 1.671e-5
-1.091, 1.681e-5
-1.092, 1.662e-5
-1.093, 1.690e-5
-1.094, 1.687e-5
-1.095, 1.704e-5
-1.096, 1.719e-5
-1.097, 1.727e-5
-1.098, 1.736e-5
-1.099, 1.726e-5
-1.100, 1.741e-5
-1.101, 1.741e-5
-1.102, 1.763e-5
-1.103, 1.779e-5
-1.104, 1.780e-5
-1.105, 1.790e-5
-1.106, 1.760e-5
-1.107, 1.711e-5
-1.108, 1.776e-5
-1.109, 1.799e-5
-1.110, 1.808e-5
-1.111, 1.792e-5
-1.112, 1.820e-5
-1.113, 1.824e-5
-1.114, 1.829e-5
-1.115, 1.833e-5
-1.116, 1.843e-5
-1.117, 1.834e-5
-1.118, 1.807e-5
-1.119, 1.838e-5
-1.120, 1.849e-5
-1.121, 1.854e-5
-1.122, 1.861e-5
-1.123, 1.861e-5
-1.124, 1.873e-5
-1.125, 1.877e-5
-1.126, 1.876e-5
-1.127, 1.890e-5
-1.128, 1.887e-5
-1.129, 1.899e-5
-1.130, 1.906e-5
-1.131, 1.910e-5
-1.132, 1.908e-5
-1.133, 1.918e-5
-1.134, 1.921e-5
-1.135, 1.921e-5
-1.136, 1.930e-5
-1.137, 1.934e-5
-1.138, 1.940e-5
-1.139, 1.952e-5
-1.140, 1.960e-5
-1.141, 1.965e-5
-1.142, 1.976e-5
-1.143, 1.983e-5
-1.144, 1.979e-5
-1.145, 1.983e-5
-1.146, 1.996e-5
-1.147, 2.016e-5
-1.148, 2.017e-5
-1.149, 2.019e-5
-1.150, 2.020e-5
-1.151, 2.009e-5
-1.152, 2.015e-5
-1.153, 2.022e-5
-1.154, 2.030e-5
-1.155, 2.037e-5
-1.156, 2.046e-5
-1.157, 2.054e-5
-1.158, 2.057e-5
-1.159, 2.068e-5
-1.160, 2.074e-5
-1.161, 2.089e-5
-1.162, 2.093e-5
-1.163, 2.092e-5
-1.164, 2.103e-5
-1.165, 2.107e-5
-1.166, 2.124e-5
-1.167, 2.127e-5
-1.168, 2.139e-5
-1.169, 2.141e-5
-1.170, 2.147e-5
-1.171, 2.152e-5
-1.172, 2.161e-5
-1.173, 2.173e-5
-1.174, 2.187e-5
-1.175, 2.196e-5
-1.176, 2.200e-5
-1.177, 2.209e-5
-1.178, 2.217e-5
-1.179, 2.231e-5
-1.180, 2.223e-5
-1.181, 2.233e-5
-1.182, 2.248e-5
-1.183, 2.262e-5
-1.184, 2.265e-5
-1.185, 2.282e-5
-1.186, 2.286e-5
-1.187, 2.290e-5
-1.188, 2.316e-5
-1.189, 2.311e-5
-1.190, 2.327e-5
-1.191, 2.341e-5
-1.192, 2.444e-5
-1.193, 2.369e-5
-1.194, 2.377e-5
-1.195, 2.385e-5
-1.196, 2.389e-5
-1.197, 2.411e-5
-1.198, 2.419e-5
-1.199, 2.439e-5
-1.200, 2.452e-5
-1.201, 2.480e-5
-1.202, 2.488e-5
-1.203, 2.502e-5
-1.204, 2.511e-5
-1.205, 2.529e-5
-1.206, 2.538e-5
-1.207, 2.560e-5
-1.208, 2.581e-5
-1.209, 2.584e-5
-1.210, 2.604e-5
-1.211, 2.624e-5
-1.212, 2.638e-5
-1.213, 2.639e-5
-1.214, 2.662e-5
-1.215, 2.693e-5
-1.216, 2.716e-5
-1.217, 2.710e-5
-1.218, 2.729e-5
-1.219, 2.748e-5
-1.220, 2.771e-5
-1.221, 2.781e-5
-1.222, 2.790e-5
-1.223, 2.820e-5
-1.224, 2.826e-5
-1.225, 2.856e-5
-1.226, 2.924e-5
-1.227, 2.930e-5
-1.228, 2.953e-5
-1.229, 2.949e-5
-1.230, 2.972e-5
-1.231, 2.986e-5
-1.232, 3.015e-5
-1.233, 3.062e-5
-1.234, 3.151e-5
-1.235, 3.129e-5
-1.236, 3.127e-5
-1.237, 3.117e-5
-1.238, 3.138e-5
-1.239, 3.164e-5
-1.240, 3.219e-5
-1.241, 3.263e-5
-1.242, 3.293e-5
-1.243, 3.325e-5
-1.244, 3.345e-5
-1.245, 3.360e-5
-1.246, 3.372e-5
-1.247, 3.410e-5
-1.248, 3.445e-5
-1.249, 3.461e-5
-1.250, 3.501e-5
-1.251, 3.513e-5
-1.252, 3.572e-5
-1.253, 3.644e-5
-1.254, 3.718e-5
-1.255, 3.692e-5
-1.256, 3.731e-5
-1.257, 3.744e-5
-1.258, 3.775e-5
-1.259, 3.820e-5
-1.260, 3.862e-5
-1.261, 3.893e-5
-1.262, 3.940e-5
-1.263, 4.001e-5
-1.264, 4.100e-5
-1.265, 4.263e-5
-1.266, 4.341e-5
-1.267, 4.406e-5
-1.268, 4.306e-5
-1.269, 4.261e-5
-1.270, 4.296e-5
-1.271, 4.343e-5
-1.272, 4.398e-5
-1.273, 4.464e-5
-1.274, 4.507e-5
-1.275, 4.632e-5
-1.276, 4.734e-5
-1.277, 4.778e-5
-1.278, 4.745e-5
-1.279, 4.764e-5
-1.280, 4.820e-5
-1.281, 4.885e-5
-1.282, 4.972e-5
-1.283, 5.076e-5
-1.284, 5.196e-5
-1.285, 5.230e-5
-1.286, 5.315e-5
-1.287, 5.419e-5
-1.288, 5.397e-5
-1.289, 5.474e-5
-1.290, 5.449e-5
-1.291, 5.523e-5
-1.292, 5.597e-5
-1.293, 5.671e-5
-1.294, 5.748e-5
-1.295, 5.908e-5
-1.296, 6.007e-5
-1.297, 5.978e-5
-1.298, 6.053e-5
-1.299, 6.113e-5
-1.300, 6.196e-5
-1.301, 6.303e-5
-1.302, 6.390e-5
-1.303, 6.573e-5
-1.304, 6.553e-5
-1.305, 6.603e-5
-1.306, 6.664e-5
-1.307, 6.759e-5
-1.308, 6.865e-5
-1.309, 6.938e-5
-1.310, 7.030e-5
-1.311, 7.122e-5
-1.312, 7.241e-5
-1.313, 7.330e-5
-1.314, 7.444e-5
-1.315, 7.529e-5
-1.316, 7.581e-5
-1.317, 7.703e-5
-1.318, 7.821e-5
-1.319, 7.961e-5
-1.320, 8.070e-5
-1.321, 8.185e-5
-1.322, 8.312e-5
-1.323, 8.317e-5
-1.324, 8.441e-5
-1.325, 8.542e-5
-1.326, 8.695e-5
-1.327, 8.826e-5
-1.328, 8.924e-5
-1.329, 8.995e-5
-1.330, 9.093e-5
-1.331, 9.230e-5
-1.332, 9.302e-5
-1.333, 9.610e-5
-1.334, 9.863e-5
-1.335, 9.919e-5
-1.336, 9.884e-5
-1.337, 9.933e-5
-1.338, 1.002e-4
-1.339, 1.017e-4
-1.340, 1.030e-4
-1.341, 1.056e-4
-1.342, 1.058e-4
-1.343, 1.071e-4
-1.344, 1.080e-4
-1.345, 1.093e-4
-1.346, 1.111e-4
-1.347, 1.128e-4
-1.348, 1.141e-4
-1.349, 1.156e-4
-1.350, 1.169e-4
-1.351, 1.184e-4
-1.352, 1.200e-4
-1.353, 1.214e-4
-1.354, 1.225e-4
-1.355, 1.239e-4
-1.356, 1.246e-4
-1.357, 1.263e-4
-1.358, 1.281e-4
-1.359, 1.297e-4
-1.360, 1.322e-4
-1.361, 1.328e-4
-1.362, 1.348e-4
-1.363, 1.361e-4
-1.364, 1.371e-4
-1.365, 1.380e-4
-1.366, 1.405e-4
-1.367, 1.424e-4
-1.368, 1.450e-4
-1.369, 1.459e-4
-1.370, 1.468e-4
-1.371, 1.487e-4
-1.372, 1.498e-4
-1.373, 1.523e-4
-1.374, 1.539e-4
-1.375, 1.558e-4
-1.376, 1.570e-4
-1.377, 1.587e-4
-1.378, 1.597e-4
-1.379, 1.629e-4
-1.380, 1.639e-4
-1.381, 1.666e-4
-1.382, 1.688e-4
-1.383, 1.699e-4
-1.384, 1.715e-4
-1.385, 1.737e-4
-1.386, 1.755e-4
-1.387, 1.769e-4
-1.388, 1.789e-4
-1.389, 1.808e-4
-1.390, 1.830e-4
-1.391, 1.851e-4
-1.392, 1.882e-4
-1.393, 1.890e-4
-1.394, 1.905e-4
-1.395, 1.926e-4
-1.396, 1.945e-4
-1.397, 1.963e-4
-1.398, 1.986e-4
-1.399, 2.015e-4
-1.400, 2.024e-4
-1.401, 2.044e-4
-1.402, 2.058e-4
-1.403, 2.080e-4
-1.404, 2.102e-4
-1.405, 2.133e-4
-1.406, 2.160e-4
-1.407, 2.176e-4
-1.408, 2.185e-4
-1.409, 2.212e-4
-1.410, 2.238e-4
-1.411, 2.255e-4
-1.412, 2.271e-4
-1.413, 2.288e-4
-1.414, 2.321e-4
-1.415, 2.375e-4
-1.416, 2.394e-4
-1.417, 2.395e-4
-1.418, 2.420e-4
-1.419, 2.441e-4
-1.420, 2.466e-4
-1.421, 2.485e-4
-1.422, 2.506e-4
-1.423, 2.536e-4
-1.424, 2.558e-4
-1.425, 2.592e-4
-1.426, 2.605e-4
-1.427, 2.633e-4
-1.428, 2.662e-4
-1.429, 2.705e-4
-1.430, 2.708e-4
-1.431, 2.725e-4
-1.432, 2.752e-4
-1.433, 2.771e-4
-1.434, 2.815e-4
-1.435, 2.827e-4
-1.436, 2.852e-4
-1.437, 2.877e-4
-1.438, 2.895e-4
-1.439, 2.926e-4
-1.440, 2.948e-4
-1.441, 2.975e-4
-1.442, 2.998e-4
-1.443, 3.030e-4
-1.444, 3.061e-4
-1.445, 3.095e-4
-1.446, 3.111e-4
-1.447, 3.165e-4
-1.448, 3.153e-4
-1.449, 3.183e-4
-1.450, 3.209e-4
-1.451, 3.239e-4
-1.452, 3.272e-4
-1.453, 3.296e-4
-1.454, 3.329e-4
-1.455, 3.350e-4
-1.456, 3.394e-4
-1.457, 3.404e-4
-1.458, 3.419e-4
-1.459, 3.447e-4
-1.460, 3.490e-4
-1.461, 3.533e-4
-1.462, 3.558e-4
-1.463, 3.618e-4
-1.464, 3.617e-4
-1.465, 3.638e-4
-1.466, 3.650e-4
-1.467, 3.676e-4
-1.468, 3.705e-4
-1.469, 3.729e-4
-1.470, 3.783e-4
-1.471, 3.798e-4
-1.472, 3.831e-4
-1.473, 3.856e-4
-1.474, 3.909e-4
-1.475, 3.951e-4
-1.476, 3.967e-4
-1.477, 4.004e-4
-1.478, 4.020e-4
-1.479, 4.047e-4
-1.480, 4.075e-4
-1.481, 4.122e-4
-1.482, 4.169e-4
-1.483, 4.188e-4
-1.484, 4.200e-4
-1.485, 4.233e-4
-1.486, 4.254e-4
-1.487, 4.301e-4
-1.488, 4.341e-4
-1.489, 4.417e-4
-1.490, 4.412e-4
-1.491, 4.435e-4
-1.492, 4.478e-4
-1.493, 4.485e-4
-1.494, 4.522e-4
-1.495, 4.559e-4
-1.496, 4.586e-4
-1.497, 4.622e-4
-1.498, 4.659e-4
-1.499, 4.687e-4
-1.500, 4.715e-4
-1.501, 4.741e-4
-1.502, 4.790e-4
-1.503, 4.823e-4
-1.504, 4.875e-4
-1.505, 4.933e-4
-1.506, 4.961e-4
-1.507, 4.975e-4
-1.508, 5.013e-4
-1.509, 5.040e-4
-1.510, 5.079e-4
-1.511, 5.109e-4
-1.512, 5.162e-4
-1.513, 5.207e-4
-1.514, 5.238e-4
-1.515, 5.251e-4
-1.516, 5.292e-4
-1.517, 5.338e-4
-1.518, 5.371e-4
-1.519, 5.418e-4
-1.520, 5.452e-4
-1.521, 5.507e-4
-1.522, 5.544e-4
-1.523, 5.578e-4
-1.524, 5.610e-4
-1.525, 5.641e-4
-1.526, 5.687e-4
-1.527, 5.715e-4
-1.528, 5.753e-4
-1.529, 5.792e-4
-1.530, 5.847e-4
-1.531, 5.887e-4
-1.532, 5.907e-4
-1.533, 5.959e-4
-1.534, 5.994e-4
-1.535, 6.049e-4
-1.536, 6.092e-4
-1.537, 6.127e-4
-1.538, 6.160e-4
-1.539, 6.212e-4
-1.540, 6.246e-4
-1.541, 6.282e-4
-1.542, 6.338e-4
-1.543, 6.379e-4
-1.544, 6.411e-4
-1.545, 6.456e-4
-1.546, 6.518e-4
-1.547, 6.568e-4
-1.548, 6.617e-4
-1.549, 6.600e-4
-1.550, 6.653e-4
-1.551, 6.691e-4
-1.552, 6.734e-4
-1.553, 6.765e-4
-1.554, 6.828e-4
-1.555, 6.850e-4
-1.556, 6.915e-4
-1.557, 6.947e-4
-1.558, 7.005e-4
-1.559, 7.054e-4
-1.560, 7.091e-4
-1.561, 7.119e-4
-1.562, 7.170e-4
-1.563, 7.245e-4
-1.564, 7.283e-4
-1.565, 7.329e-4
-1.566, 7.378e-4
-1.567, 7.440e-4
-1.568, 7.508e-4
-1.569, 7.553e-4
-1.570, 7.586e-4
-1.571, 7.643e-4
-1.572, 7.691e-4
-1.573, 7.774e-4
-1.574, 7.872e-4
-1.575, 7.922e-4
-1.576, 7.969e-4
-1.577, 7.998e-4
-1.578, 8.071e-4
-1.579, 8.130e-4
-1.580, 8.213e-4
-1.581, 8.288e-4
-1.582, 8.321e-4
-1.583, 8.397e-4
-1.584, 8.430e-4
-1.585, 8.505e-4
-1.586, 8.550e-4
-1.587, 8.523e-4
-1.588, 8.663e-4
-1.589, 8.671e-4
-1.590, 8.730e-4
-1.591, 8.793e-4
-1.592, 8.857e-4
-1.593, 8.942e-4
-1.594, 8.982e-4
-1.595, 9.045e-4
-1.596, 9.122e-4
-1.597, 9.164e-4
-1.598, 9.217e-4
-1.599, 9.262e-4
-1.600, 9.287e-4
-1.599, 9.191e-4
-1.598, 9.102e-4
-1.597, 8.992e-4
-1.596, 8.946e-4
-1.595, 8.859e-4
-1.594, 8.758e-4
-1.593, 8.652e-4
-1.592, 8.568e-4
-1.591, 8.504e-4
-1.590, 8.418e-4
-1.589, 8.278e-4
-1.588, 8.240e-4
-1.587, 8.145e-4
-1.586, 8.090e-4
-1.585, 8.038e-4
-1.584, 7.979e-4
-1.583, 7.891e-4
-1.582, 7.846e-4
-1.581, 7.790e-4
-1.580, 7.744e-4
-1.579, 7.712e-4
-1.578, 7.652e-4
-1.577, 7.597e-4
-1.576, 7.532e-4
-1.575, 7.445e-4
-1.574, 7.420e-4
-1.573, 7.339e-4
-1.572, 7.286e-4
-1.571, 7.232e-4
-1.570, 7.160e-4
-1.569, 7.106e-4
-1.568, 7.058e-4
-1.567, 7.016e-4
-1.566, 6.950e-4
-1.565, 6.907e-4
-1.564, 6.804e-4
-1.563, 6.628e-4
-1.562, 6.529e-4
-1.561, 6.428e-4
-1.560, 6.383e-4
-1.559, 6.366e-4
-1.558, 6.310e-4
-1.557, 6.225e-4
-1.556, 6.187e-4
-1.555, 6.143e-4
-1.554, 6.082e-4
-1.553, 6.005e-4
-1.552, 5.936e-4
-1.551, 5.880e-4
-1.550, 5.851e-4
-1.549, 5.797e-4
-1.548, 5.732e-4
-1.547, 5.664e-4
-1.546, 5.639e-4
-1.545, 5.609e-4
-1.544, 5.595e-4
-1.543, 5.537e-4
-1.542, 5.485e-4
-1.541, 5.445e-4
-1.540, 5.395e-4
-1.539, 5.376e-4
-1.538, 5.321e-4
-1.537, 5.264e-4
-1.536, 5.218e-4
-1.535, 5.168e-4
-1.534, 5.122e-4
-1.533, 5.088e-4
-1.532, 5.052e-4
-1.531, 5.035e-4
-1.530, 4.968e-4
-1.529, 4.926e-4
-1.528, 4.885e-4
-1.527, 4.848e-4
-1.526, 4.775e-4
-1.525, 4.727e-4
-1.524, 4.698e-4
-1.523, 4.668e-4
-1.522, 4.668e-4
-1.521, 4.610e-4
-1.520, 4.576e-4
-1.519, 4.548e-4
-1.518, 4.483e-4
-1.517, 4.452e-4
-1.516, 4.420e-4
-1.515, 4.392e-4
-1.514, 4.372e-4
-1.513, 4.307e-4
-1.512, 4.279e-4
-1.511, 4.248e-4
-1.510, 4.224e-4
-1.509, 4.179e-4
-1.508, 4.117e-4
-1.507, 4.096e-4
-1.506, 4.062e-4
-1.505, 4.035e-4
-1.504, 3.977e-4
-1.503, 3.957e-4
-1.502, 3.926e-4
-1.501, 3.902e-4
-1.500, 3.870e-4
-1.499, 3.835e-4
-1.498, 3.795e-4
-1.497, 3.764e-4
-1.496, 3.739e-4
-1.495, 3.727e-4
-1.494, 3.691e-4
-1.493, 3.640e-4
-1.492, 3.611e-4
-1.491, 3.563e-4
-1.490, 3.537e-4
-1.489, 3.488e-4
-1.488, 3.468e-4
-1.487, 3.452e-4
-1.486, 3.439e-4
-1.485, 3.402e-4
-1.484, 3.365e-4
-1.483, 3.330e-4
-1.482, 3.263e-4
-1.481, 3.147e-4
-1.480, 3.127e-4
-1.479, 3.110e-4
-1.478, 3.090e-4
-1.477, 3.068e-4
-1.476, 3.049e-4
-1.475, 3.002e-4
-1.474, 2.976e-4
-1.473, 2.953e-4
-1.472, 2.931e-4
-1.471, 2.905e-4
-1.470, 2.890e-4
-1.469, 2.864e-4
-1.468, 2.836e-4
-1.467, 2.800e-4
-1.466, 2.780e-4
-1.465, 2.763e-4
-1.464, 2.738e-4
-1.463, 2.718e-4
-1.462, 2.697e-4
-1.461, 2.675e-4
-1.460, 2.656e-4
-1.459, 2.612e-4
-1.458, 2.577e-4
-1.457, 2.558e-4
-1.456, 2.533e-4
-1.455, 2.510e-4
-1.454, 2.487e-4
-1.453, 2.462e-4
-1.452, 2.444e-4
-1.451, 2.416e-4
-1.450, 2.407e-4
-1.449, 2.395e-4
-1.448, 2.354e-4
-1.447, 2.346e-4
-1.446, 2.335e-4
-1.445, 2.318e-4
-1.444, 2.286e-4
-1.443, 2.262e-4
-1.442, 2.243e-4
-1.441, 2.217e-4
-1.440, 2.191e-4
-1.439, 2.184e-4
-1.438, 2.183e-4
-1.437, 2.122e-4
-1.436, 2.100e-4
-1.435, 2.082e-4
-1.434, 2.061e-4
-1.433, 2.043e-4
-1.432, 2.016e-4
-1.431, 1.996e-4
-1.430, 1.976e-4
-1.429, 1.963e-4
-1.428, 1.948e-4
-1.427, 1.936e-4
-1.426, 1.914e-4
-1.425, 1.893e-4
-1.424, 1.870e-4
-1.423, 1.853e-4
-1.422, 1.845e-4
-1.421, 1.819e-4
-1.420, 1.791e-4
-1.419, 1.778e-4
-1.418, 1.755e-4
-1.417, 1.730e-4
-1.416, 1.719e-4
-1.415, 1.703e-4
-1.414, 1.683e-4
-1.413, 1.662e-4
-1.412, 1.650e-4
-1.411, 1.640e-4
-1.410, 1.624e-4
-1.409, 1.611e-4
-1.408, 1.594e-4
-1.407, 1.567e-4
-1.406, 1.546e-4
-1.405, 1.536e-4
-1.404, 1.520e-4
-1.403, 1.503e-4
-1.402, 1.486e-4
-1.401, 1.468e-4
-1.400, 1.437e-4
-1.399, 1.416e-4
-1.398, 1.403e-4
-1.397, 1.391e-4
-1.396, 1.368e-4
-1.395, 1.351e-4
-1.394, 1.336e-4
-1.393, 1.321e-4
-1.392, 1.305e-4
-1.391, 1.276e-4
-1.390, 1.272e-4
-1.389, 1.262e-4
-1.388, 1.252e-4
-1.387, 1.235e-4
-1.386, 1.233e-4
-1.385, 1.210e-4
-1.384, 1.191e-4
-1.383, 1.178e-4
-1.382, 1.155e-4
-1.381, 1.147e-4
-1.380, 1.132e-4
-1.379, 1.117e-4
-1.378, 1.102e-4
-1.377, 1.083e-4
-1.376, 1.067e-4
-1.375, 1.053e-4
-1.374, 1.044e-4
-1.373, 1.039e-4
-1.372, 1.019e-4
-1.371, 1.012e-4
-1.370, 1.003e-4
-1.369, 9.905e-5
-1.368, 9.814e-5
-1.367, 9.692e-5
-1.366, 9.381e-5
-1.365, 9.293e-5
-1.364, 9.223e-5
-1.363, 9.131e-5
-1.362, 9.023e-5
-1.361, 8.885e-5
-1.360, 8.760e-5
-1.359, 8.631e-5
-1.358, 8.565e-5
-1.357, 8.423e-5
-1.356, 8.266e-5
-1.355, 8.152e-5
-1.354, 8.007e-5
-1.353, 7.893e-5
-1.352, 7.797e-5
-1.351, 7.684e-5
-1.350, 7.526e-5
-1.349, 7.352e-5
-1.348, 7.282e-5
-1.347, 7.181e-5
-1.346, 7.050e-5
-1.345, 6.828e-5
-1.344, 6.724e-5
-1.343, 6.650e-5
-1.342, 6.527e-5
-1.341, 6.447e-5
-1.340, 6.370e-5
-1.339, 6.221e-5
-1.338, 6.124e-5
-1.337, 6.024e-5
-1.336, 5.937e-5
-1.335, 5.814e-5
-1.334, 5.725e-5
-1.333, 5.576e-5
-1.332, 5.469e-5
-1.331, 5.362e-5
-1.330, 5.309e-5
-1.329, 5.228e-5
-1.328, 5.147e-5
-1.327, 5.022e-5
-1.326, 4.903e-5
-1.325, 4.824e-5
-1.324, 4.743e-5
-1.323, 4.582e-5
-1.322, 4.519e-5
-1.321, 4.458e-5
-1.320, 4.353e-5
-1.319, 4.286e-5
-1.318, 4.198e-5
-1.317, 4.094e-5
-1.316, 4.038e-5
-1.315, 3.979e-5
-1.314, 3.828e-5
-1.313, 3.668e-5
-1.312, 3.618e-5
-1.311, 3.511e-5
-1.310, 3.444e-5
-1.309, 3.401e-5
-1.308, 3.334e-5
-1.307, 3.249e-5
-1.306, 3.184e-5
-1.305, 3.103e-5
-1.304, 3.036e-5
-1.303, 2.973e-5
-1.302, 2.884e-5
-1.301, 2.813e-5
-1.300, 2.740e-5
-1.299, 2.669e-5
-1.298, 2.570e-5
-1.297, 2.486e-5
-1.296, 2.427e-5
-1.295, 2.360e-5
-1.294, 2.307e-5
-1.293, 2.236e-5
-1.292, 2.159e-5
-1.291, 2.089e-5
-1.290, 2.030e-5
-1.289, 1.967e-5
-1.288, 1.912e-5
-1.287, 1.861e-5
-1.286, 1.800e-5
-1.285, 1.737e-5
-1.284, 1.672e-5
-1.283, 1.613e-5
-1.282, 1.562e-5
-1.281, 1.491e-5
-1.280, 1.432e-5
-1.279, 1.379e-5
-1.278, 1.321e-5
-1.277, 1.265e-5
-1.276, 1.212e-5
-1.275, 1.161e-5
-1.274, 1.106e-5
-1.273, 1.044e-5
-1.272, 9.933e-6
-1.271, 9.511e-6
-1.270, 9.018e-6
-1.269, 8.496e-6
-1.268, 8.067e-6
-1.267, 7.508e-6
-1.266, 7.033e-6
-1.265, 6.542e-6
-1.264, 6.120e-6
-1.263, 5.697e-6
-1.262, 5.226e-6
-1.261, 4.768e-6
-1.260, 4.361e-6
-1.259, 3.928e-6
-1.258, 3.508e-6
-1.257, 3.073e-6
-1.256, 2.721e-6
-1.255, 2.326e-6
-1.254, 1.862e-6
-1.253, 1.475e-6
-1.252, 1.078e-6
-1.251, 6.954e-7
-1.250, 3.481e-7
-1.249, -4.953e-8
-1.248, -4.047e-7
-1.247, -7.461e-7
-1.246, -1.093e-6
-1.245, -1.442e-6
-1.244, -1.786e-6
-1.243, -2.100e-6
-1.242, -2.397e-6
-1.241, -2.736e-6
-1.240, -3.008e-6
-1.239, -3.316e-6
-1.238, -3.673e-6
-1.237, -3.919e-6
-1.236, -4.232e-6
-1.235, -4.516e-6
-1.234, -4.770e-6
-1.233, -5.033e-6
-1.232, -5.299e-6
-1.231, -5.616e-6
-1.230, -5.864e-6
-1.229, -6.195e-6
-1.228, -6.420e-6
-1.227, -6.586e-6
-1.226, -6.821e-6
-1.225, -7.047e-6
-1.224, -7.237e-6
-1.223, -7.473e-6
-1.222, -7.768e-6
-1.221, -7.946e-6
-1.220, -8.156e-6
-1.219, -8.349e-6
-1.218, -8.571e-6
-1.217, -8.748e-6
-1.216, -8.936e-6
-1.215, -9.114e-6
-1.214, -9.356e-6
-1.213, -9.478e-6
-1.212, -9.580e-6
-1.211, -9.788e-6
-1.210, -9.940e-6
-1.209, -1.007e-5
-1.208, -1.025e-5
-1.207, -1.043e-5
-1.206, -1.066e-5
-1.205, -1.071e-5
-1.204, -1.091e-5
-1.203, -1.111e-5
-1.202, -1.119e-5
-1.201, -1.133e-5
-1.200, -1.145e-5
-1.199, -1.162e-5
-1.198, -1.171e-5
-1.197, -1.187e-5
-1.196, -1.211e-5
-1.195, -1.217e-5
-1.194, -1.225e-5
-1.193, -1.243e-5
-1.192, -1.243e-5
-1.191, -1.248e-5
-1.190, -1.267e-5
-1.189, -1.282e-5
-1.188, -1.293e-5
-1.187, -1.301e-5
-1.186, -1.317e-5
-1.185, -1.333e-5
-1.184, -1.336e-5
-1.183, -1.333e-5
-1.182, -1.346e-5
-1.181, -1.355e-5
-1.180, -1.369e-5
-1.179, -1.379e-5
-1.178, -1.381e-5
-1.177, -1.374e-5
-1.176, -1.381e-5
-1.175, -1.399e-5
-1.174, -1.416e-5
-1.173, -1.423e-5
-1.172, -1.432e-5
-1.171, -1.441e-5
-1.170, -1.441e-5
-1.169, -1.443e-5
-1.168, -1.448e-5
-1.167, -1.452e-5
-1.166, -1.466e-5
-1.165, -1.476e-5
-1.164, -1.485e-5
-1.163, -1.502e-5
-1.162, -1.504e-5
-1.161, -1.511e-5
-1.160, -1.508e-5
-1.159, -1.516e-5
-1.158, -1.520e-5
-1.157, -1.520e-5
-1.156, -1.531e-5
-1.155, -1.544e-5
-1.154, -1.549e-5
-1.153, -1.565e-5
-1.152, -1.568e-5
-1.151, -1.579e-5
-1.150, -1.588e-5
-1.149, -1.583e-5
-1.148, -1.587e-5
-1.147, -1.597e-5
-1.146, -1.601e-5
-1.145, -1.610e-5
-1.144, -1.615e-5
-1.143, -1.619e-5
-1.142, -1.633e-5
-1.141, -1.633e-5
-1.140, -1.629e-5
-1.139, -1.643e-5
-1.138, -1.650e-5
-1.137, -1.648e-5
-1.136, -1.674e-5
-1.135, -1.681e-5
-1.134, -1.687e-5
-1.133, -1.698e-5
-1.132, -1.692e-5
-1.131, -1.694e-5
-1.130, -1.700e-5
-1.129, -1.710e-5
-1.128, -1.706e-5
-1.127, -1.713e-5
-1.126, -1.729e-5
-1.125, -1.735e-5
-1.124, -1.737e-5
-1.123, -1.738e-5
-1.122, -1.748e-5
-1.121, -1.763e-5
-1.120, -1.761e-5
-1.119, -1.758e-5
-1.118, -1.784e-5
-1.117, -1.781e-5
-1.116, -1.792e-5
-1.115, -1.799e-5
-1.114, -1.808e-5
-1.113, -1.806e-5
-1.112, -1.827e-5
-1.111, -1.833e-5
-1.110, -1.843e-5
-1.109, -1.848e-5
-1.108, -1.862e-5
-1.107, -1.865e-5
-1.106, -1.874e-5
-1.105, -1.886e-5
-1.104, -1.900e-5
-1.103, -1.903e-5
-1.102, -1.895e-5
-1.101, -1.906e-5
-1.100, -1.921e-5
-1.099, -1.925e-5
-1.098, -1.931e-5
-1.097, -1.942e-5
-1.096, -1.951e-5
-1.095, -1.965e-5
-1.094, -1.986e-5
-1.093, -2.003e-5
-1.092, -2.008e-5
-1.091, -2.004e-5
-1.090, -2.029e-5
-1.089, -2.038e-5
-1.088, -2.040e-5
-1.087, -2.046e-5
-1.086, -2.053e-5
-1.085, -2.086e-5
-1.084, -2.104e-5
-1.083, -2.107e-5
-1.082, -2.114e-5
-1.081, -2.124e-5
-1.080, -2.140e-5
-1.079, -2.155e-5
-1.078, -2.188e-5
-1.077, -2.186e-5
-1.076, -2.193e-5
-1.075, -2.225e-5
-1.074, -2.237e-5
-1.073, -2.226e-5
-1.072, -2.249e-5
-1.071, -2.270e-5
-1.070, -2.302e-5
-1.069, -2.287e-5
-1.068, -2.299e-5
-1.067, -2.307e-5
-1.066, -2.319e-5
-1.065, -2.349e-5
-1.064, -2.374e-5
-1.063, -2.390e-5
-1.062, -2.404e-5
-1.061, -2.418e-5
-1.060, -2.433e-5
-1.059, -2.460e-5
-1.058, -2.493e-5
-1.057, -2.481e-5
-1.056, -2.518e-5
-1.055, -2.537e-5
-1.054, -2.584e-5
-1.053, -2.579e-5
-1.052, -2.599e-5
-1.051, -2.639e-5
-1.050, -2.664e-5
-1.049, -2.697e-5
-1.048, -2.739e-5
-1.047, -2.748e-5
-1.046, -2.746e-5
-1.045, -2.781e-5
-1.044, -2.811e-5
-1.043, -2.844e-5
-1.042, -2.857e-5
-1.041, -2.879e-5
-1.040, -2.915e-5
-1.039, -2.927e-5
-1.038, -2.964e-5
-1.037, -2.998e-5
-1.036, -3.013e-5
-1.035, -3.019e-5
-1.034, -3.063e-5
-1.033, -3.114e-5
-1.032, -3.151e-5
-1.031, -3.177e-5
-1.030, -3.192e-5
-1.029, -3.208e-5
-1.028, -3.233e-5
-1.027, -3.281e-5
-1.026, -3.306e-5
-1.025, -3.342e-5
-1.024, -3.360e-5
-1.023, -3.402e-5
-1.022, -3.437e-5
-1.021, -3.496e-5
-1.020, -3.520e-5
-1.019, -3.558e-5
-1.018, -3.602e-5
-1.017, -3.605e-5
-1.016, -3.642e-5
-1.015, -3.689e-5
-1.014, -3.746e-5
-1.013, -3.802e-5
-1.012, -3.839e-5
-1.011, -3.898e-5
-1.010, -3.933e-5
-1.009, -3.962e-5
-1.008, -3.998e-5
-1.007, -4.032e-5
-1.006, -4.060e-5
-1.005, -4.076e-5
-1.004, -4.128e-5
-1.003, -4.162e-5
-1.002, -4.198e-5
-1.001, -4.259e-5
