June 27, 2026   00:42:33
Cyclic Voltammetry
File: c:/users/guazh/data/20260623_doe_duplica2/2026-06-24-exp19\exp19-2026-06-27t00_16_04-h2koh\exp19_cv_sr_100mvs_efin_-1900mv.bin
Data Source:  Experiment
Instrument Model:  CHI760E
Header: CV ran at 100 mVs
Note: 

Init E (V) = -1
High E (V) = -1
Low E (V) = -1.9
Final E (V) = -1
Init P/N = N
Scan Rate (V/s) = 0.1
Segment = 3
Sample Interval (V) = 0.001
Quiet Time (sec) = 2
Sensitivity (A/V) = 0.01
Comp R (ohm) = 3.4

Results:

Channel 1:
Segment 1:

Segment 2:

Segment 3:

Potential/V, Current/A

-1.000, -3.100e-6
-1.001, -2.814e-6
-1.002, -2.478e-6
-1.003, -2.419e-6
-1.004, -2.320e-6
-1.005, -2.291e-6
-1.006, -2.054e-6
-1.007, -1.955e-6
-1.008, -1.906e-6
-1.009, -1.906e-6
-1.010, -1.748e-6
-1.011, -1.699e-6
-1.012, -1.630e-6
-1.013, -1.610e-6
-1.014, -1.511e-6
-1.015, -1.462e-6
-1.016, -1.383e-6
-1.017, -1.373e-6
-1.018, -1.344e-6
-1.019, -1.373e-6
-1.020, -1.354e-6
-1.021, -1.235e-6
-1.022, -1.176e-6
-1.023, -1.235e-6
-1.024, -9.590e-7
-1.025, -1.018e-6
-1.026, -1.028e-6
-1.027, -9.886e-7
-1.028, -1.028e-6
-1.029, -9.195e-7
-1.030, -9.392e-7
-1.031, -8.998e-7
-1.032, -7.321e-7
-1.033, -7.419e-7
-1.034, -7.222e-7
-1.035, -7.814e-7
-1.036, -6.926e-7
-1.037, -6.433e-7
-1.038, -6.137e-7
-1.039, -7.419e-7
-1.040, -5.347e-7
-1.041, -5.742e-7
-1.042, -5.249e-7
-1.043, -6.235e-7
-1.044, -5.841e-7
-1.045, -4.854e-7
-1.046, -4.854e-7
-1.047, -4.755e-7
-1.048, -4.854e-7
-1.049, -4.755e-7
-1.050, -2.782e-7
-1.051, -3.078e-7
-1.052, -2.881e-7
-1.053, -4.262e-7
-1.054, -4.262e-7
-1.055, -1.796e-7
-1.056, -3.670e-7
-1.057, -1.598e-7
-1.058, -3.374e-7
-1.059, -3.374e-7
-1.060, -1.894e-7
-1.061, -3.275e-7
-1.062, -1.598e-7
-1.063, -1.204e-7
-1.064, -1.697e-7
-1.065, -1.697e-7
-1.066, -3.078e-7
-1.067, -1.796e-7
-1.068, -2.782e-7
-1.069, -2.092e-7
-1.070, -1.796e-7
-1.071, -1.697e-7
-1.072, -1.105e-7
-1.073, -1.302e-7
-1.074, -1.796e-7
-1.075, -1.401e-7
-1.076, -5.130e-8
-1.077, -1.184e-8
-1.078, -3.157e-8
-1.079, -1.184e-8
-1.080, -1.184e-8
-1.081, -4.144e-8
-1.082, -3.157e-8
-1.083, -1.006e-7
-1.084, -9.077e-8
-1.085, 6.709e-8
-1.086, -6.117e-8
-1.087, 1.776e-8
-1.088, 8.682e-8
-1.089, -1.105e-7
-1.090, -6.117e-8
-1.091, -1.184e-8
-1.092, 1.657e-7
-1.093, 6.709e-8
-1.094, -3.157e-8
-1.095, 7.695e-8
-1.096, 6.709e-8
-1.097, 6.709e-8
-1.098, 8.682e-8
-1.099, -2.171e-8
-1.100, 1.855e-7
-1.101, 2.762e-8
-1.102, 1.756e-7
-1.103, 5.722e-8
-1.104, 1.756e-7
-1.105, 2.052e-7
-1.106, 2.762e-8
-1.107, 2.545e-7
-1.108, 1.164e-7
-1.109, 1.657e-7
-1.110, 2.447e-7
-1.111, 1.362e-7
-1.112, 2.151e-7
-1.113, 1.263e-7
-1.114, 1.263e-7
-1.115, 1.263e-7
-1.116, 1.657e-7
-1.117, 1.559e-7
-1.118, 2.348e-7
-1.119, 2.743e-7
-1.120, 2.348e-7
-1.121, 2.348e-7
-1.122, 3.137e-7
-1.123, 2.052e-7
-1.124, 2.052e-7
-1.125, 1.263e-7
-1.126, 2.940e-7
-1.127, 3.828e-7
-1.128, 3.828e-7
-1.129, 3.631e-7
-1.130, 3.433e-7
-1.131, 2.841e-7
-1.132, 1.855e-7
-1.133, 3.335e-7
-1.134, 3.335e-7
-1.135, 3.927e-7
-1.136, 4.223e-7
-1.137, 3.828e-7
-1.138, 4.321e-7
-1.139, 4.716e-7
-1.140, 3.828e-7
-1.141, 3.433e-7
-1.142, 4.223e-7
-1.143, 4.716e-7
-1.144, 3.729e-7
-1.145, 4.519e-7
-1.146, 4.124e-7
-1.147, 5.308e-7
-1.148, 4.025e-7
-1.149, 4.223e-7
-1.150, 4.124e-7
-1.151, 4.913e-7
-1.152, 5.703e-7
-1.153, 4.913e-7
-1.154, 5.012e-7
-1.155, 4.716e-7
-1.156, 4.321e-7
-1.157, 6.097e-7
-1.158, 4.913e-7
-1.159, 5.505e-7
-1.160, 5.505e-7
-1.161, 5.308e-7
-1.162, 6.886e-7
-1.163, 4.815e-7
-1.164, 5.801e-7
-1.165, 5.998e-7
-1.166, 5.703e-7
-1.167, 6.393e-7
-1.168, 6.492e-7
-1.169, 7.084e-7
-1.170, 5.900e-7
-1.171, 6.886e-7
-1.172, 7.873e-7
-1.173, 6.294e-7
-1.174, 6.294e-7
-1.175, 7.676e-7
-1.176, 6.294e-7
-1.177, 7.873e-7
-1.178, 8.564e-7
-1.179, 7.972e-7
-1.180, 7.577e-7
-1.181, 7.774e-7
-1.182, 8.958e-7
-1.183, 6.886e-7
-1.184, 8.169e-7
-1.185, 8.169e-7
-1.186, 7.873e-7
-1.187, 9.353e-7
-1.188, 8.366e-7
-1.189, 8.958e-7
-1.190, 8.564e-7
-1.191, 9.550e-7
-1.192, 1.083e-6
-1.193, 1.004e-6
-1.194, 9.452e-7
-1.195, 8.958e-7
-1.196, 9.353e-7
-1.197, 1.054e-6
-1.198, 9.748e-7
-1.199, 9.254e-7
-1.200, 9.945e-7
-1.201, 1.044e-6
-1.202, 1.162e-6
-1.203, 9.550e-7
-1.204, 1.044e-6
-1.205, 1.123e-6
-1.206, 1.113e-6
-1.207, 1.221e-6
-1.208, 1.182e-6
-1.209, 1.172e-6
-1.210, 1.182e-6
-1.211, 1.281e-6
-1.212, 1.251e-6
-1.213, 1.231e-6
-1.214, 1.133e-6
-1.215, 1.212e-6
-1.216, 1.399e-6
-1.217, 1.419e-6
-1.218, 1.360e-6
-1.219, 1.360e-6
-1.220, 1.438e-6
-1.221, 1.350e-6
-1.222, 1.517e-6
-1.223, 1.458e-6
-1.224, 1.300e-6
-1.225, 1.340e-6
-1.226, 1.458e-6
-1.227, 1.429e-6
-1.228, 1.508e-6
-1.229, 1.586e-6
-1.230, 1.577e-6
-1.231, 1.567e-6
-1.232, 1.794e-6
-1.233, 1.577e-6
-1.234, 1.695e-6
-1.235, 1.675e-6
-1.236, 1.784e-6
-1.237, 1.774e-6
-1.238, 1.715e-6
-1.239, 1.764e-6
-1.240, 1.715e-6
-1.241, 1.774e-6
-1.242, 1.843e-6
-1.243, 1.803e-6
-1.244, 1.695e-6
-1.245, 1.892e-6
-1.246, 1.912e-6
-1.247, 1.951e-6
-1.248, 1.794e-6
-1.249, 1.813e-6
-1.250, 2.030e-6
-1.251, 1.863e-6
-1.252, 1.942e-6
-1.253, 1.981e-6
-1.254, 2.011e-6
-1.255, 2.001e-6
-1.256, 2.080e-6
-1.257, 2.080e-6
-1.258, 2.119e-6
-1.259, 2.040e-6
-1.260, 2.040e-6
-1.261, 2.060e-6
-1.262, 2.159e-6
-1.263, 2.080e-6
-1.264, 2.119e-6
-1.265, 2.119e-6
-1.266, 2.228e-6
-1.267, 2.267e-6
-1.268, 2.208e-6
-1.269, 2.099e-6
-1.270, 2.247e-6
-1.271, 2.336e-6
-1.272, 2.317e-6
-1.273, 2.317e-6
-1.274, 2.376e-6
-1.275, 2.455e-6
-1.276, 2.425e-6
-1.277, 2.504e-6
-1.278, 2.317e-6
-1.279, 2.445e-6
-1.280, 2.455e-6
-1.281, 2.543e-6
-1.282, 2.613e-6
-1.283, 2.514e-6
-1.284, 2.662e-6
-1.285, 2.642e-6
-1.286, 2.652e-6
-1.287, 2.652e-6
-1.288, 2.642e-6
-1.289, 2.593e-6
-1.290, 2.741e-6
-1.291, 2.593e-6
-1.292, 2.770e-6
-1.293, 2.810e-6
-1.294, 2.662e-6
-1.295, 2.721e-6
-1.296, 2.908e-6
-1.297, 2.948e-6
-1.298, 2.899e-6
-1.299, 2.918e-6
-1.300, 2.948e-6
-1.301, 3.066e-6
-1.302, 3.096e-6
-1.303, 3.037e-6
-1.304, 3.007e-6
-1.305, 3.106e-6
-1.306, 3.145e-6
-1.307, 3.283e-6
-1.308, 3.185e-6
-1.309, 3.175e-6
-1.310, 3.135e-6
-1.311, 3.264e-6
-1.312, 3.382e-6
-1.313, 3.362e-6
-1.314, 3.274e-6
-1.315, 3.441e-6
-1.316, 3.481e-6
-1.317, 3.471e-6
-1.318, 3.441e-6
-1.319, 3.560e-6
-1.320, 3.589e-6
-1.321, 3.629e-6
-1.322, 3.688e-6
-1.323, 3.589e-6
-1.324, 3.826e-6
-1.325, 3.678e-6
-1.326, 3.698e-6
-1.327, 3.875e-6
-1.328, 3.836e-6
-1.329, 3.856e-6
-1.330, 3.954e-6
-1.331, 4.033e-6
-1.332, 4.043e-6
-1.333, 4.201e-6
-1.334, 4.063e-6
-1.335, 4.181e-6
-1.336, 4.181e-6
-1.337, 4.438e-6
-1.338, 4.398e-6
-1.339, 4.369e-6
-1.340, 4.379e-6
-1.341, 4.487e-6
-1.342, 4.517e-6
-1.343, 4.477e-6
-1.344, 4.655e-6
-1.345, 4.665e-6
-1.346, 4.724e-6
-1.347, 4.832e-6
-1.348, 4.842e-6
-1.349, 4.803e-6
-1.350, 4.931e-6
-1.351, 5.059e-6
-1.352, 4.990e-6
-1.353, 5.049e-6
-1.354, 5.266e-6
-1.355, 5.227e-6
-1.356, 5.286e-6
-1.357, 5.474e-6
-1.358, 5.543e-6
-1.359, 5.543e-6
-1.360, 5.681e-6
-1.361, 5.819e-6
-1.362, 5.888e-6
-1.363, 5.977e-6
-1.364, 5.987e-6
-1.365, 5.977e-6
-1.366, 6.243e-6
-1.367, 6.322e-6
-1.368, 6.233e-6
-1.369, 6.411e-6
-1.370, 6.519e-6
-1.371, 6.667e-6
-1.372, 6.746e-6
-1.373, 6.697e-6
-1.374, 6.815e-6
-1.375, 6.894e-6
-1.376, 6.954e-6
-1.377, 7.131e-6
-1.378, 7.309e-6
-1.379, 7.279e-6
-1.380, 7.358e-6
-1.381, 7.526e-6
-1.382, 7.684e-6
-1.383, 7.605e-6
-1.384, 7.812e-6
-1.385, 7.940e-6
-1.386, 8.197e-6
-1.387, 8.177e-6
-1.388, 8.325e-6
-1.389, 8.483e-6
-1.390, 8.493e-6
-1.391, 8.680e-6
-1.392, 8.907e-6
-1.393, 8.917e-6
-1.394, 8.927e-6
-1.395, 9.163e-6
-1.396, 9.252e-6
-1.397, 9.420e-6
-1.398, 9.381e-6
-1.399, 9.598e-6
-1.400, 9.815e-6
-1.401, 9.982e-6
-1.402, 1.006e-5
-1.403, 1.015e-5
-1.404, 1.034e-5
-1.405, 1.037e-5
-1.406, 1.059e-5
-1.407, 1.078e-5
-1.408, 1.089e-5
-1.409, 1.109e-5
-1.410, 1.122e-5
-1.411, 1.157e-5
-1.412, 1.159e-5
-1.413, 1.164e-5
-1.414, 1.194e-5
-1.415, 1.211e-5
-1.416, 1.231e-5
-1.417, 1.235e-5
-1.418, 1.249e-5
-1.419, 1.269e-5
-1.420, 1.290e-5
-1.421, 1.311e-5
-1.422, 1.345e-5
-1.423, 1.347e-5
-1.424, 1.371e-5
-1.425, 1.383e-5
-1.426, 1.406e-5
-1.427, 1.414e-5
-1.428, 1.437e-5
-1.429, 1.451e-5
-1.430, 1.478e-5
-1.431, 1.512e-5
-1.432, 1.512e-5
-1.433, 1.534e-5
-1.434, 1.565e-5
-1.435, 1.591e-5
-1.436, 1.607e-5
-1.437, 1.631e-5
-1.438, 1.658e-5
-1.439, 1.675e-5
-1.440, 1.703e-5
-1.441, 1.730e-5
-1.442, 1.749e-5
-1.443, 1.775e-5
-1.444, 1.803e-5
-1.445, 1.819e-5
-1.446, 1.834e-5
-1.447, 1.870e-5
-1.448, 1.890e-5
-1.449, 1.923e-5
-1.450, 1.942e-5
-1.451, 1.988e-5
-1.452, 1.990e-5
-1.453, 2.018e-5
-1.454, 2.061e-5
-1.455, 2.073e-5
-1.456, 2.095e-5
-1.457, 2.127e-5
-1.458, 2.171e-5
-1.459, 2.182e-5
-1.460, 2.224e-5
-1.461, 2.255e-5
-1.462, 2.276e-5
-1.463, 2.309e-5
-1.464, 2.335e-5
-1.465, 2.362e-5
-1.466, 2.410e-5
-1.467, 2.429e-5
-1.468, 2.455e-5
-1.469, 2.493e-5
-1.470, 2.526e-5
-1.471, 2.562e-5
-1.472, 2.597e-5
-1.473, 2.629e-5
-1.474, 2.689e-5
-1.475, 2.681e-5
-1.476, 2.734e-5
-1.477, 2.765e-5
-1.478, 2.815e-5
-1.479, 2.856e-5
-1.480, 2.892e-5
-1.481, 2.932e-5
-1.482, 2.967e-5
-1.483, 3.004e-5
-1.484, 3.049e-5
-1.485, 3.084e-5
-1.486, 3.133e-5
-1.487, 3.169e-5
-1.488, 3.194e-5
-1.489, 3.255e-5
-1.490, 3.298e-5
-1.491, 3.357e-5
-1.492, 3.375e-5
-1.493, 3.420e-5
-1.494, 3.466e-5
-1.495, 3.515e-5
-1.496, 3.579e-5
-1.497, 3.601e-5
-1.498, 3.659e-5
-1.499, 3.716e-5
-1.500, 3.746e-5
-1.501, 3.823e-5
-1.502, 3.868e-5
-1.503, 3.912e-5
-1.504, 3.971e-5
-1.505, 4.016e-5
-1.506, 4.083e-5
-1.507, 4.126e-5
-1.508, 4.160e-5
-1.509, 4.227e-5
-1.510, 4.297e-5
-1.511, 4.372e-5
-1.512, 4.419e-5
-1.513, 4.485e-5
-1.514, 4.546e-5
-1.515, 4.599e-5
-1.516, 4.679e-5
-1.517, 4.743e-5
-1.518, 4.793e-5
-1.519, 4.859e-5
-1.520, 4.932e-5
-1.521, 4.983e-5
-1.522, 5.076e-5
-1.523, 5.145e-5
-1.524, 5.222e-5
-1.525, 5.298e-5
-1.526, 5.390e-5
-1.527, 5.449e-5
-1.528, 5.529e-5
-1.529, 5.593e-5
-1.530, 5.687e-5
-1.531, 5.753e-5
-1.532, 5.840e-5
-1.533, 5.940e-5
-1.534, 6.023e-5
-1.535, 6.126e-5
-1.536, 6.214e-5
-1.537, 6.308e-5
-1.538, 6.389e-5
-1.539, 6.493e-5
-1.540, 6.557e-5
-1.541, 6.681e-5
-1.542, 6.778e-5
-1.543, 6.904e-5
-1.544, 6.987e-5
-1.545, 7.102e-5
-1.546, 7.201e-5
-1.547, 7.328e-5
-1.548, 7.415e-5
-1.549, 7.530e-5
-1.550, 7.661e-5
-1.551, 7.807e-5
-1.552, 7.934e-5
-1.553, 8.040e-5
-1.554, 8.162e-5
-1.555, 8.297e-5
-1.556, 8.429e-5
-1.557, 8.568e-5
-1.558, 8.728e-5
-1.559, 8.876e-5
-1.560, 8.997e-5
-1.561, 9.141e-5
-1.562, 9.317e-5
-1.563, 9.488e-5
-1.564, 9.658e-5
-1.565, 9.809e-5
-1.566, 9.949e-5
-1.567, 1.009e-4
-1.568, 1.029e-4
-1.569, 1.049e-4
-1.570, 1.067e-4
-1.571, 1.083e-4
-1.572, 1.099e-4
-1.573, 1.121e-4
-1.574, 1.142e-4
-1.575, 1.163e-4
-1.576, 1.180e-4
-1.577, 1.200e-4
-1.578, 1.225e-4
-1.579, 1.246e-4
-1.580, 1.267e-4
-1.581, 1.285e-4
-1.582, 1.312e-4
-1.583, 1.335e-4
-1.584, 1.355e-4
-1.585, 1.383e-4
-1.586, 1.413e-4
-1.587, 1.437e-4
-1.588, 1.458e-4
-1.589, 1.489e-4
-1.590, 1.521e-4
-1.591, 1.544e-4
-1.592, 1.567e-4
-1.593, 1.604e-4
-1.594, 1.635e-4
-1.595, 1.657e-4
-1.596, 1.680e-4
-1.597, 1.719e-4
-1.598, 1.755e-4
-1.599, 1.779e-4
-1.600, 1.804e-4
-1.601, 1.844e-4
-1.602, 1.876e-4
-1.603, 1.913e-4
-1.604, 1.941e-4
-1.605, 1.986e-4
-1.606, 2.012e-4
-1.607, 2.039e-4
-1.608, 2.086e-4
-1.609, 2.121e-4
-1.610, 2.163e-4
-1.611, 2.188e-4
-1.612, 2.233e-4
-1.613, 2.262e-4
-1.614, 2.311e-4
-1.615, 2.343e-4
-1.616, 2.395e-4
-1.617, 2.433e-4
-1.618, 2.477e-4
-1.619, 2.526e-4
-1.620, 2.557e-4
-1.621, 2.619e-4
-1.622, 2.647e-4
-1.623, 2.690e-4
-1.624, 2.752e-4
-1.625, 2.784e-4
-1.626, 2.858e-4
-1.627, 2.905e-4
-1.628, 2.941e-4
-1.629, 3.012e-4
-1.630, 3.060e-4
-1.631, 3.102e-4
-1.632, 3.181e-4
-1.633, 3.214e-4
-1.634, 3.263e-4
-1.635, 3.355e-4
-1.636, 3.403e-4
-1.637, 3.448e-4
-1.638, 3.536e-4
-1.639, 3.605e-4
-1.640, 3.651e-4
-1.641, 3.718e-4
-1.642, 3.822e-4
-1.643, 3.867e-4
-1.644, 3.914e-4
-1.645, 4.011e-4
-1.646, 4.086e-4
-1.647, 4.140e-4
-1.648, 4.253e-4
-1.649, 4.306e-4
-1.650, 4.369e-4
-1.651, 4.487e-4
-1.652, 4.550e-4
-1.653, 4.616e-4
-1.654, 4.739e-4
-1.655, 4.806e-4
-1.656, 4.870e-4
-1.657, 5.007e-4
-1.658, 5.070e-4
-1.659, 5.143e-4
-1.660, 5.289e-4
-1.661, 5.353e-4
-1.662, 5.438e-4
-1.663, 5.579e-4
-1.664, 5.639e-4
-1.665, 5.743e-4
-1.666, 5.881e-4
-1.667, 5.943e-4
-1.668, 6.058e-4
-1.669, 6.208e-4
-1.670, 6.280e-4
-1.671, 6.441e-4
-1.672, 6.544e-4
-1.673, 6.642e-4
-1.674, 6.811e-4
-1.675, 6.874e-4
-1.676, 7.051e-4
-1.677, 7.157e-4
-1.678, 7.314e-4
-1.679, 7.435e-4
-1.680, 7.566e-4
-1.681, 7.732e-4
-1.682, 7.869e-4
-1.683, 8.059e-4
-1.684, 8.148e-4
-1.685, 8.363e-4
-1.686, 8.471e-4
-1.687, 8.683e-4
-1.688, 8.782e-4
-1.689, 8.985e-4
-1.690, 9.169e-4
-1.691, 9.349e-4
-1.692, 9.561e-4
-1.693, 9.698e-4
-1.694, 9.936e-4
-1.695, 1.010e-3
-1.696, 1.031e-3
-1.697, 1.049e-3
-1.698, 1.065e-3
-1.699, 1.091e-3
-1.700, 1.106e-3
-1.701, 1.132e-3
-1.702, 1.152e-3
-1.703, 1.173e-3
-1.704, 1.192e-3
-1.705, 1.216e-3
-1.706, 1.236e-3
-1.707, 1.263e-3
-1.708, 1.283e-3
-1.709, 1.311e-3
-1.710, 1.337e-3
-1.711, 1.356e-3
-1.712, 1.388e-3
-1.713, 1.410e-3
-1.714, 1.430e-3
-1.715, 1.461e-3
-1.716, 1.488e-3
-1.717, 1.513e-3
-1.718, 1.546e-3
-1.719, 1.570e-3
-1.720, 1.601e-3
-1.721, 1.634e-3
-1.722, 1.659e-3
-1.723, 1.694e-3
-1.724, 1.727e-3
-1.725, 1.757e-3
-1.726, 1.793e-3
-1.727, 1.824e-3
-1.728, 1.857e-3
-1.729, 1.889e-3
-1.730, 1.932e-3
-1.731, 1.961e-3
-1.732, 1.992e-3
-1.733, 2.033e-3
-1.734, 2.067e-3
-1.735, 2.105e-3
-1.736, 2.142e-3
-1.737, 2.181e-3
-1.738, 2.212e-3
-1.739, 2.257e-3
-1.740, 2.296e-3
-1.741, 2.331e-3
-1.742, 2.371e-3
-1.743, 2.414e-3
-1.744, 2.455e-3
-1.745, 2.497e-3
-1.746, 2.542e-3
-1.747, 2.578e-3
-1.748, 2.630e-3
-1.749, 2.672e-3
-1.750, 2.716e-3
-1.751, 2.760e-3
-1.752, 2.807e-3
-1.753, 2.846e-3
-1.754, 2.895e-3
-1.755, 2.940e-3
-1.756, 2.984e-3
-1.757, 3.044e-3
-1.758, 3.087e-3
-1.759, 3.135e-3
-1.760, 3.190e-3
-1.761, 3.242e-3
-1.762, 3.291e-3
-1.763, 3.350e-3
-1.764, 3.396e-3
-1.765, 3.444e-3
-1.766, 3.484e-3
-1.767, 3.528e-3
-1.768, 3.582e-3
-1.769, 3.637e-3
-1.770, 3.693e-3
-1.771, 3.742e-3
-1.772, 3.811e-3
-1.773, 3.867e-3
-1.774, 3.944e-3
-1.775, 3.996e-3
-1.776, 4.045e-3
-1.777, 4.117e-3
-1.778, 4.177e-3
-1.779, 4.239e-3
-1.780, 4.311e-3
-1.781, 4.368e-3
-1.782, 4.421e-3
-1.783, 4.486e-3
-1.784, 4.545e-3
-1.785, 4.602e-3
-1.786, 4.655e-3
-1.787, 4.717e-3
-1.788, 4.774e-3
-1.789, 4.839e-3
-1.790, 4.904e-3
-1.791, 4.966e-3
-1.792, 5.029e-3
-1.793, 5.091e-3
-1.794, 5.162e-3
-1.795, 5.224e-3
-1.796, 5.295e-3
-1.797, 5.357e-3
-1.798, 5.419e-3
-1.799, 5.481e-3
-1.800, 5.542e-3
-1.801, 5.598e-3
-1.802, 5.659e-3
-1.803, 5.720e-3
-1.804, 5.788e-3
-1.805, 5.856e-3
-1.806, 5.925e-3
-1.807, 5.988e-3
-1.808, 6.055e-3
-1.809, 6.121e-3
-1.810, 6.189e-3
-1.811, 6.252e-3
-1.812, 6.311e-3
-1.813, 6.382e-3
-1.814, 6.437e-3
-1.815, 6.504e-3
-1.816, 6.564e-3
-1.817, 6.633e-3
-1.818, 6.694e-3
-1.819, 6.768e-3
-1.820, 6.834e-3
-1.821, 6.897e-3
-1.822, 6.977e-3
-1.823, 7.039e-3
-1.824, 7.105e-3
-1.825, 7.173e-3
-1.826, 7.233e-3
-1.827, 7.290e-3
-1.828, 7.353e-3
-1.829, 7.410e-3
-1.830, 7.478e-3
-1.831, 7.530e-3
-1.832, 7.607e-3
-1.833, 7.671e-3
-1.834, 7.737e-3
-1.835, 7.809e-3
-1.836, 7.874e-3
-1.837, 7.958e-3
-1.838, 8.049e-3
-1.839, 8.124e-3
-1.840, 8.172e-3
-1.841, 8.229e-3
-1.842, 8.262e-3
-1.843, 8.313e-3
-1.844, 8.365e-3
-1.845, 8.431e-3
-1.846, 8.539e-3
-1.847, 8.599e-3
-1.848, 8.686e-3
-1.849, 8.714e-3
-1.850, 8.793e-3
-1.851, 8.844e-3
-1.852, 8.906e-3
-1.853, 8.958e-3
-1.854, 9.050e-3
-1.855, 9.116e-3
-1.856, 9.172e-3
-1.857, 9.254e-3
-1.858, 9.326e-3
-1.859, 9.375e-3
-1.860, 9.446e-3
-1.861, 9.494e-3
-1.862, 9.532e-3
-1.863, 9.581e-3
-1.864, 9.651e-3
-1.865, 9.694e-3
-1.866, 9.741e-3
-1.867, 9.804e-3
-1.868, 9.868e-3
-1.869, 9.940e-3
-1.870, 9.996e-3
-1.871, 1.007e-2
-1.872, 1.019e-2
-1.873, 1.025e-2
-1.874, 1.032e-2
-1.875, 1.037e-2
-1.876, 1.040e-2
-1.877, 1.046e-2
-1.878, 1.052e-2
-1.879, 1.054e-2
-1.880, 1.062e-2
-1.881, 1.070e-2
-1.882, 1.077e-2
-1.883, 1.085e-2
-1.884, 1.091e-2
-1.885, 1.094e-2
-1.886, 1.102e-2
-1.887, 1.104e-2
-1.888, 1.107e-2
-1.889, 1.114e-2
-1.890, 1.123e-2
-1.891, 1.128e-2
-1.892, 1.131e-2
-1.893, 1.135e-2
-1.894, 1.147e-2
-1.895, 1.146e-2
-1.896, 1.150e-2
-1.897, 1.153e-2
-1.898, 1.152e-2
-1.899, 1.156e-2
-1.900, 1.158e-2
-1.899, 1.150e-2
-1.898, 1.143e-2
-1.897, 1.140e-2
-1.896, 1.138e-2
-1.895, 1.130e-2
-1.894, 1.123e-2
-1.893, 1.115e-2
-1.892, 1.109e-2
-1.891, 1.101e-2
-1.890, 1.089e-2
-1.889, 1.084e-2
-1.888, 1.075e-2
-1.887, 1.069e-2
-1.886, 1.062e-2
-1.885, 1.058e-2
-1.884, 1.051e-2
-1.883, 1.050e-2
-1.882, 1.041e-2
-1.881, 1.033e-2
-1.880, 1.025e-2
-1.879, 1.013e-2
-1.878, 1.005e-2
-1.877, 1.001e-2
-1.876, 9.928e-3
-1.875, 9.843e-3
-1.874, 9.796e-3
-1.873, 9.712e-3
-1.872, 9.664e-3
-1.871, 9.585e-3
-1.870, 9.533e-3
-1.869, 9.452e-3
-1.868, 9.386e-3
-1.867, 9.307e-3
-1.866, 9.230e-3
-1.865, 9.173e-3
-1.864, 9.079e-3
-1.863, 9.018e-3
-1.862, 8.962e-3
-1.861, 8.876e-3
-1.860, 8.833e-3
-1.859, 8.768e-3
-1.858, 8.658e-3
-1.857, 8.598e-3
-1.856, 8.533e-3
-1.855, 8.500e-3
-1.854, 8.476e-3
-1.853, 8.447e-3
-1.852, 8.359e-3
-1.851, 8.333e-3
-1.850, 8.251e-3
-1.849, 8.147e-3
-1.848, 8.085e-3
-1.847, 7.999e-3
-1.846, 7.942e-3
-1.845, 7.847e-3
-1.844, 7.818e-3
-1.843, 7.758e-3
-1.842, 7.743e-3
-1.841, 7.679e-3
-1.840, 7.617e-3
-1.839, 7.558e-3
-1.838, 7.506e-3
-1.837, 7.422e-3
-1.836, 7.390e-3
-1.835, 7.321e-3
-1.834, 7.265e-3
-1.833, 7.243e-3
-1.832, 7.196e-3
-1.831, 7.106e-3
-1.830, 7.070e-3
-1.829, 7.019e-3
-1.828, 6.943e-3
-1.827, 6.903e-3
-1.826, 6.856e-3
-1.825, 6.751e-3
-1.824, 6.704e-3
-1.823, 6.656e-3
-1.822, 6.624e-3
-1.821, 6.562e-3
-1.820, 6.513e-3
-1.819, 6.440e-3
-1.818, 6.414e-3
-1.817, 6.373e-3
-1.816, 6.313e-3
-1.815, 6.286e-3
-1.814, 6.205e-3
-1.813, 6.176e-3
-1.812, 6.132e-3
-1.811, 6.046e-3
-1.810, 6.001e-3
-1.809, 5.944e-3
-1.808, 5.891e-3
-1.807, 5.842e-3
-1.806, 5.792e-3
-1.805, 5.758e-3
-1.804, 5.726e-3
-1.803, 5.643e-3
-1.802, 5.551e-3
-1.801, 5.530e-3
-1.800, 5.488e-3
-1.799, 5.422e-3
-1.798, 5.371e-3
-1.797, 5.331e-3
-1.796, 5.283e-3
-1.795, 5.230e-3
-1.794, 5.183e-3
-1.793, 5.132e-3
-1.792, 5.075e-3
-1.791, 5.035e-3
-1.790, 4.998e-3
-1.789, 4.955e-3
-1.788, 4.916e-3
-1.787, 4.880e-3
-1.786, 4.832e-3
-1.785, 4.798e-3
-1.784, 4.759e-3
-1.783, 4.718e-3
-1.782, 4.674e-3
-1.781, 4.638e-3
-1.780, 4.593e-3
-1.779, 4.551e-3
-1.778, 4.502e-3
-1.777, 4.458e-3
-1.776, 4.416e-3
-1.775, 4.369e-3
-1.774, 4.329e-3
-1.773, 4.289e-3
-1.772, 4.242e-3
-1.771, 4.202e-3
-1.770, 4.155e-3
-1.769, 4.108e-3
-1.768, 4.062e-3
-1.767, 4.019e-3
-1.766, 3.978e-3
-1.765, 3.935e-3
-1.764, 3.895e-3
-1.763, 3.849e-3
-1.762, 3.810e-3
-1.761, 3.788e-3
-1.760, 3.748e-3
-1.759, 3.708e-3
-1.758, 3.675e-3
-1.757, 3.638e-3
-1.756, 3.598e-3
-1.755, 3.570e-3
-1.754, 3.529e-3
-1.753, 3.492e-3
-1.752, 3.450e-3
-1.751, 3.414e-3
-1.750, 3.376e-3
-1.749, 3.346e-3
-1.748, 3.310e-3
-1.747, 3.276e-3
-1.746, 3.245e-3
-1.745, 3.213e-3
-1.744, 3.172e-3
-1.743, 3.150e-3
-1.742, 3.114e-3
-1.741, 3.080e-3
-1.740, 3.046e-3
-1.739, 3.007e-3
-1.738, 2.970e-3
-1.737, 2.943e-3
-1.736, 2.904e-3
-1.735, 2.874e-3
-1.734, 2.837e-3
-1.733, 2.806e-3
-1.732, 2.773e-3
-1.731, 2.744e-3
-1.730, 2.710e-3
-1.729, 2.674e-3
-1.728, 2.649e-3
-1.727, 2.614e-3
-1.726, 2.582e-3
-1.725, 2.549e-3
-1.724, 2.519e-3
-1.723, 2.490e-3
-1.722, 2.462e-3
-1.721, 2.431e-3
-1.720, 2.401e-3
-1.719, 2.372e-3
-1.718, 2.340e-3
-1.717, 2.309e-3
-1.716, 2.279e-3
-1.715, 2.254e-3
-1.714, 2.226e-3
-1.713, 2.196e-3
-1.712, 2.175e-3
-1.711, 2.150e-3
-1.710, 2.125e-3
-1.709, 2.095e-3
-1.708, 2.073e-3
-1.707, 2.047e-3
-1.706, 2.021e-3
-1.705, 2.001e-3
-1.704, 1.976e-3
-1.703, 1.947e-3
-1.702, 1.924e-3
-1.701, 1.899e-3
-1.700, 1.871e-3
-1.699, 1.844e-3
-1.698, 1.821e-3
-1.697, 1.791e-3
-1.696, 1.772e-3
-1.695, 1.748e-3
-1.694, 1.726e-3
-1.693, 1.703e-3
-1.692, 1.679e-3
-1.691, 1.655e-3
-1.690, 1.631e-3
-1.689, 1.607e-3
-1.688, 1.591e-3
-1.687, 1.564e-3
-1.686, 1.546e-3
-1.685, 1.522e-3
-1.684, 1.502e-3
-1.683, 1.482e-3
-1.682, 1.456e-3
-1.681, 1.440e-3
-1.680, 1.423e-3
-1.679, 1.400e-3
-1.678, 1.386e-3
-1.677, 1.360e-3
-1.676, 1.344e-3
-1.675, 1.325e-3
-1.674, 1.306e-3
-1.673, 1.287e-3
-1.672, 1.267e-3
-1.671, 1.254e-3
-1.670, 1.232e-3
-1.669, 1.214e-3
-1.668, 1.197e-3
-1.667, 1.180e-3
-1.666, 1.165e-3
-1.665, 1.144e-3
-1.664, 1.128e-3
-1.663, 1.109e-3
-1.662, 1.096e-3
-1.661, 1.075e-3
-1.660, 1.061e-3
-1.659, 1.043e-3
-1.658, 1.031e-3
-1.657, 1.012e-3
-1.656, 9.984e-4
-1.655, 9.813e-4
-1.654, 9.682e-4
-1.653, 9.516e-4
-1.652, 9.392e-4
-1.651, 9.238e-4
-1.650, 9.084e-4
-1.649, 8.956e-4
-1.648, 8.808e-4
-1.647, 8.712e-4
-1.646, 8.539e-4
-1.645, 8.429e-4
-1.644, 8.303e-4
-1.643, 8.149e-4
-1.642, 8.055e-4
-1.641, 7.892e-4
-1.640, 7.798e-4
-1.639, 7.675e-4
-1.638, 7.525e-4
-1.637, 7.446e-4
-1.636, 7.326e-4
-1.635, 7.190e-4
-1.634, 7.106e-4
-1.633, 6.972e-4
-1.632, 6.863e-4
-1.631, 6.779e-4
-1.630, 6.638e-4
-1.629, 6.534e-4
-1.628, 6.445e-4
-1.627, 6.343e-4
-1.626, 6.227e-4
-1.625, 6.157e-4
-1.624, 6.035e-4
-1.623, 5.915e-4
-1.622, 5.843e-4
-1.621, 5.750e-4
-1.620, 5.636e-4
-1.619, 5.554e-4
-1.618, 5.465e-4
-1.617, 5.354e-4
-1.616, 5.266e-4
-1.615, 5.210e-4
-1.614, 5.113e-4
-1.613, 5.017e-4
-1.612, 4.929e-4
-1.611, 4.853e-4
-1.610, 4.770e-4
-1.609, 4.684e-4
-1.608, 4.617e-4
-1.607, 4.543e-4
-1.606, 4.457e-4
-1.605, 4.384e-4
-1.604, 4.317e-4
-1.603, 4.241e-4
-1.602, 4.164e-4
-1.601, 4.091e-4
-1.600, 4.032e-4
-1.599, 3.966e-4
-1.598, 3.894e-4
-1.597, 3.821e-4
-1.596, 3.765e-4
-1.595, 3.701e-4
-1.594, 3.632e-4
-1.593, 3.567e-4
-1.592, 3.515e-4
-1.591, 3.465e-4
-1.590, 3.404e-4
-1.589, 3.337e-4
-1.588, 3.272e-4
-1.587, 3.218e-4
-1.586, 3.169e-4
-1.585, 3.108e-4
-1.584, 3.047e-4
-1.583, 2.991e-4
-1.582, 2.950e-4
-1.581, 2.900e-4
-1.580, 2.845e-4
-1.579, 2.792e-4
-1.578, 2.744e-4
-1.577, 2.703e-4
-1.576, 2.656e-4
-1.575, 2.604e-4
-1.574, 2.552e-4
-1.573, 2.501e-4
-1.572, 2.460e-4
-1.571, 2.421e-4
-1.570, 2.377e-4
-1.569, 2.329e-4
-1.568, 2.290e-4
-1.567, 2.246e-4
-1.566, 2.212e-4
-1.565, 2.174e-4
-1.564, 2.137e-4
-1.563, 2.096e-4
-1.562, 2.056e-4
-1.561, 2.017e-4
-1.560, 1.982e-4
-1.559, 1.948e-4
-1.558, 1.914e-4
-1.557, 1.882e-4
-1.556, 1.845e-4
-1.555, 1.809e-4
-1.554, 1.774e-4
-1.553, 1.741e-4
-1.552, 1.707e-4
-1.551, 1.680e-4
-1.550, 1.651e-4
-1.549, 1.618e-4
-1.548, 1.587e-4
-1.547, 1.557e-4
-1.546, 1.527e-4
-1.545, 1.497e-4
-1.544, 1.469e-4
-1.543, 1.441e-4
-1.542, 1.415e-4
-1.541, 1.390e-4
-1.540, 1.365e-4
-1.539, 1.336e-4
-1.538, 1.313e-4
-1.537, 1.289e-4
-1.536, 1.265e-4
-1.535, 1.241e-4
-1.534, 1.218e-4
-1.533, 1.194e-4
-1.532, 1.174e-4
-1.531, 1.153e-4
-1.530, 1.131e-4
-1.529, 1.109e-4
-1.528, 1.087e-4
-1.527, 1.065e-4
-1.526, 1.046e-4
-1.525, 1.026e-4
-1.524, 1.003e-4
-1.523, 9.858e-5
-1.522, 9.654e-5
-1.521, 9.484e-5
-1.520, 9.287e-5
-1.519, 9.106e-5
-1.518, 8.932e-5
-1.517, 8.772e-5
-1.516, 8.581e-5
-1.515, 8.409e-5
-1.514, 8.258e-5
-1.513, 8.093e-5
-1.512, 7.920e-5
-1.511, 7.760e-5
-1.510, 7.609e-5
-1.509, 7.469e-5
-1.508, 7.323e-5
-1.507, 7.170e-5
-1.506, 7.039e-5
-1.505, 6.890e-5
-1.504, 6.760e-5
-1.503, 6.615e-5
-1.502, 6.495e-5
-1.501, 6.379e-5
-1.500, 6.241e-5
-1.499, 6.109e-5
-1.498, 5.982e-5
-1.497, 5.859e-5
-1.496, 5.754e-5
-1.495, 5.630e-5
-1.494, 5.509e-5
-1.493, 5.399e-5
-1.492, 5.280e-5
-1.491, 5.179e-5
-1.490, 5.082e-5
-1.489, 4.970e-5
-1.488, 4.862e-5
-1.487, 4.766e-5
-1.486, 4.667e-5
-1.485, 4.559e-5
-1.484, 4.462e-5
-1.483, 4.382e-5
-1.482, 4.287e-5
-1.481, 4.194e-5
-1.480, 4.112e-5
-1.479, 4.018e-5
-1.478, 3.911e-5
-1.477, 3.838e-5
-1.476, 3.751e-5
-1.475, 3.676e-5
-1.474, 3.599e-5
-1.473, 3.513e-5
-1.472, 3.433e-5
-1.471, 3.371e-5
-1.470, 3.286e-5
-1.469, 3.208e-5
-1.468, 3.150e-5
-1.467, 3.081e-5
-1.466, 3.006e-5
-1.465, 2.928e-5
-1.464, 2.872e-5
-1.463, 2.803e-5
-1.462, 2.729e-5
-1.461, 2.667e-5
-1.460, 2.609e-5
-1.459, 2.538e-5
-1.458, 2.489e-5
-1.457, 2.425e-5
-1.456, 2.378e-5
-1.455, 2.310e-5
-1.454, 2.257e-5
-1.453, 2.198e-5
-1.452, 2.143e-5
-1.451, 2.096e-5
-1.450, 2.039e-5
-1.449, 2.002e-5
-1.448, 1.939e-5
-1.447, 1.898e-5
-1.446, 1.856e-5
-1.445, 1.805e-5
-1.444, 1.758e-5
-1.443, 1.704e-5
-1.442, 1.667e-5
-1.441, 1.624e-5
-1.440, 1.592e-5
-1.439, 1.544e-5
-1.438, 1.493e-5
-1.437, 1.461e-5
-1.436, 1.427e-5
-1.435, 1.389e-5
-1.434, 1.344e-5
-1.433, 1.300e-5
-1.432, 1.269e-5
-1.431, 1.234e-5
-1.430, 1.199e-5
-1.429, 1.171e-5
-1.428, 1.140e-5
-1.427, 1.102e-5
-1.426, 1.080e-5
-1.425, 1.045e-5
-1.424, 1.013e-5
-1.423, 9.785e-6
-1.422, 9.657e-6
-1.421, 9.193e-6
-1.420, 8.907e-6
-1.419, 8.670e-6
-1.418, 8.364e-6
-1.417, 8.167e-6
-1.416, 7.970e-6
-1.415, 7.684e-6
-1.414, 7.397e-6
-1.413, 7.102e-6
-1.412, 6.934e-6
-1.411, 6.658e-6
-1.410, 6.440e-6
-1.409, 6.273e-6
-1.408, 5.918e-6
-1.407, 5.750e-6
-1.406, 5.651e-6
-1.405, 5.385e-6
-1.404, 5.099e-6
-1.403, 5.020e-6
-1.402, 4.753e-6
-1.401, 4.674e-6
-1.400, 4.487e-6
-1.399, 4.250e-6
-1.398, 4.013e-6
-1.397, 3.915e-6
-1.396, 3.757e-6
-1.395, 3.481e-6
-1.394, 3.313e-6
-1.393, 3.135e-6
-1.392, 3.027e-6
-1.391, 2.849e-6
-1.390, 2.869e-6
-1.389, 2.603e-6
-1.388, 2.514e-6
-1.387, 2.336e-6
-1.386, 2.218e-6
-1.385, 2.001e-6
-1.384, 1.892e-6
-1.383, 1.705e-6
-1.382, 1.665e-6
-1.381, 1.596e-6
-1.380, 1.399e-6
-1.379, 1.162e-6
-1.378, 1.044e-6
-1.377, 9.945e-7
-1.376, 8.366e-7
-1.375, 8.860e-7
-1.374, 6.590e-7
-1.373, 4.716e-7
-1.372, 6.294e-7
-1.371, 3.236e-7
-1.370, 2.841e-7
-1.369, 2.348e-7
-1.368, -3.157e-8
-1.367, 9.669e-8
-1.366, -8.090e-8
-1.365, -1.697e-7
-1.364, -3.670e-7
-1.363, -4.657e-7
-1.362, -4.459e-7
-1.361, -4.459e-7
-1.360, -5.051e-7
-1.359, -7.123e-7
-1.358, -8.208e-7
-1.357, -9.195e-7
-1.356, -9.294e-7
-1.355, -9.886e-7
-1.354, -1.107e-6
-1.353, -1.127e-6
-1.352, -1.225e-6
-1.351, -1.304e-6
-1.350, -1.482e-6
-1.349, -1.413e-6
-1.348, -1.492e-6
-1.347, -1.502e-6
-1.346, -1.630e-6
-1.345, -1.689e-6
-1.344, -1.847e-6
-1.343, -1.946e-6
-1.342, -1.817e-6
-1.341, -1.807e-6
-1.340, -1.896e-6
-1.339, -1.886e-6
-1.338, -2.163e-6
-1.337, -2.024e-6
-1.336, -2.182e-6
-1.335, -2.232e-6
-1.334, -2.311e-6
-1.333, -2.320e-6
-1.332, -2.478e-6
-1.331, -2.478e-6
-1.330, -2.419e-6
-1.329, -2.567e-6
-1.328, -2.567e-6
-1.327, -2.666e-6
-1.326, -2.735e-6
-1.325, -2.686e-6
-1.324, -2.725e-6
-1.323, -2.735e-6
-1.322, -2.824e-6
-1.321, -2.755e-6
-1.320, -2.834e-6
-1.319, -2.972e-6
-1.318, -2.952e-6
-1.317, -3.021e-6
-1.316, -3.129e-6
-1.315, -3.001e-6
-1.314, -3.149e-6
-1.313, -3.120e-6
-1.312, -3.189e-6
-1.311, -3.139e-6
-1.310, -3.277e-6
-1.309, -3.199e-6
-1.308, -3.317e-6
-1.307, -3.238e-6
-1.306, -3.337e-6
-1.305, -3.396e-6
-1.304, -3.356e-6
-1.303, -3.495e-6
-1.302, -3.534e-6
-1.301, -3.445e-6
-1.300, -3.396e-6
-1.299, -3.564e-6
-1.298, -3.514e-6
-1.297, -3.573e-6
-1.296, -3.633e-6
-1.295, -3.682e-6
-1.294, -3.721e-6
-1.293, -3.741e-6
-1.292, -3.771e-6
-1.291, -3.652e-6
-1.290, -3.800e-6
-1.289, -3.751e-6
-1.288, -3.771e-6
-1.287, -3.810e-6
-1.286, -3.879e-6
-1.285, -3.968e-6
-1.284, -4.057e-6
-1.283, -4.008e-6
-1.282, -3.978e-6
-1.281, -3.938e-6
-1.280, -4.008e-6
-1.279, -4.017e-6
-1.278, -3.948e-6
-1.277, -3.998e-6
-1.276, -4.067e-6
-1.275, -4.067e-6
-1.274, -4.077e-6
-1.273, -4.136e-6
-1.272, -4.156e-6
-1.271, -4.136e-6
-1.270, -4.106e-6
-1.269, -4.234e-6
-1.268, -4.126e-6
-1.267, -4.254e-6
-1.266, -4.106e-6
-1.265, -4.195e-6
-1.264, -4.343e-6
-1.263, -4.313e-6
-1.262, -4.304e-6
-1.261, -4.284e-6
-1.260, -4.422e-6
-1.259, -4.304e-6
-1.258, -4.353e-6
-1.257, -4.392e-6
-1.256, -4.274e-6
-1.255, -4.491e-6
-1.254, -4.402e-6
-1.253, -4.442e-6
-1.252, -4.353e-6
-1.251, -4.580e-6
-1.250, -4.412e-6
-1.249, -4.471e-6
-1.248, -4.491e-6
-1.247, -4.452e-6
-1.246, -4.432e-6
-1.245, -4.619e-6
-1.244, -4.688e-6
-1.243, -4.619e-6
-1.242, -4.560e-6
-1.241, -4.570e-6
-1.240, -4.639e-6
-1.239, -4.639e-6
-1.238, -4.590e-6
-1.237, -4.639e-6
-1.236, -4.540e-6
-1.235, -4.787e-6
-1.234, -4.698e-6
-1.233, -4.718e-6
-1.232, -4.629e-6
-1.231, -4.629e-6
-1.230, -4.639e-6
-1.229, -4.984e-6
-1.228, -4.846e-6
-1.227, -4.846e-6
-1.226, -4.905e-6
-1.225, -4.974e-6
-1.224, -4.945e-6
-1.223, -4.895e-6
-1.222, -4.935e-6
-1.221, -4.876e-6
-1.220, -4.905e-6
-1.219, -4.974e-6
-1.218, -4.876e-6
-1.217, -4.965e-6
-1.216, -4.935e-6
-1.215, -5.024e-6
-1.214, -4.955e-6
-1.213, -5.083e-6
-1.212, -4.886e-6
-1.211, -4.925e-6
-1.210, -5.280e-6
-1.209, -4.965e-6
-1.208, -5.043e-6
-1.207, -4.965e-6
-1.206, -5.093e-6
-1.205, -5.142e-6
-1.204, -5.073e-6
-1.203, -5.182e-6
-1.202, -5.083e-6
-1.201, -5.142e-6
-1.200, -5.162e-6
-1.199, -5.261e-6
-1.198, -5.172e-6
-1.197, -5.261e-6
-1.196, -5.201e-6
-1.195, -5.251e-6
-1.194, -5.132e-6
-1.193, -5.280e-6
-1.192, -5.093e-6
-1.191, -5.241e-6
-1.190, -5.428e-6
-1.189, -5.359e-6
-1.188, -5.320e-6
-1.187, -5.290e-6
-1.186, -5.251e-6
-1.185, -5.221e-6
-1.184, -5.458e-6
-1.183, -5.379e-6
-1.182, -5.369e-6
-1.181, -5.379e-6
-1.180, -5.369e-6
-1.179, -5.418e-6
-1.178, -5.487e-6
-1.177, -5.448e-6
-1.176, -5.517e-6
-1.175, -5.478e-6
-1.174, -5.507e-6
-1.173, -5.517e-6
-1.172, -5.527e-6
-1.171, -5.566e-6
-1.170, -5.557e-6
-1.169, -5.586e-6
-1.168, -5.606e-6
-1.167, -5.547e-6
-1.166, -5.507e-6
-1.165, -5.645e-6
-1.164, -5.586e-6
-1.163, -5.675e-6
-1.162, -5.645e-6
-1.161, -5.576e-6
-1.160, -5.685e-6
-1.159, -5.714e-6
-1.158, -5.704e-6
-1.157, -5.655e-6
-1.156, -5.655e-6
-1.155, -5.793e-6
-1.154, -5.793e-6
-1.153, -5.685e-6
-1.152, -5.912e-6
-1.151, -5.803e-6
-1.150, -5.833e-6
-1.149, -5.971e-6
-1.148, -5.941e-6
-1.147, -5.852e-6
-1.146, -5.951e-6
-1.145, -5.961e-6
-1.144, -5.971e-6
-1.143, -6.050e-6
-1.142, -6.000e-6
-1.141, -6.099e-6
-1.140, -5.991e-6
-1.139, -6.109e-6
-1.138, -6.060e-6
-1.137, -5.941e-6
-1.136, -6.060e-6
-1.135, -6.188e-6
-1.134, -6.119e-6
-1.133, -6.119e-6
-1.132, -6.139e-6
-1.131, -6.267e-6
-1.130, -6.237e-6
-1.129, -6.257e-6
-1.128, -6.247e-6
-1.127, -6.277e-6
-1.126, -6.218e-6
-1.125, -6.385e-6
-1.124, -6.494e-6
-1.123, -6.415e-6
-1.122, -6.435e-6
-1.121, -6.464e-6
-1.120, -6.592e-6
-1.119, -6.494e-6
-1.118, -6.514e-6
-1.117, -6.454e-6
-1.116, -6.583e-6
-1.115, -6.523e-6
-1.114, -6.602e-6
-1.113, -6.671e-6
-1.112, -6.681e-6
-1.111, -6.691e-6
-1.110, -6.721e-6
-1.109, -6.790e-6
-1.108, -6.770e-6
-1.107, -6.819e-6
-1.106, -6.869e-6
-1.105, -6.790e-6
-1.104, -6.869e-6
-1.103, -7.036e-6
-1.102, -6.957e-6
-1.101, -7.135e-6
-1.100, -7.175e-6
-1.099, -7.165e-6
-1.098, -7.125e-6
-1.097, -7.204e-6
-1.096, -7.165e-6
-1.095, -7.194e-6
-1.094, -7.204e-6
-1.093, -7.273e-6
-1.092, -7.323e-6
-1.091, -7.283e-6
-1.090, -7.401e-6
-1.089, -7.392e-6
-1.088, -7.530e-6
-1.087, -7.461e-6
-1.086, -7.510e-6
-1.085, -7.628e-6
-1.084, -7.589e-6
-1.083, -7.826e-6
-1.082, -7.609e-6
-1.081, -7.786e-6
-1.080, -7.806e-6
-1.079, -7.855e-6
-1.078, -7.905e-6
-1.077, -7.836e-6
-1.076, -7.934e-6
-1.075, -8.043e-6
-1.074, -8.122e-6
-1.073, -8.151e-6
-1.072, -8.122e-6
-1.071, -8.210e-6
-1.070, -8.240e-6
-1.069, -8.319e-6
-1.068, -8.408e-6
-1.067, -8.358e-6
-1.066, -8.408e-6
-1.065, -8.487e-6
-1.064, -8.536e-6
-1.063, -8.714e-6
-1.062, -8.684e-6
-1.061, -8.635e-6
-1.060, -8.842e-6
-1.059, -8.852e-6
-1.058, -8.941e-6
-1.057, -8.881e-6
-1.056, -8.990e-6
-1.055, -9.089e-6
-1.054, -9.148e-6
-1.053, -9.266e-6
-1.052, -9.177e-6
-1.051, -9.325e-6
-1.050, -9.493e-6
-1.049, -9.483e-6
-1.048, -9.611e-6
-1.047, -9.621e-6
-1.046, -9.690e-6
-1.045, -9.680e-6
-1.044, -9.848e-6
-1.043, -9.759e-6
-1.042, -9.898e-6
-1.041, -9.957e-6
-1.040, -9.996e-6
-1.039, -1.009e-5
-1.038, -1.041e-5
-1.037, -1.027e-5
-1.036, -1.041e-5
-1.035, -1.048e-5
-1.034, -1.045e-5
-1.033, -1.061e-5
-1.032, -1.064e-5
-1.031, -1.068e-5
-1.030, -1.083e-5
-1.029, -1.091e-5
-1.028, -1.100e-5
-1.027, -1.104e-5
-1.026, -1.107e-5
-1.025, -1.119e-5
-1.024, -1.136e-5
-1.023, -1.134e-5
-1.022, -1.148e-5
-1.021, -1.155e-5
-1.020, -1.175e-5
-1.019, -1.179e-5
-1.018, -1.198e-5
-1.017, -1.199e-5
-1.016, -1.202e-5
-1.015, -1.218e-5
-1.014, -1.224e-5
-1.013, -1.233e-5
-1.012, -1.236e-5
-1.011, -1.260e-5
-1.010, -1.266e-5
-1.009, -1.271e-5
-1.008, -1.287e-5
-1.007, -1.285e-5
-1.006, -1.310e-5
-1.005, -1.328e-5
-1.004, -1.331e-5
-1.003, -1.337e-5
-1.002, -1.346e-5
-1.001, -1.353e-5
