Potential V vs RHE, Current mA cm-2
0.013299999999999867,-0.04582249900262853
0.012299999999999978,-0.5255652478998613
0.011299999999999866,-0.8308599464107361
0.010299999999999976,-1.0490084288499246
0.009299999999999864,-1.2234423321232837
0.008299999999999974,-1.3980177065266295
0.007299999999999862,-1.5293029151541047
0.006299999999999972,-1.6156003044458718
0.00529999999999986,-1.7471684553333202
0.0042999999999999705,-1.8334658446250875
0.0032999999999998586,-1.9650339955125358
0.0022999999999999687,-2.008890045808352
0.0012999999999998568,-2.095187435100119
0.00029999999999996696,-2.1828995356917518
-0.000700000000000145,-2.226755585987568
-0.0017000000000000348,-2.3144676865791998
-0.0027000000000001467,-2.3569090255751513
-0.0037000000000000366,-2.4446211261667834
-0.0047000000000001485,-2.4884771764625997
-0.005700000000000038,-2.532333226758415
-0.00670000000000015,-2.618630616050183
-0.00770000000000004,-2.662486666345999
-0.008700000000000152,-2.706342716641815
-0.009700000000000042,-2.794054817233447
-0.010700000000000154,-2.8379108675292635
-0.011700000000000044,-2.8803522065252145
-0.012700000000000156,-2.924208256821031
-0.013700000000000045,-3.0119203574126634
-0.014700000000000157,-3.055776407708479
-0.015700000000000047,-3.0996324580042955
-0.01670000000000016,-3.1420737970002466
-0.01770000000000005,-3.1859298472960624
-0.01870000000000016,-3.2297858975918787
-0.01970000000000005,-3.273641947887695
-0.020700000000000163,-3.361354048479327
-0.021700000000000053,-3.403795387475278
-0.022700000000000164,-3.447651437771094
-0.023700000000000054,-3.4915074880669104
-0.024700000000000166,-3.5353635383627267
-0.025700000000000056,-3.623075638954359
-0.026700000000000168,-3.6655169779503103
-0.027700000000000058,-3.7093730282461257
-0.02870000000000017,-3.7970851288377587
-0.02970000000000006,-3.840941179133574
-0.03070000000000017,-3.884797229429391
-0.03170000000000006,-3.927238568425342
-0.03270000000000017,-4.014950669016974
-0.03370000000000006,-4.0588067193127895
-0.034700000000000175,-4.102662769608606
-0.035700000000000065,-4.146518819904423
-0.03670000000000018,-4.23281620919619
-0.03770000000000007,-4.276672259492005
-0.03870000000000018,-4.364384360083638
-0.03970000000000007,-4.406825699079589
-0.04070000000000018,-4.450681749375406
-0.04170000000000007,-4.494537799671222
-0.04270000000000018,-4.538393849967037
-0.04370000000000007,-4.626105950558669
-0.044700000000000184,-4.668547289554621
-0.045700000000000074,-4.756259390146253
-0.046700000000000186,-4.800115440442069
-0.047700000000000076,-4.843971490737885
-0.04870000000000019,-4.887827541033701
-0.04970000000000008,-4.974124930325469
-0.05070000000000019,-5.017980980621284
-0.05170000000000008,-5.0618370309171015
-0.05270000000000019,-5.149549131508733
-0.05370000000000008,-5.149549131508733
-0.05470000000000019,-5.235846520800501
-0.05570000000000008,-5.279702571096316
-0.056700000000000195,-5.323558621392133
-0.057700000000000085,-5.411270721983764
-0.058700000000000196,-5.453712060979717
-0.059700000000000086,-5.497568111275533
-0.0607000000000002,-5.585280211867165
-0.06170000000000009,-5.629136262162981
-0.0627000000000002,-5.715433651454749
-0.06370000000000009,-5.715433651454749
-0.0647000000000002,-5.80314575204638
-0.06570000000000009,-5.847001802342197
-0.0667000000000002,-5.890857852638012
-0.0677000000000001,-5.9347139029338285
-0.0687000000000002,-5.977155241929781
-0.0697000000000001,-6.021011292225596
-0.07070000000000021,-6.108723392817228
-0.0717000000000001,-6.152579443113044
-0.07270000000000021,-6.196435493408861
-0.0737000000000001,-6.238876832404812
-0.07470000000000021,-6.282732882700628
-0.0757000000000001,-6.326588932996443
-0.07670000000000021,-6.37044498329226
-0.0777000000000001,-6.458157083883892
-0.07870000000000021,-6.458157083883892
-0.0797000000000001,-6.54445447317566
-0.08070000000000022,-6.588310523471475
-0.0817000000000001,-6.632166573767292
-0.08270000000000022,-6.6760226240631075
-0.08370000000000011,-6.719878674358924
-0.08470000000000022,-6.762320013354876
-0.08570000000000011,-6.806176063650692
-0.08670000000000022,-6.850032113946507
-0.08770000000000011,-6.893888164242324
-0.08870000000000022,-6.93774421453814
-0.08970000000000011,-6.981600264833956
-0.09070000000000022,-7.024041603829907
-0.09170000000000011,-7.067897654125724
-0.09270000000000023,-7.067897654125724
-0.09370000000000012,-7.111753704421539
-0.09470000000000023,-7.155609754717355
-0.09570000000000012,-7.243321855308987
-0.09670000000000023,-7.243321855308987
-0.09770000000000012,-7.28576319430494
-0.09870000000000023,-7.28576319430494
-0.09970000000000012,-7.37347529489657
-0.10070000000000023,-7.37347529489657
-0.10170000000000012,-7.4173313451923875
-0.10270000000000024,-7.461187395488204
-0.10370000000000013,-7.50504344578402
-0.10470000000000024,-7.5474847847799715
-0.10570000000000013,-7.5474847847799715
-0.10670000000000024,-7.591340835075788
-0.10770000000000013,-7.635196885371603
-0.10870000000000024,-7.679052935667419
-0.10970000000000013,-7.679052935667419
-0.11070000000000024,-7.722908985963235
-0.11170000000000013,-7.7653503249591855
-0.11270000000000002,-7.7653503249591855
-0.11370000000000013,-7.809206375255003
-0.11470000000000002,-7.853062425550818
-0.11570000000000014,-7.853062425550818
-0.11670000000000003,-7.896918475846635
-0.11770000000000014,-7.940774526142452
-0.11870000000000003,-7.984630576438266
-0.11970000000000014,-7.984630576438266
-0.12070000000000003,-8.027071915434218
-0.12170000000000014,-8.070927965730034
-0.12270000000000003,-8.070927965730034
-0.12370000000000014,-8.11478401602585
-0.12470000000000003,-8.11478401602585
-0.12570000000000014,-8.158640066321666
-0.12670000000000003,-8.202496116617484
-0.12770000000000015,-8.202496116617484
-0.12870000000000004,-8.246352166913299
-0.12970000000000015,-8.246352166913299
-0.13070000000000004,-8.288793505909249
-0.13170000000000015,-8.332649556205066
-0.13270000000000004,-8.332649556205066
-0.13370000000000015,-8.332649556205066
-0.13470000000000004,-8.376505606500881
-0.13570000000000015,-8.376505606500881
-0.13670000000000004,-8.4203616567967
-0.13770000000000016,-8.4203616567967
-0.13870000000000005,-8.464217707092514
-0.13970000000000016,-8.508073757388331
-0.14070000000000005,-8.508073757388331
-0.14170000000000016,-8.508073757388331
-0.14270000000000005,-8.55051509638428
-0.14370000000000016,-8.594371146680096
-0.14470000000000005,-8.594371146680096
-0.14570000000000016,-8.638227196975913
-0.14670000000000005,-8.638227196975913
-0.14770000000000016,-8.68208324727173
-0.14870000000000005,-8.68208324727173
-0.14970000000000017,-8.68208324727173
-0.15070000000000006,-8.725939297567548
-0.15170000000000017,-8.769795347863363
-0.15270000000000006,-8.769795347863363
-0.15370000000000017,-8.769795347863363
-0.15470000000000006,-8.812236686859313
-0.15570000000000017,-8.812236686859313
-0.15670000000000006,-8.85609273715513
-0.15770000000000017,-8.85609273715513
-0.15870000000000006,-8.85609273715513
-0.15970000000000018,-8.899948787450944
-0.16070000000000007,-8.899948787450944
-0.16170000000000018,-8.943804837746763
-0.16270000000000007,-8.943804837746763
-0.16370000000000018,-8.943804837746763
-0.16470000000000007,-8.987660888042578
-0.16570000000000018,-8.987660888042578
-0.16670000000000007,-8.987660888042578
-0.16770000000000018,-9.031516938338395
-0.16870000000000007,-9.031516938338395
-0.16970000000000018,-9.031516938338395
-0.17070000000000007,-9.073958277334345
-0.17170000000000019,-9.073958277334345
-0.17270000000000008,-9.073958277334345
-0.1737000000000002,-9.11781432763016
-0.17470000000000008,-9.11781432763016
-0.1757000000000002,-9.11781432763016
-0.17670000000000008,-9.11781432763016
-0.1777000000000002,-9.161670377925978
-0.17870000000000008,-9.161670377925978
-0.1797000000000002,-9.161670377925978
-0.18070000000000008,-9.205526428221793
-0.1817000000000002,-9.205526428221793
-0.18270000000000008,-9.205526428221793
-0.1837000000000002,-9.205526428221793
-0.1847000000000001,-9.205526428221793
-0.1857000000000002,-9.205526428221793
-0.1867000000000001,-9.205526428221793
-0.1877000000000002,-9.24938247851761
-0.1887000000000001,-9.24938247851761
-0.1897000000000002,-9.24938247851761
-0.1907000000000001,-9.293238528813426
-0.1917000000000001,-9.24938247851761
-0.19269999999999998,-9.293238528813426
-0.1937000000000001,-9.293238528813426
-0.19469999999999998,-9.293238528813426
-0.1957000000000001,-9.293238528813426
-0.19669999999999999,-9.293238528813426
-0.1977000000000001,-9.335679867809377
-0.1987,-9.335679867809377
-0.1997000000000001,-9.335679867809377
-0.2007,-9.335679867809377
-0.2017000000000001,-9.335679867809377
-0.2027,-9.335679867809377
-0.2037000000000001,-9.335679867809377
-0.2047,-9.335679867809377
-0.2057000000000001,-9.335679867809377
-0.2067,-9.335679867809377
-0.2077000000000001,-9.335679867809377
-0.2087,-9.335679867809377
-0.2097000000000001,-9.335679867809377
-0.2107,-9.335679867809377
-0.2117000000000001,-9.335679867809377
-0.2127,-9.335679867809377
-0.2137000000000001,-9.335679867809377
-0.2147,-9.379535918105192
-0.2157000000000001,-9.379535918105192
-0.2167,-9.335679867809377
-0.21770000000000012,-9.335679867809377
-0.2187,-9.335679867809377
-0.21970000000000012,-9.335679867809377
-0.2207,-9.335679867809377
-0.22170000000000012,-9.335679867809377
-0.2227,-9.335679867809377
-0.22370000000000012,-9.335679867809377
-0.2247,-9.293238528813426
-0.22570000000000012,-9.335679867809377
-0.2267,-9.335679867809377
-0.22770000000000012,-9.293238528813426
-0.22870000000000001,-9.293238528813426
-0.22970000000000013,-9.293238528813426
-0.23070000000000002,-9.293238528813426
-0.23170000000000013,-9.293238528813426
-0.23270000000000002,-9.293238528813426
-0.23370000000000013,-9.24938247851761
-0.23470000000000002,-9.293238528813426
-0.23570000000000013,-9.293238528813426
-0.23670000000000002,-9.293238528813426
-0.2376999999999999,-9.24938247851761
-0.23870000000000002,-9.24938247851761
-0.2396999999999999,-9.24938247851761
-0.24070000000000003,-9.24938247851761
-0.24169999999999991,-9.24938247851761
-0.24270000000000003,-9.24938247851761
-0.24369999999999992,-9.24938247851761
-0.24470000000000003,-9.24938247851761
-0.24569999999999992,-9.24938247851761
-0.24670000000000003,-9.24938247851761
-0.24769999999999992,-9.205526428221793
-0.24870000000000003,-9.205526428221793
-0.24969999999999992,-9.205526428221793
-0.25070000000000003,-9.205526428221793
-0.2516999999999999,-9.205526428221793
-0.25270000000000004,-9.205526428221793
-0.2536999999999999,-9.205526428221793
-0.25470000000000004,-9.205526428221793
-0.2556999999999999,-9.205526428221793
-0.25670000000000004,-9.205526428221793
-0.25769999999999993,-9.205526428221793
-0.25870000000000004,-9.205526428221793
-0.25969999999999993,-9.205526428221793
-0.26070000000000004,-9.205526428221793
-0.26169999999999993,-9.293238528813426
-0.26270000000000004,-9.335679867809377
-0.26369999999999993,-9.379535918105192
-0.26470000000000005,-9.467248018696827
-0.26569999999999994,-9.423391968401008
-0.26670000000000005,-9.423391968401008
-0.26769999999999994,-9.379535918105192
-0.26870000000000005,-9.335679867809377
-0.26969999999999994,-9.293238528813426
-0.27070000000000005,-9.293238528813426
-0.27169999999999994,-9.24938247851761
-0.27270000000000005,-9.293238528813426
-0.27369999999999994,-9.293238528813426
-0.27470000000000006,-9.293238528813426
-0.27569999999999995,-9.293238528813426
-0.27670000000000006,-9.293238528813426
-0.27769999999999995,-9.293238528813426
-0.27870000000000006,-9.293238528813426
-0.27969999999999995,-9.293238528813426
-0.28070000000000006,-9.335679867809377
-0.28169999999999995,-9.335679867809377
-0.28270000000000006,-9.335679867809377
-0.28369999999999995,-9.335679867809377
-0.28470000000000006,-9.379535918105192
-0.28569999999999995,-9.379535918105192
-0.28670000000000007,-9.379535918105192
-0.28769999999999996,-9.423391968401008
-0.28870000000000007,-9.423391968401008
-0.28969999999999996,-9.467248018696827
-0.29070000000000007,-9.467248018696827
-0.29169999999999996,-9.511104068992642
-0.29270000000000007,-9.511104068992642
-0.29369999999999996,-9.55496011928846
-0.2947000000000001,-9.55496011928846
-0.29569999999999996,-9.59740145828441
-0.2967000000000001,-9.59740145828441
-0.29769999999999996,-9.641257508580225
-0.2987000000000001,-9.685113558876042
-0.29969999999999997,-9.685113558876042
-0.3007000000000001,-9.728969609171857
-0.30169999999999997,-9.772825659467674
-0.3027000000000001,-9.81668170976349
-0.30369999999999997,-9.81668170976349
-0.3047000000000001,-9.85912304875944
-0.30569999999999997,-9.902979099055257
-0.3067000000000001,-9.902979099055257
-0.3077,-9.946835149351072
-0.3087000000000001,-9.99069119964689
-0.3097,-10.034547249942705
-0.3107000000000001,-10.078403300238522
-0.3117,-10.120844639234473
-0.3127000000000001,-10.164700689530287
-0.3137,-10.208556739826104
-0.3147000000000001,-10.340124890713554
-0.3157,-10.382566229709504
-0.3167000000000001,-10.42642228000532
-0.3177,-10.470278330301136
-0.3187000000000001,-10.557990430892769
-0.3197,-10.601846481188586
-0.3207000000000001,-10.644287820184536
-0.3217,-10.863568071663616
-0.3227000000000001,-10.993721511251199
-0.3237,-11.081433611842833
-0.3247000000000001,-11.1677310011346
-0.3257,-11.211587051430415
-0.3267000000000001,-11.299299152022046
-0.3277,-11.343155202317865
-0.3287000000000001,-11.42945259160963
-0.3297,-11.517164692201263
-0.3307000000000001,-11.56102074249708
-0.3317,-11.647318131788847
-0.3327000000000001,-11.73503023238048
-0.3337,-11.82274233297211
-0.3347000000000001,-11.909039722263879
-0.3357,-11.996751822855511
-0.3367000000000001,-12.084463923447142
-0.3377,-12.170761312738911
-0.3387000000000001,-12.258473413330542
-0.3397,-12.346185513922174
-0.3407000000000001,-12.476338953509758
-0.3417,-12.56405105410139
-0.3427000000000001,-12.694204493688973
-0.3437,-12.781916594280606
-0.3447000000000001,-12.913484745168056
-0.3457,-12.99978213445982
-0.3467000000000001,-13.13135028534727
-0.3477,-13.261503724934855
-0.3487000000000001,-13.3930718758223
-0.3497,-13.523225315409885
-0.3507000000000001,-13.654793466297335
-0.3517,-13.784946905884919
-0.3527000000000001,-13.916515056772363
-0.3537,-14.090524546655764
-0.3547000000000001,-14.26028990263957
-0.3557,-14.401761032626075
-0.35670000000000013,-14.57152638860988
-0.3577,-14.783733083589633
-0.35870000000000013,-14.967645552572087
-0.3597,-15.137410908555893
-0.36070000000000013,-15.349617603535648
-0.3617,-15.533530072518102
-0.3626999999999999,-15.74573676749786
-0.3637,-16.014531914472215
-0.3646999999999999,-16.22673860945197
-0.3657,-16.438945304431726
-0.3666999999999999,-16.70774045140608
-0.3677,-16.962388485381787
-0.3686999999999999,-17.188742293360193
-0.36970000000000003,-17.4433903273359
-0.3706999999999999,-17.71218547431026
-0.37170000000000003,-18.009274847281915
-0.3726999999999999,-18.27806999425627
-0.37370000000000003,-18.631747819222536
-0.3746999999999999,-18.88639585319824
-0.37570000000000003,-19.2400736781645
-0.3766999999999999,-19.579604390132108
-0.37770000000000004,-19.890840876102416
-0.3786999999999999,-20.202077362072725
-0.37970000000000004,-20.541608074040333
-0.3806999999999999,-20.89528589900659
-0.38170000000000004,-21.248963723972853
-0.38269999999999993,-21.63093577493641
-0.38370000000000004,-22.027054938898623
-0.38469999999999993,-22.42317410286083
-0.38570000000000004,-22.861734605818995
-0.38669999999999993,-23.300295108777156
-0.38770000000000004,-23.682267159740714
-0.38869999999999993,-24.120827662698876
-0.38970000000000005,-24.559388165657033
-0.39069999999999994,-24.997948668615198
-0.39170000000000005,-25.478950510569312
-0.39269999999999994,-25.86092256153287
-0.39370000000000005,-26.34192440348698
-0.39469999999999994,-26.822926245441096
-0.39570000000000005,-27.261486748399253
-0.39669999999999994,-27.742488590353368
-0.39770000000000005,-28.22349043230748
-0.39869999999999994,-28.746933613257543
-0.39970000000000006,-29.22793545521166
-0.40069999999999995,-29.793819975157668
-0.40170000000000006,-30.274821817111786
-0.40269999999999995,-30.7558236590659
-0.40370000000000006,-31.321708179011907
-0.40469999999999995,-31.84515135996197
-0.40570000000000006,-32.53835989689585
-0.40669999999999995,-33.06180307784591
-0.40770000000000006,-33.50036358080407
-0.40869999999999995,-33.98136542275818
-0.40970000000000006,-34.5472499427042
-0.41069999999999995,-35.11313446265021
-0.41170000000000007,-35.763901660588125
-0.41269999999999996,-36.244903502542236
-0.41370000000000007,-36.8532293614842
-0.41469999999999996,-37.41911388143023
-0.41570000000000007,-37.99914551437489
-0.41669999999999996,-38.5650300343209
-0.41770000000000007,-39.173355893262865
-0.41869999999999996,-39.78168175220483
-0.4197000000000001,-40.34756627215084
-0.42069999999999996,-40.95589213109281
-0.4217000000000001,-41.606659329030734
-0.42269999999999996,-42.2715736399673
-0.4237000000000001,-42.837458159913304
-0.42469999999999997,-43.44578401885527
-0.4257000000000001,-44.054109877797245
-0.42669999999999997,-44.619994397743255
-0.4277000000000001,-45.27076159568118
-0.42869999999999997,-45.89323456762179
-0.4297000000000001,-46.544001765559706
-0.43069999999999997,-47.15232762450167
-0.4317000000000001,-47.76065348344364
-0.4327,-48.36897934238561
-0.4337000000000001,-48.97730520132757
-0.4347,-49.59977817326819
-0.4357000000000001,-50.29298671020206
-0.4367,-50.90131256914402
-0.4377000000000001,-51.55207976708194
-0.4387,-52.11796428702795
-0.4397000000000001,-52.74043725896857
-0.4407,-53.30632177891458
-0.4417000000000001,-53.999530315848446
-0.4427,-54.56541483579447
-0.4437000000000001,-55.21618203373238
-0.4447,-55.838655005673
-0.4457000000000001,-56.44698086461496
-0.4467,-57.097748062552874
-0.4477000000000001,-57.7485152604908
-0.4487,-58.35684111943277
-0.4497000000000001,-59.02175543036933
-0.4507,-59.67252262830725
-0.4517000000000001,-60.40817250423707
-0.4527,-61.01649836317903
-0.4537000000000001,-61.6814126741156
-0.4547,-62.41706255004542
-0.4557000000000001,-62.89806439199953
-0.4567,-63.5063902509415
-0.4577000000000001,-64.11471610988345
-0.4587,-64.86451309881193
-0.4597000000000001,-65.43039761875795
-0.4607,-66.03872347769992
-0.4617000000000001,-66.73193201463377
-0.4627,-67.39684632557035
-0.4637000000000001,-68.17493754049613
-0.4647,-68.78326339943808
-0.4657000000000001,-69.53306038836655
-0.4667,-70.09894490831257
-0.4677000000000001,-70.70727076725453
-0.4687,-71.35803796519245
-0.4697000000000001,-72.05124650212633
-0.4707,-72.57468968307639
-0.4717000000000001,-73.40936934999675
-0.4727,-74.06013654793468
-0.4737000000000001,-74.72505085887124
-0.4747,-75.37581805680915
-0.4757000000000001,-76.06902659374302
-0.4767,-76.67735245268499
-0.4777000000000001,-77.42714944161345
-0.4787,-78.07791663955136
-0.4797000000000001,-78.85600785447714
-0.4807,-79.86045287738132
-0.48170000000000013,-80.52536718831789
-0.4827,-81.1761343862558
-0.48370000000000013,-81.69957756720586
-0.4847,-82.35034476514379
-0.48570000000000013,-83.08599464107361
-0.4867,-83.18502443206415
-0.48570000000000013,-82.35034476514379
-0.4847,-81.61469488921396
-0.48370000000000013,-80.7800152222936
-0.4827,-79.90289421637728
-0.48170000000000013,-79.08236166245555
-0.4807,-78.24768199553519
-0.4797000000000001,-77.63935613659322
-0.4787,-76.7622351306769
-0.4777000000000001,-75.85681989876326
-0.4767,-75.02214023184291
-0.4757000000000001,-74.24404901691713
-0.4747,-73.49425202798865
-0.4737000000000001,-72.80104349105478
-0.4727,-72.05124650212633
-0.4717000000000001,-71.31559662619651
-0.4707,-70.66482942825859
-0.4697000000000001,-69.91503243933012
-0.4687,-69.22182390239624
-0.4677000000000001,-68.48617402646643
-0.4667,-67.82125971552985
-0.4657000000000001,-67.128051178596
-0.4647,-66.34995996367022
-0.4637000000000001,-65.60016297474175
-0.4627,-64.99183711579978
-0.4617000000000001,-64.29862857886593
-0.4607,-63.633714267929356
-0.4597000000000001,-62.94050573099548
-0.4587,-62.20485585506566
-0.4577000000000001,-61.63897133511965
-0.4567,-60.974057024183075
-0.4557000000000001,-60.28084848724921
-0.4547,-59.587639950315335
-0.4537000000000001,-59.02175543036933
-0.4527,-58.39928245842871
-0.4517000000000001,-57.66363258249889
-0.4507,-57.05530672355693
-0.4497000000000001,-56.404539525619015
-0.4487,-55.6971838756865
-0.4477000000000001,-55.003975338752625
-0.4467,-54.39564947981066
-0.4457000000000001,-53.74488228187274
-0.4447,-53.22143910092268
-0.4437000000000001,-52.514083450990164
-0.4427,-51.86331625305225
-0.4417000000000001,-51.25499039411028
-0.4407,-50.64666453516831
-0.4397000000000001,-49.98175022423175
-0.4387,-49.373424365289786
-0.4377000000000001,-48.80753984534376
-0.4367,-48.24165532539775
-0.4357000000000001,-47.633329466455784
-0.4347,-47.02500360751382
-0.4337000000000001,-46.41667774857186
-0.4327,-45.89323456762179
-0.4317000000000001,-45.32735004767578
-0.43069999999999997,-44.704877075735155
-0.4297000000000001,-44.138992555789144
-0.42869999999999997,-43.57310803584313
-0.4277000000000001,-43.007223515897124
-0.42669999999999997,-42.483780334947056
-0.4257000000000001,-41.91789581500104
-0.42469999999999997,-41.39445263405098
-0.4237000000000001,-40.87100945310091
-0.42269999999999996,-40.34756627215084
-0.4217000000000001,-39.78168175220483
-0.42069999999999996,-39.30067991025072
-0.4197000000000001,-38.777236729300654
-0.41869999999999996,-38.29623488734655
-0.41770000000000007,-37.73035036740053
-0.41669999999999996,-37.249348525446415
-0.41570000000000007,-36.725905344496354
-0.41469999999999996,-36.20246216354629
-0.41370000000000007,-35.679018982596226
-0.41269999999999996,-35.198017140642115
-0.41170000000000007,-34.75945663768395
-0.41069999999999995,-34.236013456733886
-0.40970000000000006,-33.755011614779775
-0.40869999999999995,-33.288156885824314
-0.40770000000000006,-32.892037721862096
-0.40669999999999995,-32.41103587990799
-0.40570000000000006,-31.887592698957924
-0.40469999999999995,-31.40659085700382
-0.40370000000000006,-30.968030354045652
-0.40269999999999995,-30.402145834099635
-0.40170000000000006,-29.921143992145527
-0.40069999999999995,-29.482583489187363
-0.39970000000000006,-29.001581647233255
-0.39869999999999994,-28.577168257273744
-0.39770000000000005,-28.13860775431558
-0.39669999999999994,-27.700047251357418
-0.39570000000000005,-27.261486748399253
-0.39469999999999994,-26.822926245441096
-0.39370000000000005,-26.38436574248293
-0.39269999999999994,-26.002393691519377
-0.39170000000000005,-25.563833188561212
-0.39069999999999994,-25.12527268560305
-0.38970000000000005,-24.729153521640843
-0.38869999999999993,-24.34718147067728
-0.38770000000000004,-23.951062306715073
-0.38669999999999993,-23.51250180375691
-0.38570000000000004,-23.1163826397947
-0.38469999999999993,-22.67782213683654
-0.38370000000000004,-22.33829142486893
-0.38269999999999993,-21.94217226090672
-0.38170000000000004,-21.58849443594046
-0.3806999999999999,-21.2065223849769
-0.37970000000000004,-20.85284456001064
-0.3786999999999999,-20.499166735044383
-0.37770000000000004,-20.159636023076775
-0.3766999999999999,-19.805958198110513
-0.37570000000000003,-19.537163051136158
-0.3746999999999999,-19.2400736781645
-0.37370000000000003,-18.843954514202288
-0.3726999999999999,-18.49027668923603
-0.37170000000000003,-18.15074597726842
-0.3706999999999999,-17.839509491298113
-0.36970000000000003,-17.48583166633185
-0.3686999999999999,-17.231183632356142
-0.3677,-16.962388485381787
-0.3666999999999999,-16.622857773414182
-0.3657,-16.269179948447924
-0.3646999999999999,-15.972090575476265
-0.3637,-15.660854089505953
-0.3626999999999999,-15.3920589425316
-0.3617,-15.264734925543747
-0.36070000000000013,-14.925204213576137
-0.3597,-14.529085049613924
-0.35870000000000013,-14.217848563643619
-0.3577,-13.916515056772363
-0.35670000000000013,-13.610937416001518
-0.3557,-13.30535977523067
-0.3547000000000001,-13.043638184755638
-0.3537,-12.73806054398479
-0.3527000000000001,-12.56405105410139
-0.3517,-12.476338953509758
-0.3507000000000001,-12.258473413330542
-0.3497,-11.952895772559694
-0.3487000000000001,-11.691174182084664
-0.3477,-11.42945259160963
-0.3467000000000001,-11.1677310011346
-0.3457,-10.906009410659568
-0.3447000000000001,-10.644287820184536
-0.3437,-10.42642228000532
-0.3427000000000001,-10.164700689530287
-0.3417,-9.946835149351072
-0.3407000000000001,-9.685113558876042
-0.3397,-9.467248018696827
-0.3387000000000001,-9.24938247851761
-0.3377,-9.031516938338395
-0.3367000000000001,-8.812236686859313
-0.3357,-8.594371146680096
-0.3347000000000001,-8.4203616567967
-0.3337,-8.246352166913299
-0.3327000000000001,-8.027071915434218
-0.3317,-7.809206375255003
-0.3307000000000001,-7.591340835075788
-0.3297,-7.37347529489657
-0.3287000000000001,-7.199465805013171
-0.3277,-7.024041603829907
-0.3267000000000001,-6.806176063650692
-0.3257,-6.719878674358924
-0.3247000000000001,-6.500598422879844
-0.3237,-6.326588932996443
-0.3227000000000001,-6.152579443113044
-0.3217,-5.977155241929781
-0.3207000000000001,-5.80314575204638
-0.3197,-5.629136262162981
-0.3187000000000001,-5.497568111275533
-0.3177,-5.367414671687949
-0.3167000000000001,-5.235846520800501
-0.3157,-5.0618370309171015
-0.3147000000000001,-4.887827541033701
-0.3137,-4.756259390146253
-0.3127000000000001,-4.582249900262854
-0.3117,-4.450681749375406
-0.3107000000000001,-4.3205283097878215
-0.3097,-4.146518819904423
-0.3087000000000001,-4.014950669016974
-0.3077,-3.884797229429391
-0.3067000000000001,-3.7532290785419424
-0.30569999999999997,-3.623075638954359
-0.3047000000000001,-3.4915074880669104
-0.30369999999999997,-3.361354048479327
-0.3027000000000001,-3.273641947887695
-0.30169999999999997,-3.0996324580042955
-0.3007000000000001,-3.0119203574126634
-0.29969999999999997,-2.8803522065252145
-0.2987000000000001,-2.794054817233447
-0.29769999999999996,-2.662486666345999
-0.2967000000000001,-2.532333226758415
-0.29569999999999996,-2.4446211261667834
-0.2947000000000001,-2.4007650758709675
-0.29369999999999996,-2.3144676865791998
-0.29270000000000007,-2.2706116362833835
-0.29169999999999996,-2.1390434853959355
-0.29070000000000007,-2.008890045808352
-0.28969999999999996,-1.92117794521672
-0.28870000000000007,-1.7910245056291363
-0.28769999999999996,-1.7471684553333202
-0.28670000000000007,-1.6594563547416883
-0.28569999999999995,-1.5293029151541047
-0.28470000000000006,-1.3980177065266295
-0.28369999999999995,-1.3107300193249565
-0.28270000000000006,-1.1798692240874404
-0.28169999999999995,-1.0925815368857679
-0.28070000000000006,-1.0054353208140816
-0.27969999999999995,-0.9181476336124089
-0.27870000000000006,-0.8308599464107361
-0.27769999999999995,-0.7437137303390498
-0.27670000000000006,-0.6564260431373771
-0.27569999999999995,-0.5692798270656908
-0.27470000000000006,-0.48199213986401795
-0.27369999999999994,-0.3947044526623452
-0.27270000000000005,-0.30755823659065895
-0.27169999999999994,-0.2202705493889862
-0.27070000000000005,-0.1766974413531431
-0.26969999999999994,-0.08943804837746762
-0.26870000000000005,-0.002205534916489592
-0.26769999999999994,0.08502414912188871
-0.26670000000000005,0.12863969849672777
-0.26569999999999994,0.21588494435940458
-0.26470000000000005,0.2594580523952477
-0.26369999999999993,0.3031726315610774
-0.26270000000000004,0.3903188476327636
-0.26169999999999993,0.43403342679859325
-0.26070000000000004,0.5211796428702795
-0.25969999999999993,0.5211796428702795
-0.25870000000000004,0.5647527509061226
-0.25769999999999993,0.6520404381077953
-0.25670000000000004,0.7393281253094681
-0.2556999999999999,0.7829012333453113
-0.25470000000000004,0.870188920546984
-0.2536999999999999,0.9137620285828272
-0.25270000000000004,0.9573351366186703
-0.2516999999999999,1.0446228238203432
-0.25070000000000003,1.0881959318561862
-0.24969999999999992,1.175483619057859
-0.24870000000000003,1.2626298351295453
-0.24769999999999992,1.3063444142953748
-0.24670000000000003,1.349917522331218
-0.24569999999999992,1.3934906303670611
-0.24470000000000003,1.4812027309586933
-0.24369999999999992,1.5250587812545096
-0.24270000000000003,1.6113561705462767
-0.24169999999999991,1.655212220842093
-0.24070000000000003,1.6990682711379093
-0.2396999999999999,1.7429243214337253
-0.23870000000000002,1.7867803717295414
-0.2376999999999999,1.8292217107254924
-0.23670000000000002,1.8730777610213083
-0.23570000000000013,1.9169338113171246
-0.23470000000000002,2.004645911908757
-0.23370000000000013,2.048501962204573
-0.23270000000000002,2.0909433012005243
-0.23170000000000013,2.1347993514963406
-0.23070000000000002,2.178655401792157
-0.22970000000000013,2.2225114520879723
-0.22870000000000001,2.2225114520879723
-0.22770000000000012,2.30880884137974
-0.2267,2.352664891675556
-0.22570000000000012,2.396520941971372
-0.2247,2.4403769922671885
-0.22370000000000012,2.5280890928588207
-0.2227,2.5280890928588207
-0.22170000000000012,2.5705304318547717
-0.2207,2.658242532446404
-0.21970000000000012,2.70209858274222
-0.2187,2.745954633038036
-0.21770000000000012,2.7898106833338523
-0.2167,2.8322520223298033
-0.2157000000000001,2.8761080726256196
-0.2147,2.919964122921436
-0.2137000000000001,2.963820173217252
-0.2127,3.0076762235130676
-0.2117000000000001,3.0515322738088844
-0.2107,3.0939736128048354
-0.2097000000000001,3.1378296631006513
-0.2087,3.1816857133964676
-0.2077000000000001,3.225541763692284
-0.2067,3.313253864283916
-0.2057000000000001,3.313253864283916
-0.2047,3.355695203279867
-0.2037000000000001,3.3995512535756833
-0.2027,3.4434073038714996
-0.2017000000000001,3.4872633541673155
-0.2007,3.5311194044631313
-0.1997000000000001,3.5749754547589476
-0.1987,3.5749754547589476
-0.1977000000000001,3.6174167937548987
-0.19669999999999999,3.661272844050715
-0.1957000000000001,3.7051288943465317
-0.19469999999999998,3.7928409949381634
-0.1937000000000001,3.8366970452339793
-0.19269999999999998,3.8791383842299307
-0.1917000000000001,3.8791383842299307
-0.1907000000000001,3.8791383842299307
-0.1897000000000002,3.9668504848215624
-0.1887000000000001,3.9668504848215624
-0.1877000000000002,4.01070653511738
-0.1867000000000001,4.054562585413195
-0.1857000000000002,4.098418635709011
-0.1847000000000001,4.140859974704963
-0.1837000000000002,4.184716025000778
-0.18270000000000008,4.2285720752965945
-0.1817000000000002,4.272428125592412
-0.18070000000000008,4.316284175888227
-0.1797000000000002,4.360140226184043
-0.17870000000000008,4.402581565179994
-0.1777000000000002,4.402581565179994
-0.17670000000000008,4.44643761547581
-0.1757000000000002,4.490293665771627
-0.17470000000000008,4.578005766363259
-0.1737000000000002,4.578005766363259
-0.17270000000000008,4.6218618166590755
-0.17170000000000019,4.664303155655026
-0.17070000000000007,4.708159205950842
-0.16970000000000018,4.752015256246658
-0.16870000000000007,4.795871306542475
-0.16770000000000018,4.839727356838291
-0.16670000000000007,4.883583407134107
-0.16570000000000018,4.926024746130058
-0.16470000000000007,4.9698807964258735
-0.16370000000000018,4.9698807964258735
-0.16270000000000007,5.01373684672169
-0.16170000000000018,5.057592897017507
-0.16070000000000007,5.101448947313322
-0.15970000000000018,5.145304997609139
-0.15870000000000006,5.18774633660509
-0.15770000000000017,5.231602386900906
-0.15670000000000006,5.275458437196722
-0.15570000000000017,5.319314487492538
-0.15470000000000006,5.3631705377883545
-0.15370000000000017,5.3631705377883545
-0.15270000000000006,5.405611876784305
-0.15170000000000017,5.449467927080121
-0.15070000000000006,5.493323977375938
-0.14970000000000017,5.493323977375938
-0.14870000000000005,5.581036077967569
-0.14770000000000016,5.581036077967569
-0.14670000000000005,5.667333467259336
-0.14570000000000016,5.667333467259336
-0.14470000000000005,5.7111895175551535
-0.14370000000000016,5.75504556785097
-0.14270000000000005,5.798901618146785
-0.14170000000000016,5.798901618146785
-0.14070000000000005,5.886613718738418
-0.13970000000000016,5.886613718738418
-0.13870000000000005,5.929055057734368
-0.13770000000000016,5.9729111080301855
-0.13670000000000004,6.016767158326001
-0.13570000000000015,6.060623208621817
-0.13470000000000004,6.1044792589176335
-0.13370000000000015,6.14833530921345
-0.13270000000000004,6.1907766482094
-0.13170000000000015,6.234632698505217
-0.13070000000000004,6.278488748801033
-0.12970000000000015,6.322344799096849
-0.12870000000000004,6.366200849392665
-0.12770000000000015,6.410056899688482
-0.12670000000000003,6.452498238684432
-0.12570000000000014,6.452498238684432
-0.12470000000000003,6.496354288980249
-0.12370000000000014,6.540210339276065
-0.12270000000000003,6.5840663895718805
-0.12170000000000014,6.627922439867697
-0.12070000000000003,6.671778490163514
-0.11970000000000014,6.714219829159464
-0.11870000000000003,6.75807587945528
-0.11770000000000014,6.75807587945528
-0.11670000000000003,6.801931929751096
-0.11570000000000014,6.889644030342729
-0.11470000000000002,6.933500080638546
-0.11370000000000013,6.975941419634496
-0.11270000000000002,7.019797469930312
-0.11170000000000013,7.019797469930312
-0.11070000000000024,7.063653520226129
-0.10970000000000013,7.107509570521944
-0.10870000000000024,7.15136562081776
-0.10770000000000013,7.15136562081776
-0.10670000000000024,7.195221671113577
-0.10570000000000013,7.237663010109527
-0.10470000000000024,7.281519060405343
-0.10370000000000013,7.32537511070116
-0.10270000000000024,7.369231160996977
-0.10170000000000012,7.413087211292793
-0.10070000000000023,7.413087211292793
-0.09970000000000012,7.49938460058456
-0.09870000000000023,7.543240650880375
-0.09770000000000012,7.587096701176192
-0.09670000000000023,7.630952751472008
-0.09570000000000012,7.674808801767824
-0.09470000000000023,7.7186648520636405
-0.09370000000000012,7.7186648520636405
-0.09270000000000023,7.804962241355407
-0.09170000000000011,7.804962241355407
-0.09070000000000022,7.848818291651225
-0.08970000000000011,7.892674341947039
-0.08870000000000022,7.936530392242855
-0.08770000000000011,7.980386442538672
-0.08670000000000022,8.022827781534623
-0.08570000000000011,8.066683831830439
-0.08470000000000022,8.110539882126256
-0.08370000000000011,8.154395932422071
-0.08270000000000022,8.198251982717888
-0.0817000000000001,8.242108033013702
-0.08070000000000022,8.284549372009655
-0.0797000000000001,8.328405422305472
-0.07870000000000021,8.372261472601286
-0.0777000000000001,8.416117522897103
-0.07670000000000021,8.459973573192919
-0.0757000000000001,8.503829623488736
-0.07470000000000021,8.546270962484687
-0.0737000000000001,8.590127012780503
-0.07270000000000021,8.63398306307632
-0.0717000000000001,8.677839113372134
-0.07070000000000021,8.72169516366795
-0.0697000000000001,8.764136502663902
-0.0687000000000002,8.80799255295972
-0.0677000000000001,8.851848603255535
-0.0667000000000002,8.89570465355135
-0.06570000000000009,8.939560703847167
-0.0647000000000002,8.983416754142983
-0.06370000000000009,9.025858093138934
-0.0627000000000002,9.06971414343475
-0.06170000000000009,9.113570193730567
-0.0607000000000002,9.157426244026382
-0.059700000000000086,9.201282294322198
-0.058700000000000196,9.201282294322198
-0.057700000000000085,9.287579683613965
-0.056700000000000195,9.287579683613965
-0.05570000000000008,9.375291784205599
-0.05470000000000019,9.375291784205599
-0.05370000000000008,9.419147834501414
-0.05270000000000019,9.463003884797232
-0.05170000000000008,9.506859935093045
-0.05070000000000019,9.506859935093045
-0.04970000000000008,9.549301274088998
-0.04870000000000019,9.593157324384812
-0.047700000000000076,9.63701337468063
-0.046700000000000186,9.680869424976446
-0.045700000000000074,9.680869424976446
-0.044700000000000184,9.724725475272262
-0.04370000000000007,9.768581525568079
-0.04270000000000018,9.811022864564029
-0.04170000000000007,9.854878914859846
-0.04070000000000018,9.854878914859846
-0.03970000000000007,9.898734965155663
-0.03870000000000018,9.942591015451477
-0.03770000000000007,9.942591015451477
-0.03670000000000018,9.986447065747294
-0.035700000000000065,10.03030311604311
-0.034700000000000175,10.07274445503906
-0.03370000000000006,10.116600505334876
-0.03270000000000017,10.160456555630693
-0.03170000000000006,10.20431260592651
-0.03070000000000017,10.20431260592651
-0.02970000000000006,10.248168656222326
-0.02870000000000017,10.292024706518141
-0.027700000000000058,10.334466045514093
-0.026700000000000168,10.37832209580991
-0.025700000000000056,10.422178146105725
-0.024700000000000166,10.46603419640154
-0.023700000000000054,10.509890246697358
-0.022700000000000164,10.553746296993173
-0.021700000000000053,10.596187635989125
-0.020700000000000163,10.64004368628494
-0.01970000000000005,10.64004368628494
-0.01870000000000016,10.727755786876573
-0.01770000000000005,10.727755786876573
-0.01670000000000016,10.771611837172388
-0.015700000000000047,10.857909226464155
-0.014700000000000157,10.901765276759972
-0.013700000000000045,10.94562132705579
-0.012700000000000156,10.989477377351605
-0.011700000000000044,11.033333427647422
-0.010700000000000154,11.033333427647422
-0.009700000000000042,11.077189477943236
-0.008700000000000152,11.163486867235004
-0.00770000000000004,11.163486867235004
-0.00670000000000015,11.20734291753082
-0.005700000000000038,11.251198967826637
-0.0047000000000001485,11.295055018122452
-0.0037000000000000366,11.295055018122452
-0.0027000000000001467,11.33891106841827
-0.0017000000000000348,11.38135240741422
-0.000700000000000145,11.425208457710037
0.00029999999999996696,11.469064508005852
0.0012999999999998568,11.51292055830167
0.0022999999999999687,11.556776608597485
0.0032999999999998586,11.6006326588933
0.0042999999999999705,11.643073997889251
0.00529999999999986,11.686930048185067
0.006299999999999972,11.730786098480884
0.007299999999999862,11.774642148776701
0.008299999999999974,11.818498199072517
0.009299999999999864,11.862354249368334
0.010299999999999976,11.904795588364284
0.011299999999999866,11.9486516386601
0.012299999999999978,11.992507688955916
