Potential V vs RHE, Current mA cm-2
0.013299999999999867,-0.08915510611749461
0.012299999999999978,-0.13814655843182086
0.011299999999999866,-0.1503838111756534
0.010299999999999976,-0.15250587812545094
0.009299999999999864,-0.16099414592464115
0.008299999999999974,-0.16806770242396638
0.007299999999999862,-0.17202889406358848
0.006299999999999972,-0.1766974413531431
0.00529999999999986,-0.17782921039303512
0.0042999999999999705,-0.17980980621284617
0.0032999999999998586,-0.1858930648022658
0.0022999999999999687,-0.18660042045219835
0.0012999999999998568,-0.19084455435179343
0.00029999999999996696,-0.193532505821537
-0.000700000000000145,-0.193249563561564
-0.0017000000000000348,-0.19933282215098366
-0.0027000000000001467,-0.20004017780091618
-0.0037000000000000366,-0.19989870667092968
-0.0047000000000001485,-0.20456725396048434
-0.005700000000000038,-0.2044257828304978
-0.00670000000000015,-0.20994315689997145
-0.00770000000000004,-0.21008462802995795
-0.008700000000000152,-0.20838697447011992
-0.009700000000000042,-0.2119237527197825
-0.010700000000000154,-0.2151775887094721
-0.011700000000000044,-0.2164508288793506
-0.012700000000000156,-0.21871436695913468
-0.013700000000000045,-0.21588494435940458
-0.014700000000000157,-0.2192802514790807
-0.015700000000000047,-0.22154378955886472
-0.01670000000000016,-0.22253408746877026
-0.01770000000000005,-0.22592939458844638
-0.01870000000000016,-0.2235243853786758
-0.01970000000000005,-0.2232414431187028
-0.020700000000000163,-0.22805146153824393
-0.021700000000000053,-0.22720263475832486
-0.022700000000000164,-0.22960764396809544
-0.023700000000000054,-0.23003205735805496
-0.024700000000000166,-0.22890028831816295
-0.025700000000000056,-0.2321541243078525
-0.026700000000000168,-0.23356883560771755
-0.027700000000000058,-0.23272000882779853
-0.02870000000000017,-0.23356883560771755
-0.02970000000000006,-0.23342736447773108
-0.03070000000000017,-0.23738855611735316
-0.03170000000000006,-0.2389447385472047
-0.03270000000000017,-0.23724708498736666
-0.03370000000000006,-0.2388032674172182
-0.034700000000000175,-0.2386617962872317
-0.035700000000000065,-0.23781296950731265
-0.03670000000000018,-0.2443206414866918
-0.03770000000000007,-0.24050092097705625
-0.03870000000000018,-0.24219857453689428
-0.03970000000000007,-0.24064239210704275
-0.04070000000000018,-0.24347181470677282
-0.04170000000000007,-0.24559388165657034
-0.04270000000000018,-0.24545241052658387
-0.04370000000000007,-0.2437547569667458
-0.044700000000000184,-0.24615976617651636
-0.045700000000000074,-0.24446211261667833
-0.046700000000000186,-0.2482818331263139
-0.047700000000000076,-0.24927213103621945
-0.04870000000000019,-0.2482818331263139
-0.04970000000000008,-0.25096978459605745
-0.05070000000000019,-0.24799889086634092
-0.05170000000000008,-0.25012095781613847
-0.05270000000000019,-0.251960082505963
-0.05370000000000008,-0.24884771764625993
-0.05470000000000019,-0.252243024765936
-0.05570000000000008,-0.252525967025909
-0.056700000000000195,-0.2535162649358146
-0.057700000000000085,-0.25507244736566614
-0.058700000000000196,-0.2535162649358146
-0.059700000000000086,-0.25295038041586854
-0.0607000000000002,-0.2547895051056931
-0.06170000000000009,-0.2571945143154637
-0.0627000000000002,-0.2571945143154637
-0.06370000000000009,-0.2577603988354097
-0.0647000000000002,-0.2562042164055581
-0.06570000000000009,-0.2583262833553557
-0.0667000000000002,-0.2586092256153287
-0.0677000000000001,-0.25988246578520724
-0.0687000000000002,-0.2610142348250993
-0.0697000000000001,-0.2567701009255041
-0.07070000000000021,-0.2615801193450453
-0.0717000000000001,-0.2624289461249643
-0.07270000000000021,-0.2621460038649913
-0.0737000000000001,-0.2622874749949778
-0.07470000000000021,-0.2634192440348699
-0.0757000000000001,-0.2614386482150588
-0.07670000000000021,-0.2648339553347349
-0.0777000000000001,-0.26455101307476186
-0.07870000000000021,-0.2646924842047484
-0.0797000000000001,-0.2639851285548159
-0.08070000000000022,-0.26440954194477534
-0.0817000000000001,-0.26907808923433
-0.08270000000000022,-0.26681455115454594
-0.08370000000000011,-0.2649754264647214
-0.08470000000000022,-0.26723896454450546
-0.08570000000000011,-0.26681455115454594
-0.08670000000000022,-0.2695025026242895
-0.08770000000000011,-0.27162456957408704
-0.08870000000000022,-0.2709172139241546
-0.08970000000000011,-0.27148309844410057
-0.09070000000000022,-0.2706342716641816
-0.09170000000000011,-0.27148309844410057
-0.09270000000000023,-0.2734636942639116
-0.09370000000000012,-0.27162456957408704
-0.09470000000000023,-0.27303928087395213
-0.09570000000000012,-0.2738881076538711
-0.09670000000000023,-0.2740295787838576
-0.09770000000000012,-0.27601017460366867
-0.09870000000000023,-0.27473693443379016
-0.09970000000000012,-0.2736051653938981
-0.10070000000000023,-0.2775663570335202
-0.10170000000000012,-0.27601017460366867
-0.10270000000000024,-0.2796884239833177
-0.10370000000000013,-0.2771419436435607
-0.10470000000000024,-0.2772834147735472
-0.10570000000000013,-0.27912253946337173
-0.10670000000000024,-0.27940548172334473
-0.10770000000000013,-0.2799713662432907
-0.10870000000000024,-0.2808201930232098
-0.10970000000000013,-0.2764345879936282
-0.11070000000000024,-0.2803957796332503
-0.11170000000000013,-0.2818104909331153
-0.11270000000000002,-0.2811031352831828
-0.11370000000000013,-0.2826593177130343
-0.11470000000000002,-0.2813860775431558
-0.11570000000000014,-0.2826593177130343
-0.11670000000000003,-0.2846399135328454
-0.11770000000000014,-0.28308373110299384
-0.11870000000000003,-0.28294225997300737
-0.11970000000000014,-0.2842155001428859
-0.12070000000000003,-0.28379108675292636
-0.12170000000000014,-0.28761080726256194
-0.12270000000000003,-0.28379108675292636
-0.12370000000000014,-0.28478138466283187
-0.12470000000000003,-0.28633756709268343
-0.12570000000000014,-0.28647903822266996
-0.12670000000000003,-0.287893749522535
-0.12770000000000015,-0.2886011051724675
-0.12870000000000004,-0.28633756709268343
-0.12970000000000015,-0.28959140308237297
-0.13070000000000004,-0.28761080726256194
-0.13170000000000015,-0.2894499319523865
-0.13270000000000004,-0.29128905664221105
-0.13370000000000015,-0.2869034516126294
-0.13470000000000004,-0.287893749522535
-0.13570000000000015,-0.29227935455211657
-0.13670000000000004,-0.28930846082239997
-0.13770000000000016,-0.2934111235920086
-0.13870000000000005,-0.28973287421235955
-0.13970000000000016,-0.29100611438223806
-0.14070000000000005,-0.2932696524620221
-0.14170000000000016,-0.29369406585198166
-0.14270000000000005,-0.2949673060218601
-0.14370000000000016,-0.29369406585198166
-0.14470000000000005,-0.2927037679420761
-0.14570000000000016,-0.2952502482818331
-0.14670000000000005,-0.2946843637618871
-0.14770000000000016,-0.2944014215019141
-0.14870000000000005,-0.2958161328017792
-0.14970000000000017,-0.2963820173217252
-0.15070000000000006,-0.29751378636161724
-0.15170000000000017,-0.3009090934812933
-0.15270000000000006,-0.29652348845171167
-0.15370000000000017,-0.3002017378313608
-0.15470000000000006,-0.29793819975157676
-0.15570000000000017,-0.29807967088156323
-0.15670000000000006,-0.3028896893011043
-0.15770000000000017,-0.3007676223513068
-0.15870000000000006,-0.30105056461127977
-0.15970000000000018,-0.3002017378313608
-0.16070000000000007,-0.3016164491312258
-0.16170000000000018,-0.3074167654606725
-0.16270000000000007,-0.3031726315610774
-0.16370000000000018,-0.30543616964086145
-0.16470000000000007,-0.3055776407708479
-0.16570000000000018,-0.30685088094072643
-0.16670000000000007,-0.30727529433068596
-0.16770000000000018,-0.3074167654606725
-0.16870000000000007,-0.30727529433068596
-0.16970000000000018,-0.3091144190205105
-0.17070000000000007,-0.308690005630551
-0.17170000000000019,-0.31208531275022705
-0.17270000000000008,-0.31180237049025405
-0.1737000000000002,-0.31095354371033507
-0.17470000000000008,-0.3122267838802136
-0.1757000000000002,-0.31477326421997065
-0.17670000000000008,-0.31406590857003813
-0.1777000000000002,-0.3178856290796737
-0.17870000000000008,-0.3181685713396467
-0.1797000000000002,-0.3164709177798087
-0.18070000000000008,-0.32071505167940384
-0.1817000000000002,-0.3208565228093903
-0.18270000000000008,-0.3221297629792688
-0.1837000000000002,-0.3214224073293363
-0.1847000000000001,-0.3236859454091204
-0.1857000000000002,-0.32708125252879644
-0.1867000000000001,-0.326373896878864
-0.1877000000000002,-0.329203319478594
-0.1887000000000001,-0.329203319478594
-0.1897000000000002,-0.32948626173856704
-0.1907000000000001,-0.33316451111821616
-0.1917000000000001,-0.3362768759779193
-0.19269999999999998,-0.33670128936787874
-0.1937000000000001,-0.33981365422758186
-0.19469999999999998,-0.3389648274476628
-0.1957000000000001,-0.34094542326747385
-0.19669999999999999,-0.3467457395969205
-0.1977000000000001,-0.34391631699719044
-0.1987,-0.345755441687015
-0.1997000000000001,-0.347453095246853
-0.2007,-0.3498581044566236
-0.2017000000000001,-0.3545266517461782
-0.2027,-0.35622430530601623
-0.2037000000000001,-0.35622430530601623
-0.2047,-0.3616002082455034
-0.2057000000000001,-0.3613172659855304
-0.2067,-0.36485404423519296
-0.2077000000000001,-0.3669761111849905
-0.2087,-0.3675419957049365
-0.2097000000000001,-0.3733423120343832
-0.2107,-0.3723520141244776
-0.2117000000000001,-0.37659614802407276
-0.2127,-0.3812646953136274
-0.2137000000000001,-0.3809817530536544
-0.2147,-0.38805530955297957
-0.2157000000000001,-0.3917335589326287
-0.2167,-0.3942800392723857
-0.21770000000000012,-0.39809975978202133
-0.2187,-0.3990900576919268
-0.21970000000000012,-0.39937299995189984
-0.2207,-0.4087100945310091
-0.22170000000000012,-0.4088515656609956
-0.2227,-0.41394452634050977
-0.22370000000000012,-0.41451041086045576
-0.2247,-0.4186130736300644
-0.22570000000000012,-0.42596957238936256
-0.2267,-0.4279501682091736
-0.22770000000000012,-0.4306381196789172
-0.22870000000000001,-0.43686284939832337
-0.22970000000000013,-0.4375702050482558
-0.23070000000000002,-0.44549258832750005
-0.23170000000000013,-0.4501611356170546
-0.23270000000000002,-0.4515758469169197
-0.23370000000000013,-0.4573761632463663
-0.23470000000000002,-0.4619032394059345
-0.23570000000000013,-0.46685472895546215
-0.23670000000000002,-0.4730794586748682
-0.2376999999999999,-0.47633329466455787
-0.23870000000000002,-0.48142625534407196
-0.2396999999999999,-0.4851045047237211
-0.24070000000000003,-0.4921780612230462
-0.24169999999999991,-0.4995345599823444
-0.24270000000000003,-0.5040616361419126
-0.24369999999999992,-0.5078813566515481
-0.24470000000000003,-0.5146719708909003
-0.24569999999999992,-0.5189161047904954
-0.24670000000000003,-0.5266970169397532
-0.24769999999999992,-0.533346160049119
-0.24870000000000003,-0.5360341115188624
-0.24969999999999992,-0.5442394370580796
-0.25070000000000003,-0.5506056379074723
-0.2516999999999999,-0.5561230119769459
-0.25270000000000004,-0.5656015776860417
-0.2536999999999999,-0.5688554136757313
-0.25470000000000004,-0.5791828061647459
-0.2556999999999999,-0.5837098823243142
-0.25670000000000004,-0.5923396212534908
-0.25769999999999993,-0.6005449467927081
-0.25870000000000004,-0.6049305518222896
-0.25969999999999993,-0.6122870505815878
-0.26070000000000004,-0.6240291543704677
-0.26169999999999993,-0.6282732882700627
-0.26270000000000004,-0.6383177384991046
-0.26369999999999993,-0.6436936414385916
-0.26470000000000005,-0.6518989669778088
-0.26569999999999994,-0.6630751862467427
-0.26670000000000005,-0.672978165345798
-0.26769999999999994,-0.6792028950652041
-0.26870000000000005,-0.6891058741642594
-0.26969999999999994,-0.695472075013652
-0.27070000000000005,-0.7080630055824508
-0.27169999999999994,-0.7152780332117625
-0.27270000000000005,-0.7229174742310338
-0.27369999999999994,-0.7355084047998326
-0.27470000000000006,-0.7424404901691712
-0.27569999999999995,-0.7540411228280646
-0.27670000000000006,-0.7649343998370254
-0.27769999999999995,-0.7742714944161345
-0.27870000000000006,-0.7829012333453113
-0.27969999999999995,-0.7936530392242855
-0.28070000000000006,-0.8051122007531923
-0.28169999999999995,-0.8191178426218563
-0.28270000000000006,-0.828030523811006
-0.28369999999999995,-0.8382164451700342
-0.28470000000000006,-0.8506659046088466
-0.28569999999999995,-0.8621250661377534
-0.28670000000000007,-0.8749989389665251
-0.28769999999999996,-0.8881557540552701
-0.28870000000000007,-0.8976343197643657
-0.28969999999999996,-0.9122058461529757
-0.29070000000000007,-0.9228161809019634
-0.29169999999999996,-0.9356900537307352
-0.29270000000000007,-0.9525251181991291
-0.29369999999999996,-0.9622866261681979
-0.2947000000000001,-0.9758678546469023
-0.29569999999999996,-0.9921370345953502
-0.2967000000000001,-1.0037376672542435
-0.29769999999999996,-1.0205727317226374
-0.2987000000000001,-1.0345783735913012
-0.29969999999999997,-1.0471693041601002
-0.3007000000000001,-1.0668337912282242
-0.30169999999999997,-1.0792832506670365
-0.3027000000000001,-1.0980989109552417
-0.30369999999999997,-1.1115386683039592
-0.3047000000000001,-1.1279493193823937
-0.30569999999999997,-1.1474723353205312
-0.3067000000000001,-1.1630341596190465
-0.3077,-1.180010695217427
-0.3087000000000001,-1.2008069513254431
-0.3097,-1.2141052375441745
-0.3107000000000001,-1.2350429647821768
-0.3117,-1.25272685603049
-0.3127000000000001,-1.274937823438371
-0.3137,-1.2943193682465222
-0.3147000000000001,-1.3110129615849295
-0.3157,-1.333082457862824
-0.3167000000000001,-1.3547275407507593
-0.3177,-1.3750993834688159
-0.3187000000000001,-1.3984421199165888
-0.3197,-1.4175407224647667
-0.3207000000000001,-1.4415908145624723
-0.3217,-1.4670556179600431
-0.3227000000000001,-1.4868615761581534
-0.3237,-1.510911668255859
-0.3247000000000001,-1.5349617603535646
-0.3257,-1.5590118524512704
-0.3267000000000001,-1.584476655848841
-0.3277,-1.6099414592464116
-0.3287000000000001,-1.6339915513441174
-0.3297,-1.660871066041553
-0.3307000000000001,-1.6863358694391237
-0.3317,-1.7160448067362895
-0.3327000000000001,-1.7443390327335901
-0.3337,-1.769803836131161
-0.3347000000000001,-1.8009274847281918
-0.3357,-1.8292217107254924
-0.3367000000000001,-1.8589306480226582
-0.3377,-1.894298430519284
-0.3387000000000001,-1.92117794521672
-0.3397,-1.9523015938137507
-0.3407000000000001,-1.9890840876102414
-0.3417,-2.0187930249074073
-0.3427000000000001,-2.0555755187038987
-0.3437,-2.0895285899006595
-0.3447000000000001,-2.122066949797555
-0.3457,-2.161678866193776
-0.3467000000000001,-2.1956319373905373
-0.3477,-2.235243853786758
-0.3487000000000001,-2.2706116362833835
-0.3497,-2.30880884137974
-0.3507000000000001,-2.348420757775961
-0.3517,-2.386617962872317
-0.3527000000000001,-2.427644590568403
-0.3537,-2.4700859295643536
-0.3547000000000001,-2.509697845960575
-0.3557,-2.550724473656661
-0.35670000000000013,-2.600239369151937
-0.3577,-2.6384365742482934
-0.35870000000000013,-2.6879514697435702
-0.3597,-2.7289780974396556
-0.36070000000000013,-2.7742488590353367
-0.3617,-2.820934331930883
-0.3626999999999999,-2.8718639387260247
-0.3637,-2.919964122921436
-0.3646999999999999,-2.970893729716577
-0.3657,-3.013335068712528
-0.3666999999999999,-3.0628499642078046
-0.3677,-3.120853127502271
-0.3686999999999999,-3.164709177798087
-0.36970000000000003,-3.2269564749921487
-0.3706999999999999,-3.28071550438702
-0.37170000000000003,-3.3344745337818917
-0.3726999999999999,-3.389648274476628
-0.37370000000000003,-3.4462367264712297
-0.3746999999999999,-3.4971663332663705
-0.37570000000000003,-3.562243053060162
-0.3766999999999999,-3.6188315050547635
-0.37770000000000004,-3.67966409094896
-0.3786999999999999,-3.733423120343832
-0.37970000000000004,-3.7928409949381634
-0.3806999999999999,-3.8763089616302007
-0.38170000000000004,-3.932897413624801
-0.38269999999999993,-4.0050476899179195
-0.38370000000000004,-4.067294987111981
-0.38469999999999993,-4.130956995605907
-0.38570000000000004,-4.201692560599159
-0.38669999999999993,-4.266769280392952
-0.38770000000000004,-4.3403342679859325
-0.38869999999999993,-4.416728678178644
-0.38970000000000005,-4.487464243171897
-0.39069999999999994,-4.561029230764878
-0.39170000000000005,-4.636008929657725
-0.39269999999999994,-4.705329783351112
-0.39370000000000005,-4.793041883942744
-0.39469999999999994,-4.869436294135457
-0.39570000000000005,-4.954318972127359
-0.39669999999999994,-5.0420310727189905
-0.39770000000000005,-5.1198401942115686
-0.39869999999999994,-5.203308160903605
-0.39970000000000006,-5.282531993696048
-0.40069999999999995,-5.377317650787004
-0.40170000000000006,-5.463615040078771
-0.40269999999999995,-5.552741851970269
-0.40370000000000006,-5.641868663861766
-0.40469999999999995,-5.739483743552454
-0.40570000000000006,-5.832854689343546
-0.40669999999999995,-5.931884480334099
-0.40770000000000006,-6.022426003525461
-0.40869999999999995,-6.124285217115744
-0.40970000000000006,-6.220485585506567
-0.41069999999999995,-6.328003644296309
-0.41170000000000007,-6.429862857886591
-0.41269999999999996,-6.543039761875795
-0.41370000000000007,-6.646313686765942
-0.41469999999999996,-6.753831745555685
-0.41570000000000007,-6.842958557447183
-0.41669999999999996,-6.978770842234226
-0.41770000000000007,-7.104680147922214
-0.41869999999999996,-7.215027629311687
-0.4197000000000001,-7.346595780199135
-0.42069999999999996,-7.483822776286043
-0.4217000000000001,-7.589926123775921
-0.42269999999999996,-7.70451773906499
-0.4237000000000001,-7.848818291651225
-0.42469999999999997,-7.984630576438266
-0.4257000000000001,-8.12044286122531
-0.42669999999999997,-8.261913991211815
-0.4277000000000001,-8.375090895201017
-0.42869999999999997,-8.517976736487388
-0.4297000000000001,-8.655203732574295
-0.43069999999999997,-8.802333707760258
-0.4317000000000001,-8.94663426034649
-0.4327,-9.09800836943205
-0.4337000000000001,-9.25504132371707
-0.4347,-9.406415432802628
-0.4357000000000001,-9.563448387087647
-0.4367,-9.730384320471723
-0.4377000000000001,-9.886002563456877
-0.4387,-10.057182630740547
-0.4397000000000001,-10.22694798672435
-0.4407,-10.39812805400802
-0.4417000000000001,-10.572137543891419
-0.4427,-10.751805878974281
-0.4437000000000001,-10.937133059256597
-0.4447,-11.128119084738378
-0.4457000000000001,-11.317690398920295
-0.4467,-11.515749980901399
-0.4477000000000001,-11.709565428982907
-0.4487,-11.909039722263879
-0.4497000000000001,-12.109928726844714
-0.4507,-12.316476576625009
-0.4517000000000001,-12.53009798290463
-0.4527,-12.74654881178398
-0.4537000000000001,-12.9601702180636
-0.4547,-13.17662104694295
-0.4557000000000001,-13.398730721021762
-0.4567,-13.626499240300033
-0.4577000000000001,-13.862756027377493
-0.4587,-14.099012814454955
-0.4597000000000001,-14.331025467632822
-0.4607,-14.557379275611227
-0.4617000000000001,-14.812027309586934
-0.4627,-15.05252823056399
-0.4637000000000001,-15.307176264539699
-0.4647,-15.561824298515406
-0.4657000000000001,-15.830619445489761
-0.4667,-16.099414592464115
-0.4677000000000001,-16.382356852437127
-0.4687,-16.651151999411482
-0.4697000000000001,-16.93409425938449
-0.4707,-17.20288940635885
-0.4717000000000001,-17.499978779330505
-0.4727,-17.797068152302163
-0.4737000000000001,-18.09415752527382
-0.4747,-18.391246898245473
-0.4757000000000001,-18.702483384215785
-0.4767,-19.01371987018609
-0.4777000000000001,-19.353250582153702
-0.4787,-19.678634181122664
-0.4797000000000001,-20.00401778009162
-0.4807,-20.329401379060574
-0.48170000000000013,-20.668932091028186
-0.4827,-21.008462802995794
-0.48370000000000013,-21.362140627962056
-0.4847,-21.729965565926964
-0.48570000000000013,-22.111937616890522
-0.4867,-22.479762554855434
-0.4876999999999999,-22.861734605818995
-0.4887,-23.24370665678255
-0.4896999999999999,-23.639825820744765
-0.4907,-24.021797871708326
-0.4916999999999999,-24.432064148669184
-0.4927,-24.842330425630045
-0.4936999999999999,-25.252596702590903
-0.49470000000000003,-25.677010092550415
-0.4956999999999999,-26.101423482509926
-0.49670000000000003,-26.539983985468087
-0.4976999999999999,-26.992691601424898
-0.49870000000000003,-27.43125210438306
-0.4996999999999999,-27.883959720339874
-0.5007,-28.336667336296685
-0.5016999999999999,-28.8176691782508
-0.5027,-29.29867102020491
-0.5036999999999999,-29.793819975157668
-0.5047,-30.288968930110435
-0.5056999999999999,-30.769970772064546
-0.5067,-31.250972614018657
-0.5076999999999999,-31.77441579496872
-0.5087,-32.297858975918786
-0.5096999999999999,-32.84959638286615
-0.5107,-33.38718667681487
-0.5116999999999999,-33.924776970763574
-0.5127,-34.44822015171364
-0.5136999999999999,-35.014104671659666
-0.5147,-35.594136304604326
-0.5156999999999999,-36.20246216354629
-0.5167,-36.78249379649095
-0.5176999999999999,-37.36252542943562
-0.5187,-37.94255706238028
-0.5196999999999999,-38.5367358083236
-0.5207,-39.173355893262865
-0.5216999999999999,-39.78168175220483
-0.5227,-40.4183018371441
-0.5236999999999999,-41.06906903508202
-0.5247,-41.719836233019926
-0.5257,-42.3847505439565
-0.5267000000000001,-43.04966485489307
-0.5277,-43.71457916582963
-0.5287000000000001,-44.3794934767662
-0.5297,-45.086849126698716
-0.5307000000000001,-45.79420477663124
-0.5317,-46.515707539562406
-0.5327000000000001,-47.25135741549222
-0.5337,-47.95871306542474
-0.5347000000000001,-48.69436294135456
-0.5357,-49.43001281728438
-0.5367000000000001,-50.1939569192115
-0.5377,-50.92960679514132
-0.5387000000000001,-51.69355089706845
-0.5397,-52.45749499899556
-0.5407000000000001,-53.29217466591593
-0.5417,-54.08441299384035
-0.5427000000000001,-54.904945547762075
-0.5437,-55.6688896496892
-0.5447000000000001,-56.475275090612264
-0.5457,-57.28166053153533
-0.5467000000000001,-58.14463442445301
-0.5477,-59.00760831737068
-0.5487000000000001,-59.884729323287
-0.5497,-60.73355610320602
-0.5507000000000001,-61.58238288312505
-0.5517,-62.40291543704677
-0.5527000000000001,-63.30833066896038
-0.5537,-64.17130456187807
-0.5547000000000001,-65.0767197937917
-0.5557,-65.99628213870396
-0.5567000000000001,-66.94413870961354
-0.5577,-67.89199528052312
-0.5587000000000001,-68.83985185143268
-0.5597,-69.75941419634496
-0.5607000000000001,-70.69312365425588
-0.5617,-71.66927445116276
-0.5627000000000001,-72.61713102207234
-0.5637,-73.55084047998325
-0.5647000000000001,-74.55528550288744
-0.5657,-75.53143629979431
-0.5667000000000001,-76.57832266169444
-0.5677,-77.55447345860131
-0.5687000000000001,-78.57306559450414
-0.5697,-79.57751061740831
-0.5707000000000001,-80.48292584932193
-0.5717,-81.43078242023151
-0.5727000000000001,-82.63328702511679
-0.5737,-83.80749740400476
-0.5747000000000001,-84.84023665290624
-0.5757,-85.74565188481988
-0.5767000000000001,-86.6510671167335
-0.5777,-87.62721791364037
-0.5787000000000001,-88.7023985015378
-0.5797,-89.87660888042578
-0.5807000000000001,-91.03667214631511
-0.5817,-92.09770562121389
-0.5827000000000001,-93.14459198311401
-0.5837,-94.17733123201549
-0.5847000000000001,-95.19592336791831
-0.5857,-96.22866261681979
-0.5867000000000001,-96.3701337468063
-0.5857,-95.57789541888187
-0.5847000000000001,-94.77150997795881
-0.5837,-93.93683031103843
-0.5827000000000001,-92.98897374012887
-0.5817,-92.12599984721119
-0.5807000000000001,-91.29132018029082
-0.5797,-90.41419917437449
-0.5787000000000001,-89.48048971646357
-0.5777,-88.54678025855264
-0.5767000000000001,-87.59892368764307
-0.5757,-86.72180268172674
-0.5747000000000001,-85.77394611081716
-0.5737,-84.86853087890354
-0.5727000000000001,-83.93482142099262
-0.5717,-83.029406189079
-0.5707000000000001,-82.03910827917348
-0.5697,-81.10539882126255
-0.5687000000000001,-80.14339513735433
-0.5677,-79.22383279244205
-0.5667000000000001,-78.23353488253653
-0.5657,-77.41300232861481
-0.5647000000000001,-76.56417554869579
-0.5637,-75.71534876877676
-0.5627000000000001,-74.78163931086584
-0.5617,-73.8479298529549
-0.5607000000000001,-72.90007328204534
-0.5597,-71.9946580501317
-0.5587000000000001,-71.10338993121674
-0.5577,-70.35359294228827
-0.5567000000000001,-69.57550172736251
-0.5557,-68.76911628643943
-0.5547000000000001,-67.89199528052312
-0.5537,-67.07146272660138
-0.5527000000000001,-66.26507728567832
-0.5517,-65.43039761875795
-0.5507000000000001,-64.62401217783489
-0.5497,-63.874215188906405
-0.5487000000000001,-63.20930087796983
-0.5477,-62.48779811503867
-0.5467000000000001,-61.794589578104805
-0.5457,-61.01649836317903
-0.5447000000000001,-60.18181869625866
-0.5437,-59.432021707330186
-0.5427000000000001,-58.76710739639362
-0.5417,-58.05975174646111
-0.5407000000000001,-57.30995475753264
-0.5397,-56.51771642960822
-0.5387000000000001,-55.7254781016838
-0.5377,-55.032269564749924
-0.5367000000000001,-54.409796592809315
-0.5357,-53.70244094287679
-0.5347000000000001,-53.023379518941574
-0.5337,-52.33017098200771
-0.5327000000000001,-51.580373993079235
-0.5317,-50.87301834314672
-0.5307000000000001,-50.179809806212845
-0.5297,-49.50074838227763
-0.5287000000000001,-48.83583407134107
-0.5277,-48.156772647405845
-0.5267000000000001,-47.520152562466585
-0.5257,-46.85523825153001
-0.5247,-46.2327652795894
-0.5236999999999999,-45.596145194650134
-0.5227,-45.00196644870681
-0.5216999999999999,-44.4643761547581
-0.5207,-43.82775606981884
-0.5196999999999999,-43.19113598487957
-0.5187,-42.653545690930855
-0.5176999999999999,-42.04521983198889
-0.5167,-41.45104108604558
-0.5156999999999999,-40.84271522710361
-0.5147,-40.26268359415894
-0.5136999999999999,-39.696799074212926
-0.5127,-39.145061667265566
-0.5116999999999999,-38.5650300343209
-0.5107,-37.99914551437489
-0.5096999999999999,-37.43326099442887
-0.5087,-36.89567070048016
-0.5076999999999999,-36.40052174552739
-0.5067,-35.89122567757598
-0.5056999999999999,-35.396076722623214
-0.5047,-34.84433931567585
-0.5036999999999999,-34.34919036072309
-0.5027,-33.81160006677438
-0.5016999999999999,-33.316451111821614
-0.5007,-32.84959638286615
-0.4996999999999999,-32.41103587990799
-0.49870000000000003,-31.901739811956578
-0.4976999999999999,-31.449032195999767
-0.49670000000000003,-30.982177467044306
-0.4956999999999999,-30.55776407708479
-0.49470000000000003,-30.06261512213203
-0.4936999999999999,-29.609907506175215
-0.4927,-29.171347003217054
-0.4916999999999999,-28.718639387260247
-0.4907,-28.294225997300735
-0.4896999999999999,-27.869812607341224
-0.4887,-27.40295787838576
-0.4876999999999999,-26.992691601424898
-0.4867,-26.55413109846674
-0.48570000000000013,-26.129717708507226
-0.4847,-25.73359854454502
-0.48370000000000013,-25.337479380582806
-0.4827,-24.927213103621945
-0.48170000000000013,-24.545241052658387
-0.4807,-24.149121888696175
-0.4797000000000001,-23.753002724733967
-0.4787,-23.371030673770406
-0.4777000000000001,-22.989058622806844
-0.4767,-22.607086571843286
-0.4757000000000001,-22.239261633878378
-0.4747,-21.885583808912116
-0.4737000000000001,-21.51775887094721
-0.4727,-21.149933932982297
-0.4717000000000001,-20.78210899501739
-0.4707,-20.44257828304978
-0.4697000000000001,-20.10304757108217
-0.4687,-19.791811085111863
-0.4677000000000001,-19.466427486142905
-0.4667,-19.141043887173947
-0.4657000000000001,-18.843954514202288
-0.4647,-18.504423802234676
-0.4637000000000001,-18.19318731626437
-0.4627,-17.896097943292716
-0.4617000000000001,-17.584861457322408
-0.4607,-17.301919197349395
-0.4597000000000001,-17.018976937376394
-0.4587,-16.736034677403385
-0.4577000000000001,-16.438945304431726
-0.4567,-16.141855931460068
-0.4557000000000001,-15.858913671487063
-0.4547,-15.590118524512702
-0.4537000000000001,-15.335470490536997
-0.4527,-15.080822456561293
-0.4517000000000001,-14.812027309586934
-0.4507,-14.557379275611227
-0.4497000000000001,-14.30273124163552
-0.4487,-14.065059743258194
-0.4477000000000001,-13.827388244880868
-0.4467,-13.588302035203677
-0.4457000000000001,-13.350630536826351
-0.4447,-13.121447306248216
-0.4437000000000001,-12.882361096571024
-0.4427,-12.660251422492214
-0.4417000000000001,-12.438141748413402
-0.4407,-12.220276208234186
-0.4397000000000001,-11.999581245455241
-0.4387,-11.778886282676295
-0.4377000000000001,-11.562435453796944
-0.4367,-11.35022875881719
-0.4357000000000001,-11.139436775137298
-0.4347,-10.931474214057138
-0.4337000000000001,-10.731999920776168
-0.4327,-10.532525627495199
-0.4317000000000001,-10.342954313313284
-0.43069999999999997,-10.150553576531639
-0.4297000000000001,-9.958152839749992
-0.42869999999999997,-9.774240370767538
-0.4277000000000001,-9.590327901785084
-0.42669999999999997,-9.406415432802628
-0.4257000000000001,-9.2295765203195
-0.42469999999999997,-9.05273760783637
-0.4237000000000001,-8.8815575405527
-0.42269999999999996,-8.716036318468491
-0.4217000000000001,-8.564662209382933
-0.42069999999999996,-8.393482142099263
-0.4197000000000001,-8.236449187814243
-0.41869999999999996,-8.076586810929495
-0.41770000000000007,-7.92096856794434
-0.41669999999999996,-7.768179747558916
-0.41570000000000007,-7.623879194972683
-0.41469999999999996,-7.473919797186989
-0.41370000000000007,-7.323960399401294
-0.41269999999999996,-7.181074558114926
-0.41170000000000007,-7.042432850728153
-0.41069999999999995,-6.906620565941108
-0.40970000000000006,-6.773637703753796
-0.40869999999999995,-6.637825418966753
-0.40770000000000006,-6.511916113278764
-0.40669999999999995,-6.378933251091451
-0.40570000000000006,-6.254438656703328
-0.40469999999999995,-6.128529351015339
-0.40370000000000006,-6.008278890526811
-0.40269999999999995,-5.892272563937878
-0.40170000000000006,-5.779095659948675
-0.40069999999999995,-5.664504044659607
-0.39970000000000006,-5.555571274569999
-0.39869999999999994,-5.443809081880661
-0.39770000000000005,-5.333461600491188
-0.39669999999999994,-5.22735825300131
-0.39570000000000005,-5.118425482911703
-0.39469999999999994,-5.020810403221016
-0.39370000000000005,-4.916121767031002
-0.39269999999999994,-4.818506687340315
-0.39170000000000005,-4.7208916076496275
-0.39069999999999994,-4.624691239258805
-0.38970000000000005,-4.527076159568118
-0.38869999999999993,-4.4379493476766205
-0.38770000000000004,-4.350237247084988
-0.38669999999999993,-4.259695723893626
-0.38570000000000004,-4.173398334601859
-0.38469999999999993,-4.084271522710361
-0.38370000000000004,-4.000803556018323
-0.38269999999999993,-3.9215797232258818
-0.38170000000000004,-3.8366970452339793
-0.3806999999999999,-3.7617173463411326
-0.37970000000000004,-3.678249379649095
-0.3786999999999999,-3.6032696807562488
-0.37770000000000004,-3.5268752705635364
-0.3766999999999999,-3.453310282970554
-0.37570000000000003,-3.382574717977303
-0.3746999999999999,-3.313253864283916
-0.37370000000000003,-3.2396888766909337
-0.3726999999999999,-3.1774415794968722
-0.37170000000000003,-3.1081207258034858
-0.3706999999999999,-3.0458734286094242
-0.36970000000000003,-2.990699687914687
-0.3686999999999999,-2.919964122921436
-0.3677,-2.852057980527914
-0.3666999999999999,-2.794054817233447
-0.3657,-2.734636942639116
-0.3646999999999999,-2.6780484906445143
-0.3637,-2.6172159047503176
-0.3626999999999999,-2.5634568753554463
-0.3617,-2.506868423360845
-0.36070000000000013,-2.451694682666109
-0.3597,-2.3993503645711023
-0.35870000000000013,-2.347006046476096
-0.3577,-2.2918323057813597
-0.35670000000000013,-2.2451468328858133
-0.3557,-2.192802514790807
-0.3547000000000001,-2.1432876192955304
-0.3537,-2.0937727238002544
-0.3527000000000001,-2.044257828304978
-0.3517,-2.0032312006088917
-0.3507000000000001,-1.9565457277133458
-0.3497,-1.9070308322180693
-0.3487000000000001,-1.8660042045219833
-0.3477,-1.823562865526032
-0.3467000000000001,-1.781121526530081
-0.3457,-1.7415096101338603
-0.3447000000000001,-1.696238848538179
-0.3437,-1.6594563547416883
-0.3427000000000001,-1.6170150157457368
-0.3417,-1.5816472332491107
-0.3407000000000001,-1.546279450752485
-0.3397,-1.505252823056399
-0.3387000000000001,-1.4698850405597732
-0.3377,-1.4373466806628774
-0.3367000000000001,-1.3974518220066834
-0.3357,-1.3663281734096524
-0.3347000000000001,-1.331667746562959
-0.3337,-1.2943193682465222
-0.3327000000000001,-1.2643274886893834
-0.3317,-1.231930599922474
-0.3307000000000001,-1.2020801914953216
-0.3297,-1.1706736006383178
-0.3287000000000001,-1.1377108273514627
-0.3277,-1.1094166013541618
-0.3267000000000001,-1.0819712021367802
-0.3257,-1.0524037359696008
-0.3247000000000001,-1.024958336752219
-0.3237,-0.9944005726751344
-0.3227000000000001,-0.9714822496173208
-0.3217,-0.9446027349198849
-0.3207000000000001,-0.9185720470023684
-0.3197,-0.8931072436047977
-0.3187000000000001,-0.8682083247271731
-0.3177,-0.8404799832498183
-0.3167000000000001,-0.8203910827917348
-0.3157,-0.7969068752139751
-0.3147000000000001,-0.774130023286148
-0.3137,-0.7503628734484155
-0.3127000000000001,-0.7247565989208583
-0.3117,-0.7076385921924914
-0.3107000000000001,-0.6847202691346778
-0.3097,-0.6622263594668236
-0.3087000000000001,-0.6424204012687131
-0.3077,-0.619926491600859
-0.3067000000000001,-0.6033743693924382
-0.30569999999999997,-0.5849831224941927
-0.3047000000000001,-0.5614989149164331
-0.30369999999999997,-0.5448053215780257
-0.3027000000000001,-0.5262726035497938
-0.30169999999999997,-0.5057592897017505
-0.3007000000000001,-0.49246100348301924
-0.29969999999999997,-0.47166474737500325
-0.2987000000000001,-0.4563858653364608
-0.29769999999999996,-0.43940932973808033
-0.2967000000000001,-0.42101808283983494
-0.29569999999999996,-0.40913450792096867
-0.2947000000000001,-0.3930067991025072
-0.29369999999999996,-0.37489849446423473
-0.29270000000000007,-0.3600440258156518
-0.29169999999999996,-0.34391631699719044
-0.29070000000000007,-0.33274009772825663
-0.28969999999999996,-0.3170368022997547
-0.28870000000000007,-0.30204086252118534
-0.28769999999999996,-0.28761080726256194
-0.28670000000000007,-0.2768590013835877
-0.28569999999999995,-0.2628533595149239
-0.28470000000000006,-0.24969654442617895
-0.28369999999999995,-0.23484207577759608
-0.28270000000000006,-0.22493909667854084
-0.28169999999999995,-0.21489464644949907
-0.28070000000000006,-0.2040013694405383
-0.27969999999999995,-0.1919763233916855
-0.27870000000000006,-0.18221481542261672
-0.27769999999999995,-0.16849211581392587
-0.27670000000000006,-0.15986237688474914
-0.27569999999999995,-0.14911057100577488
-0.27470000000000006,-0.13997153600864676
-0.27369999999999994,-0.12921973012967244
-0.27270000000000005,-0.11791618684375081
-0.27169999999999994,-0.11135192641237703
-0.27070000000000005,-0.10200068472026914
-0.26969999999999994,-0.09195623449122738
-0.26870000000000005,-0.08329820133605337
-0.26769999999999994,-0.07449869705089282
-0.26670000000000005,-0.06417130456187807
-0.26569999999999994,-0.05998375911427755
-0.26470000000000005,-0.04868021582835592
-0.26369999999999993,-0.04170568912002128
-0.26270000000000004,-0.034999957558661005
-0.26169999999999993,-0.02662486666345999
-0.26070000000000004,-0.021333846401964753
-0.25969999999999993,-0.011835474734670897
-0.25870000000000004,-0.007509287579683614
-0.25769999999999993,-0.0005303752663194022
-0.25670000000000004,0.009379535918105194
-0.2556999999999999,0.013286968528332426
-0.25470000000000004,0.019013719870186095
-0.2536999999999999,0.029199641229214358
-0.25270000000000004,0.03367012893678788
-0.2516999999999999,0.03980997597820213
-0.25070000000000003,0.043856050295816136
-0.24969999999999992,0.04930268880029653
-0.24870000000000003,0.057394837435524544
-0.24769999999999992,0.06186532514309807
-0.24670000000000003,0.06507671979379169
-0.24569999999999992,0.07343766357599404
-0.24470000000000003,0.07497969889284695
-0.24369999999999992,0.08390652719499532
-0.24270000000000003,0.08711792184568896
-0.24169999999999991,0.08991905021942173
-0.24070000000000003,0.0984214651316106
-0.2396999999999999,0.1002464427084365
-0.23870000000000002,0.10567893409991824
-0.2376999999999999,0.11029089293747825
-0.23670000000000002,0.1136437587181584
-0.23570000000000013,0.11852451270269278
-0.23470000000000002,0.1213114939634269
-0.23370000000000013,0.1268996035978938
-0.23270000000000002,0.13165303356544034
-0.23170000000000013,0.13332239289928105
-0.23070000000000002,0.13541616562308129
-0.22970000000000013,0.1423199567664227
-0.22870000000000001,0.14613967727605828
-0.22770000000000012,0.1510911668255859
-0.2267,0.15222293586547794
-0.22570000000000012,0.15476941620523502
-0.2247,0.15929649236480314
-0.22370000000000012,0.1622673860945197
-0.2227,0.16453092417430376
-0.22170000000000012,0.1697653559838044
-0.2207,0.16905800033387192
-0.21970000000000012,0.17627302796318356
-0.2187,0.17641449909317006
-0.21770000000000012,0.17910245056291366
-0.2167,0.1843368823724143
-0.2157000000000001,0.19056161209182043
-0.2147,0.18957131418191492
-0.2137000000000001,0.19466427486142904
-0.2127,0.19452280373144254
-0.2117000000000001,0.19820105311109162
-0.2107,0.19890840876102414
-0.2097000000000001,0.20244518701068673
-0.2087,0.20697226317025488
-0.2077000000000001,0.20569902300037635
-0.2067,0.2076796188201874
-0.2057000000000001,0.21291405062968802
-0.2047,0.21305552175967452
-0.2037000000000001,0.2181484824391887
-0.2027,0.2192802514790807
-0.2017000000000001,0.21828995356917516
-0.2007,0.22309997198871628
-0.1997000000000001,0.2229585008587298
-0.1987,0.2273441058883114
-0.1977000000000001,0.22960764396809544
-0.19669999999999999,0.2276270481482844
-0.1957000000000001,0.23059794187800098
-0.19469999999999998,0.23286147995778506
-0.1937000000000001,0.23625678707746112
-0.19269999999999998,0.2388032674172182
-0.1917000000000001,0.23668120046742064
-0.1907000000000001,0.2396520941971372
-0.1897000000000002,0.24361328583675934
-0.1887000000000001,0.2443206414866918
-0.1877000000000002,0.24672565069646235
-0.1867000000000001,0.24700859295643537
-0.1857000000000002,0.24672565069646235
-0.1847000000000001,0.25139419798601703
-0.1837000000000002,0.2526674381558955
-0.18270000000000008,0.2537992071957876
-0.1817000000000002,0.2564871586655311
-0.18070000000000008,0.25337479380582806
-0.1797000000000002,0.2588921678753017
-0.17870000000000008,0.25790186996539616
-0.1777000000000002,0.2594580523952477
-0.17670000000000008,0.26327777290488336
-0.1757000000000002,0.2610142348250993
-0.17470000000000008,0.2622874749949778
-0.1737000000000002,0.2686536758443705
-0.17270000000000008,0.2656827821146539
-0.17170000000000019,0.2686536758443705
-0.17070000000000007,0.26780484906445146
-0.16970000000000018,0.26808779132442445
-0.16870000000000007,0.27572723234369567
-0.16770000000000018,0.27148309844410057
-0.16670000000000007,0.2731807520039386
-0.16570000000000018,0.2768590013835877
-0.16470000000000007,0.2772834147735472
-0.16370000000000018,0.2806787218932233
-0.16270000000000007,0.27827371268345275
-0.16170000000000018,0.27926401059335826
-0.16070000000000007,0.2811031352831828
-0.15970000000000018,0.2808201930232098
-0.15870000000000006,0.2823763754530613
-0.15770000000000017,0.28633756709268343
-0.15670000000000006,0.28506432692280487
-0.15570000000000017,0.287893749522535
-0.15470000000000006,0.28591315370272397
-0.15370000000000017,0.2886011051724675
-0.15270000000000006,0.2914305277721975
-0.15170000000000017,0.28959140308237297
-0.15070000000000006,0.289874345342346
-0.14970000000000017,0.2938355369819681
-0.14870000000000005,0.2929867102020491
-0.14770000000000016,0.29652348845171167
-0.14670000000000005,0.29482583489187364
-0.14570000000000016,0.2941184792419411
-0.14470000000000005,0.29878702653149575
-0.14370000000000016,0.29850408427152275
-0.14270000000000005,0.29977732444140126
-0.14170000000000016,0.3009090934812933
-0.14070000000000005,0.2999187955713878
-0.13970000000000016,0.30260674704113133
-0.13870000000000005,0.3028896893011043
-0.13770000000000016,0.30543616964086145
-0.13670000000000004,0.3050117562509019
-0.13570000000000015,0.3055776407708479
-0.13470000000000004,0.3047288139909289
-0.13370000000000015,0.310104716930416
-0.13270000000000004,0.3079826499806185
-0.13170000000000015,0.3113779571002946
-0.13070000000000004,0.308407063370578
-0.12970000000000015,0.3110950148403216
-0.12870000000000004,0.31548061986990317
-0.12770000000000015,0.31236825501020005
-0.12670000000000003,0.31293413953014615
-0.12570000000000014,0.3161879755198357
-0.12470000000000003,0.31533914873991664
-0.12370000000000014,0.3194418115095253
-0.12270000000000003,0.3174612156897142
-0.12170000000000014,0.3184515135996197
-0.12070000000000003,0.32014916715945774
-0.11970000000000014,0.32029063828944426
-0.11870000000000003,0.3205735805494173
-0.11770000000000014,0.3246762433190259
-0.11670000000000003,0.3221297629792688
-0.11570000000000014,0.3252421278389719
-0.11470000000000002,0.32255417636922834
-0.11370000000000013,0.32849596382866153
-0.11270000000000002,0.32948626173856704
-0.11170000000000013,0.32807155043870195
-0.11070000000000024,0.328354492698675
-0.10970000000000013,0.33217421320831064
-0.10870000000000024,0.33174979981835107
-0.10770000000000013,0.3335889245081756
-0.10670000000000024,0.33274009772825663
-0.10570000000000013,0.33316451111821616
-0.10470000000000024,0.33641834710790575
-0.10370000000000013,0.3359939337179463
-0.10270000000000024,0.33613540484793275
-0.10170000000000012,0.3389648274476628
-0.10070000000000023,0.3385404140577033
-0.09970000000000012,0.34151130778741984
-0.09870000000000023,0.3425016056973254
-0.09770000000000012,0.3416527789174064
-0.09670000000000023,0.34434073038714996
-0.09570000000000012,0.3425016056973254
-0.09470000000000023,0.3450480860370824
-0.09370000000000012,0.3497166333266371
-0.09270000000000023,0.346321326206961
-0.09170000000000011,0.34900927767670453
-0.09070000000000022,0.34844339315675854
-0.08970000000000011,0.35014104671659657
-0.08870000000000022,0.3543851806161917
-0.08770000000000011,0.3542437094862052
-0.08670000000000022,0.3539607672262322
-0.08570000000000011,0.35608283417602976
-0.08470000000000022,0.35537547852609724
-0.08370000000000011,0.3591951990357328
-0.08270000000000022,0.3584878433858003
-0.0817000000000001,0.3586293145157868
-0.08070000000000022,0.36287344841538194
-0.0797000000000001,0.36046843920561134
-0.07870000000000021,0.36315639067535493
-0.0777000000000001,0.36839082248485555
-0.07670000000000021,0.3649955153651795
-0.0757000000000001,0.3661272844050715
-0.07470000000000021,0.3669761111849905
-0.0737000000000001,0.3686737647448286
-0.07270000000000021,0.3730593697744102
-0.0717000000000001,0.3703714183046666
-0.07070000000000021,0.3712202450845856
-0.0697000000000001,0.37433260994428874
-0.0687000000000002,0.3732008409043967
-0.0677000000000001,0.3760302635041267
-0.0667000000000002,0.3767376191540593
-0.06570000000000009,0.3757473212441537
-0.0647000000000002,0.3812646953136274
-0.06370000000000009,0.38168910870358685
-0.0627000000000002,0.383952646783371
-0.06170000000000009,0.38565030034320896
-0.0607000000000002,0.38480147356329
-0.059700000000000086,0.386499127123128
-0.058700000000000196,0.38777236729300657
-0.057700000000000085,0.39060178989273664
-0.056700000000000195,0.3951288660523047
-0.05570000000000008,0.3903188476327636
-0.05470000000000019,0.3930067991025072
-0.05370000000000008,0.3976753463920618
-0.05270000000000019,0.3959776928322238
-0.05170000000000008,0.3988071154319538
-0.05070000000000019,0.3982412309120078
-0.04970000000000008,0.39993888447184583
-0.04870000000000019,0.40503184515136
-0.047700000000000076,0.4051733162813465
-0.046700000000000186,0.4051733162813465
-0.045700000000000074,0.40970039244091466
-0.044700000000000184,0.4074368543611306
-0.04370000000000007,0.4126712861706312
-0.04270000000000018,0.4130956995605908
-0.04170000000000007,0.4133786418205638
-0.04070000000000018,0.4160665932903073
-0.03970000000000007,0.41422746860048276
-0.03870000000000018,0.4187545447600509
-0.03770000000000007,0.4234230920496055
-0.03670000000000018,0.42130102509980794
-0.035700000000000065,0.42526221673943004
-0.034700000000000175,0.4254036878694165
-0.03370000000000006,0.4293648795090386
-0.03270000000000017,0.4320528309787822
-0.03170000000000006,0.4310625330688767
-0.03070000000000017,0.4323357732387552
-0.02970000000000006,0.43516519583848523
-0.02870000000000017,0.43686284939832337
-0.027700000000000058,0.44181433894785094
-0.026700000000000168,0.4392678586080939
-0.025700000000000056,0.4436534636376755
-0.024700000000000166,0.44535111719751347
-0.023700000000000054,0.4480390686672571
-0.022700000000000164,0.4505855490070142
-0.021700000000000053,0.4542637983866633
-0.020700000000000163,0.45341497160674427
-0.01970000000000005,0.46020558584609644
-0.01870000000000016,0.45879087454623135
-0.01770000000000005,0.46176176827594795
-0.01670000000000016,0.464308248615705
-0.015700000000000047,0.4630350084458265
-0.014700000000000157,0.4655814887855836
-0.013700000000000045,0.47180621850498966
-0.012700000000000156,0.47223063189494924
-0.011700000000000044,0.47435269884474673
-0.010700000000000154,0.47718212144447686
-0.009700000000000042,0.48015301517419345
-0.008700000000000152,0.4846800913337616
-0.00770000000000004,0.48496303359373455
-0.00670000000000015,0.4866606871535727
-0.005700000000000038,0.49033893653322164
-0.0047000000000001485,0.49147070557311373
-0.0037000000000000366,0.4969880796425873
-0.0027000000000001467,0.4991101465923849
-0.0017000000000000348,0.4979783775524929
-0.000700000000000145,0.5034957516219666
0.00029999999999996696,0.5040616361419126
0.0012999999999998568,0.5087301834314671
0.0022999999999999687,0.5126913750710893
0.0032999999999998586,0.5138231441109813
0.0042999999999999705,0.5170769801006708
0.00529999999999986,0.5186331625305225
0.006299999999999972,0.5233017098200771
0.007299999999999862,0.5255652478998613
0.008299999999999974,0.5278287859796452
0.009299999999999864,0.5313655642293078
0.010299999999999976,0.5332046889191324
0.011299999999999866,0.538439120728633
0.012299999999999978,0.5418344278483092
