June 30, 2026   10:43:07
Linear Sweep Voltammetry
File: c:/users/guazh/data/20260623_doe_duplica2/2026-06-24-exp49\1acid_3ac-2026-06-30t10_39_55-lsvinphos\1acid_3ac_lsv_50mvs_efin_-2300mv.bin
Data Source:  Experiment
Instrument Model:  CHI760E
Header: LSV ran at 50 mVs with Efin at -2300mV
Note: 

Init E (V) = -0.6
Final E (V) = -2.3
Scan Rate (V/s) = 0.05
Sample Interval (V) = 0.001
Quiet Time (sec) = 2
Sensitivity (A/V) = 1e-4
Comp R (ohm) = 10.1

Results:

Channel 1:
Ep = -1.933V
ip = 8.133e-4A
Ah = 1.186e-3C

Potential/V, Current/A

-0.600, 4.116e-6
-0.601, 4.254e-6
-0.602, 4.319e-6
-0.603, 4.368e-6
-0.604, 4.410e-6
-0.605, 4.451e-6
-0.606, 4.492e-6
-0.607, 4.531e-6
-0.608, 4.569e-6
-0.609, 4.606e-6
-0.610, 4.640e-6
-0.611, 4.676e-6
-0.612, 4.711e-6
-0.613, 4.745e-6
-0.614, 4.781e-6
-0.615, 4.816e-6
-0.616, 4.849e-6
-0.617, 4.881e-6
-0.618, 4.914e-6
-0.619, 4.947e-6
-0.620, 4.980e-6
-0.621, 5.013e-6
-0.622, 5.046e-6
-0.623, 5.079e-6
-0.624, 5.109e-6
-0.625, 5.140e-6
-0.626, 5.170e-6
-0.627, 5.203e-6
-0.628, 5.235e-6
-0.629, 5.266e-6
-0.630, 5.296e-6
-0.631, 5.327e-6
-0.632, 5.358e-6
-0.633, 5.388e-6
-0.634, 5.415e-6
-0.635, 5.446e-6
-0.636, 5.476e-6
-0.637, 5.505e-6
-0.638, 5.536e-6
-0.639, 5.565e-6
-0.640, 5.594e-6
-0.641, 5.623e-6
-0.642, 5.649e-6
-0.643, 5.679e-6
-0.644, 5.706e-6
-0.645, 5.733e-6
-0.646, 5.762e-6
-0.647, 5.789e-6
-0.648, 5.818e-6
-0.649, 5.846e-6
-0.650, 5.869e-6
-0.651, 5.895e-6
-0.652, 5.920e-6
-0.653, 5.945e-6
-0.654, 5.970e-6
-0.655, 5.996e-6
-0.656, 6.022e-6
-0.657, 6.047e-6
-0.658, 6.071e-6
-0.659, 6.095e-6
-0.660, 6.121e-6
-0.661, 6.144e-6
-0.662, 6.167e-6
-0.663, 6.188e-6
-0.664, 6.210e-6
-0.665, 6.233e-6
-0.666, 6.258e-6
-0.667, 6.279e-6
-0.668, 6.301e-6
-0.669, 6.324e-6
-0.670, 6.346e-6
-0.671, 6.367e-6
-0.672, 6.388e-6
-0.673, 6.410e-6
-0.674, 6.429e-6
-0.675, 6.449e-6
-0.676, 6.470e-6
-0.677, 6.488e-6
-0.678, 6.509e-6
-0.679, 6.528e-6
-0.680, 6.546e-6
-0.681, 6.566e-6
-0.682, 6.583e-6
-0.683, 6.603e-6
-0.684, 6.620e-6
-0.685, 6.636e-6
-0.686, 6.655e-6
-0.687, 6.671e-6
-0.688, 6.687e-6
-0.689, 6.703e-6
-0.690, 6.717e-6
-0.691, 6.733e-6
-0.692, 6.750e-6
-0.693, 6.765e-6
-0.694, 6.779e-6
-0.695, 6.794e-6
-0.696, 6.808e-6
-0.697, 6.822e-6
-0.698, 6.835e-6
-0.699, 6.848e-6
-0.700, 6.861e-6
-0.701, 6.872e-6
-0.702, 6.885e-6
-0.703, 6.896e-6
-0.704, 6.908e-6
-0.705, 6.918e-6
-0.706, 6.929e-6
-0.707, 6.939e-6
-0.708, 6.951e-6
-0.709, 6.959e-6
-0.710, 6.970e-6
-0.711, 6.978e-6
-0.712, 6.988e-6
-0.713, 6.997e-6
-0.714, 7.004e-6
-0.715, 7.012e-6
-0.716, 7.020e-6
-0.717, 7.029e-6
-0.718, 7.036e-6
-0.719, 7.042e-6
-0.720, 7.048e-6
-0.721, 7.056e-6
-0.722, 7.061e-6
-0.723, 7.068e-6
-0.724, 7.073e-6
-0.725, 7.078e-6
-0.726, 7.084e-6
-0.727, 7.088e-6
-0.728, 7.092e-6
-0.729, 7.098e-6
-0.730, 7.101e-6
-0.731, 7.105e-6
-0.732, 7.108e-6
-0.733, 7.110e-6
-0.734, 7.115e-6
-0.735, 7.116e-6
-0.736, 7.119e-6
-0.737, 7.121e-6
-0.738, 7.122e-6
-0.739, 7.124e-6
-0.740, 7.125e-6
-0.741, 7.126e-6
-0.742, 7.128e-6
-0.743, 7.129e-6
-0.744, 7.128e-6
-0.745, 7.129e-6
-0.746, 7.129e-6
-0.747, 7.129e-6
-0.748, 7.128e-6
-0.749, 7.127e-6
-0.750, 7.126e-6
-0.751, 7.126e-6
-0.752, 7.124e-6
-0.753, 7.123e-6
-0.754, 7.121e-6
-0.755, 7.120e-6
-0.756, 7.119e-6
-0.757, 7.116e-6
-0.758, 7.114e-6
-0.759, 7.111e-6
-0.760, 7.108e-6
-0.761, 7.106e-6
-0.762, 7.103e-6
-0.763, 7.101e-6
-0.764, 7.097e-6
-0.765, 7.093e-6
-0.766, 7.090e-6
-0.767, 7.086e-6
-0.768, 7.086e-6
-0.769, 7.082e-6
-0.770, 7.076e-6
-0.771, 7.073e-6
-0.772, 7.067e-6
-0.773, 7.063e-6
-0.774, 7.060e-6
-0.775, 7.055e-6
-0.776, 7.051e-6
-0.777, 7.046e-6
-0.778, 7.040e-6
-0.779, 7.037e-6
-0.780, 7.032e-6
-0.781, 7.027e-6
-0.782, 7.023e-6
-0.783, 7.017e-6
-0.784, 7.013e-6
-0.785, 7.007e-6
-0.786, 7.003e-6
-0.787, 6.997e-6
-0.788, 6.993e-6
-0.789, 6.987e-6
-0.790, 6.981e-6
-0.791, 6.975e-6
-0.792, 6.970e-6
-0.793, 6.965e-6
-0.794, 6.960e-6
-0.795, 6.953e-6
-0.796, 6.949e-6
-0.797, 6.943e-6
-0.798, 6.937e-6
-0.799, 6.932e-6
-0.800, 6.925e-6
-0.801, 6.920e-6
-0.802, 6.913e-6
-0.803, 6.909e-6
-0.804, 6.903e-6
-0.805, 6.898e-6
-0.806, 6.894e-6
-0.807, 6.888e-6
-0.808, 6.882e-6
-0.809, 6.878e-6
-0.810, 6.870e-6
-0.811, 6.866e-6
-0.812, 6.859e-6
-0.813, 6.854e-6
-0.814, 6.850e-6
-0.815, 6.843e-6
-0.816, 6.838e-6
-0.817, 6.832e-6
-0.818, 6.827e-6
-0.819, 6.825e-6
-0.820, 6.821e-6
-0.821, 6.814e-6
-0.822, 6.809e-6
-0.823, 6.801e-6
-0.824, 6.797e-6
-0.825, 6.792e-6
-0.826, 6.785e-6
-0.827, 6.780e-6
-0.828, 6.776e-6
-0.829, 6.770e-6
-0.830, 6.765e-6
-0.831, 6.759e-6
-0.832, 6.755e-6
-0.833, 6.750e-6
-0.834, 6.744e-6
-0.835, 6.739e-6
-0.836, 6.736e-6
-0.837, 6.731e-6
-0.838, 6.727e-6
-0.839, 6.722e-6
-0.840, 6.717e-6
-0.841, 6.714e-6
-0.842, 6.708e-6
-0.843, 6.704e-6
-0.844, 6.701e-6
-0.845, 6.697e-6
-0.846, 6.694e-6
-0.847, 6.689e-6
-0.848, 6.684e-6
-0.849, 6.681e-6
-0.850, 6.676e-6
-0.851, 6.674e-6
-0.852, 6.669e-6
-0.853, 6.665e-6
-0.854, 6.661e-6
-0.855, 6.657e-6
-0.856, 6.654e-6
-0.857, 6.651e-6
-0.858, 6.647e-6
-0.859, 6.645e-6
-0.860, 6.640e-6
-0.861, 6.638e-6
-0.862, 6.635e-6
-0.863, 6.632e-6
-0.864, 6.628e-6
-0.865, 6.625e-6
-0.866, 6.622e-6
-0.867, 6.619e-6
-0.868, 6.616e-6
-0.869, 6.615e-6
-0.870, 6.613e-6
-0.871, 6.611e-6
-0.872, 6.608e-6
-0.873, 6.605e-6
-0.874, 6.603e-6
-0.875, 6.600e-6
-0.876, 6.598e-6
-0.877, 6.594e-6
-0.878, 6.594e-6
-0.879, 6.591e-6
-0.880, 6.589e-6
-0.881, 6.588e-6
-0.882, 6.586e-6
-0.883, 6.584e-6
-0.884, 6.583e-6
-0.885, 6.580e-6
-0.886, 6.579e-6
-0.887, 6.578e-6
-0.888, 6.577e-6
-0.889, 6.577e-6
-0.890, 6.573e-6
-0.891, 6.573e-6
-0.892, 6.572e-6
-0.893, 6.570e-6
-0.894, 6.570e-6
-0.895, 6.567e-6
-0.896, 6.569e-6
-0.897, 6.568e-6
-0.898, 6.566e-6
-0.899, 6.566e-6
-0.900, 6.566e-6
-0.901, 6.564e-6
-0.902, 6.565e-6
-0.903, 6.564e-6
-0.904, 6.564e-6
-0.905, 6.564e-6
-0.906, 6.563e-6
-0.907, 6.564e-6
-0.908, 6.564e-6
-0.909, 6.564e-6
-0.910, 6.564e-6
-0.911, 6.564e-6
-0.912, 6.565e-6
-0.913, 6.566e-6
-0.914, 6.565e-6
-0.915, 6.566e-6
-0.916, 6.566e-6
-0.917, 6.566e-6
-0.918, 6.566e-6
-0.919, 6.568e-6
-0.920, 6.568e-6
-0.921, 6.569e-6
-0.922, 6.571e-6
-0.923, 6.572e-6
-0.924, 6.572e-6
-0.925, 6.573e-6
-0.926, 6.575e-6
-0.927, 6.575e-6
-0.928, 6.578e-6
-0.929, 6.579e-6
-0.930, 6.579e-6
-0.931, 6.581e-6
-0.932, 6.582e-6
-0.933, 6.583e-6
-0.934, 6.587e-6
-0.935, 6.588e-6
-0.936, 6.588e-6
-0.937, 6.591e-6
-0.938, 6.592e-6
-0.939, 6.595e-6
-0.940, 6.596e-6
-0.941, 6.597e-6
-0.942, 6.600e-6
-0.943, 6.602e-6
-0.944, 6.605e-6
-0.945, 6.606e-6
-0.946, 6.608e-6
-0.947, 6.612e-6
-0.948, 6.614e-6
-0.949, 6.615e-6
-0.950, 6.618e-6
-0.951, 6.620e-6
-0.952, 6.624e-6
-0.953, 6.626e-6
-0.954, 6.628e-6
-0.955, 6.631e-6
-0.956, 6.633e-6
-0.957, 6.636e-6
-0.958, 6.639e-6
-0.959, 6.641e-6
-0.960, 6.644e-6
-0.961, 6.647e-6
-0.962, 6.650e-6
-0.963, 6.652e-6
-0.964, 6.657e-6
-0.965, 6.659e-6
-0.966, 6.663e-6
-0.967, 6.665e-6
-0.968, 6.668e-6
-0.969, 6.673e-6
-0.970, 6.675e-6
-0.971, 6.679e-6
-0.972, 6.683e-6
-0.973, 6.687e-6
-0.974, 6.691e-6
-0.975, 6.693e-6
-0.976, 6.696e-6
-0.977, 6.700e-6
-0.978, 6.702e-6
-0.979, 6.708e-6
-0.980, 6.711e-6
-0.981, 6.714e-6
-0.982, 6.718e-6
-0.983, 6.721e-6
-0.984, 6.726e-6
-0.985, 6.730e-6
-0.986, 6.732e-6
-0.987, 6.737e-6
-0.988, 6.742e-6
-0.989, 6.746e-6
-0.990, 6.750e-6
-0.991, 6.752e-6
-0.992, 6.758e-6
-0.993, 6.762e-6
-0.994, 6.767e-6
-0.995, 6.770e-6
-0.996, 6.774e-6
-0.997, 6.777e-6
-0.998, 6.784e-6
-0.999, 6.789e-6
-1.000, 6.792e-6
-1.001, 6.797e-6
-1.002, 6.801e-6
-1.003, 6.806e-6
-1.004, 6.811e-6
-1.005, 6.815e-6
-1.006, 6.820e-6
-1.007, 6.825e-6
-1.008, 6.828e-6
-1.009, 6.835e-6
-1.010, 6.837e-6
-1.011, 6.842e-6
-1.012, 6.849e-6
-1.013, 6.852e-6
-1.014, 6.858e-6
-1.015, 6.861e-6
-1.016, 6.866e-6
-1.017, 6.873e-6
-1.018, 6.877e-6
-1.019, 6.882e-6
-1.020, 6.885e-6
-1.021, 6.890e-6
-1.022, 6.897e-6
-1.023, 6.901e-6
-1.024, 6.908e-6
-1.025, 6.913e-6
-1.026, 6.917e-6
-1.027, 6.922e-6
-1.028, 6.928e-6
-1.029, 6.933e-6
-1.030, 6.939e-6
-1.031, 6.944e-6
-1.032, 6.949e-6
-1.033, 6.955e-6
-1.034, 6.960e-6
-1.035, 6.967e-6
-1.036, 6.972e-6
-1.037, 6.978e-6
-1.038, 6.984e-6
-1.039, 6.990e-6
-1.040, 6.996e-6
-1.041, 7.002e-6
-1.042, 7.007e-6
-1.043, 7.013e-6
-1.044, 7.020e-6
-1.045, 7.026e-6
-1.046, 7.032e-6
-1.047, 7.037e-6
-1.048, 7.044e-6
-1.049, 7.050e-6
-1.050, 7.056e-6
-1.051, 7.064e-6
-1.052, 7.071e-6
-1.053, 7.077e-6
-1.054, 7.083e-6
-1.055, 7.090e-6
-1.056, 7.097e-6
-1.057, 7.104e-6
-1.058, 7.109e-6
-1.059, 7.118e-6
-1.060, 7.124e-6
-1.061, 7.130e-6
-1.062, 7.139e-6
-1.063, 7.145e-6
-1.064, 7.152e-6
-1.065, 7.159e-6
-1.066, 7.166e-6
-1.067, 7.172e-6
-1.068, 7.180e-6
-1.069, 7.187e-6
-1.070, 7.195e-6
-1.071, 7.202e-6
-1.072, 7.209e-6
-1.073, 7.217e-6
-1.074, 7.224e-6
-1.075, 7.233e-6
-1.076, 7.240e-6
-1.077, 7.247e-6
-1.078, 7.255e-6
-1.079, 7.262e-6
-1.080, 7.269e-6
-1.081, 7.277e-6
-1.082, 7.284e-6
-1.083, 7.292e-6
-1.084, 7.300e-6
-1.085, 7.307e-6
-1.086, 7.316e-6
-1.087, 7.323e-6
-1.088, 7.333e-6
-1.089, 7.342e-6
-1.090, 7.348e-6
-1.091, 7.357e-6
-1.092, 7.366e-6
-1.093, 7.374e-6
-1.094, 7.382e-6
-1.095, 7.390e-6
-1.096, 7.398e-6
-1.097, 7.407e-6
-1.098, 7.416e-6
-1.099, 7.425e-6
-1.100, 7.433e-6
-1.101, 7.443e-6
-1.102, 7.454e-6
-1.103, 7.462e-6
-1.104, 7.471e-6
-1.105, 7.480e-6
-1.106, 7.488e-6
-1.107, 7.499e-6
-1.108, 7.508e-6
-1.109, 7.517e-6
-1.110, 7.527e-6
-1.111, 7.534e-6
-1.112, 7.544e-6
-1.113, 7.555e-6
-1.114, 7.564e-6
-1.115, 7.574e-6
-1.116, 7.583e-6
-1.117, 7.592e-6
-1.118, 7.602e-6
-1.119, 7.612e-6
-1.120, 7.622e-6
-1.121, 7.631e-6
-1.122, 7.641e-6
-1.123, 7.650e-6
-1.124, 7.661e-6
-1.125, 7.669e-6
-1.126, 7.679e-6
-1.127, 7.691e-6
-1.128, 7.700e-6
-1.129, 7.710e-6
-1.130, 7.720e-6
-1.131, 7.730e-6
-1.132, 7.740e-6
-1.133, 7.750e-6
-1.134, 7.760e-6
-1.135, 7.770e-6
-1.136, 7.779e-6
-1.137, 7.791e-6
-1.138, 7.798e-6
-1.139, 7.811e-6
-1.140, 7.820e-6
-1.141, 7.830e-6
-1.142, 7.841e-6
-1.143, 7.849e-6
-1.144, 7.860e-6
-1.145, 7.871e-6
-1.146, 7.879e-6
-1.147, 7.891e-6
-1.148, 7.900e-6
-1.149, 7.910e-6
-1.150, 7.922e-6
-1.151, 7.931e-6
-1.152, 7.942e-6
-1.153, 7.953e-6
-1.154, 7.962e-6
-1.155, 7.974e-6
-1.156, 7.983e-6
-1.157, 7.993e-6
-1.158, 8.003e-6
-1.159, 8.014e-6
-1.160, 8.024e-6
-1.161, 8.034e-6
-1.162, 8.045e-6
-1.163, 8.054e-6
-1.164, 8.064e-6
-1.165, 8.075e-6
-1.166, 8.086e-6
-1.167, 8.096e-6
-1.168, 8.106e-6
-1.169, 8.117e-6
-1.170, 8.127e-6
-1.171, 8.137e-6
-1.172, 8.147e-6
-1.173, 8.157e-6
-1.174, 8.169e-6
-1.175, 8.178e-6
-1.176, 8.189e-6
-1.177, 8.202e-6
-1.178, 8.214e-6
-1.179, 8.224e-6
-1.180, 8.234e-6
-1.181, 8.244e-6
-1.182, 8.256e-6
-1.183, 8.264e-6
-1.184, 8.275e-6
-1.185, 8.286e-6
-1.186, 8.294e-6
-1.187, 8.306e-6
-1.188, 8.315e-6
-1.189, 8.325e-6
-1.190, 8.336e-6
-1.191, 8.344e-6
-1.192, 8.355e-6
-1.193, 8.365e-6
-1.194, 8.374e-6
-1.195, 8.385e-6
-1.196, 8.394e-6
-1.197, 8.404e-6
-1.198, 8.415e-6
-1.199, 8.424e-6
-1.200, 8.434e-6
-1.201, 8.443e-6
-1.202, 8.453e-6
-1.203, 8.464e-6
-1.204, 8.476e-6
-1.205, 8.485e-6
-1.206, 8.495e-6
-1.207, 8.504e-6
-1.208, 8.514e-6
-1.209, 8.524e-6
-1.210, 8.534e-6
-1.211, 8.545e-6
-1.212, 8.555e-6
-1.213, 8.563e-6
-1.214, 8.574e-6
-1.215, 8.582e-6
-1.216, 8.593e-6
-1.217, 8.604e-6
-1.218, 8.612e-6
-1.219, 8.621e-6
-1.220, 8.631e-6
-1.221, 8.639e-6
-1.222, 8.651e-6
-1.223, 8.659e-6
-1.224, 8.669e-6
-1.225, 8.680e-6
-1.226, 8.689e-6
-1.227, 8.701e-6
-1.228, 8.710e-6
-1.229, 8.726e-6
-1.230, 8.735e-6
-1.231, 8.742e-6
-1.232, 8.752e-6
-1.233, 8.763e-6
-1.234, 8.773e-6
-1.235, 8.784e-6
-1.236, 8.792e-6
-1.237, 8.803e-6
-1.238, 8.814e-6
-1.239, 8.825e-6
-1.240, 8.834e-6
-1.241, 8.844e-6
-1.242, 8.855e-6
-1.243, 8.864e-6
-1.244, 8.874e-6
-1.245, 8.885e-6
-1.246, 8.896e-6
-1.247, 8.906e-6
-1.248, 8.916e-6
-1.249, 8.929e-6
-1.250, 8.938e-6
-1.251, 8.948e-6
-1.252, 8.960e-6
-1.253, 8.969e-6
-1.254, 8.980e-6
-1.255, 8.993e-6
-1.256, 9.001e-6
-1.257, 9.014e-6
-1.258, 9.023e-6
-1.259, 9.034e-6
-1.260, 9.046e-6
-1.261, 9.055e-6
-1.262, 9.068e-6
-1.263, 9.078e-6
-1.264, 9.090e-6
-1.265, 9.102e-6
-1.266, 9.110e-6
-1.267, 9.123e-6
-1.268, 9.132e-6
-1.269, 9.145e-6
-1.270, 9.155e-6
-1.271, 9.166e-6
-1.272, 9.178e-6
-1.273, 9.190e-6
-1.274, 9.201e-6
-1.275, 9.214e-6
-1.276, 9.225e-6
-1.277, 9.236e-6
-1.278, 9.249e-6
-1.279, 9.260e-6
-1.280, 9.276e-6
-1.281, 9.289e-6
-1.282, 9.297e-6
-1.283, 9.309e-6
-1.284, 9.322e-6
-1.285, 9.334e-6
-1.286, 9.345e-6
-1.287, 9.357e-6
-1.288, 9.369e-6
-1.289, 9.381e-6
-1.290, 9.392e-6
-1.291, 9.404e-6
-1.292, 9.415e-6
-1.293, 9.428e-6
-1.294, 9.442e-6
-1.295, 9.454e-6
-1.296, 9.465e-6
-1.297, 9.479e-6
-1.298, 9.491e-6
-1.299, 9.505e-6
-1.300, 9.518e-6
-1.301, 9.530e-6
-1.302, 9.543e-6
-1.303, 9.555e-6
-1.304, 9.569e-6
-1.305, 9.584e-6
-1.306, 9.594e-6
-1.307, 9.609e-6
-1.308, 9.621e-6
-1.309, 9.634e-6
-1.310, 9.647e-6
-1.311, 9.659e-6
-1.312, 9.672e-6
-1.313, 9.686e-6
-1.314, 9.699e-6
-1.315, 9.714e-6
-1.316, 9.727e-6
-1.317, 9.739e-6
-1.318, 9.754e-6
-1.319, 9.767e-6
-1.320, 9.782e-6
-1.321, 9.797e-6
-1.322, 9.809e-6
-1.323, 9.823e-6
-1.324, 9.837e-6
-1.325, 9.851e-6
-1.326, 9.865e-6
-1.327, 9.877e-6
-1.328, 9.891e-6
-1.329, 9.906e-6
-1.330, 9.919e-6
-1.331, 9.934e-6
-1.332, 9.949e-6
-1.333, 9.962e-6
-1.334, 9.979e-6
-1.335, 9.990e-6
-1.336, 1.000e-5
-1.337, 1.002e-5
-1.338, 1.003e-5
-1.339, 1.005e-5
-1.340, 1.006e-5
-1.341, 1.007e-5
-1.342, 1.009e-5
-1.343, 1.010e-5
-1.344, 1.012e-5
-1.345, 1.013e-5
-1.346, 1.015e-5
-1.347, 1.016e-5
-1.348, 1.017e-5
-1.349, 1.019e-5
-1.350, 1.021e-5
-1.351, 1.022e-5
-1.352, 1.023e-5
-1.353, 1.025e-5
-1.354, 1.026e-5
-1.355, 1.028e-5
-1.356, 1.029e-5
-1.357, 1.031e-5
-1.358, 1.032e-5
-1.359, 1.034e-5
-1.360, 1.035e-5
-1.361, 1.037e-5
-1.362, 1.038e-5
-1.363, 1.040e-5
-1.364, 1.042e-5
-1.365, 1.043e-5
-1.366, 1.045e-5
-1.367, 1.046e-5
-1.368, 1.048e-5
-1.369, 1.049e-5
-1.370, 1.051e-5
-1.371, 1.052e-5
-1.372, 1.054e-5
-1.373, 1.056e-5
-1.374, 1.057e-5
-1.375, 1.059e-5
-1.376, 1.060e-5
-1.377, 1.062e-5
-1.378, 1.064e-5
-1.379, 1.066e-5
-1.380, 1.067e-5
-1.381, 1.069e-5
-1.382, 1.071e-5
-1.383, 1.073e-5
-1.384, 1.074e-5
-1.385, 1.076e-5
-1.386, 1.077e-5
-1.387, 1.079e-5
-1.388, 1.081e-5
-1.389, 1.083e-5
-1.390, 1.085e-5
-1.391, 1.086e-5
-1.392, 1.088e-5
-1.393, 1.090e-5
-1.394, 1.092e-5
-1.395, 1.094e-5
-1.396, 1.096e-5
-1.397, 1.097e-5
-1.398, 1.099e-5
-1.399, 1.101e-5
-1.400, 1.103e-5
-1.401, 1.105e-5
-1.402, 1.107e-5
-1.403, 1.109e-5
-1.404, 1.111e-5
-1.405, 1.113e-5
-1.406, 1.115e-5
-1.407, 1.116e-5
-1.408, 1.119e-5
-1.409, 1.121e-5
-1.410, 1.123e-5
-1.411, 1.125e-5
-1.412, 1.127e-5
-1.413, 1.129e-5
-1.414, 1.131e-5
-1.415, 1.134e-5
-1.416, 1.136e-5
-1.417, 1.138e-5
-1.418, 1.140e-5
-1.419, 1.142e-5
-1.420, 1.145e-5
-1.421, 1.147e-5
-1.422, 1.149e-5
-1.423, 1.151e-5
-1.424, 1.154e-5
-1.425, 1.156e-5
-1.426, 1.158e-5
-1.427, 1.161e-5
-1.428, 1.163e-5
-1.429, 1.166e-5
-1.430, 1.168e-5
-1.431, 1.171e-5
-1.432, 1.173e-5
-1.433, 1.176e-5
-1.434, 1.179e-5
-1.435, 1.181e-5
-1.436, 1.184e-5
-1.437, 1.186e-5
-1.438, 1.189e-5
-1.439, 1.192e-5
-1.440, 1.195e-5
-1.441, 1.197e-5
-1.442, 1.200e-5
-1.443, 1.202e-5
-1.444, 1.205e-5
-1.445, 1.207e-5
-1.446, 1.210e-5
-1.447, 1.212e-5
-1.448, 1.215e-5
-1.449, 1.218e-5
-1.450, 1.221e-5
-1.451, 1.224e-5
-1.452, 1.227e-5
-1.453, 1.230e-5
-1.454, 1.234e-5
-1.455, 1.237e-5
-1.456, 1.240e-5
-1.457, 1.243e-5
-1.458, 1.246e-5
-1.459, 1.250e-5
-1.460, 1.253e-5
-1.461, 1.256e-5
-1.462, 1.260e-5
-1.463, 1.263e-5
-1.464, 1.266e-5
-1.465, 1.270e-5
-1.466, 1.273e-5
-1.467, 1.277e-5
-1.468, 1.281e-5
-1.469, 1.284e-5
-1.470, 1.288e-5
-1.471, 1.291e-5
-1.472, 1.295e-5
-1.473, 1.299e-5
-1.474, 1.303e-5
-1.475, 1.307e-5
-1.476, 1.311e-5
-1.477, 1.314e-5
-1.478, 1.318e-5
-1.479, 1.322e-5
-1.480, 1.326e-5
-1.481, 1.330e-5
-1.482, 1.334e-5
-1.483, 1.339e-5
-1.484, 1.343e-5
-1.485, 1.348e-5
-1.486, 1.352e-5
-1.487, 1.356e-5
-1.488, 1.360e-5
-1.489, 1.365e-5
-1.490, 1.369e-5
-1.491, 1.374e-5
-1.492, 1.378e-5
-1.493, 1.382e-5
-1.494, 1.387e-5
-1.495, 1.392e-5
-1.496, 1.397e-5
-1.497, 1.402e-5
-1.498, 1.406e-5
-1.499, 1.411e-5
-1.500, 1.416e-5
-1.501, 1.421e-5
-1.502, 1.426e-5
-1.503, 1.431e-5
-1.504, 1.436e-5
-1.505, 1.442e-5
-1.506, 1.447e-5
-1.507, 1.452e-5
-1.508, 1.457e-5
-1.509, 1.463e-5
-1.510, 1.469e-5
-1.511, 1.474e-5
-1.512, 1.479e-5
-1.513, 1.485e-5
-1.514, 1.491e-5
-1.515, 1.497e-5
-1.516, 1.502e-5
-1.517, 1.508e-5
-1.518, 1.515e-5
-1.519, 1.521e-5
-1.520, 1.527e-5
-1.521, 1.533e-5
-1.522, 1.539e-5
-1.523, 1.545e-5
-1.524, 1.551e-5
-1.525, 1.558e-5
-1.526, 1.564e-5
-1.527, 1.571e-5
-1.528, 1.578e-5
-1.529, 1.584e-5
-1.530, 1.591e-5
-1.531, 1.598e-5
-1.532, 1.605e-5
-1.533, 1.612e-5
-1.534, 1.620e-5
-1.535, 1.627e-5
-1.536, 1.634e-5
-1.537, 1.642e-5
-1.538, 1.649e-5
-1.539, 1.656e-5
-1.540, 1.664e-5
-1.541, 1.672e-5
-1.542, 1.679e-5
-1.543, 1.687e-5
-1.544, 1.695e-5
-1.545, 1.703e-5
-1.546, 1.711e-5
-1.547, 1.720e-5
-1.548, 1.728e-5
-1.549, 1.736e-5
-1.550, 1.745e-5
-1.551, 1.753e-5
-1.552, 1.762e-5
-1.553, 1.771e-5
-1.554, 1.780e-5
-1.555, 1.789e-5
-1.556, 1.798e-5
-1.557, 1.806e-5
-1.558, 1.816e-5
-1.559, 1.825e-5
-1.560, 1.834e-5
-1.561, 1.844e-5
-1.562, 1.854e-5
-1.563, 1.864e-5
-1.564, 1.874e-5
-1.565, 1.884e-5
-1.566, 1.894e-5
-1.567, 1.904e-5
-1.568, 1.915e-5
-1.569, 1.926e-5
-1.570, 1.936e-5
-1.571, 1.947e-5
-1.572, 1.957e-5
-1.573, 1.969e-5
-1.574, 1.980e-5
-1.575, 1.991e-5
-1.576, 2.002e-5
-1.577, 2.014e-5
-1.578, 2.025e-5
-1.579, 2.038e-5
-1.580, 2.049e-5
-1.581, 2.061e-5
-1.582, 2.074e-5
-1.583, 2.086e-5
-1.584, 2.099e-5
-1.585, 2.112e-5
-1.586, 2.124e-5
-1.587, 2.138e-5
-1.588, 2.151e-5
-1.589, 2.164e-5
-1.590, 2.178e-5
-1.591, 2.191e-5
-1.592, 2.205e-5
-1.593, 2.219e-5
-1.594, 2.233e-5
-1.595, 2.248e-5
-1.596, 2.262e-5
-1.597, 2.277e-5
-1.598, 2.292e-5
-1.599, 2.307e-5
-1.600, 2.323e-5
-1.601, 2.338e-5
-1.602, 2.354e-5
-1.603, 2.370e-5
-1.604, 2.386e-5
-1.605, 2.403e-5
-1.606, 2.419e-5
-1.607, 2.436e-5
-1.608, 2.453e-5
-1.609, 2.470e-5
-1.610, 2.487e-5
-1.611, 2.505e-5
-1.612, 2.523e-5
-1.613, 2.541e-5
-1.614, 2.559e-5
-1.615, 2.578e-5
-1.616, 2.596e-5
-1.617, 2.615e-5
-1.618, 2.634e-5
-1.619, 2.654e-5
-1.620, 2.674e-5
-1.621, 2.694e-5
-1.622, 2.714e-5
-1.623, 2.735e-5
-1.624, 2.755e-5
-1.625, 2.777e-5
-1.626, 2.797e-5
-1.627, 2.818e-5
-1.628, 2.840e-5
-1.629, 2.862e-5
-1.630, 2.885e-5
-1.631, 2.908e-5
-1.632, 2.931e-5
-1.633, 2.955e-5
-1.634, 2.979e-5
-1.635, 3.003e-5
-1.636, 3.027e-5
-1.637, 3.052e-5
-1.638, 3.078e-5
-1.639, 3.104e-5
-1.640, 3.130e-5
-1.641, 3.156e-5
-1.642, 3.182e-5
-1.643, 3.210e-5
-1.644, 3.237e-5
-1.645, 3.265e-5
-1.646, 3.293e-5
-1.647, 3.321e-5
-1.648, 3.350e-5
-1.649, 3.379e-5
-1.650, 3.408e-5
-1.651, 3.439e-5
-1.652, 3.469e-5
-1.653, 3.500e-5
-1.654, 3.531e-5
-1.655, 3.563e-5
-1.656, 3.595e-5
-1.657, 3.627e-5
-1.658, 3.660e-5
-1.659, 3.694e-5
-1.660, 3.728e-5
-1.661, 3.762e-5
-1.662, 3.796e-5
-1.663, 3.832e-5
-1.664, 3.867e-5
-1.665, 3.904e-5
-1.666, 3.941e-5
-1.667, 3.979e-5
-1.668, 4.016e-5
-1.669, 4.055e-5
-1.670, 4.094e-5
-1.671, 4.133e-5
-1.672, 4.173e-5
-1.673, 4.214e-5
-1.674, 4.255e-5
-1.675, 4.297e-5
-1.676, 4.338e-5
-1.677, 4.380e-5
-1.678, 4.423e-5
-1.679, 4.467e-5
-1.680, 4.512e-5
-1.681, 4.557e-5
-1.682, 4.602e-5
-1.683, 4.648e-5
-1.684, 4.696e-5
-1.685, 4.744e-5
-1.686, 4.792e-5
-1.687, 4.841e-5
-1.688, 4.891e-5
-1.689, 4.942e-5
-1.690, 4.993e-5
-1.691, 5.045e-5
-1.692, 5.097e-5
-1.693, 5.150e-5
-1.694, 5.203e-5
-1.695, 5.259e-5
-1.696, 5.314e-5
-1.697, 5.370e-5
-1.698, 5.427e-5
-1.699, 5.485e-5
-1.700, 5.544e-5
-1.701, 5.603e-5
-1.702, 5.663e-5
-1.703, 5.723e-5
-1.704, 5.785e-5
-1.705, 5.848e-5
-1.706, 5.911e-5
-1.707, 5.974e-5
-1.708, 6.039e-5
-1.709, 6.106e-5
-1.710, 6.172e-5
-1.711, 6.241e-5
-1.712, 6.310e-5
-1.713, 6.380e-5
-1.714, 6.451e-5
-1.715, 6.523e-5
-1.716, 6.596e-5
-1.717, 6.670e-5
-1.718, 6.746e-5
-1.719, 6.822e-5
-1.720, 6.901e-5
-1.721, 6.979e-5
-1.722, 7.059e-5
-1.723, 7.141e-5
-1.724, 7.224e-5
-1.725, 7.308e-5
-1.726, 7.393e-5
-1.727, 7.480e-5
-1.728, 7.567e-5
-1.729, 7.657e-5
-1.730, 7.747e-5
-1.731, 7.840e-5
-1.732, 7.935e-5
-1.733, 8.032e-5
-1.734, 8.132e-5
-1.735, 8.230e-5
-1.736, 8.331e-5
-1.737, 8.434e-5
-1.738, 8.539e-5
-1.739, 8.647e-5
-1.740, 8.758e-5
-1.741, 8.870e-5
-1.742, 8.985e-5
-1.743, 9.102e-5
-1.744, 9.221e-5
-1.745, 9.343e-5
-1.746, 9.470e-5
-1.747, 9.597e-5
-1.748, 9.728e-5
-1.749, 9.863e-5
-1.750, 9.999e-5
-1.751, 1.014e-4
-1.752, 1.028e-4
-1.753, 1.043e-4
-1.754, 1.058e-4
-1.755, 1.073e-4
-1.756, 1.089e-4
-1.757, 1.105e-4
-1.758, 1.122e-4
-1.759, 1.138e-4
-1.760, 1.156e-4
-1.761, 1.173e-4
-1.762, 1.191e-4
-1.763, 1.209e-4
-1.764, 1.228e-4
-1.765, 1.247e-4
-1.766, 1.266e-4
-1.767, 1.286e-4
-1.768, 1.307e-4
-1.769, 1.327e-4
-1.770, 1.348e-4
-1.771, 1.370e-4
-1.772, 1.392e-4
-1.773, 1.415e-4
-1.774, 1.438e-4
-1.775, 1.461e-4
-1.776, 1.485e-4
-1.777, 1.509e-4
-1.778, 1.534e-4
-1.779, 1.560e-4
-1.780, 1.586e-4
-1.781, 1.612e-4
-1.782, 1.639e-4
-1.783, 1.667e-4
-1.784, 1.695e-4
-1.785, 1.723e-4
-1.786, 1.753e-4
-1.787, 1.783e-4
-1.788, 1.813e-4
-1.789, 1.844e-4
-1.790, 1.875e-4
-1.791, 1.907e-4
-1.792, 1.940e-4
-1.793, 1.974e-4
-1.794, 2.007e-4
-1.795, 2.042e-4
-1.796, 2.077e-4
-1.797, 2.113e-4
-1.798, 2.149e-4
-1.799, 2.186e-4
-1.800, 2.223e-4
-1.801, 2.261e-4
-1.802, 2.299e-4
-1.803, 2.338e-4
-1.804, 2.377e-4
-1.805, 2.417e-4
-1.806, 2.457e-4
-1.807, 2.498e-4
-1.808, 2.540e-4
-1.809, 2.581e-4
-1.810, 2.624e-4
-1.811, 2.666e-4
-1.812, 2.709e-4
-1.813, 2.753e-4
-1.814, 2.797e-4
-1.815, 2.841e-4
-1.816, 2.886e-4
-1.817, 2.932e-4
-1.818, 2.977e-4
-1.819, 3.024e-4
-1.820, 3.070e-4
-1.821, 3.117e-4
-1.822, 3.165e-4
-1.823, 3.212e-4
-1.824, 3.261e-4
-1.825, 3.310e-4
-1.826, 3.359e-4
-1.827, 3.409e-4
-1.828, 3.458e-4
-1.829, 3.508e-4
-1.830, 3.559e-4
-1.831, 3.610e-4
-1.832, 3.661e-4
-1.833, 3.712e-4
-1.834, 3.764e-4
-1.835, 3.817e-4
-1.836, 3.869e-4
-1.837, 3.922e-4
-1.838, 3.976e-4
-1.839, 4.029e-4
-1.840, 4.081e-4
-1.841, 4.135e-4
-1.842, 4.189e-4
-1.843, 4.244e-4
-1.844, 4.299e-4
-1.845, 4.354e-4
-1.846, 4.410e-4
-1.847, 4.465e-4
-1.848, 4.522e-4
-1.849, 4.578e-4
-1.850, 4.635e-4
-1.851, 4.692e-4
-1.852, 4.749e-4
-1.853, 4.806e-4
-1.854, 4.864e-4
-1.855, 4.922e-4
-1.856, 4.981e-4
-1.857, 5.039e-4
-1.858, 5.097e-4
-1.859, 5.156e-4
-1.860, 5.216e-4
-1.861, 5.275e-4
-1.862, 5.336e-4
-1.863, 5.397e-4
-1.864, 5.457e-4
-1.865, 5.517e-4
-1.866, 5.577e-4
-1.867, 5.637e-4
-1.868, 5.698e-4
-1.869, 5.760e-4
-1.870, 5.822e-4
-1.871, 5.883e-4
-1.872, 5.945e-4
-1.873, 6.007e-4
-1.874, 6.069e-4
-1.875, 6.132e-4
-1.876, 6.195e-4
-1.877, 6.259e-4
-1.878, 6.323e-4
-1.879, 6.386e-4
-1.880, 6.450e-4
-1.881, 6.514e-4
-1.882, 6.579e-4
-1.883, 6.643e-4
-1.884, 6.708e-4
-1.885, 6.773e-4
-1.886, 6.839e-4
-1.887, 6.904e-4
-1.888, 6.970e-4
-1.889, 7.036e-4
-1.890, 7.103e-4
-1.891, 7.169e-4
-1.892, 7.235e-4
-1.893, 7.303e-4
-1.894, 7.370e-4
-1.895, 7.438e-4
-1.896, 7.505e-4
-1.897, 7.573e-4
-1.898, 7.641e-4
-1.899, 7.709e-4
-1.900, 7.777e-4
-1.901, 7.846e-4
-1.902, 7.915e-4
-1.903, 7.984e-4
-1.904, 8.053e-4
-1.905, 8.123e-4
-1.906, 8.193e-4
-1.907, 8.263e-4
-1.908, 8.334e-4
-1.909, 8.405e-4
-1.910, 8.476e-4
-1.911, 8.547e-4
-1.912, 8.619e-4
-1.913, 8.691e-4
-1.914, 8.763e-4
-1.915, 8.836e-4
-1.916, 8.909e-4
-1.917, 8.981e-4
-1.918, 9.054e-4
-1.919, 9.128e-4
-1.920, 9.201e-4
-1.921, 9.275e-4
-1.922, 9.348e-4
-1.923, 9.422e-4
-1.924, 9.497e-4
-1.925, 9.573e-4
-1.926, 9.647e-4
-1.927, 9.722e-4
-1.928, 9.797e-4
-1.929, 9.873e-4
-1.930, 9.949e-4
-1.931, 1.003e-3
-1.932, 1.010e-3
-1.933, 1.011e-3
-1.934, 1.011e-3
-1.935, 1.011e-3
-1.936, 1.011e-3
-1.937, 1.011e-3
-1.938, 1.011e-3
-1.939, 1.011e-3
-1.940, 1.011e-3
-1.941, 1.011e-3
-1.942, 1.011e-3
-1.943, 1.011e-3
-1.944, 1.011e-3
-1.945, 1.011e-3
-1.946, 1.011e-3
-1.947, 1.011e-3
-1.948, 1.011e-3
-1.949, 1.011e-3
-1.950, 1.011e-3
-1.951, 1.011e-3
-1.952, 1.011e-3
-1.953, 1.011e-3
-1.954, 1.011e-3
-1.955, 1.011e-3
-1.956, 1.011e-3
-1.957, 1.011e-3
-1.958, 1.011e-3
-1.959, 1.011e-3
-1.960, 1.011e-3
-1.961, 1.011e-3
-1.962, 1.011e-3
-1.963, 1.011e-3
-1.964, 1.011e-3
-1.965, 1.011e-3
-1.966, 1.011e-3
-1.967, 1.011e-3
-1.968, 1.011e-3
-1.969, 1.011e-3
-1.970, 1.011e-3
-1.971, 1.011e-3
-1.972, 1.011e-3
-1.973, 1.011e-3
-1.974, 1.011e-3
-1.975, 1.011e-3
-1.976, 1.011e-3
-1.977, 1.011e-3
-1.978, 1.011e-3
-1.979, 1.011e-3
-1.980, 1.011e-3
-1.981, 1.011e-3
-1.982, 1.011e-3
-1.983, 1.011e-3
-1.984, 1.011e-3
-1.985, 1.011e-3
-1.986, 1.011e-3
-1.987, 1.011e-3
-1.988, 1.011e-3
-1.989, 1.011e-3
-1.990, 1.011e-3
-1.991, 1.011e-3
-1.992, 1.011e-3
-1.993, 1.011e-3
-1.994, 1.011e-3
-1.995, 1.011e-3
-1.996, 1.011e-3
-1.997, 1.011e-3
-1.998, 1.011e-3
-1.999, 1.011e-3
-2.000, 1.011e-3
-2.001, 1.011e-3
-2.002, 1.011e-3
-2.003, 1.011e-3
-2.004, 1.011e-3
-2.005, 1.011e-3
-2.006, 1.011e-3
-2.007, 1.011e-3
-2.008, 1.011e-3
-2.009, 1.011e-3
-2.010, 1.011e-3
-2.011, 1.011e-3
-2.012, 1.011e-3
-2.013, 1.011e-3
-2.014, 1.011e-3
-2.015, 1.011e-3
-2.016, 1.011e-3
-2.017, 1.011e-3
-2.018, 1.011e-3
-2.019, 1.011e-3
-2.020, 1.011e-3
-2.021, 1.011e-3
-2.022, 1.011e-3
-2.023, 1.011e-3
-2.024, 1.011e-3
-2.025, 1.011e-3
-2.026, 1.011e-3
-2.027, 1.011e-3
-2.028, 1.011e-3
-2.029, 1.011e-3
-2.030, 1.011e-3
-2.031, 1.011e-3
-2.032, 1.011e-3
-2.033, 1.011e-3
-2.034, 1.011e-3
-2.035, 1.011e-3
-2.036, 1.011e-3
-2.037, 1.011e-3
-2.038, 1.011e-3
-2.039, 1.011e-3
-2.040, 1.011e-3
-2.041, 1.011e-3
-2.042, 1.011e-3
-2.043, 1.011e-3
-2.044, 1.011e-3
-2.045, 1.011e-3
-2.046, 1.011e-3
-2.047, 1.011e-3
-2.048, 1.011e-3
-2.049, 1.011e-3
-2.050, 1.011e-3
-2.051, 1.011e-3
-2.052, 1.011e-3
-2.053, 1.011e-3
-2.054, 1.011e-3
-2.055, 1.011e-3
-2.056, 1.011e-3
-2.057, 1.011e-3
-2.058, 1.011e-3
-2.059, 1.011e-3
-2.060, 1.011e-3
-2.061, 1.011e-3
-2.062, 1.011e-3
-2.063, 1.011e-3
-2.064, 1.011e-3
-2.065, 1.011e-3
-2.066, 1.011e-3
-2.067, 1.011e-3
-2.068, 1.011e-3
-2.069, 1.011e-3
-2.070, 1.011e-3
-2.071, 1.011e-3
-2.072, 1.011e-3
-2.073, 1.011e-3
-2.074, 1.011e-3
-2.075, 1.011e-3
-2.076, 1.011e-3
-2.077, 1.011e-3
-2.078, 1.011e-3
-2.079, 1.011e-3
-2.080, 1.011e-3
-2.081, 1.011e-3
-2.082, 1.011e-3
-2.083, 1.011e-3
-2.084, 1.011e-3
-2.085, 1.011e-3
-2.086, 1.011e-3
-2.087, 1.011e-3
-2.088, 1.011e-3
-2.089, 1.011e-3
-2.090, 1.011e-3
-2.091, 1.011e-3
-2.092, 1.011e-3
-2.093, 1.011e-3
-2.094, 1.011e-3
-2.095, 1.011e-3
-2.096, 1.011e-3
-2.097, 1.011e-3
-2.098, 1.011e-3
-2.099, 1.011e-3
-2.100, 1.011e-3
-2.101, 1.011e-3
-2.102, 1.011e-3
-2.103, 1.011e-3
-2.104, 1.011e-3
-2.105, 1.011e-3
-2.106, 1.011e-3
-2.107, 1.011e-3
-2.108, 1.011e-3
-2.109, 1.011e-3
-2.110, 1.011e-3
-2.111, 1.011e-3
-2.112, 1.011e-3
-2.113, 1.011e-3
-2.114, 1.011e-3
-2.115, 1.011e-3
-2.116, 1.011e-3
-2.117, 1.011e-3
-2.118, 1.011e-3
-2.119, 1.011e-3
-2.120, 1.011e-3
-2.121, 1.011e-3
-2.122, 1.011e-3
-2.123, 1.011e-3
-2.124, 1.011e-3
-2.125, 1.011e-3
-2.126, 1.011e-3
-2.127, 1.011e-3
-2.128, 1.011e-3
-2.129, 1.011e-3
-2.130, 1.011e-3
-2.131, 1.011e-3
-2.132, 1.011e-3
-2.133, 1.011e-3
-2.134, 1.011e-3
-2.135, 1.011e-3
-2.136, 1.011e-3
-2.137, 1.011e-3
-2.138, 1.011e-3
-2.139, 1.011e-3
-2.140, 1.011e-3
-2.141, 1.011e-3
-2.142, 1.011e-3
-2.143, 1.011e-3
-2.144, 1.011e-3
-2.145, 1.011e-3
-2.146, 1.011e-3
-2.147, 1.011e-3
-2.148, 1.011e-3
-2.149, 1.011e-3
-2.150, 1.011e-3
-2.151, 1.011e-3
-2.152, 1.011e-3
-2.153, 1.011e-3
-2.154, 1.011e-3
-2.155, 1.011e-3
-2.156, 1.011e-3
-2.157, 1.011e-3
-2.158, 1.011e-3
-2.159, 1.011e-3
-2.160, 1.011e-3
-2.161, 1.011e-3
-2.162, 1.011e-3
-2.163, 1.011e-3
-2.164, 1.011e-3
-2.165, 1.011e-3
-2.166, 1.011e-3
-2.167, 1.011e-3
-2.168, 1.011e-3
-2.169, 1.011e-3
-2.170, 1.011e-3
-2.171, 1.011e-3
-2.172, 1.011e-3
-2.173, 1.011e-3
-2.174, 1.011e-3
-2.175, 1.011e-3
-2.176, 1.011e-3
-2.177, 1.011e-3
-2.178, 1.011e-3
-2.179, 1.011e-3
-2.180, 1.011e-3
-2.181, 1.011e-3
-2.182, 1.011e-3
-2.183, 1.011e-3
-2.184, 1.011e-3
-2.185, 1.011e-3
-2.186, 1.011e-3
-2.187, 1.011e-3
-2.188, 1.011e-3
-2.189, 1.011e-3
-2.190, 1.011e-3
-2.191, 1.011e-3
-2.192, 1.011e-3
-2.193, 1.011e-3
-2.194, 1.011e-3
-2.195, 1.011e-3
-2.196, 1.011e-3
-2.197, 1.011e-3
-2.198, 1.011e-3
-2.199, 1.011e-3
-2.200, 1.011e-3
-2.201, 1.011e-3
-2.202, 1.011e-3
-2.203, 1.011e-3
-2.204, 1.011e-3
-2.205, 1.011e-3
-2.206, 1.011e-3
-2.207, 1.011e-3
-2.208, 1.011e-3
-2.209, 1.011e-3
-2.210, 1.011e-3
-2.211, 1.011e-3
-2.212, 1.011e-3
-2.213, 1.011e-3
-2.214, 1.011e-3
-2.215, 1.011e-3
-2.216, 1.011e-3
-2.217, 1.011e-3
-2.218, 1.011e-3
-2.219, 1.011e-3
-2.220, 1.011e-3
-2.221, 1.011e-3
-2.222, 1.011e-3
-2.223, 1.011e-3
-2.224, 1.011e-3
-2.225, 1.011e-3
-2.226, 1.011e-3
-2.227, 1.011e-3
-2.228, 1.011e-3
-2.229, 1.011e-3
-2.230, 1.011e-3
-2.231, 1.011e-3
-2.232, 1.011e-3
-2.233, 1.011e-3
-2.234, 1.011e-3
-2.235, 1.011e-3
-2.236, 1.011e-3
-2.237, 1.011e-3
-2.238, 1.011e-3
-2.239, 1.011e-3
-2.240, 1.011e-3
-2.241, 1.011e-3
-2.242, 1.011e-3
-2.243, 1.011e-3
-2.244, 1.011e-3
-2.245, 1.011e-3
-2.246, 1.011e-3
-2.247, 1.011e-3
-2.248, 1.011e-3
-2.249, 1.011e-3
-2.250, 1.011e-3
-2.251, 1.011e-3
-2.252, 1.011e-3
-2.253, 1.011e-3
-2.254, 1.011e-3
-2.255, 1.011e-3
-2.256, 1.011e-3
-2.257, 1.011e-3
-2.258, 1.011e-3
-2.259, 1.011e-3
-2.260, 1.011e-3
-2.261, 1.011e-3
-2.262, 1.011e-3
-2.263, 1.011e-3
-2.264, 1.011e-3
-2.265, 1.011e-3
-2.266, 1.011e-3
-2.267, 1.011e-3
-2.268, 1.011e-3
-2.269, 1.011e-3
-2.270, 1.011e-3
-2.271, 1.011e-3
-2.272, 1.011e-3
-2.273, 1.011e-3
-2.274, 1.011e-3
-2.275, 1.011e-3
-2.276, 1.011e-3
-2.277, 1.011e-3
-2.278, 1.011e-3
-2.279, 1.011e-3
-2.280, 1.011e-3
-2.281, 1.011e-3
-2.282, 1.011e-3
-2.283, 1.011e-3
-2.284, 1.011e-3
-2.285, 1.011e-3
-2.286, 1.011e-3
-2.287, 1.011e-3
-2.288, 1.011e-3
-2.289, 1.011e-3
-2.290, 1.011e-3
-2.291, 1.011e-3
-2.292, 1.011e-3
-2.293, 1.011e-3
-2.294, 1.011e-3
-2.295, 1.011e-3
-2.296, 1.011e-3
-2.297, 1.011e-3
-2.298, 1.011e-3
-2.299, 1.011e-3
