June 28, 2026   01:55:02
Cyclic Voltammetry
File: c:/users/guazh/data/20260623_doe_duplica2/2026-06-24-exp28\exp28-2026-06-28t01_33_55-arkoh\exp28_cv_sr_700mvs_efin_-1900mv.bin
Data Source:  Experiment
Instrument Model:  CHI760E
Header: CV ran at 700 mVs
Note: 

Init E (V) = -1
High E (V) = -1
Low E (V) = -1.9
Final E (V) = -1
Init P/N = N
Scan Rate (V/s) = 0.7
Segment = 3
Sample Interval (V) = 0.001
Quiet Time (sec) = 2
Sensitivity (A/V) = 0.01
Comp R (ohm) = 1.5

Results:

Channel 1:
Segment 1:

Segment 2:

Segment 3:

Potential/V, Current/A

-1.000, 1.559e-7
-1.001, 1.559e-7
-1.002, 1.559e-7
-1.003, 1.559e-7
-1.004, 1.559e-7
-1.005, 1.559e-7
-1.006, 1.559e-7
-1.007, 3.239e-6
-1.008, 1.559e-7
-1.009, 3.239e-6
-1.010, 1.559e-7
-1.011, 1.559e-7
-1.012, 1.559e-7
-1.013, 1.559e-7
-1.014, 3.239e-6
-1.015, 1.559e-7
-1.016, 3.239e-6
-1.017, 1.559e-7
-1.018, 3.239e-6
-1.019, 1.559e-7
-1.020, 3.239e-6
-1.021, 1.559e-7
-1.022, 3.239e-6
-1.023, 3.239e-6
-1.024, 3.239e-6
-1.025, 3.239e-6
-1.026, 3.239e-6
-1.027, 3.239e-6
-1.028, 1.559e-7
-1.029, 3.239e-6
-1.030, 3.239e-6
-1.031, 3.239e-6
-1.032, 3.239e-6
-1.033, 3.239e-6
-1.034, 3.239e-6
-1.035, 1.559e-7
-1.036, 3.239e-6
-1.037, 3.239e-6
-1.038, 3.239e-6
-1.039, 3.239e-6
-1.040, 3.239e-6
-1.041, 3.239e-6
-1.042, 3.239e-6
-1.043, 3.239e-6
-1.044, 3.239e-6
-1.045, 3.239e-6
-1.046, 3.239e-6
-1.047, 3.239e-6
-1.048, 3.239e-6
-1.049, 3.239e-6
-1.050, 3.239e-6
-1.051, 3.239e-6
-1.052, 3.239e-6
-1.053, 3.239e-6
-1.054, 3.239e-6
-1.055, 3.239e-6
-1.056, 3.239e-6
-1.057, 3.239e-6
-1.058, 3.239e-6
-1.059, 3.239e-6
-1.060, 3.239e-6
-1.061, 3.239e-6
-1.062, 3.239e-6
-1.063, 3.239e-6
-1.064, 3.239e-6
-1.065, 3.239e-6
-1.066, 3.239e-6
-1.067, 3.239e-6
-1.068, 3.239e-6
-1.069, 3.239e-6
-1.070, 3.239e-6
-1.071, 3.239e-6
-1.072, 3.239e-6
-1.073, 3.239e-6
-1.074, 3.239e-6
-1.075, 3.239e-6
-1.076, 3.239e-6
-1.077, 3.239e-6
-1.078, 3.239e-6
-1.079, 6.322e-6
-1.080, 3.239e-6
-1.081, 3.239e-6
-1.082, 3.239e-6
-1.083, 3.239e-6
-1.084, 3.239e-6
-1.085, 3.239e-6
-1.086, 3.239e-6
-1.087, 3.239e-6
-1.088, 3.239e-6
-1.089, 3.239e-6
-1.090, 6.322e-6
-1.091, 3.239e-6
-1.092, 6.322e-6
-1.093, 3.239e-6
-1.094, 3.239e-6
-1.095, 6.322e-6
-1.096, 3.239e-6
-1.097, 6.322e-6
-1.098, 3.239e-6
-1.099, 3.239e-6
-1.100, 3.239e-6
-1.101, 6.322e-6
-1.102, 3.239e-6
-1.103, 6.322e-6
-1.104, 6.322e-6
-1.105, 3.239e-6
-1.106, 6.322e-6
-1.107, 3.239e-6
-1.108, 6.322e-6
-1.109, 3.239e-6
-1.110, 6.322e-6
-1.111, 3.239e-6
-1.112, 6.322e-6
-1.113, 6.322e-6
-1.114, 3.239e-6
-1.115, 6.322e-6
-1.116, 3.239e-6
-1.117, 6.322e-6
-1.118, 6.322e-6
-1.119, 6.322e-6
-1.120, 6.322e-6
-1.121, 6.322e-6
-1.122, 6.322e-6
-1.123, 6.322e-6
-1.124, 6.322e-6
-1.125, 6.322e-6
-1.126, 6.322e-6
-1.127, 6.322e-6
-1.128, 6.322e-6
-1.129, 6.322e-6
-1.130, 6.322e-6
-1.131, 6.322e-6
-1.132, 6.322e-6
-1.133, 6.322e-6
-1.134, 6.322e-6
-1.135, 6.322e-6
-1.136, 6.322e-6
-1.137, 6.322e-6
-1.138, 6.322e-6
-1.139, 6.322e-6
-1.140, 6.322e-6
-1.141, 6.322e-6
-1.142, 6.322e-6
-1.143, 6.322e-6
-1.144, 6.322e-6
-1.145, 6.322e-6
-1.146, 6.322e-6
-1.147, 6.322e-6
-1.148, 6.322e-6
-1.149, 6.322e-6
-1.150, 6.322e-6
-1.151, 6.322e-6
-1.152, 6.322e-6
-1.153, 6.322e-6
-1.154, 6.322e-6
-1.155, 6.322e-6
-1.156, 6.322e-6
-1.157, 6.322e-6
-1.158, 6.322e-6
-1.159, 6.322e-6
-1.160, 6.322e-6
-1.161, 6.322e-6
-1.162, 6.322e-6
-1.163, 6.322e-6
-1.164, 6.322e-6
-1.165, 6.322e-6
-1.166, 6.322e-6
-1.167, 6.322e-6
-1.168, 6.322e-6
-1.169, 6.322e-6
-1.170, 6.322e-6
-1.171, 6.322e-6
-1.172, 6.322e-6
-1.173, 6.322e-6
-1.174, 6.322e-6
-1.175, 6.322e-6
-1.176, 6.322e-6
-1.177, 6.322e-6
-1.178, 6.322e-6
-1.179, 6.322e-6
-1.180, 6.322e-6
-1.181, 6.322e-6
-1.182, 9.405e-6
-1.183, 6.322e-6
-1.184, 6.322e-6
-1.185, 6.322e-6
-1.186, 6.322e-6
-1.187, 6.322e-6
-1.188, 6.322e-6
-1.189, 9.405e-6
-1.190, 6.322e-6
-1.191, 6.322e-6
-1.192, 6.322e-6
-1.193, 6.322e-6
-1.194, 9.405e-6
-1.195, 9.405e-6
-1.196, 9.405e-6
-1.197, 6.322e-6
-1.198, 6.322e-6
-1.199, 6.322e-6
-1.200, 9.405e-6
-1.201, 6.322e-6
-1.202, 9.405e-6
-1.203, 9.405e-6
-1.204, 6.322e-6
-1.205, 9.405e-6
-1.206, 6.322e-6
-1.207, 9.405e-6
-1.208, 6.322e-6
-1.209, 9.405e-6
-1.210, 6.322e-6
-1.211, 9.405e-6
-1.212, 9.405e-6
-1.213, 6.322e-6
-1.214, 9.405e-6
-1.215, 6.322e-6
-1.216, 9.405e-6
-1.217, 9.405e-6
-1.218, 9.405e-6
-1.219, 9.405e-6
-1.220, 9.405e-6
-1.221, 9.405e-6
-1.222, 6.322e-6
-1.223, 9.405e-6
-1.224, 9.405e-6
-1.225, 9.405e-6
-1.226, 9.405e-6
-1.227, 9.405e-6
-1.228, 9.405e-6
-1.229, 9.405e-6
-1.230, 9.405e-6
-1.231, 9.405e-6
-1.232, 9.405e-6
-1.233, 6.322e-6
-1.234, 9.405e-6
-1.235, 9.405e-6
-1.236, 9.405e-6
-1.237, 9.405e-6
-1.238, 9.405e-6
-1.239, 9.405e-6
-1.240, 9.405e-6
-1.241, 9.405e-6
-1.242, 9.405e-6
-1.243, 9.405e-6
-1.244, 9.405e-6
-1.245, 9.405e-6
-1.246, 9.405e-6
-1.247, 9.405e-6
-1.248, 9.405e-6
-1.249, 9.405e-6
-1.250, 9.405e-6
-1.251, 9.405e-6
-1.252, 9.405e-6
-1.253, 9.405e-6
-1.254, 9.405e-6
-1.255, 9.405e-6
-1.256, 9.405e-6
-1.257, 9.405e-6
-1.258, 9.405e-6
-1.259, 9.405e-6
-1.260, 9.405e-6
-1.261, 9.405e-6
-1.262, 9.405e-6
-1.263, 9.405e-6
-1.264, 9.405e-6
-1.265, 9.405e-6
-1.266, 9.405e-6
-1.267, 9.405e-6
-1.268, 9.405e-6
-1.269, 9.405e-6
-1.270, 9.405e-6
-1.271, 9.405e-6
-1.272, 9.405e-6
-1.273, 9.405e-6
-1.274, 9.405e-6
-1.275, 9.405e-6
-1.276, 1.249e-5
-1.277, 9.405e-6
-1.278, 9.405e-6
-1.279, 1.249e-5
-1.280, 9.405e-6
-1.281, 1.249e-5
-1.282, 9.405e-6
-1.283, 9.405e-6
-1.284, 9.405e-6
-1.285, 9.405e-6
-1.286, 9.405e-6
-1.287, 1.249e-5
-1.288, 1.249e-5
-1.289, 9.405e-6
-1.290, 1.249e-5
-1.291, 9.405e-6
-1.292, 1.249e-5
-1.293, 9.405e-6
-1.294, 1.249e-5
-1.295, 1.249e-5
-1.296, 9.405e-6
-1.297, 1.249e-5
-1.298, 1.249e-5
-1.299, 1.249e-5
-1.300, 1.249e-5
-1.301, 1.249e-5
-1.302, 9.405e-6
-1.303, 1.249e-5
-1.304, 1.249e-5
-1.305, 1.249e-5
-1.306, 1.249e-5
-1.307, 1.249e-5
-1.308, 1.249e-5
-1.309, 1.249e-5
-1.310, 1.249e-5
-1.311, 1.249e-5
-1.312, 1.249e-5
-1.313, 1.249e-5
-1.314, 1.249e-5
-1.315, 1.249e-5
-1.316, 1.249e-5
-1.317, 1.249e-5
-1.318, 1.249e-5
-1.319, 1.249e-5
-1.320, 1.249e-5
-1.321, 1.249e-5
-1.322, 1.249e-5
-1.323, 1.249e-5
-1.324, 1.249e-5
-1.325, 1.249e-5
-1.326, 1.249e-5
-1.327, 1.249e-5
-1.328, 1.249e-5
-1.329, 1.249e-5
-1.330, 1.249e-5
-1.331, 1.249e-5
-1.332, 1.249e-5
-1.333, 1.249e-5
-1.334, 1.249e-5
-1.335, 1.249e-5
-1.336, 1.249e-5
-1.337, 1.249e-5
-1.338, 1.249e-5
-1.339, 1.249e-5
-1.340, 1.249e-5
-1.341, 1.249e-5
-1.342, 1.249e-5
-1.343, 1.249e-5
-1.344, 1.249e-5
-1.345, 1.249e-5
-1.346, 1.249e-5
-1.347, 1.249e-5
-1.348, 1.249e-5
-1.349, 1.249e-5
-1.350, 1.249e-5
-1.351, 1.249e-5
-1.352, 1.557e-5
-1.353, 1.557e-5
-1.354, 1.249e-5
-1.355, 1.249e-5
-1.356, 1.249e-5
-1.357, 1.557e-5
-1.358, 1.249e-5
-1.359, 1.249e-5
-1.360, 1.557e-5
-1.361, 1.249e-5
-1.362, 1.557e-5
-1.363, 1.249e-5
-1.364, 1.557e-5
-1.365, 1.249e-5
-1.366, 1.557e-5
-1.367, 1.557e-5
-1.368, 1.557e-5
-1.369, 1.557e-5
-1.370, 1.557e-5
-1.371, 1.557e-5
-1.372, 1.249e-5
-1.373, 1.557e-5
-1.374, 1.249e-5
-1.375, 1.557e-5
-1.376, 1.249e-5
-1.377, 1.249e-5
-1.378, 1.557e-5
-1.379, 1.557e-5
-1.380, 1.557e-5
-1.381, 1.249e-5
-1.382, 1.557e-5
-1.383, 1.557e-5
-1.384, 1.557e-5
-1.385, 1.557e-5
-1.386, 1.557e-5
-1.387, 1.557e-5
-1.388, 1.557e-5
-1.389, 1.557e-5
-1.390, 1.557e-5
-1.391, 1.557e-5
-1.392, 1.557e-5
-1.393, 1.557e-5
-1.394, 1.557e-5
-1.395, 1.557e-5
-1.396, 1.557e-5
-1.397, 1.557e-5
-1.398, 1.557e-5
-1.399, 1.557e-5
-1.400, 1.557e-5
-1.401, 1.557e-5
-1.402, 1.557e-5
-1.403, 1.557e-5
-1.404, 1.557e-5
-1.405, 1.557e-5
-1.406, 1.557e-5
-1.407, 1.557e-5
-1.408, 1.557e-5
-1.409, 1.557e-5
-1.410, 1.557e-5
-1.411, 1.557e-5
-1.412, 1.557e-5
-1.413, 1.557e-5
-1.414, 1.557e-5
-1.415, 1.557e-5
-1.416, 1.865e-5
-1.417, 1.557e-5
-1.418, 1.865e-5
-1.419, 1.557e-5
-1.420, 1.557e-5
-1.421, 1.865e-5
-1.422, 1.865e-5
-1.423, 1.865e-5
-1.424, 1.557e-5
-1.425, 1.865e-5
-1.426, 1.557e-5
-1.427, 1.865e-5
-1.428, 1.865e-5
-1.429, 1.865e-5
-1.430, 1.865e-5
-1.431, 1.865e-5
-1.432, 1.865e-5
-1.433, 1.865e-5
-1.434, 1.865e-5
-1.435, 1.865e-5
-1.436, 1.865e-5
-1.437, 1.865e-5
-1.438, 1.865e-5
-1.439, 1.865e-5
-1.440, 1.865e-5
-1.441, 1.865e-5
-1.442, 1.865e-5
-1.443, 1.865e-5
-1.444, 1.865e-5
-1.445, 1.865e-5
-1.446, 1.865e-5
-1.447, 1.865e-5
-1.448, 1.865e-5
-1.449, 1.865e-5
-1.450, 1.865e-5
-1.451, 2.174e-5
-1.452, 2.174e-5
-1.453, 1.865e-5
-1.454, 1.865e-5
-1.455, 1.865e-5
-1.456, 2.174e-5
-1.457, 1.865e-5
-1.458, 1.865e-5
-1.459, 2.174e-5
-1.460, 2.174e-5
-1.461, 2.174e-5
-1.462, 2.174e-5
-1.463, 2.174e-5
-1.464, 2.174e-5
-1.465, 2.174e-5
-1.466, 2.174e-5
-1.467, 2.174e-5
-1.468, 2.174e-5
-1.469, 2.174e-5
-1.470, 2.174e-5
-1.471, 2.174e-5
-1.472, 2.174e-5
-1.473, 2.174e-5
-1.474, 2.174e-5
-1.475, 2.174e-5
-1.476, 2.174e-5
-1.477, 2.174e-5
-1.478, 2.174e-5
-1.479, 2.174e-5
-1.480, 2.174e-5
-1.481, 2.174e-5
-1.482, 2.174e-5
-1.483, 2.174e-5
-1.484, 2.174e-5
-1.485, 2.174e-5
-1.486, 2.482e-5
-1.487, 2.482e-5
-1.488, 2.482e-5
-1.489, 2.482e-5
-1.490, 2.482e-5
-1.491, 2.174e-5
-1.492, 2.482e-5
-1.493, 2.482e-5
-1.494, 2.482e-5
-1.495, 2.482e-5
-1.496, 2.482e-5
-1.497, 2.482e-5
-1.498, 2.482e-5
-1.499, 2.482e-5
-1.500, 2.482e-5
-1.501, 2.482e-5
-1.502, 2.482e-5
-1.503, 2.482e-5
-1.504, 2.482e-5
-1.505, 2.482e-5
-1.506, 2.790e-5
-1.507, 2.482e-5
-1.508, 2.790e-5
-1.509, 2.482e-5
-1.510, 2.790e-5
-1.511, 2.790e-5
-1.512, 2.790e-5
-1.513, 2.790e-5
-1.514, 2.790e-5
-1.515, 2.790e-5
-1.516, 2.790e-5
-1.517, 2.790e-5
-1.518, 2.790e-5
-1.519, 2.790e-5
-1.520, 2.790e-5
-1.521, 3.099e-5
-1.522, 3.099e-5
-1.523, 2.790e-5
-1.524, 3.099e-5
-1.525, 2.790e-5
-1.526, 3.099e-5
-1.527, 3.099e-5
-1.528, 3.099e-5
-1.529, 3.099e-5
-1.530, 3.099e-5
-1.531, 3.099e-5
-1.532, 3.099e-5
-1.533, 3.099e-5
-1.534, 3.099e-5
-1.535, 3.099e-5
-1.536, 3.099e-5
-1.537, 3.407e-5
-1.538, 3.407e-5
-1.539, 3.407e-5
-1.540, 3.407e-5
-1.541, 3.407e-5
-1.542, 3.407e-5
-1.543, 3.407e-5
-1.544, 3.407e-5
-1.545, 3.407e-5
-1.546, 3.407e-5
-1.547, 3.407e-5
-1.548, 3.407e-5
-1.549, 3.407e-5
-1.550, 3.715e-5
-1.551, 3.715e-5
-1.552, 3.715e-5
-1.553, 3.715e-5
-1.554, 3.715e-5
-1.555, 3.715e-5
-1.556, 3.715e-5
-1.557, 3.715e-5
-1.558, 3.715e-5
-1.559, 4.024e-5
-1.560, 4.024e-5
-1.561, 4.024e-5
-1.562, 4.024e-5
-1.563, 4.024e-5
-1.564, 4.024e-5
-1.565, 4.024e-5
-1.566, 4.332e-5
-1.567, 4.332e-5
-1.568, 4.332e-5
-1.569, 4.332e-5
-1.570, 4.332e-5
-1.571, 4.332e-5
-1.572, 4.332e-5
-1.573, 4.640e-5
-1.574, 4.332e-5
-1.575, 4.640e-5
-1.576, 4.640e-5
-1.577, 4.640e-5
-1.578, 4.640e-5
-1.579, 4.640e-5
-1.580, 4.949e-5
-1.581, 4.640e-5
-1.582, 4.949e-5
-1.583, 4.949e-5
-1.584, 4.949e-5
-1.585, 4.949e-5
-1.586, 4.949e-5
-1.587, 5.257e-5
-1.588, 5.257e-5
-1.589, 5.257e-5
-1.590, 5.257e-5
-1.591, 5.565e-5
-1.592, 5.257e-5
-1.593, 5.565e-5
-1.594, 5.565e-5
-1.595, 5.873e-5
-1.596, 5.873e-5
-1.597, 5.873e-5
-1.598, 5.873e-5
-1.599, 5.873e-5
-1.600, 6.182e-5
-1.601, 6.182e-5
-1.602, 6.182e-5
-1.603, 6.182e-5
-1.604, 6.182e-5
-1.605, 6.182e-5
-1.606, 6.490e-5
-1.607, 6.490e-5
-1.608, 6.490e-5
-1.609, 6.798e-5
-1.610, 6.798e-5
-1.611, 6.798e-5
-1.612, 6.798e-5
-1.613, 7.107e-5
-1.614, 7.107e-5
-1.615, 7.107e-5
-1.616, 7.107e-5
-1.617, 7.107e-5
-1.618, 7.415e-5
-1.619, 7.415e-5
-1.620, 7.723e-5
-1.621, 7.723e-5
-1.622, 7.723e-5
-1.623, 8.032e-5
-1.624, 8.032e-5
-1.625, 8.340e-5
-1.626, 8.340e-5
-1.627, 8.340e-5
-1.628, 8.648e-5
-1.629, 8.648e-5
-1.630, 8.648e-5
-1.631, 8.957e-5
-1.632, 8.957e-5
-1.633, 8.957e-5
-1.634, 9.265e-5
-1.635, 9.265e-5
-1.636, 9.573e-5
-1.637, 9.882e-5
-1.638, 9.882e-5
-1.639, 9.882e-5
-1.640, 1.019e-4
-1.641, 1.019e-4
-1.642, 1.019e-4
-1.643, 1.050e-4
-1.644, 1.081e-4
-1.645, 1.111e-4
-1.646, 1.111e-4
-1.647, 1.142e-4
-1.648, 1.142e-4
-1.649, 1.173e-4
-1.650, 1.173e-4
-1.651, 1.204e-4
-1.652, 1.204e-4
-1.653, 1.235e-4
-1.654, 1.266e-4
-1.655, 1.266e-4
-1.656, 1.296e-4
-1.657, 1.327e-4
-1.658, 1.358e-4
-1.659, 1.358e-4
-1.660, 1.389e-4
-1.661, 1.389e-4
-1.662, 1.389e-4
-1.663, 1.451e-4
-1.664, 1.451e-4
-1.665, 1.481e-4
-1.666, 1.512e-4
-1.667, 1.543e-4
-1.668, 1.574e-4
-1.669, 1.574e-4
-1.670, 1.636e-4
-1.671, 1.666e-4
-1.672, 1.697e-4
-1.673, 1.728e-4
-1.674, 1.759e-4
-1.675, 1.790e-4
-1.676, 1.790e-4
-1.677, 1.851e-4
-1.678, 1.882e-4
-1.679, 1.913e-4
-1.680, 1.913e-4
-1.681, 1.975e-4
-1.682, 2.036e-4
-1.683, 2.067e-4
-1.684, 2.098e-4
-1.685, 2.129e-4
-1.686, 2.160e-4
-1.687, 2.191e-4
-1.688, 2.252e-4
-1.689, 2.283e-4
-1.690, 2.314e-4
-1.691, 2.345e-4
-1.692, 2.406e-4
-1.693, 2.468e-4
-1.694, 2.499e-4
-1.695, 2.499e-4
-1.696, 2.591e-4
-1.697, 2.622e-4
-1.698, 2.684e-4
-1.699, 2.746e-4
-1.700, 2.807e-4
-1.701, 2.869e-4
-1.702, 2.931e-4
-1.703, 2.961e-4
-1.704, 3.023e-4
-1.705, 3.085e-4
-1.706, 3.146e-4
-1.707, 3.208e-4
-1.708, 3.270e-4
-1.709, 3.362e-4
-1.710, 3.424e-4
-1.711, 3.455e-4
-1.712, 3.578e-4
-1.713, 3.609e-4
-1.714, 3.701e-4
-1.715, 3.763e-4
-1.716, 3.825e-4
-1.717, 3.948e-4
-1.718, 3.979e-4
-1.719, 4.102e-4
-1.720, 4.164e-4
-1.721, 4.225e-4
-1.722, 4.318e-4
-1.723, 4.410e-4
-1.724, 4.503e-4
-1.725, 4.595e-4
-1.726, 4.688e-4
-1.727, 4.811e-4
-1.728, 4.873e-4
-1.729, 4.996e-4
-1.730, 5.089e-4
-1.731, 5.212e-4
-1.732, 5.305e-4
-1.733, 5.428e-4
-1.734, 5.520e-4
-1.735, 5.644e-4
-1.736, 5.736e-4
-1.737, 5.859e-4
-1.738, 5.983e-4
-1.739, 6.106e-4
-1.740, 6.260e-4
-1.741, 6.384e-4
-1.742, 6.569e-4
-1.743, 6.630e-4
-1.744, 6.815e-4
-1.745, 6.908e-4
-1.746, 7.124e-4
-1.747, 7.247e-4
-1.748, 7.432e-4
-1.749, 7.586e-4
-1.750, 7.771e-4
-1.751, 7.894e-4
-1.752, 8.079e-4
-1.753, 8.233e-4
-1.754, 8.449e-4
-1.755, 8.603e-4
-1.756, 8.758e-4
-1.757, 8.973e-4
-1.758, 9.128e-4
-1.759, 9.343e-4
-1.760, 9.528e-4
-1.761, 9.744e-4
-1.762, 9.960e-4
-1.763, 1.018e-3
-1.764, 1.036e-3
-1.765, 1.058e-3
-1.766, 1.082e-3
-1.767, 1.107e-3
-1.768, 1.129e-3
-1.769, 1.153e-3
-1.770, 1.178e-3
-1.771, 1.199e-3
-1.772, 1.230e-3
-1.773, 1.252e-3
-1.774, 1.280e-3
-1.775, 1.304e-3
-1.776, 1.329e-3
-1.777, 1.360e-3
-1.778, 1.391e-3
-1.779, 1.415e-3
-1.780, 1.449e-3
-1.781, 1.471e-3
-1.782, 1.505e-3
-1.783, 1.539e-3
-1.784, 1.569e-3
-1.785, 1.600e-3
-1.786, 1.634e-3
-1.787, 1.668e-3
-1.788, 1.696e-3
-1.789, 1.736e-3
-1.790, 1.767e-3
-1.791, 1.801e-3
-1.792, 1.838e-3
-1.793, 1.875e-3
-1.794, 1.915e-3
-1.795, 1.949e-3
-1.796, 1.992e-3
-1.797, 2.029e-3
-1.798, 2.060e-3
-1.799, 2.103e-3
-1.800, 2.143e-3
-1.801, 2.186e-3
-1.802, 2.226e-3
-1.803, 2.266e-3
-1.804, 2.306e-3
-1.805, 2.346e-3
-1.806, 2.390e-3
-1.807, 2.433e-3
-1.808, 2.479e-3
-1.809, 2.528e-3
-1.810, 2.568e-3
-1.811, 2.618e-3
-1.812, 2.664e-3
-1.813, 2.698e-3
-1.814, 2.756e-3
-1.815, 2.797e-3
-1.816, 2.852e-3
-1.817, 2.895e-3
-1.818, 2.945e-3
-1.819, 2.994e-3
-1.820, 3.046e-3
-1.821, 3.096e-3
-1.822, 3.148e-3
-1.823, 3.197e-3
-1.824, 3.247e-3
-1.825, 3.299e-3
-1.826, 3.345e-3
-1.827, 3.404e-3
-1.828, 3.456e-3
-1.829, 3.518e-3
-1.830, 3.573e-3
-1.831, 3.626e-3
-1.832, 3.681e-3
-1.833, 3.737e-3
-1.834, 3.792e-3
-1.835, 3.857e-3
-1.836, 3.910e-3
-1.837, 3.974e-3
-1.838, 4.027e-3
-1.839, 4.085e-3
-1.840, 4.147e-3
-1.841, 4.202e-3
-1.842, 4.264e-3
-1.843, 4.323e-3
-1.844, 4.381e-3
-1.845, 4.437e-3
-1.846, 4.505e-3
-1.847, 4.563e-3
-1.848, 4.628e-3
-1.849, 4.690e-3
-1.850, 4.748e-3
-1.851, 4.816e-3
-1.852, 4.878e-3
-1.853, 4.945e-3
-1.854, 5.010e-3
-1.855, 5.075e-3
-1.856, 5.140e-3
-1.857, 5.201e-3
-1.858, 5.266e-3
-1.859, 5.334e-3
-1.860, 5.396e-3
-1.861, 5.473e-3
-1.862, 5.537e-3
-1.863, 5.611e-3
-1.864, 5.670e-3
-1.865, 5.747e-3
-1.866, 5.803e-3
-1.867, 5.877e-3
-1.868, 5.944e-3
-1.869, 6.006e-3
-1.870, 6.077e-3
-1.871, 6.151e-3
-1.872, 6.219e-3
-1.873, 6.287e-3
-1.874, 6.361e-3
-1.875, 6.432e-3
-1.876, 6.506e-3
-1.877, 6.576e-3
-1.878, 6.641e-3
-1.879, 6.718e-3
-1.880, 6.795e-3
-1.881, 6.860e-3
-1.882, 6.937e-3
-1.883, 7.008e-3
-1.884, 7.079e-3
-1.885, 7.153e-3
-1.886, 7.221e-3
-1.887, 7.298e-3
-1.888, 7.369e-3
-1.889, 7.446e-3
-1.890, 7.517e-3
-1.891, 7.578e-3
-1.892, 7.662e-3
-1.893, 7.736e-3
-1.894, 7.810e-3
-1.895, 7.884e-3
-1.896, 7.958e-3
-1.897, 8.029e-3
-1.898, 8.109e-3
-1.899, 8.180e-3
-1.900, 8.210e-3
-1.899, 8.177e-3
-1.898, 8.143e-3
-1.897, 8.106e-3
-1.896, 8.066e-3
-1.895, 8.022e-3
-1.894, 7.982e-3
-1.893, 7.936e-3
-1.892, 7.893e-3
-1.891, 7.853e-3
-1.890, 7.804e-3
-1.889, 7.757e-3
-1.888, 7.714e-3
-1.887, 7.665e-3
-1.886, 7.619e-3
-1.885, 7.569e-3
-1.884, 7.523e-3
-1.883, 7.474e-3
-1.882, 7.424e-3
-1.881, 7.381e-3
-1.880, 7.329e-3
-1.879, 7.279e-3
-1.878, 7.236e-3
-1.877, 7.181e-3
-1.876, 7.138e-3
-1.875, 7.079e-3
-1.874, 7.036e-3
-1.873, 6.986e-3
-1.872, 6.943e-3
-1.871, 6.891e-3
-1.870, 6.845e-3
-1.869, 6.798e-3
-1.868, 6.749e-3
-1.867, 6.700e-3
-1.866, 6.654e-3
-1.865, 6.601e-3
-1.864, 6.558e-3
-1.863, 6.506e-3
-1.862, 6.450e-3
-1.861, 6.407e-3
-1.860, 6.354e-3
-1.859, 6.305e-3
-1.858, 6.253e-3
-1.857, 6.210e-3
-1.856, 6.163e-3
-1.855, 6.114e-3
-1.854, 6.065e-3
-1.853, 6.009e-3
-1.852, 5.960e-3
-1.851, 5.914e-3
-1.850, 5.867e-3
-1.849, 5.821e-3
-1.848, 5.772e-3
-1.847, 5.722e-3
-1.846, 5.673e-3
-1.845, 5.630e-3
-1.844, 5.581e-3
-1.843, 5.531e-3
-1.842, 5.482e-3
-1.841, 5.436e-3
-1.840, 5.386e-3
-1.839, 5.340e-3
-1.838, 5.294e-3
-1.837, 5.251e-3
-1.836, 5.201e-3
-1.835, 5.155e-3
-1.834, 5.109e-3
-1.833, 5.063e-3
-1.832, 5.016e-3
-1.831, 4.964e-3
-1.830, 4.918e-3
-1.829, 4.881e-3
-1.828, 4.828e-3
-1.827, 4.791e-3
-1.826, 4.739e-3
-1.825, 4.693e-3
-1.824, 4.653e-3
-1.823, 4.603e-3
-1.822, 4.554e-3
-1.821, 4.508e-3
-1.820, 4.471e-3
-1.819, 4.421e-3
-1.818, 4.378e-3
-1.817, 4.338e-3
-1.816, 4.298e-3
-1.815, 4.249e-3
-1.814, 4.212e-3
-1.813, 4.165e-3
-1.812, 4.128e-3
-1.811, 4.082e-3
-1.810, 4.033e-3
-1.809, 3.993e-3
-1.808, 3.950e-3
-1.807, 3.913e-3
-1.806, 3.869e-3
-1.805, 3.826e-3
-1.804, 3.789e-3
-1.803, 3.746e-3
-1.802, 3.706e-3
-1.801, 3.669e-3
-1.800, 3.626e-3
-1.799, 3.586e-3
-1.798, 3.552e-3
-1.797, 3.506e-3
-1.796, 3.469e-3
-1.795, 3.432e-3
-1.794, 3.398e-3
-1.793, 3.358e-3
-1.792, 3.318e-3
-1.791, 3.284e-3
-1.790, 3.244e-3
-1.789, 3.207e-3
-1.788, 3.163e-3
-1.787, 3.133e-3
-1.786, 3.093e-3
-1.785, 3.052e-3
-1.784, 3.022e-3
-1.783, 2.991e-3
-1.782, 2.948e-3
-1.781, 2.914e-3
-1.780, 2.880e-3
-1.779, 2.846e-3
-1.778, 2.809e-3
-1.777, 2.778e-3
-1.776, 2.744e-3
-1.775, 2.707e-3
-1.774, 2.670e-3
-1.773, 2.642e-3
-1.772, 2.608e-3
-1.771, 2.578e-3
-1.770, 2.544e-3
-1.769, 2.510e-3
-1.768, 2.476e-3
-1.767, 2.445e-3
-1.766, 2.414e-3
-1.765, 2.383e-3
-1.764, 2.353e-3
-1.763, 2.322e-3
-1.762, 2.288e-3
-1.761, 2.257e-3
-1.760, 2.229e-3
-1.759, 2.195e-3
-1.758, 2.168e-3
-1.757, 2.137e-3
-1.756, 2.109e-3
-1.755, 2.081e-3
-1.754, 2.050e-3
-1.753, 2.023e-3
-1.752, 1.995e-3
-1.751, 1.964e-3
-1.750, 1.939e-3
-1.749, 1.909e-3
-1.748, 1.884e-3
-1.747, 1.859e-3
-1.746, 1.828e-3
-1.745, 1.804e-3
-1.744, 1.779e-3
-1.743, 1.754e-3
-1.742, 1.730e-3
-1.741, 1.702e-3
-1.740, 1.677e-3
-1.739, 1.656e-3
-1.738, 1.628e-3
-1.737, 1.606e-3
-1.736, 1.579e-3
-1.735, 1.557e-3
-1.734, 1.532e-3
-1.733, 1.511e-3
-1.732, 1.486e-3
-1.731, 1.465e-3
-1.730, 1.440e-3
-1.729, 1.418e-3
-1.728, 1.397e-3
-1.727, 1.378e-3
-1.726, 1.357e-3
-1.725, 1.335e-3
-1.724, 1.317e-3
-1.723, 1.292e-3
-1.722, 1.273e-3
-1.721, 1.255e-3
-1.720, 1.233e-3
-1.719, 1.212e-3
-1.718, 1.193e-3
-1.717, 1.175e-3
-1.716, 1.156e-3
-1.715, 1.135e-3
-1.714, 1.116e-3
-1.713, 1.098e-3
-1.712, 1.079e-3
-1.711, 1.064e-3
-1.710, 1.048e-3
-1.709, 1.027e-3
-1.708, 1.011e-3
-1.707, 9.960e-4
-1.706, 9.775e-4
-1.705, 9.590e-4
-1.704, 9.436e-4
-1.703, 9.251e-4
-1.702, 9.097e-4
-1.701, 8.943e-4
-1.700, 8.788e-4
-1.699, 8.665e-4
-1.698, 8.511e-4
-1.697, 8.357e-4
-1.696, 8.203e-4
-1.695, 8.048e-4
-1.694, 7.894e-4
-1.693, 7.771e-4
-1.692, 7.617e-4
-1.691, 7.463e-4
-1.690, 7.370e-4
-1.689, 7.247e-4
-1.688, 7.093e-4
-1.687, 6.969e-4
-1.686, 6.846e-4
-1.685, 6.723e-4
-1.684, 6.599e-4
-1.683, 6.476e-4
-1.682, 6.353e-4
-1.681, 6.229e-4
-1.680, 6.137e-4
-1.679, 6.014e-4
-1.678, 5.890e-4
-1.677, 5.767e-4
-1.676, 5.674e-4
-1.675, 5.551e-4
-1.674, 5.459e-4
-1.673, 5.335e-4
-1.672, 5.243e-4
-1.671, 5.120e-4
-1.670, 5.027e-4
-1.669, 4.935e-4
-1.668, 4.842e-4
-1.667, 4.750e-4
-1.666, 4.657e-4
-1.665, 4.565e-4
-1.664, 4.472e-4
-1.663, 4.410e-4
-1.662, 4.318e-4
-1.661, 4.225e-4
-1.660, 4.133e-4
-1.659, 4.071e-4
-1.658, 3.979e-4
-1.657, 3.886e-4
-1.656, 3.825e-4
-1.655, 3.732e-4
-1.654, 3.670e-4
-1.653, 3.578e-4
-1.652, 3.516e-4
-1.651, 3.424e-4
-1.650, 3.393e-4
-1.649, 3.331e-4
-1.648, 3.239e-4
-1.647, 3.177e-4
-1.646, 3.085e-4
-1.645, 3.023e-4
-1.644, 2.992e-4
-1.643, 2.931e-4
-1.642, 2.869e-4
-1.641, 2.807e-4
-1.640, 2.746e-4
-1.639, 2.684e-4
-1.638, 2.622e-4
-1.637, 2.561e-4
-1.636, 2.499e-4
-1.635, 2.468e-4
-1.634, 2.406e-4
-1.633, 2.345e-4
-1.632, 2.314e-4
-1.631, 2.252e-4
-1.630, 2.221e-4
-1.629, 2.160e-4
-1.628, 2.129e-4
-1.627, 2.067e-4
-1.626, 2.036e-4
-1.625, 1.975e-4
-1.624, 1.944e-4
-1.623, 1.882e-4
-1.622, 1.851e-4
-1.621, 1.821e-4
-1.620, 1.790e-4
-1.619, 1.728e-4
-1.618, 1.697e-4
-1.617, 1.636e-4
-1.616, 1.605e-4
-1.615, 1.574e-4
-1.614, 1.543e-4
-1.613, 1.512e-4
-1.612, 1.481e-4
-1.611, 1.420e-4
-1.610, 1.389e-4
-1.609, 1.358e-4
-1.608, 1.327e-4
-1.607, 1.296e-4
-1.606, 1.266e-4
-1.605, 1.266e-4
-1.604, 1.204e-4
-1.603, 1.204e-4
-1.602, 1.173e-4
-1.601, 1.142e-4
-1.600, 1.111e-4
-1.599, 1.081e-4
-1.598, 1.050e-4
-1.597, 1.019e-4
-1.596, 1.019e-4
-1.595, 9.882e-5
-1.594, 9.573e-5
-1.593, 9.573e-5
-1.592, 9.265e-5
-1.591, 8.957e-5
-1.590, 8.648e-5
-1.589, 8.648e-5
-1.588, 8.340e-5
-1.587, 8.032e-5
-1.586, 7.723e-5
-1.585, 7.723e-5
-1.584, 7.415e-5
-1.583, 7.415e-5
-1.582, 7.107e-5
-1.581, 6.798e-5
-1.580, 6.798e-5
-1.579, 6.490e-5
-1.578, 6.182e-5
-1.577, 6.182e-5
-1.576, 6.182e-5
-1.575, 5.873e-5
-1.574, 5.565e-5
-1.573, 5.565e-5
-1.572, 5.257e-5
-1.571, 5.257e-5
-1.570, 5.257e-5
-1.569, 4.949e-5
-1.568, 4.949e-5
-1.567, 4.640e-5
-1.566, 4.640e-5
-1.565, 4.640e-5
-1.564, 4.332e-5
-1.563, 4.332e-5
-1.562, 4.332e-5
-1.561, 4.024e-5
-1.560, 3.715e-5
-1.559, 3.715e-5
-1.558, 3.715e-5
-1.557, 3.407e-5
-1.556, 3.407e-5
-1.555, 3.407e-5
-1.554, 3.099e-5
-1.553, 3.099e-5
-1.552, 3.099e-5
-1.551, 2.790e-5
-1.550, 2.790e-5
-1.549, 2.790e-5
-1.548, 2.482e-5
-1.547, 2.482e-5
-1.546, 2.482e-5
-1.545, 2.482e-5
-1.544, 2.174e-5
-1.543, 2.174e-5
-1.542, 2.174e-5
-1.541, 2.174e-5
-1.540, 1.865e-5
-1.539, 1.865e-5
-1.538, 1.865e-5
-1.537, 1.865e-5
-1.536, 1.557e-5
-1.535, 1.557e-5
-1.534, 1.557e-5
-1.533, 1.557e-5
-1.532, 1.557e-5
-1.531, 1.557e-5
-1.530, 1.249e-5
-1.529, 1.249e-5
-1.528, 1.249e-5
-1.527, 1.249e-5
-1.526, 1.249e-5
-1.525, 9.405e-6
-1.524, 9.405e-6
-1.523, 9.405e-6
-1.522, 9.405e-6
-1.521, 9.405e-6
-1.520, 9.405e-6
-1.519, 6.322e-6
-1.518, 6.322e-6
-1.517, 6.322e-6
-1.516, 6.322e-6
-1.515, 6.322e-6
-1.514, 6.322e-6
-1.513, 6.322e-6
-1.512, 6.322e-6
-1.511, 6.322e-6
-1.510, 3.239e-6
-1.509, 3.239e-6
-1.508, 3.239e-6
-1.507, 3.239e-6
-1.506, 3.239e-6
-1.505, 3.239e-6
-1.504, 3.239e-6
-1.503, 1.559e-7
-1.502, 3.239e-6
-1.501, 3.239e-6
-1.500, 3.239e-6
-1.499, 1.559e-7
-1.498, 1.559e-7
-1.497, 1.559e-7
-1.496, 1.559e-7
-1.495, 1.559e-7
-1.494, 1.559e-7
-1.493, 1.559e-7
-1.492, 1.559e-7
-1.491, 1.559e-7
-1.490, 1.559e-7
-1.489, -2.927e-6
-1.488, 1.559e-7
-1.487, -2.927e-6
-1.486, -2.927e-6
-1.485, -2.927e-6
-1.484, -2.927e-6
-1.483, -2.927e-6
-1.482, -2.927e-6
-1.481, -2.927e-6
-1.480, -2.927e-6
-1.479, -2.927e-6
-1.478, -2.927e-6
-1.477, -2.927e-6
-1.476, -2.927e-6
-1.475, -2.927e-6
-1.474, -2.927e-6
-1.473, -2.927e-6
-1.472, -6.010e-6
-1.471, -6.010e-6
-1.470, -6.010e-6
-1.469, -6.010e-6
-1.468, -2.927e-6
-1.467, -6.010e-6
-1.466, -6.010e-6
-1.465, -6.010e-6
-1.464, -6.010e-6
-1.463, -6.010e-6
-1.462, -6.010e-6
-1.461, -6.010e-6
-1.460, -6.010e-6
-1.459, -6.010e-6
-1.458, -6.010e-6
-1.457, -6.010e-6
-1.456, -6.010e-6
-1.455, -6.010e-6
-1.454, -6.010e-6
-1.453, -6.010e-6
-1.452, -6.010e-6
-1.451, -6.010e-6
-1.450, -6.010e-6
-1.449, -6.010e-6
-1.448, -6.010e-6
-1.447, -9.093e-6
-1.446, -6.010e-6
-1.445, -6.010e-6
-1.444, -6.010e-6
-1.443, -6.010e-6
-1.442, -9.093e-6
-1.441, -9.093e-6
-1.440, -9.093e-6
-1.439, -6.010e-6
-1.438, -9.093e-6
-1.437, -6.010e-6
-1.436, -9.093e-6
-1.435, -6.010e-6
-1.434, -9.093e-6
-1.433, -9.093e-6
-1.432, -9.093e-6
-1.431, -9.093e-6
-1.430, -6.010e-6
-1.429, -9.093e-6
-1.428, -6.010e-6
-1.427, -9.093e-6
-1.426, -9.093e-6
-1.425, -9.093e-6
-1.424, -9.093e-6
-1.423, -6.010e-6
-1.422, -9.093e-6
-1.421, -9.093e-6
-1.420, -9.093e-6
-1.419, -9.093e-6
-1.418, -9.093e-6
-1.417, -9.093e-6
-1.416, -9.093e-6
-1.415, -9.093e-6
-1.414, -9.093e-6
-1.413, -9.093e-6
-1.412, -9.093e-6
-1.411, -9.093e-6
-1.410, -6.010e-6
-1.409, -9.093e-6
-1.408, -9.093e-6
-1.407, -9.093e-6
-1.406, -9.093e-6
-1.405, -9.093e-6
-1.404, -9.093e-6
-1.403, -9.093e-6
-1.402, -9.093e-6
-1.401, -9.093e-6
-1.400, -9.093e-6
-1.399, -9.093e-6
-1.398, -9.093e-6
-1.397, -9.093e-6
-1.396, -9.093e-6
-1.395, -9.093e-6
-1.394, -9.093e-6
-1.393, -9.093e-6
-1.392, -9.093e-6
-1.391, -9.093e-6
-1.390, -9.093e-6
-1.389, -9.093e-6
-1.388, -9.093e-6
-1.387, -9.093e-6
-1.386, -9.093e-6
-1.385, -9.093e-6
-1.384, -9.093e-6
-1.383, -9.093e-6
-1.382, -9.093e-6
-1.381, -9.093e-6
-1.380, -9.093e-6
-1.379, -9.093e-6
-1.378, -9.093e-6
-1.377, -9.093e-6
-1.376, -9.093e-6
-1.375, -9.093e-6
-1.374, -9.093e-6
-1.373, -9.093e-6
-1.372, -9.093e-6
-1.371, -9.093e-6
-1.370, -9.093e-6
-1.369, -9.093e-6
-1.368, -9.093e-6
-1.367, -9.093e-6
-1.366, -9.093e-6
-1.365, -9.093e-6
-1.364, -9.093e-6
-1.363, -9.093e-6
-1.362, -9.093e-6
-1.361, -9.093e-6
-1.360, -9.093e-6
-1.359, -9.093e-6
-1.358, -9.093e-6
-1.357, -9.093e-6
-1.356, -9.093e-6
-1.355, -9.093e-6
-1.354, -9.093e-6
-1.353, -9.093e-6
-1.352, -9.093e-6
-1.351, -9.093e-6
-1.350, -1.218e-5
-1.349, -9.093e-6
-1.348, -9.093e-6
-1.347, -9.093e-6
-1.346, -1.218e-5
-1.345, -9.093e-6
-1.344, -9.093e-6
-1.343, -9.093e-6
-1.342, -9.093e-6
-1.341, -9.093e-6
-1.340, -9.093e-6
-1.339, -9.093e-6
-1.338, -9.093e-6
-1.337, -1.218e-5
-1.336, -9.093e-6
-1.335, -9.093e-6
-1.334, -9.093e-6
-1.333, -9.093e-6
-1.332, -9.093e-6
-1.331, -9.093e-6
-1.330, -9.093e-6
-1.329, -9.093e-6
-1.328, -9.093e-6
-1.327, -9.093e-6
-1.326, -9.093e-6
-1.325, -9.093e-6
-1.324, -9.093e-6
-1.323, -9.093e-6
-1.322, -9.093e-6
-1.321, -9.093e-6
-1.320, -9.093e-6
-1.319, -1.218e-5
-1.318, -9.093e-6
-1.317, -9.093e-6
-1.316, -9.093e-6
-1.315, -9.093e-6
-1.314, -1.218e-5
-1.313, -9.093e-6
-1.312, -9.093e-6
-1.311, -9.093e-6
-1.310, -1.218e-5
-1.309, -9.093e-6
-1.308, -1.218e-5
-1.307, -9.093e-6
-1.306, -9.093e-6
-1.305, -9.093e-6
-1.304, -9.093e-6
-1.303, -9.093e-6
-1.302, -9.093e-6
-1.301, -1.218e-5
-1.300, -9.093e-6
-1.299, -1.218e-5
-1.298, -9.093e-6
-1.297, -1.218e-5
-1.296, -9.093e-6
-1.295, -9.093e-6
-1.294, -9.093e-6
-1.293, -9.093e-6
-1.292, -9.093e-6
-1.291, -9.093e-6
-1.290, -9.093e-6
-1.289, -9.093e-6
-1.288, -9.093e-6
-1.287, -9.093e-6
-1.286, -9.093e-6
-1.285, -1.218e-5
-1.284, -9.093e-6
-1.283, -9.093e-6
-1.282, -9.093e-6
-1.281, -1.218e-5
-1.280, -9.093e-6
-1.279, -9.093e-6
-1.278, -9.093e-6
-1.277, -9.093e-6
-1.276, -9.093e-6
-1.275, -9.093e-6
-1.274, -9.093e-6
-1.273, -9.093e-6
-1.272, -1.218e-5
-1.271, -9.093e-6
-1.270, -9.093e-6
-1.269, -1.218e-5
-1.268, -9.093e-6
-1.267, -9.093e-6
-1.266, -9.093e-6
-1.265, -9.093e-6
-1.264, -9.093e-6
-1.263, -9.093e-6
-1.262, -9.093e-6
-1.261, -9.093e-6
-1.260, -9.093e-6
-1.259, -9.093e-6
-1.258, -9.093e-6
-1.257, -9.093e-6
-1.256, -9.093e-6
-1.255, -9.093e-6
-1.254, -9.093e-6
-1.253, -9.093e-6
-1.252, -9.093e-6
-1.251, -9.093e-6
-1.250, -9.093e-6
-1.249, -9.093e-6
-1.248, -9.093e-6
-1.247, -9.093e-6
-1.246, -9.093e-6
-1.245, -1.218e-5
-1.244, -9.093e-6
-1.243, -9.093e-6
-1.242, -9.093e-6
-1.241, -9.093e-6
-1.240, -9.093e-6
-1.239, -9.093e-6
-1.238, -9.093e-6
-1.237, -9.093e-6
-1.236, -1.218e-5
-1.235, -9.093e-6
-1.234, -9.093e-6
-1.233, -9.093e-6
-1.232, -9.093e-6
-1.231, -9.093e-6
-1.230, -9.093e-6
-1.229, -9.093e-6
-1.228, -9.093e-6
-1.227, -9.093e-6
-1.226, -9.093e-6
-1.225, -1.218e-5
-1.224, -9.093e-6
-1.223, -9.093e-6
-1.222, -1.218e-5
-1.221, -9.093e-6
-1.220, -9.093e-6
-1.219, -9.093e-6
-1.218, -1.218e-5
-1.217, -9.093e-6
-1.216, -9.093e-6
-1.215, -9.093e-6
-1.214, -9.093e-6
-1.213, -1.218e-5
-1.212, -9.093e-6
-1.211, -1.218e-5
-1.210, -9.093e-6
-1.209, -1.218e-5
-1.208, -9.093e-6
-1.207, -1.218e-5
-1.206, -9.093e-6
-1.205, -1.218e-5
-1.204, -9.093e-6
-1.203, -1.218e-5
-1.202, -1.218e-5
-1.201, -9.093e-6
-1.200, -1.218e-5
-1.199, -1.218e-5
-1.198, -1.218e-5
-1.197, -9.093e-6
-1.196, -9.093e-6
-1.195, -9.093e-6
-1.194, -9.093e-6
-1.193, -9.093e-6
-1.192, -9.093e-6
-1.191, -1.218e-5
-1.190, -1.218e-5
-1.189, -1.218e-5
-1.188, -9.093e-6
-1.187, -9.093e-6
-1.186, -1.218e-5
-1.185, -9.093e-6
-1.184, -9.093e-6
-1.183, -9.093e-6
-1.182, -9.093e-6
-1.181, -9.093e-6
-1.180, -1.218e-5
-1.179, -9.093e-6
-1.178, -1.218e-5
-1.177, -9.093e-6
-1.176, -9.093e-6
-1.175, -1.218e-5
-1.174, -1.218e-5
-1.173, -9.093e-6
-1.172, -9.093e-6
-1.171, -1.218e-5
-1.170, -9.093e-6
-1.169, -1.218e-5
-1.168, -9.093e-6
-1.167, -9.093e-6
-1.166, -1.218e-5
-1.165, -9.093e-6
-1.164, -1.218e-5
-1.163, -9.093e-6
-1.162, -1.218e-5
-1.161, -9.093e-6
-1.160, -9.093e-6
-1.159, -9.093e-6
-1.158, -9.093e-6
-1.157, -9.093e-6
-1.156, -9.093e-6
-1.155, -1.218e-5
-1.154, -9.093e-6
-1.153, -1.218e-5
-1.152, -1.218e-5
-1.151, -1.218e-5
-1.150, -1.218e-5
-1.149, -9.093e-6
-1.148, -1.218e-5
-1.147, -9.093e-6
-1.146, -9.093e-6
-1.145, -1.218e-5
-1.144, -1.218e-5
-1.143, -9.093e-6
-1.142, -9.093e-6
-1.141, -9.093e-6
-1.140, -9.093e-6
-1.139, -1.218e-5
-1.138, -9.093e-6
-1.137, -1.218e-5
-1.136, -9.093e-6
-1.135, -1.218e-5
-1.134, -9.093e-6
-1.133, -1.218e-5
-1.132, -1.218e-5
-1.131, -1.218e-5
-1.130, -1.218e-5
-1.129, -1.218e-5
-1.128, -1.218e-5
-1.127, -1.218e-5
-1.126, -1.218e-5
-1.125, -9.093e-6
-1.124, -1.218e-5
-1.123, -9.093e-6
-1.122, -1.218e-5
-1.121, -1.218e-5
-1.120, -9.093e-6
-1.119, -1.218e-5
-1.118, -9.093e-6
-1.117, -1.218e-5
-1.116, -1.218e-5
-1.115, -1.218e-5
-1.114, -1.218e-5
-1.113, -1.218e-5
-1.112, -1.218e-5
-1.111, -9.093e-6
-1.110, -1.218e-5
-1.109, -1.218e-5
-1.108, -1.218e-5
-1.107, -9.093e-6
-1.106, -1.218e-5
-1.105, -1.218e-5
-1.104, -1.218e-5
-1.103, -1.218e-5
-1.102, -9.093e-6
-1.101, -1.218e-5
-1.100, -1.218e-5
-1.099, -1.218e-5
-1.098, -1.218e-5
-1.097, -1.218e-5
-1.096, -9.093e-6
-1.095, -1.218e-5
-1.094, -1.218e-5
-1.093, -1.218e-5
-1.092, -1.218e-5
-1.091, -1.218e-5
-1.090, -1.218e-5
-1.089, -1.218e-5
-1.088, -1.218e-5
-1.087, -1.218e-5
-1.086, -1.218e-5
-1.085, -1.218e-5
-1.084, -1.218e-5
-1.083, -1.218e-5
-1.082, -1.218e-5
-1.081, -1.218e-5
-1.080, -1.218e-5
-1.079, -1.218e-5
-1.078, -1.218e-5
-1.077, -1.218e-5
-1.076, -1.218e-5
-1.075, -1.218e-5
-1.074, -1.218e-5
-1.073, -1.218e-5
-1.072, -1.218e-5
-1.071, -1.218e-5
-1.070, -1.218e-5
-1.069, -1.218e-5
-1.068, -1.218e-5
-1.067, -1.218e-5
-1.066, -1.218e-5
-1.065, -1.218e-5
-1.064, -1.218e-5
-1.063, -1.218e-5
-1.062, -1.218e-5
-1.061, -1.218e-5
-1.060, -1.218e-5
-1.059, -1.218e-5
-1.058, -1.218e-5
-1.057, -1.218e-5
-1.056, -1.218e-5
-1.055, -1.218e-5
-1.054, -1.218e-5
-1.053, -1.218e-5
-1.052, -1.218e-5
-1.051, -1.218e-5
-1.050, -1.218e-5
-1.049, -1.218e-5
-1.048, -1.218e-5
-1.047, -1.218e-5
-1.046, -1.218e-5
-1.045, -1.218e-5
-1.044, -1.218e-5
-1.043, -1.218e-5
-1.042, -1.218e-5
-1.041, -1.218e-5
-1.040, -1.218e-5
-1.039, -1.218e-5
-1.038, -1.218e-5
-1.037, -1.218e-5
-1.036, -1.218e-5
-1.035, -1.218e-5
-1.034, -1.218e-5
-1.033, -1.218e-5
-1.032, -1.218e-5
-1.031, -1.218e-5
-1.030, -1.218e-5
-1.029, -1.218e-5
-1.028, -1.218e-5
-1.027, -1.218e-5
-1.026, -1.218e-5
-1.025, -1.218e-5
-1.024, -1.218e-5
-1.023, -1.218e-5
-1.022, -1.218e-5
-1.021, -1.218e-5
-1.020, -1.218e-5
-1.019, -1.218e-5
-1.018, -1.218e-5
-1.017, -1.218e-5
-1.016, -1.218e-5
-1.015, -1.218e-5
-1.014, -1.218e-5
-1.013, -1.218e-5
-1.012, -1.218e-5
-1.011, -1.526e-5
-1.010, -1.218e-5
-1.009, -1.526e-5
-1.008, -1.218e-5
-1.007, -1.218e-5
-1.006, -1.218e-5
-1.005, -1.526e-5
-1.004, -1.218e-5
-1.003, -1.218e-5
-1.002, -1.218e-5
-1.001, -1.218e-5
