June 29, 2026   08:58:42
Cyclic Voltammetry
File: c:/users/guazh/data/20260623_doe_duplica2/2026-06-24-exp40\exp40-2026-06-29t08_42_24-h2koh\exp40_cv_50mvs_efin_-1700mv.bin
Data Source:  Experiment
Instrument Model:  CHI760E
Header: CV ran at 50 mVs
Note: 

Init E (V) = -1
High E (V) = -1
Low E (V) = -1.7
Final E (V) = -1
Init P/N = N
Scan Rate (V/s) = 0.05
Segment = 7
Sample Interval (V) = 0.001
Quiet Time (sec) = 60
Sensitivity (A/V) = 0.001
Comp R (ohm) = 1.6

Results:

Channel 1:
Segment 1:

Segment 2:

Segment 3:

Segment 4:

Segment 5:

Segment 6:

Segment 7:

Potential/V, Current/A

-1.000, 1.204e-6
-1.001, 1.521e-6
-1.002, 1.602e-6
-1.003, 1.646e-6
-1.004, 1.734e-6
-1.005, 1.750e-6
-1.006, 1.795e-6
-1.007, 1.790e-6
-1.008, 1.830e-6
-1.009, 1.886e-6
-1.010, 1.930e-6
-1.011, 1.937e-6
-1.012, 1.942e-6
-1.013, 1.983e-6
-1.014, 1.984e-6
-1.015, 2.036e-6
-1.016, 2.019e-6
-1.017, 2.033e-6
-1.018, 2.083e-6
-1.019, 2.089e-6
-1.020, 2.133e-6
-1.021, 2.119e-6
-1.022, 2.122e-6
-1.023, 2.148e-6
-1.024, 2.157e-6
-1.025, 2.219e-6
-1.026, 2.253e-6
-1.027, 2.191e-6
-1.028, 2.220e-6
-1.029, 2.252e-6
-1.030, 2.226e-6
-1.031, 2.292e-6
-1.032, 2.286e-6
-1.033, 2.312e-6
-1.034, 2.328e-6
-1.035, 2.370e-6
-1.036, 2.333e-6
-1.037, 2.391e-6
-1.038, 2.389e-6
-1.039, 2.413e-6
-1.040, 2.411e-6
-1.041, 2.444e-6
-1.042, 2.443e-6
-1.043, 2.412e-6
-1.044, 2.500e-6
-1.045, 2.509e-6
-1.046, 2.499e-6
-1.047, 2.524e-6
-1.048, 2.513e-6
-1.049, 2.566e-6
-1.050, 2.605e-6
-1.051, 2.594e-6
-1.052, 2.583e-6
-1.053, 2.568e-6
-1.054, 2.639e-6
-1.055, 2.643e-6
-1.056, 2.649e-6
-1.057, 2.642e-6
-1.058, 2.692e-6
-1.059, 2.690e-6
-1.060, 2.708e-6
-1.061, 2.754e-6
-1.062, 2.713e-6
-1.063, 2.768e-6
-1.064, 2.783e-6
-1.065, 2.819e-6
-1.066, 2.818e-6
-1.067, 2.829e-6
-1.068, 2.830e-6
-1.069, 2.906e-6
-1.070, 2.884e-6
-1.071, 2.902e-6
-1.072, 2.893e-6
-1.073, 2.961e-6
-1.074, 2.962e-6
-1.075, 2.960e-6
-1.076, 3.026e-6
-1.077, 3.029e-6
-1.078, 3.032e-6
-1.079, 3.054e-6
-1.080, 3.092e-6
-1.081, 3.081e-6
-1.082, 3.125e-6
-1.083, 3.116e-6
-1.084, 3.104e-6
-1.085, 3.187e-6
-1.086, 3.163e-6
-1.087, 3.202e-6
-1.088, 3.209e-6
-1.089, 3.225e-6
-1.090, 3.245e-6
-1.091, 3.246e-6
-1.092, 3.273e-6
-1.093, 3.334e-6
-1.094, 3.351e-6
-1.095, 3.363e-6
-1.096, 3.368e-6
-1.097, 3.376e-6
-1.098, 3.386e-6
-1.099, 3.430e-6
-1.100, 3.448e-6
-1.101, 3.467e-6
-1.102, 3.487e-6
-1.103, 3.498e-6
-1.104, 3.533e-6
-1.105, 3.541e-6
-1.106, 3.613e-6
-1.107, 3.637e-6
-1.108, 3.572e-6
-1.109, 3.644e-6
-1.110, 3.651e-6
-1.111, 3.671e-6
-1.112, 3.690e-6
-1.113, 3.703e-6
-1.114, 3.755e-6
-1.115, 3.750e-6
-1.116, 3.769e-6
-1.117, 3.790e-6
-1.118, 3.824e-6
-1.119, 3.861e-6
-1.120, 3.857e-6
-1.121, 3.884e-6
-1.122, 3.939e-6
-1.123, 3.920e-6
-1.124, 3.963e-6
-1.125, 4.027e-6
-1.126, 3.999e-6
-1.127, 4.082e-6
-1.128, 4.012e-6
-1.129, 4.054e-6
-1.130, 4.132e-6
-1.131, 4.149e-6
-1.132, 4.156e-6
-1.133, 4.206e-6
-1.134, 4.196e-6
-1.135, 4.257e-6
-1.136, 4.219e-6
-1.137, 4.296e-6
-1.138, 4.285e-6
-1.139, 4.363e-6
-1.140, 4.381e-6
-1.141, 4.414e-6
-1.142, 4.400e-6
-1.143, 4.420e-6
-1.144, 4.464e-6
-1.145, 4.506e-6
-1.146, 4.546e-6
-1.147, 4.565e-6
-1.148, 4.572e-6
-1.149, 4.618e-6
-1.150, 4.627e-6
-1.151, 4.678e-6
-1.152, 4.681e-6
-1.153, 4.732e-6
-1.154, 4.767e-6
-1.155, 4.789e-6
-1.156, 4.831e-6
-1.157, 4.869e-6
-1.158, 4.828e-6
-1.159, 4.914e-6
-1.160, 4.929e-6
-1.161, 4.977e-6
-1.162, 5.028e-6
-1.163, 5.022e-6
-1.164, 5.086e-6
-1.165, 5.157e-6
-1.166, 5.127e-6
-1.167, 5.203e-6
-1.168, 5.175e-6
-1.169, 5.283e-6
-1.170, 5.311e-6
-1.171, 5.312e-6
-1.172, 5.371e-6
-1.173, 5.422e-6
-1.174, 5.443e-6
-1.175, 5.509e-6
-1.176, 5.538e-6
-1.177, 5.611e-6
-1.178, 5.634e-6
-1.179, 5.632e-6
-1.180, 5.734e-6
-1.181, 5.757e-6
-1.182, 5.823e-6
-1.183, 5.837e-6
-1.184, 5.901e-6
-1.185, 5.949e-6
-1.186, 6.033e-6
-1.187, 6.025e-6
-1.188, 6.094e-6
-1.189, 6.123e-6
-1.190, 6.220e-6
-1.191, 6.273e-6
-1.192, 6.305e-6
-1.193, 6.363e-6
-1.194, 6.452e-6
-1.195, 6.519e-6
-1.196, 6.557e-6
-1.197, 6.586e-6
-1.198, 6.668e-6
-1.199, 6.811e-6
-1.200, 6.848e-6
-1.201, 6.892e-6
-1.202, 6.948e-6
-1.203, 7.014e-6
-1.204, 7.099e-6
-1.205, 7.237e-6
-1.206, 7.241e-6
-1.207, 7.348e-6
-1.208, 7.410e-6
-1.209, 7.478e-6
-1.210, 7.624e-6
-1.211, 7.654e-6
-1.212, 7.737e-6
-1.213, 7.793e-6
-1.214, 7.899e-6
-1.215, 8.019e-6
-1.216, 8.077e-6
-1.217, 8.166e-6
-1.218, 8.233e-6
-1.219, 8.348e-6
-1.220, 8.440e-6
-1.221, 8.528e-6
-1.222, 8.609e-6
-1.223, 8.721e-6
-1.224, 8.802e-6
-1.225, 8.940e-6
-1.226, 9.020e-6
-1.227, 9.088e-6
-1.228, 9.225e-6
-1.229, 9.380e-6
-1.230, 9.466e-6
-1.231, 9.573e-6
-1.232, 9.680e-6
-1.233, 9.810e-6
-1.234, 9.982e-6
-1.235, 1.004e-5
-1.236, 1.022e-5
-1.237, 1.030e-5
-1.238, 1.045e-5
-1.239, 1.062e-5
-1.240, 1.075e-5
-1.241, 1.090e-5
-1.242, 1.104e-5
-1.243, 1.114e-5
-1.244, 1.134e-5
-1.245, 1.152e-5
-1.246, 1.165e-5
-1.247, 1.179e-5
-1.248, 1.194e-5
-1.249, 1.210e-5
-1.250, 1.233e-5
-1.251, 1.248e-5
-1.252, 1.262e-5
-1.253, 1.281e-5
-1.254, 1.298e-5
-1.255, 1.321e-5
-1.256, 1.336e-5
-1.257, 1.351e-5
-1.258, 1.371e-5
-1.259, 1.395e-5
-1.260, 1.415e-5
-1.261, 1.427e-5
-1.262, 1.449e-5
-1.263, 1.471e-5
-1.264, 1.488e-5
-1.265, 1.509e-5
-1.266, 1.530e-5
-1.267, 1.554e-5
-1.268, 1.572e-5
-1.269, 1.597e-5
-1.270, 1.615e-5
-1.271, 1.635e-5
-1.272, 1.663e-5
-1.273, 1.678e-5
-1.274, 1.701e-5
-1.275, 1.721e-5
-1.276, 1.747e-5
-1.277, 1.772e-5
-1.278, 1.798e-5
-1.279, 1.828e-5
-1.280, 1.846e-5
-1.281, 1.866e-5
-1.282, 1.889e-5
-1.283, 1.907e-5
-1.284, 1.933e-5
-1.285, 1.960e-5
-1.286, 1.979e-5
-1.287, 2.012e-5
-1.288, 2.031e-5
-1.289, 2.060e-5
-1.290, 2.092e-5
-1.291, 2.114e-5
-1.292, 2.135e-5
-1.293, 2.167e-5
-1.294, 2.189e-5
-1.295, 2.218e-5
-1.296, 2.233e-5
-1.297, 2.259e-5
-1.298, 2.295e-5
-1.299, 2.313e-5
-1.300, 2.344e-5
-1.301, 2.368e-5
-1.302, 2.392e-5
-1.303, 2.417e-5
-1.304, 2.444e-5
-1.305, 2.469e-5
-1.306, 2.497e-5
-1.307, 2.522e-5
-1.308, 2.552e-5
-1.309, 2.584e-5
-1.310, 2.608e-5
-1.311, 2.637e-5
-1.312, 2.664e-5
-1.313, 2.693e-5
-1.314, 2.718e-5
-1.315, 2.749e-5
-1.316, 2.776e-5
-1.317, 2.807e-5
-1.318, 2.837e-5
-1.319, 2.867e-5
-1.320, 2.895e-5
-1.321, 2.924e-5
-1.322, 2.955e-5
-1.323, 2.981e-5
-1.324, 3.010e-5
-1.325, 3.043e-5
-1.326, 3.072e-5
-1.327, 3.102e-5
-1.328, 3.131e-5
-1.329, 3.164e-5
-1.330, 3.192e-5
-1.331, 3.222e-5
-1.332, 3.255e-5
-1.333, 3.283e-5
-1.334, 3.316e-5
-1.335, 3.343e-5
-1.336, 3.377e-5
-1.337, 3.404e-5
-1.338, 3.441e-5
-1.339, 3.470e-5
-1.340, 3.502e-5
-1.341, 3.537e-5
-1.342, 3.568e-5
-1.343, 3.602e-5
-1.344, 3.631e-5
-1.345, 3.666e-5
-1.346, 3.701e-5
-1.347, 3.733e-5
-1.348, 3.769e-5
-1.349, 3.800e-5
-1.350, 3.838e-5
-1.351, 3.870e-5
-1.352, 3.901e-5
-1.353, 3.937e-5
-1.354, 3.970e-5
-1.355, 4.008e-5
-1.356, 4.042e-5
-1.357, 4.078e-5
-1.358, 4.109e-5
-1.359, 4.147e-5
-1.360, 4.185e-5
-1.361, 4.220e-5
-1.362, 4.256e-5
-1.363, 4.283e-5
-1.364, 4.327e-5
-1.365, 4.362e-5
-1.366, 4.397e-5
-1.367, 4.437e-5
-1.368, 4.469e-5
-1.369, 4.508e-5
-1.370, 4.547e-5
-1.371, 4.581e-5
-1.372, 4.618e-5
-1.373, 4.653e-5
-1.374, 4.694e-5
-1.375, 4.731e-5
-1.376, 4.771e-5
-1.377, 4.806e-5
-1.378, 4.846e-5
-1.379, 4.882e-5
-1.380, 4.924e-5
-1.381, 4.964e-5
-1.382, 5.000e-5
-1.383, 5.037e-5
-1.384, 5.077e-5
-1.385, 5.124e-5
-1.386, 5.160e-5
-1.387, 5.194e-5
-1.388, 5.239e-5
-1.389, 5.278e-5
-1.390, 5.318e-5
-1.391, 5.359e-5
-1.392, 5.394e-5
-1.393, 5.439e-5
-1.394, 5.484e-5
-1.395, 5.522e-5
-1.396, 5.561e-5
-1.397, 5.603e-5
-1.398, 5.637e-5
-1.399, 5.684e-5
-1.400, 5.735e-5
-1.401, 5.770e-5
-1.402, 5.813e-5
-1.403, 5.849e-5
-1.404, 5.894e-5
-1.405, 5.935e-5
-1.406, 5.979e-5
-1.407, 6.018e-5
-1.408, 6.059e-5
-1.409, 6.104e-5
-1.410, 6.147e-5
-1.411, 6.193e-5
-1.412, 6.230e-5
-1.413, 6.275e-5
-1.414, 6.319e-5
-1.415, 6.363e-5
-1.416, 6.409e-5
-1.417, 6.445e-5
-1.418, 6.493e-5
-1.419, 6.541e-5
-1.420, 6.585e-5
-1.421, 6.633e-5
-1.422, 6.677e-5
-1.423, 6.727e-5
-1.424, 6.767e-5
-1.425, 6.812e-5
-1.426, 6.864e-5
-1.427, 6.904e-5
-1.428, 6.952e-5
-1.429, 6.998e-5
-1.430, 7.044e-5
-1.431, 7.098e-5
-1.432, 7.135e-5
-1.433, 7.186e-5
-1.434, 7.238e-5
-1.435, 7.282e-5
-1.436, 7.327e-5
-1.437, 7.376e-5
-1.438, 7.423e-5
-1.439, 7.473e-5
-1.440, 7.523e-5
-1.441, 7.571e-5
-1.442, 7.620e-5
-1.443, 7.668e-5
-1.444, 7.714e-5
-1.445, 7.769e-5
-1.446, 7.814e-5
-1.447, 7.869e-5
-1.448, 7.914e-5
-1.449, 7.963e-5
-1.450, 8.022e-5
-1.451, 8.072e-5
-1.452, 8.125e-5
-1.453, 8.171e-5
-1.454, 8.226e-5
-1.455, 8.279e-5
-1.456, 8.332e-5
-1.457, 8.381e-5
-1.458, 8.435e-5
-1.459, 8.486e-5
-1.460, 8.547e-5
-1.461, 8.604e-5
-1.462, 8.655e-5
-1.463, 8.714e-5
-1.464, 8.765e-5
-1.465, 8.822e-5
-1.466, 8.875e-5
-1.467, 8.931e-5
-1.468, 8.990e-5
-1.469, 9.051e-5
-1.470, 9.104e-5
-1.471, 9.166e-5
-1.472, 9.215e-5
-1.473, 9.281e-5
-1.474, 9.336e-5
-1.475, 9.399e-5
-1.476, 9.461e-5
-1.477, 9.524e-5
-1.478, 9.580e-5
-1.479, 9.644e-5
-1.480, 9.709e-5
-1.481, 9.772e-5
-1.482, 9.839e-5
-1.483, 9.892e-5
-1.484, 9.967e-5
-1.485, 1.003e-4
-1.486, 1.010e-4
-1.487, 1.016e-4
-1.488, 1.023e-4
-1.489, 1.030e-4
-1.490, 1.038e-4
-1.491, 1.044e-4
-1.492, 1.051e-4
-1.493, 1.058e-4
-1.494, 1.064e-4
-1.495, 1.072e-4
-1.496, 1.079e-4
-1.497, 1.086e-4
-1.498, 1.094e-4
-1.499, 1.101e-4
-1.500, 1.109e-4
-1.501, 1.117e-4
-1.502, 1.124e-4
-1.503, 1.133e-4
-1.504, 1.141e-4
-1.505, 1.148e-4
-1.506, 1.157e-4
-1.507, 1.165e-4
-1.508, 1.173e-4
-1.509, 1.182e-4
-1.510, 1.191e-4
-1.511, 1.200e-4
-1.512, 1.208e-4
-1.513, 1.218e-4
-1.514, 1.227e-4
-1.515, 1.236e-4
-1.516, 1.245e-4
-1.517, 1.255e-4
-1.518, 1.264e-4
-1.519, 1.274e-4
-1.520, 1.283e-4
-1.521, 1.294e-4
-1.522, 1.304e-4
-1.523, 1.314e-4
-1.524, 1.324e-4
-1.525, 1.335e-4
-1.526, 1.345e-4
-1.527, 1.357e-4
-1.528, 1.368e-4
-1.529, 1.379e-4
-1.530, 1.391e-4
-1.531, 1.401e-4
-1.532, 1.414e-4
-1.533, 1.426e-4
-1.534, 1.438e-4
-1.535, 1.451e-4
-1.536, 1.463e-4
-1.537, 1.477e-4
-1.538, 1.490e-4
-1.539, 1.503e-4
-1.540, 1.517e-4
-1.541, 1.530e-4
-1.542, 1.543e-4
-1.543, 1.557e-4
-1.544, 1.571e-4
-1.545, 1.586e-4
-1.546, 1.600e-4
-1.547, 1.615e-4
-1.548, 1.630e-4
-1.549, 1.646e-4
-1.550, 1.663e-4
-1.551, 1.678e-4
-1.552, 1.695e-4
-1.553, 1.711e-4
-1.554, 1.729e-4
-1.555, 1.746e-4
-1.556, 1.763e-4
-1.557, 1.782e-4
-1.558, 1.798e-4
-1.559, 1.818e-4
-1.560, 1.837e-4
-1.561, 1.857e-4
-1.562, 1.877e-4
-1.563, 1.896e-4
-1.564, 1.916e-4
-1.565, 1.926e-4
-1.566, 1.943e-4
-1.567, 1.964e-4
-1.568, 1.984e-4
-1.569, 2.007e-4
-1.570, 2.033e-4
-1.571, 2.055e-4
-1.572, 2.079e-4
-1.573, 2.102e-4
-1.574, 2.127e-4
-1.575, 2.152e-4
-1.576, 2.177e-4
-1.577, 2.202e-4
-1.578, 2.229e-4
-1.579, 2.256e-4
-1.580, 2.284e-4
-1.581, 2.313e-4
-1.582, 2.342e-4
-1.583, 2.372e-4
-1.584, 2.402e-4
-1.585, 2.433e-4
-1.586, 2.464e-4
-1.587, 2.496e-4
-1.588, 2.529e-4
-1.589, 2.565e-4
-1.590, 2.601e-4
-1.591, 2.637e-4
-1.592, 2.674e-4
-1.593, 2.711e-4
-1.594, 2.750e-4
-1.595, 2.790e-4
-1.596, 2.829e-4
-1.597, 2.870e-4
-1.598, 2.910e-4
-1.599, 2.953e-4
-1.600, 2.996e-4
-1.601, 3.040e-4
-1.602, 3.086e-4
-1.603, 3.131e-4
-1.604, 3.182e-4
-1.605, 3.231e-4
-1.606, 3.281e-4
-1.607, 3.331e-4
-1.608, 3.382e-4
-1.609, 3.435e-4
-1.610, 3.493e-4
-1.611, 3.551e-4
-1.612, 3.612e-4
-1.613, 3.671e-4
-1.614, 3.733e-4
-1.615, 3.794e-4
-1.616, 3.852e-4
-1.617, 3.918e-4
-1.618, 3.987e-4
-1.619, 4.060e-4
-1.620, 4.130e-4
-1.621, 4.203e-4
-1.622, 4.280e-4
-1.623, 4.359e-4
-1.624, 4.441e-4
-1.625, 4.518e-4
-1.626, 4.606e-4
-1.627, 4.691e-4
-1.628, 4.777e-4
-1.629, 4.863e-4
-1.630, 4.954e-4
-1.631, 5.048e-4
-1.632, 5.146e-4
-1.633, 5.247e-4
-1.634, 5.359e-4
-1.635, 5.469e-4
-1.636, 5.578e-4
-1.637, 5.693e-4
-1.638, 5.806e-4
-1.639, 5.928e-4
-1.640, 6.049e-4
-1.641, 6.179e-4
-1.642, 6.314e-4
-1.643, 6.444e-4
-1.644, 6.583e-4
-1.645, 6.730e-4
-1.646, 6.878e-4
-1.647, 7.027e-4
-1.648, 7.164e-4
-1.649, 7.326e-4
-1.650, 7.482e-4
-1.651, 7.640e-4
-1.652, 7.815e-4
-1.653, 7.996e-4
-1.654, 8.172e-4
-1.655, 8.360e-4
-1.656, 8.562e-4
-1.657, 8.747e-4
-1.658, 8.940e-4
-1.659, 9.157e-4
-1.660, 9.377e-4
-1.661, 9.602e-4
-1.662, 9.838e-4
-1.663, 1.009e-3
-1.664, 1.032e-3
-1.665, 1.057e-3
-1.666, 1.077e-3
-1.667, 1.101e-3
-1.668, 1.128e-3
-1.669, 1.153e-3
-1.670, 1.180e-3
-1.671, 1.210e-3
-1.672, 1.240e-3
-1.673, 1.264e-3
-1.674, 1.296e-3
-1.675, 1.330e-3
-1.676, 1.364e-3
-1.677, 1.397e-3
-1.678, 1.431e-3
-1.679, 1.468e-3
-1.680, 1.502e-3
-1.681, 1.541e-3
-1.682, 1.580e-3
-1.683, 1.619e-3
-1.684, 1.657e-3
-1.685, 1.694e-3
-1.686, 1.737e-3
-1.687, 1.782e-3
-1.688, 1.825e-3
-1.689, 1.875e-3
-1.690, 1.920e-3
-1.691, 1.968e-3
-1.692, 2.024e-3
-1.693, 2.073e-3
-1.694, 2.122e-3
-1.695, 2.179e-3
-1.696, 2.232e-3
-1.697, 2.289e-3
-1.698, 2.348e-3
-1.699, 2.414e-3
-1.700, 2.446e-3
-1.699, 2.441e-3
-1.698, 2.432e-3
-1.697, 2.430e-3
-1.696, 2.425e-3
-1.695, 2.415e-3
-1.694, 2.401e-3
-1.693, 2.386e-3
-1.692, 2.369e-3
-1.691, 2.353e-3
-1.690, 2.333e-3
-1.689, 2.314e-3
-1.688, 2.296e-3
-1.687, 2.279e-3
-1.686, 2.260e-3
-1.685, 2.238e-3
-1.684, 2.218e-3
-1.683, 2.191e-3
-1.682, 2.170e-3
-1.681, 2.149e-3
-1.680, 2.125e-3
-1.679, 2.099e-3
-1.678, 2.073e-3
-1.677, 2.047e-3
-1.676, 2.022e-3
-1.675, 2.000e-3
-1.674, 1.977e-3
-1.673, 1.949e-3
-1.672, 1.923e-3
-1.671, 1.900e-3
-1.670, 1.876e-3
-1.669, 1.848e-3
-1.668, 1.820e-3
-1.667, 1.799e-3
-1.666, 1.773e-3
-1.665, 1.748e-3
-1.664, 1.722e-3
-1.663, 1.697e-3
-1.662, 1.671e-3
-1.661, 1.644e-3
-1.660, 1.618e-3
-1.659, 1.596e-3
-1.658, 1.570e-3
-1.657, 1.547e-3
-1.656, 1.523e-3
-1.655, 1.499e-3
-1.654, 1.475e-3
-1.653, 1.452e-3
-1.652, 1.428e-3
-1.651, 1.404e-3
-1.650, 1.381e-3
-1.649, 1.360e-3
-1.648, 1.334e-3
-1.647, 1.313e-3
-1.646, 1.290e-3
-1.645, 1.270e-3
-1.644, 1.247e-3
-1.643, 1.227e-3
-1.642, 1.207e-3
-1.641, 1.186e-3
-1.640, 1.165e-3
-1.639, 1.146e-3
-1.638, 1.127e-3
-1.637, 1.108e-3
-1.636, 1.090e-3
-1.635, 1.069e-3
-1.634, 1.051e-3
-1.633, 1.032e-3
-1.632, 1.015e-3
-1.631, 9.972e-4
-1.630, 9.798e-4
-1.629, 9.629e-4
-1.628, 9.468e-4
-1.627, 9.305e-4
-1.626, 9.116e-4
-1.625, 8.948e-4
-1.624, 8.798e-4
-1.623, 8.655e-4
-1.622, 8.502e-4
-1.621, 8.354e-4
-1.620, 8.209e-4
-1.619, 8.046e-4
-1.618, 7.881e-4
-1.617, 7.748e-4
-1.616, 7.618e-4
-1.615, 7.487e-4
-1.614, 7.359e-4
-1.613, 7.238e-4
-1.612, 7.120e-4
-1.611, 6.997e-4
-1.610, 6.878e-4
-1.609, 6.755e-4
-1.608, 6.641e-4
-1.607, 6.532e-4
-1.606, 6.417e-4
-1.605, 6.313e-4
-1.604, 6.200e-4
-1.603, 6.089e-4
-1.602, 5.978e-4
-1.601, 5.876e-4
-1.600, 5.781e-4
-1.599, 5.679e-4
-1.598, 5.579e-4
-1.597, 5.484e-4
-1.596, 5.390e-4
-1.595, 5.295e-4
-1.594, 5.205e-4
-1.593, 5.118e-4
-1.592, 5.033e-4
-1.591, 4.945e-4
-1.590, 4.858e-4
-1.589, 4.774e-4
-1.588, 4.697e-4
-1.587, 4.625e-4
-1.586, 4.554e-4
-1.585, 4.483e-4
-1.584, 4.412e-4
-1.583, 4.339e-4
-1.582, 4.268e-4
-1.581, 4.199e-4
-1.580, 4.129e-4
-1.579, 4.062e-4
-1.578, 3.998e-4
-1.577, 3.935e-4
-1.576, 3.871e-4
-1.575, 3.800e-4
-1.574, 3.731e-4
-1.573, 3.671e-4
-1.572, 3.616e-4
-1.571, 3.558e-4
-1.570, 3.500e-4
-1.569, 3.440e-4
-1.568, 3.387e-4
-1.567, 3.340e-4
-1.566, 3.286e-4
-1.565, 3.231e-4
-1.564, 3.176e-4
-1.563, 3.125e-4
-1.562, 3.075e-4
-1.561, 3.027e-4
-1.560, 2.982e-4
-1.559, 2.939e-4
-1.558, 2.891e-4
-1.557, 2.847e-4
-1.556, 2.805e-4
-1.555, 2.763e-4
-1.554, 2.722e-4
-1.553, 2.680e-4
-1.552, 2.633e-4
-1.551, 2.586e-4
-1.550, 2.547e-4
-1.549, 2.510e-4
-1.548, 2.471e-4
-1.547, 2.434e-4
-1.546, 2.398e-4
-1.545, 2.362e-4
-1.544, 2.327e-4
-1.543, 2.293e-4
-1.542, 2.258e-4
-1.541, 2.225e-4
-1.540, 2.192e-4
-1.539, 2.160e-4
-1.538, 2.128e-4
-1.537, 2.095e-4
-1.536, 2.065e-4
-1.535, 2.034e-4
-1.534, 2.004e-4
-1.533, 1.978e-4
-1.532, 1.947e-4
-1.531, 1.918e-4
-1.530, 1.890e-4
-1.529, 1.862e-4
-1.528, 1.834e-4
-1.527, 1.808e-4
-1.526, 1.782e-4
-1.525, 1.757e-4
-1.524, 1.729e-4
-1.523, 1.703e-4
-1.522, 1.679e-4
-1.521, 1.654e-4
-1.520, 1.629e-4
-1.519, 1.604e-4
-1.518, 1.582e-4
-1.517, 1.560e-4
-1.516, 1.540e-4
-1.515, 1.517e-4
-1.514, 1.495e-4
-1.513, 1.473e-4
-1.512, 1.454e-4
-1.511, 1.433e-4
-1.510, 1.413e-4
-1.509, 1.393e-4
-1.508, 1.374e-4
-1.507, 1.354e-4
-1.506, 1.335e-4
-1.505, 1.315e-4
-1.504, 1.296e-4
-1.503, 1.278e-4
-1.502, 1.259e-4
-1.501, 1.241e-4
-1.500, 1.223e-4
-1.499, 1.206e-4
-1.498, 1.190e-4
-1.497, 1.174e-4
-1.496, 1.157e-4
-1.495, 1.141e-4
-1.494, 1.124e-4
-1.493, 1.109e-4
-1.492, 1.093e-4
-1.491, 1.078e-4
-1.490, 1.063e-4
-1.489, 1.047e-4
-1.488, 1.033e-4
-1.487, 1.018e-4
-1.486, 1.004e-4
-1.485, 9.893e-5
-1.484, 9.762e-5
-1.483, 9.619e-5
-1.482, 9.496e-5
-1.481, 9.357e-5
-1.480, 9.225e-5
-1.479, 9.099e-5
-1.478, 8.970e-5
-1.477, 8.852e-5
-1.476, 8.730e-5
-1.475, 8.611e-5
-1.474, 8.494e-5
-1.473, 8.381e-5
-1.472, 8.260e-5
-1.471, 8.143e-5
-1.470, 8.029e-5
-1.469, 7.919e-5
-1.468, 7.791e-5
-1.467, 7.664e-5
-1.466, 7.564e-5
-1.465, 7.460e-5
-1.464, 7.356e-5
-1.463, 7.251e-5
-1.462, 7.188e-5
-1.461, 7.064e-5
-1.460, 6.961e-5
-1.459, 6.860e-5
-1.458, 6.755e-5
-1.457, 6.692e-5
-1.456, 6.597e-5
-1.455, 6.499e-5
-1.454, 6.407e-5
-1.453, 6.309e-5
-1.452, 6.230e-5
-1.451, 6.138e-5
-1.450, 6.056e-5
-1.449, 5.964e-5
-1.448, 5.884e-5
-1.447, 5.801e-5
-1.446, 5.716e-5
-1.445, 5.639e-5
-1.444, 5.562e-5
-1.443, 5.467e-5
-1.442, 5.389e-5
-1.441, 5.313e-5
-1.440, 5.238e-5
-1.439, 5.159e-5
-1.438, 5.081e-5
-1.437, 5.013e-5
-1.436, 4.941e-5
-1.435, 4.869e-5
-1.434, 4.802e-5
-1.433, 4.727e-5
-1.432, 4.659e-5
-1.431, 4.597e-5
-1.430, 4.533e-5
-1.429, 4.464e-5
-1.428, 4.403e-5
-1.427, 4.337e-5
-1.426, 4.283e-5
-1.425, 4.217e-5
-1.424, 4.162e-5
-1.423, 4.098e-5
-1.422, 4.047e-5
-1.421, 3.985e-5
-1.420, 3.927e-5
-1.419, 3.863e-5
-1.418, 3.803e-5
-1.417, 3.744e-5
-1.416, 3.692e-5
-1.415, 3.635e-5
-1.414, 3.579e-5
-1.413, 3.519e-5
-1.412, 3.469e-5
-1.411, 3.418e-5
-1.410, 3.366e-5
-1.409, 3.316e-5
-1.408, 3.260e-5
-1.407, 3.211e-5
-1.406, 3.165e-5
-1.405, 3.114e-5
-1.404, 3.062e-5
-1.403, 3.011e-5
-1.402, 2.971e-5
-1.401, 2.922e-5
-1.400, 2.879e-5
-1.399, 2.837e-5
-1.398, 2.785e-5
-1.397, 2.747e-5
-1.396, 2.702e-5
-1.395, 2.657e-5
-1.394, 2.618e-5
-1.393, 2.570e-5
-1.392, 2.528e-5
-1.391, 2.500e-5
-1.390, 2.453e-5
-1.389, 2.417e-5
-1.388, 2.377e-5
-1.387, 2.337e-5
-1.386, 2.305e-5
-1.385, 2.263e-5
-1.384, 2.232e-5
-1.383, 2.189e-5
-1.382, 2.151e-5
-1.381, 2.119e-5
-1.380, 2.083e-5
-1.379, 2.046e-5
-1.378, 2.016e-5
-1.377, 1.977e-5
-1.376, 1.945e-5
-1.375, 1.916e-5
-1.374, 1.880e-5
-1.373, 1.848e-5
-1.372, 1.818e-5
-1.371, 1.788e-5
-1.370, 1.756e-5
-1.369, 1.724e-5
-1.368, 1.692e-5
-1.367, 1.665e-5
-1.366, 1.637e-5
-1.365, 1.611e-5
-1.364, 1.583e-5
-1.363, 1.547e-5
-1.362, 1.525e-5
-1.361, 1.497e-5
-1.360, 1.472e-5
-1.359, 1.441e-5
-1.358, 1.416e-5
-1.357, 1.385e-5
-1.356, 1.363e-5
-1.355, 1.335e-5
-1.354, 1.311e-5
-1.353, 1.282e-5
-1.352, 1.257e-5
-1.351, 1.237e-5
-1.350, 1.214e-5
-1.349, 1.191e-5
-1.348, 1.162e-5
-1.347, 1.139e-5
-1.346, 1.121e-5
-1.345, 1.094e-5
-1.344, 1.076e-5
-1.343, 1.046e-5
-1.342, 1.029e-5
-1.341, 1.007e-5
-1.340, 9.820e-6
-1.339, 9.616e-6
-1.338, 9.405e-6
-1.337, 9.153e-6
-1.336, 9.011e-6
-1.335, 8.819e-6
-1.334, 8.611e-6
-1.333, 8.372e-6
-1.332, 8.177e-6
-1.331, 7.984e-6
-1.330, 7.824e-6
-1.329, 7.655e-6
-1.328, 7.425e-6
-1.327, 7.228e-6
-1.326, 7.077e-6
-1.325, 6.910e-6
-1.324, 6.707e-6
-1.323, 6.485e-6
-1.322, 6.323e-6
-1.321, 6.165e-6
-1.320, 6.013e-6
-1.319, 5.864e-6
-1.318, 5.653e-6
-1.317, 5.516e-6
-1.316, 5.369e-6
-1.315, 5.155e-6
-1.314, 5.030e-6
-1.313, 4.850e-6
-1.312, 4.716e-6
-1.311, 4.559e-6
-1.310, 4.432e-6
-1.309, 4.257e-6
-1.308, 4.132e-6
-1.307, 3.940e-6
-1.306, 3.838e-6
-1.305, 3.650e-6
-1.304, 3.536e-6
-1.303, 3.397e-6
-1.302, 3.217e-6
-1.301, 3.154e-6
-1.300, 3.006e-6
-1.299, 2.834e-6
-1.298, 2.803e-6
-1.297, 2.571e-6
-1.296, 2.498e-6
-1.295, 2.372e-6
-1.294, 2.238e-6
-1.293, 2.159e-6
-1.292, 2.023e-6
-1.291, 1.926e-6
-1.290, 1.799e-6
-1.289, 1.663e-6
-1.288, 1.583e-6
-1.287, 1.439e-6
-1.286, 1.321e-6
-1.285, 1.229e-6
-1.284, 1.148e-6
-1.283, 1.038e-6
-1.282, 9.163e-7
-1.281, 8.414e-7
-1.280, 7.250e-7
-1.279, 6.401e-7
-1.278, 5.079e-7
-1.277, 4.398e-7
-1.276, 3.056e-7
-1.275, 2.465e-7
-1.274, 2.040e-7
-1.273, 5.308e-8
-1.272, -5.249e-8
-1.271, -6.729e-8
-1.270, -1.699e-7
-1.269, -2.577e-7
-1.268, -3.238e-7
-1.267, -4.570e-7
-1.266, -5.438e-7
-1.265, -5.626e-7
-1.264, -6.750e-7
-1.263, -7.273e-7
-1.262, -8.427e-7
-1.261, -8.595e-7
-1.260, -9.365e-7
-1.259, -1.032e-6
-1.258, -1.113e-6
-1.257, -1.187e-6
-1.256, -1.216e-6
-1.255, -1.279e-6
-1.254, -1.376e-6
-1.253, -1.409e-6
-1.252, -1.462e-6
-1.251, -1.549e-6
-1.250, -1.607e-6
-1.249, -1.658e-6
-1.248, -1.711e-6
-1.247, -1.787e-6
-1.246, -1.853e-6
-1.245, -1.861e-6
-1.244, -1.914e-6
-1.243, -2.002e-6
-1.242, -2.041e-6
-1.241, -2.080e-6
-1.240, -2.129e-6
-1.239, -2.176e-6
-1.238, -2.239e-6
-1.237, -2.304e-6
-1.236, -2.310e-6
-1.235, -2.387e-6
-1.234, -2.393e-6
-1.233, -2.445e-6
-1.232, -2.476e-6
-1.231, -2.521e-6
-1.230, -2.590e-6
-1.229, -2.663e-6
-1.228, -2.672e-6
-1.227, -2.731e-6
-1.226, -2.713e-6
-1.225, -2.786e-6
-1.224, -2.807e-6
-1.223, -2.839e-6
-1.222, -2.917e-6
-1.221, -2.931e-6
-1.220, -2.958e-6
-1.219, -3.015e-6
-1.218, -3.037e-6
-1.217, -3.080e-6
-1.216, -3.074e-6
-1.215, -3.065e-6
-1.214, -3.140e-6
-1.213, -3.168e-6
-1.212, -3.210e-6
-1.211, -3.270e-6
-1.210, -3.262e-6
-1.209, -3.321e-6
-1.208, -3.286e-6
-1.207, -3.343e-6
-1.206, -3.405e-6
-1.205, -3.356e-6
-1.204, -3.439e-6
-1.203, -3.444e-6
-1.202, -3.504e-6
-1.201, -3.503e-6
-1.200, -3.517e-6
-1.199, -3.556e-6
-1.198, -3.582e-6
-1.197, -3.664e-6
-1.196, -3.602e-6
-1.195, -3.651e-6
-1.194, -3.676e-6
-1.193, -3.695e-6
-1.192, -3.724e-6
-1.191, -3.725e-6
-1.190, -3.749e-6
-1.189, -3.789e-6
-1.188, -3.760e-6
-1.187, -3.851e-6
-1.186, -3.850e-6
-1.185, -3.854e-6
-1.184, -3.882e-6
-1.183, -3.897e-6
-1.182, -3.934e-6
-1.181, -3.915e-6
-1.180, -3.956e-6
-1.179, -3.976e-6
-1.178, -4.017e-6
-1.177, -4.065e-6
-1.176, -4.034e-6
-1.175, -4.069e-6
-1.174, -4.094e-6
-1.173, -4.108e-6
-1.172, -4.125e-6
-1.171, -4.166e-6
-1.170, -4.174e-6
-1.169, -4.211e-6
-1.168, -4.172e-6
-1.167, -4.234e-6
-1.166, -4.243e-6
-1.165, -4.261e-6
-1.164, -4.299e-6
-1.163, -4.323e-6
-1.162, -4.303e-6
-1.161, -4.339e-6
-1.160, -4.348e-6
-1.159, -4.368e-6
-1.158, -4.399e-6
-1.157, -4.403e-6
-1.156, -4.450e-6
-1.155, -4.417e-6
-1.154, -4.482e-6
-1.153, -4.500e-6
-1.152, -4.535e-6
-1.151, -4.569e-6
-1.150, -4.549e-6
-1.149, -4.569e-6
-1.148, -4.577e-6
-1.147, -4.658e-6
-1.146, -4.676e-6
-1.145, -4.686e-6
-1.144, -4.690e-6
-1.143, -4.708e-6
-1.142, -4.757e-6
-1.141, -4.758e-6
-1.140, -4.789e-6
-1.139, -4.860e-6
-1.138, -4.859e-6
-1.137, -4.886e-6
-1.136, -4.894e-6
-1.135, -4.916e-6
-1.134, -4.965e-6
-1.133, -4.933e-6
-1.132, -5.009e-6
-1.131, -5.070e-6
-1.130, -5.055e-6
-1.129, -5.082e-6
-1.128, -5.090e-6
-1.127, -5.128e-6
-1.126, -5.189e-6
-1.125, -5.206e-6
-1.124, -5.261e-6
-1.123, -5.287e-6
-1.122, -5.299e-6
-1.121, -5.395e-6
-1.120, -5.324e-6
-1.119, -5.404e-6
-1.118, -5.426e-6
-1.117, -5.501e-6
-1.116, -5.490e-6
-1.115, -5.536e-6
-1.114, -5.557e-6
-1.113, -5.595e-6
-1.112, -5.650e-6
-1.111, -5.664e-6
-1.110, -5.711e-6
-1.109, -5.760e-6
-1.108, -5.742e-6
-1.107, -5.845e-6
-1.106, -5.866e-6
-1.105, -5.896e-6
-1.104, -5.918e-6
-1.103, -5.966e-6
-1.102, -6.009e-6
-1.101, -6.050e-6
-1.100, -6.076e-6
-1.099, -6.123e-6
-1.098, -6.158e-6
-1.097, -6.254e-6
-1.096, -6.243e-6
-1.095, -6.272e-6
-1.094, -6.352e-6
-1.093, -6.368e-6
-1.092, -6.427e-6
-1.091, -6.485e-6
-1.090, -6.513e-6
-1.089, -6.564e-6
-1.088, -6.575e-6
-1.087, -6.687e-6
-1.086, -6.715e-6
-1.085, -6.745e-6
-1.084, -6.778e-6
-1.083, -6.842e-6
-1.082, -6.918e-6
-1.081, -6.962e-6
-1.080, -6.997e-6
-1.079, -7.018e-6
-1.078, -7.094e-6
-1.077, -7.143e-6
-1.076, -7.191e-6
-1.075, -7.260e-6
-1.074, -7.328e-6
-1.073, -7.373e-6
-1.072, -7.398e-6
-1.071, -7.464e-6
-1.070, -7.554e-6
-1.069, -7.576e-6
-1.068, -7.615e-6
-1.067, -7.759e-6
-1.066, -7.724e-6
-1.065, -7.795e-6
-1.064, -7.850e-6
-1.063, -7.917e-6
-1.062, -8.001e-6
-1.061, -8.047e-6
-1.060, -8.093e-6
-1.059, -8.177e-6
-1.058, -8.220e-6
-1.057, -8.303e-6
-1.056, -8.337e-6
-1.055, -8.392e-6
-1.054, -8.425e-6
-1.053, -8.505e-6
-1.052, -8.591e-6
-1.051, -8.672e-6
-1.050, -8.680e-6
-1.049, -8.754e-6
-1.048, -8.787e-6
-1.047, -8.889e-6
-1.046, -8.962e-6
-1.045, -9.022e-6
-1.044, -9.076e-6
-1.043, -9.157e-6
-1.042, -9.221e-6
-1.041, -9.248e-6
-1.040, -9.337e-6
-1.039, -9.366e-6
-1.038, -9.472e-6
-1.037, -9.493e-6
-1.036, -9.557e-6
-1.035, -9.642e-6
-1.034, -9.659e-6
-1.033, -9.751e-6
-1.032, -9.799e-6
-1.031, -9.840e-6
-1.030, -9.930e-6
-1.029, -9.915e-6
-1.028, -9.972e-6
-1.027, -1.007e-5
-1.026, -1.010e-5
-1.025, -1.021e-5
-1.024, -1.017e-5
-1.023, -1.025e-5
-1.022, -1.033e-5
-1.021, -1.030e-5
-1.020, -1.036e-5
-1.019, -1.038e-5
-1.018, -1.046e-5
-1.017, -1.052e-5
-1.016, -1.052e-5
-1.015, -1.055e-5
-1.014, -1.055e-5
-1.013, -1.057e-5
-1.012, -1.062e-5
-1.011, -1.065e-5
-1.010, -1.069e-5
-1.009, -1.069e-5
-1.008, -1.068e-5
-1.007, -1.070e-5
-1.006, -1.073e-5
-1.005, -1.074e-5
-1.004, -1.075e-5
-1.003, -1.077e-5
-1.002, -1.078e-5
-1.001, -1.079e-5
-1.000, -7.659e-6
-1.001, -6.238e-6
-1.002, -5.478e-6
-1.003, -4.942e-6
-1.004, -4.449e-6
-1.005, -3.979e-6
-1.006, -3.622e-6
-1.007, -3.275e-6
-1.008, -2.982e-6
-1.009, -2.653e-6
-1.010, -2.408e-6
-1.011, -2.178e-6
-1.012, -1.929e-6
-1.013, -1.676e-6
-1.014, -1.538e-6
-1.015, -1.300e-6
-1.016, -1.152e-6
-1.017, -9.710e-7
-1.018, -8.161e-7
-1.019, -6.869e-7
-1.020, -5.478e-7
-1.021, -3.672e-7
-1.022, -2.843e-7
-1.023, -1.531e-7
-1.024, -2.486e-8
-1.025, 9.452e-8
-1.026, 1.813e-7
-1.027, 2.899e-7
-1.028, 3.836e-7
-1.029, 4.526e-7
-1.030, 5.395e-7
-1.031, 6.302e-7
-1.032, 7.180e-7
-1.033, 7.940e-7
-1.034, 8.729e-7
-1.035, 9.252e-7
-1.036, 9.815e-7
-1.037, 1.104e-6
-1.038, 1.146e-6
-1.039, 1.238e-6
-1.040, 1.262e-6
-1.041, 1.308e-6
-1.042, 1.390e-6
-1.043, 1.396e-6
-1.044, 1.473e-6
-1.045, 1.552e-6
-1.046, 1.561e-6
-1.047, 1.644e-6
-1.048, 1.626e-6
-1.049, 1.682e-6
-1.050, 1.766e-6
-1.051, 1.794e-6
-1.052, 1.808e-6
-1.053, 1.872e-6
-1.054, 1.899e-6
-1.055, 1.982e-6
-1.056, 1.970e-6
-1.057, 1.999e-6
-1.058, 2.051e-6
-1.059, 2.056e-6
-1.060, 2.148e-6
-1.061, 2.115e-6
-1.062, 2.164e-6
-1.063, 2.183e-6
-1.064, 2.182e-6
-1.065, 2.249e-6
-1.066, 2.242e-6
-1.067, 2.266e-6
-1.068, 2.258e-6
-1.069, 2.312e-6
-1.070, 2.359e-6
-1.071, 2.348e-6
-1.072, 2.390e-6
-1.073, 2.386e-6
-1.074, 2.403e-6
-1.075, 2.474e-6
-1.076, 2.461e-6
-1.077, 2.478e-6
-1.078, 2.519e-6
-1.079, 2.521e-6
-1.080, 2.543e-6
-1.081, 2.523e-6
-1.082, 2.574e-6
-1.083, 2.579e-6
-1.084, 2.588e-6
-1.085, 2.629e-6
-1.086, 2.596e-6
-1.087, 2.641e-6
-1.088, 2.622e-6
-1.089, 2.656e-6
-1.090, 2.689e-6
-1.091, 2.676e-6
-1.092, 2.684e-6
-1.093, 2.719e-6
-1.094, 2.715e-6
-1.095, 2.728e-6
-1.096, 2.732e-6
-1.097, 2.709e-6
-1.098, 2.745e-6
-1.099, 2.783e-6
-1.100, 2.768e-6
-1.101, 2.795e-6
-1.102, 2.814e-6
-1.103, 2.809e-6
-1.104, 2.810e-6
-1.105, 2.805e-6
-1.106, 2.830e-6
-1.107, 2.839e-6
-1.108, 2.829e-6
-1.109, 2.864e-6
-1.110, 2.870e-6
-1.111, 2.846e-6
-1.112, 2.865e-6
-1.113, 2.849e-6
-1.114, 2.909e-6
-1.115, 2.908e-6
-1.116, 2.881e-6
-1.117, 2.912e-6
-1.118, 2.892e-6
-1.119, 2.939e-6
-1.120, 2.938e-6
-1.121, 2.922e-6
-1.122, 2.955e-6
-1.123, 2.916e-6
-1.124, 2.981e-6
-1.125, 2.985e-6
-1.126, 2.947e-6
-1.127, 2.979e-6
-1.128, 2.954e-6
-1.129, 2.994e-6
-1.130, 3.036e-6
-1.131, 2.958e-6
-1.132, 3.038e-6
-1.133, 3.045e-6
-1.134, 3.022e-6
-1.135, 3.077e-6
-1.136, 3.025e-6
-1.137, 3.039e-6
-1.138, 3.053e-6
-1.139, 3.039e-6
-1.140, 3.079e-6
-1.141, 3.087e-6
-1.142, 3.096e-6
-1.143, 3.075e-6
-1.144, 3.080e-6
-1.145, 3.139e-6
-1.146, 3.138e-6
-1.147, 3.150e-6
-1.148, 3.101e-6
-1.149, 3.133e-6
-1.150, 3.176e-6
-1.151, 3.174e-6
-1.152, 3.209e-6
-1.153, 3.154e-6
-1.154, 3.221e-6
-1.155, 3.218e-6
-1.156, 3.196e-6
-1.157, 3.242e-6
-1.158, 3.244e-6
-1.159, 3.271e-6
-1.160, 3.239e-6
-1.161, 3.229e-6
-1.162, 3.306e-6
-1.163, 3.278e-6
-1.164, 3.325e-6
-1.165, 3.335e-6
-1.166, 3.319e-6
-1.167, 3.373e-6
-1.168, 3.349e-6
-1.169, 3.355e-6
-1.170, 3.440e-6
-1.171, 3.416e-6
-1.172, 3.445e-6
-1.173, 3.454e-6
-1.174, 3.449e-6
-1.175, 3.506e-6
-1.176, 3.479e-6
-1.177, 3.535e-6
-1.178, 3.562e-6
-1.179, 3.537e-6
-1.180, 3.634e-6
-1.181, 3.597e-6
-1.182, 3.666e-6
-1.183, 3.701e-6
-1.184, 3.665e-6
-1.185, 3.722e-6
-1.186, 3.713e-6
-1.187, 3.806e-6
-1.188, 3.791e-6
-1.189, 3.826e-6
-1.190, 3.860e-6
-1.191, 3.872e-6
-1.192, 3.928e-6
-1.193, 3.910e-6
-1.194, 3.974e-6
-1.195, 4.024e-6
-1.196, 4.012e-6
-1.197, 4.140e-6
-1.198, 4.076e-6
-1.199, 4.176e-6
-1.200, 4.193e-6
-1.201, 4.208e-6
-1.202, 4.288e-6
-1.203, 4.279e-6
-1.204, 4.372e-6
-1.205, 4.399e-6
-1.206, 4.429e-6
-1.207, 4.492e-6
-1.208, 4.509e-6
-1.209, 4.526e-6
-1.210, 4.649e-6
-1.211, 4.630e-6
-1.212, 4.666e-6
-1.213, 4.765e-6
-1.214, 4.756e-6
-1.215, 4.863e-6
-1.216, 4.873e-6
-1.217, 4.942e-6
-1.218, 4.997e-6
-1.219, 5.043e-6
-1.220, 5.098e-6
-1.221, 5.089e-6
-1.222, 5.210e-6
-1.223, 5.229e-6
-1.224, 5.267e-6
-1.225, 5.370e-6
-1.226, 5.393e-6
-1.227, 5.436e-6
-1.228, 5.517e-6
-1.229, 5.611e-6
-1.230, 5.676e-6
-1.231, 5.716e-6
-1.232, 5.770e-6
-1.233, 5.859e-6
-1.234, 5.928e-6
-1.235, 5.990e-6
-1.236, 6.100e-6
-1.237, 6.195e-6
-1.238, 6.270e-6
-1.239, 6.364e-6
-1.240, 6.412e-6
-1.241, 6.526e-6
-1.242, 6.620e-6
-1.243, 6.696e-6
-1.244, 6.766e-6
-1.245, 6.915e-6
-1.246, 6.963e-6
-1.247, 7.088e-6
-1.248, 7.233e-6
-1.249, 7.323e-6
-1.250, 7.472e-6
-1.251, 7.521e-6
-1.252, 7.655e-6
-1.253, 7.753e-6
-1.254, 7.855e-6
-1.255, 8.045e-6
-1.256, 8.170e-6
-1.257, 8.322e-6
-1.258, 8.496e-6
-1.259, 8.543e-6
-1.260, 8.701e-6
-1.261, 8.796e-6
-1.262, 8.959e-6
-1.263, 9.131e-6
-1.264, 9.267e-6
-1.265, 9.523e-6
-1.266, 9.597e-6
-1.267, 9.787e-6
-1.268, 9.883e-6
-1.269, 1.008e-5
-1.270, 1.028e-5
-1.271, 1.043e-5
-1.272, 1.061e-5
-1.273, 1.076e-5
-1.274, 1.101e-5
-1.275, 1.118e-5
-1.276, 1.138e-5
-1.277, 1.156e-5
-1.278, 1.176e-5
-1.279, 1.194e-5
-1.280, 1.216e-5
-1.281, 1.237e-5
-1.282, 1.260e-5
-1.283, 1.282e-5
-1.284, 1.304e-5
-1.285, 1.327e-5
-1.286, 1.354e-5
-1.287, 1.380e-5
-1.288, 1.398e-5
-1.289, 1.421e-5
-1.290, 1.449e-5
-1.291, 1.467e-5
-1.292, 1.496e-5
-1.293, 1.521e-5
-1.294, 1.549e-5
-1.295, 1.581e-5
-1.296, 1.602e-5
-1.297, 1.630e-5
-1.298, 1.659e-5
-1.299, 1.691e-5
-1.300, 1.721e-5
-1.301, 1.747e-5
-1.302, 1.780e-5
-1.303, 1.809e-5
-1.304, 1.841e-5
-1.305, 1.870e-5
-1.306, 1.905e-5
-1.307, 1.936e-5
-1.308, 1.972e-5
-1.309, 2.003e-5
-1.310, 2.041e-5
-1.311, 2.073e-5
-1.312, 2.108e-5
-1.313, 2.140e-5
-1.314, 2.173e-5
-1.315, 2.213e-5
-1.316, 2.251e-5
-1.317, 2.282e-5
-1.318, 2.319e-5
-1.319, 2.357e-5
-1.320, 2.397e-5
-1.321, 2.435e-5
-1.322, 2.475e-5
-1.323, 2.510e-5
-1.324, 2.549e-5
-1.325, 2.596e-5
-1.326, 2.634e-5
-1.327, 2.673e-5
-1.328, 2.709e-5
-1.329, 2.750e-5
-1.330, 2.799e-5
-1.331, 2.835e-5
-1.332, 2.879e-5
-1.333, 2.920e-5
-1.334, 2.962e-5
-1.335, 3.008e-5
-1.336, 3.052e-5
-1.337, 3.093e-5
-1.338, 3.138e-5
-1.339, 3.175e-5
-1.340, 3.223e-5
-1.341, 3.267e-5
-1.342, 3.310e-5
-1.343, 3.356e-5
-1.344, 3.403e-5
-1.345, 3.445e-5
-1.346, 3.494e-5
-1.347, 3.536e-5
-1.348, 3.582e-5
-1.349, 3.621e-5
-1.350, 3.671e-5
-1.351, 3.719e-5
-1.352, 3.762e-5
-1.353, 3.807e-5
-1.354, 3.854e-5
-1.355, 3.902e-5
-1.356, 3.951e-5
-1.357, 3.995e-5
-1.358, 4.036e-5
-1.359, 4.086e-5
-1.360, 4.135e-5
-1.361, 4.180e-5
-1.362, 4.230e-5
-1.363, 4.270e-5
-1.364, 4.319e-5
-1.365, 4.367e-5
-1.366, 4.415e-5
-1.367, 4.464e-5
-1.368, 4.506e-5
-1.369, 4.552e-5
-1.370, 4.603e-5
-1.371, 4.650e-5
-1.372, 4.699e-5
-1.373, 4.747e-5
-1.374, 4.791e-5
-1.375, 4.844e-5
-1.376, 4.885e-5
-1.377, 4.936e-5
-1.378, 4.984e-5
-1.379, 5.029e-5
-1.380, 5.078e-5
-1.381, 5.128e-5
-1.382, 5.178e-5
-1.383, 5.226e-5
-1.384, 5.271e-5
-1.385, 5.324e-5
-1.386, 5.372e-5
-1.387, 5.420e-5
-1.388, 5.466e-5
-1.389, 5.520e-5
-1.390, 5.571e-5
-1.391, 5.617e-5
-1.392, 5.666e-5
-1.393, 5.715e-5
-1.394, 5.762e-5
-1.395, 5.820e-5
-1.396, 5.868e-5
-1.397, 5.924e-5
-1.398, 5.969e-5
-1.399, 6.019e-5
-1.400, 6.069e-5
-1.401, 6.119e-5
-1.402, 6.176e-5
-1.403, 6.218e-5
-1.404, 6.268e-5
-1.405, 6.326e-5
-1.406, 6.376e-5
-1.407, 6.425e-5
-1.408, 6.475e-5
-1.409, 6.529e-5
-1.410, 6.585e-5
-1.411, 6.635e-5
-1.412, 6.688e-5
-1.413, 6.737e-5
-1.414, 6.794e-5
-1.415, 6.846e-5
-1.416, 6.896e-5
-1.417, 6.953e-5
-1.418, 7.001e-5
-1.419, 7.065e-5
-1.420, 7.115e-5
-1.421, 7.171e-5
-1.422, 7.218e-5
-1.423, 7.271e-5
-1.424, 7.325e-5
-1.425, 7.380e-5
-1.426, 7.435e-5
-1.427, 7.488e-5
-1.428, 7.544e-5
-1.429, 7.598e-5
-1.430, 7.653e-5
-1.431, 7.709e-5
-1.432, 7.765e-5
-1.433, 7.824e-5
-1.434, 7.880e-5
-1.435, 7.934e-5
-1.436, 7.989e-5
-1.437, 8.046e-5
-1.438, 8.103e-5
-1.439, 8.159e-5
-1.440, 8.215e-5
-1.441, 8.276e-5
-1.442, 8.333e-5
-1.443, 8.386e-5
-1.444, 8.447e-5
-1.445, 8.505e-5
-1.446, 8.566e-5
-1.447, 8.625e-5
-1.448, 8.679e-5
-1.449, 8.733e-5
-1.450, 8.800e-5
-1.451, 8.853e-5
-1.452, 8.917e-5
-1.453, 8.970e-5
-1.454, 9.029e-5
-1.455, 9.090e-5
-1.456, 9.148e-5
-1.457, 9.213e-5
-1.458, 9.273e-5
-1.459, 9.330e-5
-1.460, 9.391e-5
-1.461, 9.454e-5
-1.462, 9.513e-5
-1.463, 9.569e-5
-1.464, 9.632e-5
-1.465, 9.696e-5
-1.466, 9.757e-5
-1.467, 9.816e-5
-1.468, 9.879e-5
-1.469, 9.939e-5
-1.470, 1.000e-4
-1.471, 1.007e-4
-1.472, 1.013e-4
-1.473, 1.019e-4
-1.474, 1.025e-4
-1.475, 1.031e-4
-1.476, 1.039e-4
-1.477, 1.045e-4
-1.478, 1.051e-4
-1.479, 1.058e-4
-1.480, 1.064e-4
-1.481, 1.071e-4
-1.482, 1.078e-4
-1.483, 1.085e-4
-1.484, 1.091e-4
-1.485, 1.099e-4
-1.486, 1.105e-4
-1.487, 1.112e-4
-1.488, 1.119e-4
-1.489, 1.126e-4
-1.490, 1.133e-4
-1.491, 1.140e-4
-1.492, 1.148e-4
-1.493, 1.154e-4
-1.494, 1.162e-4
-1.495, 1.169e-4
-1.496, 1.177e-4
-1.497, 1.184e-4
-1.498, 1.192e-4
-1.499, 1.199e-4
-1.500, 1.206e-4
-1.501, 1.214e-4
-1.502, 1.222e-4
-1.503, 1.230e-4
-1.504, 1.238e-4
-1.505, 1.246e-4
-1.506, 1.254e-4
-1.507, 1.262e-4
-1.508, 1.270e-4
-1.509, 1.278e-4
-1.510, 1.286e-4
-1.511, 1.295e-4
-1.512, 1.304e-4
-1.513, 1.313e-4
-1.514, 1.321e-4
-1.515, 1.330e-4
-1.516, 1.339e-4
-1.517, 1.348e-4
-1.518, 1.357e-4
-1.519, 1.367e-4
-1.520, 1.376e-4
-1.521, 1.385e-4
-1.522, 1.395e-4
-1.523, 1.406e-4
-1.524, 1.414e-4
-1.525, 1.424e-4
-1.526, 1.434e-4
-1.527, 1.444e-4
-1.528, 1.454e-4
-1.529, 1.464e-4
-1.530, 1.475e-4
-1.531, 1.486e-4
-1.532, 1.498e-4
-1.533, 1.508e-4
-1.534, 1.518e-4
-1.535, 1.530e-4
-1.536, 1.542e-4
-1.537, 1.554e-4
-1.538, 1.565e-4
-1.539, 1.577e-4
-1.540, 1.590e-4
-1.541, 1.602e-4
-1.542, 1.615e-4
-1.543, 1.627e-4
-1.544, 1.640e-4
-1.545, 1.653e-4
-1.546, 1.667e-4
-1.547, 1.681e-4
-1.548, 1.693e-4
-1.549, 1.708e-4
-1.550, 1.722e-4
-1.551, 1.737e-4
-1.552, 1.752e-4
-1.553, 1.766e-4
-1.554, 1.781e-4
-1.555, 1.797e-4
-1.556, 1.813e-4
-1.557, 1.828e-4
-1.558, 1.844e-4
-1.559, 1.860e-4
-1.560, 1.877e-4
-1.561, 1.895e-4
-1.562, 1.912e-4
-1.563, 1.929e-4
-1.564, 1.947e-4
-1.565, 1.965e-4
-1.566, 1.983e-4
-1.567, 2.002e-4
-1.568, 2.020e-4
-1.569, 2.040e-4
-1.570, 2.060e-4
-1.571, 2.079e-4
-1.572, 2.100e-4
-1.573, 2.121e-4
-1.574, 2.142e-4
-1.575, 2.163e-4
-1.576, 2.185e-4
-1.577, 2.208e-4
-1.578, 2.229e-4
-1.579, 2.253e-4
-1.580, 2.278e-4
-1.581, 2.303e-4
-1.582, 2.327e-4
-1.583, 2.352e-4
-1.584, 2.377e-4
-1.585, 2.403e-4
-1.586, 2.430e-4
-1.587, 2.457e-4
-1.588, 2.485e-4
-1.589, 2.513e-4
-1.590, 2.542e-4
-1.591, 2.571e-4
-1.592, 2.600e-4
-1.593, 2.630e-4
-1.594, 2.660e-4
-1.595, 2.691e-4
-1.596, 2.723e-4
-1.597, 2.756e-4
-1.598, 2.790e-4
-1.599, 2.824e-4
-1.600, 2.859e-4
-1.601, 2.895e-4
-1.602, 2.933e-4
-1.603, 2.969e-4
-1.604, 3.005e-4
-1.605, 3.044e-4
-1.606, 3.086e-4
-1.607, 3.128e-4
-1.608, 3.169e-4
-1.609, 3.212e-4
-1.610, 3.256e-4
-1.611, 3.299e-4
-1.612, 3.343e-4
-1.613, 3.392e-4
-1.614, 3.442e-4
-1.615, 3.490e-4
-1.616, 3.539e-4
-1.617, 3.589e-4
-1.618, 3.641e-4
-1.619, 3.695e-4
-1.620, 3.746e-4
-1.621, 3.793e-4
-1.622, 3.848e-4
-1.623, 3.907e-4
-1.624, 3.967e-4
-1.625, 4.015e-4
-1.626, 4.059e-4
-1.627, 4.113e-4
-1.628, 4.180e-4
-1.629, 4.247e-4
-1.630, 4.315e-4
-1.631, 4.383e-4
-1.632, 4.453e-4
-1.633, 4.528e-4
-1.634, 4.604e-4
-1.635, 4.682e-4
-1.636, 4.761e-4
-1.637, 4.841e-4
-1.638, 4.925e-4
-1.639, 5.014e-4
-1.640, 5.100e-4
-1.641, 5.188e-4
-1.642, 5.281e-4
-1.643, 5.377e-4
-1.644, 5.476e-4
-1.645, 5.572e-4
-1.646, 5.675e-4
-1.647, 5.783e-4
-1.648, 5.890e-4
-1.649, 6.002e-4
-1.650, 6.119e-4
-1.651, 6.238e-4
-1.652, 6.355e-4
-1.653, 6.477e-4
-1.654, 6.609e-4
-1.655, 6.736e-4
-1.656, 6.861e-4
-1.657, 6.999e-4
-1.658, 7.147e-4
-1.659, 7.298e-4
-1.660, 7.453e-4
-1.661, 7.607e-4
-1.662, 7.765e-4
-1.663, 7.919e-4
-1.664, 8.085e-4
-1.665, 8.246e-4
-1.666, 8.420e-4
-1.667, 8.595e-4
-1.668, 8.773e-4
-1.669, 8.960e-4
-1.670, 9.176e-4
-1.671, 9.385e-4
-1.672, 9.590e-4
-1.673, 9.798e-4
-1.674, 1.002e-3
-1.675, 1.025e-3
-1.676, 1.049e-3
-1.677, 1.072e-3
-1.678, 1.097e-3
-1.679, 1.123e-3
-1.680, 1.150e-3
-1.681, 1.175e-3
-1.682, 1.201e-3
-1.683, 1.230e-3
-1.684, 1.260e-3
-1.685, 1.292e-3
-1.686, 1.321e-3
-1.687, 1.350e-3
-1.688, 1.382e-3
-1.689, 1.417e-3
-1.690, 1.453e-3
-1.691, 1.486e-3
-1.692, 1.522e-3
-1.693, 1.560e-3
-1.694, 1.597e-3
-1.695, 1.634e-3
-1.696, 1.674e-3
-1.697, 1.718e-3
-1.698, 1.759e-3
-1.699, 1.797e-3
-1.700, 1.814e-3
-1.699, 1.804e-3
-1.698, 1.789e-3
-1.697, 1.773e-3
-1.696, 1.757e-3
-1.695, 1.739e-3
-1.694, 1.721e-3
-1.693, 1.702e-3
-1.692, 1.682e-3
-1.691, 1.663e-3
-1.690, 1.643e-3
-1.689, 1.621e-3
-1.688, 1.601e-3
-1.687, 1.581e-3
-1.686, 1.560e-3
-1.685, 1.538e-3
-1.684, 1.518e-3
-1.683, 1.497e-3
-1.682, 1.476e-3
-1.681, 1.456e-3
-1.680, 1.436e-3
-1.679, 1.414e-3
-1.678, 1.392e-3
-1.677, 1.371e-3
-1.676, 1.350e-3
-1.675, 1.331e-3
-1.674, 1.311e-3
-1.673, 1.291e-3
-1.672, 1.271e-3
-1.671, 1.250e-3
-1.670, 1.230e-3
-1.669, 1.212e-3
-1.668, 1.192e-3
-1.667, 1.173e-3
-1.666, 1.155e-3
-1.665, 1.136e-3
-1.664, 1.117e-3
-1.663, 1.099e-3
-1.662, 1.081e-3
-1.661, 1.063e-3
-1.660, 1.045e-3
-1.659, 1.028e-3
-1.658, 1.011e-3
-1.657, 9.939e-4
-1.656, 9.768e-4
-1.655, 9.593e-4
-1.654, 9.434e-4
-1.653, 9.277e-4
-1.652, 9.112e-4
-1.651, 8.956e-4
-1.650, 8.805e-4
-1.649, 8.652e-4
-1.648, 8.504e-4
-1.647, 8.359e-4
-1.646, 8.216e-4
-1.645, 8.075e-4
-1.644, 7.932e-4
-1.643, 7.799e-4
-1.642, 7.673e-4
-1.641, 7.536e-4
-1.640, 7.407e-4
-1.639, 7.277e-4
-1.638, 7.150e-4
-1.637, 7.031e-4
-1.636, 6.903e-4
-1.635, 6.779e-4
-1.634, 6.669e-4
-1.633, 6.554e-4
-1.632, 6.441e-4
-1.631, 6.327e-4
-1.630, 6.217e-4
-1.629, 6.104e-4
-1.628, 6.000e-4
-1.627, 5.903e-4
-1.626, 5.802e-4
-1.625, 5.700e-4
-1.624, 5.602e-4
-1.623, 5.504e-4
-1.622, 5.404e-4
-1.621, 5.310e-4
-1.620, 5.224e-4
-1.619, 5.133e-4
-1.618, 5.042e-4
-1.617, 4.957e-4
-1.616, 4.870e-4
-1.615, 4.790e-4
-1.614, 4.709e-4
-1.613, 4.628e-4
-1.612, 4.550e-4
-1.611, 4.472e-4
-1.610, 4.396e-4
-1.609, 4.321e-4
-1.608, 4.248e-4
-1.607, 4.178e-4
-1.606, 4.108e-4
-1.605, 4.041e-4
-1.604, 3.975e-4
-1.603, 3.908e-4
-1.602, 3.843e-4
-1.601, 3.778e-4
-1.600, 3.717e-4
-1.599, 3.655e-4
-1.598, 3.595e-4
-1.597, 3.536e-4
-1.596, 3.478e-4
-1.595, 3.423e-4
-1.594, 3.369e-4
-1.593, 3.313e-4
-1.592, 3.261e-4
-1.591, 3.207e-4
-1.590, 3.157e-4
-1.589, 3.107e-4
-1.588, 3.057e-4
-1.587, 3.008e-4
-1.586, 2.962e-4
-1.585, 2.915e-4
-1.584, 2.869e-4
-1.583, 2.826e-4
-1.582, 2.784e-4
-1.581, 2.741e-4
-1.580, 2.700e-4
-1.579, 2.659e-4
-1.578, 2.618e-4
-1.577, 2.578e-4
-1.576, 2.539e-4
-1.575, 2.501e-4
-1.574, 2.464e-4
-1.573, 2.428e-4
-1.572, 2.391e-4
-1.571, 2.354e-4
-1.570, 2.321e-4
-1.569, 2.286e-4
-1.568, 2.253e-4
-1.567, 2.219e-4
-1.566, 2.186e-4
-1.565, 2.155e-4
-1.564, 2.124e-4
-1.563, 2.094e-4
-1.562, 2.064e-4
-1.561, 2.034e-4
-1.560, 2.005e-4
-1.559, 1.975e-4
-1.558, 1.947e-4
-1.557, 1.920e-4
-1.556, 1.893e-4
-1.555, 1.867e-4
-1.554, 1.842e-4
-1.553, 1.816e-4
-1.552, 1.791e-4
-1.551, 1.765e-4
-1.550, 1.741e-4
-1.549, 1.717e-4
-1.548, 1.694e-4
-1.547, 1.672e-4
-1.546, 1.648e-4
-1.545, 1.626e-4
-1.544, 1.603e-4
-1.543, 1.582e-4
-1.542, 1.561e-4
-1.541, 1.541e-4
-1.540, 1.522e-4
-1.539, 1.501e-4
-1.538, 1.481e-4
-1.537, 1.461e-4
-1.536, 1.442e-4
-1.535, 1.424e-4
-1.534, 1.405e-4
-1.533, 1.387e-4
-1.532, 1.369e-4
-1.531, 1.352e-4
-1.530, 1.335e-4
-1.529, 1.317e-4
-1.528, 1.301e-4
-1.527, 1.284e-4
-1.526, 1.268e-4
-1.525, 1.254e-4
-1.524, 1.237e-4
-1.523, 1.222e-4
-1.522, 1.206e-4
-1.521, 1.190e-4
-1.520, 1.176e-4
-1.519, 1.161e-4
-1.518, 1.146e-4
-1.517, 1.133e-4
-1.516, 1.118e-4
-1.515, 1.104e-4
-1.514, 1.091e-4
-1.513, 1.077e-4
-1.512, 1.064e-4
-1.511, 1.051e-4
-1.510, 1.038e-4
-1.509, 1.026e-4
-1.508, 1.013e-4
-1.507, 1.001e-4
-1.506, 9.887e-5
-1.505, 9.771e-5
-1.504, 9.650e-5
-1.503, 9.546e-5
-1.502, 9.423e-5
-1.501, 9.311e-5
-1.500, 9.203e-5
-1.499, 9.090e-5
-1.498, 8.979e-5
-1.497, 8.867e-5
-1.496, 8.765e-5
-1.495, 8.665e-5
-1.494, 8.560e-5
-1.493, 8.458e-5
-1.492, 8.355e-5
-1.491, 8.253e-5
-1.490, 8.167e-5
-1.489, 8.059e-5
-1.488, 7.967e-5
-1.487, 7.872e-5
-1.486, 7.780e-5
-1.485, 7.686e-5
-1.484, 7.598e-5
-1.483, 7.508e-5
-1.482, 7.419e-5
-1.481, 7.333e-5
-1.480, 7.249e-5
-1.479, 7.166e-5
-1.478, 7.076e-5
-1.477, 6.999e-5
-1.476, 6.917e-5
-1.475, 6.835e-5
-1.474, 6.757e-5
-1.473, 6.679e-5
-1.472, 6.600e-5
-1.471, 6.530e-5
-1.470, 6.449e-5
-1.469, 6.386e-5
-1.468, 6.308e-5
-1.467, 6.232e-5
-1.466, 6.158e-5
-1.465, 6.087e-5
-1.464, 6.025e-5
-1.463, 5.954e-5
-1.462, 5.882e-5
-1.461, 5.814e-5
-1.460, 5.751e-5
-1.459, 5.680e-5
-1.458, 5.622e-5
-1.457, 5.557e-5
-1.456, 5.501e-5
-1.455, 5.434e-5
-1.454, 5.369e-5
-1.453, 5.313e-5
-1.452, 5.246e-5
-1.451, 5.187e-5
-1.450, 5.127e-5
-1.449, 5.066e-5
-1.448, 5.013e-5
-1.447, 4.955e-5
-1.446, 4.893e-5
-1.445, 4.841e-5
-1.444, 4.785e-5
-1.443, 4.729e-5
-1.442, 4.673e-5
-1.441, 4.617e-5
-1.440, 4.562e-5
-1.439, 4.516e-5
-1.438, 4.456e-5
-1.437, 4.410e-5
-1.436, 4.359e-5
-1.435, 4.307e-5
-1.434, 4.255e-5
-1.433, 4.203e-5
-1.432, 4.155e-5
-1.431, 4.105e-5
-1.430, 4.054e-5
-1.429, 4.008e-5
-1.428, 3.963e-5
-1.427, 3.910e-5
-1.426, 3.865e-5
-1.425, 3.818e-5
-1.424, 3.775e-5
-1.423, 3.730e-5
-1.422, 3.680e-5
-1.421, 3.639e-5
-1.420, 3.597e-5
-1.419, 3.550e-5
-1.418, 3.512e-5
-1.417, 3.469e-5
-1.416, 3.456e-5
-1.415, 3.403e-5
-1.414, 3.352e-5
-1.413, 3.321e-5
-1.412, 3.273e-5
-1.411, 3.231e-5
-1.410, 3.191e-5
-1.409, 3.147e-5
-1.408, 3.113e-5
-1.407, 3.069e-5
-1.406, 3.028e-5
-1.405, 2.993e-5
-1.404, 2.953e-5
-1.403, 2.916e-5
-1.402, 2.875e-5
-1.401, 2.839e-5
-1.400, 2.801e-5
-1.399, 2.766e-5
-1.398, 2.729e-5
-1.397, 2.692e-5
-1.396, 2.659e-5
-1.395, 2.621e-5
-1.394, 2.588e-5
-1.393, 2.553e-5
-1.392, 2.520e-5
-1.391, 2.486e-5
-1.390, 2.448e-5
-1.389, 2.431e-5
-1.388, 2.397e-5
-1.387, 2.357e-5
-1.386, 2.326e-5
-1.385, 2.290e-5
-1.384, 2.261e-5
-1.383, 2.227e-5
-1.382, 2.189e-5
-1.381, 2.163e-5
-1.380, 2.134e-5
-1.379, 2.100e-5
-1.378, 2.071e-5
-1.377, 2.041e-5
-1.376, 2.012e-5
-1.375, 1.983e-5
-1.374, 1.953e-5
-1.373, 1.920e-5
-1.372, 1.888e-5
-1.371, 1.864e-5
-1.370, 1.836e-5
-1.369, 1.806e-5
-1.368, 1.777e-5
-1.367, 1.749e-5
-1.366, 1.721e-5
-1.365, 1.695e-5
-1.364, 1.668e-5
-1.363, 1.640e-5
-1.362, 1.612e-5
-1.361, 1.589e-5
-1.360, 1.560e-5
-1.359, 1.537e-5
-1.358, 1.508e-5
-1.357, 1.482e-5
-1.356, 1.455e-5
-1.355, 1.433e-5
-1.354, 1.410e-5
-1.353, 1.381e-5
-1.352, 1.352e-5
-1.351, 1.335e-5
-1.350, 1.305e-5
-1.349, 1.285e-5
-1.348, 1.258e-5
-1.347, 1.234e-5
-1.346, 1.216e-5
-1.345, 1.189e-5
-1.344, 1.169e-5
-1.343, 1.145e-5
-1.342, 1.120e-5
-1.341, 1.097e-5
-1.340, 1.077e-5
-1.339, 1.055e-5
-1.338, 1.033e-5
-1.337, 1.012e-5
-1.336, 9.908e-6
-1.335, 9.738e-6
-1.334, 9.490e-6
-1.333, 9.325e-6
-1.332, 9.073e-6
-1.331, 8.868e-6
-1.330, 8.674e-6
-1.329, 8.451e-6
-1.328, 8.295e-6
-1.327, 8.072e-6
-1.326, 7.897e-6
-1.325, 7.693e-6
-1.324, 7.520e-6
-1.323, 7.294e-6
-1.322, 7.134e-6
-1.321, 6.940e-6
-1.320, 6.792e-6
-1.319, 6.597e-6
-1.318, 6.430e-6
-1.317, 6.223e-6
-1.316, 6.059e-6
-1.315, 5.882e-6
-1.314, 5.745e-6
-1.313, 5.547e-6
-1.312, 5.401e-6
-1.311, 5.188e-6
-1.310, 5.087e-6
-1.309, 4.939e-6
-1.308, 4.765e-6
-1.307, 4.550e-6
-1.306, 4.386e-6
-1.305, 4.268e-6
-1.304, 4.148e-6
-1.303, 3.990e-6
-1.302, 3.844e-6
-1.301, 3.717e-6
-1.300, 3.600e-6
-1.299, 3.441e-6
-1.298, 3.327e-6
-1.297, 3.131e-6
-1.296, 3.026e-6
-1.295, 2.888e-6
-1.294, 2.742e-6
-1.293, 2.672e-6
-1.292, 2.488e-6
-1.291, 2.376e-6
-1.290, 2.269e-6
-1.289, 2.114e-6
-1.288, 2.024e-6
-1.287, 1.889e-6
-1.286, 1.780e-6
-1.285, 1.654e-6
-1.284, 1.557e-6
-1.283, 1.468e-6
-1.282, 1.331e-6
-1.281, 1.208e-6
-1.280, 1.130e-6
-1.279, 1.018e-6
-1.278, 9.065e-7
-1.277, 7.763e-7
-1.276, 6.796e-7
-1.275, 5.977e-7
-1.274, 5.178e-7
-1.273, 4.161e-7
-1.272, 3.214e-7
-1.271, 2.386e-7
-1.270, 1.083e-7
-1.269, 6.788e-8
-1.268, -1.500e-8
-1.267, -1.363e-7
-1.266, -2.449e-7
-1.265, -3.435e-7
-1.264, -3.544e-7
-1.263, -4.787e-7
-1.262, -5.310e-7
-1.261, -6.089e-7
-1.260, -6.938e-7
-1.259, -7.697e-7
-1.258, -8.418e-7
-1.257, -9.315e-7
-1.256, -9.700e-7
-1.255, -1.074e-6
-1.254, -1.147e-6
-1.253, -1.194e-6
-1.252, -1.247e-6
-1.251, -1.343e-6
-1.250, -1.385e-6
-1.249, -1.475e-6
-1.248, -1.517e-6
-1.247, -1.574e-6
-1.246, -1.691e-6
-1.245, -1.674e-6
-1.244, -1.763e-6
-1.243, -1.861e-6
-1.242, -1.840e-6
-1.241, -1.956e-6
-1.240, -1.953e-6
-1.239, -2.026e-6
-1.238, -2.129e-6
-1.237, -2.117e-6
-1.236, -2.187e-6
-1.235, -2.279e-6
-1.234, -2.322e-6
-1.233, -2.340e-6
-1.232, -2.387e-6
-1.231, -2.435e-6
-1.230, -2.509e-6
-1.229, -2.535e-6
-1.228, -2.565e-6
-1.227, -2.613e-6
-1.226, -2.663e-6
-1.225, -2.709e-6
-1.224, -2.767e-6
-1.223, -2.797e-6
-1.222, -2.825e-6
-1.221, -2.864e-6
-1.220, -2.873e-6
-1.219, -2.949e-6
-1.218, -2.954e-6
-1.217, -3.036e-6
-1.216, -3.086e-6
-1.215, -3.074e-6
-1.214, -3.112e-6
-1.213, -3.144e-6
-1.212, -3.196e-6
-1.211, -3.218e-6
-1.210, -3.257e-6
-1.209, -3.300e-6
-1.208, -3.311e-6
-1.207, -3.316e-6
-1.206, -3.430e-6
-1.205, -3.403e-6
-1.204, -3.425e-6
-1.203, -3.490e-6
-1.202, -3.487e-6
-1.201, -3.572e-6
-1.200, -3.574e-6
-1.199, -3.582e-6
-1.198, -3.628e-6
-1.197, -3.628e-6
-1.196, -3.682e-6
-1.195, -3.715e-6
-1.194, -3.737e-6
-1.193, -3.740e-6
-1.192, -3.763e-6
-1.191, -3.822e-6
-1.190, -3.829e-6
-1.189, -3.856e-6
-1.188, -3.883e-6
-1.187, -3.915e-6
-1.186, -3.929e-6
-1.185, -3.968e-6
-1.184, -3.988e-6
-1.183, -4.007e-6
-1.182, -4.035e-6
-1.181, -4.057e-6
-1.180, -4.058e-6
-1.179, -4.086e-6
-1.178, -4.125e-6
-1.177, -4.176e-6
-1.176, -4.190e-6
-1.175, -4.224e-6
-1.174, -4.226e-6
-1.173, -4.265e-6
-1.172, -4.272e-6
-1.171, -4.327e-6
-1.170, -4.317e-6
-1.169, -4.344e-6
-1.168, -4.364e-6
-1.167, -4.391e-6
-1.166, -4.419e-6
-1.165, -4.415e-6
-1.164, -4.449e-6
-1.163, -4.504e-6
-1.162, -4.493e-6
-1.161, -4.558e-6
-1.160, -4.587e-6
-1.159, -4.596e-6
-1.158, -4.625e-6
-1.157, -4.644e-6
-1.156, -4.665e-6
-1.155, -4.694e-6
-1.154, -4.672e-6
-1.153, -4.739e-6
-1.152, -4.764e-6
-1.151, -4.822e-6
-1.150, -4.818e-6
-1.149, -4.812e-6
-1.148, -4.864e-6
-1.147, -4.901e-6
-1.146, -4.938e-6
-1.145, -4.946e-6
-1.144, -4.960e-6
-1.143, -5.010e-6
-1.142, -5.048e-6
-1.141, -5.065e-6
-1.140, -5.081e-6
-1.139, -5.094e-6
-1.138, -5.141e-6
-1.137, -5.172e-6
-1.136, -5.212e-6
-1.135, -5.224e-6
-1.134, -5.304e-6
-1.133, -5.268e-6
-1.132, -5.298e-6
-1.131, -5.361e-6
-1.130, -5.362e-6
-1.129, -5.420e-6
-1.128, -5.467e-6
-1.127, -5.485e-6
-1.126, -5.552e-6
-1.125, -5.532e-6
-1.124, -5.564e-6
-1.123, -5.627e-6
-1.122, -5.672e-6
-1.121, -5.719e-6
-1.120, -5.717e-6
-1.119, -5.729e-6
-1.118, -5.817e-6
-1.117, -5.813e-6
-1.116, -5.882e-6
-1.115, -5.942e-6
-1.114, -5.928e-6
-1.113, -6.043e-6
-1.112, -6.009e-6
-1.111, -6.058e-6
-1.110, -6.128e-6
-1.109, -6.165e-6
-1.108, -6.209e-6
-1.107, -6.271e-6
-1.106, -6.332e-6
-1.105, -6.335e-6
-1.104, -6.362e-6
-1.103, -6.455e-6
-1.102, -6.463e-6
-1.101, -6.540e-6
-1.100, -6.584e-6
-1.099, -6.584e-6
-1.098, -6.667e-6
-1.097, -6.749e-6
-1.096, -6.807e-6
-1.095, -6.830e-6
-1.094, -6.881e-6
-1.093, -6.934e-6
-1.092, -6.969e-6
-1.091, -7.044e-6
-1.090, -7.074e-6
-1.089, -7.168e-6
-1.088, -7.231e-6
-1.087, -7.279e-6
-1.086, -7.321e-6
-1.085, -7.345e-6
-1.084, -7.428e-6
-1.083, -7.463e-6
-1.082, -7.541e-6
-1.081, -7.638e-6
-1.080, -7.680e-6
-1.079, -7.741e-6
-1.078, -7.818e-6
-1.077, -7.882e-6
-1.076, -7.947e-6
-1.075, -8.034e-6
-1.074, -8.065e-6
-1.073, -8.170e-6
-1.072, -8.201e-6
-1.071, -8.268e-6
-1.070, -8.398e-6
-1.069, -8.398e-6
-1.068, -8.483e-6
-1.067, -8.574e-6
-1.066, -8.643e-6
-1.065, -8.759e-6
-1.064, -8.781e-6
-1.063, -8.871e-6
-1.062, -8.938e-6
-1.061, -9.029e-6
-1.060, -9.110e-6
-1.059, -9.190e-6
-1.058, -9.281e-6
-1.057, -9.367e-6
-1.056, -9.456e-6
-1.055, -9.537e-6
-1.054, -9.597e-6
-1.053, -9.685e-6
-1.052, -9.760e-6
-1.051, -9.904e-6
-1.050, -9.941e-6
-1.049, -1.002e-5
-1.048, -1.013e-5
-1.047, -1.019e-5
-1.046, -1.032e-5
-1.045, -1.037e-5
-1.044, -1.048e-5
-1.043, -1.060e-5
-1.042, -1.066e-5
-1.041, -1.080e-5
-1.040, -1.083e-5
-1.039, -1.092e-5
-1.038, -1.102e-5
-1.037, -1.112e-5
-1.036, -1.125e-5
-1.035, -1.131e-5
-1.034, -1.141e-5
-1.033, -1.151e-5
-1.032, -1.158e-5
-1.031, -1.168e-5
-1.030, -1.178e-5
-1.029, -1.182e-5
-1.028, -1.193e-5
-1.027, -1.200e-5
-1.026, -1.210e-5
-1.025, -1.219e-5
-1.024, -1.228e-5
-1.023, -1.233e-5
-1.022, -1.243e-5
-1.021, -1.255e-5
-1.020, -1.255e-5
-1.019, -1.266e-5
-1.018, -1.270e-5
-1.017, -1.281e-5
-1.016, -1.285e-5
-1.015, -1.288e-5
-1.014, -1.296e-5
-1.013, -1.302e-5
-1.012, -1.306e-5
-1.011, -1.319e-5
-1.010, -1.318e-5
-1.009, -1.323e-5
-1.008, -1.327e-5
-1.007, -1.328e-5
-1.006, -1.339e-5
-1.005, -1.339e-5
-1.004, -1.337e-5
-1.003, -1.341e-5
-1.002, -1.345e-5
-1.001, -1.352e-5
-1.000, -1.021e-5
-1.001, -8.546e-6
-1.002, -7.605e-6
-1.003, -6.926e-6
-1.004, -6.286e-6
-1.005, -5.714e-6
-1.006, -5.228e-6
-1.007, -4.772e-6
-1.008, -4.405e-6
-1.009, -4.035e-6
-1.010, -3.679e-6
-1.011, -3.330e-6
-1.012, -3.056e-6
-1.013, -2.767e-6
-1.014, -2.484e-6
-1.015, -2.262e-6
-1.016, -2.033e-6
-1.017, -1.828e-6
-1.018, -1.564e-6
-1.019, -1.420e-6
-1.020, -1.226e-6
-1.021, -1.033e-6
-1.022, -8.970e-7
-1.023, -6.888e-7
-1.024, -5.586e-7
-1.025, -4.106e-7
-1.026, -2.429e-7
-1.027, -1.324e-7
-1.028, -3.157e-9
-1.029, 1.172e-7
-1.030, 1.813e-7
-1.031, 3.441e-7
-1.032, 4.280e-7
-1.033, 5.385e-7
-1.034, 6.411e-7
-1.035, 7.200e-7
-1.036, 8.522e-7
-1.037, 9.025e-7
-1.038, 1.029e-6
-1.039, 1.066e-6
-1.040, 1.153e-6
-1.041, 1.249e-6
-1.042, 1.316e-6
-1.043, 1.384e-6
-1.044, 1.435e-6
-1.045, 1.536e-6
-1.046, 1.566e-6
-1.047, 1.651e-6
-1.048, 1.668e-6
-1.049, 1.695e-6
-1.050, 1.772e-6
-1.051, 1.832e-6
-1.052, 1.866e-6
-1.053, 1.966e-6
-1.054, 1.954e-6
-1.055, 2.009e-6
-1.056, 2.073e-6
-1.057, 2.089e-6
-1.058, 2.143e-6
-1.059, 2.152e-6
-1.060, 2.218e-6
-1.061, 2.266e-6
-1.062, 2.294e-6
-1.063, 2.340e-6
-1.064, 2.345e-6
-1.065, 2.383e-6
-1.066, 2.421e-6
-1.067, 2.407e-6
-1.068, 2.457e-6
-1.069, 2.501e-6
-1.070, 2.523e-6
-1.071, 2.571e-6
-1.072, 2.571e-6
-1.073, 2.598e-6
-1.074, 2.623e-6
-1.075, 2.657e-6
-1.076, 2.712e-6
-1.077, 2.700e-6
-1.078, 2.716e-6
-1.079, 2.727e-6
-1.080, 2.766e-6
-1.081, 2.785e-6
-1.082, 2.818e-6
-1.083, 2.788e-6
-1.084, 2.795e-6
-1.085, 2.857e-6
-1.086, 2.868e-6
-1.087, 2.882e-6
-1.088, 2.899e-6
-1.089, 2.867e-6
-1.090, 2.952e-6
-1.091, 2.925e-6
-1.092, 2.925e-6
-1.093, 2.953e-6
-1.094, 2.939e-6
-1.095, 2.981e-6
-1.096, 2.950e-6
-1.097, 2.972e-6
-1.098, 3.007e-6
-1.099, 2.995e-6
-1.100, 3.025e-6
-1.101, 3.019e-6
-1.102, 3.017e-6
-1.103, 3.060e-6
-1.104, 3.032e-6
-1.105, 3.048e-6
-1.106, 3.066e-6
-1.107, 3.063e-6
-1.108, 3.102e-6
-1.109, 3.073e-6
-1.110, 3.104e-6
-1.111, 3.094e-6
-1.112, 3.086e-6
-1.113, 3.103e-6
-1.114, 3.116e-6
-1.115, 3.113e-6
-1.116, 3.104e-6
-1.117, 3.134e-6
-1.118, 3.139e-6
-1.119, 3.153e-6
-1.120, 3.179e-6
-1.121, 3.164e-6
-1.122, 3.176e-6
-1.123, 3.130e-6
-1.124, 3.161e-6
-1.125, 3.187e-6
-1.126, 3.171e-6
-1.127, 3.250e-6
-1.128, 3.234e-6
-1.129, 3.219e-6
-1.130, 3.243e-6
-1.131, 3.237e-6
-1.132, 3.208e-6
-1.133, 3.256e-6
-1.134, 3.206e-6
-1.135, 3.259e-6
-1.136, 3.237e-6
-1.137, 3.252e-6
-1.138, 3.293e-6
-1.139, 3.230e-6
-1.140, 3.260e-6
-1.141, 3.310e-6
-1.142, 3.290e-6
-1.143, 3.302e-6
-1.144, 3.274e-6
-1.145, 3.296e-6
-1.146, 3.331e-6
-1.147, 3.317e-6
-1.148, 3.320e-6
-1.149, 3.333e-6
-1.150, 3.357e-6
-1.151, 3.360e-6
-1.152, 3.370e-6
-1.153, 3.370e-6
-1.154, 3.367e-6
-1.155, 3.373e-6
-1.156, 3.405e-6
-1.157, 3.424e-6
-1.158, 3.410e-6
-1.159, 3.434e-6
-1.160, 3.453e-6
-1.161, 3.468e-6
-1.162, 3.486e-6
-1.163, 3.479e-6
-1.164, 3.458e-6
-1.165, 3.519e-6
-1.166, 3.507e-6
-1.167, 3.545e-6
-1.168, 3.557e-6
-1.169, 3.547e-6
-1.170, 3.626e-6
-1.171, 3.593e-6
-1.172, 3.633e-6
-1.173, 3.638e-6
-1.174, 3.673e-6
-1.175, 3.688e-6
-1.176, 3.703e-6
-1.177, 3.729e-6
-1.178, 3.802e-6
-1.179, 3.756e-6
-1.180, 3.769e-6
-1.181, 3.808e-6
-1.182, 3.847e-6
-1.183, 3.879e-6
-1.184, 3.880e-6
-1.185, 3.888e-6
-1.186, 3.946e-6
-1.187, 3.989e-6
-1.188, 3.993e-6
-1.189, 4.002e-6
-1.190, 4.069e-6
-1.191, 4.119e-6
-1.192, 4.132e-6
-1.193, 4.168e-6
-1.194, 4.219e-6
-1.195, 4.260e-6
-1.196, 4.269e-6
-1.197, 4.296e-6
-1.198, 4.368e-6
-1.199, 4.394e-6
-1.200, 4.412e-6
-1.201, 4.466e-6
-1.202, 4.548e-6
-1.203, 4.554e-6
-1.204, 4.595e-6
-1.205, 4.670e-6
-1.206, 4.720e-6
-1.207, 4.770e-6
-1.208, 4.795e-6
-1.209, 4.865e-6
-1.210, 4.924e-6
-1.211, 4.978e-6
-1.212, 5.005e-6
-1.213, 5.096e-6
-1.214, 5.101e-6
-1.215, 5.219e-6
-1.216, 5.249e-6
-1.217, 5.319e-6
-1.218, 5.395e-6
-1.219, 5.411e-6
-1.220, 5.501e-6
-1.221, 5.551e-6
-1.222, 5.629e-6
-1.223, 5.738e-6
-1.224, 5.762e-6
-1.225, 5.853e-6
-1.226, 5.894e-6
-1.227, 5.977e-6
-1.228, 6.082e-6
-1.229, 6.179e-6
-1.230, 6.270e-6
-1.231, 6.363e-6
-1.232, 6.422e-6
-1.233, 6.500e-6
-1.234, 6.585e-6
-1.235, 6.695e-6
-1.236, 6.803e-6
-1.237, 6.907e-6
-1.238, 7.029e-6
-1.239, 7.088e-6
-1.240, 7.202e-6
-1.241, 7.344e-6
-1.242, 7.434e-6
-1.243, 7.602e-6
-1.244, 7.690e-6
-1.245, 7.843e-6
-1.246, 7.964e-6
-1.247, 8.033e-6
-1.248, 8.192e-6
-1.249, 8.319e-6
-1.250, 8.501e-6
-1.251, 8.600e-6
-1.252, 8.797e-6
-1.253, 8.911e-6
-1.254, 9.053e-6
-1.255, 9.214e-6
-1.256, 9.389e-6
-1.257, 9.554e-6
-1.258, 9.733e-6
-1.259, 9.879e-6
-1.260, 1.006e-5
-1.261, 1.027e-5
-1.262, 1.043e-5
-1.263, 1.065e-5
-1.264, 1.079e-5
-1.265, 1.101e-5
-1.266, 1.126e-5
-1.267, 1.143e-5
-1.268, 1.161e-5
-1.269, 1.184e-5
-1.270, 1.204e-5
-1.271, 1.229e-5
-1.272, 1.250e-5
-1.273, 1.275e-5
-1.274, 1.298e-5
-1.275, 1.322e-5
-1.276, 1.346e-5
-1.277, 1.376e-5
-1.278, 1.398e-5
-1.279, 1.424e-5
-1.280, 1.454e-5
-1.281, 1.482e-5
-1.282, 1.507e-5
-1.283, 1.535e-5
-1.284, 1.564e-5
-1.285, 1.594e-5
-1.286, 1.624e-5
-1.287, 1.654e-5
-1.288, 1.687e-5
-1.289, 1.717e-5
-1.290, 1.753e-5
-1.291, 1.783e-5
-1.292, 1.816e-5
-1.293, 1.854e-5
-1.294, 1.881e-5
-1.295, 1.921e-5
-1.296, 1.956e-5
-1.297, 1.989e-5
-1.298, 2.033e-5
-1.299, 2.067e-5
-1.300, 2.102e-5
-1.301, 2.144e-5
-1.302, 2.187e-5
-1.303, 2.225e-5
-1.304, 2.267e-5
-1.305, 2.305e-5
-1.306, 2.352e-5
-1.307, 2.393e-5
-1.308, 2.435e-5
-1.309, 2.477e-5
-1.310, 2.520e-5
-1.311, 2.566e-5
-1.312, 2.610e-5
-1.313, 2.660e-5
-1.314, 2.701e-5
-1.315, 2.749e-5
-1.316, 2.798e-5
-1.317, 2.847e-5
-1.318, 2.897e-5
-1.319, 2.943e-5
-1.320, 2.995e-5
-1.321, 3.046e-5
-1.322, 3.097e-5
-1.323, 3.146e-5
-1.324, 3.192e-5
-1.325, 3.250e-5
-1.326, 3.306e-5
-1.327, 3.360e-5
-1.328, 3.412e-5
-1.329, 3.466e-5
-1.330, 3.517e-5
-1.331, 3.578e-5
-1.332, 3.630e-5
-1.333, 3.686e-5
-1.334, 3.743e-5
-1.335, 3.805e-5
-1.336, 3.852e-5
-1.337, 3.910e-5
-1.338, 3.970e-5
-1.339, 4.025e-5
-1.340, 4.080e-5
-1.341, 4.138e-5
-1.342, 4.195e-5
-1.343, 4.260e-5
-1.344, 4.312e-5
-1.345, 4.374e-5
-1.346, 4.433e-5
-1.347, 4.494e-5
-1.348, 4.554e-5
-1.349, 4.611e-5
-1.350, 4.670e-5
-1.351, 4.730e-5
-1.352, 4.790e-5
-1.353, 4.848e-5
-1.354, 4.913e-5
-1.355, 4.969e-5
-1.356, 5.034e-5
-1.357, 5.091e-5
-1.358, 5.157e-5
-1.359, 5.214e-5
-1.360, 5.275e-5
-1.361, 5.335e-5
-1.362, 5.397e-5
-1.363, 5.460e-5
-1.364, 5.516e-5
-1.365, 5.579e-5
-1.366, 5.639e-5
-1.367, 5.703e-5
-1.368, 5.760e-5
-1.369, 5.823e-5
-1.370, 5.887e-5
-1.371, 5.945e-5
-1.372, 6.002e-5
-1.373, 6.069e-5
-1.374, 6.121e-5
-1.375, 6.188e-5
-1.376, 6.251e-5
-1.377, 6.308e-5
-1.378, 6.373e-5
-1.379, 6.424e-5
-1.380, 6.487e-5
-1.381, 6.553e-5
-1.382, 6.612e-5
-1.383, 6.674e-5
-1.384, 6.731e-5
-1.385, 6.793e-5
-1.386, 6.854e-5
-1.387, 6.916e-5
-1.388, 6.977e-5
-1.389, 7.028e-5
-1.390, 7.095e-5
-1.391, 7.155e-5
-1.392, 7.215e-5
-1.393, 7.275e-5
-1.394, 7.335e-5
-1.395, 7.393e-5
-1.396, 7.460e-5
-1.397, 7.513e-5
-1.398, 7.575e-5
-1.399, 7.634e-5
-1.400, 7.698e-5
-1.401, 7.755e-5
-1.402, 7.820e-5
-1.403, 7.875e-5
-1.404, 7.934e-5
-1.405, 7.997e-5
-1.406, 8.055e-5
-1.407, 8.118e-5
-1.408, 8.182e-5
-1.409, 8.240e-5
-1.410, 8.301e-5
-1.411, 8.359e-5
-1.412, 8.426e-5
-1.413, 8.482e-5
-1.414, 8.540e-5
-1.415, 8.604e-5
-1.416, 8.664e-5
-1.417, 8.724e-5
-1.418, 8.787e-5
-1.419, 8.845e-5
-1.420, 8.908e-5
-1.421, 8.972e-5
-1.422, 9.032e-5
-1.423, 9.094e-5
-1.424, 9.147e-5
-1.425, 9.215e-5
-1.426, 9.272e-5
-1.427, 9.337e-5
-1.428, 9.402e-5
-1.429, 9.458e-5
-1.430, 9.519e-5
-1.431, 9.582e-5
-1.432, 9.642e-5
-1.433, 9.709e-5
-1.434, 9.767e-5
-1.435, 9.830e-5
-1.436, 9.895e-5
-1.437, 9.957e-5
-1.438, 1.002e-4
-1.439, 1.008e-4
-1.440, 1.014e-4
-1.441, 1.020e-4
-1.442, 1.027e-4
-1.443, 1.033e-4
-1.444, 1.038e-4
-1.445, 1.045e-4
-1.446, 1.051e-4
-1.447, 1.058e-4
-1.448, 1.064e-4
-1.449, 1.070e-4
-1.450, 1.076e-4
-1.451, 1.083e-4
-1.452, 1.089e-4
-1.453, 1.096e-4
-1.454, 1.102e-4
-1.455, 1.108e-4
-1.456, 1.115e-4
-1.457, 1.121e-4
-1.458, 1.128e-4
-1.459, 1.134e-4
-1.460, 1.141e-4
-1.461, 1.148e-4
-1.462, 1.153e-4
-1.463, 1.160e-4
-1.464, 1.166e-4
-1.465, 1.173e-4
-1.466, 1.180e-4
-1.467, 1.186e-4
-1.468, 1.193e-4
-1.469, 1.200e-4
-1.470, 1.206e-4
-1.471, 1.213e-4
-1.472, 1.219e-4
-1.473, 1.227e-4
-1.474, 1.233e-4
-1.475, 1.240e-4
-1.476, 1.247e-4
-1.477, 1.254e-4
-1.478, 1.260e-4
-1.479, 1.267e-4
-1.480, 1.274e-4
-1.481, 1.281e-4
-1.482, 1.288e-4
-1.483, 1.295e-4
-1.484, 1.303e-4
-1.485, 1.311e-4
-1.486, 1.318e-4
-1.487, 1.325e-4
-1.488, 1.332e-4
-1.489, 1.339e-4
-1.490, 1.347e-4
-1.491, 1.355e-4
-1.492, 1.361e-4
-1.493, 1.369e-4
-1.494, 1.376e-4
-1.495, 1.384e-4
-1.496, 1.392e-4
-1.497, 1.400e-4
-1.498, 1.408e-4
-1.499, 1.415e-4
-1.500, 1.423e-4
-1.501, 1.431e-4
-1.502, 1.439e-4
-1.503, 1.447e-4
-1.504, 1.455e-4
-1.505, 1.464e-4
-1.506, 1.472e-4
-1.507, 1.480e-4
-1.508, 1.489e-4
-1.509, 1.497e-4
-1.510, 1.506e-4
-1.511, 1.515e-4
-1.512, 1.524e-4
-1.513, 1.533e-4
-1.514, 1.542e-4
-1.515, 1.550e-4
-1.516, 1.560e-4
-1.517, 1.569e-4
-1.518, 1.578e-4
-1.519, 1.588e-4
-1.520, 1.597e-4
-1.521, 1.606e-4
-1.522, 1.616e-4
-1.523, 1.625e-4
-1.524, 1.637e-4
-1.525, 1.647e-4
-1.526, 1.656e-4
-1.527, 1.667e-4
-1.528, 1.677e-4
-1.529, 1.687e-4
-1.530, 1.698e-4
-1.531, 1.708e-4
-1.532, 1.719e-4
-1.533, 1.730e-4
-1.534, 1.741e-4
-1.535, 1.752e-4
-1.536, 1.763e-4
-1.537, 1.775e-4
-1.538, 1.787e-4
-1.539, 1.798e-4
-1.540, 1.810e-4
-1.541, 1.823e-4
-1.542, 1.835e-4
-1.543, 1.848e-4
-1.544, 1.860e-4
-1.545, 1.873e-4
-1.546, 1.887e-4
-1.547, 1.900e-4
-1.548, 1.913e-4
-1.549, 1.926e-4
-1.550, 1.940e-4
-1.551, 1.954e-4
-1.552, 1.968e-4
-1.553, 1.982e-4
-1.554, 1.997e-4
-1.555, 2.011e-4
-1.556, 2.027e-4
-1.557, 2.042e-4
-1.558, 2.058e-4
-1.559, 2.073e-4
-1.560, 2.089e-4
-1.561, 2.106e-4
-1.562, 2.123e-4
-1.563, 2.139e-4
-1.564, 2.157e-4
-1.565, 2.175e-4
-1.566, 2.191e-4
-1.567, 2.208e-4
-1.568, 2.226e-4
-1.569, 2.245e-4
-1.570, 2.264e-4
-1.571, 2.283e-4
-1.572, 2.302e-4
-1.573, 2.323e-4
-1.574, 2.344e-4
-1.575, 2.366e-4
-1.576, 2.387e-4
-1.577, 2.408e-4
-1.578, 2.430e-4
-1.579, 2.453e-4
-1.580, 2.476e-4
-1.581, 2.498e-4
-1.582, 2.522e-4
-1.583, 2.548e-4
-1.584, 2.571e-4
-1.585, 2.597e-4
-1.586, 2.621e-4
-1.587, 2.651e-4
-1.588, 2.680e-4
-1.589, 2.706e-4
-1.590, 2.734e-4
-1.591, 2.763e-4
-1.592, 2.791e-4
-1.593, 2.821e-4
-1.594, 2.850e-4
-1.595, 2.880e-4
-1.596, 2.911e-4
-1.597, 2.943e-4
-1.598, 2.976e-4
-1.599, 3.009e-4
-1.600, 3.042e-4
-1.601, 3.075e-4
-1.602, 3.113e-4
-1.603, 3.150e-4
-1.604, 3.187e-4
-1.605, 3.223e-4
-1.606, 3.261e-4
-1.607, 3.303e-4
-1.608, 3.339e-4
-1.609, 3.382e-4
-1.610, 3.426e-4
-1.611, 3.469e-4
-1.612, 3.517e-4
-1.613, 3.562e-4
-1.614, 3.606e-4
-1.615, 3.656e-4
-1.616, 3.704e-4
-1.617, 3.753e-4
-1.618, 3.801e-4
-1.619, 3.851e-4
-1.620, 3.900e-4
-1.621, 3.955e-4
-1.622, 4.014e-4
-1.623, 4.071e-4
-1.624, 4.130e-4
-1.625, 4.189e-4
-1.626, 4.249e-4
-1.627, 4.308e-4
-1.628, 4.370e-4
-1.629, 4.436e-4
-1.630, 4.504e-4
-1.631, 4.574e-4
-1.632, 4.639e-4
-1.633, 4.711e-4
-1.634, 4.784e-4
-1.635, 4.858e-4
-1.636, 4.938e-4
-1.637, 5.018e-4
-1.638, 5.098e-4
-1.639, 5.182e-4
-1.640, 5.269e-4
-1.641, 5.358e-4
-1.642, 5.447e-4
-1.643, 5.534e-4
-1.644, 5.628e-4
-1.645, 5.730e-4
-1.646, 5.830e-4
-1.647, 5.933e-4
-1.648, 6.035e-4
-1.649, 6.142e-4
-1.650, 6.258e-4
-1.651, 6.371e-4
-1.652, 6.497e-4
-1.653, 6.612e-4
-1.654, 6.737e-4
-1.655, 6.861e-4
-1.656, 6.988e-4
-1.657, 7.127e-4
-1.658, 7.269e-4
-1.659, 7.407e-4
-1.660, 7.551e-4
-1.661, 7.707e-4
-1.662, 7.856e-4
-1.663, 8.011e-4
-1.664, 8.170e-4
-1.665, 8.334e-4
-1.666, 8.512e-4
-1.667, 8.686e-4
-1.668, 8.871e-4
-1.669, 9.059e-4
-1.670, 9.245e-4
-1.671, 9.436e-4
-1.672, 9.639e-4
-1.673, 9.848e-4
-1.674, 1.007e-3
-1.675, 1.029e-3
-1.676, 1.050e-3
-1.677, 1.073e-3
-1.678, 1.097e-3
-1.679, 1.122e-3
-1.680, 1.146e-3
-1.681, 1.171e-3
-1.682, 1.198e-3
-1.683, 1.226e-3
-1.684, 1.253e-3
-1.685, 1.281e-3
-1.686, 1.311e-3
-1.687, 1.341e-3
-1.688, 1.372e-3
-1.689, 1.404e-3
-1.690, 1.437e-3
-1.691, 1.470e-3
-1.692, 1.504e-3
-1.693, 1.537e-3
-1.694, 1.573e-3
-1.695, 1.611e-3
-1.696, 1.650e-3
-1.697, 1.690e-3
-1.698, 1.729e-3
-1.699, 1.769e-3
-1.700, 1.786e-3
-1.699, 1.771e-3
-1.698, 1.754e-3
-1.697, 1.735e-3
-1.696, 1.716e-3
-1.695, 1.696e-3
-1.694, 1.675e-3
-1.693, 1.654e-3
-1.692, 1.634e-3
-1.691, 1.613e-3
-1.690, 1.591e-3
-1.689, 1.569e-3
-1.688, 1.547e-3
-1.687, 1.525e-3
-1.686, 1.503e-3
-1.685, 1.484e-3
-1.684, 1.465e-3
-1.683, 1.442e-3
-1.682, 1.416e-3
-1.681, 1.394e-3
-1.680, 1.376e-3
-1.679, 1.355e-3
-1.678, 1.334e-3
-1.677, 1.314e-3
-1.676, 1.294e-3
-1.675, 1.272e-3
-1.674, 1.251e-3
-1.673, 1.230e-3
-1.672, 1.210e-3
-1.671, 1.191e-3
-1.670, 1.173e-3
-1.669, 1.154e-3
-1.668, 1.136e-3
-1.667, 1.117e-3
-1.666, 1.098e-3
-1.665, 1.079e-3
-1.664, 1.061e-3
-1.663, 1.043e-3
-1.662, 1.024e-3
-1.661, 1.005e-3
-1.660, 9.905e-4
-1.659, 9.745e-4
-1.658, 9.577e-4
-1.657, 9.409e-4
-1.656, 9.239e-4
-1.655, 9.070e-4
-1.654, 8.915e-4
-1.653, 8.780e-4
-1.652, 8.625e-4
-1.651, 8.469e-4
-1.650, 8.322e-4
-1.649, 8.175e-4
-1.648, 8.025e-4
-1.647, 7.888e-4
-1.646, 7.755e-4
-1.645, 7.619e-4
-1.644, 7.485e-4
-1.643, 7.351e-4
-1.642, 7.220e-4
-1.641, 7.094e-4
-1.640, 6.974e-4
-1.639, 6.852e-4
-1.638, 6.728e-4
-1.637, 6.609e-4
-1.636, 6.494e-4
-1.635, 6.376e-4
-1.634, 6.266e-4
-1.633, 6.150e-4
-1.632, 6.042e-4
-1.631, 5.937e-4
-1.630, 5.840e-4
-1.629, 5.737e-4
-1.628, 5.637e-4
-1.627, 5.539e-4
-1.626, 5.441e-4
-1.625, 5.344e-4
-1.624, 5.250e-4
-1.623, 5.159e-4
-1.622, 5.070e-4
-1.621, 4.986e-4
-1.620, 4.900e-4
-1.619, 4.812e-4
-1.618, 4.730e-4
-1.617, 4.650e-4
-1.616, 4.571e-4
-1.615, 4.492e-4
-1.614, 4.414e-4
-1.613, 4.341e-4
-1.612, 4.269e-4
-1.611, 4.198e-4
-1.610, 4.129e-4
-1.609, 4.060e-4
-1.608, 3.994e-4
-1.607, 3.928e-4
-1.606, 3.864e-4
-1.605, 3.801e-4
-1.604, 3.739e-4
-1.603, 3.679e-4
-1.602, 3.620e-4
-1.601, 3.563e-4
-1.600, 3.507e-4
-1.599, 3.451e-4
-1.598, 3.396e-4
-1.597, 3.343e-4
-1.596, 3.290e-4
-1.595, 3.239e-4
-1.594, 3.189e-4
-1.593, 3.139e-4
-1.592, 3.090e-4
-1.591, 3.043e-4
-1.590, 2.997e-4
-1.589, 2.951e-4
-1.588, 2.906e-4
-1.587, 2.861e-4
-1.586, 2.819e-4
-1.585, 2.777e-4
-1.584, 2.736e-4
-1.583, 2.696e-4
-1.582, 2.655e-4
-1.581, 2.616e-4
-1.580, 2.578e-4
-1.579, 2.540e-4
-1.578, 2.503e-4
-1.577, 2.466e-4
-1.576, 2.431e-4
-1.575, 2.397e-4
-1.574, 2.363e-4
-1.573, 2.329e-4
-1.572, 2.296e-4
-1.571, 2.262e-4
-1.570, 2.230e-4
-1.569, 2.200e-4
-1.568, 2.170e-4
-1.567, 2.140e-4
-1.566, 2.107e-4
-1.565, 2.078e-4
-1.564, 2.049e-4
-1.563, 2.021e-4
-1.562, 1.994e-4
-1.561, 1.967e-4
-1.560, 1.942e-4
-1.559, 1.916e-4
-1.558, 1.891e-4
-1.557, 1.866e-4
-1.556, 1.838e-4
-1.555, 1.814e-4
-1.554, 1.790e-4
-1.553, 1.767e-4
-1.552, 1.744e-4
-1.551, 1.721e-4
-1.550, 1.699e-4
-1.549, 1.677e-4
-1.548, 1.657e-4
-1.547, 1.636e-4
-1.546, 1.615e-4
-1.545, 1.594e-4
-1.544, 1.575e-4
-1.543, 1.555e-4
-1.542, 1.535e-4
-1.541, 1.517e-4
-1.540, 1.498e-4
-1.539, 1.479e-4
-1.538, 1.462e-4
-1.537, 1.444e-4
-1.536, 1.427e-4
-1.535, 1.409e-4
-1.534, 1.393e-4
-1.533, 1.377e-4
-1.532, 1.361e-4
-1.531, 1.345e-4
-1.530, 1.329e-4
-1.529, 1.313e-4
-1.528, 1.298e-4
-1.527, 1.283e-4
-1.526, 1.269e-4
-1.525, 1.254e-4
-1.524, 1.240e-4
-1.523, 1.226e-4
-1.522, 1.212e-4
-1.521, 1.198e-4
-1.520, 1.185e-4
-1.519, 1.172e-4
-1.518, 1.159e-4
-1.517, 1.146e-4
-1.516, 1.133e-4
-1.515, 1.121e-4
-1.514, 1.109e-4
-1.513, 1.096e-4
-1.512, 1.084e-4
-1.511, 1.073e-4
-1.510, 1.060e-4
-1.509, 1.049e-4
-1.508, 1.038e-4
-1.507, 1.026e-4
-1.506, 1.015e-4
-1.505, 1.004e-4
-1.504, 9.926e-5
-1.503, 9.822e-5
-1.502, 9.721e-5
-1.501, 9.613e-5
-1.500, 9.505e-5
-1.499, 9.399e-5
-1.498, 9.304e-5
-1.497, 9.207e-5
-1.496, 9.107e-5
-1.495, 9.004e-5
-1.494, 8.903e-5
-1.493, 8.814e-5
-1.492, 8.722e-5
-1.491, 8.630e-5
-1.490, 8.539e-5
-1.489, 8.449e-5
-1.488, 8.370e-5
-1.487, 8.280e-5
-1.486, 8.183e-5
-1.485, 8.092e-5
-1.484, 8.010e-5
-1.483, 7.927e-5
-1.482, 7.844e-5
-1.481, 7.760e-5
-1.480, 7.683e-5
-1.479, 7.606e-5
-1.478, 7.526e-5
-1.477, 7.451e-5
-1.476, 7.371e-5
-1.475, 7.293e-5
-1.474, 7.221e-5
-1.473, 7.147e-5
-1.472, 7.075e-5
-1.471, 7.004e-5
-1.470, 6.933e-5
-1.469, 6.864e-5
-1.468, 6.795e-5
-1.467, 6.722e-5
-1.466, 6.661e-5
-1.465, 6.588e-5
-1.464, 6.528e-5
-1.463, 6.462e-5
-1.462, 6.393e-5
-1.461, 6.335e-5
-1.460, 6.269e-5
-1.459, 6.206e-5
-1.458, 6.147e-5
-1.457, 6.086e-5
-1.456, 6.023e-5
-1.455, 5.963e-5
-1.454, 5.904e-5
-1.453, 5.849e-5
-1.452, 5.788e-5
-1.451, 5.730e-5
-1.450, 5.671e-5
-1.449, 5.618e-5
-1.448, 5.564e-5
-1.447, 5.510e-5
-1.446, 5.449e-5
-1.445, 5.396e-5
-1.444, 5.345e-5
-1.443, 5.299e-5
-1.442, 5.243e-5
-1.441, 5.187e-5
-1.440, 5.146e-5
-1.439, 5.090e-5
-1.438, 5.031e-5
-1.437, 4.983e-5
-1.436, 4.935e-5
-1.435, 4.881e-5
-1.434, 4.832e-5
-1.433, 4.783e-5
-1.432, 4.737e-5
-1.431, 4.687e-5
-1.430, 4.634e-5
-1.429, 4.591e-5
-1.428, 4.546e-5
-1.427, 4.494e-5
-1.426, 4.450e-5
-1.425, 4.400e-5
-1.424, 4.358e-5
-1.423, 4.310e-5
-1.422, 4.265e-5
-1.421, 4.222e-5
-1.420, 4.178e-5
-1.419, 4.136e-5
-1.418, 4.093e-5
-1.417, 4.044e-5
-1.416, 4.002e-5
-1.415, 3.957e-5
-1.414, 3.915e-5
-1.413, 3.873e-5
-1.412, 3.830e-5
-1.411, 3.785e-5
-1.410, 3.749e-5
-1.409, 3.706e-5
-1.408, 3.663e-5
-1.407, 3.621e-5
-1.406, 3.582e-5
-1.405, 3.543e-5
-1.404, 3.503e-5
-1.403, 3.460e-5
-1.402, 3.425e-5
-1.401, 3.382e-5
-1.400, 3.345e-5
-1.399, 3.305e-5
-1.398, 3.264e-5
-1.397, 3.224e-5
-1.396, 3.187e-5
-1.395, 3.146e-5
-1.394, 3.112e-5
-1.393, 3.070e-5
-1.392, 3.040e-5
-1.391, 2.998e-5
-1.390, 2.962e-5
-1.389, 2.926e-5
-1.388, 2.889e-5
-1.387, 2.850e-5
-1.386, 2.816e-5
-1.385, 2.779e-5
-1.384, 2.745e-5
-1.383, 2.711e-5
-1.382, 2.672e-5
-1.381, 2.637e-5
-1.380, 2.600e-5
-1.379, 2.568e-5
-1.378, 2.534e-5
-1.377, 2.496e-5
-1.376, 2.464e-5
-1.375, 2.428e-5
-1.374, 2.397e-5
-1.373, 2.366e-5
-1.372, 2.330e-5
-1.371, 2.296e-5
-1.370, 2.264e-5
-1.369, 2.232e-5
-1.368, 2.200e-5
-1.367, 2.176e-5
-1.366, 2.135e-5
-1.365, 2.105e-5
-1.364, 2.073e-5
-1.363, 2.041e-5
-1.362, 2.011e-5
-1.361, 1.976e-5
-1.360, 1.952e-5
-1.359, 1.919e-5
-1.358, 1.888e-5
-1.357, 1.856e-5
-1.356, 1.827e-5
-1.355, 1.798e-5
-1.354, 1.768e-5
-1.353, 1.737e-5
-1.352, 1.711e-5
-1.351, 1.680e-5
-1.350, 1.651e-5
-1.349, 1.625e-5
-1.348, 1.596e-5
-1.347, 1.566e-5
-1.346, 1.539e-5
-1.345, 1.511e-5
-1.344, 1.483e-5
-1.343, 1.457e-5
-1.342, 1.426e-5
-1.341, 1.402e-5
-1.340, 1.375e-5
-1.339, 1.351e-5
-1.338, 1.323e-5
-1.337, 1.296e-5
-1.336, 1.271e-5
-1.335, 1.248e-5
-1.334, 1.220e-5
-1.333, 1.196e-5
-1.332, 1.174e-5
-1.331, 1.144e-5
-1.330, 1.125e-5
-1.329, 1.097e-5
-1.328, 1.076e-5
-1.327, 1.050e-5
-1.326, 1.025e-5
-1.325, 1.001e-5
-1.324, 9.797e-6
-1.323, 9.578e-6
-1.322, 9.374e-6
-1.321, 9.154e-6
-1.320, 8.916e-6
-1.319, 8.708e-6
-1.318, 8.488e-6
-1.317, 8.305e-6
-1.316, 8.073e-6
-1.315, 7.842e-6
-1.314, 7.677e-6
-1.313, 7.430e-6
-1.312, 7.265e-6
-1.311, 7.062e-6
-1.310, 6.877e-6
-1.309, 6.719e-6
-1.308, 6.501e-6
-1.307, 6.284e-6
-1.306, 6.128e-6
-1.305, 5.937e-6
-1.304, 5.784e-6
-1.303, 5.574e-6
-1.302, 5.406e-6
-1.301, 5.231e-6
-1.300, 5.066e-6
-1.299, 4.868e-6
-1.298, 4.728e-6
-1.297, 4.595e-6
-1.296, 4.393e-6
-1.295, 4.272e-6
-1.294, 4.080e-6
-1.293, 3.925e-6
-1.292, 3.787e-6
-1.291, 3.625e-6
-1.290, 3.492e-6
-1.289, 3.331e-6
-1.288, 3.227e-6
-1.287, 3.072e-6
-1.286, 2.871e-6
-1.285, 2.799e-6
-1.284, 2.663e-6
-1.283, 2.501e-6
-1.282, 2.384e-6
-1.281, 2.221e-6
-1.280, 2.100e-6
-1.279, 2.003e-6
-1.278, 1.861e-6
-1.277, 1.764e-6
-1.276, 1.611e-6
-1.275, 1.530e-6
-1.274, 1.388e-6
-1.273, 1.271e-6
-1.272, 1.197e-6
-1.271, 1.037e-6
-1.270, 9.588e-7
-1.269, 8.453e-7
-1.268, 7.713e-7
-1.267, 6.214e-7
-1.266, 5.118e-7
-1.265, 4.112e-7
-1.264, 3.214e-7
-1.263, 2.445e-7
-1.262, 1.557e-7
-1.261, 5.801e-8
-1.260, -3.275e-8
-1.259, -1.482e-7
-1.258, -2.242e-7
-1.257, -3.208e-7
-1.256, -4.136e-7
-1.255, -4.747e-7
-1.254, -5.783e-7
-1.253, -6.168e-7
-1.252, -7.303e-7
-1.251, -8.487e-7
-1.250, -8.950e-7
-1.249, -9.720e-7
-1.248, -1.022e-6
-1.247, -1.090e-6
-1.246, -1.239e-6
-1.245, -1.265e-6
-1.244, -1.324e-6
-1.243, -1.412e-6
-1.242, -1.454e-6
-1.241, -1.574e-6
-1.240, -1.589e-6
-1.239, -1.643e-6
-1.238, -1.708e-6
-1.237, -1.808e-6
-1.236, -1.833e-6
-1.235, -1.935e-6
-1.234, -1.984e-6
-1.233, -2.020e-6
-1.232, -2.059e-6
-1.231, -2.142e-6
-1.230, -2.198e-6
-1.229, -2.279e-6
-1.228, -2.284e-6
-1.227, -2.384e-6
-1.226, -2.398e-6
-1.225, -2.468e-6
-1.224, -2.471e-6
-1.223, -2.537e-6
-1.222, -2.591e-6
-1.221, -2.653e-6
-1.220, -2.697e-6
-1.219, -2.707e-6
-1.218, -2.787e-6
-1.217, -2.812e-6
-1.216, -2.825e-6
-1.215, -2.896e-6
-1.214, -2.936e-6
-1.213, -2.963e-6
-1.212, -2.996e-6
-1.211, -3.055e-6
-1.210, -3.095e-6
-1.209, -3.138e-6
-1.208, -3.146e-6
-1.207, -3.172e-6
-1.206, -3.243e-6
-1.205, -3.279e-6
-1.204, -3.274e-6
-1.203, -3.351e-6
-1.202, -3.361e-6
-1.201, -3.427e-6
-1.200, -3.455e-6
-1.199, -3.465e-6
-1.198, -3.507e-6
-1.197, -3.550e-6
-1.196, -3.554e-6
-1.195, -3.627e-6
-1.194, -3.623e-6
-1.193, -3.653e-6
-1.192, -3.670e-6
-1.191, -3.688e-6
-1.190, -3.785e-6
-1.189, -3.748e-6
-1.188, -3.801e-6
-1.187, -3.835e-6
-1.186, -3.837e-6
-1.185, -3.892e-6
-1.184, -3.872e-6
-1.183, -3.923e-6
-1.182, -3.998e-6
-1.181, -3.980e-6
-1.180, -4.031e-6
-1.179, -4.037e-6
-1.178, -4.086e-6
-1.177, -4.119e-6
-1.176, -4.104e-6
-1.175, -4.170e-6
-1.174, -4.179e-6
-1.173, -4.192e-6
-1.172, -4.224e-6
-1.171, -4.262e-6
-1.170, -4.284e-6
-1.169, -4.314e-6
-1.168, -4.310e-6
-1.167, -4.335e-6
-1.166, -4.417e-6
-1.165, -4.415e-6
-1.164, -4.443e-6
-1.163, -4.483e-6
-1.162, -4.492e-6
-1.161, -4.520e-6
-1.160, -4.538e-6
-1.159, -4.580e-6
-1.158, -4.612e-6
-1.157, -4.615e-6
-1.156, -4.643e-6
-1.155, -4.658e-6
-1.154, -4.722e-6
-1.153, -4.751e-6
-1.152, -4.755e-6
-1.151, -4.794e-6
-1.150, -4.835e-6
-1.149, -4.837e-6
-1.148, -4.866e-6
-1.147, -4.918e-6
-1.146, -4.911e-6
-1.145, -5.004e-6
-1.144, -5.004e-6
-1.143, -4.987e-6
-1.142, -5.076e-6
-1.141, -5.102e-6
-1.140, -5.127e-6
-1.139, -5.162e-6
-1.138, -5.157e-6
-1.137, -5.213e-6
-1.136, -5.226e-6
-1.135, -5.290e-6
-1.134, -5.355e-6
-1.133, -5.306e-6
-1.132, -5.379e-6
-1.131, -5.397e-6
-1.130, -5.474e-6
-1.129, -5.515e-6
-1.128, -5.487e-6
-1.127, -5.545e-6
-1.126, -5.612e-6
-1.125, -5.645e-6
-1.124, -5.703e-6
-1.123, -5.730e-6
-1.122, -5.749e-6
-1.121, -5.793e-6
-1.120, -5.841e-6
-1.119, -5.856e-6
-1.118, -5.956e-6
-1.117, -5.949e-6
-1.116, -5.990e-6
-1.115, -6.056e-6
-1.114, -6.112e-6
-1.113, -6.139e-6
-1.112, -6.208e-6
-1.111, -6.222e-6
-1.110, -6.333e-6
-1.109, -6.323e-6
-1.108, -6.386e-6
-1.107, -6.402e-6
-1.106, -6.490e-6
-1.105, -6.542e-6
-1.104, -6.602e-6
-1.103, -6.646e-6
-1.102, -6.678e-6
-1.101, -6.732e-6
-1.100, -6.798e-6
-1.099, -6.867e-6
-1.098, -6.919e-6
-1.097, -7.005e-6
-1.096, -7.019e-6
-1.095, -7.081e-6
-1.094, -7.179e-6
-1.093, -7.204e-6
-1.092, -7.269e-6
-1.091, -7.343e-6
-1.090, -7.397e-6
-1.089, -7.454e-6
-1.088, -7.535e-6
-1.087, -7.610e-6
-1.086, -7.700e-6
-1.085, -7.722e-6
-1.084, -7.781e-6
-1.083, -7.900e-6
-1.082, -7.935e-6
-1.081, -8.015e-6
-1.080, -8.100e-6
-1.079, -8.160e-6
-1.078, -8.250e-6
-1.077, -8.333e-6
-1.076, -8.420e-6
-1.075, -8.507e-6
-1.074, -8.567e-6
-1.073, -8.654e-6
-1.072, -8.751e-6
-1.071, -8.811e-6
-1.070, -8.923e-6
-1.069, -8.958e-6
-1.068, -9.069e-6
-1.067, -9.174e-6
-1.066, -9.232e-6
-1.065, -9.355e-6
-1.064, -9.409e-6
-1.063, -9.545e-6
-1.062, -9.605e-6
-1.061, -9.688e-6
-1.060, -9.837e-6
-1.059, -9.904e-6
-1.058, -1.002e-5
-1.057, -1.008e-5
-1.056, -1.018e-5
-1.055, -1.033e-5
-1.054, -1.046e-5
-1.053, -1.052e-5
-1.052, -1.061e-5
-1.051, -1.070e-5
-1.050, -1.085e-5
-1.049, -1.096e-5
-1.048, -1.107e-5
-1.047, -1.115e-5
-1.046, -1.127e-5
-1.045, -1.145e-5
-1.044, -1.149e-5
-1.043, -1.167e-5
-1.042, -1.169e-5
-1.041, -1.185e-5
-1.040, -1.196e-5
-1.039, -1.202e-5
-1.038, -1.221e-5
-1.037, -1.225e-5
-1.036, -1.238e-5
-1.035, -1.252e-5
-1.034, -1.262e-5
-1.033, -1.277e-5
-1.032, -1.285e-5
-1.031, -1.296e-5
-1.030, -1.312e-5
-1.029, -1.320e-5
-1.028, -1.331e-5
-1.027, -1.341e-5
-1.026, -1.354e-5
-1.025, -1.365e-5
-1.024, -1.376e-5
-1.023, -1.388e-5
-1.022, -1.399e-5
-1.021, -1.407e-5
-1.020, -1.420e-5
-1.019, -1.428e-5
-1.018, -1.437e-5
-1.017, -1.446e-5
-1.016, -1.454e-5
-1.015, -1.463e-5
-1.014, -1.471e-5
-1.013, -1.480e-5
-1.012, -1.485e-5
-1.011, -1.497e-5
-1.010, -1.500e-5
-1.009, -1.512e-5
-1.008, -1.512e-5
-1.007, -1.522e-5
-1.006, -1.528e-5
-1.005, -1.533e-5
-1.004, -1.536e-5
-1.003, -1.542e-5
-1.002, -1.544e-5
-1.001, -1.550e-5
