Potential V vs RHE, Current mA cm-2
0.013299999999999867,0.04916121767031002
0.012299999999999978,0.01928251501716045
0.011299999999999866,0.0061695559787114254
0.010299999999999976,-0.004856703892436672
0.009299999999999864,-0.01505252823056399
0.008299999999999974,-0.020343548492059226
0.007299999999999862,-0.027332222313392506
0.006299999999999972,-0.032637389687886396
0.00529999999999986,-0.037235201412447766
0.0042999999999999705,-0.04254036878694165
0.0032999999999998586,-0.047987007291422044
0.0022999999999999687,-0.052584819015983414
0.0012999999999998568,-0.059149079447357186
0.00029999999999996696,-0.06138432330114395
-0.000700000000000145,-0.06599628213870397
-0.0017000000000000348,-0.06864179226945158
-0.0027000000000001467,-0.07213612918011822
-0.0037000000000000366,-0.07449869705089282
-0.0047000000000001485,-0.07953506927841236
-0.005700000000000038,-0.08246352166913298
-0.00670000000000015,-0.08343967246603987
-0.00770000000000004,-0.0863681248567605
-0.008700000000000152,-0.0906971414343475
-0.009700000000000042,-0.09250797189817477
-0.010700000000000154,-0.09697845960574826
-0.011700000000000044,-0.09907223232954852
-0.012700000000000156,-0.10018985425644189
-0.013700000000000045,-0.10492913711098976
-0.014700000000000157,-0.10632970129785616
-0.015700000000000047,-0.10758879435473605
-0.01670000000000016,-0.11121045528239053
-0.01770000000000005,-0.11275249059924342
-0.01870000000000016,-0.11498773445303019
-0.01970000000000005,-0.11609120926692493
-0.020700000000000163,-0.11903380877064418
-0.021700000000000053,-0.12070316810448493
-0.022700000000000164,-0.12251399856831217
-0.023700000000000054,-0.12405603388516506
-0.024700000000000166,-0.12336282534823118
-0.025700000000000056,-0.1271259574058722
-0.026700000000000168,-0.12781916594280607
-0.027700000000000058,-0.12824357933276556
-0.02870000000000017,-0.1299129386666063
-0.02970000000000006,-0.13033735205656583
-0.03070000000000017,-0.1324311247803661
-0.03170000000000006,-0.1338175418542338
-0.03270000000000017,-0.1355010483010732
-0.03370000000000006,-0.13731187876490047
-0.034700000000000175,-0.13647719909798006
-0.035700000000000065,-0.13912270922872771
-0.03670000000000018,-0.13968859374867373
-0.03770000000000007,-0.13983006487866023
-0.03870000000000018,-0.1421784856364362
-0.03970000000000007,-0.1421784856364362
-0.04070000000000018,-0.1421784856364362
-0.04170000000000007,-0.14189554337646318
-0.04270000000000018,-0.14444202371622025
-0.04370000000000007,-0.14684703292599083
-0.044700000000000184,-0.14571526388609876
-0.045700000000000074,-0.14628114840604478
-0.046700000000000186,-0.14514937936615277
-0.047700000000000076,-0.1465640906660178
-0.04870000000000019,-0.14896909987578838
-0.04970000000000008,-0.14868615761581536
-0.05070000000000019,-0.14812027309586934
-0.05170000000000008,-0.14741291744593682
-0.05270000000000019,-0.1501008689156804
-0.05370000000000008,-0.14882762874580185
-0.05470000000000019,-0.14939351326574787
-0.05570000000000008,-0.1496764555257209
-0.056700000000000195,-0.14840321535584233
-0.057700000000000085,-0.1496764555257209
-0.058700000000000196,-0.1503838111756534
-0.059700000000000086,-0.1499593977856939
-0.0607000000000002,-0.14882762874580185
-0.06170000000000009,-0.1508082245656129
-0.0627000000000002,-0.15165705134553195
-0.06370000000000009,-0.1508082245656129
-0.0647000000000002,-0.14840321535584233
-0.06570000000000009,-0.1510911668255859
-0.0667000000000002,-0.14911057100577488
-0.0677000000000001,-0.14925204213576138
-0.0687000000000002,-0.1502423400456669
-0.0697000000000001,-0.14698850405597733
-0.07070000000000021,-0.14854468648582883
-0.0717000000000001,-0.14868615761581536
-0.07270000000000021,-0.14741291744593682
-0.0737000000000001,-0.14882762874580185
-0.07470000000000021,-0.14840321535584233
-0.0757000000000001,-0.14727144631595032
-0.07670000000000021,-0.1467055617960043
-0.0777000000000001,-0.14698850405597733
-0.07870000000000021,-0.14642261953603128
-0.0797000000000001,-0.14613967727605828
-0.08070000000000022,-0.14769585970590982
-0.0817000000000001,-0.14628114840604478
-0.08270000000000022,-0.14472496597619325
-0.08370000000000011,-0.14444202371622025
-0.08470000000000022,-0.1426028990263957
-0.08570000000000011,-0.14147112998650369
-0.08670000000000022,-0.14009886002563457
-0.08770000000000011,-0.14135795308251448
-0.08870000000000022,-0.1426028990263957
-0.08970000000000011,-0.14121648195252795
-0.09070000000000022,-0.14135795308251448
-0.09170000000000011,-0.13968859374867373
-0.09270000000000023,-0.13968859374867373
-0.09370000000000012,-0.1394056514887007
-0.09470000000000023,-0.13787776328484647
-0.09570000000000012,-0.13842950069179386
-0.09670000000000023,-0.1369016124879396
-0.09770000000000012,-0.13647719909798006
-0.09870000000000023,-0.13773629215485997
-0.09970000000000012,-0.1353595771710867
-0.10070000000000023,-0.1353595771710867
-0.10170000000000012,-0.1324311247803661
-0.10270000000000024,-0.13410048411420683
-0.10370000000000013,-0.13410048411420683
-0.10470000000000024,-0.1315964451134457
-0.10570000000000013,-0.13312433331729995
-0.10670000000000024,-0.13312433331729995
-0.10770000000000013,-0.13062029431653882
-0.10870000000000024,-0.1311720317234862
-0.10970000000000013,-0.1296299964066333
-0.11070000000000024,-0.12893678786969942
-0.11170000000000013,-0.1274088996658452
-0.11270000000000002,-0.1272674285358587
-0.11370000000000013,-0.1297714675366198
-0.11470000000000002,-0.12614980660896533
-0.11570000000000014,-0.1268430151458992
-0.11670000000000003,-0.12545659807203147
-0.11770000000000014,-0.12614980660896533
-0.11870000000000003,-0.12600833547897883
-0.11970000000000014,-0.12517365581205844
-0.12070000000000003,-0.12531512694204497
-0.12170000000000014,-0.12210373229135131
-0.12270000000000003,-0.12377309162519207
-0.12370000000000014,-0.12336282534823118
-0.12470000000000003,-0.1202787547145254
-0.12570000000000014,-0.12307988308825818
-0.12670000000000003,-0.12098611036445794
-0.12770000000000015,-0.12126905262443094
-0.12870000000000004,-0.12112758149444444
-0.12970000000000015,-0.12070316810448493
-0.13070000000000004,-0.11832645312071166
-0.13170000000000015,-0.12112758149444444
-0.13270000000000004,-0.11958554617759155
-0.13370000000000015,-0.11903380877064418
-0.13470000000000004,-0.11735030232380478
-0.13570000000000015,-0.11917527990063068
-0.13670000000000004,-0.11805765797373731
-0.13770000000000016,-0.11735030232380478
-0.13870000000000005,-0.11875086651067117
-0.13970000000000016,-0.11735030232380478
-0.14070000000000005,-0.11637415152689792
-0.14170000000000016,-0.11525652960000454
-0.14270000000000005,-0.11525652960000454
-0.14370000000000016,-0.11749177345379128
-0.14470000000000005,-0.11623268039691143
-0.14570000000000016,-0.11720883119381828
-0.14670000000000005,-0.11484626332304368
-0.14770000000000016,-0.11498773445303019
-0.14870000000000005,-0.11623268039691143
-0.14970000000000017,-0.11387011252613681
-0.15070000000000006,-0.11456332106307067
-0.15170000000000017,-0.11694003604684394
-0.15270000000000006,-0.11401158365612331
-0.15370000000000017,-0.11623268039691143
-0.15470000000000006,-0.11442184993308416
-0.15570000000000017,-0.11442184993308416
-0.15670000000000006,-0.11568094298996405
-0.15770000000000017,-0.11498773445303019
-0.15870000000000006,-0.11623268039691143
-0.15970000000000018,-0.11498773445303019
-0.16070000000000007,-0.11679856491685743
-0.16170000000000018,-0.11568094298996405
-0.16270000000000007,-0.11413890767311115
-0.16370000000000018,-0.11553947185997754
-0.16470000000000007,-0.11651562265688443
-0.16570000000000018,-0.11511505847001803
-0.16670000000000007,-0.11582241411995055
-0.16770000000000018,-0.11568094298996405
-0.16870000000000007,-0.11860939538068467
-0.16970000000000018,-0.11637415152689792
-0.17070000000000007,-0.11818498199072516
-0.17170000000000019,-0.11917527990063068
-0.17270000000000008,-0.11805765797373731
-0.1737000000000002,-0.11903380877064418
-0.17470000000000008,-0.11917527990063068
-0.1757000000000002,-0.12098611036445794
-0.17670000000000008,-0.11805765797373731
-0.1777000000000002,-0.12070316810448493
-0.17870000000000008,-0.12349014936521906
-0.1797000000000002,-0.12056169697449844
-0.18070000000000008,-0.1218207900313783
-0.1817000000000002,-0.1218207900313783
-0.18270000000000008,-0.12336282534823118
-0.1837000000000002,-0.12614980660896533
-0.1847000000000001,-0.12517365581205844
-0.1857000000000002,-0.12433897614513807
-0.1867000000000001,-0.12503218468207195
-0.1877000000000002,-0.1269844862758857
-0.1887000000000001,-0.12893678786969942
-0.1897000000000002,-0.12796063707279257
-0.1907000000000001,-0.1299129386666063
-0.1917000000000001,-0.13186524026042007
-0.19269999999999998,-0.13284139105732695
-0.1937000000000001,-0.1352181060411002
-0.19469999999999998,-0.13493516378112722
-0.1957000000000001,-0.13605278570802057
-0.19669999999999999,-0.13759482102487347
-0.1977000000000001,-0.13800508730183433
-0.1987,-0.14052327341559406
-0.1997000000000001,-0.13997153600864676
-0.2007,-0.14161260111649018
-0.2017000000000001,-0.14302731241635522
-0.2027,-0.14472496597619325
-0.2037000000000001,-0.14642261953603128
-0.2047,-0.14882762874580185
-0.2057000000000001,-0.14826174422585583
-0.2067,-0.15179852247551845
-0.2077000000000001,-0.15222293586547794
-0.2087,-0.15575971411514053
-0.2097000000000001,-0.1585891367148706
-0.2107,-0.15972090575476264
-0.2117000000000001,-0.16014531914472213
-0.2127,-0.1629747417444522
-0.2137000000000001,-0.16424798191433077
-0.2147,-0.1667944622540878
-0.2157000000000001,-0.17103859615368294
-0.2167,-0.172736249713521
-0.21770000000000012,-0.17584861457322407
-0.2187,-0.17881950830294063
-0.21970000000000012,-0.18023421960280567
-0.2207,-0.18292217107254924
-0.22170000000000012,-0.18532718028231981
-0.2227,-0.1890054296619689
-0.22370000000000012,-0.1922592656516585
-0.2247,-0.19466427486142904
-0.22570000000000012,-0.19622045729128057
-0.2267,-0.19919135102099716
-0.22770000000000012,-0.20272812927065975
-0.22870000000000001,-0.21079198367989047
-0.22970000000000013,-0.20951874351001196
-0.23070000000000002,-0.21503611757948557
-0.23170000000000013,-0.21744112678925615
-0.23270000000000002,-0.22225114520879727
-0.23370000000000013,-0.22691969249835187
-0.23470000000000002,-0.2313052975279335
-0.23570000000000013,-0.23399324899767707
-0.23670000000000002,-0.2382373828972722
-0.2376999999999999,-0.24276445905684027
-0.23870000000000002,-0.24927213103621945
-0.2396999999999999,-0.250828313466071
-0.24070000000000003,-0.25761892770542316
-0.24169999999999991,-0.2617215904750318
-0.24270000000000003,-0.2665316088945729
-0.24369999999999992,-0.27190751183406003
-0.24470000000000003,-0.27841518381343927
-0.24569999999999992,-0.2839325578829129
-0.24670000000000003,-0.288742576302454
-0.24769999999999992,-0.2944014215019141
-0.24870000000000003,-0.3007676223513068
-0.24969999999999992,-0.30699235207071296
-0.25070000000000003,-0.3130756106601326
-0.2516999999999999,-0.31873445585959276
-0.25270000000000004,-0.3256665412289314
-0.2536999999999999,-0.33344745337818915
-0.25470000000000004,-0.34094542326747385
-0.2556999999999999,-0.347453095246853
-0.25670000000000004,-0.3543851806161917
-0.25769999999999993,-0.36244903502542236
-0.25870000000000004,-0.37065436056463963
-0.25969999999999993,-0.37744497480399175
-0.26070000000000004,-0.38664059825311453
-0.26169999999999993,-0.3948459237923317
-0.26270000000000004,-0.4034756627215085
-0.26369999999999993,-0.41380305521052324
-0.26470000000000005,-0.42073514057986194
-0.26569999999999994,-0.4314869464588362
-0.26670000000000005,-0.44039962764798596
-0.26769999999999994,-0.4500196644870682
-0.26870000000000005,-0.46034705697608286
-0.26969999999999994,-0.4699670938151651
-0.27070000000000005,-0.47916271726428794
-0.27169999999999994,-0.4900559942732487
-0.27270000000000005,-0.501656626932142
-0.27369999999999994,-0.5128328462010757
-0.27470000000000006,-0.5231602386900907
-0.27569999999999995,-0.5341949868290379
-0.27670000000000006,-0.5465029751378637
-0.27769999999999995,-0.5571133098868515
-0.27870000000000006,-0.5698457115856368
-0.27969999999999995,-0.5811634019845571
-0.28070000000000006,-0.594886101593248
-0.28169999999999995,-0.6081843878119793
-0.28270000000000006,-0.6195020782108995
-0.28369999999999995,-0.63364919120955
-0.28470000000000006,-0.6479377753381867
-0.28569999999999995,-0.6619434172068507
-0.28670000000000007,-0.6736855209957305
-0.28769999999999996,-0.6885399896443134
-0.28870000000000007,-0.7036774005528693
-0.28969999999999996,-0.7183903980714657
-0.29070000000000007,-0.73197162655017
-0.29169999999999996,-0.7489481621485504
-0.29270000000000007,-0.7645099864470658
-0.29369999999999996,-0.7812035797854733
-0.2947000000000001,-0.7966239329540021
-0.29569999999999996,-0.8121857572525175
-0.2967000000000001,-0.828313466070979
-0.29769999999999996,-0.8461388284492785
-0.2987000000000001,-0.8621250661377534
-0.29969999999999997,-0.8786771883461743
-0.3007000000000001,-0.8982002042843118
-0.30169999999999997,-0.9136205574528405
-0.3027000000000001,-0.9335679867809377
-0.30369999999999997,-0.9508274646392911
-0.3047000000000001,-0.9704919517074152
-0.30569999999999997,-0.9905808521654985
-0.3067000000000001,-1.007557387763879
-0.3077,-1.0259486346621245
-0.3087000000000001,-1.0478766598100326
-0.3097,-1.066692320098238
-0.3107000000000001,-1.0872056339462806
-0.3117,-1.1096995436141348
-0.3127000000000001,-1.1292225595522725
-0.3137,-1.152140882610086
-0.3147000000000001,-1.1725127253281424
-0.3157,-1.1933089814361586
-0.3167000000000001,-1.2149540643240935
-0.3177,-1.2377309162519208
-0.3187000000000001,-1.2630542485195047
-0.3197,-1.285548158187359
-0.3207000000000001,-1.3059200009054155
-0.3217,-1.3309603909130265
-0.3227000000000001,-1.3540201851008267
-0.3237,-1.3790605751084377
-0.3247000000000001,-1.4025447826861974
-0.3257,-1.426028990263957
-0.3267000000000001,-1.4514937936615278
-0.3277,-1.4755438857592333
-0.3287000000000001,-1.5038381117565338
-0.3297,-1.5264734925543744
-0.3307000000000001,-1.5533530072518102
-0.3317,-1.5774030993495158
-0.3327000000000001,-1.6028679027470865
-0.3337,-1.6311621287443874
-0.3347000000000001,-1.655212220842093
-0.3357,-1.6820917355395286
-0.3367000000000001,-1.7075565389370995
-0.3377,-1.734436053634535
-0.3387000000000001,-1.7655597022315657
-0.3397,-1.7910245056291363
-0.3407000000000001,-1.8193187316264372
-0.3417,-1.847612957623738
-0.3427000000000001,-1.8759071836210386
-0.3437,-1.9056161209182045
-0.3447000000000001,-1.9310809243157752
-0.3457,-1.9622045729128061
-0.3467000000000001,-1.9904987989101068
-0.3477,-2.0216224475071374
-0.3487000000000001,-2.049916673504438
-0.3497,-2.081040322101469
-0.3507000000000001,-2.110749259398635
-0.3517,-2.1404581966958003
-0.3527000000000001,-2.171581845292831
-0.3537,-2.202705493889862
-0.3547000000000001,-2.2324144311870278
-0.3557,-2.2663675023837886
-0.35670000000000013,-2.2946617283810897
-0.3577,-2.3257853769781205
-0.35870000000000013,-2.359738448174881
-0.3597,-2.388032674172182
-0.36070000000000013,-2.4219857453689424
-0.3617,-2.451694682666109
-0.3626999999999999,-2.4842330425630044
-0.3637,-2.518186113759765
-0.3646999999999999,-2.5478950510569307
-0.3657,-2.5804334109538267
-0.3666999999999999,-2.6129717708507227
-0.3677,-2.6455101307476188
-0.3686999999999999,-2.6808779132442444
-0.36970000000000003,-2.7134162731411404
-0.3706999999999999,-2.744539921738171
-0.37170000000000003,-2.778492992934932
-0.3726999999999999,-2.8124460641316933
-0.37370000000000003,-2.844984424028589
-0.3746999999999999,-2.877522783925485
-0.37570000000000003,-2.91289056642211
-0.3766999999999999,-2.9468436376188714
-0.37770000000000004,-2.9807967088156326
-0.3786999999999999,-3.0147497800123935
-0.37970000000000004,-3.044458717309559
-0.3806999999999999,-3.07841178850632
-0.38170000000000004,-3.1123648597030806
-0.38269999999999993,-3.1463179308998415
-0.38370000000000004,-3.1802710020966023
-0.38469999999999993,-3.214224073293363
-0.38570000000000004,-3.246762433190259
-0.38669999999999993,-3.28071550438702
-0.38770000000000004,-3.314668575583781
-0.38869999999999993,-3.351451069380272
-0.38970000000000005,-3.3839894292771677
-0.39069999999999994,-3.4193572117737934
-0.39170000000000005,-3.4518955716706894
-0.39269999999999994,-3.4844339315675854
-0.39370000000000005,-3.522631136663941
-0.39469999999999994,-3.556584207860702
-0.39570000000000005,-3.591951990357328
-0.39669999999999994,-3.627319772853954
-0.39770000000000005,-3.661272844050715
-0.39869999999999994,-3.698055337847206
-0.39970000000000006,-3.730593697744102
-0.40069999999999995,-3.768790902840458
-0.40170000000000006,-3.8027439740372184
-0.40269999999999995,-3.838111756533844
-0.40370000000000006,-3.8748942503303354
-0.40469999999999995,-3.9088473215270967
-0.40570000000000006,-3.9413856814239923
-0.40669999999999995,-3.9781681752204827
-0.40770000000000006,-4.01636538031684
-0.40869999999999995,-4.05314787411333
-0.40970000000000006,-4.08710094531009
-0.41069999999999995,-4.121054016506851
-0.41170000000000007,-4.1564217990034775
-0.41269999999999996,-4.191789581500104
-0.41370000000000007,-4.229986786596459
-0.41469999999999996,-4.262525146493355
-0.41570000000000007,-4.297892928989982
-0.41669999999999996,-4.334675422786473
-0.41770000000000007,-4.370043205283098
-0.41869999999999996,-4.406825699079589
-0.4197000000000001,-4.44077877027635
-0.42069999999999996,-4.480390686672571
-0.4217000000000001,-4.515758469169198
-0.42269999999999996,-4.552540962965688
-0.4237000000000001,-4.587908745462314
-0.42469999999999997,-4.62044710535921
-0.4257000000000001,-4.6572295991557
-0.42669999999999997,-4.692597381652327
-0.4277000000000001,-4.729379875448817
-0.42869999999999997,-4.767577080545174
-0.4297000000000001,-4.798700729142205
-0.43069999999999997,-4.836897934238561
-0.4317000000000001,-4.873680428035052
-0.4327,-4.911877633131407
-0.4337000000000001,-4.948660126927899
-0.4347,-4.985442620724389
-0.4357000000000001,-5.0222251145208805
-0.4367,-5.057592897017507
-0.4377000000000001,-5.095790102113861
-0.4387,-5.133987307210218
-0.4397000000000001,-5.169355089706844
-0.4407,-5.203308160903605
-0.4417000000000001,-5.240090654700095
-0.4427,-5.276873148496587
-0.4437000000000001,-5.312240930993213
-0.4447,-5.346194002189974
-0.4457000000000001,-5.382976495986464
-0.4467,-5.421173701082821
-0.4477000000000001,-5.465029751378637
-0.4487,-5.5003975338752635
-0.4497000000000001,-5.540009450271484
-0.4507,-5.57537723276811
-0.4517000000000001,-5.610745015264735
-0.4527,-5.644698086461496
-0.4537000000000001,-5.685724714157582
-0.4547,-5.723921919253939
-0.4557000000000001,-5.762119124350295
-0.4567,-5.793242772947325
-0.4577000000000001,-5.827195844144086
-0.4587,-5.866807760540307
-0.4597000000000001,-5.903590254336798
-0.4607,-5.941787459433154
-0.4617000000000001,-5.975740530629915
-0.4627,-6.016767158326001
-0.4637000000000001,-6.057793786022088
-0.4647,-6.097405702418309
-0.4657000000000001,-6.132773484914934
-0.4667,-6.172385401311155
-0.4677000000000001,-6.207753183807781
-0.4687,-6.253023945403462
-0.4697000000000001,-6.286977016600223
-0.4707,-6.32517422169658
-0.4717000000000001,-6.3676155606925295
-0.4727,-6.4128863222882115
-0.4737000000000001,-6.452498238684432
-0.4747,-6.4850365985813285
-0.4757000000000001,-6.528892648877145
-0.4767,-6.562845720073906
-0.4777000000000001,-6.608116481669587
-0.4787,-6.647728398065807
-0.4797000000000001,-6.691584448361623
-0.4807,-6.735440498657439
-0.48170000000000013,-6.777881837653391
-0.4827,-6.813249620150017
-0.48370000000000013,-6.857105670445833
-0.4847,-6.898132298141919
-0.48570000000000013,-6.934914791938409
-0.4867,-6.970282574435036
-0.4876999999999999,-7.011309202131122
-0.4887,-7.057994675026669
-0.4896999999999999,-7.100436014022619
-0.4907,-7.1457067756183
-0.4916999999999999,-7.186733403314386
-0.4927,-7.2334188762099325
-0.4936999999999999,-7.280104349105479
-0.49470000000000003,-7.3183015542018355
-0.4956999999999999,-7.363572315797517
-0.49670000000000003,-7.408843077393197
-0.4976999999999999,-7.451284416389148
-0.49870000000000003,-7.49089633278537
-0.4996999999999999,-7.531922960481456
-0.5007,-7.578608433377001
-0.5016999999999999,-7.628123328872277
-0.5027,-7.6733940904679585
-0.5036999999999999,-7.734226676362156
-0.5047,-7.778082726657972
-0.5056999999999999,-7.827597622153248
-0.5067,-7.879941940248254
-0.5076999999999999,-7.93228625834326
-0.5087,-7.977557019938943
-0.5096999999999999,-8.022827781534623
-0.5107,-8.0723426770299
-0.5116999999999999,-8.117613438625579
-0.5127,-8.168543045420723
-0.5136999999999999,-8.223716786115459
-0.5147,-8.26898754771114
-0.5156999999999999,-8.31991715450628
-0.5167,-8.373676183901154
-0.5176999999999999,-8.4203616567967
-0.5187,-8.475535397491434
-0.5196999999999999,-8.517976736487388
-0.5207,-8.577394611081719
-0.5216999999999999,-8.629738929176723
-0.5227,-8.683497958571595
-0.5236999999999999,-8.738671699266332
-0.5247,-8.796674862560797
-0.5257,-8.85043389195567
-0.5267000000000001,-8.902778210050675
-0.5277,-8.960781373345142
-0.5287000000000001,-9.01595511403988
-0.5297,-9.078202411233942
-0.5307000000000001,-9.130546729328946
-0.5317,-9.194208737822873
-0.5327000000000001,-9.247967767217744
-0.5337,-9.317288620911132
-0.5347000000000001,-9.371047650306002
-0.5357,-9.43753908139966
-0.5367000000000001,-9.495542244694127
-0.5377,-9.570521943586973
-0.5387000000000001,-9.621451550382114
-0.5397,-9.692187115375367
-0.5407000000000001,-9.750190278669832
-0.5417,-9.818096421063354
-0.5427000000000001,-9.89024669735647
-0.5437,-9.953908705850399
-0.5447000000000001,-10.018985425644189
-0.5457,-10.089720990637442
-0.5467000000000001,-10.171774246029615
-0.5477,-10.239680388423137
-0.5487000000000001,-10.317489509915713
-0.5497,-10.385395652309235
-0.5507000000000001,-10.456131217302488
-0.5517,-10.528281493595602
-0.5527000000000001,-10.607505326388045
-0.5537,-10.682485025280892
-0.5547000000000001,-10.761708858073334
-0.5557,-10.835273845666316
-0.5567000000000001,-10.910253544559163
-0.5577,-10.992306799951335
-0.5587000000000001,-11.091336590941888
-0.5597,-11.169145712434466
-0.5607000000000001,-11.252613679126501
-0.5617,-11.32759337801935
-0.5627000000000001,-11.406817210811791
-0.5637,-11.483211621004504
-0.5647000000000001,-11.599217947593436
-0.5657,-11.691174182084664
-0.5667000000000001,-11.804351086073867
-0.5677,-11.899136743164824
-0.5687000000000001,-11.995337111555646
-0.5697,-12.094366902546199
-0.5707000000000001,-12.180664291837966
-0.5717,-12.272620526329193
-0.5727000000000001,-12.377309162519206
-0.5737,-12.477753664809624
-0.5747000000000001,-12.586686434899232
-0.5757,-12.699863338888433
-0.5767000000000001,-12.808796108978042
-0.5777,-12.929046569466571
-0.5787000000000001,-13.023832226557529
-0.5797,-13.161059222644436
-0.5807000000000001,-13.258674302335123
-0.5817,-13.366192361124867
-0.5827000000000001,-13.477954553814206
-0.5837,-13.592546169103274
-0.5847000000000001,-13.72411431999072
-0.5857,-13.857097182178034
-0.5867000000000001,-13.991494755665215
-0.5877,-14.12306290655266
-0.5887000000000001,-14.26028990263957
-0.5897,-14.387613919627421
-0.5907000000000001,-14.529085049613924
-0.5917,-14.65640906660178
-0.5927000000000001,-14.797880196588284
-0.5937,-14.953498439573437
-0.5947000000000001,-15.094969569559943
-0.5957,-15.250587812545096
-0.5967000000000001,-15.406206055530248
-0.5977,-15.547677185516752
-0.5987000000000001,-15.717442541500558
-0.5997,-15.87306078448571
-0.6007000000000001,-16.04282614046952
-0.6017,-16.21259149645332
-0.6027000000000001,-16.382356852437127
-0.6037,-16.55212220842093
-0.6047000000000001,-16.721887564404735
-0.6057,-16.919947146385837
-0.6067000000000001,-17.089712502369647
-0.6077,-17.2736249713521
-0.6087000000000001,-17.471684553333205
-0.6097,-17.669744135314307
-0.6107000000000001,-17.867803717295413
-0.6117,-18.09415752527382
-0.6126999999999999,-18.292217107254928
-0.6137,-18.504423802234676
-0.6146999999999999,-18.702483384215785
-0.6157,-18.900542966196888
-0.6166999999999999,-19.098602548177997
-0.6177,-19.3249563561564
-0.6186999999999999,-19.551310164134804
-0.6197,-19.791811085111863
-0.6206999999999999,-20.03231200608892
-0.6217,-20.286960040064624
-0.6226999999999999,-20.52746096104168
-0.6237,-20.75381476902009
-0.6246999999999999,-21.036757028993097
-0.6257,-21.30555217596745
-0.6266999999999999,-21.58849443594046
-0.6277,-21.885583808912116
-0.6286999999999999,-22.15437895588647
-0.6297,-22.39487987686353
-0.6306999999999999,-22.691969249835186
-0.6317,-22.974911509808198
-0.6326999999999999,-23.272000882779853
-0.6337,-23.58323736875016
-0.6346999999999999,-23.88032674172182
-0.6357,-24.23400456668808
-0.6366999999999999,-24.559388165657033
-0.6377,-24.856477538628695
-0.6386999999999999,-25.1394197986017
-0.6397,-25.49309762356796
-0.6406999999999999,-25.832628335535567
-0.6417,-26.15801193450453
-0.6426999999999999,-26.511689759470787
-0.6437,-26.907808923433
-0.6446999999999999,-27.289780974396557
-0.6457,-27.62931168636417
-0.6466999999999999,-27.954695285333123
-0.6477,-28.350814449295335
-0.6486999999999999,-28.775227839254843
-0.6497,-29.157199890218404
-0.6507,-29.525024828183312
-0.6517000000000001,-29.949438218142824
-0.6527,-30.43044006009694
-0.6537000000000001,-30.82655922405915
-0.6547,-31.20853127502271
-0.6557000000000001,-31.64709177798087
-0.6567,-32.14224073293363
-0.6577000000000001,-32.62324257488775
-0.6587,-33.00521462585131
-0.6597000000000001,-33.38718667681487
-0.6607,-33.89648274476628
-0.6617000000000001,-34.36333747372174
-0.6627,-34.8867806546718
-0.6637000000000001,-35.353635383627264
-0.6647,-35.89122567757598
-0.6657000000000001,-36.48540442351929
-0.6667,-36.98055337847206
-0.6677000000000001,-37.50399655942213
-0.6687,-37.99914551437489
-0.6697000000000001,-38.49429446932764
-0.6707,-39.10262032826961
-0.6717000000000001,-39.56947505722508
-0.6727,-40.03632978618054
-0.6737000000000001,-40.602214306126555
-0.6747,-41.196393052069865
-0.6757000000000001,-41.84716025000779
-0.6767,-42.483780334947056
-0.6777000000000001,-43.09210619388902
-0.6787,-43.77116761782423
-0.6797000000000001,-44.36534636376755
-0.6807,-44.91708377071491
-0.6817000000000001,-45.52540962965688
-0.6827,-46.218618166590744
-0.6837000000000001,-46.72791423454216
-0.6847,-47.25135741549222
-0.6857000000000001,-47.8879775004315
-0.6867,-48.62362737636131
-0.6877000000000001,-49.34513013929248
-0.6887,-50.024191563227696
-0.6897000000000001,-50.66081164816696
-0.6907,-51.33987307210218
-0.6917000000000001,-52.37261232100366
-0.6927,-53.094115083934824
-0.6937000000000001,-53.77317650787004
-0.6947,-54.508826383799864
-0.6957000000000001,-55.30106471172429
-0.6967,-55.90939057066625
-0.6977000000000001,-56.60259910760012
-0.6987,-57.380690322525886
-0.6997000000000001,-58.10219308545706
-0.7007,-58.86613718738417
-0.7017000000000001,-59.64422840230995
-0.7027,-60.37987827823977
-0.7037000000000001,-61.228705058158795
-0.7047,-61.95020782108996
-0.7057000000000001,-62.68585769701977
-0.7067,-63.57712581593475
-0.7077000000000001,-64.60986506483623
-0.7087,-65.3596620537647
-0.7097000000000001,-65.88310523471476
-0.7107,-66.71778490163513
-0.7117000000000001,-67.59490590755146
-0.7127,-68.47202691346777
-0.7137000000000001,-69.33500080638545
-0.7147,-70.18382758630447
-0.7157000000000001,-71.04680147922215
-0.7167,-71.8814811461425
-0.7177000000000001,-72.74445503906018
-0.7187,-73.6498702709738
-0.7197000000000001,-74.56943261588609
-0.7207,-75.48899496079835
-0.7217000000000001,-76.38026307971333
-0.7227,-77.2998254246256
-0.7237000000000001,-78.36085889952437
-0.7247,-79.43603948742181
-0.7257000000000001,-80.39804317133003
-0.7267,-81.3458997422396
-0.7277000000000001,-82.25131497415322
-0.7287,-83.1991715450628
-0.7297000000000001,-84.07629255097913
-0.7307,-84.9392664438968
-0.7317000000000001,-85.83053456281178
-0.7327,-86.72180268172674
-0.7337000000000001,-87.75454193062824
-0.7347,-88.7589869535324
-0.7357000000000001,-89.80587331543254
-0.7367,-90.8669067903313
-0.7376999999999999,-91.84305758723818
-0.7387,-92.79091415814774
-0.7396999999999999,-93.76706495505464
-0.7407,-94.72906863896286
-0.7416999999999999,-95.775955000863
-0.7427,-96.79454713676581
-0.7436999999999999,-97.81313927266864
-0.7447,-98.81758429557281
-0.7456999999999999,-99.89276488347024
-0.7467,-100.92550413237171
-0.7476999999999999,-101.94409626827454
-0.7487,-102.90609995218277
-0.7496999999999999,-103.89639786208829
-0.7507,-104.97157844998573
-0.7516999999999999,-105.99017058588855
-0.7527,-106.98046849579409
-0.7536999999999999,-108.0273548576942
-0.7547,-109.08838833259297
-0.7556999999999999,-110.09283335549715
-0.7567,-111.13971971739728
-0.7576999999999999,-112.15831185330009
-0.7587,-113.21934532819888
-0.7596999999999999,-114.30867302909498
-0.7607,-115.42629495598834
-0.7616999999999999,-116.47318131788847
-0.7627,-117.57665613178321
-0.7636999999999999,-118.62354249368333
-0.7647,-119.71287019457942
-0.7656999999999999,-120.75975655647954
-0.7667,-121.79249580538101
-0.7676999999999999,-122.8535292802798
-0.7687,-123.95700409417452
-0.7696999999999999,-124.989743343076
-0.7707,-125.98004125298151
-0.7716999999999999,-127.11181029287356
-0.7727,-128.34260912375615
-0.7736999999999999,-129.36120125965894
-0.7747,-130.40808762155908
-0.7757,-131.35594419246866
-0.7767000000000001,-132.43112478036608
-0.7777,-133.4214226902716
-0.7787000000000001,-134.42586771317576
-0.7797,-135.43031273607997
-0.7807000000000001,-136.5337875499747
-0.7817,-137.43920278188833
-0.7827000000000001,-138.2455882228114
-0.7837,-138.9812380987412
-0.7847000000000001,-139.85835910465755
-0.7857,-140.59400898058735
-0.7867000000000001,-140.65059743258192
-0.7857,-139.29247458471153
-0.7847000000000001,-138.20314688381544
-0.7837,-137.2411431999072
-0.7827000000000001,-136.4489048719828
-0.7817,-135.4444598490786
-0.7807000000000001,-134.44001482617443
-0.7797,-133.37898135127566
-0.7787000000000001,-132.10574118139715
-0.7777,-130.9173836895105
-0.7767000000000001,-129.81390887561577
-0.7757,-128.66799272272507
-0.7747,-127.4937823438371
-0.7736999999999999,-126.39030752994238
-0.7727,-124.97559623007734
-0.7716999999999999,-123.91456275517855
-0.7707,-122.92426484527306
-0.7696999999999999,-121.86323137037427
-0.7687,-120.85878634747009
-0.7676999999999999,-119.81189998556997
-0.7667,-118.5386598156914
-0.7656999999999999,-117.3785965498021
-0.7647,-116.16194483191815
-0.7636999999999999,-114.98773445303017
-0.7627,-113.82767118714084
-0.7616999999999999,-112.72419637324612
-0.7607,-111.677310011346
-0.7596999999999999,-110.65871787544317
-0.7587,-109.56939017454708
-0.7576999999999999,-108.49420958664966
-0.7567,-107.4331761117509
-0.7556999999999999,-106.34384841085482
-0.7547,-105.29696204895468
-0.7536999999999999,-104.33495836504645
-0.7527,-103.44369024613148
-0.7516999999999999,-102.5807163532138
-0.7507,-101.56212421731098
-0.7496999999999999,-100.44450229041762
-0.7487,-99.55323417150264
-0.7476999999999999,-98.63367182659036
-0.7467,-97.62922680368618
-0.7456999999999999,-96.61063466778336
-0.7447,-95.86083767885488
-0.7436999999999999,-94.94127533394261
-0.7427,-94.16318411901683
-0.7416999999999999,-93.28606311310051
-0.7407,-92.40894210718419
-0.7396999999999999,-91.63085089225844
-0.7387,-90.7820241123394
-0.7376999999999999,-89.89075599342443
-0.7367,-89.05607632650405
-0.7357000000000001,-88.19310243358639
-0.7347,-87.30183431467142
-0.7337000000000001,-86.7076555687281
-0.7327,-85.81638744981312
-0.7317000000000001,-84.92511933089816
-0.7307,-84.06214543798048
-0.7297000000000001,-83.28405422305471
-0.7287,-82.37863899114109
-0.7277000000000001,-81.51566509822342
-0.7267,-80.62439697930844
-0.7257000000000001,-79.88874710337862
-0.7247,-79.01162609746228
-0.7237000000000001,-78.14865220454463
-0.7227,-77.31397253762425
-0.7217000000000001,-76.56417554869579
-0.7207,-75.7577901077727
-0.7197000000000001,-74.96555177984828
-0.7187,-74.24404901691713
-0.7177000000000001,-73.57913470598055
-0.7167,-72.92836750804264
-0.7157000000000001,-72.30589453610202
-0.7147,-71.52780332117625
-0.7137000000000001,-70.80630055824508
-0.7127,-70.15553336030716
-0.7117000000000001,-69.3491479193841
-0.7107,-68.61349804345427
-0.7097000000000001,-67.9202895065204
-0.7087,-67.18463963059058
-0.7077000000000001,-66.47728398065809
-0.7067,-65.88310523471476
-0.7057000000000001,-65.26063226277414
-0.7047,-64.55327661284163
-0.7037000000000001,-64.01568631889292
-0.7027,-63.30833066896038
-0.7017000000000001,-62.572680793030564
-0.7007,-61.96435493408861
-0.6997000000000001,-61.242852171157445
-0.6987,-60.54964363422357
-0.6977000000000001,-59.828140871292405
-0.6967,-59.09249099536258
-0.6957000000000001,-58.34269400643411
-0.6947,-57.7485152604908
-0.6937000000000001,-57.012865384560975
-0.6927,-56.39039241262036
-0.6917000000000001,-55.76791944067975
-0.6907,-55.20203492073373
-0.6897000000000001,-54.57956194879311
-0.6887,-53.999530315848446
-0.6877000000000001,-53.30632177891458
-0.6867,-52.72629014596991
-0.6857000000000001,-52.11796428702795
-0.6847,-51.453049976091386
-0.6837000000000001,-50.957901021138625
-0.6827,-50.32128093619935
-0.6817000000000001,-49.78369064225064
-0.6807,-49.387571478288436
-0.6797000000000001,-48.89242252333566
-0.6787,-48.1992139864018
-0.6777000000000001,-47.633329466455784
-0.6767,-47.067444946509774
-0.6757000000000001,-46.47326620056646
-0.6747,-45.90738168062044
-0.6737000000000001,-45.34149716067443
-0.6727,-44.775612640728404
-0.6717000000000001,-44.223875233781044
-0.6707,-43.672137826833676
-0.6697000000000001,-43.134547532884966
-0.6687,-42.86575238591062
-0.6677000000000001,-42.3564563179592
-0.6667,-41.80471891101183
-0.6657000000000001,-41.281275730061765
-0.6647,-40.828568114104954
-0.6637000000000001,-40.37586049814815
-0.6627,-39.90900576919269
-0.6617000000000001,-39.45629815323587
-0.6607,-39.01773765027771
-0.6597000000000001,-38.55088292132225
-0.6587,-38.09817530536544
-0.6577000000000001,-37.645467689408626
-0.6567,-37.291789864442364
-0.6557000000000001,-36.8249351354869
-0.6547,-36.38637463252874
-0.6537000000000001,-35.89122567757598
-0.6527,-35.45266517461782
-0.6517000000000001,-35.05654601065561
-0.6507,-34.632132620696105
-0.6497,-34.16527789174064
-0.6486999999999999,-33.68427604978652
-0.6477,-33.203274207832415
-0.6466999999999999,-32.73641947887695
-0.6457,-32.32615320191609
-0.6446999999999999,-31.915886924955227
-0.6437,-31.505620647994366
-0.6426999999999999,-31.137795710029454
-0.6417,-30.7558236590659
-0.6406999999999999,-30.359704495103685
-0.6397,-29.977732444140123
-0.6386999999999999,-29.59576039317657
-0.6377,-29.213788342213007
-0.6366999999999999,-28.8459634042481
-0.6357,-28.478138466283188
-0.6346999999999999,-28.12446064131693
-0.6337,-27.770782816350668
-0.6326999999999999,-27.417104991384413
-0.6317,-27.0775742794168
-0.6306999999999999,-26.723896454450543
-0.6297,-26.38436574248293
-0.6286999999999999,-26.016540804518023
-0.6277,-25.691157205549064
-0.6266999999999999,-25.37992071957876
-0.6257,-25.026242894612498
-0.6246999999999999,-24.686712182644893
-0.6237,-24.34718147067728
-0.6226999999999999,-24.021797871708326
-0.6217,-23.724708498736668
-0.6206999999999999,-23.399324899767706
-0.6197,-23.088088413797397
-0.6186999999999999,-22.776851927827092
-0.6177,-22.46561544185678
-0.6166999999999999,-22.168526068885125
-0.6157,-21.857289582914817
-0.6146999999999999,-21.560200209943158
-0.6137,-21.277257949970153
-0.6126999999999999,-20.980168576998494
-0.6117,-20.69722631702549
-0.6107000000000001,-20.414284057052477
-0.6097,-20.159636023076775
-0.6087000000000001,-19.93328221509837
-0.6077,-19.69278129412131
-0.6067000000000001,-19.423986147146955
-0.6057,-19.1834852261699
-0.6047000000000001,-18.94298430519284
-0.6037,-18.688336271217132
-0.6027000000000001,-18.433688237241427
-0.6017,-18.17904020326572
-0.6007000000000001,-17.952686395287316
-0.5997,-17.71218547431026
-0.5987000000000001,-17.48583166633185
-0.5977,-17.259477858353446
-0.5967000000000001,-17.047271163373694
-0.5957,-16.835064468393938
-0.5947000000000001,-16.622857773414182
-0.5937,-16.410651078434423
-0.5927000000000001,-16.19844438345467
-0.5917,-16.000384801473565
-0.5907000000000001,-15.78817810649381
-0.5897,-15.590118524512702
-0.5887000000000001,-15.3920589425316
-0.5877,-15.208146473549144
-0.5867000000000001,-15.02423400456669
-0.5857,-14.826174422585586
-0.5847000000000001,-14.65640906660178
-0.5837,-14.472496597619326
-0.5827000000000001,-14.30273124163552
-0.5817,-14.125892329152393
-0.5807000000000001,-13.958956395768316
-0.5797,-13.792020462384242
-0.5787000000000001,-13.62508452900017
-0.5777,-13.460978018215823
-0.5767000000000001,-13.30253035263094
-0.5757,-13.148326820945652
-0.5747000000000001,-12.996952711860093
-0.5737,-12.841334468874939
-0.5727000000000001,-12.691375071089244
-0.5717,-12.54424509590328
-0.5707000000000001,-12.399944543317048
-0.5697,-12.25988812463041
-0.5687000000000001,-12.122661128543498
-0.5677,-12.032119605352138
-0.5667000000000001,-11.894892609265227
-0.5657,-11.747762634079265
-0.5647000000000001,-11.616194483191816
-0.5637,-11.474723353205313
-0.5627000000000001,-11.348814047517324
-0.5617,-11.220075319229606
-0.5607000000000001,-11.104068992640675
-0.5597,-10.980989109552414
-0.5587000000000001,-10.860738649063887
-0.5577,-10.740488188575359
-0.5567000000000001,-10.62306715068656
-0.5557,-10.509890246697358
-0.5547000000000001,-10.39812805400802
-0.5537,-10.286365861318682
-0.5527000000000001,-10.180262513828804
-0.5517,-10.071329743739195
-0.5507000000000001,-9.965226396249319
-0.5497,-9.86195247135917
-0.5487000000000001,-9.758678546469023
-0.5477,-9.659648755478472
-0.5467000000000001,-9.563448387087647
-0.5457,-9.46583330739696
-0.5447000000000001,-9.368218227706274
-0.5437,-9.27201785931545
-0.5427000000000001,-9.178646913524359
-0.5417,-9.083861256433401
-0.5407000000000001,-8.989075599342444
-0.5397,-8.901363498750811
-0.5387000000000001,-8.810821975559447
-0.5377,-8.72452458626768
-0.5367000000000001,-8.641056619575643
-0.5357,-8.559003364183472
-0.5347000000000001,-8.478364820091164
-0.5337,-8.393482142099263
-0.5327000000000001,-8.317087731906552
-0.5317,-8.232205053914647
-0.5307000000000001,-8.155810643721937
-0.5297,-8.07800152222936
-0.5287000000000001,-7.998777689436918
-0.5277,-7.92379799054407
-0.5267000000000001,-7.847403580351358
-0.5257,-7.771009170158646
-0.5247,-7.697444182565665
-0.5236999999999999,-7.622464483672818
-0.5227,-7.548899496079835
-0.5216999999999999,-7.479578642386449
-0.5207,-7.410257788693063
-0.5196999999999999,-7.33952222369981
-0.5187,-7.268786658706559
-0.5176999999999999,-7.203709938912767
-0.5167,-7.135803796519245
-0.5156999999999999,-7.067897654125724
-0.5147,-7.005650356931662
-0.5136999999999999,-6.93774421453814
-0.5127,-6.871252783444484
-0.5116999999999999,-6.807590774950556
-0.5107,-6.7410993438569
-0.5096999999999999,-6.681681469262568
-0.5087,-6.619434172068506
-0.5076999999999999,-6.55860158617431
-0.5067,-6.497769000280114
-0.5056999999999999,-6.4397658369856465
-0.5047,-6.376103828491721
-0.5036999999999999,-6.316685953897389
-0.5027,-6.2558533680031925
-0.5016999999999999,-6.197850204708726
-0.5007,-6.142676464013989
-0.4996999999999999,-6.084673300719523
-0.49870000000000003,-6.0323289826245166
-0.4976999999999999,-5.975740530629915
-0.49670000000000003,-5.913493233435854
-0.4956999999999999,-5.8625636266407115
-0.49470000000000003,-5.811634019845571
-0.4936999999999999,-5.756460279150835
-0.4927,-5.706945383655557
-0.4916999999999999,-5.650356931660957
-0.4907,-5.596597902266086
-0.4896999999999999,-5.545668295470944
-0.4887,-5.490494554776207
-0.4876999999999999,-5.4423943705807964
-0.4867,-5.39570889768525
-0.48570000000000013,-5.339120445690648
-0.4847,-5.289605550195372
-0.48370000000000013,-5.235846520800501
-0.4827,-5.189161047904955
-0.48170000000000013,-5.136816729809948
-0.4807,-5.084472411714942
-0.4797000000000001,-5.0420310727189905
-0.4787,-4.9896867546239845
-0.4777000000000001,-4.943001281728439
-0.4767,-4.892071674933297
-0.4757000000000001,-4.843971490737885
-0.4747,-4.800115440442069
-0.4737000000000001,-4.749185833646928
-0.4727,-4.702500360751382
-0.4717000000000001,-4.651570753956241
-0.4707,-4.607714703660425
-0.4697000000000001,-4.565273364664473
-0.4687,-4.515758469169198
-0.4677000000000001,-4.469072996273651
-0.4667,-4.42380223467797
-0.4657000000000001,-4.378531473082289
-0.4647,-4.331846000186743
-0.4637000000000001,-4.285160527291196
-0.4627,-4.245548610894974
-0.4617000000000001,-4.200277849299294
-0.4607,-4.159251221603208
-0.4597000000000001,-4.115395171307392
-0.4587,-4.067294987111981
-0.4577000000000001,-4.030512493315489
-0.4567,-3.986656443019674
-0.4557000000000001,-3.9428003927238575
-0.4547,-3.901773765027771
-0.4537000000000001,-3.8579177147319554
-0.4527,-3.8168910870358688
-0.4517000000000001,-3.7744497480399173
-0.4507,-3.7320084090439667
-0.4497000000000001,-3.6923964926477457
-0.4487,-3.6499551536517942
-0.4477000000000001,-3.6117579485554394
-0.4467,-3.566487186959758
-0.4457000000000001,-3.5282899818634013
-0.4447,-3.4900927767670455
-0.4437000000000001,-3.4490661490709593
-0.4427,-3.4094542326747383
-0.4417000000000001,-3.3726717388782474
-0.4407,-3.3330598224820265
-0.4397000000000001,-3.2948626173856703
-0.4387,-3.2552507009894494
-0.4377000000000001,-3.217053495893093
-0.4367,-3.1802710020966023
-0.4357000000000001,-3.1434885083001114
-0.4347,-3.1081207258034858
-0.4337000000000001,-3.0713382320069944
-0.4327,-3.034555738210504
-0.4317000000000001,-2.997773244414013
-0.43069999999999997,-2.9595760393176564
-0.4297000000000001,-2.922793545521166
-0.42869999999999997,-2.8860110517246746
-0.4277000000000001,-2.852057980527914
-0.42669999999999997,-2.8124460641316933
-0.4257000000000001,-2.778492992934932
-0.42469999999999997,-2.744539921738171
-0.4237000000000001,-2.709172139241545
-0.42269999999999996,-2.6752190680447843
-0.4217000000000001,-2.639851285548158
-0.42069999999999996,-2.6058982143513973
-0.4197000000000001,-2.5719451431546365
-0.41869999999999996,-2.5408214945576058
-0.41770000000000007,-2.509697845960575
-0.41669999999999996,-2.4771594860636794
-0.41570000000000007,-2.4417917035670533
-0.41469999999999996,-2.412082766269888
-0.41370000000000007,-2.3753002724733965
-0.41269999999999996,-2.3455913351762305
-0.41170000000000007,-2.3130529752793345
-0.41069999999999995,-2.280514615382439
-0.40970000000000006,-2.249390966785408
-0.40869999999999995,-2.2140231842887825
-0.40770000000000006,-2.1828995356917518
-0.40669999999999995,-2.1531905983945863
-0.40570000000000006,-2.1206522384976902
-0.40469999999999995,-2.092358012500389
-0.40370000000000006,-2.0584049413036287
-0.40269999999999995,-2.0301107153063276
-0.40170000000000006,-2.001816489309027
-0.40069999999999995,-1.9692781294121309
-0.39970000000000006,-1.9438133260145605
-0.39869999999999994,-1.9126896774175295
-0.39770000000000005,-1.884395451420229
-0.39669999999999994,-1.8546865141230628
-0.39570000000000005,-1.8249775768258971
-0.39469999999999994,-1.7995127734283267
-0.39370000000000005,-1.769803836131161
-0.39269999999999994,-1.7415096101338603
-0.39170000000000005,-1.7160448067362895
-0.39069999999999994,-1.6877505807389888
-0.38970000000000005,-1.6637004886412832
-0.38869999999999993,-1.6354062626439825
-0.38770000000000004,-1.6085267479465466
-0.38669999999999993,-1.583061944548976
-0.38570000000000004,-1.5590118524512704
-0.38469999999999993,-1.5349617603535646
-0.38370000000000004,-1.5094969569559942
-0.38269999999999993,-1.4840321535584236
-0.38170000000000004,-1.4585673501608527
-0.3806999999999999,-1.4345172580631471
-0.37970000000000004,-1.4115989350053335
-0.3786999999999999,-1.386700016127709
-0.37770000000000004,-1.3615181549901114
-0.3766999999999999,-1.3381754185423382
-0.37570000000000003,-1.3152570954845246
-0.3746999999999999,-1.293753483726576
-0.37370000000000003,-1.2689960359789378
-0.3726999999999999,-1.2476338953509758
-0.37170000000000003,-1.2238667455132433
-0.3706999999999999,-1.2008069513254431
-0.36970000000000003,-1.1812839353873055
-0.3686999999999999,-1.1583656123294919
-0.3677,-1.135588760401665
-0.3666999999999999,-1.115075446553622
-0.3657,-1.0945621327055788
-0.3646999999999999,-1.07631235693732
-0.3637,-1.0532525627495197
-0.3626999999999999,-1.0338710179413688
-0.3617,-1.01562124217311
-0.36070000000000013,-0.9959567551049858
-0.3597,-0.9791216906365918
-0.35870000000000013,-0.9562033675787782
-0.3577,-0.9397927165003438
-0.35670000000000013,-0.9194208737822873
-0.3557,-0.9015955114039879
-0.3547000000000001,-0.8874483984053376
-0.3537,-0.8672180268172675
-0.3527000000000001,-0.8493926644389681
-0.3517,-0.8336893690104662
-0.3507000000000001,-0.8147322375922746
-0.3497,-0.7990289421637727
-0.3487000000000001,-0.7807791663955137
-0.3477,-0.7632367462771872
-0.3467000000000001,-0.7495140466684964
-0.3457,-0.7315472131602104
-0.3447000000000001,-0.7174001001615601
-0.3437,-0.6990088532633147
-0.3427000000000001,-0.6851446825246373
-0.3417,-0.6707146272660139
-0.3407000000000001,-0.6550113318375119
-0.3397,-0.6415715744887941
-0.3387000000000001,-0.6247365100204001
-0.3377,-0.6112967526716824
-0.3367000000000001,-0.595734928373167
-0.3357,-0.5832854689343547
-0.3347000000000001,-0.5704115961055828
-0.3337,-0.5551327140670403
-0.3327000000000001,-0.5442394370580796
-0.3317,-0.5292434972795103
-0.3307000000000001,-0.5169355089706844
-0.3297,-0.5051934051818046
-0.3287000000000001,-0.48835834071341067
-0.3277,-0.47675770805451734
-0.3267000000000001,-0.46544001765559706
-0.3257,-0.45313202934677127
-0.3247000000000001,-0.4442193481576215
-0.3237,-0.4290819372490656
-0.3227000000000001,-0.4193204292799969
-0.3217,-0.40701244097117106
-0.3207000000000001,-0.3948459237923317
-0.3197,-0.386782069383101
-0.3187000000000001,-0.3709373028246126
-0.3177,-0.3603269680756248
-0.3167000000000001,-0.3507069312365426
-0.3157,-0.3392477697076358
-0.3147000000000001,-0.33274009772825663
-0.3137,-0.32000769602947127
-0.3127000000000001,-0.31095354371033507
-0.3117,-0.3006261512213203
-0.3107000000000001,-0.2914305277721975
-0.3097,-0.2818104909331153
-0.3087000000000001,-0.2724733963540061
-0.3077,-0.2615801193450453
-0.3067000000000001,-0.25507244736566614
-0.30569999999999997,-0.24531093939659734
-0.3047000000000001,-0.23767149837732615
-0.30369999999999997,-0.2284758749282034
-0.3027000000000001,-0.2204120205189727
-0.30169999999999997,-0.2116408104598095
-0.3007000000000001,-0.20329401379060577
-0.29969999999999997,-0.19904987989101067
-0.2987000000000001,-0.18914690079195542
-0.29769999999999996,-0.18164893090267073
-0.2967000000000001,-0.17429243214337253
-0.29569999999999996,-0.1667944622540878
-0.2947000000000001,-0.1619844438345467
-0.29369999999999996,-0.15278882038542396
-0.29270000000000007,-0.1458567350160853
-0.29169999999999996,-0.13968859374867373
-0.29070000000000007,-0.1314549739834592
-0.28969999999999996,-0.1275503707958317
-0.28870000000000007,-0.11846792425069817
-0.28769999999999996,-0.11218660607929741
-0.28670000000000007,-0.10744732322474954
-0.28569999999999995,-0.10018985425644189
-0.28470000000000006,-0.09600230880884139
-0.28369999999999995,-0.08776868904362688
-0.28270000000000006,-0.08427435213296022
-0.28169999999999995,-0.08106295748226659
-0.28070000000000006,-0.07282933771705208
-0.27969999999999995,-0.07045262273327882
-0.27870000000000006,-0.061808736691103455
-0.27769999999999995,-0.057196777853543435
-0.27670000000000006,-0.0538439120728633
-0.27569999999999995,-0.046444971974569156
-0.27470000000000006,-0.04463414151074191
-0.27369999999999994,-0.03947044526623452
-0.27270000000000005,-0.03193003403795388
-0.27169999999999994,-0.028591315370272388
-0.27070000000000005,-0.023427619125765006
-0.26969999999999994,-0.021050904141991744
-0.26870000000000005,-0.014345172580631472
-0.26769999999999994,-0.012534342116804225
-0.26670000000000005,-0.006671778490163513
-0.26569999999999994,-0.0027629311686364166
-0.26470000000000005,-0.0020654784978029537
-0.26369999999999993,0.006029499560024787
-0.26270000000000004,0.007983215865138404
-0.26169999999999993,0.012310817731425549
-0.26070000000000004,0.016354062626439823
-0.25969999999999993,0.017188742293360197
-0.25870000000000004,0.023342736447773106
-0.25769999999999993,0.027940548172334476
-0.25670000000000004,0.030175792026121234
-0.2556999999999999,0.032552507009894496
-0.25470000000000004,0.03464627973369475
-0.2536999999999999,0.04176227757201588
-0.25270000000000004,0.04343163690585663
-0.2516999999999999,0.046360089296577256
-0.25070000000000003,0.04901974654032352
-0.24969999999999992,0.051665256671071136
-0.24870000000000003,0.05613574437864466
-0.24769999999999992,0.05711189517555153
-0.24670000000000003,0.062275591420058916
-0.24569999999999992,0.062134120290072405
-0.24470000000000003,0.06408642188388616
-0.24369999999999992,0.06953306038836657
-0.24270000000000003,0.07065068231525992
-0.24169999999999991,0.07414501922592658
-0.24070000000000003,0.07776668015358107
-0.2396999999999999,0.0770734716166472
-0.23870000000000002,0.08083660367428819
-0.2376999999999999,0.08307184752807495
-0.23670000000000002,0.08502414912188871
-0.23570000000000013,0.08823554377258234
-0.23470000000000002,0.08935316569947571
-0.23370000000000013,0.09298897374012885
-0.23270000000000002,0.09549301274088996
-0.23170000000000013,0.09522421759391562
-0.23070000000000002,0.0984214651316106
-0.22970000000000013,0.09996350044846349
-0.22870000000000001,0.10275048170919761
-0.22770000000000012,0.10484425443299787
-0.2267,0.10596187635989125
-0.22570000000000012,0.10791417795370499
-0.2247,0.10848006247365101
-0.22370000000000012,0.11336081645818537
-0.2227,0.11295055018122453
-0.22170000000000012,0.11602047370193166
-0.2207,0.116289268848906
-0.21970000000000012,0.1179727752957454
-0.2187,0.12047681429650652
-0.21770000000000012,0.1213114939634269
-0.2167,0.12354673781721365
-0.2157000000000001,0.12759281213482765
-0.2147,0.12578198167100044
-0.2137000000000001,0.13108714904549432
-0.2127,0.12996952711860094
-0.2117000000000001,0.13206329984240117
-0.2107,0.1324877132323607
-0.2097000000000001,0.13108714904549432
-0.2087,0.13610937416001517
-0.2077000000000001,0.13793435173684107
-0.2067,0.13779288060685457
-0.2057000000000001,0.13820314688381544
-0.2047,0.13891050253374798
-0.2037000000000001,0.1423199567664227
-0.2027,0.1434517258063147
-0.2017000000000001,0.14486643710617977
-0.2007,0.14529085049613927
-0.1997000000000001,0.14302731241635522
-0.1987,0.14642261953603128
-0.1977000000000001,0.14939351326574787
-0.19669999999999999,0.14911057100577488
-0.1957000000000001,0.15179852247551845
-0.19469999999999998,0.14953498439573437
-0.1937000000000001,0.15307176264539696
-0.19269999999999998,0.155335300725181
-0.1917000000000001,0.15363764716534298
-0.1907000000000001,0.15547677185516753
-0.1897000000000002,0.15632559863508652
-0.1887000000000001,0.1585891367148706
-0.1877000000000002,0.15929649236480314
-0.1867000000000001,0.15972090575476264
-0.1857000000000002,0.16085267479465465
-0.1847000000000001,0.16071120366466815
-0.1837000000000002,0.1622673860945197
-0.18270000000000008,0.16354062626439822
-0.1817000000000002,0.16523827982423628
-0.18070000000000008,0.16467239530429026
-0.1797000000000002,0.16509680869424978
-0.17870000000000008,0.16764328903400685
-0.1777000000000002,0.16806770242396638
-0.17670000000000008,0.1696238848538179
-0.1757000000000002,0.16919947146385841
-0.17470000000000008,0.1697653559838044
-0.1737000000000002,0.17146300954364244
-0.17270000000000008,0.17202889406358848
-0.17170000000000019,0.173019191973494
-0.17070000000000007,0.17457537440334553
-0.16970000000000018,0.1731606631034805
-0.16870000000000007,0.17782921039303512
-0.16770000000000018,0.17613155683319706
-0.16670000000000007,0.17655597022315658
-0.16570000000000018,0.17754626813306212
-0.16470000000000007,0.17881950830294063
-0.16370000000000018,0.18320511333252223
-0.16270000000000007,0.18136598864269768
-0.16170000000000018,0.18207334429263022
-0.16070000000000007,0.18377099785246825
-0.15970000000000018,0.1851857091523333
-0.15870000000000006,0.18362952672248176
-0.15770000000000017,0.1861760070622388
-0.15670000000000006,0.1846198246323873
-0.15570000000000017,0.1860345359322523
-0.15470000000000006,0.18631747819222533
-0.15370000000000017,0.18928837192194192
-0.15270000000000006,0.19070308322180693
-0.15170000000000017,0.19070308322180693
-0.15070000000000006,0.19155191000172597
-0.14970000000000017,0.19084455435179343
-0.14870000000000005,0.19381544808151
-0.14770000000000016,0.19523015938137506
-0.14670000000000005,0.19409839034148305
-0.14570000000000016,0.19480574599141554
-0.14470000000000005,0.19551310164134805
-0.14370000000000016,0.19904987989101067
-0.14270000000000005,0.20131341797079472
-0.14170000000000016,0.19919135102099716
-0.14070000000000005,0.19904987989101067
-0.13970000000000016,0.19862546650105112
-0.13870000000000005,0.20216224475071373
-0.13770000000000016,0.20187930249074074
-0.13670000000000004,0.20329401379060577
-0.13570000000000015,0.20598196526034934
-0.13470000000000004,0.20329401379060577
-0.13370000000000015,0.20626490752032234
-0.13270000000000004,0.2076796188201874
-0.13170000000000015,0.20923580125003893
-0.13070000000000004,0.21036757028993097
-0.12970000000000015,0.21008462802995795
-0.12870000000000004,0.211782281589796
-0.12770000000000015,0.21234816610974203
-0.12670000000000003,0.21418729079956658
-0.12570000000000014,0.21729965565926962
-0.12470000000000003,0.21503611757948557
-0.12370000000000014,0.2199876071290132
-0.12270000000000003,0.22055349164895924
-0.12170000000000014,0.2195631937390537
-0.12070000000000003,0.22168526068885125
-0.11970000000000014,0.22225114520879727
-0.11870000000000003,0.22564645232847336
-0.11770000000000014,0.22720263475832486
-0.11670000000000003,0.22663675023837887
-0.11570000000000014,0.22748557701829786
-0.11470000000000002,0.22890028831816295
-0.11370000000000013,0.23229559543783898
-0.11270000000000002,0.23470060464760956
-0.11170000000000013,0.2345591335176231
-0.11070000000000024,0.2365397293374341
-0.10970000000000013,0.2385203251572452
-0.10870000000000024,0.24106680549700227
-0.10770000000000013,0.24219857453689428
-0.10670000000000024,0.2443206414866918
-0.10570000000000013,0.24361328583675934
-0.10470000000000024,0.24630123730650288
-0.10370000000000013,0.251111255726044
-0.10270000000000024,0.2523844958959225
-0.10170000000000012,0.25535538962563914
-0.10070000000000023,0.2552139184956526
-0.09970000000000012,0.25988246578520724
-0.09870000000000023,0.25974099465522077
-0.09770000000000012,0.2628533595149239
-0.09670000000000023,0.2625704172549508
-0.09570000000000012,0.26554131098466743
-0.09470000000000023,0.26582425324464043
-0.09370000000000012,0.27120015618412757
-0.09270000000000023,0.2727563386139791
-0.09170000000000011,0.2754442900837227
-0.09070000000000022,0.2781322415534663
-0.08970000000000011,0.27601017460366867
-0.08870000000000022,0.27954695285333125
-0.08770000000000011,0.2839325578829129
-0.08670000000000022,0.2854887403127644
-0.08570000000000011,0.2880352206525215
-0.08470000000000022,0.29058170099227854
-0.08370000000000011,0.29397700811195465
-0.08270000000000022,0.2955331905418062
-0.0817000000000001,0.2999187955713878
-0.08070000000000022,0.3007676223513068
-0.0797000000000001,0.30303116043109085
-0.07870000000000021,0.30727529433068596
-0.0777000000000001,0.3093973612804835
-0.07670000000000021,0.3130756106601326
-0.0757000000000001,0.3170368022997547
-0.07470000000000021,0.3177441579496872
-0.0737000000000001,0.3239688876690934
-0.07270000000000021,0.32764713704874243
-0.0717000000000001,0.32976920399854004
-0.07070000000000021,0.3340133378981352
-0.0697000000000001,0.3350036358080407
-0.0687000000000002,0.3391062985776493
-0.0677000000000001,0.3426430768273119
-0.0667000000000002,0.34476514377710943
-0.06570000000000009,0.3508484023665291
-0.0647000000000002,0.35169722914644813
-0.06370000000000009,0.35905372790574636
-0.0627000000000002,0.3611757948555439
-0.06170000000000009,0.36796640909489603
-0.0607000000000002,0.36994700491470706
-0.059700000000000086,0.3733423120343832
-0.058700000000000196,0.3773035036740053
-0.057700000000000085,0.38084028192366787
-0.056700000000000195,0.3869235405130875
-0.05570000000000008,0.39088473215270964
-0.05470000000000019,0.3944215104023722
-0.05370000000000008,0.40036329786180536
-0.05270000000000019,0.404183018371441
-0.05170000000000008,0.40955892131092814
-0.05070000000000019,0.4133786418205638
-0.04970000000000008,0.4159251221603208
-0.04870000000000019,0.42497927447945705
-0.047700000000000076,0.42752575481921407
-0.046700000000000186,0.4350237247084988
-0.045700000000000074,0.43898491634812087
-0.044700000000000184,0.4428046368577565
-0.04370000000000007,0.4501611356170546
-0.04270000000000018,0.4546882117766228
-0.04170000000000007,0.4600641147161099
-0.04070000000000018,0.4650156042656376
-0.03970000000000007,0.47010856494515163
-0.03870000000000018,0.47774800596442285
-0.03770000000000007,0.48227508212399106
-0.03670000000000018,0.4892071674933296
-0.035700000000000065,0.49599778173268183
-0.034700000000000175,0.4999589733723039
-0.03370000000000006,0.5064666453516832
-0.03270000000000017,0.5129743173310622
-0.03170000000000006,0.519057575920482
-0.03070000000000017,0.5244334788599692
-0.02970000000000006,0.5305167374493888
-0.02870000000000017,0.5371658805587545
-0.027700000000000058,0.5443809081880661
-0.026700000000000168,0.5501812245175128
-0.025700000000000056,0.5554156563270134
-0.024700000000000166,0.5656015776860417
-0.023700000000000054,0.5729580764453399
-0.022700000000000164,0.5784754505148135
-0.021700000000000053,0.5847001802342197
-0.020700000000000163,0.5905004965636662
-0.01970000000000005,0.5975740530629915
-0.01870000000000016,0.6049305518222896
-0.01770000000000005,0.6125699928415609
-0.01670000000000016,0.6197850204708726
-0.015700000000000047,0.6274244614901437
-0.014700000000000157,0.6343565468594824
-0.013700000000000045,0.6431277569186457
-0.012700000000000156,0.6477963042082002
-0.011700000000000044,0.6576992833072556
-0.010700000000000154,0.6656216665864998
-0.009700000000000042,0.672695223085825
-0.008700000000000152,0.6830226155748397
-0.00770000000000004,0.6895302875542189
-0.00670000000000015,0.6960379595335981
-0.005700000000000038,0.7039603428128423
-0.0047000000000001485,0.710609485922208
-0.0037000000000000366,0.7193806959813712
-0.0027000000000001467,0.7256054257007774
-0.0017000000000000348,0.7346595780199136
-0.000700000000000145,0.7449869705089284
0.00029999999999996696,0.749938460058456
0.0012999999999998568,0.7609732081974032
0.0022999999999999687,0.7691785337366205
0.0032999999999998586,0.7771009170158646
0.0042999999999999705,0.7861550693350008
0.00529999999999986,0.7902577321046094
0.006299999999999972,0.8005851245936242
0.007299999999999862,0.808366036742882
0.008299999999999974,0.8165713622820991
0.009299999999999864,0.8256255146012355
0.010299999999999976,0.8339723112704392
0.011299999999999866,0.8427435213296024
0.012299999999999978,0.8515147313887655
