June 25, 2026   13:58:27
Cyclic Voltammetry
File: c:/users/guazh/data/20260623_doe_duplica2/2026-06-24-exp6\exp6-2026-06-25t13_52_57-h2koh\exp6_cv_sr_50mvs_efin_-1400mv.bin
Data Source:  Experiment
Instrument Model:  CHI760E
Header: CV ran at 50 mVs
Note: 

Init E (V) = -1
High E (V) = -1
Low E (V) = -1.4
Final E (V) = -1
Init P/N = N
Scan Rate (V/s) = 0.05
Segment = 3
Sample Interval (V) = 0.001
Quiet Time (sec) = 2
Sensitivity (A/V) = 0.01
Comp R (ohm) = 2.0

Results:

Channel 1:
Segment 1:

Segment 2:

Segment 3:

Potential/V, Current/A

-1.000, 5.365e-6
-1.001, 4.525e-5
-1.002, 5.886e-5
-1.003, 6.552e-5
-1.004, 7.064e-5
-1.005, 7.417e-5
-1.006, 7.707e-5
-1.007, 7.969e-5
-1.008, 8.178e-5
-1.009, 8.382e-5
-1.010, 8.562e-5
-1.011, 8.705e-5
-1.012, 8.890e-5
-1.013, 9.005e-5
-1.014, 9.124e-5
-1.015, 9.266e-5
-1.016, 9.358e-5
-1.017, 9.472e-5
-1.018, 9.569e-5
-1.019, 9.651e-5
-1.020, 9.771e-5
-1.021, 9.802e-5
-1.022, 9.901e-5
-1.023, 1.000e-4
-1.024, 1.010e-4
-1.025, 1.015e-4
-1.026, 1.022e-4
-1.027, 1.022e-4
-1.028, 1.032e-4
-1.029, 1.034e-4
-1.030, 1.040e-4
-1.031, 1.050e-4
-1.032, 1.048e-4
-1.033, 1.055e-4
-1.034, 1.062e-4
-1.035, 1.061e-4
-1.036, 1.068e-4
-1.037, 1.070e-4
-1.038, 1.074e-4
-1.039, 1.078e-4
-1.040, 1.080e-4
-1.041, 1.086e-4
-1.042, 1.086e-4
-1.043, 1.088e-4
-1.044, 1.094e-4
-1.045, 1.094e-4
-1.046, 1.093e-4
-1.047, 1.100e-4
-1.048, 1.097e-4
-1.049, 1.103e-4
-1.050, 1.104e-4
-1.051, 1.104e-4
-1.052, 1.109e-4
-1.053, 1.108e-4
-1.054, 1.110e-4
-1.055, 1.114e-4
-1.056, 1.111e-4
-1.057, 1.113e-4
-1.058, 1.115e-4
-1.059, 1.116e-4
-1.060, 1.117e-4
-1.061, 1.116e-4
-1.062, 1.117e-4
-1.063, 1.124e-4
-1.064, 1.119e-4
-1.065, 1.122e-4
-1.066, 1.122e-4
-1.067, 1.122e-4
-1.068, 1.124e-4
-1.069, 1.124e-4
-1.070, 1.125e-4
-1.071, 1.128e-4
-1.072, 1.123e-4
-1.073, 1.127e-4
-1.074, 1.129e-4
-1.075, 1.132e-4
-1.076, 1.135e-4
-1.077, 1.130e-4
-1.078, 1.131e-4
-1.079, 1.136e-4
-1.080, 1.134e-4
-1.081, 1.137e-4
-1.082, 1.138e-4
-1.083, 1.136e-4
-1.084, 1.141e-4
-1.085, 1.138e-4
-1.086, 1.140e-4
-1.087, 1.145e-4
-1.088, 1.142e-4
-1.089, 1.148e-4
-1.090, 1.147e-4
-1.091, 1.147e-4
-1.092, 1.156e-4
-1.093, 1.152e-4
-1.094, 1.158e-4
-1.095, 1.160e-4
-1.096, 1.162e-4
-1.097, 1.161e-4
-1.098, 1.164e-4
-1.099, 1.165e-4
-1.100, 1.173e-4
-1.101, 1.175e-4
-1.102, 1.176e-4
-1.103, 1.184e-4
-1.104, 1.178e-4
-1.105, 1.190e-4
-1.106, 1.192e-4
-1.107, 1.195e-4
-1.108, 1.201e-4
-1.109, 1.201e-4
-1.110, 1.207e-4
-1.111, 1.215e-4
-1.112, 1.215e-4
-1.113, 1.223e-4
-1.114, 1.229e-4
-1.115, 1.232e-4
-1.116, 1.240e-4
-1.117, 1.244e-4
-1.118, 1.252e-4
-1.119, 1.261e-4
-1.120, 1.263e-4
-1.121, 1.272e-4
-1.122, 1.282e-4
-1.123, 1.287e-4
-1.124, 1.300e-4
-1.125, 1.301e-4
-1.126, 1.312e-4
-1.127, 1.324e-4
-1.128, 1.331e-4
-1.129, 1.341e-4
-1.130, 1.353e-4
-1.131, 1.363e-4
-1.132, 1.373e-4
-1.133, 1.381e-4
-1.134, 1.392e-4
-1.135, 1.410e-4
-1.136, 1.418e-4
-1.137, 1.432e-4
-1.138, 1.444e-4
-1.139, 1.459e-4
-1.140, 1.473e-4
-1.141, 1.487e-4
-1.142, 1.504e-4
-1.143, 1.520e-4
-1.144, 1.534e-4
-1.145, 1.550e-4
-1.146, 1.570e-4
-1.147, 1.588e-4
-1.148, 1.605e-4
-1.149, 1.623e-4
-1.150, 1.643e-4
-1.151, 1.667e-4
-1.152, 1.684e-4
-1.153, 1.704e-4
-1.154, 1.729e-4
-1.155, 1.748e-4
-1.156, 1.776e-4
-1.157, 1.795e-4
-1.158, 1.822e-4
-1.159, 1.850e-4
-1.160, 1.871e-4
-1.161, 1.903e-4
-1.162, 1.930e-4
-1.163, 1.953e-4
-1.164, 1.991e-4
-1.165, 2.018e-4
-1.166, 2.049e-4
-1.167, 2.082e-4
-1.168, 2.112e-4
-1.169, 2.149e-4
-1.170, 2.185e-4
-1.171, 2.217e-4
-1.172, 2.255e-4
-1.173, 2.288e-4
-1.174, 2.322e-4
-1.175, 2.368e-4
-1.176, 2.407e-4
-1.177, 2.455e-4
-1.178, 2.494e-4
-1.179, 2.535e-4
-1.180, 2.585e-4
-1.181, 2.627e-4
-1.182, 2.674e-4
-1.183, 2.727e-4
-1.184, 2.770e-4
-1.185, 2.824e-4
-1.186, 2.875e-4
-1.187, 2.925e-4
-1.188, 2.986e-4
-1.189, 3.039e-4
-1.190, 3.096e-4
-1.191, 3.160e-4
-1.192, 3.215e-4
-1.193, 3.281e-4
-1.194, 3.340e-4
-1.195, 3.399e-4
-1.196, 3.474e-4
-1.197, 3.540e-4
-1.198, 3.604e-4
-1.199, 3.679e-4
-1.200, 3.748e-4
-1.201, 3.826e-4
-1.202, 3.900e-4
-1.203, 3.975e-4
-1.204, 4.051e-4
-1.205, 4.128e-4
-1.206, 4.214e-4
-1.207, 4.297e-4
-1.208, 4.379e-4
-1.209, 4.463e-4
-1.210, 4.553e-4
-1.211, 4.642e-4
-1.212, 4.739e-4
-1.213, 4.829e-4
-1.214, 4.928e-4
-1.215, 5.029e-4
-1.216, 5.126e-4
-1.217, 5.227e-4
-1.218, 5.333e-4
-1.219, 5.436e-4
-1.220, 5.551e-4
-1.221, 5.658e-4
-1.222, 5.770e-4
-1.223, 5.882e-4
-1.224, 5.997e-4
-1.225, 6.115e-4
-1.226, 6.236e-4
-1.227, 6.359e-4
-1.228, 6.495e-4
-1.229, 6.625e-4
-1.230, 6.741e-4
-1.231, 6.889e-4
-1.232, 7.020e-4
-1.233, 7.148e-4
-1.234, 7.292e-4
-1.235, 7.436e-4
-1.236, 7.577e-4
-1.237, 7.713e-4
-1.238, 7.864e-4
-1.239, 8.021e-4
-1.240, 8.176e-4
-1.241, 8.339e-4
-1.242, 8.500e-4
-1.243, 8.658e-4
-1.244, 8.831e-4
-1.245, 8.994e-4
-1.246, 9.162e-4
-1.247, 9.341e-4
-1.248, 9.517e-4
-1.249, 9.682e-4
-1.250, 9.865e-4
-1.251, 1.005e-3
-1.252, 1.023e-3
-1.253, 1.042e-3
-1.254, 1.062e-3
-1.255, 1.083e-3
-1.256, 1.102e-3
-1.257, 1.121e-3
-1.258, 1.142e-3
-1.259, 1.161e-3
-1.260, 1.183e-3
-1.261, 1.203e-3
-1.262, 1.223e-3
-1.263, 1.245e-3
-1.264, 1.268e-3
-1.265, 1.291e-3
-1.266, 1.314e-3
-1.267, 1.337e-3
-1.268, 1.359e-3
-1.269, 1.382e-3
-1.270, 1.405e-3
-1.271, 1.431e-3
-1.272, 1.454e-3
-1.273, 1.480e-3
-1.274, 1.505e-3
-1.275, 1.530e-3
-1.276, 1.555e-3
-1.277, 1.581e-3
-1.278, 1.608e-3
-1.279, 1.636e-3
-1.280, 1.662e-3
-1.281, 1.691e-3
-1.282, 1.717e-3
-1.283, 1.745e-3
-1.284, 1.774e-3
-1.285, 1.801e-3
-1.286, 1.830e-3
-1.287, 1.861e-3
-1.288, 1.890e-3
-1.289, 1.920e-3
-1.290, 1.949e-3
-1.291, 1.981e-3
-1.292, 2.012e-3
-1.293, 2.042e-3
-1.294, 2.074e-3
-1.295, 2.106e-3
-1.296, 2.137e-3
-1.297, 2.172e-3
-1.298, 2.205e-3
-1.299, 2.241e-3
-1.300, 2.274e-3
-1.301, 2.306e-3
-1.302, 2.337e-3
-1.303, 2.373e-3
-1.304, 2.409e-3
-1.305, 2.443e-3
-1.306, 2.480e-3
-1.307, 2.514e-3
-1.308, 2.552e-3
-1.309, 2.589e-3
-1.310, 2.625e-3
-1.311, 2.663e-3
-1.312, 2.699e-3
-1.313, 2.737e-3
-1.314, 2.776e-3
-1.315, 2.813e-3
-1.316, 2.852e-3
-1.317, 2.888e-3
-1.318, 2.924e-3
-1.319, 2.967e-3
-1.320, 3.010e-3
-1.321, 3.055e-3
-1.322, 3.096e-3
-1.323, 3.138e-3
-1.324, 3.180e-3
-1.325, 3.220e-3
-1.326, 3.263e-3
-1.327, 3.307e-3
-1.328, 3.350e-3
-1.329, 3.390e-3
-1.330, 3.436e-3
-1.331, 3.480e-3
-1.332, 3.524e-3
-1.333, 3.566e-3
-1.334, 3.613e-3
-1.335, 3.659e-3
-1.336, 3.701e-3
-1.337, 3.743e-3
-1.338, 3.793e-3
-1.339, 3.837e-3
-1.340, 3.886e-3
-1.341, 3.932e-3
-1.342, 3.980e-3
-1.343, 4.025e-3
-1.344, 4.073e-3
-1.345, 4.121e-3
-1.346, 4.171e-3
-1.347, 4.220e-3
-1.348, 4.268e-3
-1.349, 4.312e-3
-1.350, 4.358e-3
-1.351, 4.407e-3
-1.352, 4.457e-3
-1.353, 4.507e-3
-1.354, 4.540e-3
-1.355, 4.611e-3
-1.356, 4.680e-3
-1.357, 4.736e-3
-1.358, 4.778e-3
-1.359, 4.824e-3
-1.360, 4.876e-3
-1.361, 4.931e-3
-1.362, 4.988e-3
-1.363, 5.044e-3
-1.364, 5.095e-3
-1.365, 5.146e-3
-1.366, 5.197e-3
-1.367, 5.249e-3
-1.368, 5.302e-3
-1.369, 5.360e-3
-1.370, 5.421e-3
-1.371, 5.472e-3
-1.372, 5.528e-3
-1.373, 5.577e-3
-1.374, 5.631e-3
-1.375, 5.686e-3
-1.376, 5.747e-3
-1.377, 5.803e-3
-1.378, 5.862e-3
-1.379, 5.917e-3
-1.380, 5.969e-3
-1.381, 6.024e-3
-1.382, 6.082e-3
-1.383, 6.137e-3
-1.384, 6.198e-3
-1.385, 6.254e-3
-1.386, 6.307e-3
-1.387, 6.367e-3
-1.388, 6.425e-3
-1.389, 6.486e-3
-1.390, 6.545e-3
-1.391, 6.605e-3
-1.392, 6.665e-3
-1.393, 6.724e-3
-1.394, 6.775e-3
-1.395, 6.824e-3
-1.396, 6.880e-3
-1.397, 6.939e-3
-1.398, 6.996e-3
-1.399, 7.042e-3
-1.400, 7.019e-3
-1.399, 6.929e-3
-1.398, 6.839e-3
-1.397, 6.750e-3
-1.396, 6.665e-3
-1.395, 6.574e-3
-1.394, 6.493e-3
-1.393, 6.408e-3
-1.392, 6.325e-3
-1.391, 6.244e-3
-1.390, 6.163e-3
-1.389, 6.087e-3
-1.388, 6.015e-3
-1.387, 5.936e-3
-1.386, 5.862e-3
-1.385, 5.782e-3
-1.384, 5.702e-3
-1.383, 5.635e-3
-1.382, 5.573e-3
-1.381, 5.507e-3
-1.380, 5.440e-3
-1.379, 5.372e-3
-1.378, 5.299e-3
-1.377, 5.229e-3
-1.376, 5.164e-3
-1.375, 5.111e-3
-1.374, 5.049e-3
-1.373, 4.983e-3
-1.372, 4.918e-3
-1.371, 4.847e-3
-1.370, 4.787e-3
-1.369, 4.723e-3
-1.368, 4.661e-3
-1.367, 4.610e-3
-1.366, 4.556e-3
-1.365, 4.483e-3
-1.364, 4.428e-3
-1.363, 4.368e-3
-1.362, 4.308e-3
-1.361, 4.273e-3
-1.360, 4.215e-3
-1.359, 4.157e-3
-1.358, 4.098e-3
-1.357, 4.035e-3
-1.356, 3.994e-3
-1.355, 3.939e-3
-1.354, 3.887e-3
-1.353, 3.831e-3
-1.352, 3.790e-3
-1.351, 3.745e-3
-1.350, 3.693e-3
-1.349, 3.650e-3
-1.348, 3.612e-3
-1.347, 3.553e-3
-1.346, 3.509e-3
-1.345, 3.452e-3
-1.344, 3.412e-3
-1.343, 3.358e-3
-1.342, 3.311e-3
-1.341, 3.266e-3
-1.340, 3.223e-3
-1.339, 3.182e-3
-1.338, 3.138e-3
-1.337, 3.087e-3
-1.336, 3.044e-3
-1.335, 3.002e-3
-1.334, 2.980e-3
-1.333, 2.929e-3
-1.332, 2.885e-3
-1.331, 2.843e-3
-1.330, 2.804e-3
-1.329, 2.766e-3
-1.328, 2.726e-3
-1.327, 2.681e-3
-1.326, 2.644e-3
-1.325, 2.617e-3
-1.324, 2.573e-3
-1.323, 2.534e-3
-1.322, 2.492e-3
-1.321, 2.453e-3
-1.320, 2.418e-3
-1.319, 2.382e-3
-1.318, 2.346e-3
-1.317, 2.313e-3
-1.316, 2.275e-3
-1.315, 2.238e-3
-1.314, 2.206e-3
-1.313, 2.173e-3
-1.312, 2.140e-3
-1.311, 2.106e-3
-1.310, 2.071e-3
-1.309, 2.039e-3
-1.308, 2.011e-3
-1.307, 1.994e-3
-1.306, 1.956e-3
-1.305, 1.924e-3
-1.304, 1.895e-3
-1.303, 1.861e-3
-1.302, 1.833e-3
-1.301, 1.802e-3
-1.300, 1.773e-3
-1.299, 1.744e-3
-1.298, 1.718e-3
-1.297, 1.687e-3
-1.296, 1.661e-3
-1.295, 1.647e-3
-1.294, 1.608e-3
-1.293, 1.577e-3
-1.292, 1.551e-3
-1.291, 1.525e-3
-1.290, 1.497e-3
-1.289, 1.470e-3
-1.288, 1.443e-3
-1.287, 1.418e-3
-1.286, 1.393e-3
-1.285, 1.369e-3
-1.284, 1.349e-3
-1.283, 1.323e-3
-1.282, 1.298e-3
-1.281, 1.272e-3
-1.280, 1.251e-3
-1.279, 1.228e-3
-1.278, 1.205e-3
-1.277, 1.183e-3
-1.276, 1.160e-3
-1.275, 1.145e-3
-1.274, 1.122e-3
-1.273, 1.108e-3
-1.272, 1.086e-3
-1.271, 1.061e-3
-1.270, 1.040e-3
-1.269, 1.022e-3
-1.268, 9.999e-4
-1.267, 9.805e-4
-1.266, 9.614e-4
-1.265, 9.418e-4
-1.264, 9.235e-4
-1.263, 9.043e-4
-1.262, 8.841e-4
-1.261, 8.683e-4
-1.260, 8.524e-4
-1.259, 8.335e-4
-1.258, 8.198e-4
-1.257, 8.129e-4
-1.256, 7.912e-4
-1.255, 7.710e-4
-1.254, 7.524e-4
-1.253, 7.377e-4
-1.252, 7.242e-4
-1.251, 7.076e-4
-1.250, 6.913e-4
-1.249, 6.773e-4
-1.248, 6.610e-4
-1.247, 6.503e-4
-1.246, 6.347e-4
-1.245, 6.198e-4
-1.244, 6.041e-4
-1.243, 5.896e-4
-1.242, 5.753e-4
-1.241, 5.620e-4
-1.240, 5.490e-4
-1.239, 5.352e-4
-1.238, 5.214e-4
-1.237, 5.102e-4
-1.236, 5.003e-4
-1.235, 4.866e-4
-1.234, 4.745e-4
-1.233, 4.624e-4
-1.232, 4.505e-4
-1.231, 4.389e-4
-1.230, 4.266e-4
-1.229, 4.144e-4
-1.228, 4.037e-4
-1.227, 3.934e-4
-1.226, 3.837e-4
-1.225, 3.731e-4
-1.224, 3.651e-4
-1.223, 3.546e-4
-1.222, 3.426e-4
-1.221, 3.324e-4
-1.220, 3.253e-4
-1.219, 3.150e-4
-1.218, 3.049e-4
-1.217, 2.947e-4
-1.216, 2.855e-4
-1.215, 2.767e-4
-1.214, 2.673e-4
-1.213, 2.589e-4
-1.212, 2.582e-4
-1.211, 2.451e-4
-1.210, 2.353e-4
-1.209, 2.268e-4
-1.208, 2.202e-4
-1.207, 2.122e-4
-1.206, 2.041e-4
-1.205, 1.965e-4
-1.204, 1.886e-4
-1.203, 1.815e-4
-1.202, 1.747e-4
-1.201, 1.678e-4
-1.200, 1.611e-4
-1.199, 1.541e-4
-1.198, 1.475e-4
-1.197, 1.415e-4
-1.196, 1.351e-4
-1.195, 1.274e-4
-1.194, 1.210e-4
-1.193, 1.156e-4
-1.192, 1.092e-4
-1.191, 1.031e-4
-1.190, 9.715e-5
-1.189, 9.224e-5
-1.188, 8.608e-5
-1.187, 8.006e-5
-1.186, 7.441e-5
-1.185, 6.915e-5
-1.184, 6.434e-5
-1.183, 5.862e-5
-1.182, 5.325e-5
-1.181, 4.873e-5
-1.180, 4.352e-5
-1.179, 3.855e-5
-1.178, 3.321e-5
-1.177, 2.849e-5
-1.176, 2.430e-5
-1.175, 1.955e-5
-1.174, 1.513e-5
-1.173, 1.110e-5
-1.172, 6.786e-6
-1.171, 2.524e-6
-1.170, -1.433e-6
-1.169, -5.695e-6
-1.168, -8.763e-6
-1.167, -1.190e-5
-1.166, -1.655e-5
-1.165, -2.044e-5
-1.164, -2.411e-5
-1.163, -2.764e-5
-1.162, -3.088e-5
-1.161, -3.471e-5
-1.160, -3.745e-5
-1.159, -4.097e-5
-1.158, -4.432e-5
-1.157, -4.709e-5
-1.156, -5.037e-5
-1.155, -5.348e-5
-1.154, -5.631e-5
-1.153, -5.932e-5
-1.152, -6.203e-5
-1.151, -6.480e-5
-1.150, -6.730e-5
-1.149, -6.944e-5
-1.148, -7.252e-5
-1.147, -7.484e-5
-1.146, -7.710e-5
-1.145, -7.988e-5
-1.144, -8.147e-5
-1.143, -8.390e-5
-1.142, -8.678e-5
-1.141, -8.819e-5
-1.140, -9.021e-5
-1.139, -9.225e-5
-1.138, -9.457e-5
-1.137, -9.648e-5
-1.136, -9.787e-5
-1.135, -1.020e-4
-1.134, -1.050e-4
-1.133, -1.046e-4
-1.132, -1.059e-4
-1.131, -1.075e-4
-1.130, -1.091e-4
-1.129, -1.110e-4
-1.128, -1.123e-4
-1.127, -1.141e-4
-1.126, -1.158e-4
-1.125, -1.168e-4
-1.124, -1.182e-4
-1.123, -1.194e-4
-1.122, -1.206e-4
-1.121, -1.222e-4
-1.120, -1.234e-4
-1.119, -1.245e-4
-1.118, -1.256e-4
-1.117, -1.266e-4
-1.116, -1.274e-4
-1.115, -1.284e-4
-1.114, -1.294e-4
-1.113, -1.308e-4
-1.112, -1.317e-4
-1.111, -1.331e-4
-1.110, -1.341e-4
-1.109, -1.359e-4
-1.108, -1.357e-4
-1.107, -1.363e-4
-1.106, -1.366e-4
-1.105, -1.376e-4
-1.104, -1.381e-4
-1.103, -1.390e-4
-1.102, -1.400e-4
-1.101, -1.408e-4
-1.100, -1.424e-4
-1.099, -1.425e-4
-1.098, -1.426e-4
-1.097, -1.441e-4
-1.096, -1.443e-4
-1.095, -1.453e-4
-1.094, -1.456e-4
-1.093, -1.459e-4
-1.092, -1.473e-4
-1.091, -1.477e-4
-1.090, -1.479e-4
-1.089, -1.489e-4
-1.088, -1.491e-4
-1.087, -1.498e-4
-1.086, -1.508e-4
-1.085, -1.504e-4
-1.084, -1.513e-4
-1.083, -1.518e-4
-1.082, -1.525e-4
-1.081, -1.534e-4
-1.080, -1.534e-4
-1.079, -1.543e-4
-1.078, -1.549e-4
-1.077, -1.550e-4
-1.076, -1.560e-4
-1.075, -1.567e-4
-1.074, -1.565e-4
-1.073, -1.572e-4
-1.072, -1.578e-4
-1.071, -1.588e-4
-1.070, -1.596e-4
-1.069, -1.596e-4
-1.068, -1.599e-4
-1.067, -1.604e-4
-1.066, -1.611e-4
-1.065, -1.622e-4
-1.064, -1.644e-4
-1.063, -1.647e-4
-1.062, -1.648e-4
-1.061, -1.646e-4
-1.060, -1.653e-4
-1.059, -1.661e-4
-1.058, -1.667e-4
-1.057, -1.676e-4
-1.056, -1.677e-4
-1.055, -1.688e-4
-1.054, -1.697e-4
-1.053, -1.695e-4
-1.052, -1.705e-4
-1.051, -1.723e-4
-1.050, -1.725e-4
-1.049, -1.736e-4
-1.048, -1.734e-4
-1.047, -1.743e-4
-1.046, -1.758e-4
-1.045, -1.763e-4
-1.044, -1.772e-4
-1.043, -1.779e-4
-1.042, -1.786e-4
-1.041, -1.799e-4
-1.040, -1.805e-4
-1.039, -1.817e-4
-1.038, -1.828e-4
-1.037, -1.834e-4
-1.036, -1.846e-4
-1.035, -1.856e-4
-1.034, -1.868e-4
-1.033, -1.880e-4
-1.032, -1.885e-4
-1.031, -1.898e-4
-1.030, -1.913e-4
-1.029, -1.920e-4
-1.028, -1.933e-4
-1.027, -1.943e-4
-1.026, -1.953e-4
-1.025, -1.974e-4
-1.024, -1.987e-4
-1.023, -1.996e-4
-1.022, -2.007e-4
-1.021, -2.018e-4
-1.020, -2.034e-4
-1.019, -2.050e-4
-1.018, -2.062e-4
-1.017, -2.076e-4
-1.016, -2.082e-4
-1.015, -2.096e-4
-1.014, -2.118e-4
-1.013, -2.127e-4
-1.012, -2.146e-4
-1.011, -2.160e-4
-1.010, -2.170e-4
-1.009, -2.203e-4
-1.008, -2.205e-4
-1.007, -2.218e-4
-1.006, -2.232e-4
-1.005, -2.241e-4
-1.004, -2.259e-4
-1.003, -2.271e-4
-1.002, -2.284e-4
-1.001, -2.304e-4
