July 1, 2026   17:42:57
Cyclic Voltammetry
File: c:/users/guazh/data/20260623_doe_duplica2/2026-07-01-exp60\exp60-2026-07-01t17_17_01-h2koh\exp60_cv_sr_50mvs_efin_-1900mv.bin
Data Source:  Experiment
Instrument Model:  CHI760E
Header: CV ran at 50 mVs
Note: 

Init E (V) = -1
High E (V) = -1
Low E (V) = -1.9
Final E (V) = -1
Init P/N = N
Scan Rate (V/s) = 0.05
Segment = 3
Sample Interval (V) = 0.001
Quiet Time (sec) = 2
Sensitivity (A/V) = 0.01
Comp R (ohm) = 3.0

Results:

Channel 1:
Segment 1:

Segment 2:

Segment 3:

Potential/V, Current/A

-1.000, -6.691e-6
-1.001, -5.704e-6
-1.002, -5.280e-6
-1.003, -4.876e-6
-1.004, -4.688e-6
-1.005, -4.402e-6
-1.006, -4.116e-6
-1.007, -3.948e-6
-1.008, -3.712e-6
-1.009, -3.534e-6
-1.010, -3.337e-6
-1.011, -3.159e-6
-1.012, -3.060e-6
-1.013, -2.853e-6
-1.014, -2.705e-6
-1.015, -2.626e-6
-1.016, -2.449e-6
-1.017, -2.301e-6
-1.018, -2.084e-6
-1.019, -2.084e-6
-1.020, -1.995e-6
-1.021, -1.877e-6
-1.022, -1.719e-6
-1.023, -1.689e-6
-1.024, -1.502e-6
-1.025, -1.354e-6
-1.026, -1.235e-6
-1.027, -1.156e-6
-1.028, -1.008e-6
-1.029, -1.087e-6
-1.030, -1.008e-6
-1.031, -8.603e-7
-1.032, -9.195e-7
-1.033, -7.518e-7
-1.034, -6.729e-7
-1.035, -6.827e-7
-1.036, -5.742e-7
-1.037, -4.657e-7
-1.038, -3.769e-7
-1.039, -3.769e-7
-1.040, -3.867e-7
-1.041, -2.585e-7
-1.042, -2.881e-7
-1.043, -1.993e-7
-1.044, -2.092e-7
-1.045, -9.077e-8
-1.046, -4.144e-8
-1.047, 1.776e-8
-1.048, 2.762e-8
-1.049, 1.776e-8
-1.050, 2.151e-7
-1.051, 2.644e-7
-1.052, 2.940e-7
-1.053, 3.631e-7
-1.054, 3.335e-7
-1.055, 4.025e-7
-1.056, 4.815e-7
-1.057, 3.828e-7
-1.058, 4.420e-7
-1.059, 5.209e-7
-1.060, 4.716e-7
-1.061, 6.492e-7
-1.062, 6.196e-7
-1.063, 7.380e-7
-1.064, 6.393e-7
-1.065, 6.393e-7
-1.066, 7.972e-7
-1.067, 6.788e-7
-1.068, 7.774e-7
-1.069, 8.761e-7
-1.070, 8.268e-7
-1.071, 9.057e-7
-1.072, 9.353e-7
-1.073, 9.550e-7
-1.074, 9.846e-7
-1.075, 1.034e-6
-1.076, 1.133e-6
-1.077, 1.142e-6
-1.078, 1.133e-6
-1.079, 1.044e-6
-1.080, 1.152e-6
-1.081, 1.192e-6
-1.082, 1.290e-6
-1.083, 1.192e-6
-1.084, 1.221e-6
-1.085, 1.379e-6
-1.086, 1.360e-6
-1.087, 1.290e-6
-1.088, 1.409e-6
-1.089, 1.498e-6
-1.090, 1.458e-6
-1.091, 1.517e-6
-1.092, 1.448e-6
-1.093, 1.586e-6
-1.094, 1.557e-6
-1.095, 1.636e-6
-1.096, 1.567e-6
-1.097, 1.636e-6
-1.098, 1.626e-6
-1.099, 1.616e-6
-1.100, 1.734e-6
-1.101, 1.764e-6
-1.102, 1.734e-6
-1.103, 1.823e-6
-1.104, 1.843e-6
-1.105, 1.951e-6
-1.106, 1.833e-6
-1.107, 1.853e-6
-1.108, 1.843e-6
-1.109, 1.863e-6
-1.110, 1.902e-6
-1.111, 1.991e-6
-1.112, 1.912e-6
-1.113, 1.981e-6
-1.114, 2.021e-6
-1.115, 2.040e-6
-1.116, 2.011e-6
-1.117, 1.971e-6
-1.118, 2.119e-6
-1.119, 2.080e-6
-1.120, 2.149e-6
-1.121, 2.228e-6
-1.122, 2.139e-6
-1.123, 2.198e-6
-1.124, 2.238e-6
-1.125, 2.218e-6
-1.126, 2.228e-6
-1.127, 2.307e-6
-1.128, 2.356e-6
-1.129, 2.356e-6
-1.130, 2.336e-6
-1.131, 2.425e-6
-1.132, 2.405e-6
-1.133, 2.415e-6
-1.134, 2.484e-6
-1.135, 2.445e-6
-1.136, 2.543e-6
-1.137, 2.534e-6
-1.138, 2.543e-6
-1.139, 2.474e-6
-1.140, 2.642e-6
-1.141, 2.672e-6
-1.142, 2.543e-6
-1.143, 2.672e-6
-1.144, 2.642e-6
-1.145, 2.711e-6
-1.146, 2.711e-6
-1.147, 2.810e-6
-1.148, 2.859e-6
-1.149, 2.751e-6
-1.150, 2.751e-6
-1.151, 2.849e-6
-1.152, 2.908e-6
-1.153, 3.027e-6
-1.154, 2.958e-6
-1.155, 3.007e-6
-1.156, 3.007e-6
-1.157, 2.928e-6
-1.158, 3.086e-6
-1.159, 3.037e-6
-1.160, 3.145e-6
-1.161, 3.116e-6
-1.162, 3.017e-6
-1.163, 3.214e-6
-1.164, 3.145e-6
-1.165, 3.264e-6
-1.166, 3.244e-6
-1.167, 3.155e-6
-1.168, 3.323e-6
-1.169, 3.352e-6
-1.170, 3.234e-6
-1.171, 3.352e-6
-1.172, 3.441e-6
-1.173, 3.382e-6
-1.174, 3.412e-6
-1.175, 3.570e-6
-1.176, 3.451e-6
-1.177, 3.550e-6
-1.178, 3.658e-6
-1.179, 3.609e-6
-1.180, 3.708e-6
-1.181, 3.688e-6
-1.182, 3.560e-6
-1.183, 3.658e-6
-1.184, 3.747e-6
-1.185, 3.796e-6
-1.186, 3.757e-6
-1.187, 3.787e-6
-1.188, 3.895e-6
-1.189, 3.836e-6
-1.190, 3.964e-6
-1.191, 3.954e-6
-1.192, 3.964e-6
-1.193, 4.053e-6
-1.194, 3.984e-6
-1.195, 4.132e-6
-1.196, 4.033e-6
-1.197, 4.201e-6
-1.198, 4.201e-6
-1.199, 4.122e-6
-1.200, 4.231e-6
-1.201, 4.290e-6
-1.202, 4.250e-6
-1.203, 4.339e-6
-1.204, 4.369e-6
-1.205, 4.448e-6
-1.206, 4.418e-6
-1.207, 4.497e-6
-1.208, 4.497e-6
-1.209, 4.517e-6
-1.210, 4.615e-6
-1.211, 4.526e-6
-1.212, 4.655e-6
-1.213, 4.586e-6
-1.214, 4.753e-6
-1.215, 4.773e-6
-1.216, 4.872e-6
-1.217, 4.813e-6
-1.218, 4.970e-6
-1.219, 4.951e-6
-1.220, 4.980e-6
-1.221, 5.049e-6
-1.222, 5.148e-6
-1.223, 5.168e-6
-1.224, 5.118e-6
-1.225, 5.128e-6
-1.226, 5.266e-6
-1.227, 5.365e-6
-1.228, 5.326e-6
-1.229, 5.454e-6
-1.230, 5.513e-6
-1.231, 5.444e-6
-1.232, 5.572e-6
-1.233, 5.602e-6
-1.234, 5.592e-6
-1.235, 5.809e-6
-1.236, 5.760e-6
-1.237, 5.730e-6
-1.238, 5.770e-6
-1.239, 5.799e-6
-1.240, 5.819e-6
-1.241, 5.858e-6
-1.242, 6.006e-6
-1.243, 6.016e-6
-1.244, 6.095e-6
-1.245, 6.085e-6
-1.246, 6.125e-6
-1.247, 6.283e-6
-1.248, 6.283e-6
-1.249, 6.322e-6
-1.250, 6.332e-6
-1.251, 6.450e-6
-1.252, 6.510e-6
-1.253, 6.490e-6
-1.254, 6.559e-6
-1.255, 6.658e-6
-1.256, 6.707e-6
-1.257, 6.766e-6
-1.258, 6.865e-6
-1.259, 6.884e-6
-1.260, 6.875e-6
-1.261, 6.973e-6
-1.262, 6.993e-6
-1.263, 7.013e-6
-1.264, 7.052e-6
-1.265, 7.102e-6
-1.266, 7.289e-6
-1.267, 7.230e-6
-1.268, 7.338e-6
-1.269, 7.309e-6
-1.270, 7.467e-6
-1.271, 7.545e-6
-1.272, 7.506e-6
-1.273, 7.585e-6
-1.274, 7.693e-6
-1.275, 7.792e-6
-1.276, 7.674e-6
-1.277, 7.822e-6
-1.278, 7.901e-6
-1.279, 7.989e-6
-1.280, 8.118e-6
-1.281, 8.197e-6
-1.282, 8.108e-6
-1.283, 8.325e-6
-1.284, 8.345e-6
-1.285, 8.364e-6
-1.286, 8.394e-6
-1.287, 8.502e-6
-1.288, 8.591e-6
-1.289, 8.542e-6
-1.290, 8.650e-6
-1.291, 8.621e-6
-1.292, 8.769e-6
-1.293, 8.858e-6
-1.294, 8.759e-6
-1.295, 8.877e-6
-1.296, 8.927e-6
-1.297, 9.035e-6
-1.298, 8.976e-6
-1.299, 9.006e-6
-1.300, 9.144e-6
-1.301, 9.154e-6
-1.302, 9.173e-6
-1.303, 9.233e-6
-1.304, 9.321e-6
-1.305, 9.440e-6
-1.306, 9.430e-6
-1.307, 9.568e-6
-1.308, 9.548e-6
-1.309, 9.548e-6
-1.310, 9.696e-6
-1.311, 9.726e-6
-1.312, 9.864e-6
-1.313, 9.815e-6
-1.314, 9.726e-6
-1.315, 9.982e-6
-1.316, 9.884e-6
-1.317, 9.943e-6
-1.318, 9.923e-6
-1.319, 1.004e-5
-1.320, 1.006e-5
-1.321, 1.012e-5
-1.322, 1.010e-5
-1.323, 1.019e-5
-1.324, 1.029e-5
-1.325, 1.033e-5
-1.326, 1.033e-5
-1.327, 1.039e-5
-1.328, 1.034e-5
-1.329, 1.041e-5
-1.330, 1.045e-5
-1.331, 1.043e-5
-1.332, 1.052e-5
-1.333, 1.049e-5
-1.334, 1.060e-5
-1.335, 1.067e-5
-1.336, 1.061e-5
-1.337, 1.066e-5
-1.338, 1.070e-5
-1.339, 1.076e-5
-1.340, 1.079e-5
-1.341, 1.089e-5
-1.342, 1.084e-5
-1.343, 1.091e-5
-1.344, 1.099e-5
-1.345, 1.101e-5
-1.346, 1.096e-5
-1.347, 1.102e-5
-1.348, 1.106e-5
-1.349, 1.110e-5
-1.350, 1.122e-5
-1.351, 1.109e-5
-1.352, 1.119e-5
-1.353, 1.125e-5
-1.354, 1.120e-5
-1.355, 1.137e-5
-1.356, 1.140e-5
-1.357, 1.158e-5
-1.358, 1.156e-5
-1.359, 1.157e-5
-1.360, 1.158e-5
-1.361, 1.159e-5
-1.362, 1.168e-5
-1.363, 1.159e-5
-1.364, 1.170e-5
-1.365, 1.181e-5
-1.366, 1.178e-5
-1.367, 1.184e-5
-1.368, 1.180e-5
-1.369, 1.195e-5
-1.370, 1.197e-5
-1.371, 1.198e-5
-1.372, 1.209e-5
-1.373, 1.204e-5
-1.374, 1.205e-5
-1.375, 1.210e-5
-1.376, 1.226e-5
-1.377, 1.229e-5
-1.378, 1.232e-5
-1.379, 1.241e-5
-1.380, 1.250e-5
-1.381, 1.248e-5
-1.382, 1.277e-5
-1.383, 1.262e-5
-1.384, 1.287e-5
-1.385, 1.272e-5
-1.386, 1.283e-5
-1.387, 1.278e-5
-1.388, 1.285e-5
-1.389, 1.297e-5
-1.390, 1.309e-5
-1.391, 1.307e-5
-1.392, 1.320e-5
-1.393, 1.327e-5
-1.394, 1.313e-5
-1.395, 1.338e-5
-1.396, 1.342e-5
-1.397, 1.347e-5
-1.398, 1.347e-5
-1.399, 1.359e-5
-1.400, 1.381e-5
-1.401, 1.392e-5
-1.402, 1.398e-5
-1.403, 1.377e-5
-1.404, 1.386e-5
-1.405, 1.407e-5
-1.406, 1.412e-5
-1.407, 1.413e-5
-1.408, 1.433e-5
-1.409, 1.448e-5
-1.410, 1.460e-5
-1.411, 1.455e-5
-1.412, 1.479e-5
-1.413, 1.488e-5
-1.414, 1.498e-5
-1.415, 1.508e-5
-1.416, 1.502e-5
-1.417, 1.523e-5
-1.418, 1.521e-5
-1.419, 1.535e-5
-1.420, 1.551e-5
-1.421, 1.566e-5
-1.422, 1.574e-5
-1.423, 1.562e-5
-1.424, 1.569e-5
-1.425, 1.580e-5
-1.426, 1.589e-5
-1.427, 1.605e-5
-1.428, 1.605e-5
-1.429, 1.615e-5
-1.430, 1.629e-5
-1.431, 1.640e-5
-1.432, 1.654e-5
-1.433, 1.669e-5
-1.434, 1.688e-5
-1.435, 1.696e-5
-1.436, 1.704e-5
-1.437, 1.727e-5
-1.438, 1.737e-5
-1.439, 1.742e-5
-1.440, 1.757e-5
-1.441, 1.761e-5
-1.442, 1.779e-5
-1.443, 1.792e-5
-1.444, 1.804e-5
-1.445, 1.813e-5
-1.446, 1.828e-5
-1.447, 1.852e-5
-1.448, 1.845e-5
-1.449, 1.865e-5
-1.450, 1.875e-5
-1.451, 1.891e-5
-1.452, 1.904e-5
-1.453, 1.921e-5
-1.454, 1.948e-5
-1.455, 1.952e-5
-1.456, 1.958e-5
-1.457, 1.981e-5
-1.458, 1.987e-5
-1.459, 2.009e-5
-1.460, 2.027e-5
-1.461, 2.033e-5
-1.462, 2.060e-5
-1.463, 2.076e-5
-1.464, 2.093e-5
-1.465, 2.094e-5
-1.466, 2.119e-5
-1.467, 2.133e-5
-1.468, 2.142e-5
-1.469, 2.169e-5
-1.470, 2.176e-5
-1.471, 2.196e-5
-1.472, 2.220e-5
-1.473, 2.237e-5
-1.474, 2.250e-5
-1.475, 2.279e-5
-1.476, 2.300e-5
-1.477, 2.333e-5
-1.478, 2.357e-5
-1.479, 2.380e-5
-1.480, 2.398e-5
-1.481, 2.405e-5
-1.482, 2.438e-5
-1.483, 2.459e-5
-1.484, 2.472e-5
-1.485, 2.501e-5
-1.486, 2.527e-5
-1.487, 2.565e-5
-1.488, 2.578e-5
-1.489, 2.606e-5
-1.490, 2.628e-5
-1.491, 2.646e-5
-1.492, 2.687e-5
-1.493, 2.694e-5
-1.494, 2.731e-5
-1.495, 2.758e-5
-1.496, 2.782e-5
-1.497, 2.814e-5
-1.498, 2.841e-5
-1.499, 2.877e-5
-1.500, 2.905e-5
-1.501, 2.941e-5
-1.502, 2.966e-5
-1.503, 2.988e-5
-1.504, 3.033e-5
-1.505, 3.057e-5
-1.506, 3.075e-5
-1.507, 3.119e-5
-1.508, 3.166e-5
-1.509, 3.187e-5
-1.510, 3.239e-5
-1.511, 3.273e-5
-1.512, 3.302e-5
-1.513, 3.348e-5
-1.514, 3.397e-5
-1.515, 3.435e-5
-1.516, 3.480e-5
-1.517, 3.514e-5
-1.518, 3.549e-5
-1.519, 3.608e-5
-1.520, 3.636e-5
-1.521, 3.681e-5
-1.522, 3.721e-5
-1.523, 3.773e-5
-1.524, 3.816e-5
-1.525, 3.865e-5
-1.526, 3.918e-5
-1.527, 3.971e-5
-1.528, 3.996e-5
-1.529, 4.051e-5
-1.530, 4.116e-5
-1.531, 4.160e-5
-1.532, 4.216e-5
-1.533, 4.274e-5
-1.534, 4.318e-5
-1.535, 4.385e-5
-1.536, 4.456e-5
-1.537, 4.522e-5
-1.538, 4.569e-5
-1.539, 4.628e-5
-1.540, 4.674e-5
-1.541, 4.689e-5
-1.542, 4.763e-5
-1.543, 4.844e-5
-1.544, 4.916e-5
-1.545, 4.957e-5
-1.546, 5.040e-5
-1.547, 5.106e-5
-1.548, 5.188e-5
-1.549, 5.248e-5
-1.550, 5.319e-5
-1.551, 5.393e-5
-1.552, 5.464e-5
-1.553, 5.532e-5
-1.554, 5.605e-5
-1.555, 5.683e-5
-1.556, 5.776e-5
-1.557, 5.859e-5
-1.558, 5.888e-5
-1.559, 6.006e-5
-1.560, 6.078e-5
-1.561, 6.176e-5
-1.562, 6.270e-5
-1.563, 6.367e-5
-1.564, 6.429e-5
-1.565, 6.536e-5
-1.566, 6.637e-5
-1.567, 6.697e-5
-1.568, 6.805e-5
-1.569, 6.932e-5
-1.570, 7.035e-5
-1.571, 7.147e-5
-1.572, 7.263e-5
-1.573, 7.369e-5
-1.574, 7.492e-5
-1.575, 7.553e-5
-1.576, 7.650e-5
-1.577, 7.773e-5
-1.578, 7.895e-5
-1.579, 8.017e-5
-1.580, 8.132e-5
-1.581, 8.289e-5
-1.582, 8.390e-5
-1.583, 8.538e-5
-1.584, 8.664e-5
-1.585, 8.835e-5
-1.586, 8.997e-5
-1.587, 9.137e-5
-1.588, 9.278e-5
-1.589, 9.452e-5
-1.590, 9.443e-5
-1.591, 9.552e-5
-1.592, 9.722e-5
-1.593, 9.892e-5
-1.594, 1.002e-4
-1.595, 1.018e-4
-1.596, 1.032e-4
-1.597, 1.051e-4
-1.598, 1.067e-4
-1.599, 1.085e-4
-1.600, 1.102e-4
-1.601, 1.116e-4
-1.602, 1.133e-4
-1.603, 1.149e-4
-1.604, 1.170e-4
-1.605, 1.180e-4
-1.606, 1.195e-4
-1.607, 1.214e-4
-1.608, 1.236e-4
-1.609, 1.256e-4
-1.610, 1.277e-4
-1.611, 1.296e-4
-1.612, 1.318e-4
-1.613, 1.336e-4
-1.614, 1.351e-4
-1.615, 1.375e-4
-1.616, 1.402e-4
-1.617, 1.422e-4
-1.618, 1.460e-4
-1.619, 1.479e-4
-1.620, 1.506e-4
-1.621, 1.520e-4
-1.622, 1.557e-4
-1.623, 1.590e-4
-1.624, 1.603e-4
-1.625, 1.633e-4
-1.626, 1.669e-4
-1.627, 1.688e-4
-1.628, 1.712e-4
-1.629, 1.738e-4
-1.630, 1.759e-4
-1.631, 1.777e-4
-1.632, 1.788e-4
-1.633, 1.815e-4
-1.634, 1.844e-4
-1.635, 1.870e-4
-1.636, 1.909e-4
-1.637, 1.950e-4
-1.638, 1.980e-4
-1.639, 2.022e-4
-1.640, 2.044e-4
-1.641, 2.075e-4
-1.642, 2.111e-4
-1.643, 2.135e-4
-1.644, 2.184e-4
-1.645, 2.214e-4
-1.646, 2.243e-4
-1.647, 2.263e-4
-1.648, 2.315e-4
-1.649, 2.336e-4
-1.650, 2.384e-4
-1.651, 2.420e-4
-1.652, 2.454e-4
-1.653, 2.504e-4
-1.654, 2.518e-4
-1.655, 2.563e-4
-1.656, 2.597e-4
-1.657, 2.660e-4
-1.658, 2.680e-4
-1.659, 2.725e-4
-1.660, 2.787e-4
-1.661, 2.824e-4
-1.662, 2.864e-4
-1.663, 2.902e-4
-1.664, 2.961e-4
-1.665, 3.003e-4
-1.666, 3.062e-4
-1.667, 3.122e-4
-1.668, 3.159e-4
-1.669, 3.237e-4
-1.670, 3.268e-4
-1.671, 3.298e-4
-1.672, 3.323e-4
-1.673, 3.368e-4
-1.674, 3.429e-4
-1.675, 3.471e-4
-1.676, 3.561e-4
-1.677, 3.630e-4
-1.678, 3.686e-4
-1.679, 3.737e-4
-1.680, 3.796e-4
-1.681, 3.854e-4
-1.682, 3.922e-4
-1.683, 3.932e-4
-1.684, 4.022e-4
-1.685, 4.111e-4
-1.686, 4.187e-4
-1.687, 4.247e-4
-1.688, 4.303e-4
-1.689, 4.351e-4
-1.690, 4.421e-4
-1.691, 4.481e-4
-1.692, 4.566e-4
-1.693, 4.619e-4
-1.694, 4.701e-4
-1.695, 4.802e-4
-1.696, 4.837e-4
-1.697, 4.942e-4
-1.698, 5.016e-4
-1.699, 5.107e-4
-1.700, 5.127e-4
-1.701, 5.231e-4
-1.702, 5.329e-4
-1.703, 5.465e-4
-1.704, 5.531e-4
-1.705, 5.539e-4
-1.706, 5.671e-4
-1.707, 5.774e-4
-1.708, 5.914e-4
-1.709, 5.989e-4
-1.710, 6.116e-4
-1.711, 6.196e-4
-1.712, 6.329e-4
-1.713, 6.435e-4
-1.714, 6.490e-4
-1.715, 6.604e-4
-1.716, 6.758e-4
-1.717, 6.832e-4
-1.718, 6.970e-4
-1.719, 7.112e-4
-1.720, 7.230e-4
-1.721, 7.268e-4
-1.722, 7.479e-4
-1.723, 7.517e-4
-1.724, 7.715e-4
-1.725, 7.889e-4
-1.726, 8.017e-4
-1.727, 8.186e-4
-1.728, 8.270e-4
-1.729, 8.367e-4
-1.730, 8.439e-4
-1.731, 8.640e-4
-1.732, 8.846e-4
-1.733, 9.008e-4
-1.734, 9.227e-4
-1.735, 9.468e-4
-1.736, 9.552e-4
-1.737, 9.744e-4
-1.738, 9.973e-4
-1.739, 1.011e-3
-1.740, 1.036e-3
-1.741, 1.053e-3
-1.742, 1.068e-3
-1.743, 1.091e-3
-1.744, 1.113e-3
-1.745, 1.128e-3
-1.746, 1.155e-3
-1.747, 1.166e-3
-1.748, 1.208e-3
-1.749, 1.230e-3
-1.750, 1.246e-3
-1.751, 1.281e-3
-1.752, 1.298e-3
-1.753, 1.317e-3
-1.754, 1.340e-3
-1.755, 1.371e-3
-1.756, 1.409e-3
-1.757, 1.425e-3
-1.758, 1.463e-3
-1.759, 1.471e-3
-1.760, 1.509e-3
-1.761, 1.543e-3
-1.762, 1.582e-3
-1.763, 1.614e-3
-1.764, 1.640e-3
-1.765, 1.683e-3
-1.766, 1.715e-3
-1.767, 1.741e-3
-1.768, 1.782e-3
-1.769, 1.812e-3
-1.770, 1.861e-3
-1.771, 1.892e-3
-1.772, 1.930e-3
-1.773, 1.968e-3
-1.774, 2.012e-3
-1.775, 2.055e-3
-1.776, 2.112e-3
-1.777, 2.125e-3
-1.778, 2.185e-3
-1.779, 2.229e-3
-1.780, 2.280e-3
-1.781, 2.316e-3
-1.782, 2.363e-3
-1.783, 2.408e-3
-1.784, 2.451e-3
-1.785, 2.511e-3
-1.786, 2.567e-3
-1.787, 2.624e-3
-1.788, 2.682e-3
-1.789, 2.727e-3
-1.790, 2.795e-3
-1.791, 2.824e-3
-1.792, 2.892e-3
-1.793, 2.933e-3
-1.794, 3.003e-3
-1.795, 3.081e-3
-1.796, 3.124e-3
-1.797, 3.185e-3
-1.798, 3.249e-3
-1.799, 3.308e-3
-1.800, 3.356e-3
-1.801, 3.429e-3
-1.802, 3.522e-3
-1.803, 3.576e-3
-1.804, 3.611e-3
-1.805, 3.688e-3
-1.806, 3.795e-3
-1.807, 3.865e-3
-1.808, 3.905e-3
-1.809, 3.979e-3
-1.810, 4.084e-3
-1.811, 4.163e-3
-1.812, 4.203e-3
-1.813, 4.286e-3
-1.814, 4.366e-3
-1.815, 4.413e-3
-1.816, 4.526e-3
-1.817, 4.614e-3
-1.818, 4.674e-3
-1.819, 4.739e-3
-1.820, 4.855e-3
-1.821, 4.945e-3
-1.822, 5.006e-3
-1.823, 5.075e-3
-1.824, 5.167e-3
-1.825, 5.203e-3
-1.826, 5.303e-3
-1.827, 5.439e-3
-1.828, 5.512e-3
-1.829, 5.585e-3
-1.830, 5.656e-3
-1.831, 5.759e-3
-1.832, 5.833e-3
-1.833, 5.880e-3
-1.834, 5.989e-3
-1.835, 6.092e-3
-1.836, 6.146e-3
-1.837, 6.207e-3
-1.838, 6.313e-3
-1.839, 6.390e-3
-1.840, 6.440e-3
-1.841, 6.541e-3
-1.842, 6.609e-3
-1.843, 6.696e-3
-1.844, 6.784e-3
-1.845, 6.877e-3
-1.846, 6.964e-3
-1.847, 7.088e-3
-1.848, 7.180e-3
-1.849, 7.262e-3
-1.850, 7.331e-3
-1.851, 7.398e-3
-1.852, 7.484e-3
-1.853, 7.553e-3
-1.854, 7.647e-3
-1.855, 7.704e-3
-1.856, 7.778e-3
-1.857, 7.834e-3
-1.858, 7.987e-3
-1.859, 8.117e-3
-1.860, 8.172e-3
-1.861, 8.212e-3
-1.862, 8.276e-3
-1.863, 8.350e-3
-1.864, 8.398e-3
-1.865, 8.505e-3
-1.866, 8.597e-3
-1.867, 8.693e-3
-1.868, 8.784e-3
-1.869, 8.904e-3
-1.870, 8.947e-3
-1.871, 8.984e-3
-1.872, 9.093e-3
-1.873, 9.080e-3
-1.874, 9.134e-3
-1.875, 9.276e-3
-1.876, 9.337e-3
-1.877, 9.366e-3
-1.878, 9.464e-3
-1.879, 9.512e-3
-1.880, 9.498e-3
-1.881, 9.553e-3
-1.882, 9.705e-3
-1.883, 9.855e-3
-1.884, 9.915e-3
-1.885, 9.909e-3
-1.886, 9.987e-3
-1.887, 1.009e-2
-1.888, 1.012e-2
-1.889, 1.019e-2
-1.890, 1.023e-2
-1.891, 1.038e-2
-1.892, 1.045e-2
-1.893, 1.045e-2
-1.894, 1.049e-2
-1.895, 1.061e-2
-1.896, 1.070e-2
-1.897, 1.081e-2
-1.898, 1.083e-2
-1.899, 1.092e-2
-1.900, 1.094e-2
-1.899, 1.081e-2
-1.898, 1.075e-2
-1.897, 1.071e-2
-1.896, 1.061e-2
-1.895, 1.050e-2
-1.894, 1.039e-2
-1.893, 1.034e-2
-1.892, 1.026e-2
-1.891, 1.015e-2
-1.890, 1.005e-2
-1.889, 9.952e-3
-1.888, 9.869e-3
-1.887, 9.863e-3
-1.886, 9.758e-3
-1.885, 9.643e-3
-1.884, 9.473e-3
-1.883, 9.436e-3
-1.882, 9.394e-3
-1.881, 9.387e-3
-1.880, 9.346e-3
-1.879, 9.220e-3
-1.878, 9.140e-3
-1.877, 9.011e-3
-1.876, 8.931e-3
-1.875, 8.952e-3
-1.874, 8.844e-3
-1.873, 8.732e-3
-1.872, 8.628e-3
-1.871, 8.614e-3
-1.870, 8.548e-3
-1.869, 8.504e-3
-1.868, 8.470e-3
-1.867, 8.397e-3
-1.866, 8.308e-3
-1.865, 8.296e-3
-1.864, 8.307e-3
-1.863, 8.246e-3
-1.862, 8.149e-3
-1.861, 8.043e-3
-1.860, 8.046e-3
-1.859, 7.980e-3
-1.858, 7.934e-3
-1.857, 7.921e-3
-1.856, 7.899e-3
-1.855, 7.834e-3
-1.854, 7.784e-3
-1.853, 7.697e-3
-1.852, 7.595e-3
-1.851, 7.505e-3
-1.850, 7.472e-3
-1.849, 7.394e-3
-1.848, 7.317e-3
-1.847, 7.315e-3
-1.846, 7.263e-3
-1.845, 7.190e-3
-1.844, 7.141e-3
-1.843, 7.066e-3
-1.842, 7.006e-3
-1.841, 6.943e-3
-1.840, 6.883e-3
-1.839, 6.852e-3
-1.838, 6.856e-3
-1.837, 6.822e-3
-1.836, 6.771e-3
-1.835, 6.728e-3
-1.834, 6.665e-3
-1.833, 6.622e-3
-1.832, 6.574e-3
-1.831, 6.526e-3
-1.830, 6.478e-3
-1.829, 6.407e-3
-1.828, 6.310e-3
-1.827, 6.233e-3
-1.826, 6.188e-3
-1.825, 6.151e-3
-1.824, 6.107e-3
-1.823, 6.052e-3
-1.822, 5.957e-3
-1.821, 5.892e-3
-1.820, 5.809e-3
-1.819, 5.759e-3
-1.818, 5.725e-3
-1.817, 5.650e-3
-1.816, 5.596e-3
-1.815, 5.512e-3
-1.814, 5.448e-3
-1.813, 5.404e-3
-1.812, 5.346e-3
-1.811, 5.268e-3
-1.810, 5.201e-3
-1.809, 5.143e-3
-1.808, 5.063e-3
-1.807, 4.973e-3
-1.806, 4.912e-3
-1.805, 4.854e-3
-1.804, 4.799e-3
-1.803, 4.727e-3
-1.802, 4.675e-3
-1.801, 4.621e-3
-1.800, 4.552e-3
-1.799, 4.490e-3
-1.798, 4.445e-3
-1.797, 4.386e-3
-1.796, 4.338e-3
-1.795, 4.279e-3
-1.794, 4.240e-3
-1.793, 4.189e-3
-1.792, 4.139e-3
-1.791, 4.083e-3
-1.790, 4.026e-3
-1.789, 3.974e-3
-1.788, 3.941e-3
-1.787, 3.877e-3
-1.786, 3.831e-3
-1.785, 3.781e-3
-1.784, 3.739e-3
-1.783, 3.687e-3
-1.782, 3.640e-3
-1.781, 3.609e-3
-1.780, 3.587e-3
-1.779, 3.534e-3
-1.778, 3.483e-3
-1.777, 3.447e-3
-1.776, 3.397e-3
-1.775, 3.364e-3
-1.774, 3.337e-3
-1.773, 3.299e-3
-1.772, 3.269e-3
-1.771, 3.214e-3
-1.770, 3.164e-3
-1.769, 3.127e-3
-1.768, 3.098e-3
-1.767, 3.049e-3
-1.766, 3.007e-3
-1.765, 2.956e-3
-1.764, 2.922e-3
-1.763, 2.874e-3
-1.762, 2.841e-3
-1.761, 2.791e-3
-1.760, 2.748e-3
-1.759, 2.702e-3
-1.758, 2.675e-3
-1.757, 2.639e-3
-1.756, 2.603e-3
-1.755, 2.560e-3
-1.754, 2.518e-3
-1.753, 2.481e-3
-1.752, 2.432e-3
-1.751, 2.402e-3
-1.750, 2.366e-3
-1.749, 2.325e-3
-1.748, 2.288e-3
-1.747, 2.253e-3
-1.746, 2.224e-3
-1.745, 2.186e-3
-1.744, 2.161e-3
-1.743, 2.122e-3
-1.742, 2.088e-3
-1.741, 2.074e-3
-1.740, 2.036e-3
-1.739, 1.996e-3
-1.738, 1.969e-3
-1.737, 1.940e-3
-1.736, 1.907e-3
-1.735, 1.877e-3
-1.734, 1.855e-3
-1.733, 1.816e-3
-1.732, 1.797e-3
-1.731, 1.766e-3
-1.730, 1.732e-3
-1.729, 1.716e-3
-1.728, 1.682e-3
-1.727, 1.649e-3
-1.726, 1.640e-3
-1.725, 1.601e-3
-1.724, 1.580e-3
-1.723, 1.553e-3
-1.722, 1.530e-3
-1.721, 1.509e-3
-1.720, 1.480e-3
-1.719, 1.459e-3
-1.718, 1.429e-3
-1.717, 1.417e-3
-1.716, 1.389e-3
-1.715, 1.368e-3
-1.714, 1.346e-3
-1.713, 1.329e-3
-1.712, 1.304e-3
-1.711, 1.282e-3
-1.710, 1.259e-3
-1.709, 1.231e-3
-1.708, 1.224e-3
-1.707, 1.195e-3
-1.706, 1.178e-3
-1.705, 1.163e-3
-1.704, 1.142e-3
-1.703, 1.123e-3
-1.702, 1.110e-3
-1.701, 1.092e-3
-1.700, 1.076e-3
-1.699, 1.053e-3
-1.698, 1.045e-3
-1.697, 1.022e-3
-1.696, 1.013e-3
-1.695, 9.919e-4
-1.694, 9.761e-4
-1.693, 9.609e-4
-1.692, 9.423e-4
-1.691, 9.299e-4
-1.690, 9.146e-4
-1.689, 8.956e-4
-1.688, 8.874e-4
-1.687, 8.761e-4
-1.686, 8.622e-4
-1.685, 8.464e-4
-1.684, 8.301e-4
-1.683, 8.161e-4
-1.682, 8.012e-4
-1.681, 7.916e-4
-1.680, 7.723e-4
-1.679, 7.624e-4
-1.678, 7.565e-4
-1.677, 7.414e-4
-1.676, 7.274e-4
-1.675, 7.187e-4
-1.674, 7.128e-4
-1.673, 6.971e-4
-1.672, 6.846e-4
-1.671, 6.741e-4
-1.670, 6.649e-4
-1.669, 6.547e-4
-1.668, 6.426e-4
-1.667, 6.354e-4
-1.666, 6.208e-4
-1.665, 6.138e-4
-1.664, 6.043e-4
-1.663, 5.958e-4
-1.662, 5.840e-4
-1.661, 5.784e-4
-1.660, 5.629e-4
-1.659, 5.574e-4
-1.658, 5.452e-4
-1.657, 5.388e-4
-1.656, 5.297e-4
-1.655, 5.170e-4
-1.654, 5.131e-4
-1.653, 5.021e-4
-1.652, 4.961e-4
-1.651, 4.882e-4
-1.650, 4.829e-4
-1.649, 4.745e-4
-1.648, 4.656e-4
-1.647, 4.613e-4
-1.646, 4.497e-4
-1.645, 4.449e-4
-1.644, 4.364e-4
-1.643, 4.340e-4
-1.642, 4.215e-4
-1.641, 4.135e-4
-1.640, 4.112e-4
-1.639, 4.024e-4
-1.638, 3.965e-4
-1.637, 3.897e-4
-1.636, 3.843e-4
-1.635, 3.779e-4
-1.634, 3.712e-4
-1.633, 3.639e-4
-1.632, 3.609e-4
-1.631, 3.531e-4
-1.630, 3.481e-4
-1.629, 3.428e-4
-1.628, 3.361e-4
-1.627, 3.320e-4
-1.626, 3.275e-4
-1.625, 3.212e-4
-1.624, 3.149e-4
-1.623, 3.108e-4
-1.622, 3.064e-4
-1.621, 3.012e-4
-1.620, 2.951e-4
-1.619, 2.915e-4
-1.618, 2.865e-4
-1.617, 2.832e-4
-1.616, 2.784e-4
-1.615, 2.713e-4
-1.614, 2.680e-4
-1.613, 2.630e-4
-1.612, 2.592e-4
-1.611, 2.545e-4
-1.610, 2.504e-4
-1.609, 2.479e-4
-1.608, 2.457e-4
-1.607, 2.410e-4
-1.606, 2.353e-4
-1.605, 2.325e-4
-1.604, 2.291e-4
-1.603, 2.245e-4
-1.602, 2.217e-4
-1.601, 2.184e-4
-1.600, 2.150e-4
-1.599, 2.131e-4
-1.598, 2.075e-4
-1.597, 2.043e-4
-1.596, 2.010e-4
-1.595, 1.963e-4
-1.594, 1.929e-4
-1.593, 1.904e-4
-1.592, 1.875e-4
-1.591, 1.853e-4
-1.590, 1.831e-4
-1.589, 1.801e-4
-1.588, 1.772e-4
-1.587, 1.736e-4
-1.586, 1.691e-4
-1.585, 1.670e-4
-1.584, 1.655e-4
-1.583, 1.614e-4
-1.582, 1.598e-4
-1.581, 1.577e-4
-1.580, 1.553e-4
-1.579, 1.521e-4
-1.578, 1.499e-4
-1.577, 1.477e-4
-1.576, 1.458e-4
-1.575, 1.429e-4
-1.574, 1.408e-4
-1.573, 1.368e-4
-1.572, 1.362e-4
-1.571, 1.339e-4
-1.570, 1.315e-4
-1.569, 1.297e-4
-1.568, 1.275e-4
-1.567, 1.241e-4
-1.566, 1.234e-4
-1.565, 1.210e-4
-1.564, 1.191e-4
-1.563, 1.177e-4
-1.562, 1.152e-4
-1.561, 1.137e-4
-1.560, 1.121e-4
-1.559, 1.091e-4
-1.558, 1.081e-4
-1.557, 1.066e-4
-1.556, 1.047e-4
-1.555, 1.024e-4
-1.554, 1.012e-4
-1.553, 9.986e-5
-1.552, 9.803e-5
-1.551, 9.586e-5
-1.550, 9.457e-5
-1.549, 9.300e-5
-1.548, 9.178e-5
-1.547, 9.025e-5
-1.546, 8.820e-5
-1.545, 8.753e-5
-1.544, 8.564e-5
-1.543, 8.451e-5
-1.542, 8.292e-5
-1.541, 8.175e-5
-1.540, 8.009e-5
-1.539, 7.826e-5
-1.538, 7.748e-5
-1.537, 7.644e-5
-1.536, 7.518e-5
-1.535, 7.372e-5
-1.534, 7.258e-5
-1.533, 7.119e-5
-1.532, 7.015e-5
-1.531, 6.881e-5
-1.530, 6.758e-5
-1.529, 6.684e-5
-1.528, 6.546e-5
-1.527, 6.419e-5
-1.526, 6.319e-5
-1.525, 6.222e-5
-1.524, 6.131e-5
-1.523, 6.032e-5
-1.522, 5.892e-5
-1.521, 5.730e-5
-1.520, 5.684e-5
-1.519, 5.601e-5
-1.518, 5.518e-5
-1.517, 5.415e-5
-1.516, 5.309e-5
-1.515, 5.217e-5
-1.514, 5.121e-5
-1.513, 5.036e-5
-1.512, 4.977e-5
-1.511, 4.851e-5
-1.510, 4.775e-5
-1.509, 4.724e-5
-1.508, 4.638e-5
-1.507, 4.541e-5
-1.506, 4.474e-5
-1.505, 4.395e-5
-1.504, 4.289e-5
-1.503, 4.227e-5
-1.502, 4.180e-5
-1.501, 4.099e-5
-1.500, 4.026e-5
-1.499, 3.965e-5
-1.498, 3.880e-5
-1.497, 3.823e-5
-1.496, 3.762e-5
-1.495, 3.714e-5
-1.494, 3.631e-5
-1.493, 3.564e-5
-1.492, 3.482e-5
-1.491, 3.430e-5
-1.490, 3.359e-5
-1.489, 3.305e-5
-1.488, 3.244e-5
-1.487, 3.186e-5
-1.486, 3.140e-5
-1.485, 3.071e-5
-1.484, 3.019e-5
-1.483, 2.961e-5
-1.482, 2.918e-5
-1.481, 2.837e-5
-1.480, 2.788e-5
-1.479, 2.742e-5
-1.478, 2.681e-5
-1.477, 2.645e-5
-1.476, 2.580e-5
-1.475, 2.548e-5
-1.474, 2.489e-5
-1.473, 2.452e-5
-1.472, 2.418e-5
-1.471, 2.348e-5
-1.470, 2.292e-5
-1.469, 2.254e-5
-1.468, 2.203e-5
-1.467, 2.171e-5
-1.466, 2.146e-5
-1.465, 2.099e-5
-1.464, 2.052e-5
-1.463, 2.004e-5
-1.462, 1.964e-5
-1.461, 1.906e-5
-1.460, 1.874e-5
-1.459, 1.833e-5
-1.458, 1.820e-5
-1.457, 1.799e-5
-1.456, 1.752e-5
-1.455, 1.710e-5
-1.454, 1.669e-5
-1.453, 1.634e-5
-1.452, 1.608e-5
-1.451, 1.569e-5
-1.450, 1.554e-5
-1.449, 1.523e-5
-1.448, 1.477e-5
-1.447, 1.437e-5
-1.446, 1.413e-5
-1.445, 1.400e-5
-1.444, 1.369e-5
-1.443, 1.318e-5
-1.442, 1.292e-5
-1.441, 1.265e-5
-1.440, 1.243e-5
-1.439, 1.221e-5
-1.438, 1.200e-5
-1.437, 1.184e-5
-1.436, 1.159e-5
-1.435, 1.125e-5
-1.434, 1.090e-5
-1.433, 1.054e-5
-1.432, 1.034e-5
-1.431, 1.009e-5
-1.430, 9.755e-6
-1.429, 9.716e-6
-1.428, 9.469e-6
-1.427, 9.104e-6
-1.426, 8.986e-6
-1.425, 8.868e-6
-1.424, 8.670e-6
-1.423, 8.315e-6
-1.422, 8.108e-6
-1.421, 7.832e-6
-1.420, 7.674e-6
-1.419, 7.575e-6
-1.418, 7.506e-6
-1.417, 7.250e-6
-1.416, 7.102e-6
-1.415, 6.796e-6
-1.414, 6.648e-6
-1.413, 6.500e-6
-1.412, 6.371e-6
-1.411, 6.233e-6
-1.410, 6.105e-6
-1.409, 5.819e-6
-1.408, 5.543e-6
-1.407, 5.474e-6
-1.406, 5.286e-6
-1.405, 5.188e-6
-1.404, 5.089e-6
-1.403, 4.941e-6
-1.402, 4.803e-6
-1.401, 4.615e-6
-1.400, 4.398e-6
-1.399, 4.240e-6
-1.398, 4.152e-6
-1.397, 3.994e-6
-1.396, 3.826e-6
-1.395, 3.678e-6
-1.394, 3.520e-6
-1.393, 3.372e-6
-1.392, 3.254e-6
-1.391, 3.096e-6
-1.390, 3.047e-6
-1.389, 2.908e-6
-1.388, 2.731e-6
-1.387, 2.760e-6
-1.386, 2.603e-6
-1.385, 2.386e-6
-1.384, 2.297e-6
-1.383, 2.178e-6
-1.382, 2.021e-6
-1.381, 1.922e-6
-1.380, 1.882e-6
-1.379, 1.665e-6
-1.378, 1.537e-6
-1.377, 1.577e-6
-1.376, 1.369e-6
-1.375, 1.310e-6
-1.374, 1.330e-6
-1.373, 1.093e-6
-1.372, 9.550e-7
-1.371, 8.268e-7
-1.370, 7.577e-7
-1.369, 6.393e-7
-1.368, 4.716e-7
-1.367, 5.012e-7
-1.366, 3.236e-7
-1.365, 2.841e-7
-1.364, 2.447e-7
-1.363, -2.171e-8
-1.362, -1.973e-9
-1.361, -1.105e-7
-1.360, -2.092e-7
-1.359, -1.993e-7
-1.358, -3.571e-7
-1.357, -4.163e-7
-1.356, -5.939e-7
-1.355, -5.742e-7
-1.354, -7.617e-7
-1.353, -8.800e-7
-1.352, -8.702e-7
-1.351, -1.008e-6
-1.350, -1.117e-6
-1.349, -1.137e-6
-1.348, -1.294e-6
-1.347, -1.255e-6
-1.346, -1.393e-6
-1.345, -1.423e-6
-1.344, -1.581e-6
-1.343, -1.689e-6
-1.342, -1.679e-6
-1.341, -1.689e-6
-1.340, -1.847e-6
-1.339, -1.877e-6
-1.338, -2.024e-6
-1.337, -2.084e-6
-1.336, -2.123e-6
-1.335, -2.271e-6
-1.334, -2.301e-6
-1.333, -2.390e-6
-1.332, -2.390e-6
-1.331, -2.607e-6
-1.330, -2.666e-6
-1.329, -2.814e-6
-1.328, -2.804e-6
-1.327, -2.804e-6
-1.326, -3.011e-6
-1.325, -2.962e-6
-1.324, -3.021e-6
-1.323, -3.100e-6
-1.322, -3.159e-6
-1.321, -3.268e-6
-1.320, -3.317e-6
-1.319, -3.366e-6
-1.318, -3.544e-6
-1.317, -3.643e-6
-1.316, -3.682e-6
-1.315, -3.682e-6
-1.314, -3.781e-6
-1.313, -3.879e-6
-1.312, -3.840e-6
-1.311, -4.017e-6
-1.310, -4.096e-6
-1.309, -4.146e-6
-1.308, -4.225e-6
-1.307, -4.304e-6
-1.306, -4.481e-6
-1.305, -4.570e-6
-1.304, -4.609e-6
-1.303, -4.678e-6
-1.302, -4.747e-6
-1.301, -4.915e-6
-1.300, -4.876e-6
-1.299, -4.984e-6
-1.298, -5.014e-6
-1.297, -5.142e-6
-1.296, -5.152e-6
-1.295, -5.113e-6
-1.294, -5.261e-6
-1.293, -5.468e-6
-1.292, -5.478e-6
-1.291, -5.566e-6
-1.290, -5.517e-6
-1.289, -5.695e-6
-1.288, -5.774e-6
-1.287, -5.892e-6
-1.286, -5.991e-6
-1.285, -6.010e-6
-1.284, -6.070e-6
-1.283, -6.188e-6
-1.282, -6.227e-6
-1.281, -6.474e-6
-1.280, -6.592e-6
-1.279, -6.573e-6
-1.278, -6.721e-6
-1.277, -6.800e-6
-1.276, -6.869e-6
-1.275, -6.770e-6
-1.274, -6.938e-6
-1.273, -7.036e-6
-1.272, -7.135e-6
-1.271, -7.214e-6
-1.270, -7.283e-6
-1.269, -7.362e-6
-1.268, -7.461e-6
-1.267, -7.609e-6
-1.266, -7.648e-6
-1.265, -7.658e-6
-1.264, -7.885e-6
-1.263, -7.855e-6
-1.262, -7.914e-6
-1.261, -8.141e-6
-1.260, -8.191e-6
-1.259, -8.230e-6
-1.258, -8.240e-6
-1.257, -8.487e-6
-1.256, -8.427e-6
-1.255, -8.526e-6
-1.254, -8.654e-6
-1.253, -8.645e-6
-1.252, -8.812e-6
-1.251, -8.950e-6
-1.250, -8.960e-6
-1.249, -8.990e-6
-1.248, -9.256e-6
-1.247, -9.345e-6
-1.246, -9.434e-6
-1.245, -9.532e-6
-1.244, -9.542e-6
-1.243, -9.523e-6
-1.242, -9.769e-6
-1.241, -9.967e-6
-1.240, -9.898e-6
-1.239, -1.010e-5
-1.238, -1.006e-5
-1.237, -1.020e-5
-1.236, -1.035e-5
-1.235, -1.041e-5
-1.234, -1.042e-5
-1.233, -1.043e-5
-1.232, -1.058e-5
-1.231, -1.068e-5
-1.230, -1.064e-5
-1.229, -1.095e-5
-1.228, -1.095e-5
-1.227, -1.119e-5
-1.226, -1.111e-5
-1.225, -1.126e-5
-1.224, -1.139e-5
-1.223, -1.139e-5
-1.222, -1.156e-5
-1.221, -1.162e-5
-1.220, -1.171e-5
-1.219, -1.179e-5
-1.218, -1.187e-5
-1.217, -1.205e-5
-1.216, -1.214e-5
-1.215, -1.222e-5
-1.214, -1.237e-5
-1.213, -1.236e-5
-1.212, -1.241e-5
-1.211, -1.261e-5
-1.210, -1.261e-5
-1.209, -1.277e-5
-1.208, -1.271e-5
-1.207, -1.289e-5
-1.206, -1.303e-5
-1.205, -1.301e-5
-1.204, -1.323e-5
-1.203, -1.319e-5
-1.202, -1.331e-5
-1.201, -1.345e-5
-1.200, -1.339e-5
-1.199, -1.357e-5
-1.198, -1.364e-5
-1.197, -1.381e-5
-1.196, -1.376e-5
-1.195, -1.385e-5
-1.194, -1.408e-5
-1.193, -1.406e-5
-1.192, -1.417e-5
-1.191, -1.435e-5
-1.190, -1.439e-5
-1.189, -1.437e-5
-1.188, -1.453e-5
-1.187, -1.460e-5
-1.186, -1.462e-5
-1.185, -1.466e-5
-1.184, -1.473e-5
-1.183, -1.497e-5
-1.182, -1.496e-5
-1.181, -1.514e-5
-1.180, -1.520e-5
-1.179, -1.530e-5
-1.178, -1.533e-5
-1.177, -1.537e-5
-1.176, -1.545e-5
-1.175, -1.542e-5
-1.174, -1.557e-5
-1.173, -1.563e-5
-1.172, -1.576e-5
-1.171, -1.589e-5
-1.170, -1.597e-5
-1.169, -1.603e-5
-1.168, -1.628e-5
-1.167, -1.619e-5
-1.166, -1.624e-5
-1.165, -1.628e-5
-1.164, -1.651e-5
-1.163, -1.654e-5
-1.162, -1.653e-5
-1.161, -1.662e-5
-1.160, -1.660e-5
-1.159, -1.671e-5
-1.158, -1.678e-5
-1.157, -1.681e-5
-1.156, -1.680e-5
-1.155, -1.698e-5
-1.154, -1.698e-5
-1.153, -1.707e-5
-1.152, -1.731e-5
-1.151, -1.723e-5
-1.150, -1.732e-5
-1.149, -1.744e-5
-1.148, -1.744e-5
-1.147, -1.757e-5
-1.146, -1.771e-5
-1.145, -1.759e-5
-1.144, -1.779e-5
-1.143, -1.776e-5
-1.142, -1.788e-5
-1.141, -1.789e-5
-1.140, -1.804e-5
-1.139, -1.817e-5
-1.138, -1.821e-5
-1.137, -1.827e-5
-1.136, -1.823e-5
-1.135, -1.840e-5
-1.134, -1.833e-5
-1.133, -1.838e-5
-1.132, -1.850e-5
-1.131, -1.842e-5
-1.130, -1.856e-5
-1.129, -1.882e-5
-1.128, -1.872e-5
-1.127, -1.881e-5
-1.126, -1.881e-5
-1.125, -1.888e-5
-1.124, -1.892e-5
-1.123, -1.902e-5
-1.122, -1.906e-5
-1.121, -1.905e-5
-1.120, -1.917e-5
-1.119, -1.919e-5
-1.118, -1.920e-5
-1.117, -1.926e-5
-1.116, -1.926e-5
-1.115, -1.947e-5
-1.114, -1.961e-5
-1.113, -1.957e-5
-1.112, -1.966e-5
-1.111, -1.971e-5
-1.110, -1.967e-5
-1.109, -1.975e-5
-1.108, -1.971e-5
-1.107, -2.002e-5
-1.106, -1.992e-5
-1.105, -1.991e-5
-1.104, -2.001e-5
-1.103, -2.011e-5
-1.102, -2.017e-5
-1.101, -2.020e-5
-1.100, -2.048e-5
-1.099, -2.046e-5
-1.098, -2.045e-5
-1.097, -2.068e-5
-1.096, -2.052e-5
-1.095, -2.066e-5
-1.094, -2.073e-5
-1.093, -2.072e-5
-1.092, -2.080e-5
-1.091, -2.092e-5
-1.090, -2.100e-5
-1.089, -2.100e-5
-1.088, -2.108e-5
-1.087, -2.114e-5
-1.086, -2.125e-5
-1.085, -2.114e-5
-1.084, -2.126e-5
-1.083, -2.124e-5
-1.082, -2.138e-5
-1.081, -2.152e-5
-1.080, -2.148e-5
-1.079, -2.153e-5
-1.078, -2.137e-5
-1.077, -2.141e-5
-1.076, -2.151e-5
-1.075, -2.175e-5
-1.074, -2.174e-5
-1.073, -2.172e-5
-1.072, -2.183e-5
-1.071, -2.183e-5
-1.070, -2.178e-5
-1.069, -2.196e-5
-1.068, -2.203e-5
-1.067, -2.212e-5
-1.066, -2.205e-5
-1.065, -2.221e-5
-1.064, -2.228e-5
-1.063, -2.223e-5
-1.062, -2.241e-5
-1.061, -2.231e-5
-1.060, -2.241e-5
-1.059, -2.243e-5
-1.058, -2.244e-5
-1.057, -2.260e-5
-1.056, -2.262e-5
-1.055, -2.269e-5
-1.054, -2.277e-5
-1.053, -2.275e-5
-1.052, -2.291e-5
-1.051, -2.289e-5
-1.050, -2.295e-5
-1.049, -2.297e-5
-1.048, -2.313e-5
-1.047, -2.336e-5
-1.046, -2.335e-5
-1.045, -2.343e-5
-1.044, -2.340e-5
-1.043, -2.349e-5
-1.042, -2.365e-5
-1.041, -2.360e-5
-1.040, -2.376e-5
-1.039, -2.387e-5
-1.038, -2.386e-5
-1.037, -2.397e-5
-1.036, -2.420e-5
-1.035, -2.428e-5
-1.034, -2.423e-5
-1.033, -2.430e-5
-1.032, -2.438e-5
-1.031, -2.430e-5
-1.030, -2.441e-5
-1.029, -2.455e-5
-1.028, -2.464e-5
-1.027, -2.470e-5
-1.026, -2.491e-5
-1.025, -2.507e-5
-1.024, -2.532e-5
-1.023, -2.538e-5
-1.022, -2.539e-5
-1.021, -2.543e-5
-1.020, -2.559e-5
-1.019, -2.566e-5
-1.018, -2.584e-5
-1.017, -2.588e-5
-1.016, -2.593e-5
-1.015, -2.622e-5
-1.014, -2.626e-5
-1.013, -2.652e-5
-1.012, -2.686e-5
-1.011, -2.679e-5
-1.010, -2.707e-5
-1.009, -2.718e-5
-1.008, -2.730e-5
-1.007, -2.750e-5
-1.006, -2.777e-5
-1.005, -2.797e-5
-1.004, -2.829e-5
-1.003, -2.836e-5
-1.002, -2.848e-5
-1.001, -2.863e-5
