Potential V vs RHE, Current mA cm-2
0.013299999999999867,0.06493524866380519
0.012299999999999978,0.047350387206482776
0.011299999999999866,0.039244091458256115
0.010299999999999976,0.031434885083001116
0.009299999999999864,0.029482583489187364
0.008299999999999974,0.023342736447773106
0.007299999999999862,0.01887224874019959
0.006299999999999972,0.015377911829532949
0.00529999999999986,0.009658234044178605
0.0042999999999999705,0.008820724954658504
0.0032999999999998586,0.00826332870251168
0.0022999999999999687,0.004633179507057995
0.0012999999999998568,0.0012841334468874936
0.00029999999999996696,0.00016750181790402036
-0.000700000000000145,-0.002205534916489592
-0.0017000000000000348,-0.006531722071476874
-0.0027000000000001467,-0.006531722071476874
-0.0037000000000000366,-0.009044249340037178
-0.0047000000000001485,-0.010997965645150794
-0.005700000000000038,-0.011416720189910844
-0.00670000000000015,-0.013790605751084378
-0.00770000000000004,-0.014911057100577486
-0.008700000000000152,-0.017004829824377742
-0.009700000000000042,-0.019933282215098366
-0.010700000000000154,-0.020909433012005242
-0.011700000000000044,-0.023286147995778505
-0.012700000000000156,-0.02467256506964624
-0.013700000000000045,-0.024120827662698876
-0.014700000000000157,-0.025238449589592253
-0.015700000000000047,-0.023837885402725866
-0.01670000000000016,-0.027332222313392506
-0.01770000000000005,-0.028166901980312884
-0.01870000000000016,-0.029001581647233248
-0.01970000000000005,-0.030543616964086147
-0.020700000000000163,-0.031095354371033508
-0.021700000000000053,-0.03193003403795388
-0.022700000000000164,-0.03290618483486075
-0.023700000000000054,-0.03458969128170015
-0.024700000000000166,-0.034999957558661005
-0.025700000000000056,-0.035282899818634014
-0.026700000000000168,-0.035565842078607024
-0.027700000000000058,-0.038635765599314156
-0.02870000000000017,-0.037518143672420776
-0.02970000000000006,-0.038777236729300654
-0.03070000000000017,-0.04003632978618053
-0.03170000000000006,-0.04087100945310092
-0.03270000000000017,-0.04016365380316839
-0.03370000000000006,-0.041988631379994285
-0.034700000000000175,-0.041988631379994285
-0.035700000000000065,-0.04156421799003478
-0.03670000000000018,-0.04337504845386203
-0.03770000000000007,-0.04239889765695515
-0.03870000000000018,-0.04254036878694165
-0.03970000000000007,-0.04520002603068792
-0.04070000000000018,-0.04365799071383503
-0.04170000000000007,-0.044492670380755404
-0.04270000000000018,-0.04672791423454216
-0.04370000000000007,-0.04672791423454216
-0.044700000000000184,-0.04756259390146254
-0.045700000000000074,-0.04715232762450167
-0.046700000000000186,-0.04784553616143554
-0.047700000000000076,-0.04742112277147603
-0.04870000000000019,-0.049939308885235796
-0.04970000000000008,-0.05091545968214267
-0.05070000000000019,-0.048269949551395054
-0.05170000000000008,-0.04938757147828843
-0.05270000000000019,-0.050080780015222294
-0.05370000000000008,-0.04979783775524929
-0.05470000000000019,-0.05189161047904954
-0.05570000000000008,-0.05175013934906304
-0.056700000000000195,-0.051481344202088684
-0.057700000000000085,-0.053575116925888934
-0.058700000000000196,-0.052584819015983414
-0.059700000000000086,-0.052584819015983414
-0.0607000000000002,-0.053575116925888934
-0.06170000000000009,-0.053575116925888934
-0.0627000000000002,-0.05440979659280931
-0.06370000000000009,-0.05412685433283631
-0.0647000000000002,-0.053433645795902436
-0.06570000000000009,-0.05412685433283631
-0.0667000000000002,-0.05329217466591593
-0.0677000000000001,-0.05329217466591593
-0.0687000000000002,-0.055668889649689184
-0.0697000000000001,-0.05496153399975667
-0.07070000000000021,-0.054820062869770175
-0.0717000000000001,-0.055527418519702686
-0.07270000000000021,-0.05705530672355694
-0.0737000000000001,-0.05593768479666354
-0.07470000000000021,-0.057479720113516444
-0.0757000000000001,-0.05971496396730319
-0.07670000000000021,-0.0578899863904773
-0.0777000000000001,-0.05776266237348945
-0.07870000000000021,-0.057196777853543435
-0.0797000000000001,-0.05929055057734369
-0.08070000000000022,-0.05831439978043681
-0.0817000000000001,-0.05998375911427755
-0.08270000000000022,-0.06152579443113045
-0.08370000000000011,-0.06195020782108995
-0.08470000000000022,-0.05998375911427755
-0.08570000000000011,-0.060832585894196586
-0.08670000000000022,-0.060408172504237065
-0.08770000000000011,-0.06292635861799684
-0.08870000000000022,-0.06292635861799684
-0.08970000000000011,-0.06207753183807782
-0.09070000000000022,-0.06264341635802383
-0.09170000000000011,-0.06292635861799684
-0.09270000000000023,-0.06221900296806432
-0.09370000000000012,-0.06487866021181057
-0.09470000000000023,-0.0634780960249442
-0.09570000000000012,-0.06402983343189157
-0.09670000000000023,-0.0634780960249442
-0.09770000000000012,-0.06626507728567832
-0.09870000000000023,-0.06502013134179709
-0.09970000000000012,-0.06487866021181057
-0.10070000000000023,-0.0679485837325177
-0.10170000000000012,-0.06599628213870397
-0.10270000000000024,-0.06640654841566482
-0.10370000000000013,-0.06640654841566482
-0.10470000000000024,-0.06697243293561084
-0.10570000000000013,-0.06543039761875795
-0.10670000000000024,-0.06514745535878494
-0.10770000000000013,-0.0679485837325177
-0.10870000000000024,-0.0675241703425582
-0.10970000000000013,-0.06668949067563783
-0.11070000000000024,-0.0675241703425582
-0.11170000000000013,-0.0673826992125717
-0.11270000000000002,-0.0673826992125717
-0.11370000000000013,-0.07045262273327882
-0.11470000000000002,-0.07004235645631796
-0.11570000000000014,-0.06961794306635845
-0.11670000000000003,-0.07115997838321135
-0.11770000000000014,-0.07073556499325184
-0.11870000000000003,-0.07018382758630445
-0.11970000000000014,-0.07045262273327882
-0.12070000000000003,-0.0717117157901587
-0.12170000000000014,-0.07130144951319785
-0.12270000000000003,-0.07130144951319785
-0.12370000000000014,-0.07227760031010473
-0.12470000000000003,-0.07282933771705208
-0.12570000000000014,-0.0717117157901587
-0.12670000000000003,-0.07268786658706558
-0.12770000000000015,-0.07073556499325184
-0.12870000000000004,-0.07534752383081185
-0.12970000000000015,-0.07506458157083885
-0.13070000000000004,-0.07352254625398597
-0.13170000000000015,-0.07464016818087933
-0.13270000000000004,-0.07646514575770523
-0.13370000000000015,-0.07589926123775922
-0.13470000000000004,-0.07437137303390498
-0.13570000000000015,-0.07575779010777271
-0.13670000000000004,-0.07632367462771873
-0.13770000000000016,-0.07756862057159995
-0.13870000000000005,-0.07799303396155947
-0.13970000000000016,-0.07841744735151898
-0.14070000000000005,-0.07855891848150548
-0.14170000000000016,-0.0767339409046796
-0.14270000000000005,-0.07632367462771873
-0.14370000000000016,-0.07855891848150548
-0.14470000000000005,-0.07980386442538671
-0.14570000000000016,-0.07896918475846634
-0.14670000000000005,-0.07868624249849335
-0.14770000000000016,-0.07882771362847985
-0.14870000000000005,-0.0812044286122531
-0.14970000000000017,-0.0814873708722261
-0.15070000000000006,-0.08218057940915997
-0.15170000000000017,-0.08232205053914649
-0.15270000000000006,-0.08175616601920047
-0.15370000000000017,-0.08469876552291973
-0.15470000000000006,-0.08427435213296022
-0.15570000000000017,-0.08399140987298723
-0.15670000000000006,-0.08413288100297373
-0.15770000000000017,-0.08343967246603987
-0.15870000000000006,-0.08372261472601288
-0.15970000000000018,-0.08329820133605337
-0.16070000000000007,-0.08329820133605337
-0.16170000000000018,-0.08372261472601288
-0.16270000000000007,-0.08413288100297373
-0.16370000000000018,-0.08469876552291973
-0.16470000000000007,-0.08510903179988061
-0.16570000000000018,-0.08706133339369435
-0.16670000000000007,-0.08525050292986712
-0.16770000000000018,-0.08622665372677399
-0.16870000000000007,-0.08679253824672
-0.16970000000000018,-0.08720280452368086
-0.17070000000000007,-0.08791016017361337
-0.17170000000000019,-0.08902778210050676
-0.17270000000000008,-0.08986246176742714
-0.1737000000000002,-0.0904141991743745
-0.17470000000000008,-0.09124887884129487
-0.1757000000000002,-0.08915510611749461
-0.17670000000000008,-0.08888631097052026
-0.1777000000000002,-0.09181476336124088
-0.17870000000000008,-0.09264944302816126
-0.1797000000000002,-0.090838612564334
-0.18070000000000008,-0.09153182110126787
-0.1817000000000002,-0.09236650076818824
-0.18270000000000008,-0.09419147834501414
-0.1837000000000002,-0.0957193665488684
-0.1847000000000001,-0.09419147834501414
-0.1857000000000002,-0.09529495315890889
-0.1867000000000001,-0.094601744621975
-0.1877000000000002,-0.094601744621975
-0.1887000000000001,-0.09557789541888188
-0.1897000000000002,-0.09669551734577525
-0.1907000000000001,-0.09864781893958902
-0.1917000000000001,-0.09726140186572127
-0.19269999999999998,-0.09753019701269564
-0.1937000000000001,-0.10004838312645539
-0.19469999999999998,-0.09864781893958902
-0.1957000000000001,-0.09935517458952153
-0.19669999999999999,-0.10102453392336228
-0.1977000000000001,-0.10074159166338927
-0.1987,-0.10130747618333527
-0.1997000000000001,-0.10185921359028265
-0.2007,-0.10325977777714902
-0.2017000000000001,-0.10325977777714902
-0.2027,-0.10340124890713552
-0.2037000000000001,-0.10367004405410989
-0.2047,-0.10478766598100327
-0.2057000000000001,-0.10661264355782916
-0.2067,-0.10883374029861728
-0.2077000000000001,-0.10576381677791014
-0.2087,-0.10730585209476304
-0.2097000000000001,-0.10911668255859029
-0.2107,-0.10773026548472255
-0.2117000000000001,-0.10883374029861728
-0.2127,-0.11080018900542968
-0.2137000000000001,-0.11135192641237703
-0.2147,-0.11092751302241752
-0.2157000000000001,-0.11428037880309765
-0.2167,-0.11511505847001803
-0.21770000000000012,-0.11930260391761856
-0.2187,-0.11944407504760506
-0.21970000000000012,-0.11749177345379128
-0.2207,-0.11735030232380478
-0.22170000000000012,-0.11651562265688443
-0.2227,-0.12098611036445794
-0.22370000000000012,-0.11972701730757807
-0.2247,-0.12307988308825818
-0.22570000000000012,-0.12098611036445794
-0.2267,-0.1218207900313783
-0.22770000000000012,-0.1216793189013918
-0.22870000000000001,-0.12405603388516506
-0.22970000000000013,-0.12433897614513807
-0.23070000000000002,-0.12531512694204497
-0.23170000000000013,-0.1269844862758857
-0.23270000000000002,-0.1257253932190058
-0.23370000000000013,-0.12531512694204497
-0.23470000000000002,-0.12796063707279257
-0.23570000000000013,-0.12629127773895182
-0.23670000000000002,-0.1271259574058722
-0.2376999999999999,-0.1296299964066333
-0.23870000000000002,-0.1315964451134457
-0.2396999999999999,-0.13033735205656583
-0.24070000000000003,-0.13298286218731345
-0.24169999999999991,-0.13354874670725947
-0.24270000000000003,-0.1338175418542338
-0.24369999999999992,-0.13633572796799356
-0.24470000000000003,-0.13633572796799356
-0.24569999999999992,-0.13578399056104623
-0.24670000000000003,-0.13773629215485997
-0.24769999999999992,-0.1394056514887007
-0.24870000000000003,-0.13885391408175335
-0.24969999999999992,-0.13983006487866023
-0.25070000000000003,-0.14135795308251448
-0.2516999999999999,-0.1392641803587142
-0.25270000000000004,-0.14486643710617977
-0.2536999999999999,-0.14387613919627423
-0.25470000000000004,-0.14543232162612577
-0.2556999999999999,-0.14529085049613927
-0.25670000000000004,-0.14444202371622025
-0.25769999999999993,-0.1465640906660178
-0.25870000000000004,-0.14642261953603128
-0.25969999999999993,-0.14712997518596382
-0.26070000000000004,-0.14868615761581536
-0.26169999999999993,-0.1501008689156804
-0.26270000000000004,-0.1513741090855589
-0.26369999999999993,-0.1509496956955994
-0.26470000000000005,-0.15193999360550495
-0.26569999999999994,-0.15222293586547794
-0.26670000000000005,-0.15590118524512703
-0.26769999999999994,-0.15462794507524852
-0.26870000000000005,-0.1584476655848841
-0.26969999999999994,-0.15816472332491108
-0.27070000000000005,-0.15986237688474914
-0.27169999999999994,-0.16000384801473563
-0.27270000000000005,-0.16311621287443873
-0.27369999999999994,-0.1659456354741688
-0.27470000000000006,-0.16438945304431726
-0.27569999999999995,-0.16608710660415532
-0.27670000000000006,-0.16778476016399335
-0.27769999999999995,-0.1667944622540878
-0.27870000000000006,-0.16622857773414182
-0.27969999999999995,-0.16721887564404736
-0.28070000000000006,-0.16863358694391237
-0.28169999999999995,-0.16778476016399335
-0.28270000000000006,-0.17132153841365594
-0.28369999999999995,-0.17358507649344
-0.28470000000000006,-0.17259477858353447
-0.28569999999999995,-0.17400948988339954
-0.28670000000000007,-0.17415096101338604
-0.28769999999999996,-0.1769803836131161
-0.28870000000000007,-0.17599008570321056
-0.28969999999999996,-0.17542420118326454
-0.29070000000000007,-0.17867803717295414
-0.29169999999999996,-0.17867803717295414
-0.29270000000000007,-0.18292217107254924
-0.29369999999999996,-0.18193187316264373
-0.2947000000000001,-0.18263922881257624
-0.29569999999999996,-0.18405394011244128
-0.2967000000000001,-0.1844783535024008
-0.29769999999999996,-0.1858930648022658
-0.2987000000000001,-0.18716630497214437
-0.29969999999999997,-0.18829807401203638
-0.3007000000000001,-0.18872248740199588
-0.30169999999999997,-0.19013719870186094
-0.3027000000000001,-0.19169338113171247
-0.30369999999999997,-0.19254220791163149
-0.3047000000000001,-0.192966621301591
-0.30569999999999997,-0.19381544808151
-0.3067000000000001,-0.19508868825138856
-0.3077,-0.1965033995512536
-0.3087000000000001,-0.19551310164134805
-0.3097,-0.1965033995512536
-0.3107000000000001,-0.19947429328097016
-0.3117,-0.19947429328097016
-0.3127000000000001,-0.20018164893090268
-0.3137,-0.2008890045808352
-0.3147000000000001,-0.2038598983105518
-0.3157,-0.20428431170051128
-0.3167000000000001,-0.2040013694405383
-0.3177,-0.2041428405705248
-0.3187000000000001,-0.20555755187038985
-0.3197,-0.20513313848043033
-0.3207000000000001,-0.2066893209102819
-0.3217,-0.20852844560010642
-0.3227000000000001,-0.20838697447011992
-0.3237,-0.2089528589900659
-0.3247000000000001,-0.21008462802995795
-0.3257,-0.21050904141991747
-0.3267000000000001,-0.21036757028993097
-0.3277,-0.2116408104598095
-0.3287000000000001,-0.21220669497975553
-0.3297,-0.21277257949970152
-0.3307000000000001,-0.2156020020994316
-0.3317,-0.212065223849769
-0.3327000000000001,-0.21772406904922914
-0.3337,-0.21588494435940458
-0.3347000000000001,-0.21970466486904017
-0.3357,-0.2181484824391887
-0.3367000000000001,-0.2199876071290132
-0.3377,-0.22225114520879727
-0.3387000000000001,-0.21885583808912115
-0.3397,-0.21800701130920216
-0.3407000000000001,-0.22154378955886472
-0.3417,-0.2199876071290132
-0.3427000000000001,-0.22111937616890526
-0.3437,-0.22267555859875673
-0.3447000000000001,-0.22196820294882427
-0.3457,-0.2232414431187028
-0.3467000000000001,-0.2204120205189727
-0.3477,-0.22239261633878374
-0.3487000000000001,-0.22267555859875673
-0.3497,-0.22409026989862182
-0.3507000000000001,-0.22592939458844638
-0.3517,-0.22409026989862182
-0.3527000000000001,-0.22748557701829786
-0.3537,-0.22592939458844638
-0.3547000000000001,-0.2284758749282034
-0.3557,-0.2281929326682304
-0.35670000000000013,-0.22805146153824393
-0.3577,-0.23158823978790652
-0.35870000000000013,-0.2284758749282034
-0.3597,-0.22748557701829786
-0.36070000000000013,-0.2313052975279335
-0.3617,-0.22989058622806843
-0.3626999999999999,-0.23116382639794697
-0.3637,-0.2307394130079875
-0.3646999999999999,-0.23229559543783898
-0.3657,-0.232578537697812
-0.3666999999999999,-0.23300295108777153
-0.3677,-0.2356909025575151
-0.3686999999999999,-0.23583237368750162
-0.36970000000000003,-0.2368226715974071
-0.3706999999999999,-0.23908620967719119
-0.37170000000000003,-0.2382373828972722
-0.3726999999999999,-0.2392276808071777
-0.37370000000000003,-0.2389447385472047
-0.3746999999999999,-0.2393691519371642
-0.37570000000000003,-0.24035944984706975
-0.3766999999999999,-0.2399350364571102
-0.37770000000000004,-0.2420571034069078
-0.3786999999999999,-0.24248151679686727
-0.37970000000000004,-0.2429059301868268
-0.3806999999999999,-0.2437547569667458
-0.38170000000000004,-0.24474505487665132
-0.38269999999999993,-0.2460182950465299
-0.38370000000000004,-0.24884771764625993
-0.38469999999999993,-0.24884771764625993
-0.38570000000000004,-0.24927213103621945
-0.38669999999999993,-0.24941360216620592
-0.38770000000000004,-0.2532333226758416
-0.38869999999999993,-0.2526674381558955
-0.38970000000000005,-0.2554968607556256
-0.39069999999999994,-0.2554968607556256
-0.39170000000000005,-0.2557798030155986
-0.39269999999999994,-0.2574774565754367
-0.39370000000000005,-0.2580433410953827
-0.39469999999999994,-0.25903363900528825
-0.39570000000000005,-0.26058982143513976
-0.39669999999999994,-0.26384365742482935
-0.39770000000000005,-0.2656827821146539
-0.39869999999999994,-0.2653998398546809
-0.39970000000000006,-0.2646924842047484
-0.40069999999999995,-0.2639851285548159
-0.40170000000000006,-0.26907808923433
-0.40269999999999995,-0.26837073358439745
-0.40370000000000006,-0.26738043567449193
-0.40469999999999995,-0.2697854448842625
-0.40570000000000006,-0.27148309844410057
-0.40669999999999995,-0.27134162731411404
-0.40770000000000006,-0.27615164573365514
-0.40869999999999995,-0.27530281895373615
-0.40970000000000006,-0.2781322415534663
-0.41069999999999995,-0.2775663570335202
-0.41170000000000007,-0.2796884239833177
-0.41269999999999996,-0.2813860775431558
-0.41370000000000007,-0.2796884239833177
-0.41469999999999996,-0.2808201930232098
-0.41570000000000007,-0.28294225997300737
-0.41669999999999996,-0.2844984424028589
-0.41770000000000007,-0.28930846082239997
-0.41869999999999996,-0.28633756709268343
-0.4197000000000001,-0.287893749522535
-0.42069999999999996,-0.2929867102020491
-0.4217000000000001,-0.29482583489187364
-0.42269999999999996,-0.29680643071168467
-0.4237000000000001,-0.2972308441016442
-0.42469999999999997,-0.2973723152316307
-0.4257000000000001,-0.3002017378313608
-0.42669999999999997,-0.3024652759111448
-0.4277000000000001,-0.30784117885063195
-0.42869999999999997,-0.3055776407708479
-0.4297000000000001,-0.3044458717309559
-0.43069999999999997,-0.30755823659065895
-0.4317000000000001,-0.308690005630551
-0.4327,-0.31434885083001113
-0.4337000000000001,-0.31406590857003813
-0.4347,-0.31533914873991664
-0.4357000000000001,-0.3170368022997547
-0.4367,-0.31802710020966024
-0.4377000000000001,-0.32283711862920134
-0.4387,-0.3236859454091204
-0.4397000000000001,-0.32750566591875596
-0.4407,-0.3303350885184861
-0.4417000000000001,-0.33259862659827016
-0.4427,-0.33839894292771683
-0.4437000000000001,-0.3386818851876898
-0.4447,-0.3420771923073659
-0.4457000000000001,-0.34419925925716344
-0.4467,-0.3427845479572984
-0.4477000000000001,-0.346887210726907
-0.4487,-0.34872633541673154
-0.4497000000000001,-0.35240458479638065
-0.4507,-0.3541022383562187
-0.4517000000000001,-0.3582049011258273
-0.4527,-0.3591951990357328
-0.4537000000000001,-0.3616002082455034
-0.4547,-0.36358080406531446
-0.4557000000000001,-0.3647125731052065
-0.4567,-0.36994700491470706
-0.4577000000000001,-0.3732008409043967
-0.4587,-0.3753229078541942
-0.4597000000000001,-0.37914262836382984
-0.4607,-0.38112322418364086
-0.4617000000000001,-0.3822549932235329
-0.4627,-0.386216184863155
-0.4637000000000001,-0.38918707859287155
-0.4647,-0.3942800392723857
-0.4657000000000001,-0.3956947505722508
-0.4667,-0.3985241731719808
-0.4677000000000001,-0.40361713385149495
-0.4687,-0.40503184515136
-0.4697000000000001,-0.4077197966211036
-0.4707,-0.4115395171307392
-0.4717000000000001,-0.4179057179801318
-0.4727,-0.4198863137999429
-0.4737000000000001,-0.4237060343095785
-0.4747,-0.42568663012938956
-0.4757000000000001,-0.4316284175888227
-0.4767,-0.43474078244852576
-0.4777000000000001,-0.44039962764798596
-0.4787,-0.4436534636376755
-0.4797000000000001,-0.4436534636376755
-0.4807,-0.45242467369683875
-0.48170000000000013,-0.45666880759643386
-0.4827,-0.46119588375600196
-0.48370000000000013,-0.464308248615705
-0.4847,-0.47025003607513816
-0.48570000000000013,-0.4735038720648278
-0.4867,-0.47803094822439585
-0.4876999999999999,-0.4838312645538425
-0.4887,-0.48765098506347815
-0.4896999999999999,-0.4927439457429922
-0.4907,-0.4993930888523579
-0.4916999999999999,-0.5046275206618586
-0.4927,-0.5098619524713591
-0.4936999999999999,-0.5122669616811297
-0.49470000000000003,-0.5203308160903605
-0.4956999999999999,-0.5242920077299826
-0.49670000000000003,-0.5329217466591593
-0.4976999999999999,-0.5385805918586195
-0.49870000000000003,-0.5445223793180526
-0.4996999999999999,-0.5501812245175128
-0.5007,-0.556971838756865
-0.5016999999999999,-0.5640453952561902
-0.5027,-0.5694212981956773
-0.5036999999999999,-0.5736654320952724
-0.5047,-0.5820122287644761
-0.5056999999999999,-0.5893687275237742
-0.5067,-0.596300812893113
-0.5076999999999999,-0.6045061384323301
-0.5087,-0.6111552815416958
-0.5096999999999999,-0.6214826740307106
-0.5107,-0.6268585769701978
-0.5116999999999999,-0.634215075729496
-0.5127,-0.6451083527384567
-0.5136999999999999,-0.6502013134179708
-0.5147,-0.6593969368670936
-0.5156999999999999,-0.6677437335362972
-0.5167,-0.6753831745555685
-0.5176999999999999,-0.6806176063650692
-0.5187,-0.6895302875542189
-0.5196999999999999,-0.6990088532633147
-0.5207,-0.7113168415721405
-0.5216999999999999,-0.7213612918011821
-0.5227,-0.733103395590062
-0.5236999999999999,-0.7394695964394546
-0.5247,-0.7471090374587258
-0.5257,-0.7582852567276597
-0.5267000000000001,-0.7655002843569714
-0.5277,-0.7779497437957836
-0.5287000000000001,-0.7891259630647174
-0.5297,-0.7974727597339211
-0.5307000000000001,-0.8065269120530575
-0.5317,-0.8177031313219912
-0.5327000000000001,-0.8308599464107361
-0.5337,-0.8403385121198318
-0.5347000000000001,-0.8516562025187521
-0.5357,-0.8626909506576994
-0.5367000000000001,-0.8754233523564846
-0.5377,-0.887023985015378
-0.5387000000000001,-0.8965025507244737
-0.5397,-0.9092349524232591
-0.5407000000000001,-0.9216844118620713
-0.5417,-0.9356900537307352
-0.5427000000000001,-0.9502615801193451
-0.5437,-0.96341839520809
-0.5447000000000001,-0.9775655082067403
-0.5457,-0.9893076119956202
-0.5467000000000001,-1.0038791383842298
-0.5477,-1.0150553576531638
-0.5487000000000001,-1.0328807200314631
-0.5497,-1.0478766598100326
-0.5507000000000001,-1.0630140707185887
-0.5517,-1.078858837277077
-0.5527000000000001,-1.0966841996553764
-0.5537,-1.1115386683039592
-0.5547000000000001,-1.1275249059924342
-0.5557,-1.1454917395007203
-0.5567000000000001,-1.1627512173590735
-0.5577,-1.1784545127875756
-0.5587000000000001,-1.1901966165764555
-0.5597,-1.21226611285435
-0.5607000000000001,-1.232213542182447
-0.5617,-1.2477753664809623
-0.5627000000000001,-1.2672983824191
-0.5637,-1.2886605230470618
-0.5647000000000001,-1.3052126452554829
-0.5657,-1.3298286218731346
-0.5667000000000001,-1.3477954553814204
-0.5677,-1.3711381918291936
-0.5687000000000001,-1.3885391408175334
-0.5697,-1.406930387715779
-0.5707000000000001,-1.426028990263957
-0.5717,-1.4500790823616625
-0.5727000000000001,-1.472714463159503
-0.5737,-1.4925204213576138
-0.5747000000000001,-1.5222293586547795
-0.5757,-1.5264734925543744
-0.5767000000000001,-1.5575971411514054
-0.5777,-1.583061944548976
-0.5787000000000001,-1.6056973253468165
-0.5797,-1.6283327061446573
-0.5807000000000001,-1.653797509542228
-0.5817,-1.6835064468393939
-0.5827000000000001,-1.7075565389370995
-0.5837,-1.7330213423346699
-0.5847000000000001,-1.7584861457322407
-0.5857,-1.7867803717295414
-0.5867000000000001,-1.8122451751271118
-0.5877,-1.8433688237241426
-0.5887000000000001,-1.8716630497214433
-0.5897,-1.8999572757187444
-0.5907000000000001,-1.9324956356156402
-0.5917,-1.9607898616129409
-0.5927000000000001,-1.993328221509837
-0.5937,-2.0216224475071374
-0.5947000000000001,-2.0569902300037635
-0.5957,-2.0881138786007942
-0.5967000000000001,-2.1121639706984996
-0.5977,-2.1447023305953956
-0.5987000000000001,-2.184314246991617
-0.5997,-2.2225114520879723
-0.6007000000000001,-2.225340874687703
-0.6017,-2.272026347583249
-0.6027000000000001,-2.307394130079875
-0.6037,-2.347006046476096
-0.6047000000000001,-2.3781296950731265
-0.6057,-2.430474013168133
-0.6067000000000001,-2.4545241052658384
-0.6077,-2.485647753862869
-0.6087000000000001,-2.5238449589592253
-0.6097,-2.550724473656661
-0.6107000000000001,-2.5804334109538267
-0.6117,-2.6257041725495083
-0.6126999999999999,-2.6653160889457292
-0.6137,-2.7105868505414104
-0.6146999999999999,-2.743125210438306
-0.6157,-2.7799077042347973
-0.6166999999999999,-2.8280078884302084
-0.6177,-2.856302114427509
-0.6186999999999999,-2.9086464325225156
-0.6197,-2.9539171941181968
-0.6206999999999999,-2.997773244414013
-0.6217,-3.047288139909289
-0.6226999999999999,-3.0982177467044303
-0.6237,-3.1491473534995715
-0.6246999999999999,-3.225541763692284
-0.6257,-3.270812525287965
-0.6266999999999999,-3.310424441684186
-0.6277,-3.357109914579732
-0.6286999999999999,-3.3740864501781123
-0.6297,-3.436333747372174
-0.6306999999999999,-3.5014104671659654
-0.6317,-3.566487186959758
-0.6326999999999999,-3.6103432372555737
-0.6337,-3.6457110197521994
-0.6346999999999999,-3.7122024508458558
-0.6357,-3.7702056141403233
-0.6366999999999999,-3.8296234887346547
-0.6377,-3.869235405130875
-0.6386999999999999,-3.939970970124127
-0.6397,-4.006462401217783
-0.6406999999999999,-4.081442100110631
-0.6417,-4.130956995605907
-0.6426999999999999,-4.184716025000778
-0.6437,-4.2526221673943
-0.6446999999999999,-4.296478217690116
-0.6457,-4.388434452181344
-0.6466999999999999,-4.454925883275001
-0.6477,-4.522832025668523
-0.6486999999999999,-4.5893234567621795
-0.6497,-4.627520661858535
-0.6507,-4.725135741549222
-0.6517000000000001,-4.743526988447469
-0.6527,-4.843971490737885
-0.6537000000000001,-4.934513013929248
-0.6547,-5.01090742412196
-0.6557000000000001,-5.115596060311972
-0.6567,-5.1863316253052245
-0.6577000000000001,-5.240090654700095
-0.6587,-5.2980938179945625
-0.6597000000000001,-5.3306321778914585
-0.6607,-5.4622003287789065
-0.6617000000000001,-5.581036077967569
-0.6627,-5.678651157658257
-0.6637000000000001,-5.704115961055828
-0.6647,-5.787583927747865
-0.6657000000000001,-5.856904781441251
-0.6667,-5.931884480334099
-0.6677000000000001,-6.036573116524112
-0.6687,-6.1624824222121
-0.6697000000000001,-6.234632698505217
-0.6707,-6.2954652843994126
-0.6717000000000001,-6.328003644296309
-0.6727,-6.466645351683083
-0.6737000000000001,-6.608116481669587
-0.6747,-6.735440498657439
-0.6757000000000001,-6.817493754049612
-0.6767,-6.956135461436385
-0.6777000000000001,-7.063653520226129
-0.6787,-7.097606591422889
-0.6797000000000001,-7.257468968307639
-0.6807,-7.410257788693063
-0.6817000000000001,-7.516361136182939
-0.6827,-7.604073236774572
-0.6837000000000001,-7.766765036259051
-0.6847,-7.8431594464517636
-0.6857000000000001,-7.986045287738133
-0.6867,-8.058195564031248
-0.6877000000000001,-8.201081405317618
-0.6887,-8.387823296899802
-0.6897000000000001,-8.537782694685495
-0.6907,-8.6226653726774
-0.6917000000000001,-8.7075480506693
-0.6927,-8.85043389195567
-0.6937000000000001,-9.000393289741364
-0.6947,-9.141864419727867
-0.6957000000000001,-9.339924001708972
-0.6967,-9.499786378593722
-0.6977000000000001,-9.666722311977795
-0.6987,-9.750190278669832
-0.6997000000000001,-9.84780535836052
-0.7007,-9.968055818849047
-0.7017000000000001,-10.245339233622596
-0.7027,-10.45471650600262
-0.7037000000000001,-10.583455234290339
-0.7047,-10.661264355782917
-0.7057000000000001,-10.816882598768071
-0.7067,-11.000795067750527
-0.7077000000000001,-11.258272524325962
-0.7087,-11.55536189729762
-0.7097000000000001,-11.616194483191816
-0.7107,-11.868013094567791
-0.7117000000000001,-11.97128701945794
-0.7127,-12.083049212147277
-0.7137000000000001,-12.384382719018532
-0.7147,-12.585271723599366
-0.7157000000000001,-12.821528510676828
-0.7167,-13.063444142953749
-0.7177000000000001,-13.359118804625542
-0.7187,-13.586887323903813
-0.7197000000000001,-13.729773165190181
-0.7207,-14.06930387715779
-0.7217000000000001,-14.401761032626075
-0.7227,-14.57152638860988
-0.7237000000000001,-14.868615761581536
-0.7247,-15.165705134553193
-0.7257000000000001,-15.462794507524851
-0.7267,-15.660854089505953
-0.7277000000000001,-15.88720789748436
-0.7287,-16.21259149645332
-0.7297000000000001,-16.59456354741688
-0.7307,-16.835064468393938
-0.7317000000000001,-17.160448067362896
-0.7327,-17.386801875341302
-0.7337000000000001,-17.584861457322408
-0.7347,-18.05171618627787
-0.7357000000000001,-18.546865141230633
-0.7367,-18.858101627200938
-0.7376999999999999,-19.28251501716045
-0.7387,-19.60789861612941
-0.7396999999999999,-19.98987066709297
-0.7407,-20.329401379060574
-0.7416999999999999,-20.73966765602144
-0.7427,-21.107492593986347
-0.7436999999999999,-21.54605309694451
-0.7447,-21.92802514790807
-0.7456999999999999,-22.42317410286083
-0.7467,-22.819293266823045
-0.7476999999999999,-23.15882397879065
-0.7487,-23.83788540272587
-0.7496999999999999,-24.24815167968673
-0.7507,-24.630123730650286
-0.7516999999999999,-25.153566911600354
-0.7527,-25.77603988354097
-0.7536999999999999,-26.28533595149238
-0.7547,-26.794632019443796
-0.7556999999999999,-27.303928087395207
-0.7567,-27.869812607341224
-0.7576999999999999,-28.435697127287238
-0.7587,-29.001581647233255
-0.7596999999999999,-29.510877715184666
-0.7607,-30.303116043109085
-0.7616999999999999,-31.010471693041605
-0.7627,-31.54806198699032
-0.7636999999999999,-32.08565228093904
-0.7647,-32.821302156868846
-0.7656999999999999,-33.45792224180811
-0.7667,-33.98136542275818
-0.7676999999999999,-34.702868185689354
-0.7687,-35.43851806161916
-0.7696999999999999,-36.07513814655844
-0.7707,-36.8249351354869
-0.7716999999999999,-37.673761915405926
-0.7727,-38.46600024333035
-0.7736999999999999,-39.37141547524397
-0.7747,-40.02218267318189
-0.7757,-40.88515656609956
-0.7767000000000001,-41.83301313700913
-0.7777,-42.3564563179592
-0.7787000000000001,-43.38919556686068
-0.7797,-44.3511992507689
-0.7807000000000001,-45.18587891768927
-0.7817,-45.99226435861234
-0.7827000000000001,-46.92597381652327
-0.7837,-47.91627172642879
-0.7847000000000001,-48.75095139334916
-0.7857,-49.74124930325469
-0.7867000000000001,-50.74569432615886
-0.7877,-51.481344202088685
-0.7887000000000001,-52.42920077299826
-0.7897,-53.33461600491189
-0.7907000000000001,-54.25417834982416
-0.7917,-55.31521182472294
-0.7927000000000001,-56.30550973462846
-0.7937,-57.380690322525886
-0.7947000000000001,-58.55490070141387
-0.7957,-59.60178706331399
-0.7967000000000001,-60.73355610320602
-0.7977,-61.75214823910885
-0.7987000000000001,-62.67171058402113
-0.7997,-64.0722747708875
-0.8007000000000001,-65.02013134179708
-0.8017,-66.19434172068507
-0.8027000000000001,-67.3826992125717
-0.8037,-68.65593938245023
-0.8047000000000001,-69.64623729235576
-0.8057,-70.89118323623698
-0.8067000000000001,-72.00880516313036
-0.8077,-73.3669280110008
-0.8087000000000001,-74.35722592090633
-0.8097,-75.55973052579161
-0.8107000000000001,-77.05932450364854
-0.8117,-78.29012333453113
-0.8127000000000001,-79.71898174739482
-0.8137,-80.66683831830439
-0.8147000000000001,-82.30790342614785
-0.8157,-83.1991715450628
-0.8167000000000001,-84.67047129692244
-0.8177,-85.87297590180773
-0.8187000000000001,-87.21695163667951
-0.8197,-88.39116201556749
-0.8207000000000001,-89.90490310642309
-0.8217,-91.24887884129487
-0.8227000000000001,-92.59285457616664
-0.8237,-93.99341876303303
-0.8247000000000001,-95.19592336791831
-0.8257,-96.75210579776986
-0.8267000000000001,-98.15266998463625
-0.8277,-99.34102747652288
-0.8287000000000001,-100.89720990637443
-0.8297,-102.12800873725699
-0.8307000000000001,-103.30221911614498
-0.8317,-104.83010731999921
-0.8327000000000001,-106.00431769888719
-0.8337,-107.36244054675764
-0.8347000000000001,-108.73471050762672
-0.8357,-109.92306799951335
-0.8367000000000001,-111.42266197737027
-0.8377,-112.80907905123803
-0.8387000000000001,-114.23793746410173
-0.8397,-115.56776608597484
-0.8407000000000001,-117.19468408081964
-0.8417,-118.43963002470086
-0.8427000000000001,-119.7977528725713
-0.8437,-121.15587572044174
-0.8447000000000001,-122.54229279430947
-0.8457,-123.91456275517855
-0.8467000000000001,-125.272685603049
-0.8477,-126.58836711192347
-0.8487000000000001,-127.77672460381012
-0.8497,-129.38949548565625
-0.8507000000000001,-130.28076360457123
-0.8517,-131.624739339443
-0.8527000000000001,-132.92627373531886
-0.8537,-133.9165716452244
-0.8547000000000001,-135.03419357211774
-0.8557,-136.29328662899763
-0.8567000000000001,-137.2694374259045
-0.8577,-138.44364780479248
-0.8587000000000001,-139.43394571469804
-0.8597,-140.48083207659815
-0.8607000000000001,-141.75407224647665
-0.8617,-143.16878354634173
-0.8626999999999999,-144.58349484620675
-0.8637,-145.85673501608528
-0.8646999999999999,-147.27144631595033
-0.8657,-149.1105710057749
-0.8666999999999999,-149.95939778569388
-0.8677,-150.66675343562642
-0.8686999999999999,-151.65705134553193
-0.8697,-153.35470490536997
-0.8706999999999999,-154.9108873352215
-0.8717,-156.60854089505958
-0.8726999999999999,-158.1647233249111
-0.8737,-159.43796349478964
-0.8746999999999999,-160.42826140469515
-0.8757,-161.5600304445872
-0.8766999999999999,-162.40885722450622
-0.8777,-163.68209739438475
-0.8786999999999999,-164.9553375642633
-0.8797,-166.22857773414182
-0.8806999999999999,-167.36034677403384
-0.8817,-168.63358694391238
-0.8826999999999999,-169.9068271137909
-0.8837,-171.32153841365593
-0.8846999999999999,-172.17036519357498
-0.8857,-173.01919197349397
-0.8866999999999999,-173.44360536345349
-0.8857,-172.17036519357498
-0.8846999999999999,-170.75565389370993
-0.8837,-169.6238848538179
-0.8826999999999999,-167.92623129397984
-0.8817,-166.51151999411482
-0.8806999999999999,-164.9553375642633
-0.8797,-163.54062626439824
-0.8786999999999999,-161.84297270456022
-0.8777,-160.28679027470866
-0.8766999999999999,-159.01355010483013
-0.8757,-157.88178106493808
-0.8746999999999999,-156.46706976507306
-0.8737,-154.9108873352215
-0.8726999999999999,-153.35470490536997
-0.8717,-151.5155802155454
-0.8706999999999999,-150.38381117565342
-0.8697,-148.96909987578834
-0.8686999999999999,-147.4129174459368
-0.8677,-146.28114840604482
-0.8666999999999999,-145.43232162612577
-0.8657,-144.86643710617977
-0.8646999999999999,-143.73466806628772
-0.8637,-142.31995676642268
-0.8626999999999999,-140.83450990156442
-0.8617,-139.22173901971826
-0.8607000000000001,-137.28358453890317
-0.8597,-135.85472612603945
-0.8587000000000001,-134.5107503911677
-0.8577,-133.67607072424732
-0.8567000000000001,-132.798949718331
-0.8557,-131.624739339443
-0.8547000000000001,-130.50711741254963
-0.8537,-129.2904656946657
-0.8527000000000001,-128.00307841178852
-0.8517,-126.98448627588569
-0.8507000000000001,-126.16395372196398
-0.8497,-124.87656643908679
-0.8487000000000001,-123.75894451219342
-0.8477,-122.54229279430947
-0.8467000000000001,-121.3963766414188
-0.8457,-120.10898935854159
-0.8447000000000001,-119.23186835262528
-0.8437,-117.84545127875757
-0.8427000000000001,-116.88344759484934
-0.8417,-116.14779771891952
-0.8407000000000001,-115.3838536169924
-0.8397,-114.05402499511925
-0.8387000000000001,-113.19105110220158
-0.8377,-111.90366381932441
-0.8367000000000001,-110.65871787544317
-0.8357,-109.55524306154844
-0.8347000000000001,-108.0839433096888
-0.8337,-107.07949828678463
-0.8327000000000001,-106.10334748987775
-0.8317,-104.75937175500596
-0.8307000000000001,-103.98128054008019
-0.8297,-102.83536438718951
-0.8287000000000001,-101.87336070328129
-0.8277,-100.71329743739196
-0.8267000000000001,-100.1615600304446
-0.8257,-99.11467366854447
-0.8247000000000001,-98.3082882276214
-0.8237,-97.40287299570777
-0.8227000000000001,-96.22866261681979
-0.8217,-95.11104068992641
-0.8207000000000001,-94.06415432802629
-0.8197,-92.93238528813426
-0.8187000000000001,-92.14014696020983
-0.8177,-90.92349524232591
-0.8167000000000001,-90.15955114039879
-0.8157,-89.35316569947572
-0.8147000000000001,-88.37701490256885
-0.8137,-87.37256987966467
-0.8127000000000001,-86.55203732574294
-0.8117,-85.71735765882258
-0.8107000000000001,-84.59973573192919
-0.8097,-83.93482142099262
-0.8087000000000001,-83.05770041507631
-0.8077,-82.44937455613434
-0.8067000000000001,-81.45907664622881
-0.8057,-80.69513254430169
-0.8047000000000001,-79.73312886039348
-0.8037,-78.7852722894839
-0.8027000000000001,-77.71009170158646
-0.8017,-76.8754120346661
-0.8007000000000001,-75.81437855976732
-0.7997,-74.8806691018564
-0.7987000000000001,-74.07428366093333
-0.7977,-73.16886842901971
-0.7967000000000001,-72.71616081306288
-0.7957,-72.13612918011822
-0.7947000000000001,-71.18827260920865
-0.7937,-70.22626892530042
-0.7927000000000001,-69.56135461436386
-0.7917,-68.52861536546239
-0.7907000000000001,-68.01931929751096
-0.7897,-67.08560983960004
-0.7887000000000001,-66.64704933664189
-0.7877,-65.74163410472826
-0.7867000000000001,-65.06257268079304
-0.7857,-64.42595259585376
-0.7847000000000001,-63.59127292893339
-0.7837,-62.629269245025185
-0.7827000000000001,-61.7662953521075
-0.7817,-61.12967526716824
-0.7807000000000001,-60.32328982624517
-0.7797,-59.6583755153086
-0.7787000000000001,-59.21981501235043
-0.7777,-58.37098823243142
-0.7767000000000001,-57.66363258249889
-0.7757,-57.111895175551524
-0.7747,-56.51771642960822
-0.7736999999999999,-55.49912429370539
-0.7727,-54.74932730477692
-0.7716999999999999,-53.971236089851146
-0.7707,-53.37705734390783
-0.7696999999999999,-52.76873148496586
-0.7687,-52.20284696501985
-0.7676999999999999,-51.53793265408329
-0.7667,-50.87301834314672
-0.7656999999999999,-49.995897337230396
-0.7647,-49.58563106026953
-0.7636999999999999,-48.72265716735186
-0.7627,-48.312390890391
-0.7616999999999999,-47.80309482243959
-0.7607,-47.08159205950842
-0.7596999999999999,-46.68547289554621
-0.7587,-46.062999923605595
-0.7576999999999999,-45.35564427367308
-0.7567,-44.619994397743255
-0.7556999999999999,-44.025815651799945
-0.7547,-43.40334267985933
-0.7536999999999999,-42.96478217690117
-0.7527,-42.625251464933555
-0.7516999999999999,-41.93204292799969
-0.7507,-41.281275730061765
-0.7496999999999999,-40.814421001106304
-0.7487,-40.24853648116029
-0.7476999999999999,-39.654357735216976
-0.7467,-39.10262032826961
-0.7456999999999999,-38.42355890433439
-0.7447,-38.05573396636949
-0.7436999999999999,-37.48984944642347
-0.7427,-36.95225915247476
-0.7416999999999999,-36.40052174552739
-0.7407,-36.20246216354629
-0.7396999999999999,-35.48095940061512
-0.7387,-34.81604508967855
-0.7376999999999999,-34.47651437771095
-0.7367,-34.15113077874198
-0.7357000000000001,-33.627687597791926
-0.7347,-33.14668575583781
-0.7337000000000001,-32.7222723658783
-0.7327,-32.12809361993498
-0.7317000000000001,-31.788562907967375
-0.7307,-31.27926684001596
-0.7297000000000001,-30.741676546067247
-0.7287,-30.345557382105042
-0.7277000000000001,-29.906996879146874
-0.7267,-29.581613280177915
-0.7257000000000001,-29.086464325225155
-0.7247,-28.56302114427509
-0.7237000000000001,-28.308373110299385
-0.7227,-27.869812607341224
-0.7217000000000001,-27.459546330380363
-0.7207,-27.00683871442355
-0.7197000000000001,-26.723896454450543
-0.7187,-26.58242532446404
-0.7177000000000001,-25.931658126526123
-0.7167,-25.549686075562565
-0.7157000000000001,-25.153566911600354
-0.7147,-24.828183312631392
-0.7137000000000001,-24.630123730650286
-0.7127,-24.050092097705623
-0.7117000000000001,-23.724708498736668
-0.7107,-23.314442221775803
-0.7097000000000001,-23.017352848804148
-0.7087,-22.649527910839236
-0.7077000000000001,-22.267555859875678
-0.7067,-21.94217226090672
-0.7057000000000001,-21.54605309694451
-0.7047,-21.319699288966106
-0.7037000000000001,-21.022609915994444
-0.7027,-20.711373430024135
-0.7017000000000001,-20.371842718056527
-0.7007,-20.046459119087572
-0.6997000000000001,-19.876693763103766
-0.6987,-19.622045729128057
-0.6977000000000001,-19.2683679041618
-0.6967,-18.872248740199588
-0.6957000000000001,-18.561012254229283
-0.6947,-18.334658446250877
-0.6937000000000001,-18.03756907327922
-0.6927,-17.669744135314307
-0.6917000000000001,-17.386801875341302
-0.6907,-17.103859615368293
-0.6897000000000001,-16.93409425938449
-0.6887,-16.792623129397985
-0.6877000000000001,-16.495533756426326
-0.6867,-16.22673860945197
-0.6857000000000001,-15.986237688474914
-0.6847,-15.731589654499205
-0.6837000000000001,-15.491088733522153
-0.6827,-15.222293586547794
-0.6817000000000001,-15.151558021554543
-0.6807,-14.98179266557074
-0.6797000000000001,-14.642261953603128
-0.6787,-14.415908145624723
-0.6777000000000001,-14.137210019551313
-0.6767,-13.864170738677359
-0.6757000000000001,-13.62508452900017
-0.6747,-13.459563306915959
-0.6737000000000001,-13.182279892142413
-0.6727,-13.043638184755638
-0.6717000000000001,-12.944608393765087
-0.6707,-12.675813246790728
-0.6697000000000001,-12.465021263110838
-0.6687,-12.298085329726765
-0.6677000000000001,-12.11700228334404
-0.6667,-11.901966165764554
-0.6657000000000001,-11.681271202985608
-0.6647,-11.556776608597485
-0.6637000000000001,-11.439355570708686
-0.6627,-11.163486867235004
-0.6617000000000001,-10.95976844005444
-0.6607,-10.893277008960782
-0.6597000000000001,-10.62872599588602
-0.6587,-10.44905766080316
-0.6577000000000001,-10.306171819516793
-0.6567,-10.143480020032312
-0.6557000000000001,-10.000594178745946
-0.6547,-9.80536401936457
-0.6537000000000001,-9.703504805774287
-0.6527,-9.484224554295206
-0.6517000000000001,-9.382365340704922
-0.6507,-9.27767670451491
-0.6497,-9.131961440628812
-0.6486999999999999,-8.933901858647706
-0.6477,-8.786771883461741
-0.6466999999999999,-8.686327381171324
-0.6457,-8.486853087890356
-0.6446999999999999,-8.418946945496833
-0.6437,-8.34255253530412
-0.6426999999999999,-8.143078242023151
-0.6417,-8.019998358934892
-0.6406999999999999,-7.889844919347309
-0.6397,-7.720079563363504
-0.6386999999999999,-7.630952751472008
-0.6377,-7.531922960481456
-0.6366999999999999,-7.406013654793467
-0.6357,-7.261713102207232
-0.6346999999999999,-7.205124650212632
-0.6337,-7.041018139428288
-0.6326999999999999,-6.868423360844753
-0.6317,-6.759490590755146
-0.6306999999999999,-6.6887550257618935
-0.6297,-6.55011331837512
-0.6286999999999999,-6.4793777533818675
-0.6277,-6.387421518890641
-0.6266999999999999,-6.318100665197254
-0.6257,-6.180873669110345
-0.6246999999999999,-6.0917468572188485
-0.6237,-6.025255426125191
-0.6226999999999999,-5.880954873538958
-0.6217,-5.82578113284422
-0.6206999999999999,-5.733824898352994
-0.6197,-5.672992312458796
-0.6186999999999999,-5.538594738971618
-0.6177,-5.4169295671832245
-0.6166999999999999,-5.339120445690648
-0.6157,-5.276873148496587
-0.6146999999999999,-5.156622688008059
-0.6137,-5.071740010016156
-0.6126999999999999,-5.012322135421825
-0.6117,-4.926024746130058
-0.6107000000000001,-4.849630335937346
-0.6097,-4.761918235345714
-0.6087000000000001,-4.696841515551922
-0.6077,-4.613373548859885
-0.6067000000000001,-4.580835188962989
-0.6057,-4.503026067470412
-0.6047000000000001,-4.4124845442790495
-0.6037,-4.347407824485257
-0.6027000000000001,-4.251207456094435
-0.6017,-4.179057179801319
-0.6007000000000001,-4.128127573006177
-0.5997,-4.05314787411333
-0.5987000000000001,-3.973924041320888
-0.5977,-3.918750300626152
-0.5967000000000001,-3.849429446932765
-0.5957,-3.8027439740372184
-0.5947000000000001,-3.7221054299449117
-0.5937,-3.658443421450985
-0.5927000000000001,-3.591951990357328
-0.5917,-3.553754785260972
-0.5907000000000001,-3.4915074880669104
-0.5897,-3.4575544168701495
-0.5887000000000001,-3.3655981823789225
-0.5877,-3.321742132083106
-0.5867000000000001,-3.265153680088505
-0.5857,-3.2156387845932284
-0.5847000000000001,-3.1392443744005165
-0.5837,-3.1095354371033506
-0.5827000000000001,-3.050117562509019
-0.5817,-3.002017378313608
-0.5807000000000001,-2.9595760393176564
-0.5797,-2.9044022986229203
-0.5787000000000001,-2.856302114427509
-0.5777,-2.8025430850326374
-0.5767000000000001,-2.767175302536012
-0.5757,-2.7233192522401954
-0.5747000000000001,-2.6780484906445143
-0.5737,-2.631363017748968
-0.5727000000000001,-2.581848122253692
-0.5717,-2.532333226758415
-0.5707000000000001,-2.49979486686152
-0.5697,-2.464427084364894
-0.5687000000000001,-2.4219857453689424
-0.5677,-2.383788540272587
-0.5667000000000001,-2.347006046476096
-0.5657,-2.298905862280684
-0.5647000000000001,-2.253635100685003
-0.5637,-2.2210967407881075
-0.5627000000000001,-2.1800701130920217
-0.5617,-2.13762877409607
-0.5607000000000001,-2.1008462802995793
-0.5597,-2.079625610801604
-0.5587000000000001,-2.040013694405383
-0.5577,-2.013134179707947
-0.5567000000000001,-1.9862546650105113
-0.5557,-1.9438133260145605
-0.5547000000000001,-1.9070308322180693
-0.5537,-1.882980740120364
-0.5527000000000001,-1.850442380223468
-0.5517,-1.8306364220253575
-0.5507000000000001,-1.8037569073279218
-0.5497,-1.7570714344323757
-0.5487000000000001,-1.72736249713521
-0.5477,-1.6990682711379093
-0.5467000000000001,-1.6721887564404734
-0.5457,-1.6424798191433077
-0.5447000000000001,-1.614185593146007
-0.5437,-1.5887207897484361
-0.5427000000000001,-1.5604265637511354
-0.5417,-1.5349617603535646
-0.5407000000000001,-1.5080822456561291
-0.5397,-1.4882762874580184
-0.5387000000000001,-1.4698850405597732
-0.5377,-1.4444202371622026
-0.5367000000000001,-1.4189554337646317
-0.5357,-1.3936321014970476
-0.5347000000000001,-1.367035529059585
-0.5337,-1.3302530352630941
-0.5327000000000001,-1.31624739339443
-0.5317,-1.295168195026441
-0.5307000000000001,-1.2639030752994236
-0.5297,-1.244521530491273
-0.5287000000000001,-1.2221690919534054
-0.5277,-1.2022216626253082
-0.5267000000000001,-1.1860939538068467
-0.5257,-1.1637415152689792
-0.5247,-1.1430867302909495
-0.5236999999999999,-1.1248369545226906
-0.5227,-1.101069804684958
-0.5216999999999999,-1.081122375356861
-0.5207,-1.0574966966491148
-0.5196999999999999,-1.038398094100937
-0.5187,-1.0208556739826105
-0.5176999999999999,-1.0068500321139466
-0.5167,-0.9799705174165111
-0.5156999999999999,-0.9672381157177256
-0.5147,-0.9539398294989943
-0.5136999999999999,-0.9380950629405057
-0.5127,-0.9228161809019634
-0.5116999999999999,-0.9056981741735964
-0.5107,-0.8865995716254184
-0.5096999999999999,-0.8718865741068222
-0.5087,-0.8529294426886307
-0.5076999999999999,-0.8345381957903852
-0.5067,-0.8165713622820991
-0.5056999999999999,-0.8025657204134353
-0.5047,-0.7919553856644476
-0.5036999999999999,-0.7766765036259051
-0.5027,-0.7645099864470658
-0.5016999999999999,-0.7514946424883074
-0.5007,-0.7363572315797515
-0.4996999999999999,-0.7256054257007774
-0.49870000000000003,-0.7097606591422889
-0.4976999999999999,-0.6977356130934361
-0.49670000000000003,-0.6851446825246373
-0.4956999999999999,-0.6712805117859599
-0.49470000000000003,-0.6591139946071205
-0.4936999999999999,-0.6428448146586726
-0.4927,-0.6325174221696578
-0.4916999999999999,-0.6197850204708726
-0.4907,-0.6097405702418307
-0.4896999999999999,-0.5977155241929779
-0.4887,-0.5862563626640712
-0.4876999999999999,-0.5773436814749214
-0.4867,-0.5672992312458797
-0.48570000000000013,-0.5562644831069326
-0.4847,-0.5446638504480392
-0.48370000000000013,-0.5363170537788354
-0.4827,-0.5257067190298478
-0.48170000000000013,-0.5139646152409678
-0.4807,-0.504768991791845
-0.4797000000000001,-0.4944415993028303
-0.4787,-0.4872265716735187
-0.4777000000000001,-0.4747771122347063
-0.4767,-0.4672791423454216
-0.4757000000000001,-0.4589323456762179
-0.4747,-0.44775612640728407
-0.4737000000000001,-0.44153139668787794
-0.4727,-0.42894046611907916
-0.4717000000000001,-0.4190374870200239
-0.4707,-0.4118224593907122
-0.4697000000000001,-0.40573920080129255
-0.4687,-0.39668504848215624
-0.4677000000000001,-0.386782069383101
-0.4667,-0.37829380158391085
-0.4657000000000001,-0.3709373028246126
-0.4647,-0.3614587371155169
-0.4637000000000001,-0.3528289981863401
-0.4627,-0.3470286818568935
-0.4617000000000001,-0.33755011614779773
-0.4607,-0.33259862659827016
-0.4597000000000001,-0.3260909546188909
-0.4587,-0.32099799393937684
-0.4577000000000001,-0.3116608993602676
-0.4567,-0.3031726315610774
-0.4557000000000001,-0.29708937297165766
-0.4547,-0.28973287421235955
-0.4537000000000001,-0.2842155001428859
-0.4527,-0.27784929929349317
-0.4517000000000001,-0.2695025026242895
-0.4507,-0.26455101307476186
-0.4497000000000001,-0.2615801193450453
-0.4487,-0.25422362058574705
-0.4477000000000001,-0.2477159486063679
-0.4467,-0.2429059301868268
-0.4457000000000001,-0.2365397293374341
-0.4447,-0.23300295108777153
-0.4437000000000001,-0.22550498119848683
-0.4427,-0.22111937616890526
-0.4417000000000001,-0.21475317531951257
-0.4407,-0.2081040322101469
-0.4397000000000001,-0.20513313848043033
-0.4387,-0.2007475334508487
-0.4377000000000001,-0.19565457277133455
-0.4367,-0.18886395853198237
-0.4357000000000001,-0.18405394011244128
-0.4347,-0.17910245056291366
-0.4337000000000001,-0.17797068152302162
-0.4327,-0.17033124050375043
-0.4317000000000001,-0.1658041643441823
-0.43069999999999997,-0.16354062626439822
-0.4297000000000001,-0.15802325219492458
-0.42869999999999997,-0.15476941620523502
-0.4277000000000001,-0.1498179266557074
-0.42669999999999997,-0.14557379275611226
-0.4257000000000001,-0.1420370145064497
-0.42469999999999997,-0.13871244295176685
-0.4237000000000001,-0.1353595771710867
-0.42269999999999996,-0.13088908946351321
-0.4217000000000001,-0.12907825899968592
-0.42069999999999996,-0.12336282534823118
-0.4197000000000001,-0.11930260391761856
-0.41869999999999996,-0.11553947185997754
-0.41770000000000007,-0.11106898415240402
-0.41669999999999996,-0.1079990606316969
-0.41570000000000007,-0.10437739970404242
-0.41469999999999996,-0.0997654408664824
-0.41370000000000007,-0.09738872588270912
-0.41269999999999996,-0.0947432157519615
-0.41170000000000007,-0.09167329223125438
-0.41069999999999995,-0.08972099063744063
-0.40970000000000006,-0.08553344518984012
-0.40869999999999995,-0.08469876552291973
-0.40770000000000006,-0.08008680668535972
-0.40669999999999995,-0.07799303396155947
-0.40570000000000006,-0.07394695964394547
-0.40469999999999995,-0.07059409386326533
-0.40370000000000006,-0.06947647193637195
-0.40269999999999995,-0.06514745535878494
-0.40170000000000006,-0.06333662489495769
-0.40069999999999995,-0.05998375911427755
-0.39970000000000006,-0.058031457520463806
-0.39869999999999994,-0.05593768479666354
-0.39770000000000005,-0.053433645795902436
-0.39669999999999994,-0.05050519340518181
-0.39570000000000005,-0.048269949551395054
-0.39469999999999994,-0.04672791423454216
-0.39370000000000005,-0.04268183991692816
-0.39269999999999994,-0.040729538323114406
-0.39170000000000005,-0.036117579485554385
-0.39069999999999994,-0.03542437094862052
-0.38970000000000005,-0.03388233563176763
-0.38869999999999993,-0.03193003403795388
-0.38770000000000004,-0.029836261314153626
-0.38669999999999993,-0.025507244736566608
-0.38570000000000004,-0.025648715866553113
-0.38469999999999993,-0.02426229879268538
-0.38370000000000004,-0.022027054938898623
-0.38269999999999993,-0.01950886882513886
-0.38170000000000004,-0.016438945304431726
-0.3806999999999999,-0.015745736767497857
-0.37970000000000004,-0.012813040242877636
-0.3786999999999999,-0.013231794787637688
-0.37770000000000004,-0.009044249340037178
-0.3766999999999999,-0.007509287579683614
-0.37570000000000003,-0.0054155148558833605
-0.3746999999999999,-0.004718062185049898
-0.37370000000000003,-0.0013678843558395041
-0.3726999999999999,-0.0010886203452461457
-0.37170000000000003,0.00030713382320069946
-0.3706999999999999,0.003935726836224532
-0.36970000000000003,0.004354481380984583
-0.3686999999999999,0.005470688596578096
-0.3677,0.009239479499418555
-0.3666999999999999,0.010635799552385347
-0.3657,0.011611950349292221
-0.3646999999999999,0.013286968528332426
-0.3637,0.013845779491779115
-0.3626999999999999,0.01608526747946547
-0.3617,0.01608526747946547
-0.36070000000000013,0.019013719870186095
-0.3597,0.020824550334013342
-0.35870000000000013,0.02194217226090672
-0.3577,0.02194217226090672
-0.35670000000000013,0.024460358374666487
-0.3557,0.02738881076538711
-0.3547000000000001,0.027105868505414105
-0.3537,0.029199641229214358
-0.3527000000000001,0.03212809361993498
-0.3517,0.030175792026121234
-0.3507000000000001,0.033104244416841865
-0.3497,0.03450480860370824
-0.3487000000000001,0.03381160006677438
-0.3477,0.036598581327508505
-0.3467000000000001,0.03700884760446936
-0.3457,0.038692354051308754
-0.3447000000000001,0.04119639305206987
-0.3437,0.04217254384897674
-0.3427000000000001,0.045256614482682526
-0.3417,0.04580835188962989
-0.3407000000000001,0.04859533315036401
-0.3397,0.04664303155655026
-0.3387000000000001,0.04804359574341665
-0.3377,0.049854426207243896
-0.3367000000000001,0.05180672780105764
-0.3357,0.053348763117910536
-0.3347000000000001,0.05264140746797802
-0.3337,0.05585280211867165
-0.3327000000000001,0.056828952915578525
-0.3317,0.055711330988685144
-0.3307000000000001,0.059488610159324794
-0.3297,0.06018181869625867
-0.3287000000000001,0.06172385401311155
-0.3277,0.0636761556069253
-0.3267000000000001,0.0638176267369118
-0.3257,0.06548698607075255
-0.3247000000000001,0.06451083527384567
-0.3237,0.06702902138760544
-0.3227000000000001,0.06912279411140569
-0.3217,0.07176830424215332
-0.3207000000000001,0.07176830424215332
-0.3197,0.06995747377832606
-0.3187000000000001,0.07246151277908719
-0.3177,0.07609732081974033
-0.3167000000000001,0.07609732081974033
-0.3157,0.0772149427466337
-0.3147000000000001,0.07833256467352707
-0.3137,0.08028486626734083
-0.3127000000000001,0.08042633739732732
-0.3117,0.08069513254430169
-0.3107000000000001,0.08418946945496834
-0.3097,0.08278890526810194
-0.3087000000000001,0.08390652719499532
-0.3077,0.08530709138186171
-0.3067000000000001,0.08894289942251486
-0.30569999999999997,0.08823554377258234
-0.3047000000000001,0.09006052134940823
-0.30369999999999997,0.09256456035016934
-0.3027000000000001,0.09479980420395612
-0.30169999999999997,0.09298897374012885
-0.3007000000000001,0.09661063466778336
-0.29969999999999997,0.09758678546469024
-0.2987000000000001,0.09815266998463625
-0.29769999999999996,0.100387913838423
-0.2967000000000001,0.100387913838423
-0.29569999999999996,0.10150553576531639
-0.2947000000000001,0.10122259350534336
-0.29369999999999996,0.104151045896064
-0.29270000000000007,0.10484425443299787
-0.29169999999999996,0.10596187635989125
-0.29070000000000007,0.10722096941677112
-0.28969999999999996,0.10722096941677112
-0.28870000000000007,0.11057383519745125
-0.28769999999999996,0.11140851486437164
-0.28670000000000007,0.11196025227131902
-0.28569999999999995,0.11461990951506526
-0.28470000000000006,0.11392670097813141
-0.28369999999999995,0.11685515336885204
-0.28270000000000006,0.11852451270269278
-0.28169999999999995,0.11713809562882503
-0.28070000000000006,0.11866598383267928
-0.27969999999999995,0.11935919236961315
-0.27870000000000006,0.12242911589032028
-0.27769999999999995,0.12382968007718667
-0.27670000000000006,0.12452288861412053
-0.27569999999999995,0.1254990394110274
-0.27470000000000006,0.1268996035978938
-0.27369999999999994,0.13067688276853343
-0.27270000000000005,0.13122862017548081
-0.27169999999999994,0.13220477097238767
-0.27070000000000005,0.13401560143621494
-0.26969999999999994,0.13401560143621494
-0.26870000000000005,0.13806167575382894
-0.26769999999999994,0.13736846721689508
-0.26670000000000005,0.14015544847762917
-0.26569999999999994,0.1408628041275617
-0.26470000000000005,0.1404383907376022
-0.26369999999999993,0.1426028990263957
-0.26270000000000004,0.14387613919627423
-0.26169999999999993,0.14514937936615277
-0.26070000000000004,0.14642261953603128
-0.25969999999999993,0.14684703292599083
-0.25870000000000004,0.14882762874580185
-0.25769999999999993,0.15052528230563988
-0.25670000000000004,0.15264734925543746
-0.2556999999999999,0.15250587812545094
-0.25470000000000004,0.15264734925543746
-0.2536999999999999,0.15675001202504607
-0.25270000000000004,0.15901355010483012
-0.2516999999999999,0.16085267479465465
-0.25070000000000003,0.16127708818461417
-0.24969999999999992,0.1619844438345467
-0.24870000000000003,0.16382356852437122
-0.24769999999999992,0.16523827982423628
-0.24670000000000003,0.16622857773414182
-0.24569999999999992,0.16820917355395287
-0.24470000000000003,0.16707740451406086
-0.24369999999999992,0.17061418276372342
-0.24270000000000003,0.17132153841365594
-0.24169999999999991,0.1734436053634535
-0.24070000000000003,0.17556567231325104
-0.2396999999999999,0.17584861457322407
-0.23870000000000002,0.1768389124831296
-0.2376999999999999,0.17952686395287318
-0.23670000000000002,0.18292217107254924
-0.23570000000000013,0.18405394011244128
-0.23470000000000002,0.18419541124242778
-0.23370000000000013,0.1851857091523333
-0.23270000000000002,0.18716630497214437
-0.23170000000000013,0.18688336271217135
-0.23070000000000002,0.18815660288204988
-0.22970000000000013,0.18914690079195542
-0.22870000000000001,0.19098602548177993
-0.22770000000000012,0.19551310164134805
-0.2267,0.19805958198110513
-0.22570000000000012,0.19805958198110513
-0.2247,0.1972107552011861
-0.22370000000000012,0.2007475334508487
-0.2227,0.20202077362072723
-0.22170000000000012,0.2035769560505788
-0.2207,0.2037184271805653
-0.21970000000000012,0.2040013694405383
-0.2187,0.2078210899501739
-0.21770000000000012,0.2065478497802954
-0.2167,0.212065223849769
-0.2157000000000001,0.21376287740960703
-0.2147,0.21404581966958006
-0.2137000000000001,0.2160264154893911
-0.2127,0.2153190598394586
-0.2117000000000001,0.2195631937390537
-0.2107,0.21942172260906717
-0.2097000000000001,0.21828995356917516
-0.2087,0.22564645232847336
-0.2077000000000001,0.2245146832885813
-0.2067,0.22748557701829786
-0.2057000000000001,0.2293247017081224
-0.2047,0.22607086571843285
-0.2037000000000001,0.2307394130079875
-0.2027,0.23300295108777153
-0.2017000000000001,0.23342736447773108
-0.2007,0.23385177786769054
-0.1997000000000001,0.23639825820744764
-0.1987,0.2382373828972722
-0.1977000000000001,0.2389447385472047
-0.19669999999999999,0.24134974775697526
-0.1957000000000001,0.24361328583675934
-0.19469999999999998,0.2420571034069078
-0.1937000000000001,0.24587682391654336
-0.19269999999999998,0.24884771764625993
-0.1917000000000001,0.24884771764625993
-0.1907000000000001,0.25068684233608446
-0.1897000000000002,0.2515356691160035
-0.1887000000000001,0.25309185154585506
-0.1877000000000002,0.2532333226758416
-0.1867000000000001,0.2554968607556256
-0.1857000000000002,0.25761892770542316
-0.1847000000000001,0.2562042164055581
-0.1837000000000002,0.2591751101352747
-0.18270000000000008,0.2622874749949778
-0.1817000000000002,0.2615801193450453
-0.18070000000000008,0.2618630616050183
-0.1797000000000002,0.2646924842047484
-0.17870000000000008,0.26681455115454594
-0.1777000000000002,0.2686536758443705
-0.17670000000000008,0.27105868505414105
-0.1757000000000002,0.270209858274222
-0.17470000000000008,0.27049280053419505
-0.1737000000000002,0.2736051653938981
-0.17270000000000008,0.27473693443379016
-0.17170000000000019,0.27601017460366867
-0.17070000000000007,0.27841518381343927
-0.16970000000000018,0.2765760591236147
-0.16870000000000007,0.2805372507632368
-0.16770000000000018,0.2811031352831828
-0.16670000000000007,0.28251784658304785
-0.16570000000000018,0.2852057980527914
-0.16470000000000007,0.2839325578829129
-0.16370000000000018,0.2866205093526564
-0.16270000000000007,0.288459634042481
-0.16170000000000018,0.288459634042481
-0.16070000000000007,0.2911475855122245
-0.15970000000000018,0.29199641229214357
-0.15870000000000006,0.2934111235920086
-0.15770000000000017,0.29510877715184664
-0.15670000000000006,0.2944014215019141
-0.15570000000000017,0.29850408427152275
-0.15470000000000006,0.2959576039317657
-0.15370000000000017,0.29807967088156323
-0.15270000000000006,0.29977732444140126
-0.15170000000000017,0.3018993913911988
-0.15070000000000006,0.3033141026910639
-0.14970000000000017,0.3035970449510369
-0.14870000000000005,0.3044458717309559
-0.14770000000000016,0.3074167654606725
-0.14670000000000005,0.30685088094072643
-0.14570000000000016,0.30854853450056446
-0.14470000000000005,0.30826559224059147
-0.14370000000000016,0.3091144190205105
-0.14270000000000005,0.31208531275022705
-0.14170000000000016,0.30925589015049704
-0.14070000000000005,0.30925589015049704
-0.13970000000000016,0.3093973612804835
-0.13870000000000005,0.3119438416202406
-0.13770000000000016,0.3166123889097952
-0.13670000000000004,0.31675386003978173
-0.13570000000000015,0.3171782734297412
-0.13470000000000004,0.3168953311697682
-0.13370000000000015,0.31958328263951175
-0.13270000000000004,0.3221297629792688
-0.13170000000000015,0.31972475376949827
-0.13070000000000004,0.31986622489948474
-0.12970000000000015,0.31901739811956575
-0.12870000000000004,0.3231200608891744
-0.12770000000000015,0.32354447427913385
-0.12670000000000003,0.32241270523924187
-0.12570000000000014,0.3243933010590529
-0.12470000000000003,0.32651536800885045
-0.12370000000000014,0.3300521462585131
-0.12270000000000003,0.33217421320831064
-0.12170000000000014,0.3303350885184861
-0.12070000000000003,0.33146685755837807
-0.11970000000000014,0.3306180307784591
-0.11870000000000003,0.3320327420783241
-0.11770000000000014,0.33613540484793275
-0.11670000000000003,0.3341548090281217
-0.11570000000000014,0.33585246258795975
-0.11470000000000002,0.3345792224180812
-0.11370000000000013,0.3344377512880947
-0.11270000000000002,0.33740864501781126
-0.11170000000000013,0.33641834710790575
-0.11070000000000024,0.33698423162785174
-0.10970000000000013,0.33981365422758186
-0.10870000000000024,0.3405210098775144
-0.10770000000000013,0.34094542326747385
-0.10670000000000024,0.34122836552744684
-0.10570000000000013,0.34094542326747385
-0.10470000000000024,0.34405778812717697
-0.10370000000000013,0.3425016056973254
-0.10270000000000024,0.34462367264712296
-0.10170000000000012,0.34518955716706895
-0.10070000000000023,0.34419925925716344
-0.09970000000000012,0.34717015298688
-0.09870000000000023,0.345472499427042
-0.09770000000000012,0.347453095246853
-0.09670000000000023,0.3450480860370824
-0.09570000000000012,0.345755441687015
-0.09470000000000023,0.3473116241168665
-0.09370000000000012,0.34830192202677207
-0.09270000000000023,0.34886780654671806
-0.09170000000000011,0.34717015298688
-0.09070000000000022,0.347453095246853
-0.08970000000000011,0.3470286818568935
-0.08870000000000022,0.34830192202677207
-0.08770000000000011,0.3519801714064211
-0.08670000000000022,0.35495106513613767
-0.08570000000000011,0.3535363538362727
-0.08470000000000022,0.3572146032159218
-0.08370000000000011,0.35495106513613767
-0.08270000000000022,0.35693166095594875
-0.0817000000000001,0.3567901898259622
-0.08070000000000022,0.35961961242569235
-0.0797000000000001,0.3594781412957058
-0.07870000000000021,0.35933667016571935
-0.0777000000000001,0.3584878433858003
-0.07670000000000021,0.3594781412957058
-0.0757000000000001,0.36315639067535493
-0.07470000000000021,0.36329786180534146
-0.0737000000000001,0.36216609276544937
-0.07270000000000021,0.36315639067535493
-0.0717000000000001,0.36329786180534146
-0.07070000000000021,0.3649955153651795
-0.0697000000000001,0.3652784576251525
-0.0687000000000002,0.3645711019752199
-0.0677000000000001,0.3675419957049365
-0.0667000000000002,0.3675419957049365
-0.06570000000000009,0.366268755535058
-0.0647000000000002,0.36796640909489603
-0.06370000000000009,0.3685322936148421
-0.0627000000000002,0.3675419957049365
-0.06170000000000009,0.37022994717468005
-0.0607000000000002,0.36994700491470706
-0.059700000000000086,0.3727764275144372
-0.058700000000000196,0.37687909028404576
-0.057700000000000085,0.3775864459339783
-0.056700000000000195,0.38112322418364086
-0.05570000000000008,0.38140616644361386
-0.05470000000000019,0.3809817530536544
-0.05370000000000008,0.38112322418364086
-0.05270000000000019,0.37857674384388385
-0.05170000000000008,0.38013292627373535
-0.05070000000000019,0.3802743974037219
-0.04970000000000008,0.3815476375736004
-0.04870000000000019,0.3823964643535194
-0.047700000000000076,0.38466000243330345
-0.046700000000000186,0.38466000243330345
-0.045700000000000074,0.38508441582326297
-0.044700000000000184,0.3881967806829661
-0.04370000000000007,0.3893285497228581
-0.04270000000000018,0.39088473215270964
-0.04170000000000007,0.3910262032826961
-0.04070000000000018,0.3930067991025072
-0.03970000000000007,0.39640210622218325
-0.03870000000000018,0.3989485865619403
-0.03770000000000007,0.40022182673181883
-0.03670000000000018,0.40064624012177835
-0.035700000000000065,0.4019194802916569
-0.034700000000000175,0.40390007611146794
-0.03370000000000006,0.4034756627215085
-0.03270000000000017,0.4037586049814815
-0.03170000000000006,0.40503184515136
-0.03070000000000017,0.4088515656609956
-0.02970000000000006,0.4074368543611306
-0.02870000000000017,0.40998333470088766
-0.027700000000000058,0.4115395171307392
-0.026700000000000168,0.41719836233019936
-0.025700000000000056,0.41550070877036127
-0.024700000000000166,0.41804718911011834
-0.023700000000000054,0.42158396735978093
-0.022700000000000164,0.4248378033494705
-0.021700000000000053,0.42441338995951106
-0.020700000000000163,0.423847505439565
-0.01970000000000005,0.4268183991692816
-0.01870000000000016,0.4319113598487957
-0.01770000000000005,0.4329016577587012
-0.01670000000000016,0.4371457916582963
-0.015700000000000047,0.43686284939832337
-0.014700000000000157,0.4385605029581614
-0.013700000000000045,0.43955080086806686
-0.012700000000000156,0.4408240410379454
-0.011700000000000044,0.4428046368577565
-0.010700000000000154,0.44605847284744604
-0.009700000000000042,0.4457755305874731
-0.008700000000000152,0.4490293665771626
-0.00770000000000004,0.4507270201370007
-0.00670000000000015,0.45327350047675774
-0.005700000000000038,0.4556785096865283
-0.0047000000000001485,0.4585079322862584
-0.0037000000000000366,0.464308248615705
-0.0027000000000001467,0.46487413313565107
-0.0017000000000000348,0.4685523825153001
-0.000700000000000145,0.4703915072051247
0.00029999999999996696,0.4723721030249357
0.0012999999999998568,0.4776065348344364
0.0022999999999999687,0.48241655325397753
0.0032999999999998586,0.4838312645538425
0.0042999999999999705,0.48609480263362664
0.00529999999999986,0.4906218787931947
0.006299999999999972,0.4958563106026953
0.007299999999999862,0.5002419156322769
0.008299999999999974,0.5034957516219666
0.009299999999999864,0.5037786938819395
0.010299999999999976,0.5097204813413726
0.011299999999999866,0.5083057700415077
0.012299999999999978,0.5149549131508734
