June 29, 2026   10:38:21
Linear Sweep Voltammetry
File: c:/users/guazh/data/20260623_doe_duplica2/2026-06-24-exp40\regeneratedgce-2026-06-29t10_35_22-lsvinkoh\regeneratedgce_lsv_50mvs_efin_-1700mv.bin
Data Source:  Experiment
Instrument Model:  CHI760E
Header: LSV ran at 50 mVs with Efin at -1700mV
Note: 

Init E (V) = -0.6
Final E (V) = -1.7
Scan Rate (V/s) = 0.05
Sample Interval (V) = 0.001
Quiet Time (sec) = 2
Sensitivity (A/V) = 1e-4
Comp R (ohm) = 1.7

Results:

Channel 1:

Potential/V, Current/A

-0.600, 9.273e-7
-0.601, 1.069e-6
-0.602, 1.109e-6
-0.603, 1.130e-6
-0.604, 1.144e-6
-0.605, 1.156e-6
-0.606, 1.169e-6
-0.607, 1.180e-6
-0.608, 1.191e-6
-0.609, 1.199e-6
-0.610, 1.206e-6
-0.611, 1.214e-6
-0.612, 1.220e-6
-0.613, 1.226e-6
-0.614, 1.235e-6
-0.615, 1.243e-6
-0.616, 1.247e-6
-0.617, 1.254e-6
-0.618, 1.258e-6
-0.619, 1.264e-6
-0.620, 1.270e-6
-0.621, 1.274e-6
-0.622, 1.281e-6
-0.623, 1.286e-6
-0.624, 1.290e-6
-0.625, 1.295e-6
-0.626, 1.299e-6
-0.627, 1.304e-6
-0.628, 1.310e-6
-0.629, 1.314e-6
-0.630, 1.320e-6
-0.631, 1.324e-6
-0.632, 1.329e-6
-0.633, 1.334e-6
-0.634, 1.338e-6
-0.635, 1.344e-6
-0.636, 1.346e-6
-0.637, 1.348e-6
-0.638, 1.354e-6
-0.639, 1.357e-6
-0.640, 1.364e-6
-0.641, 1.368e-6
-0.642, 1.372e-6
-0.643, 1.375e-6
-0.644, 1.377e-6
-0.645, 1.380e-6
-0.646, 1.385e-6
-0.647, 1.389e-6
-0.648, 1.393e-6
-0.649, 1.397e-6
-0.650, 1.400e-6
-0.651, 1.404e-6
-0.652, 1.408e-6
-0.653, 1.413e-6
-0.654, 1.415e-6
-0.655, 1.419e-6
-0.656, 1.422e-6
-0.657, 1.428e-6
-0.658, 1.432e-6
-0.659, 1.436e-6
-0.660, 1.439e-6
-0.661, 1.440e-6
-0.662, 1.446e-6
-0.663, 1.448e-6
-0.664, 1.452e-6
-0.665, 1.457e-6
-0.666, 1.463e-6
-0.667, 1.465e-6
-0.668, 1.469e-6
-0.669, 1.471e-6
-0.670, 1.476e-6
-0.671, 1.479e-6
-0.672, 1.484e-6
-0.673, 1.487e-6
-0.674, 1.490e-6
-0.675, 1.494e-6
-0.676, 1.497e-6
-0.677, 1.501e-6
-0.678, 1.507e-6
-0.679, 1.509e-6
-0.680, 1.513e-6
-0.681, 1.516e-6
-0.682, 1.519e-6
-0.683, 1.524e-6
-0.684, 1.528e-6
-0.685, 1.529e-6
-0.686, 1.534e-6
-0.687, 1.537e-6
-0.688, 1.540e-6
-0.689, 1.543e-6
-0.690, 1.546e-6
-0.691, 1.552e-6
-0.692, 1.556e-6
-0.693, 1.558e-6
-0.694, 1.562e-6
-0.695, 1.565e-6
-0.696, 1.566e-6
-0.697, 1.571e-6
-0.698, 1.575e-6
-0.699, 1.578e-6
-0.700, 1.581e-6
-0.701, 1.583e-6
-0.702, 1.588e-6
-0.703, 1.591e-6
-0.704, 1.595e-6
-0.705, 1.597e-6
-0.706, 1.601e-6
-0.707, 1.606e-6
-0.708, 1.609e-6
-0.709, 1.610e-6
-0.710, 1.614e-6
-0.711, 1.617e-6
-0.712, 1.619e-6
-0.713, 1.622e-6
-0.714, 1.624e-6
-0.715, 1.629e-6
-0.716, 1.632e-6
-0.717, 1.634e-6
-0.718, 1.637e-6
-0.719, 1.639e-6
-0.720, 1.643e-6
-0.721, 1.646e-6
-0.722, 1.647e-6
-0.723, 1.652e-6
-0.724, 1.653e-6
-0.725, 1.655e-6
-0.726, 1.660e-6
-0.727, 1.661e-6
-0.728, 1.664e-6
-0.729, 1.667e-6
-0.730, 1.670e-6
-0.731, 1.673e-6
-0.732, 1.677e-6
-0.733, 1.678e-6
-0.734, 1.682e-6
-0.735, 1.686e-6
-0.736, 1.688e-6
-0.737, 1.693e-6
-0.738, 1.695e-6
-0.739, 1.698e-6
-0.740, 1.702e-6
-0.741, 1.704e-6
-0.742, 1.708e-6
-0.743, 1.712e-6
-0.744, 1.713e-6
-0.745, 1.717e-6
-0.746, 1.719e-6
-0.747, 1.724e-6
-0.748, 1.727e-6
-0.749, 1.729e-6
-0.750, 1.732e-6
-0.751, 1.734e-6
-0.752, 1.737e-6
-0.753, 1.741e-6
-0.754, 1.742e-6
-0.755, 1.747e-6
-0.756, 1.750e-6
-0.757, 1.752e-6
-0.758, 1.756e-6
-0.759, 1.757e-6
-0.760, 1.762e-6
-0.761, 1.765e-6
-0.762, 1.768e-6
-0.763, 1.771e-6
-0.764, 1.773e-6
-0.765, 1.776e-6
-0.766, 1.780e-6
-0.767, 1.783e-6
-0.768, 1.787e-6
-0.769, 1.790e-6
-0.770, 1.792e-6
-0.771, 1.795e-6
-0.772, 1.797e-6
-0.773, 1.800e-6
-0.774, 1.803e-6
-0.775, 1.806e-6
-0.776, 1.808e-6
-0.777, 1.812e-6
-0.778, 1.812e-6
-0.779, 1.816e-6
-0.780, 1.820e-6
-0.781, 1.822e-6
-0.782, 1.825e-6
-0.783, 1.827e-6
-0.784, 1.830e-6
-0.785, 1.836e-6
-0.786, 1.838e-6
-0.787, 1.842e-6
-0.788, 1.845e-6
-0.789, 1.845e-6
-0.790, 1.848e-6
-0.791, 1.851e-6
-0.792, 1.854e-6
-0.793, 1.860e-6
-0.794, 1.863e-6
-0.795, 1.865e-6
-0.796, 1.868e-6
-0.797, 1.870e-6
-0.798, 1.873e-6
-0.799, 1.876e-6
-0.800, 1.881e-6
-0.801, 1.883e-6
-0.802, 1.886e-6
-0.803, 1.889e-6
-0.804, 1.891e-6
-0.805, 1.896e-6
-0.806, 1.899e-6
-0.807, 1.903e-6
-0.808, 1.904e-6
-0.809, 1.907e-6
-0.810, 1.910e-6
-0.811, 1.911e-6
-0.812, 1.916e-6
-0.813, 1.918e-6
-0.814, 1.922e-6
-0.815, 1.923e-6
-0.816, 1.926e-6
-0.817, 1.930e-6
-0.818, 1.932e-6
-0.819, 1.937e-6
-0.820, 1.943e-6
-0.821, 1.940e-6
-0.822, 1.944e-6
-0.823, 1.948e-6
-0.824, 1.951e-6
-0.825, 1.956e-6
-0.826, 1.957e-6
-0.827, 1.960e-6
-0.828, 1.962e-6
-0.829, 1.963e-6
-0.830, 1.967e-6
-0.831, 1.970e-6
-0.832, 1.976e-6
-0.833, 1.977e-6
-0.834, 1.978e-6
-0.835, 1.982e-6
-0.836, 1.984e-6
-0.837, 1.987e-6
-0.838, 1.991e-6
-0.839, 1.993e-6
-0.840, 1.996e-6
-0.841, 1.999e-6
-0.842, 2.002e-6
-0.843, 2.005e-6
-0.844, 2.009e-6
-0.845, 2.013e-6
-0.846, 2.017e-6
-0.847, 2.019e-6
-0.848, 2.021e-6
-0.849, 2.025e-6
-0.850, 2.027e-6
-0.851, 2.031e-6
-0.852, 2.036e-6
-0.853, 2.036e-6
-0.854, 2.040e-6
-0.855, 2.042e-6
-0.856, 2.045e-6
-0.857, 2.050e-6
-0.858, 2.052e-6
-0.859, 2.056e-6
-0.860, 2.060e-6
-0.861, 2.061e-6
-0.862, 2.066e-6
-0.863, 2.067e-6
-0.864, 2.070e-6
-0.865, 2.075e-6
-0.866, 2.077e-6
-0.867, 2.082e-6
-0.868, 2.084e-6
-0.869, 2.086e-6
-0.870, 2.091e-6
-0.871, 2.096e-6
-0.872, 2.098e-6
-0.873, 2.101e-6
-0.874, 2.103e-6
-0.875, 2.108e-6
-0.876, 2.111e-6
-0.877, 2.117e-6
-0.878, 2.118e-6
-0.879, 2.121e-6
-0.880, 2.126e-6
-0.881, 2.129e-6
-0.882, 2.130e-6
-0.883, 2.134e-6
-0.884, 2.137e-6
-0.885, 2.138e-6
-0.886, 2.142e-6
-0.887, 2.146e-6
-0.888, 2.148e-6
-0.889, 2.152e-6
-0.890, 2.154e-6
-0.891, 2.157e-6
-0.892, 2.162e-6
-0.893, 2.163e-6
-0.894, 2.167e-6
-0.895, 2.170e-6
-0.896, 2.174e-6
-0.897, 2.180e-6
-0.898, 2.182e-6
-0.899, 2.186e-6
-0.900, 2.190e-6
-0.901, 2.189e-6
-0.902, 2.193e-6
-0.903, 2.195e-6
-0.904, 2.199e-6
-0.905, 2.204e-6
-0.906, 2.207e-6
-0.907, 2.211e-6
-0.908, 2.213e-6
-0.909, 2.218e-6
-0.910, 2.220e-6
-0.911, 2.223e-6
-0.912, 2.227e-6
-0.913, 2.230e-6
-0.914, 2.233e-6
-0.915, 2.238e-6
-0.916, 2.240e-6
-0.917, 2.243e-6
-0.918, 2.245e-6
-0.919, 2.248e-6
-0.920, 2.252e-6
-0.921, 2.256e-6
-0.922, 2.260e-6
-0.923, 2.264e-6
-0.924, 2.267e-6
-0.925, 2.271e-6
-0.926, 2.274e-6
-0.927, 2.276e-6
-0.928, 2.280e-6
-0.929, 2.285e-6
-0.930, 2.287e-6
-0.931, 2.290e-6
-0.932, 2.294e-6
-0.933, 2.297e-6
-0.934, 2.302e-6
-0.935, 2.305e-6
-0.936, 2.310e-6
-0.937, 2.314e-6
-0.938, 2.315e-6
-0.939, 2.319e-6
-0.940, 2.323e-6
-0.941, 2.327e-6
-0.942, 2.332e-6
-0.943, 2.335e-6
-0.944, 2.339e-6
-0.945, 2.344e-6
-0.946, 2.347e-6
-0.947, 2.355e-6
-0.948, 2.362e-6
-0.949, 2.366e-6
-0.950, 2.367e-6
-0.951, 2.368e-6
-0.952, 2.372e-6
-0.953, 2.374e-6
-0.954, 2.379e-6
-0.955, 2.386e-6
-0.956, 2.391e-6
-0.957, 2.396e-6
-0.958, 2.400e-6
-0.959, 2.402e-6
-0.960, 2.404e-6
-0.961, 2.409e-6
-0.962, 2.415e-6
-0.963, 2.419e-6
-0.964, 2.422e-6
-0.965, 2.425e-6
-0.966, 2.430e-6
-0.967, 2.433e-6
-0.968, 2.437e-6
-0.969, 2.443e-6
-0.970, 2.445e-6
-0.971, 2.450e-6
-0.972, 2.454e-6
-0.973, 2.459e-6
-0.974, 2.462e-6
-0.975, 2.464e-6
-0.976, 2.467e-6
-0.977, 2.472e-6
-0.978, 2.474e-6
-0.979, 2.479e-6
-0.980, 2.484e-6
-0.981, 2.488e-6
-0.982, 2.495e-6
-0.983, 2.497e-6
-0.984, 2.501e-6
-0.985, 2.506e-6
-0.986, 2.507e-6
-0.987, 2.512e-6
-0.988, 2.516e-6
-0.989, 2.519e-6
-0.990, 2.526e-6
-0.991, 2.530e-6
-0.992, 2.535e-6
-0.993, 2.538e-6
-0.994, 2.542e-6
-0.995, 2.546e-6
-0.996, 2.552e-6
-0.997, 2.557e-6
-0.998, 2.564e-6
-0.999, 2.567e-6
-1.000, 2.570e-6
-1.001, 2.576e-6
-1.002, 2.579e-6
-1.003, 2.584e-6
-1.004, 2.589e-6
-1.005, 2.592e-6
-1.006, 2.599e-6
-1.007, 2.603e-6
-1.008, 2.606e-6
-1.009, 2.611e-6
-1.010, 2.614e-6
-1.011, 2.620e-6
-1.012, 2.626e-6
-1.013, 2.628e-6
-1.014, 2.634e-6
-1.015, 2.636e-6
-1.016, 2.642e-6
-1.017, 2.647e-6
-1.018, 2.649e-6
-1.019, 2.656e-6
-1.020, 2.660e-6
-1.021, 2.665e-6
-1.022, 2.670e-6
-1.023, 2.673e-6
-1.024, 2.680e-6
-1.025, 2.684e-6
-1.026, 2.687e-6
-1.027, 2.694e-6
-1.028, 2.698e-6
-1.029, 2.701e-6
-1.030, 2.704e-6
-1.031, 2.705e-6
-1.032, 2.712e-6
-1.033, 2.718e-6
-1.034, 2.721e-6
-1.035, 2.726e-6
-1.036, 2.730e-6
-1.037, 2.734e-6
-1.038, 2.738e-6
-1.039, 2.742e-6
-1.040, 2.747e-6
-1.041, 2.753e-6
-1.042, 2.755e-6
-1.043, 2.759e-6
-1.044, 2.764e-6
-1.045, 2.767e-6
-1.046, 2.773e-6
-1.047, 2.777e-6
-1.048, 2.782e-6
-1.049, 2.788e-6
-1.050, 2.791e-6
-1.051, 2.796e-6
-1.052, 2.799e-6
-1.053, 2.802e-6
-1.054, 2.807e-6
-1.055, 2.809e-6
-1.056, 2.815e-6
-1.057, 2.820e-6
-1.058, 2.822e-6
-1.059, 2.828e-6
-1.060, 2.831e-6
-1.061, 2.833e-6
-1.062, 2.836e-6
-1.063, 2.839e-6
-1.064, 2.844e-6
-1.065, 2.850e-6
-1.066, 2.852e-6
-1.067, 2.857e-6
-1.068, 2.862e-6
-1.069, 2.864e-6
-1.070, 2.867e-6
-1.071, 2.871e-6
-1.072, 2.876e-6
-1.073, 2.881e-6
-1.074, 2.885e-6
-1.075, 2.892e-6
-1.076, 2.897e-6
-1.077, 2.898e-6
-1.078, 2.903e-6
-1.079, 2.906e-6
-1.080, 2.911e-6
-1.081, 2.916e-6
-1.082, 2.919e-6
-1.083, 2.923e-6
-1.084, 2.928e-6
-1.085, 2.930e-6
-1.086, 2.937e-6
-1.087, 2.940e-6
-1.088, 2.946e-6
-1.089, 2.951e-6
-1.090, 2.953e-6
-1.091, 2.960e-6
-1.092, 2.962e-6
-1.093, 2.965e-6
-1.094, 2.973e-6
-1.095, 2.978e-6
-1.096, 2.983e-6
-1.097, 2.987e-6
-1.098, 2.988e-6
-1.099, 2.993e-6
-1.100, 2.994e-6
-1.101, 3.000e-6
-1.102, 3.008e-6
-1.103, 3.014e-6
-1.104, 3.020e-6
-1.105, 3.024e-6
-1.106, 3.026e-6
-1.107, 3.029e-6
-1.108, 3.034e-6
-1.109, 3.038e-6
-1.110, 3.046e-6
-1.111, 3.051e-6
-1.112, 3.056e-6
-1.113, 3.059e-6
-1.114, 3.063e-6
-1.115, 3.067e-6
-1.116, 3.070e-6
-1.117, 3.074e-6
-1.118, 3.078e-6
-1.119, 3.080e-6
-1.120, 3.084e-6
-1.121, 3.090e-6
-1.122, 3.092e-6
-1.123, 3.098e-6
-1.124, 3.103e-6
-1.125, 3.107e-6
-1.126, 3.114e-6
-1.127, 3.117e-6
-1.128, 3.121e-6
-1.129, 3.125e-6
-1.130, 3.126e-6
-1.131, 3.131e-6
-1.132, 3.137e-6
-1.133, 3.143e-6
-1.134, 3.150e-6
-1.135, 3.152e-6
-1.136, 3.156e-6
-1.137, 3.157e-6
-1.138, 3.158e-6
-1.139, 3.165e-6
-1.140, 3.168e-6
-1.141, 3.172e-6
-1.142, 3.178e-6
-1.143, 3.179e-6
-1.144, 3.182e-6
-1.145, 3.187e-6
-1.146, 3.192e-6
-1.147, 3.196e-6
-1.148, 3.200e-6
-1.149, 3.204e-6
-1.150, 3.208e-6
-1.151, 3.211e-6
-1.152, 3.215e-6
-1.153, 3.219e-6
-1.154, 3.222e-6
-1.155, 3.228e-6
-1.156, 3.233e-6
-1.157, 3.234e-6
-1.158, 3.237e-6
-1.159, 3.241e-6
-1.160, 3.245e-6
-1.161, 3.250e-6
-1.162, 3.250e-6
-1.163, 3.256e-6
-1.164, 3.260e-6
-1.165, 3.265e-6
-1.166, 3.270e-6
-1.167, 3.273e-6
-1.168, 3.279e-6
-1.169, 3.281e-6
-1.170, 3.283e-6
-1.171, 3.288e-6
-1.172, 3.289e-6
-1.173, 3.293e-6
-1.174, 3.300e-6
-1.175, 3.302e-6
-1.176, 3.307e-6
-1.177, 3.312e-6
-1.178, 3.317e-6
-1.179, 3.320e-6
-1.180, 3.324e-6
-1.181, 3.329e-6
-1.182, 3.334e-6
-1.183, 3.338e-6
-1.184, 3.342e-6
-1.185, 3.349e-6
-1.186, 3.351e-6
-1.187, 3.354e-6
-1.188, 3.360e-6
-1.189, 3.364e-6
-1.190, 3.371e-6
-1.191, 3.373e-6
-1.192, 3.377e-6
-1.193, 3.383e-6
-1.194, 3.383e-6
-1.195, 3.390e-6
-1.196, 3.393e-6
-1.197, 3.395e-6
-1.198, 3.399e-6
-1.199, 3.403e-6
-1.200, 3.406e-6
-1.201, 3.412e-6
-1.202, 3.414e-6
-1.203, 3.421e-6
-1.204, 3.424e-6
-1.205, 3.429e-6
-1.206, 3.434e-6
-1.207, 3.435e-6
-1.208, 3.437e-6
-1.209, 3.443e-6
-1.210, 3.445e-6
-1.211, 3.453e-6
-1.212, 3.457e-6
-1.213, 3.460e-6
-1.214, 3.464e-6
-1.215, 3.466e-6
-1.216, 3.472e-6
-1.217, 3.476e-6
-1.218, 3.477e-6
-1.219, 3.483e-6
-1.220, 3.486e-6
-1.221, 3.490e-6
-1.222, 3.495e-6
-1.223, 3.498e-6
-1.224, 3.502e-6
-1.225, 3.507e-6
-1.226, 3.509e-6
-1.227, 3.513e-6
-1.228, 3.516e-6
-1.229, 3.529e-6
-1.230, 3.530e-6
-1.231, 3.532e-6
-1.232, 3.536e-6
-1.233, 3.539e-6
-1.234, 3.541e-6
-1.235, 3.548e-6
-1.236, 3.552e-6
-1.237, 3.551e-6
-1.238, 3.557e-6
-1.239, 3.559e-6
-1.240, 3.566e-6
-1.241, 3.575e-6
-1.242, 3.578e-6
-1.243, 3.582e-6
-1.244, 3.585e-6
-1.245, 3.586e-6
-1.246, 3.594e-6
-1.247, 3.596e-6
-1.248, 3.601e-6
-1.249, 3.607e-6
-1.250, 3.609e-6
-1.251, 3.614e-6
-1.252, 3.618e-6
-1.253, 3.620e-6
-1.254, 3.626e-6
-1.255, 3.630e-6
-1.256, 3.633e-6
-1.257, 3.636e-6
-1.258, 3.640e-6
-1.259, 3.645e-6
-1.260, 3.648e-6
-1.261, 3.649e-6
-1.262, 3.652e-6
-1.263, 3.656e-6
-1.264, 3.660e-6
-1.265, 3.666e-6
-1.266, 3.668e-6
-1.267, 3.672e-6
-1.268, 3.676e-6
-1.269, 3.678e-6
-1.270, 3.682e-6
-1.271, 3.686e-6
-1.272, 3.691e-6
-1.273, 3.694e-6
-1.274, 3.695e-6
-1.275, 3.701e-6
-1.276, 3.705e-6
-1.277, 3.706e-6
-1.278, 3.713e-6
-1.279, 3.716e-6
-1.280, 3.725e-6
-1.281, 3.729e-6
-1.282, 3.729e-6
-1.283, 3.734e-6
-1.284, 3.736e-6
-1.285, 3.737e-6
-1.286, 3.742e-6
-1.287, 3.746e-6
-1.288, 3.750e-6
-1.289, 3.756e-6
-1.290, 3.756e-6
-1.291, 3.763e-6
-1.292, 3.764e-6
-1.293, 3.768e-6
-1.294, 3.772e-6
-1.295, 3.777e-6
-1.296, 3.781e-6
-1.297, 3.783e-6
-1.298, 3.784e-6
-1.299, 3.788e-6
-1.300, 3.793e-6
-1.301, 3.796e-6
-1.302, 3.801e-6
-1.303, 3.804e-6
-1.304, 3.807e-6
-1.305, 3.813e-6
-1.306, 3.815e-6
-1.307, 3.818e-6
-1.308, 3.822e-6
-1.309, 3.824e-6
-1.310, 3.830e-6
-1.311, 3.832e-6
-1.312, 3.839e-6
-1.313, 3.845e-6
-1.314, 3.848e-6
-1.315, 3.852e-6
-1.316, 3.855e-6
-1.317, 3.856e-6
-1.318, 3.863e-6
-1.319, 3.864e-6
-1.320, 3.871e-6
-1.321, 3.876e-6
-1.322, 3.879e-6
-1.323, 3.881e-6
-1.324, 3.884e-6
-1.325, 3.886e-6
-1.326, 3.890e-6
-1.327, 3.894e-6
-1.328, 3.900e-6
-1.329, 3.904e-6
-1.330, 3.907e-6
-1.331, 3.915e-6
-1.332, 3.916e-6
-1.333, 3.917e-6
-1.334, 3.921e-6
-1.335, 3.925e-6
-1.336, 3.929e-6
-1.337, 3.933e-6
-1.338, 3.937e-6
-1.339, 3.941e-6
-1.340, 3.944e-6
-1.341, 3.949e-6
-1.342, 3.951e-6
-1.343, 3.955e-6
-1.344, 3.959e-6
-1.345, 3.964e-6
-1.346, 3.965e-6
-1.347, 3.969e-6
-1.348, 3.972e-6
-1.349, 3.976e-6
-1.350, 3.987e-6
-1.351, 3.989e-6
-1.352, 3.993e-6
-1.353, 3.997e-6
-1.354, 3.999e-6
-1.355, 4.003e-6
-1.356, 4.007e-6
-1.357, 4.011e-6
-1.358, 4.016e-6
-1.359, 4.019e-6
-1.360, 4.023e-6
-1.361, 4.029e-6
-1.362, 4.030e-6
-1.363, 4.037e-6
-1.364, 4.042e-6
-1.365, 4.048e-6
-1.366, 4.054e-6
-1.367, 4.058e-6
-1.368, 4.063e-6
-1.369, 4.069e-6
-1.370, 4.073e-6
-1.371, 4.077e-6
-1.372, 4.081e-6
-1.373, 4.085e-6
-1.374, 4.092e-6
-1.375, 4.094e-6
-1.376, 4.099e-6
-1.377, 4.107e-6
-1.378, 4.110e-6
-1.379, 4.113e-6
-1.380, 4.118e-6
-1.381, 4.124e-6
-1.382, 4.146e-6
-1.383, 4.146e-6
-1.384, 4.143e-6
-1.385, 4.146e-6
-1.386, 4.148e-6
-1.387, 4.150e-6
-1.388, 4.155e-6
-1.389, 4.160e-6
-1.390, 4.167e-6
-1.391, 4.168e-6
-1.392, 4.174e-6
-1.393, 4.181e-6
-1.394, 4.182e-6
-1.395, 4.189e-6
-1.396, 4.194e-6
-1.397, 4.196e-6
-1.398, 4.204e-6
-1.399, 4.206e-6
-1.400, 4.212e-6
-1.401, 4.217e-6
-1.402, 4.219e-6
-1.403, 4.224e-6
-1.404, 4.230e-6
-1.405, 4.233e-6
-1.406, 4.238e-6
-1.407, 4.242e-6
-1.408, 4.248e-6
-1.409, 4.253e-6
-1.410, 4.256e-6
-1.411, 4.261e-6
-1.412, 4.263e-6
-1.413, 4.266e-6
-1.414, 4.272e-6
-1.415, 4.274e-6
-1.416, 4.281e-6
-1.417, 4.286e-6
-1.418, 4.288e-6
-1.419, 4.292e-6
-1.420, 4.297e-6
-1.421, 4.300e-6
-1.422, 4.303e-6
-1.423, 4.307e-6
-1.424, 4.312e-6
-1.425, 4.318e-6
-1.426, 4.320e-6
-1.427, 4.324e-6
-1.428, 4.331e-6
-1.429, 4.333e-6
-1.430, 4.340e-6
-1.431, 4.343e-6
-1.432, 4.349e-6
-1.433, 4.358e-6
-1.434, 4.362e-6
-1.435, 4.367e-6
-1.436, 4.372e-6
-1.437, 4.373e-6
-1.438, 4.382e-6
-1.439, 4.384e-6
-1.440, 4.387e-6
-1.441, 4.393e-6
-1.442, 4.393e-6
-1.443, 4.403e-6
-1.444, 4.406e-6
-1.445, 4.412e-6
-1.446, 4.421e-6
-1.447, 4.422e-6
-1.448, 4.429e-6
-1.449, 4.435e-6
-1.450, 4.438e-6
-1.451, 4.442e-6
-1.452, 4.444e-6
-1.453, 4.451e-6
-1.454, 4.460e-6
-1.455, 4.467e-6
-1.456, 4.472e-6
-1.457, 4.474e-6
-1.458, 4.475e-6
-1.459, 4.482e-6
-1.460, 4.489e-6
-1.461, 4.493e-6
-1.462, 4.504e-6
-1.463, 4.509e-6
-1.464, 4.514e-6
-1.465, 4.519e-6
-1.466, 4.520e-6
-1.467, 4.527e-6
-1.468, 4.534e-6
-1.469, 4.538e-6
-1.470, 4.550e-6
-1.471, 4.550e-6
-1.472, 4.555e-6
-1.473, 4.561e-6
-1.474, 4.564e-6
-1.475, 4.573e-6
-1.476, 4.580e-6
-1.477, 4.586e-6
-1.478, 4.594e-6
-1.479, 4.598e-6
-1.480, 4.606e-6
-1.481, 4.611e-6
-1.482, 4.613e-6
-1.483, 4.622e-6
-1.484, 4.628e-6
-1.485, 4.640e-6
-1.486, 4.644e-6
-1.487, 4.648e-6
-1.488, 4.657e-6
-1.489, 4.664e-6
-1.490, 4.671e-6
-1.491, 4.677e-6
-1.492, 4.687e-6
-1.493, 4.692e-6
-1.494, 4.700e-6
-1.495, 4.702e-6
-1.496, 4.708e-6
-1.497, 4.718e-6
-1.498, 4.726e-6
-1.499, 4.735e-6
-1.500, 4.743e-6
-1.501, 4.747e-6
-1.502, 4.754e-6
-1.503, 4.763e-6
-1.504, 4.773e-6
-1.505, 4.786e-6
-1.506, 4.791e-6
-1.507, 4.803e-6
-1.508, 4.812e-6
-1.509, 4.817e-6
-1.510, 4.829e-6
-1.511, 4.837e-6
-1.512, 4.847e-6
-1.513, 4.857e-6
-1.514, 4.864e-6
-1.515, 4.876e-6
-1.516, 4.886e-6
-1.517, 4.898e-6
-1.518, 4.911e-6
-1.519, 4.919e-6
-1.520, 4.928e-6
-1.521, 4.938e-6
-1.522, 4.944e-6
-1.523, 4.957e-6
-1.524, 4.974e-6
-1.525, 4.986e-6
-1.526, 5.000e-6
-1.527, 5.009e-6
-1.528, 5.020e-6
-1.529, 5.030e-6
-1.530, 5.040e-6
-1.531, 5.053e-6
-1.532, 5.068e-6
-1.533, 5.079e-6
-1.534, 5.097e-6
-1.535, 5.110e-6
-1.536, 5.124e-6
-1.537, 5.138e-6
-1.538, 5.151e-6
-1.539, 5.166e-6
-1.540, 5.179e-6
-1.541, 5.189e-6
-1.542, 5.205e-6
-1.543, 5.218e-6
-1.544, 5.237e-6
-1.545, 5.255e-6
-1.546, 5.266e-6
-1.547, 5.284e-6
-1.548, 5.298e-6
-1.549, 5.314e-6
-1.550, 5.335e-6
-1.551, 5.356e-6
-1.552, 5.374e-6
-1.553, 5.392e-6
-1.554, 5.408e-6
-1.555, 5.427e-6
-1.556, 5.443e-6
-1.557, 5.464e-6
-1.558, 5.488e-6
-1.559, 5.506e-6
-1.560, 5.529e-6
-1.561, 5.548e-6
-1.562, 5.569e-6
-1.563, 5.591e-6
-1.564, 5.616e-6
-1.565, 5.638e-6
-1.566, 5.660e-6
-1.567, 5.681e-6
-1.568, 5.705e-6
-1.569, 5.731e-6
-1.570, 5.750e-6
-1.571, 5.777e-6
-1.572, 5.806e-6
-1.573, 5.832e-6
-1.574, 5.859e-6
-1.575, 5.883e-6
-1.576, 5.905e-6
-1.577, 5.935e-6
-1.578, 5.961e-6
-1.579, 5.994e-6
-1.580, 6.022e-6
-1.581, 6.045e-6
-1.582, 6.078e-6
-1.583, 6.106e-6
-1.584, 6.137e-6
-1.585, 6.171e-6
-1.586, 6.198e-6
-1.587, 6.234e-6
-1.588, 6.267e-6
-1.589, 6.298e-6
-1.590, 6.335e-6
-1.591, 6.367e-6
-1.592, 6.404e-6
-1.593, 6.446e-6
-1.594, 6.478e-6
-1.595, 6.521e-6
-1.596, 6.562e-6
-1.597, 6.598e-6
-1.598, 6.642e-6
-1.599, 6.683e-6
-1.600, 6.728e-6
-1.601, 6.773e-6
-1.602, 6.815e-6
-1.603, 6.862e-6
-1.604, 6.904e-6
-1.605, 6.950e-6
-1.606, 6.999e-6
-1.607, 7.046e-6
-1.608, 7.098e-6
-1.609, 7.150e-6
-1.610, 7.194e-6
-1.611, 7.249e-6
-1.612, 7.301e-6
-1.613, 7.355e-6
-1.614, 7.413e-6
-1.615, 7.470e-6
-1.616, 7.532e-6
-1.617, 7.597e-6
-1.618, 7.652e-6
-1.619, 7.713e-6
-1.620, 7.776e-6
-1.621, 7.838e-6
-1.622, 7.910e-6
-1.623, 7.975e-6
-1.624, 8.047e-6
-1.625, 8.117e-6
-1.626, 8.186e-6
-1.627, 8.264e-6
-1.628, 8.338e-6
-1.629, 8.409e-6
-1.630, 8.495e-6
-1.631, 8.572e-6
-1.632, 8.650e-6
-1.633, 8.735e-6
-1.634, 8.818e-6
-1.635, 8.898e-6
-1.636, 8.988e-6
-1.637, 9.082e-6
-1.638, 9.179e-6
-1.639, 9.289e-6
-1.640, 9.371e-6
-1.641, 9.467e-6
-1.642, 9.562e-6
-1.643, 9.664e-6
-1.644, 9.768e-6
-1.645, 9.874e-6
-1.646, 9.979e-6
-1.647, 1.009e-5
-1.648, 1.020e-5
-1.649, 1.031e-5
-1.650, 1.043e-5
-1.651, 1.055e-5
-1.652, 1.067e-5
-1.653, 1.079e-5
-1.654, 1.092e-5
-1.655, 1.105e-5
-1.656, 1.118e-5
-1.657, 1.130e-5
-1.658, 1.143e-5
-1.659, 1.156e-5
-1.660, 1.169e-5
-1.661, 1.183e-5
-1.662, 1.199e-5
-1.663, 1.212e-5
-1.664, 1.228e-5
-1.665, 1.243e-5
-1.666, 1.259e-5
-1.667, 1.276e-5
-1.668, 1.293e-5
-1.669, 1.310e-5
-1.670, 1.328e-5
-1.671, 1.346e-5
-1.672, 1.365e-5
-1.673, 1.384e-5
-1.674, 1.403e-5
-1.675, 1.422e-5
-1.676, 1.443e-5
-1.677, 1.464e-5
-1.678, 1.486e-5
-1.679, 1.507e-5
-1.680, 1.529e-5
-1.681, 1.552e-5
-1.682, 1.576e-5
-1.683, 1.600e-5
-1.684, 1.624e-5
-1.685, 1.649e-5
-1.686, 1.675e-5
-1.687, 1.700e-5
-1.688, 1.726e-5
-1.689, 1.754e-5
-1.690, 1.783e-5
-1.691, 1.811e-5
-1.692, 1.840e-5
-1.693, 1.871e-5
-1.694, 1.902e-5
-1.695, 1.932e-5
-1.696, 1.964e-5
-1.697, 1.997e-5
-1.698, 2.030e-5
-1.699, 2.065e-5
