June 27, 2026   13:03:03
Linear Sweep Voltammetry
File: c:/users/guazh/data/20260623_doe_duplica2/2026-06-24-exp23\1acid_2ac-2026-06-27t12_59_48-lsvinphos\1acid_2ac_lsv_50mvs_efin_-2300mv.bin
Data Source:  Experiment
Instrument Model:  CHI760E
Header: LSV ran at 50 mVs with Efin at -2300mV
Note: 

Init E (V) = -0.6
Final E (V) = -2.3
Scan Rate (V/s) = 0.05
Sample Interval (V) = 0.001
Quiet Time (sec) = 2
Sensitivity (A/V) = 1e-4
Comp R (ohm) = 9.4

Results:

Channel 1:
Ep = -2.128V
ip = 6.959e-4A
Ah = 1.078e-3C

Potential/V, Current/A

-0.600, 1.923e-6
-0.601, 1.994e-6
-0.602, 2.031e-6
-0.603, 2.060e-6
-0.604, 2.085e-6
-0.605, 2.108e-6
-0.606, 2.132e-6
-0.607, 2.152e-6
-0.608, 2.176e-6
-0.609, 2.198e-6
-0.610, 2.217e-6
-0.611, 2.240e-6
-0.612, 2.261e-6
-0.613, 2.281e-6
-0.614, 2.306e-6
-0.615, 2.328e-6
-0.616, 2.350e-6
-0.617, 2.373e-6
-0.618, 2.394e-6
-0.619, 2.419e-6
-0.620, 2.440e-6
-0.621, 2.462e-6
-0.622, 2.485e-6
-0.623, 2.508e-6
-0.624, 2.532e-6
-0.625, 2.556e-6
-0.626, 2.579e-6
-0.627, 2.602e-6
-0.628, 2.627e-6
-0.629, 2.653e-6
-0.630, 2.675e-6
-0.631, 2.698e-6
-0.632, 2.721e-6
-0.633, 2.746e-6
-0.634, 2.772e-6
-0.635, 2.796e-6
-0.636, 2.821e-6
-0.637, 2.845e-6
-0.638, 2.870e-6
-0.639, 2.895e-6
-0.640, 2.922e-6
-0.641, 2.949e-6
-0.642, 2.973e-6
-0.643, 2.998e-6
-0.644, 3.026e-6
-0.645, 3.052e-6
-0.646, 3.080e-6
-0.647, 3.106e-6
-0.648, 3.134e-6
-0.649, 3.162e-6
-0.650, 3.189e-6
-0.651, 3.216e-6
-0.652, 3.244e-6
-0.653, 3.271e-6
-0.654, 3.299e-6
-0.655, 3.327e-6
-0.656, 3.356e-6
-0.657, 3.385e-6
-0.658, 3.413e-6
-0.659, 3.443e-6
-0.660, 3.471e-6
-0.661, 3.501e-6
-0.662, 3.530e-6
-0.663, 3.560e-6
-0.664, 3.589e-6
-0.665, 3.620e-6
-0.666, 3.652e-6
-0.667, 3.682e-6
-0.668, 3.712e-6
-0.669, 3.743e-6
-0.670, 3.774e-6
-0.671, 3.804e-6
-0.672, 3.836e-6
-0.673, 3.867e-6
-0.674, 3.899e-6
-0.675, 3.929e-6
-0.676, 3.961e-6
-0.677, 3.991e-6
-0.678, 4.025e-6
-0.679, 4.057e-6
-0.680, 4.088e-6
-0.681, 4.121e-6
-0.682, 4.152e-6
-0.683, 4.183e-6
-0.684, 4.215e-6
-0.685, 4.246e-6
-0.686, 4.280e-6
-0.687, 4.312e-6
-0.688, 4.347e-6
-0.689, 4.380e-6
-0.690, 4.413e-6
-0.691, 4.448e-6
-0.692, 4.481e-6
-0.693, 4.516e-6
-0.694, 4.552e-6
-0.695, 4.585e-6
-0.696, 4.619e-6
-0.697, 4.654e-6
-0.698, 4.689e-6
-0.699, 4.723e-6
-0.700, 4.757e-6
-0.701, 4.791e-6
-0.702, 4.827e-6
-0.703, 4.861e-6
-0.704, 4.898e-6
-0.705, 4.932e-6
-0.706, 4.967e-6
-0.707, 5.004e-6
-0.708, 5.040e-6
-0.709, 5.074e-6
-0.710, 5.113e-6
-0.711, 5.150e-6
-0.712, 5.185e-6
-0.713, 5.220e-6
-0.714, 5.256e-6
-0.715, 5.292e-6
-0.716, 5.327e-6
-0.717, 5.363e-6
-0.718, 5.396e-6
-0.719, 5.430e-6
-0.720, 5.466e-6
-0.721, 5.503e-6
-0.722, 5.538e-6
-0.723, 5.577e-6
-0.724, 5.614e-6
-0.725, 5.648e-6
-0.726, 5.683e-6
-0.727, 5.721e-6
-0.728, 5.756e-6
-0.729, 5.793e-6
-0.730, 5.829e-6
-0.731, 5.865e-6
-0.732, 5.899e-6
-0.733, 5.932e-6
-0.734, 5.965e-6
-0.735, 6.002e-6
-0.736, 6.039e-6
-0.737, 6.074e-6
-0.738, 6.109e-6
-0.739, 6.145e-6
-0.740, 6.181e-6
-0.741, 6.213e-6
-0.742, 6.245e-6
-0.743, 6.279e-6
-0.744, 6.315e-6
-0.745, 6.348e-6
-0.746, 6.384e-6
-0.747, 6.419e-6
-0.748, 6.453e-6
-0.749, 6.487e-6
-0.750, 6.520e-6
-0.751, 6.555e-6
-0.752, 6.587e-6
-0.753, 6.621e-6
-0.754, 6.654e-6
-0.755, 6.689e-6
-0.756, 6.722e-6
-0.757, 6.753e-6
-0.758, 6.786e-6
-0.759, 6.821e-6
-0.760, 6.852e-6
-0.761, 6.883e-6
-0.762, 6.913e-6
-0.763, 6.945e-6
-0.764, 6.977e-6
-0.765, 7.008e-6
-0.766, 7.038e-6
-0.767, 7.069e-6
-0.768, 7.101e-6
-0.769, 7.132e-6
-0.770, 7.161e-6
-0.771, 7.190e-6
-0.772, 7.219e-6
-0.773, 7.246e-6
-0.774, 7.276e-6
-0.775, 7.302e-6
-0.776, 7.329e-6
-0.777, 7.359e-6
-0.778, 7.383e-6
-0.779, 7.410e-6
-0.780, 7.438e-6
-0.781, 7.465e-6
-0.782, 7.491e-6
-0.783, 7.516e-6
-0.784, 7.543e-6
-0.785, 7.568e-6
-0.786, 7.593e-6
-0.787, 7.620e-6
-0.788, 7.642e-6
-0.789, 7.667e-6
-0.790, 7.691e-6
-0.791, 7.713e-6
-0.792, 7.736e-6
-0.793, 7.759e-6
-0.794, 7.783e-6
-0.795, 7.804e-6
-0.796, 7.825e-6
-0.797, 7.847e-6
-0.798, 7.871e-6
-0.799, 7.905e-6
-0.800, 7.930e-6
-0.801, 7.949e-6
-0.802, 7.970e-6
-0.803, 7.989e-6
-0.804, 8.008e-6
-0.805, 8.025e-6
-0.806, 8.044e-6
-0.807, 8.064e-6
-0.808, 8.080e-6
-0.809, 8.098e-6
-0.810, 8.114e-6
-0.811, 8.130e-6
-0.812, 8.146e-6
-0.813, 8.162e-6
-0.814, 8.177e-6
-0.815, 8.192e-6
-0.816, 8.206e-6
-0.817, 8.223e-6
-0.818, 8.238e-6
-0.819, 8.257e-6
-0.820, 8.273e-6
-0.821, 8.286e-6
-0.822, 8.301e-6
-0.823, 8.311e-6
-0.824, 8.325e-6
-0.825, 8.336e-6
-0.826, 8.346e-6
-0.827, 8.358e-6
-0.828, 8.368e-6
-0.829, 8.378e-6
-0.830, 8.389e-6
-0.831, 8.397e-6
-0.832, 8.408e-6
-0.833, 8.418e-6
-0.834, 8.426e-6
-0.835, 8.436e-6
-0.836, 8.444e-6
-0.837, 8.454e-6
-0.838, 8.462e-6
-0.839, 8.470e-6
-0.840, 8.478e-6
-0.841, 8.485e-6
-0.842, 8.492e-6
-0.843, 8.497e-6
-0.844, 8.504e-6
-0.845, 8.521e-6
-0.846, 8.540e-6
-0.847, 8.545e-6
-0.848, 8.551e-6
-0.849, 8.559e-6
-0.850, 8.563e-6
-0.851, 8.567e-6
-0.852, 8.572e-6
-0.853, 8.576e-6
-0.854, 8.580e-6
-0.855, 8.582e-6
-0.856, 8.585e-6
-0.857, 8.590e-6
-0.858, 8.591e-6
-0.859, 8.593e-6
-0.860, 8.596e-6
-0.861, 8.597e-6
-0.862, 8.599e-6
-0.863, 8.601e-6
-0.864, 8.602e-6
-0.865, 8.604e-6
-0.866, 8.604e-6
-0.867, 8.606e-6
-0.868, 8.606e-6
-0.869, 8.608e-6
-0.870, 8.608e-6
-0.871, 8.609e-6
-0.872, 8.609e-6
-0.873, 8.610e-6
-0.874, 8.610e-6
-0.875, 8.608e-6
-0.876, 8.608e-6
-0.877, 8.609e-6
-0.878, 8.607e-6
-0.879, 8.605e-6
-0.880, 8.604e-6
-0.881, 8.604e-6
-0.882, 8.603e-6
-0.883, 8.601e-6
-0.884, 8.599e-6
-0.885, 8.599e-6
-0.886, 8.597e-6
-0.887, 8.596e-6
-0.888, 8.594e-6
-0.889, 8.593e-6
-0.890, 8.591e-6
-0.891, 8.589e-6
-0.892, 8.588e-6
-0.893, 8.585e-6
-0.894, 8.584e-6
-0.895, 8.581e-6
-0.896, 8.580e-6
-0.897, 8.578e-6
-0.898, 8.574e-6
-0.899, 8.573e-6
-0.900, 8.569e-6
-0.901, 8.566e-6
-0.902, 8.563e-6
-0.903, 8.560e-6
-0.904, 8.558e-6
-0.905, 8.555e-6
-0.906, 8.552e-6
-0.907, 8.550e-6
-0.908, 8.546e-6
-0.909, 8.544e-6
-0.910, 8.541e-6
-0.911, 8.537e-6
-0.912, 8.535e-6
-0.913, 8.530e-6
-0.914, 8.527e-6
-0.915, 8.525e-6
-0.916, 8.521e-6
-0.917, 8.518e-6
-0.918, 8.515e-6
-0.919, 8.512e-6
-0.920, 8.508e-6
-0.921, 8.504e-6
-0.922, 8.502e-6
-0.923, 8.498e-6
-0.924, 8.496e-6
-0.925, 8.492e-6
-0.926, 8.488e-6
-0.927, 8.486e-6
-0.928, 8.483e-6
-0.929, 8.480e-6
-0.930, 8.476e-6
-0.931, 8.473e-6
-0.932, 8.471e-6
-0.933, 8.466e-6
-0.934, 8.463e-6
-0.935, 8.460e-6
-0.936, 8.457e-6
-0.937, 8.455e-6
-0.938, 8.450e-6
-0.939, 8.447e-6
-0.940, 8.444e-6
-0.941, 8.441e-6
-0.942, 8.438e-6
-0.943, 8.434e-6
-0.944, 8.431e-6
-0.945, 8.429e-6
-0.946, 8.425e-6
-0.947, 8.423e-6
-0.948, 8.419e-6
-0.949, 8.416e-6
-0.950, 8.414e-6
-0.951, 8.411e-6
-0.952, 8.408e-6
-0.953, 8.405e-6
-0.954, 8.402e-6
-0.955, 8.400e-6
-0.956, 8.396e-6
-0.957, 8.395e-6
-0.958, 8.391e-6
-0.959, 8.388e-6
-0.960, 8.386e-6
-0.961, 8.384e-6
-0.962, 8.381e-6
-0.963, 8.379e-6
-0.964, 8.376e-6
-0.965, 8.374e-6
-0.966, 8.371e-6
-0.967, 8.370e-6
-0.968, 8.366e-6
-0.969, 8.365e-6
-0.970, 8.362e-6
-0.971, 8.359e-6
-0.972, 8.358e-6
-0.973, 8.358e-6
-0.974, 8.354e-6
-0.975, 8.353e-6
-0.976, 8.351e-6
-0.977, 8.349e-6
-0.978, 8.346e-6
-0.979, 8.344e-6
-0.980, 8.343e-6
-0.981, 8.341e-6
-0.982, 8.339e-6
-0.983, 8.335e-6
-0.984, 8.333e-6
-0.985, 8.332e-6
-0.986, 8.330e-6
-0.987, 8.330e-6
-0.988, 8.325e-6
-0.989, 8.325e-6
-0.990, 8.323e-6
-0.991, 8.320e-6
-0.992, 8.319e-6
-0.993, 8.317e-6
-0.994, 8.315e-6
-0.995, 8.314e-6
-0.996, 8.312e-6
-0.997, 8.311e-6
-0.998, 8.309e-6
-0.999, 8.308e-6
-1.000, 8.306e-6
-1.001, 8.305e-6
-1.002, 8.303e-6
-1.003, 8.301e-6
-1.004, 8.299e-6
-1.005, 8.299e-6
-1.006, 8.296e-6
-1.007, 8.294e-6
-1.008, 8.292e-6
-1.009, 8.293e-6
-1.010, 8.292e-6
-1.011, 8.291e-6
-1.012, 8.289e-6
-1.013, 8.288e-6
-1.014, 8.288e-6
-1.015, 8.287e-6
-1.016, 8.284e-6
-1.017, 8.284e-6
-1.018, 8.282e-6
-1.019, 8.281e-6
-1.020, 8.282e-6
-1.021, 8.280e-6
-1.022, 8.279e-6
-1.023, 8.277e-6
-1.024, 8.277e-6
-1.025, 8.277e-6
-1.026, 8.275e-6
-1.027, 8.275e-6
-1.028, 8.273e-6
-1.029, 8.270e-6
-1.030, 8.271e-6
-1.031, 8.271e-6
-1.032, 8.269e-6
-1.033, 8.268e-6
-1.034, 8.266e-6
-1.035, 8.266e-6
-1.036, 8.264e-6
-1.037, 8.264e-6
-1.038, 8.262e-6
-1.039, 8.261e-6
-1.040, 8.262e-6
-1.041, 8.260e-6
-1.042, 8.259e-6
-1.043, 8.260e-6
-1.044, 8.258e-6
-1.045, 8.258e-6
-1.046, 8.255e-6
-1.047, 8.255e-6
-1.048, 8.254e-6
-1.049, 8.253e-6
-1.050, 8.253e-6
-1.051, 8.252e-6
-1.052, 8.252e-6
-1.053, 8.251e-6
-1.054, 8.250e-6
-1.055, 8.248e-6
-1.056, 8.248e-6
-1.057, 8.248e-6
-1.058, 8.246e-6
-1.059, 8.245e-6
-1.060, 8.245e-6
-1.061, 8.243e-6
-1.062, 8.243e-6
-1.063, 8.242e-6
-1.064, 8.242e-6
-1.065, 8.241e-6
-1.066, 8.241e-6
-1.067, 8.240e-6
-1.068, 8.238e-6
-1.069, 8.238e-6
-1.070, 8.237e-6
-1.071, 8.237e-6
-1.072, 8.236e-6
-1.073, 8.235e-6
-1.074, 8.234e-6
-1.075, 8.235e-6
-1.076, 8.235e-6
-1.077, 8.234e-6
-1.078, 8.235e-6
-1.079, 8.232e-6
-1.080, 8.233e-6
-1.081, 8.232e-6
-1.082, 8.231e-6
-1.083, 8.231e-6
-1.084, 8.229e-6
-1.085, 8.228e-6
-1.086, 8.228e-6
-1.087, 8.227e-6
-1.088, 8.228e-6
-1.089, 8.226e-6
-1.090, 8.224e-6
-1.091, 8.222e-6
-1.092, 8.220e-6
-1.093, 8.220e-6
-1.094, 8.219e-6
-1.095, 8.220e-6
-1.096, 8.218e-6
-1.097, 8.218e-6
-1.098, 8.216e-6
-1.099, 8.216e-6
-1.100, 8.215e-6
-1.101, 8.215e-6
-1.102, 8.215e-6
-1.103, 8.214e-6
-1.104, 8.214e-6
-1.105, 8.213e-6
-1.106, 8.212e-6
-1.107, 8.212e-6
-1.108, 8.212e-6
-1.109, 8.209e-6
-1.110, 8.210e-6
-1.111, 8.209e-6
-1.112, 8.208e-6
-1.113, 8.206e-6
-1.114, 8.206e-6
-1.115, 8.207e-6
-1.116, 8.207e-6
-1.117, 8.206e-6
-1.118, 8.205e-6
-1.119, 8.204e-6
-1.120, 8.205e-6
-1.121, 8.204e-6
-1.122, 8.202e-6
-1.123, 8.203e-6
-1.124, 8.203e-6
-1.125, 8.202e-6
-1.126, 8.201e-6
-1.127, 8.201e-6
-1.128, 8.199e-6
-1.129, 8.198e-6
-1.130, 8.198e-6
-1.131, 8.197e-6
-1.132, 8.197e-6
-1.133, 8.197e-6
-1.134, 8.197e-6
-1.135, 8.194e-6
-1.136, 8.194e-6
-1.137, 8.193e-6
-1.138, 8.191e-6
-1.139, 8.191e-6
-1.140, 8.192e-6
-1.141, 8.191e-6
-1.142, 8.191e-6
-1.143, 8.190e-6
-1.144, 8.189e-6
-1.145, 8.190e-6
-1.146, 8.188e-6
-1.147, 8.189e-6
-1.148, 8.188e-6
-1.149, 8.186e-6
-1.150, 8.187e-6
-1.151, 8.184e-6
-1.152, 8.184e-6
-1.153, 8.184e-6
-1.154, 8.184e-6
-1.155, 8.182e-6
-1.156, 8.182e-6
-1.157, 8.181e-6
-1.158, 8.180e-6
-1.159, 8.178e-6
-1.160, 8.179e-6
-1.161, 8.179e-6
-1.162, 8.176e-6
-1.163, 8.175e-6
-1.164, 8.175e-6
-1.165, 8.175e-6
-1.166, 8.175e-6
-1.167, 8.172e-6
-1.168, 8.174e-6
-1.169, 8.172e-6
-1.170, 8.172e-6
-1.171, 8.173e-6
-1.172, 8.171e-6
-1.173, 8.170e-6
-1.174, 8.170e-6
-1.175, 8.169e-6
-1.176, 8.169e-6
-1.177, 8.168e-6
-1.178, 8.171e-6
-1.179, 8.169e-6
-1.180, 8.168e-6
-1.181, 8.166e-6
-1.182, 8.165e-6
-1.183, 8.166e-6
-1.184, 8.165e-6
-1.185, 8.163e-6
-1.186, 8.162e-6
-1.187, 8.161e-6
-1.188, 8.161e-6
-1.189, 8.160e-6
-1.190, 8.160e-6
-1.191, 8.159e-6
-1.192, 8.158e-6
-1.193, 8.158e-6
-1.194, 8.157e-6
-1.195, 8.159e-6
-1.196, 8.158e-6
-1.197, 8.157e-6
-1.198, 8.156e-6
-1.199, 8.153e-6
-1.200, 8.154e-6
-1.201, 8.153e-6
-1.202, 8.152e-6
-1.203, 8.153e-6
-1.204, 8.151e-6
-1.205, 8.150e-6
-1.206, 8.148e-6
-1.207, 8.148e-6
-1.208, 8.148e-6
-1.209, 8.146e-6
-1.210, 8.146e-6
-1.211, 8.146e-6
-1.212, 8.145e-6
-1.213, 8.144e-6
-1.214, 8.142e-6
-1.215, 8.142e-6
-1.216, 8.142e-6
-1.217, 8.141e-6
-1.218, 8.140e-6
-1.219, 8.140e-6
-1.220, 8.140e-6
-1.221, 8.140e-6
-1.222, 8.138e-6
-1.223, 8.138e-6
-1.224, 8.136e-6
-1.225, 8.137e-6
-1.226, 8.135e-6
-1.227, 8.135e-6
-1.228, 8.136e-6
-1.229, 8.139e-6
-1.230, 8.138e-6
-1.231, 8.135e-6
-1.232, 8.135e-6
-1.233, 8.135e-6
-1.234, 8.133e-6
-1.235, 8.134e-6
-1.236, 8.133e-6
-1.237, 8.131e-6
-1.238, 8.132e-6
-1.239, 8.130e-6
-1.240, 8.130e-6
-1.241, 8.130e-6
-1.242, 8.129e-6
-1.243, 8.130e-6
-1.244, 8.130e-6
-1.245, 8.128e-6
-1.246, 8.127e-6
-1.247, 8.126e-6
-1.248, 8.127e-6
-1.249, 8.127e-6
-1.250, 8.126e-6
-1.251, 8.126e-6
-1.252, 8.126e-6
-1.253, 8.125e-6
-1.254, 8.124e-6
-1.255, 8.125e-6
-1.256, 8.124e-6
-1.257, 8.122e-6
-1.258, 8.121e-6
-1.259, 8.120e-6
-1.260, 8.121e-6
-1.261, 8.120e-6
-1.262, 8.120e-6
-1.263, 8.119e-6
-1.264, 8.120e-6
-1.265, 8.119e-6
-1.266, 8.120e-6
-1.267, 8.123e-6
-1.268, 8.122e-6
-1.269, 8.121e-6
-1.270, 8.123e-6
-1.271, 8.121e-6
-1.272, 8.119e-6
-1.273, 8.120e-6
-1.274, 8.120e-6
-1.275, 8.120e-6
-1.276, 8.121e-6
-1.277, 8.121e-6
-1.278, 8.121e-6
-1.279, 8.119e-6
-1.280, 8.121e-6
-1.281, 8.121e-6
-1.282, 8.120e-6
-1.283, 8.121e-6
-1.284, 8.120e-6
-1.285, 8.121e-6
-1.286, 8.121e-6
-1.287, 8.121e-6
-1.288, 8.121e-6
-1.289, 8.121e-6
-1.290, 8.121e-6
-1.291, 8.123e-6
-1.292, 8.123e-6
-1.293, 8.123e-6
-1.294, 8.124e-6
-1.295, 8.124e-6
-1.296, 8.124e-6
-1.297, 8.124e-6
-1.298, 8.125e-6
-1.299, 8.126e-6
-1.300, 8.128e-6
-1.301, 8.128e-6
-1.302, 8.128e-6
-1.303, 8.128e-6
-1.304, 8.128e-6
-1.305, 8.130e-6
-1.306, 8.131e-6
-1.307, 8.131e-6
-1.308, 8.133e-6
-1.309, 8.133e-6
-1.310, 8.134e-6
-1.311, 8.134e-6
-1.312, 8.135e-6
-1.313, 8.137e-6
-1.314, 8.136e-6
-1.315, 8.137e-6
-1.316, 8.140e-6
-1.317, 8.140e-6
-1.318, 8.143e-6
-1.319, 8.143e-6
-1.320, 8.143e-6
-1.321, 8.145e-6
-1.322, 8.145e-6
-1.323, 8.147e-6
-1.324, 8.149e-6
-1.325, 8.151e-6
-1.326, 8.151e-6
-1.327, 8.153e-6
-1.328, 8.155e-6
-1.329, 8.156e-6
-1.330, 8.157e-6
-1.331, 8.158e-6
-1.332, 8.160e-6
-1.333, 8.162e-6
-1.334, 8.163e-6
-1.335, 8.164e-6
-1.336, 8.166e-6
-1.337, 8.169e-6
-1.338, 8.170e-6
-1.339, 8.174e-6
-1.340, 8.173e-6
-1.341, 8.177e-6
-1.342, 8.178e-6
-1.343, 8.179e-6
-1.344, 8.182e-6
-1.345, 8.184e-6
-1.346, 8.186e-6
-1.347, 8.188e-6
-1.348, 8.191e-6
-1.349, 8.192e-6
-1.350, 8.196e-6
-1.351, 8.197e-6
-1.352, 8.198e-6
-1.353, 8.203e-6
-1.354, 8.203e-6
-1.355, 8.207e-6
-1.356, 8.208e-6
-1.357, 8.212e-6
-1.358, 8.215e-6
-1.359, 8.217e-6
-1.360, 8.221e-6
-1.361, 8.225e-6
-1.362, 8.227e-6
-1.363, 8.230e-6
-1.364, 8.231e-6
-1.365, 8.235e-6
-1.366, 8.239e-6
-1.367, 8.240e-6
-1.368, 8.244e-6
-1.369, 8.246e-6
-1.370, 8.249e-6
-1.371, 8.251e-6
-1.372, 8.253e-6
-1.373, 8.256e-6
-1.374, 8.259e-6
-1.375, 8.262e-6
-1.376, 8.266e-6
-1.377, 8.271e-6
-1.378, 8.272e-6
-1.379, 8.275e-6
-1.380, 8.279e-6
-1.381, 8.283e-6
-1.382, 8.287e-6
-1.383, 8.292e-6
-1.384, 8.294e-6
-1.385, 8.297e-6
-1.386, 8.301e-6
-1.387, 8.304e-6
-1.388, 8.308e-6
-1.389, 8.312e-6
-1.390, 8.315e-6
-1.391, 8.320e-6
-1.392, 8.323e-6
-1.393, 8.327e-6
-1.394, 8.329e-6
-1.395, 8.334e-6
-1.396, 8.339e-6
-1.397, 8.341e-6
-1.398, 8.345e-6
-1.399, 8.350e-6
-1.400, 8.352e-6
-1.401, 8.356e-6
-1.402, 8.360e-6
-1.403, 8.365e-6
-1.404, 8.369e-6
-1.405, 8.372e-6
-1.406, 8.377e-6
-1.407, 8.381e-6
-1.408, 8.386e-6
-1.409, 8.390e-6
-1.410, 8.395e-6
-1.411, 8.401e-6
-1.412, 8.404e-6
-1.413, 8.408e-6
-1.414, 8.413e-6
-1.415, 8.418e-6
-1.416, 8.425e-6
-1.417, 8.429e-6
-1.418, 8.434e-6
-1.419, 8.439e-6
-1.420, 8.444e-6
-1.421, 8.450e-6
-1.422, 8.455e-6
-1.423, 8.460e-6
-1.424, 8.466e-6
-1.425, 8.471e-6
-1.426, 8.476e-6
-1.427, 8.483e-6
-1.428, 8.489e-6
-1.429, 8.493e-6
-1.430, 8.499e-6
-1.431, 8.506e-6
-1.432, 8.512e-6
-1.433, 8.517e-6
-1.434, 8.525e-6
-1.435, 8.531e-6
-1.436, 8.537e-6
-1.437, 8.542e-6
-1.438, 8.550e-6
-1.439, 8.554e-6
-1.440, 8.562e-6
-1.441, 8.568e-6
-1.442, 8.573e-6
-1.443, 8.581e-6
-1.444, 8.587e-6
-1.445, 8.594e-6
-1.446, 8.601e-6
-1.447, 8.607e-6
-1.448, 8.615e-6
-1.449, 8.620e-6
-1.450, 8.625e-6
-1.451, 8.633e-6
-1.452, 8.640e-6
-1.453, 8.647e-6
-1.454, 8.653e-6
-1.455, 8.659e-6
-1.456, 8.669e-6
-1.457, 8.676e-6
-1.458, 8.683e-6
-1.459, 8.692e-6
-1.460, 8.700e-6
-1.461, 8.708e-6
-1.462, 8.714e-6
-1.463, 8.723e-6
-1.464, 8.731e-6
-1.465, 8.739e-6
-1.466, 8.748e-6
-1.467, 8.758e-6
-1.468, 8.766e-6
-1.469, 8.773e-6
-1.470, 8.781e-6
-1.471, 8.790e-6
-1.472, 8.801e-6
-1.473, 8.811e-6
-1.474, 8.818e-6
-1.475, 8.829e-6
-1.476, 8.836e-6
-1.477, 8.845e-6
-1.478, 8.855e-6
-1.479, 8.863e-6
-1.480, 8.872e-6
-1.481, 8.881e-6
-1.482, 8.888e-6
-1.483, 8.898e-6
-1.484, 8.907e-6
-1.485, 8.920e-6
-1.486, 8.930e-6
-1.487, 8.938e-6
-1.488, 8.948e-6
-1.489, 8.958e-6
-1.490, 8.968e-6
-1.491, 8.981e-6
-1.492, 8.990e-6
-1.493, 8.999e-6
-1.494, 9.010e-6
-1.495, 9.020e-6
-1.496, 9.032e-6
-1.497, 9.044e-6
-1.498, 9.055e-6
-1.499, 9.066e-6
-1.500, 9.075e-6
-1.501, 9.089e-6
-1.502, 9.100e-6
-1.503, 9.109e-6
-1.504, 9.120e-6
-1.505, 9.132e-6
-1.506, 9.143e-6
-1.507, 9.154e-6
-1.508, 9.166e-6
-1.509, 9.178e-6
-1.510, 9.193e-6
-1.511, 9.206e-6
-1.512, 9.216e-6
-1.513, 9.230e-6
-1.514, 9.243e-6
-1.515, 9.257e-6
-1.516, 9.268e-6
-1.517, 9.281e-6
-1.518, 9.294e-6
-1.519, 9.307e-6
-1.520, 9.320e-6
-1.521, 9.334e-6
-1.522, 9.346e-6
-1.523, 9.359e-6
-1.524, 9.372e-6
-1.525, 9.384e-6
-1.526, 9.399e-6
-1.527, 9.410e-6
-1.528, 9.425e-6
-1.529, 9.440e-6
-1.530, 9.454e-6
-1.531, 9.469e-6
-1.532, 9.482e-6
-1.533, 9.497e-6
-1.534, 9.511e-6
-1.535, 9.526e-6
-1.536, 9.543e-6
-1.537, 9.558e-6
-1.538, 9.573e-6
-1.539, 9.588e-6
-1.540, 9.603e-6
-1.541, 9.619e-6
-1.542, 9.635e-6
-1.543, 9.648e-6
-1.544, 9.664e-6
-1.545, 9.679e-6
-1.546, 9.696e-6
-1.547, 9.713e-6
-1.548, 9.729e-6
-1.549, 9.746e-6
-1.550, 9.763e-6
-1.551, 9.779e-6
-1.552, 9.796e-6
-1.553, 9.814e-6
-1.554, 9.830e-6
-1.555, 9.847e-6
-1.556, 9.864e-6
-1.557, 9.881e-6
-1.558, 9.900e-6
-1.559, 9.916e-6
-1.560, 9.932e-6
-1.561, 9.952e-6
-1.562, 9.969e-6
-1.563, 9.988e-6
-1.564, 1.001e-5
-1.565, 1.002e-5
-1.566, 1.004e-5
-1.567, 1.006e-5
-1.568, 1.008e-5
-1.569, 1.010e-5
-1.570, 1.011e-5
-1.571, 1.014e-5
-1.572, 1.015e-5
-1.573, 1.017e-5
-1.574, 1.019e-5
-1.575, 1.021e-5
-1.576, 1.023e-5
-1.577, 1.025e-5
-1.578, 1.027e-5
-1.579, 1.029e-5
-1.580, 1.031e-5
-1.581, 1.033e-5
-1.582, 1.035e-5
-1.583, 1.037e-5
-1.584, 1.040e-5
-1.585, 1.042e-5
-1.586, 1.044e-5
-1.587, 1.046e-5
-1.588, 1.049e-5
-1.589, 1.051e-5
-1.590, 1.053e-5
-1.591, 1.055e-5
-1.592, 1.057e-5
-1.593, 1.060e-5
-1.594, 1.062e-5
-1.595, 1.064e-5
-1.596, 1.066e-5
-1.597, 1.069e-5
-1.598, 1.071e-5
-1.599, 1.073e-5
-1.600, 1.076e-5
-1.601, 1.079e-5
-1.602, 1.081e-5
-1.603, 1.083e-5
-1.604, 1.086e-5
-1.605, 1.088e-5
-1.606, 1.091e-5
-1.607, 1.094e-5
-1.608, 1.096e-5
-1.609, 1.099e-5
-1.610, 1.101e-5
-1.611, 1.104e-5
-1.612, 1.106e-5
-1.613, 1.109e-5
-1.614, 1.112e-5
-1.615, 1.114e-5
-1.616, 1.117e-5
-1.617, 1.120e-5
-1.618, 1.122e-5
-1.619, 1.125e-5
-1.620, 1.128e-5
-1.621, 1.131e-5
-1.622, 1.134e-5
-1.623, 1.136e-5
-1.624, 1.140e-5
-1.625, 1.143e-5
-1.626, 1.146e-5
-1.627, 1.149e-5
-1.628, 1.152e-5
-1.629, 1.154e-5
-1.630, 1.158e-5
-1.631, 1.161e-5
-1.632, 1.164e-5
-1.633, 1.167e-5
-1.634, 1.170e-5
-1.635, 1.173e-5
-1.636, 1.177e-5
-1.637, 1.180e-5
-1.638, 1.184e-5
-1.639, 1.188e-5
-1.640, 1.191e-5
-1.641, 1.194e-5
-1.642, 1.197e-5
-1.643, 1.200e-5
-1.644, 1.203e-5
-1.645, 1.206e-5
-1.646, 1.210e-5
-1.647, 1.213e-5
-1.648, 1.216e-5
-1.649, 1.220e-5
-1.650, 1.224e-5
-1.651, 1.228e-5
-1.652, 1.232e-5
-1.653, 1.235e-5
-1.654, 1.239e-5
-1.655, 1.243e-5
-1.656, 1.247e-5
-1.657, 1.251e-5
-1.658, 1.255e-5
-1.659, 1.259e-5
-1.660, 1.263e-5
-1.661, 1.267e-5
-1.662, 1.272e-5
-1.663, 1.276e-5
-1.664, 1.280e-5
-1.665, 1.285e-5
-1.666, 1.289e-5
-1.667, 1.293e-5
-1.668, 1.298e-5
-1.669, 1.302e-5
-1.670, 1.307e-5
-1.671, 1.311e-5
-1.672, 1.316e-5
-1.673, 1.320e-5
-1.674, 1.325e-5
-1.675, 1.330e-5
-1.676, 1.335e-5
-1.677, 1.340e-5
-1.678, 1.345e-5
-1.679, 1.350e-5
-1.680, 1.355e-5
-1.681, 1.360e-5
-1.682, 1.365e-5
-1.683, 1.371e-5
-1.684, 1.376e-5
-1.685, 1.381e-5
-1.686, 1.386e-5
-1.687, 1.392e-5
-1.688, 1.397e-5
-1.689, 1.403e-5
-1.690, 1.409e-5
-1.691, 1.414e-5
-1.692, 1.420e-5
-1.693, 1.425e-5
-1.694, 1.431e-5
-1.695, 1.437e-5
-1.696, 1.443e-5
-1.697, 1.449e-5
-1.698, 1.455e-5
-1.699, 1.461e-5
-1.700, 1.467e-5
-1.701, 1.473e-5
-1.702, 1.479e-5
-1.703, 1.486e-5
-1.704, 1.492e-5
-1.705, 1.499e-5
-1.706, 1.505e-5
-1.707, 1.512e-5
-1.708, 1.518e-5
-1.709, 1.525e-5
-1.710, 1.532e-5
-1.711, 1.538e-5
-1.712, 1.545e-5
-1.713, 1.552e-5
-1.714, 1.559e-5
-1.715, 1.566e-5
-1.716, 1.573e-5
-1.717, 1.581e-5
-1.718, 1.588e-5
-1.719, 1.595e-5
-1.720, 1.603e-5
-1.721, 1.611e-5
-1.722, 1.618e-5
-1.723, 1.626e-5
-1.724, 1.633e-5
-1.725, 1.641e-5
-1.726, 1.649e-5
-1.727, 1.656e-5
-1.728, 1.665e-5
-1.729, 1.673e-5
-1.730, 1.680e-5
-1.731, 1.689e-5
-1.732, 1.697e-5
-1.733, 1.705e-5
-1.734, 1.714e-5
-1.735, 1.722e-5
-1.736, 1.730e-5
-1.737, 1.739e-5
-1.738, 1.747e-5
-1.739, 1.756e-5
-1.740, 1.765e-5
-1.741, 1.774e-5
-1.742, 1.783e-5
-1.743, 1.792e-5
-1.744, 1.801e-5
-1.745, 1.810e-5
-1.746, 1.820e-5
-1.747, 1.828e-5
-1.748, 1.838e-5
-1.749, 1.847e-5
-1.750, 1.857e-5
-1.751, 1.866e-5
-1.752, 1.877e-5
-1.753, 1.886e-5
-1.754, 1.896e-5
-1.755, 1.906e-5
-1.756, 1.917e-5
-1.757, 1.927e-5
-1.758, 1.937e-5
-1.759, 1.947e-5
-1.760, 1.957e-5
-1.761, 1.968e-5
-1.762, 1.979e-5
-1.763, 1.990e-5
-1.764, 2.001e-5
-1.765, 2.011e-5
-1.766, 2.023e-5
-1.767, 2.034e-5
-1.768, 2.045e-5
-1.769, 2.057e-5
-1.770, 2.068e-5
-1.771, 2.080e-5
-1.772, 2.092e-5
-1.773, 2.104e-5
-1.774, 2.117e-5
-1.775, 2.129e-5
-1.776, 2.141e-5
-1.777, 2.154e-5
-1.778, 2.167e-5
-1.779, 2.180e-5
-1.780, 2.194e-5
-1.781, 2.207e-5
-1.782, 2.220e-5
-1.783, 2.234e-5
-1.784, 2.247e-5
-1.785, 2.261e-5
-1.786, 2.275e-5
-1.787, 2.290e-5
-1.788, 2.304e-5
-1.789, 2.319e-5
-1.790, 2.334e-5
-1.791, 2.349e-5
-1.792, 2.366e-5
-1.793, 2.382e-5
-1.794, 2.398e-5
-1.795, 2.415e-5
-1.796, 2.431e-5
-1.797, 2.448e-5
-1.798, 2.465e-5
-1.799, 2.482e-5
-1.800, 2.499e-5
-1.801, 2.517e-5
-1.802, 2.535e-5
-1.803, 2.554e-5
-1.804, 2.573e-5
-1.805, 2.592e-5
-1.806, 2.612e-5
-1.807, 2.631e-5
-1.808, 2.651e-5
-1.809, 2.671e-5
-1.810, 2.692e-5
-1.811, 2.714e-5
-1.812, 2.736e-5
-1.813, 2.757e-5
-1.814, 2.779e-5
-1.815, 2.800e-5
-1.816, 2.823e-5
-1.817, 2.847e-5
-1.818, 2.871e-5
-1.819, 2.895e-5
-1.820, 2.920e-5
-1.821, 2.945e-5
-1.822, 2.971e-5
-1.823, 2.997e-5
-1.824, 3.025e-5
-1.825, 3.053e-5
-1.826, 3.081e-5
-1.827, 3.109e-5
-1.828, 3.138e-5
-1.829, 3.167e-5
-1.830, 3.198e-5
-1.831, 3.229e-5
-1.832, 3.262e-5
-1.833, 3.293e-5
-1.834, 3.325e-5
-1.835, 3.359e-5
-1.836, 3.393e-5
-1.837, 3.427e-5
-1.838, 3.463e-5
-1.839, 3.499e-5
-1.840, 3.536e-5
-1.841, 3.573e-5
-1.842, 3.610e-5
-1.843, 3.650e-5
-1.844, 3.690e-5
-1.845, 3.730e-5
-1.846, 3.773e-5
-1.847, 3.814e-5
-1.848, 3.857e-5
-1.849, 3.902e-5
-1.850, 3.946e-5
-1.851, 3.992e-5
-1.852, 4.038e-5
-1.853, 4.086e-5
-1.854, 4.136e-5
-1.855, 4.188e-5
-1.856, 4.240e-5
-1.857, 4.292e-5
-1.858, 4.343e-5
-1.859, 4.396e-5
-1.860, 4.452e-5
-1.861, 4.509e-5
-1.862, 4.568e-5
-1.863, 4.624e-5
-1.864, 4.684e-5
-1.865, 4.744e-5
-1.866, 4.807e-5
-1.867, 4.870e-5
-1.868, 4.935e-5
-1.869, 5.000e-5
-1.870, 5.065e-5
-1.871, 5.130e-5
-1.872, 5.190e-5
-1.873, 5.252e-5
-1.874, 5.317e-5
-1.875, 5.386e-5
-1.876, 5.453e-5
-1.877, 5.505e-5
-1.878, 5.572e-5
-1.879, 5.632e-5
-1.880, 5.690e-5
-1.881, 5.763e-5
-1.882, 5.844e-5
-1.883, 5.922e-5
-1.884, 6.003e-5
-1.885, 6.084e-5
-1.886, 6.174e-5
-1.887, 6.254e-5
-1.888, 6.340e-5
-1.889, 6.437e-5
-1.890, 6.533e-5
-1.891, 6.628e-5
-1.892, 6.721e-5
-1.893, 6.814e-5
-1.894, 6.914e-5
-1.895, 7.024e-5
-1.896, 7.127e-5
-1.897, 7.233e-5
-1.898, 7.337e-5
-1.899, 7.452e-5
-1.900, 7.560e-5
-1.901, 7.667e-5
-1.902, 7.784e-5
-1.903, 7.903e-5
-1.904, 8.015e-5
-1.905, 8.125e-5
-1.906, 8.234e-5
-1.907, 8.361e-5
-1.908, 8.485e-5
-1.909, 8.615e-5
-1.910, 8.740e-5
-1.911, 8.869e-5
-1.912, 9.000e-5
-1.913, 9.130e-5
-1.914, 9.250e-5
-1.915, 9.395e-5
-1.916, 9.532e-5
-1.917, 9.680e-5
-1.918, 9.820e-5
-1.919, 9.971e-5
-1.920, 1.013e-4
-1.921, 1.028e-4
-1.922, 1.044e-4
-1.923, 1.059e-4
-1.924, 1.075e-4
-1.925, 1.092e-4
-1.926, 1.109e-4
-1.927, 1.125e-4
-1.928, 1.142e-4
-1.929, 1.160e-4
-1.930, 1.176e-4
-1.931, 1.194e-4
-1.932, 1.211e-4
-1.933, 1.228e-4
-1.934, 1.247e-4
-1.935, 1.266e-4
-1.936, 1.286e-4
-1.937, 1.306e-4
-1.938, 1.326e-4
-1.939, 1.346e-4
-1.940, 1.367e-4
-1.941, 1.387e-4
-1.942, 1.408e-4
-1.943, 1.430e-4
-1.944, 1.452e-4
-1.945, 1.475e-4
-1.946, 1.498e-4
-1.947, 1.521e-4
-1.948, 1.543e-4
-1.949, 1.567e-4
-1.950, 1.591e-4
-1.951, 1.615e-4
-1.952, 1.638e-4
-1.953, 1.660e-4
-1.954, 1.686e-4
-1.955, 1.711e-4
-1.956, 1.736e-4
-1.957, 1.762e-4
-1.958, 1.789e-4
-1.959, 1.816e-4
-1.960, 1.843e-4
-1.961, 1.871e-4
-1.962, 1.897e-4
-1.963, 1.926e-4
-1.964, 1.956e-4
-1.965, 1.983e-4
-1.966, 2.015e-4
-1.967, 2.045e-4
-1.968, 2.076e-4
-1.969, 2.106e-4
-1.970, 2.138e-4
-1.971, 2.170e-4
-1.972, 2.202e-4
-1.973, 2.236e-4
-1.974, 2.268e-4
-1.975, 2.300e-4
-1.976, 2.333e-4
-1.977, 2.366e-4
-1.978, 2.398e-4
-1.979, 2.433e-4
-1.980, 2.465e-4
-1.981, 2.499e-4
-1.982, 2.532e-4
-1.983, 2.566e-4
-1.984, 2.601e-4
-1.985, 2.637e-4
-1.986, 2.671e-4
-1.987, 2.706e-4
-1.988, 2.740e-4
-1.989, 2.778e-4
-1.990, 2.815e-4
-1.991, 2.849e-4
-1.992, 2.887e-4
-1.993, 2.926e-4
-1.994, 2.961e-4
-1.995, 2.999e-4
-1.996, 3.037e-4
-1.997, 3.077e-4
-1.998, 3.114e-4
-1.999, 3.152e-4
-2.000, 3.192e-4
-2.001, 3.232e-4
-2.002, 3.270e-4
-2.003, 3.306e-4
-2.004, 3.345e-4
-2.005, 3.385e-4
-2.006, 3.424e-4
-2.007, 3.463e-4
-2.008, 3.501e-4
-2.009, 3.541e-4
-2.010, 3.584e-4
-2.011, 3.625e-4
-2.012, 3.664e-4
-2.013, 3.704e-4
-2.014, 3.746e-4
-2.015, 3.787e-4
-2.016, 3.825e-4
-2.017, 3.867e-4
-2.018, 3.912e-4
-2.019, 3.954e-4
-2.020, 3.997e-4
-2.021, 4.035e-4
-2.022, 4.079e-4
-2.023, 4.123e-4
-2.024, 4.163e-4
-2.025, 4.206e-4
-2.026, 4.256e-4
-2.027, 4.298e-4
-2.028, 4.340e-4
-2.029, 4.383e-4
-2.030, 4.427e-4
-2.031, 4.472e-4
-2.032, 4.517e-4
-2.033, 4.563e-4
-2.034, 4.610e-4
-2.035, 4.652e-4
-2.036, 4.699e-4
-2.037, 4.744e-4
-2.038, 4.791e-4
-2.039, 4.839e-4
-2.040, 4.887e-4
-2.041, 4.937e-4
-2.042, 4.985e-4
-2.043, 5.031e-4
-2.044, 5.081e-4
-2.045, 5.129e-4
-2.046, 5.179e-4
-2.047, 5.231e-4
-2.048, 5.284e-4
-2.049, 5.337e-4
-2.050, 5.387e-4
-2.051, 5.440e-4
-2.052, 5.488e-4
-2.053, 5.540e-4
-2.054, 5.590e-4
-2.055, 5.643e-4
-2.056, 5.696e-4
-2.057, 5.750e-4
-2.058, 5.803e-4
-2.059, 5.860e-4
-2.060, 5.913e-4
-2.061, 5.968e-4
-2.062, 6.021e-4
-2.063, 6.073e-4
-2.064, 6.125e-4
-2.065, 6.178e-4
-2.066, 6.230e-4
-2.067, 6.289e-4
-2.068, 6.346e-4
-2.069, 6.402e-4
-2.070, 6.457e-4
-2.071, 6.512e-4
-2.072, 6.568e-4
-2.073, 6.624e-4
-2.074, 6.683e-4
-2.075, 6.742e-4
-2.076, 6.798e-4
-2.077, 6.856e-4
-2.078, 6.914e-4
-2.079, 6.976e-4
-2.080, 7.033e-4
-2.081, 7.092e-4
-2.082, 7.149e-4
-2.083, 7.210e-4
-2.084, 7.276e-4
-2.085, 7.339e-4
-2.086, 7.399e-4
-2.087, 7.462e-4
-2.088, 7.521e-4
-2.089, 7.584e-4
-2.090, 7.645e-4
-2.091, 7.706e-4
-2.092, 7.768e-4
-2.093, 7.831e-4
-2.094, 7.895e-4
-2.095, 7.958e-4
-2.096, 8.020e-4
-2.097, 8.088e-4
-2.098, 8.150e-4
-2.099, 8.215e-4
-2.100, 8.276e-4
-2.101, 8.339e-4
-2.102, 8.404e-4
-2.103, 8.467e-4
-2.104, 8.530e-4
-2.105, 8.597e-4
-2.106, 8.666e-4
-2.107, 8.738e-4
-2.108, 8.801e-4
-2.109, 8.862e-4
-2.110, 8.934e-4
-2.111, 9.004e-4
-2.112, 9.069e-4
-2.113, 9.133e-4
-2.114, 9.207e-4
-2.115, 9.279e-4
-2.116, 9.347e-4
-2.117, 9.416e-4
-2.118, 9.488e-4
-2.119, 9.556e-4
-2.120, 9.626e-4
-2.121, 9.701e-4
-2.122, 9.779e-4
-2.123, 9.850e-4
-2.124, 9.920e-4
-2.125, 9.999e-4
-2.126, 1.007e-3
-2.127, 1.011e-3
-2.128, 1.011e-3
-2.129, 1.011e-3
-2.130, 1.011e-3
-2.131, 1.011e-3
-2.132, 1.011e-3
-2.133, 1.011e-3
-2.134, 1.011e-3
-2.135, 1.011e-3
-2.136, 1.011e-3
-2.137, 1.011e-3
-2.138, 1.011e-3
-2.139, 1.011e-3
-2.140, 1.011e-3
-2.141, 1.011e-3
-2.142, 1.011e-3
-2.143, 1.011e-3
-2.144, 1.011e-3
-2.145, 1.011e-3
-2.146, 1.011e-3
-2.147, 1.011e-3
-2.148, 1.011e-3
-2.149, 1.011e-3
-2.150, 1.011e-3
-2.151, 1.011e-3
-2.152, 1.011e-3
-2.153, 1.011e-3
-2.154, 1.011e-3
-2.155, 1.011e-3
-2.156, 1.011e-3
-2.157, 1.011e-3
-2.158, 1.011e-3
-2.159, 1.011e-3
-2.160, 1.011e-3
-2.161, 1.011e-3
-2.162, 1.011e-3
-2.163, 1.011e-3
-2.164, 1.011e-3
-2.165, 1.011e-3
-2.166, 1.011e-3
-2.167, 1.011e-3
-2.168, 1.011e-3
-2.169, 1.011e-3
-2.170, 1.011e-3
-2.171, 1.011e-3
-2.172, 1.011e-3
-2.173, 1.011e-3
-2.174, 1.011e-3
-2.175, 1.011e-3
-2.176, 1.011e-3
-2.177, 1.011e-3
-2.178, 1.011e-3
-2.179, 1.011e-3
-2.180, 1.011e-3
-2.181, 1.011e-3
-2.182, 1.011e-3
-2.183, 1.011e-3
-2.184, 1.011e-3
-2.185, 1.011e-3
-2.186, 1.011e-3
-2.187, 1.011e-3
-2.188, 1.011e-3
-2.189, 1.011e-3
-2.190, 1.011e-3
-2.191, 1.011e-3
-2.192, 1.011e-3
-2.193, 1.011e-3
-2.194, 1.011e-3
-2.195, 1.011e-3
-2.196, 1.011e-3
-2.197, 1.011e-3
-2.198, 1.011e-3
-2.199, 1.011e-3
-2.200, 1.011e-3
-2.201, 1.011e-3
-2.202, 1.011e-3
-2.203, 1.011e-3
-2.204, 1.011e-3
-2.205, 1.011e-3
-2.206, 1.011e-3
-2.207, 1.011e-3
-2.208, 1.011e-3
-2.209, 1.011e-3
-2.210, 1.011e-3
-2.211, 1.011e-3
-2.212, 1.011e-3
-2.213, 1.011e-3
-2.214, 1.011e-3
-2.215, 1.011e-3
-2.216, 1.011e-3
-2.217, 1.011e-3
-2.218, 1.011e-3
-2.219, 1.011e-3
-2.220, 1.011e-3
-2.221, 1.011e-3
-2.222, 1.011e-3
-2.223, 1.011e-3
-2.224, 1.011e-3
-2.225, 1.011e-3
-2.226, 1.011e-3
-2.227, 1.011e-3
-2.228, 1.011e-3
-2.229, 1.011e-3
-2.230, 1.011e-3
-2.231, 1.011e-3
-2.232, 1.011e-3
-2.233, 1.011e-3
-2.234, 1.011e-3
-2.235, 1.011e-3
-2.236, 1.011e-3
-2.237, 1.011e-3
-2.238, 1.011e-3
-2.239, 1.011e-3
-2.240, 1.011e-3
-2.241, 1.011e-3
-2.242, 1.011e-3
-2.243, 1.011e-3
-2.244, 1.011e-3
-2.245, 1.011e-3
-2.246, 1.011e-3
-2.247, 1.011e-3
-2.248, 1.011e-3
-2.249, 1.011e-3
-2.250, 1.011e-3
-2.251, 1.011e-3
-2.252, 1.011e-3
-2.253, 1.011e-3
-2.254, 1.011e-3
-2.255, 1.011e-3
-2.256, 1.011e-3
-2.257, 1.011e-3
-2.258, 1.011e-3
-2.259, 1.011e-3
-2.260, 1.011e-3
-2.261, 1.011e-3
-2.262, 1.011e-3
-2.263, 1.011e-3
-2.264, 1.011e-3
-2.265, 1.011e-3
-2.266, 1.011e-3
-2.267, 1.011e-3
-2.268, 1.011e-3
-2.269, 1.011e-3
-2.270, 1.011e-3
-2.271, 1.011e-3
-2.272, 1.011e-3
-2.273, 1.011e-3
-2.274, 1.011e-3
-2.275, 1.011e-3
-2.276, 1.011e-3
-2.277, 1.011e-3
-2.278, 1.011e-3
-2.279, 1.011e-3
-2.280, 1.011e-3
-2.281, 1.011e-3
-2.282, 1.011e-3
-2.283, 1.011e-3
-2.284, 1.011e-3
-2.285, 1.011e-3
-2.286, 1.011e-3
-2.287, 1.011e-3
-2.288, 1.011e-3
-2.289, 1.011e-3
-2.290, 1.011e-3
-2.291, 1.011e-3
-2.292, 1.011e-3
-2.293, 1.011e-3
-2.294, 1.011e-3
-2.295, 1.011e-3
-2.296, 1.011e-3
-2.297, 1.011e-3
-2.298, 1.011e-3
-2.299, 1.011e-3
