June 29, 2026   06:22:32
Cyclic Voltammetry
File: c:/users/guazh/data/20260623_doe_duplica2/2026-06-24-exp39\exp39-2026-06-29t06_03_37-h2koh\exp39_cv_sr_400mvs_efin_-1700mv.bin
Data Source:  Experiment
Instrument Model:  CHI760E
Header: CV ran at 400 mVs
Note: 

Init E (V) = -1
High E (V) = -1
Low E (V) = -1.7
Final E (V) = -1
Init P/N = N
Scan Rate (V/s) = 0.4
Segment = 3
Sample Interval (V) = 0.001
Quiet Time (sec) = 2
Sensitivity (A/V) = 0.01
Comp R (ohm) = 2.7

Results:

Channel 1:
Segment 1:

Segment 2:

Segment 3:

Potential/V, Current/A

-1.000, 3.407e-5
-1.001, 8.648e-5
-1.002, 1.050e-4
-1.003, 1.111e-4
-1.004, 1.173e-4
-1.005, 1.173e-4
-1.006, 1.204e-4
-1.007, 1.204e-4
-1.008, 1.204e-4
-1.009, 1.235e-4
-1.010, 1.235e-4
-1.011, 1.235e-4
-1.012, 1.235e-4
-1.013, 1.235e-4
-1.014, 1.266e-4
-1.015, 1.266e-4
-1.016, 1.266e-4
-1.017, 1.266e-4
-1.018, 1.266e-4
-1.019, 1.266e-4
-1.020, 1.266e-4
-1.021, 1.296e-4
-1.022, 1.296e-4
-1.023, 1.296e-4
-1.024, 1.296e-4
-1.025, 1.296e-4
-1.026, 1.296e-4
-1.027, 1.296e-4
-1.028, 1.296e-4
-1.029, 1.296e-4
-1.030, 1.296e-4
-1.031, 1.296e-4
-1.032, 1.296e-4
-1.033, 1.296e-4
-1.034, 1.296e-4
-1.035, 1.327e-4
-1.036, 1.296e-4
-1.037, 1.327e-4
-1.038, 1.327e-4
-1.039, 1.296e-4
-1.040, 1.327e-4
-1.041, 1.327e-4
-1.042, 1.327e-4
-1.043, 1.327e-4
-1.044, 1.327e-4
-1.045, 1.327e-4
-1.046, 1.327e-4
-1.047, 1.327e-4
-1.048, 1.327e-4
-1.049, 1.327e-4
-1.050, 1.327e-4
-1.051, 1.327e-4
-1.052, 1.327e-4
-1.053, 1.327e-4
-1.054, 1.327e-4
-1.055, 1.327e-4
-1.056, 1.327e-4
-1.057, 1.358e-4
-1.058, 1.327e-4
-1.059, 1.327e-4
-1.060, 1.327e-4
-1.061, 1.327e-4
-1.062, 1.327e-4
-1.063, 1.327e-4
-1.064, 1.327e-4
-1.065, 1.358e-4
-1.066, 1.327e-4
-1.067, 1.327e-4
-1.068, 1.327e-4
-1.069, 1.358e-4
-1.070, 1.358e-4
-1.071, 1.358e-4
-1.072, 1.327e-4
-1.073, 1.327e-4
-1.074, 1.358e-4
-1.075, 1.358e-4
-1.076, 1.358e-4
-1.077, 1.358e-4
-1.078, 1.358e-4
-1.079, 1.358e-4
-1.080, 1.327e-4
-1.081, 1.358e-4
-1.082, 1.358e-4
-1.083, 1.358e-4
-1.084, 1.358e-4
-1.085, 1.358e-4
-1.086, 1.358e-4
-1.087, 1.358e-4
-1.088, 1.358e-4
-1.089, 1.358e-4
-1.090, 1.358e-4
-1.091, 1.358e-4
-1.092, 1.358e-4
-1.093, 1.358e-4
-1.094, 1.358e-4
-1.095, 1.358e-4
-1.096, 1.358e-4
-1.097, 1.358e-4
-1.098, 1.358e-4
-1.099, 1.358e-4
-1.100, 1.358e-4
-1.101, 1.389e-4
-1.102, 1.389e-4
-1.103, 1.389e-4
-1.104, 1.358e-4
-1.105, 1.389e-4
-1.106, 1.358e-4
-1.107, 1.358e-4
-1.108, 1.389e-4
-1.109, 1.358e-4
-1.110, 1.358e-4
-1.111, 1.358e-4
-1.112, 1.358e-4
-1.113, 1.358e-4
-1.114, 1.389e-4
-1.115, 1.358e-4
-1.116, 1.389e-4
-1.117, 1.389e-4
-1.118, 1.389e-4
-1.119, 1.389e-4
-1.120, 1.389e-4
-1.121, 1.389e-4
-1.122, 1.389e-4
-1.123, 1.389e-4
-1.124, 1.389e-4
-1.125, 1.358e-4
-1.126, 1.389e-4
-1.127, 1.389e-4
-1.128, 1.358e-4
-1.129, 1.389e-4
-1.130, 1.389e-4
-1.131, 1.389e-4
-1.132, 1.389e-4
-1.133, 1.389e-4
-1.134, 1.389e-4
-1.135, 1.389e-4
-1.136, 1.389e-4
-1.137, 1.389e-4
-1.138, 1.389e-4
-1.139, 1.389e-4
-1.140, 1.389e-4
-1.141, 1.389e-4
-1.142, 1.389e-4
-1.143, 1.420e-4
-1.144, 1.389e-4
-1.145, 1.389e-4
-1.146, 1.389e-4
-1.147, 1.420e-4
-1.148, 1.420e-4
-1.149, 1.389e-4
-1.150, 1.420e-4
-1.151, 1.420e-4
-1.152, 1.420e-4
-1.153, 1.420e-4
-1.154, 1.420e-4
-1.155, 1.420e-4
-1.156, 1.420e-4
-1.157, 1.451e-4
-1.158, 1.451e-4
-1.159, 1.420e-4
-1.160, 1.420e-4
-1.161, 1.420e-4
-1.162, 1.451e-4
-1.163, 1.451e-4
-1.164, 1.451e-4
-1.165, 1.451e-4
-1.166, 1.451e-4
-1.167, 1.451e-4
-1.168, 1.481e-4
-1.169, 1.481e-4
-1.170, 1.481e-4
-1.171, 1.451e-4
-1.172, 1.451e-4
-1.173, 1.451e-4
-1.174, 1.481e-4
-1.175, 1.481e-4
-1.176, 1.481e-4
-1.177, 1.481e-4
-1.178, 1.481e-4
-1.179, 1.451e-4
-1.180, 1.481e-4
-1.181, 1.481e-4
-1.182, 1.481e-4
-1.183, 1.512e-4
-1.184, 1.512e-4
-1.185, 1.512e-4
-1.186, 1.512e-4
-1.187, 1.512e-4
-1.188, 1.512e-4
-1.189, 1.543e-4
-1.190, 1.543e-4
-1.191, 1.543e-4
-1.192, 1.543e-4
-1.193, 1.543e-4
-1.194, 1.543e-4
-1.195, 1.543e-4
-1.196, 1.543e-4
-1.197, 1.574e-4
-1.198, 1.574e-4
-1.199, 1.543e-4
-1.200, 1.574e-4
-1.201, 1.605e-4
-1.202, 1.605e-4
-1.203, 1.605e-4
-1.204, 1.636e-4
-1.205, 1.605e-4
-1.206, 1.636e-4
-1.207, 1.636e-4
-1.208, 1.636e-4
-1.209, 1.636e-4
-1.210, 1.636e-4
-1.211, 1.636e-4
-1.212, 1.636e-4
-1.213, 1.636e-4
-1.214, 1.666e-4
-1.215, 1.666e-4
-1.216, 1.666e-4
-1.217, 1.697e-4
-1.218, 1.697e-4
-1.219, 1.697e-4
-1.220, 1.728e-4
-1.221, 1.728e-4
-1.222, 1.728e-4
-1.223, 1.728e-4
-1.224, 1.759e-4
-1.225, 1.728e-4
-1.226, 1.759e-4
-1.227, 1.759e-4
-1.228, 1.790e-4
-1.229, 1.821e-4
-1.230, 1.821e-4
-1.231, 1.821e-4
-1.232, 1.821e-4
-1.233, 1.851e-4
-1.234, 1.851e-4
-1.235, 1.851e-4
-1.236, 1.882e-4
-1.237, 1.882e-4
-1.238, 1.882e-4
-1.239, 1.913e-4
-1.240, 1.913e-4
-1.241, 1.944e-4
-1.242, 1.944e-4
-1.243, 1.975e-4
-1.244, 1.975e-4
-1.245, 1.975e-4
-1.246, 1.975e-4
-1.247, 2.006e-4
-1.248, 2.036e-4
-1.249, 2.067e-4
-1.250, 2.067e-4
-1.251, 2.098e-4
-1.252, 2.098e-4
-1.253, 2.129e-4
-1.254, 2.129e-4
-1.255, 2.160e-4
-1.256, 2.191e-4
-1.257, 2.191e-4
-1.258, 2.221e-4
-1.259, 2.221e-4
-1.260, 2.252e-4
-1.261, 2.252e-4
-1.262, 2.283e-4
-1.263, 2.314e-4
-1.264, 2.314e-4
-1.265, 2.345e-4
-1.266, 2.345e-4
-1.267, 2.406e-4
-1.268, 2.406e-4
-1.269, 2.437e-4
-1.270, 2.468e-4
-1.271, 2.468e-4
-1.272, 2.499e-4
-1.273, 2.561e-4
-1.274, 2.561e-4
-1.275, 2.591e-4
-1.276, 2.622e-4
-1.277, 2.653e-4
-1.278, 2.684e-4
-1.279, 2.684e-4
-1.280, 2.715e-4
-1.281, 2.746e-4
-1.282, 2.776e-4
-1.283, 2.807e-4
-1.284, 2.838e-4
-1.285, 2.869e-4
-1.286, 2.900e-4
-1.287, 2.961e-4
-1.288, 2.961e-4
-1.289, 3.023e-4
-1.290, 3.054e-4
-1.291, 3.085e-4
-1.292, 3.115e-4
-1.293, 3.115e-4
-1.294, 3.177e-4
-1.295, 3.208e-4
-1.296, 3.239e-4
-1.297, 3.300e-4
-1.298, 3.300e-4
-1.299, 3.362e-4
-1.300, 3.393e-4
-1.301, 3.424e-4
-1.302, 3.516e-4
-1.303, 3.547e-4
-1.304, 3.578e-4
-1.305, 3.609e-4
-1.306, 3.670e-4
-1.307, 3.701e-4
-1.308, 3.763e-4
-1.309, 3.794e-4
-1.310, 3.825e-4
-1.311, 3.855e-4
-1.312, 3.917e-4
-1.313, 3.948e-4
-1.314, 4.010e-4
-1.315, 4.071e-4
-1.316, 4.133e-4
-1.317, 4.164e-4
-1.318, 4.225e-4
-1.319, 4.256e-4
-1.320, 4.318e-4
-1.321, 4.380e-4
-1.322, 4.410e-4
-1.323, 4.441e-4
-1.324, 4.534e-4
-1.325, 4.565e-4
-1.326, 4.626e-4
-1.327, 4.688e-4
-1.328, 4.780e-4
-1.329, 4.811e-4
-1.330, 4.904e-4
-1.331, 4.935e-4
-1.332, 4.996e-4
-1.333, 5.058e-4
-1.334, 5.120e-4
-1.335, 5.181e-4
-1.336, 5.243e-4
-1.337, 5.335e-4
-1.338, 5.397e-4
-1.339, 5.459e-4
-1.340, 5.520e-4
-1.341, 5.582e-4
-1.342, 5.644e-4
-1.343, 5.705e-4
-1.344, 5.798e-4
-1.345, 5.859e-4
-1.346, 5.921e-4
-1.347, 5.983e-4
-1.348, 6.075e-4
-1.349, 6.137e-4
-1.350, 6.229e-4
-1.351, 6.291e-4
-1.352, 6.353e-4
-1.353, 6.445e-4
-1.354, 6.507e-4
-1.355, 6.599e-4
-1.356, 6.692e-4
-1.357, 6.754e-4
-1.358, 6.815e-4
-1.359, 6.908e-4
-1.360, 7.000e-4
-1.361, 7.062e-4
-1.362, 7.154e-4
-1.363, 7.247e-4
-1.364, 7.339e-4
-1.365, 7.401e-4
-1.366, 7.494e-4
-1.367, 7.586e-4
-1.368, 7.648e-4
-1.369, 7.771e-4
-1.370, 7.863e-4
-1.371, 7.925e-4
-1.372, 8.018e-4
-1.373, 8.079e-4
-1.374, 8.203e-4
-1.375, 8.295e-4
-1.376, 8.388e-4
-1.377, 8.480e-4
-1.378, 8.573e-4
-1.379, 8.634e-4
-1.380, 8.727e-4
-1.381, 8.819e-4
-1.382, 8.943e-4
-1.383, 9.035e-4
-1.384, 9.128e-4
-1.385, 9.220e-4
-1.386, 9.313e-4
-1.387, 9.374e-4
-1.388, 9.498e-4
-1.389, 9.590e-4
-1.390, 9.683e-4
-1.391, 9.775e-4
-1.392, 9.868e-4
-1.393, 9.960e-4
-1.394, 1.005e-3
-1.395, 1.014e-3
-1.396, 1.024e-3
-1.397, 1.030e-3
-1.398, 1.042e-3
-1.399, 1.051e-3
-1.400, 1.061e-3
-1.401, 1.070e-3
-1.402, 1.079e-3
-1.403, 1.088e-3
-1.404, 1.098e-3
-1.405, 1.107e-3
-1.406, 1.116e-3
-1.407, 1.125e-3
-1.408, 1.135e-3
-1.409, 1.144e-3
-1.410, 1.153e-3
-1.411, 1.162e-3
-1.412, 1.175e-3
-1.413, 1.181e-3
-1.414, 1.190e-3
-1.415, 1.199e-3
-1.416, 1.209e-3
-1.417, 1.218e-3
-1.418, 1.227e-3
-1.419, 1.233e-3
-1.420, 1.243e-3
-1.421, 1.255e-3
-1.422, 1.264e-3
-1.423, 1.273e-3
-1.424, 1.280e-3
-1.425, 1.292e-3
-1.426, 1.298e-3
-1.427, 1.307e-3
-1.428, 1.320e-3
-1.429, 1.326e-3
-1.430, 1.338e-3
-1.431, 1.344e-3
-1.432, 1.354e-3
-1.433, 1.363e-3
-1.434, 1.372e-3
-1.435, 1.381e-3
-1.436, 1.391e-3
-1.437, 1.400e-3
-1.438, 1.409e-3
-1.439, 1.415e-3
-1.440, 1.425e-3
-1.441, 1.434e-3
-1.442, 1.443e-3
-1.443, 1.452e-3
-1.444, 1.462e-3
-1.445, 1.468e-3
-1.446, 1.480e-3
-1.447, 1.489e-3
-1.448, 1.495e-3
-1.449, 1.508e-3
-1.450, 1.517e-3
-1.451, 1.523e-3
-1.452, 1.532e-3
-1.453, 1.542e-3
-1.454, 1.551e-3
-1.455, 1.560e-3
-1.456, 1.569e-3
-1.457, 1.579e-3
-1.458, 1.591e-3
-1.459, 1.597e-3
-1.460, 1.610e-3
-1.461, 1.619e-3
-1.462, 1.628e-3
-1.463, 1.637e-3
-1.464, 1.647e-3
-1.465, 1.659e-3
-1.466, 1.668e-3
-1.467, 1.677e-3
-1.468, 1.687e-3
-1.469, 1.696e-3
-1.470, 1.705e-3
-1.471, 1.717e-3
-1.472, 1.727e-3
-1.473, 1.739e-3
-1.474, 1.748e-3
-1.475, 1.758e-3
-1.476, 1.767e-3
-1.477, 1.779e-3
-1.478, 1.788e-3
-1.479, 1.798e-3
-1.480, 1.810e-3
-1.481, 1.822e-3
-1.482, 1.832e-3
-1.483, 1.844e-3
-1.484, 1.853e-3
-1.485, 1.865e-3
-1.486, 1.875e-3
-1.487, 1.887e-3
-1.488, 1.899e-3
-1.489, 1.912e-3
-1.490, 1.924e-3
-1.491, 1.933e-3
-1.492, 1.946e-3
-1.493, 1.955e-3
-1.494, 1.967e-3
-1.495, 1.980e-3
-1.496, 1.992e-3
-1.497, 2.004e-3
-1.498, 2.013e-3
-1.499, 2.026e-3
-1.500, 2.038e-3
-1.501, 2.050e-3
-1.502, 2.063e-3
-1.503, 2.075e-3
-1.504, 2.084e-3
-1.505, 2.100e-3
-1.506, 2.109e-3
-1.507, 2.124e-3
-1.508, 2.137e-3
-1.509, 2.152e-3
-1.510, 2.164e-3
-1.511, 2.177e-3
-1.512, 2.189e-3
-1.513, 2.201e-3
-1.514, 2.217e-3
-1.515, 2.229e-3
-1.516, 2.245e-3
-1.517, 2.257e-3
-1.518, 2.272e-3
-1.519, 2.285e-3
-1.520, 2.300e-3
-1.521, 2.316e-3
-1.522, 2.328e-3
-1.523, 2.343e-3
-1.524, 2.359e-3
-1.525, 2.371e-3
-1.526, 2.386e-3
-1.527, 2.402e-3
-1.528, 2.417e-3
-1.529, 2.436e-3
-1.530, 2.448e-3
-1.531, 2.464e-3
-1.532, 2.479e-3
-1.533, 2.494e-3
-1.534, 2.510e-3
-1.535, 2.525e-3
-1.536, 2.544e-3
-1.537, 2.559e-3
-1.538, 2.575e-3
-1.539, 2.590e-3
-1.540, 2.605e-3
-1.541, 2.621e-3
-1.542, 2.639e-3
-1.543, 2.658e-3
-1.544, 2.673e-3
-1.545, 2.692e-3
-1.546, 2.707e-3
-1.547, 2.729e-3
-1.548, 2.747e-3
-1.549, 2.763e-3
-1.550, 2.781e-3
-1.551, 2.800e-3
-1.552, 2.815e-3
-1.553, 2.834e-3
-1.554, 2.852e-3
-1.555, 2.874e-3
-1.556, 2.895e-3
-1.557, 2.914e-3
-1.558, 2.932e-3
-1.559, 2.954e-3
-1.560, 2.972e-3
-1.561, 2.991e-3
-1.562, 3.012e-3
-1.563, 3.034e-3
-1.564, 3.056e-3
-1.565, 3.074e-3
-1.566, 3.096e-3
-1.567, 3.117e-3
-1.568, 3.139e-3
-1.569, 3.163e-3
-1.570, 3.185e-3
-1.571, 3.210e-3
-1.572, 3.231e-3
-1.573, 3.253e-3
-1.574, 3.278e-3
-1.575, 3.302e-3
-1.576, 3.321e-3
-1.577, 3.345e-3
-1.578, 3.370e-3
-1.579, 3.398e-3
-1.580, 3.422e-3
-1.581, 3.447e-3
-1.582, 3.472e-3
-1.583, 3.496e-3
-1.584, 3.521e-3
-1.585, 3.549e-3
-1.586, 3.577e-3
-1.587, 3.601e-3
-1.588, 3.629e-3
-1.589, 3.657e-3
-1.590, 3.684e-3
-1.591, 3.712e-3
-1.592, 3.740e-3
-1.593, 3.771e-3
-1.594, 3.799e-3
-1.595, 3.829e-3
-1.596, 3.860e-3
-1.597, 3.888e-3
-1.598, 3.916e-3
-1.599, 3.947e-3
-1.600, 3.977e-3
-1.601, 4.011e-3
-1.602, 4.042e-3
-1.603, 4.076e-3
-1.604, 4.107e-3
-1.605, 4.141e-3
-1.606, 4.172e-3
-1.607, 4.206e-3
-1.608, 4.239e-3
-1.609, 4.273e-3
-1.610, 4.307e-3
-1.611, 4.341e-3
-1.612, 4.372e-3
-1.613, 4.406e-3
-1.614, 4.443e-3
-1.615, 4.480e-3
-1.616, 4.517e-3
-1.617, 4.554e-3
-1.618, 4.591e-3
-1.619, 4.628e-3
-1.620, 4.665e-3
-1.621, 4.708e-3
-1.622, 4.745e-3
-1.623, 4.782e-3
-1.624, 4.822e-3
-1.625, 4.862e-3
-1.626, 4.902e-3
-1.627, 4.945e-3
-1.628, 4.989e-3
-1.629, 5.032e-3
-1.630, 5.075e-3
-1.631, 5.112e-3
-1.632, 5.152e-3
-1.633, 5.192e-3
-1.634, 5.235e-3
-1.635, 5.282e-3
-1.636, 5.331e-3
-1.637, 5.380e-3
-1.638, 5.430e-3
-1.639, 5.476e-3
-1.640, 5.519e-3
-1.641, 5.565e-3
-1.642, 5.611e-3
-1.643, 5.658e-3
-1.644, 5.704e-3
-1.645, 5.756e-3
-1.646, 5.806e-3
-1.647, 5.858e-3
-1.648, 5.907e-3
-1.649, 5.957e-3
-1.650, 6.006e-3
-1.651, 6.055e-3
-1.652, 6.108e-3
-1.653, 6.160e-3
-1.654, 6.216e-3
-1.655, 6.271e-3
-1.656, 6.321e-3
-1.657, 6.376e-3
-1.658, 6.432e-3
-1.659, 6.484e-3
-1.660, 6.539e-3
-1.661, 6.595e-3
-1.662, 6.654e-3
-1.663, 6.712e-3
-1.664, 6.768e-3
-1.665, 6.829e-3
-1.666, 6.888e-3
-1.667, 6.943e-3
-1.668, 7.002e-3
-1.669, 7.064e-3
-1.670, 7.125e-3
-1.671, 7.190e-3
-1.672, 7.255e-3
-1.673, 7.319e-3
-1.674, 7.378e-3
-1.675, 7.434e-3
-1.676, 7.495e-3
-1.677, 7.557e-3
-1.678, 7.625e-3
-1.679, 7.689e-3
-1.680, 7.757e-3
-1.681, 7.825e-3
-1.682, 7.893e-3
-1.683, 7.961e-3
-1.684, 8.032e-3
-1.685, 8.096e-3
-1.686, 8.161e-3
-1.687, 8.229e-3
-1.688, 8.300e-3
-1.689, 8.371e-3
-1.690, 8.445e-3
-1.691, 8.519e-3
-1.692, 8.590e-3
-1.693, 8.661e-3
-1.694, 8.735e-3
-1.695, 8.809e-3
-1.696, 8.876e-3
-1.697, 8.947e-3
-1.698, 9.018e-3
-1.699, 9.092e-3
-1.700, 9.086e-3
-1.699, 8.994e-3
-1.698, 8.923e-3
-1.697, 8.849e-3
-1.696, 8.775e-3
-1.695, 8.701e-3
-1.694, 8.633e-3
-1.693, 8.562e-3
-1.692, 8.494e-3
-1.691, 8.426e-3
-1.690, 8.349e-3
-1.689, 8.275e-3
-1.688, 8.204e-3
-1.687, 8.133e-3
-1.686, 8.062e-3
-1.685, 7.992e-3
-1.684, 7.921e-3
-1.683, 7.853e-3
-1.682, 7.785e-3
-1.681, 7.720e-3
-1.680, 7.659e-3
-1.679, 7.594e-3
-1.678, 7.529e-3
-1.677, 7.461e-3
-1.676, 7.393e-3
-1.675, 7.329e-3
-1.674, 7.264e-3
-1.673, 7.196e-3
-1.672, 7.131e-3
-1.671, 7.067e-3
-1.670, 7.002e-3
-1.669, 6.940e-3
-1.668, 6.879e-3
-1.667, 6.817e-3
-1.666, 6.752e-3
-1.665, 6.691e-3
-1.664, 6.626e-3
-1.663, 6.561e-3
-1.662, 6.499e-3
-1.661, 6.438e-3
-1.660, 6.376e-3
-1.659, 6.311e-3
-1.658, 6.253e-3
-1.657, 6.194e-3
-1.656, 6.136e-3
-1.655, 6.077e-3
-1.654, 6.018e-3
-1.653, 5.957e-3
-1.652, 5.895e-3
-1.651, 5.836e-3
-1.650, 5.781e-3
-1.649, 5.725e-3
-1.648, 5.670e-3
-1.647, 5.618e-3
-1.646, 5.562e-3
-1.645, 5.507e-3
-1.644, 5.451e-3
-1.643, 5.399e-3
-1.642, 5.343e-3
-1.641, 5.288e-3
-1.640, 5.238e-3
-1.639, 5.183e-3
-1.638, 5.134e-3
-1.637, 5.084e-3
-1.636, 5.032e-3
-1.635, 4.979e-3
-1.634, 4.930e-3
-1.633, 4.881e-3
-1.632, 4.834e-3
-1.631, 4.785e-3
-1.630, 4.736e-3
-1.629, 4.686e-3
-1.628, 4.637e-3
-1.627, 4.591e-3
-1.626, 4.545e-3
-1.625, 4.498e-3
-1.624, 4.452e-3
-1.623, 4.406e-3
-1.622, 4.363e-3
-1.621, 4.317e-3
-1.620, 4.273e-3
-1.619, 4.230e-3
-1.618, 4.184e-3
-1.617, 4.141e-3
-1.616, 4.098e-3
-1.615, 4.048e-3
-1.614, 4.005e-3
-1.613, 3.968e-3
-1.612, 3.928e-3
-1.611, 3.888e-3
-1.610, 3.848e-3
-1.609, 3.808e-3
-1.608, 3.768e-3
-1.607, 3.725e-3
-1.606, 3.684e-3
-1.605, 3.641e-3
-1.604, 3.607e-3
-1.603, 3.577e-3
-1.602, 3.543e-3
-1.601, 3.506e-3
-1.600, 3.469e-3
-1.599, 3.429e-3
-1.598, 3.398e-3
-1.597, 3.361e-3
-1.596, 3.324e-3
-1.595, 3.290e-3
-1.594, 3.259e-3
-1.593, 3.228e-3
-1.592, 3.197e-3
-1.591, 3.167e-3
-1.590, 3.133e-3
-1.589, 3.099e-3
-1.588, 3.062e-3
-1.587, 3.028e-3
-1.586, 2.994e-3
-1.585, 2.963e-3
-1.584, 2.935e-3
-1.583, 2.904e-3
-1.582, 2.871e-3
-1.581, 2.843e-3
-1.580, 2.812e-3
-1.579, 2.781e-3
-1.578, 2.756e-3
-1.577, 2.726e-3
-1.576, 2.698e-3
-1.575, 2.667e-3
-1.574, 2.636e-3
-1.573, 2.612e-3
-1.572, 2.587e-3
-1.571, 2.562e-3
-1.570, 2.534e-3
-1.569, 2.510e-3
-1.568, 2.482e-3
-1.567, 2.457e-3
-1.566, 2.430e-3
-1.565, 2.405e-3
-1.564, 2.380e-3
-1.563, 2.356e-3
-1.562, 2.334e-3
-1.561, 2.309e-3
-1.560, 2.285e-3
-1.559, 2.260e-3
-1.558, 2.235e-3
-1.557, 2.214e-3
-1.556, 2.189e-3
-1.555, 2.171e-3
-1.554, 2.146e-3
-1.553, 2.121e-3
-1.552, 2.100e-3
-1.551, 2.084e-3
-1.550, 2.063e-3
-1.549, 2.041e-3
-1.548, 2.017e-3
-1.547, 1.995e-3
-1.546, 1.976e-3
-1.545, 1.958e-3
-1.544, 1.939e-3
-1.543, 1.924e-3
-1.542, 1.906e-3
-1.541, 1.890e-3
-1.540, 1.875e-3
-1.539, 1.856e-3
-1.538, 1.835e-3
-1.537, 1.816e-3
-1.536, 1.795e-3
-1.535, 1.779e-3
-1.534, 1.761e-3
-1.533, 1.742e-3
-1.532, 1.724e-3
-1.531, 1.708e-3
-1.530, 1.696e-3
-1.529, 1.680e-3
-1.528, 1.665e-3
-1.527, 1.653e-3
-1.526, 1.637e-3
-1.525, 1.616e-3
-1.524, 1.597e-3
-1.523, 1.579e-3
-1.522, 1.563e-3
-1.521, 1.551e-3
-1.520, 1.539e-3
-1.519, 1.523e-3
-1.518, 1.508e-3
-1.517, 1.495e-3
-1.516, 1.480e-3
-1.515, 1.468e-3
-1.514, 1.449e-3
-1.513, 1.437e-3
-1.512, 1.418e-3
-1.511, 1.403e-3
-1.510, 1.391e-3
-1.509, 1.381e-3
-1.508, 1.366e-3
-1.507, 1.354e-3
-1.506, 1.344e-3
-1.505, 1.332e-3
-1.504, 1.320e-3
-1.503, 1.310e-3
-1.502, 1.295e-3
-1.501, 1.283e-3
-1.500, 1.270e-3
-1.499, 1.261e-3
-1.498, 1.249e-3
-1.497, 1.236e-3
-1.496, 1.224e-3
-1.495, 1.212e-3
-1.494, 1.203e-3
-1.493, 1.190e-3
-1.492, 1.178e-3
-1.491, 1.166e-3
-1.490, 1.156e-3
-1.489, 1.147e-3
-1.488, 1.135e-3
-1.487, 1.122e-3
-1.486, 1.113e-3
-1.485, 1.104e-3
-1.484, 1.092e-3
-1.483, 1.082e-3
-1.482, 1.073e-3
-1.481, 1.061e-3
-1.480, 1.051e-3
-1.479, 1.039e-3
-1.478, 1.030e-3
-1.477, 1.021e-3
-1.476, 1.011e-3
-1.475, 1.002e-3
-1.474, 9.929e-4
-1.473, 9.837e-4
-1.472, 9.744e-4
-1.471, 9.652e-4
-1.470, 9.528e-4
-1.469, 9.467e-4
-1.468, 9.374e-4
-1.467, 9.282e-4
-1.466, 9.189e-4
-1.465, 9.097e-4
-1.464, 9.035e-4
-1.463, 8.912e-4
-1.462, 8.850e-4
-1.461, 8.758e-4
-1.460, 8.665e-4
-1.459, 8.573e-4
-1.458, 8.480e-4
-1.457, 8.418e-4
-1.456, 8.326e-4
-1.455, 8.233e-4
-1.454, 8.141e-4
-1.453, 8.079e-4
-1.452, 7.987e-4
-1.451, 7.894e-4
-1.450, 7.833e-4
-1.449, 7.740e-4
-1.448, 7.648e-4
-1.447, 7.586e-4
-1.446, 7.494e-4
-1.445, 7.432e-4
-1.444, 7.339e-4
-1.443, 7.278e-4
-1.442, 7.185e-4
-1.441, 7.124e-4
-1.440, 7.031e-4
-1.439, 6.969e-4
-1.438, 6.877e-4
-1.437, 6.815e-4
-1.436, 6.723e-4
-1.435, 6.661e-4
-1.434, 6.569e-4
-1.433, 6.507e-4
-1.432, 6.445e-4
-1.431, 6.384e-4
-1.430, 6.322e-4
-1.429, 6.229e-4
-1.428, 6.168e-4
-1.427, 6.075e-4
-1.426, 6.014e-4
-1.425, 5.952e-4
-1.424, 5.890e-4
-1.423, 5.829e-4
-1.422, 5.736e-4
-1.421, 5.674e-4
-1.420, 5.613e-4
-1.419, 5.520e-4
-1.418, 5.489e-4
-1.417, 5.397e-4
-1.416, 5.366e-4
-1.415, 5.274e-4
-1.414, 5.212e-4
-1.413, 5.150e-4
-1.412, 5.089e-4
-1.411, 4.996e-4
-1.410, 4.965e-4
-1.409, 4.873e-4
-1.408, 4.811e-4
-1.407, 4.750e-4
-1.406, 4.688e-4
-1.405, 4.626e-4
-1.404, 4.565e-4
-1.403, 4.503e-4
-1.402, 4.441e-4
-1.401, 4.349e-4
-1.400, 4.318e-4
-1.399, 4.256e-4
-1.398, 4.195e-4
-1.397, 4.164e-4
-1.396, 4.071e-4
-1.395, 4.010e-4
-1.394, 3.948e-4
-1.393, 3.886e-4
-1.392, 3.855e-4
-1.391, 3.763e-4
-1.390, 3.732e-4
-1.389, 3.670e-4
-1.388, 3.609e-4
-1.387, 3.547e-4
-1.386, 3.485e-4
-1.385, 3.424e-4
-1.384, 3.393e-4
-1.383, 3.331e-4
-1.382, 3.239e-4
-1.381, 3.177e-4
-1.380, 3.146e-4
-1.379, 3.085e-4
-1.378, 3.023e-4
-1.377, 2.992e-4
-1.376, 2.931e-4
-1.375, 2.869e-4
-1.374, 2.807e-4
-1.373, 2.746e-4
-1.372, 2.715e-4
-1.371, 2.653e-4
-1.370, 2.591e-4
-1.369, 2.530e-4
-1.368, 2.499e-4
-1.367, 2.437e-4
-1.366, 2.376e-4
-1.365, 2.345e-4
-1.364, 2.283e-4
-1.363, 2.221e-4
-1.362, 2.160e-4
-1.361, 2.129e-4
-1.360, 2.098e-4
-1.359, 2.036e-4
-1.358, 1.975e-4
-1.357, 1.944e-4
-1.356, 1.882e-4
-1.355, 1.851e-4
-1.354, 1.790e-4
-1.353, 1.728e-4
-1.352, 1.697e-4
-1.351, 1.636e-4
-1.350, 1.605e-4
-1.349, 1.574e-4
-1.348, 1.512e-4
-1.347, 1.451e-4
-1.346, 1.389e-4
-1.345, 1.358e-4
-1.344, 1.327e-4
-1.343, 1.266e-4
-1.342, 1.235e-4
-1.341, 1.173e-4
-1.340, 1.142e-4
-1.339, 1.111e-4
-1.338, 1.050e-4
-1.337, 1.019e-4
-1.336, 9.882e-5
-1.335, 9.265e-5
-1.334, 8.957e-5
-1.333, 8.648e-5
-1.332, 8.032e-5
-1.331, 7.723e-5
-1.330, 7.415e-5
-1.329, 6.798e-5
-1.328, 6.490e-5
-1.327, 5.873e-5
-1.326, 5.565e-5
-1.325, 5.257e-5
-1.324, 4.949e-5
-1.323, 4.640e-5
-1.322, 4.024e-5
-1.321, 3.715e-5
-1.320, 3.407e-5
-1.319, 2.790e-5
-1.318, 2.482e-5
-1.317, 2.174e-5
-1.316, 1.557e-5
-1.315, 1.249e-5
-1.314, 9.405e-6
-1.313, 6.322e-6
-1.312, 3.239e-6
-1.311, 1.559e-7
-1.310, -2.927e-6
-1.309, -6.010e-6
-1.308, -9.093e-6
-1.307, -1.526e-5
-1.306, -1.834e-5
-1.305, -1.834e-5
-1.304, -2.451e-5
-1.303, -2.759e-5
-1.302, -3.068e-5
-1.301, -3.376e-5
-1.300, -3.684e-5
-1.299, -3.992e-5
-1.298, -4.301e-5
-1.297, -4.301e-5
-1.296, -4.917e-5
-1.295, -5.226e-5
-1.294, -5.534e-5
-1.293, -5.842e-5
-1.292, -6.151e-5
-1.291, -6.151e-5
-1.290, -6.459e-5
-1.289, -6.767e-5
-1.288, -7.076e-5
-1.287, -7.384e-5
-1.286, -7.692e-5
-1.285, -8.000e-5
-1.284, -8.309e-5
-1.283, -8.309e-5
-1.282, -8.617e-5
-1.281, -8.925e-5
-1.280, -9.542e-5
-1.279, -9.542e-5
-1.278, -9.542e-5
-1.277, -9.850e-5
-1.276, -1.016e-4
-1.275, -1.047e-4
-1.274, -1.047e-4
-1.273, -1.108e-4
-1.272, -1.108e-4
-1.271, -1.139e-4
-1.270, -1.139e-4
-1.269, -1.170e-4
-1.268, -1.201e-4
-1.267, -1.232e-4
-1.266, -1.232e-4
-1.265, -1.263e-4
-1.264, -1.293e-4
-1.263, -1.293e-4
-1.262, -1.324e-4
-1.261, -1.355e-4
-1.260, -1.355e-4
-1.259, -1.386e-4
-1.258, -1.417e-4
-1.257, -1.417e-4
-1.256, -1.417e-4
-1.255, -1.478e-4
-1.254, -1.478e-4
-1.253, -1.478e-4
-1.252, -1.509e-4
-1.251, -1.509e-4
-1.250, -1.509e-4
-1.249, -1.571e-4
-1.248, -1.571e-4
-1.247, -1.602e-4
-1.246, -1.602e-4
-1.245, -1.602e-4
-1.244, -1.632e-4
-1.243, -1.632e-4
-1.242, -1.663e-4
-1.241, -1.694e-4
-1.240, -1.694e-4
-1.239, -1.694e-4
-1.238, -1.694e-4
-1.237, -1.725e-4
-1.236, -1.756e-4
-1.235, -1.756e-4
-1.234, -1.756e-4
-1.233, -1.787e-4
-1.232, -1.787e-4
-1.231, -1.787e-4
-1.230, -1.817e-4
-1.229, -1.848e-4
-1.228, -1.848e-4
-1.227, -1.848e-4
-1.226, -1.848e-4
-1.225, -1.879e-4
-1.224, -1.879e-4
-1.223, -1.879e-4
-1.222, -1.910e-4
-1.221, -1.910e-4
-1.220, -1.910e-4
-1.219, -1.941e-4
-1.218, -1.910e-4
-1.217, -1.941e-4
-1.216, -1.941e-4
-1.215, -1.972e-4
-1.214, -1.972e-4
-1.213, -1.972e-4
-1.212, -1.972e-4
-1.211, -1.972e-4
-1.210, -2.002e-4
-1.209, -2.002e-4
-1.208, -2.033e-4
-1.207, -2.033e-4
-1.206, -2.033e-4
-1.205, -2.033e-4
-1.204, -2.033e-4
-1.203, -2.064e-4
-1.202, -2.064e-4
-1.201, -2.064e-4
-1.200, -2.064e-4
-1.199, -2.095e-4
-1.198, -2.064e-4
-1.197, -2.095e-4
-1.196, -2.095e-4
-1.195, -2.095e-4
-1.194, -2.095e-4
-1.193, -2.095e-4
-1.192, -2.095e-4
-1.191, -2.095e-4
-1.190, -2.095e-4
-1.189, -2.126e-4
-1.188, -2.126e-4
-1.187, -2.126e-4
-1.186, -2.126e-4
-1.185, -2.157e-4
-1.184, -2.157e-4
-1.183, -2.157e-4
-1.182, -2.157e-4
-1.181, -2.126e-4
-1.180, -2.157e-4
-1.179, -2.157e-4
-1.178, -2.157e-4
-1.177, -2.157e-4
-1.176, -2.157e-4
-1.175, -2.157e-4
-1.174, -2.157e-4
-1.173, -2.157e-4
-1.172, -2.187e-4
-1.171, -2.157e-4
-1.170, -2.157e-4
-1.169, -2.187e-4
-1.168, -2.187e-4
-1.167, -2.187e-4
-1.166, -2.187e-4
-1.165, -2.157e-4
-1.164, -2.187e-4
-1.163, -2.157e-4
-1.162, -2.187e-4
-1.161, -2.187e-4
-1.160, -2.187e-4
-1.159, -2.187e-4
-1.158, -2.218e-4
-1.157, -2.187e-4
-1.156, -2.187e-4
-1.155, -2.187e-4
-1.154, -2.187e-4
-1.153, -2.187e-4
-1.152, -2.187e-4
-1.151, -2.187e-4
-1.150, -2.187e-4
-1.149, -2.187e-4
-1.148, -2.187e-4
-1.147, -2.187e-4
-1.146, -2.187e-4
-1.145, -2.187e-4
-1.144, -2.187e-4
-1.143, -2.187e-4
-1.142, -2.187e-4
-1.141, -2.187e-4
-1.140, -2.187e-4
-1.139, -2.187e-4
-1.138, -2.187e-4
-1.137, -2.187e-4
-1.136, -2.157e-4
-1.135, -2.187e-4
-1.134, -2.187e-4
-1.133, -2.187e-4
-1.132, -2.187e-4
-1.131, -2.187e-4
-1.130, -2.157e-4
-1.129, -2.187e-4
-1.128, -2.157e-4
-1.127, -2.187e-4
-1.126, -2.187e-4
-1.125, -2.157e-4
-1.124, -2.187e-4
-1.123, -2.187e-4
-1.122, -2.187e-4
-1.121, -2.187e-4
-1.120, -2.157e-4
-1.119, -2.157e-4
-1.118, -2.157e-4
-1.117, -2.157e-4
-1.116, -2.157e-4
-1.115, -2.187e-4
-1.114, -2.187e-4
-1.113, -2.157e-4
-1.112, -2.157e-4
-1.111, -2.157e-4
-1.110, -2.157e-4
-1.109, -2.187e-4
-1.108, -2.157e-4
-1.107, -2.187e-4
-1.106, -2.157e-4
-1.105, -2.157e-4
-1.104, -2.157e-4
-1.103, -2.157e-4
-1.102, -2.157e-4
-1.101, -2.157e-4
-1.100, -2.157e-4
-1.099, -2.157e-4
-1.098, -2.157e-4
-1.097, -2.157e-4
-1.096, -2.157e-4
-1.095, -2.187e-4
-1.094, -2.157e-4
-1.093, -2.157e-4
-1.092, -2.157e-4
-1.091, -2.157e-4
-1.090, -2.157e-4
-1.089, -2.157e-4
-1.088, -2.157e-4
-1.087, -2.157e-4
-1.086, -2.157e-4
-1.085, -2.157e-4
-1.084, -2.157e-4
-1.083, -2.157e-4
-1.082, -2.157e-4
-1.081, -2.157e-4
-1.080, -2.187e-4
-1.079, -2.157e-4
-1.078, -2.157e-4
-1.077, -2.157e-4
-1.076, -2.187e-4
-1.075, -2.187e-4
-1.074, -2.187e-4
-1.073, -2.157e-4
-1.072, -2.157e-4
-1.071, -2.157e-4
-1.070, -2.157e-4
-1.069, -2.187e-4
-1.068, -2.187e-4
-1.067, -2.187e-4
-1.066, -2.187e-4
-1.065, -2.187e-4
-1.064, -2.157e-4
-1.063, -2.187e-4
-1.062, -2.187e-4
-1.061, -2.187e-4
-1.060, -2.187e-4
-1.059, -2.187e-4
-1.058, -2.187e-4
-1.057, -2.187e-4
-1.056, -2.187e-4
-1.055, -2.218e-4
-1.054, -2.218e-4
-1.053, -2.218e-4
-1.052, -2.218e-4
-1.051, -2.187e-4
-1.050, -2.218e-4
-1.049, -2.218e-4
-1.048, -2.218e-4
-1.047, -2.218e-4
-1.046, -2.218e-4
-1.045, -2.218e-4
-1.044, -2.218e-4
-1.043, -2.218e-4
-1.042, -2.218e-4
-1.041, -2.218e-4
-1.040, -2.218e-4
-1.039, -2.218e-4
-1.038, -2.218e-4
-1.037, -2.218e-4
-1.036, -2.218e-4
-1.035, -2.218e-4
-1.034, -2.249e-4
-1.033, -2.249e-4
-1.032, -2.249e-4
-1.031, -2.249e-4
-1.030, -2.249e-4
-1.029, -2.249e-4
-1.028, -2.249e-4
-1.027, -2.280e-4
-1.026, -2.249e-4
-1.025, -2.249e-4
-1.024, -2.249e-4
-1.023, -2.249e-4
-1.022, -2.280e-4
-1.021, -2.249e-4
-1.020, -2.249e-4
-1.019, -2.280e-4
-1.018, -2.280e-4
-1.017, -2.280e-4
-1.016, -2.280e-4
-1.015, -2.280e-4
-1.014, -2.311e-4
-1.013, -2.280e-4
-1.012, -2.311e-4
-1.011, -2.280e-4
-1.010, -2.280e-4
-1.009, -2.311e-4
-1.008, -2.311e-4
-1.007, -2.311e-4
-1.006, -2.311e-4
-1.005, -2.311e-4
-1.004, -2.311e-4
-1.003, -2.311e-4
-1.002, -2.311e-4
-1.001, -2.311e-4
