June 27, 2026   03:58:54
Cyclic Voltammetry
File: c:/users/guazh/data/20260623_doe_duplica2/2026-06-24-exp20\exp20-2026-06-27t03_40_04-arkoh\exp20_cv_sr_100mvs_efin_-1900mv.bin
Data Source:  Experiment
Instrument Model:  CHI760E
Header: CV ran at 100 mVs
Note: 

Init E (V) = -1
High E (V) = -1
Low E (V) = -1.9
Final E (V) = -1
Init P/N = N
Scan Rate (V/s) = 0.1
Segment = 3
Sample Interval (V) = 0.001
Quiet Time (sec) = 2
Sensitivity (A/V) = 0.01
Comp R (ohm) = 2.4

Results:

Channel 1:
Segment 1:

Segment 2:

Segment 3:

Potential/V, Current/A

-1.000, -2.686e-6
-1.001, -2.468e-6
-1.002, -2.449e-6
-1.003, -2.557e-6
-1.004, -2.340e-6
-1.005, -2.271e-6
-1.006, -2.222e-6
-1.007, -2.350e-6
-1.008, -2.301e-6
-1.009, -2.192e-6
-1.010, -2.242e-6
-1.011, -1.965e-6
-1.012, -2.044e-6
-1.013, -2.182e-6
-1.014, -1.985e-6
-1.015, -1.965e-6
-1.016, -1.926e-6
-1.017, -2.044e-6
-1.018, -1.965e-6
-1.019, -1.896e-6
-1.020, -1.926e-6
-1.021, -1.729e-6
-1.022, -1.847e-6
-1.023, -1.886e-6
-1.024, -1.758e-6
-1.025, -1.719e-6
-1.026, -1.590e-6
-1.027, -1.729e-6
-1.028, -1.768e-6
-1.029, -1.630e-6
-1.030, -1.709e-6
-1.031, -1.561e-6
-1.032, -1.600e-6
-1.033, -1.748e-6
-1.034, -1.630e-6
-1.035, -1.689e-6
-1.036, -1.492e-6
-1.037, -1.511e-6
-1.038, -1.551e-6
-1.039, -1.610e-6
-1.040, -1.709e-6
-1.041, -1.393e-6
-1.042, -1.452e-6
-1.043, -1.502e-6
-1.044, -1.521e-6
-1.045, -1.452e-6
-1.046, -1.324e-6
-1.047, -1.521e-6
-1.048, -1.462e-6
-1.049, -1.452e-6
-1.050, -1.393e-6
-1.051, -1.285e-6
-1.052, -1.452e-6
-1.053, -1.403e-6
-1.054, -1.275e-6
-1.055, -1.255e-6
-1.056, -1.196e-6
-1.057, -1.206e-6
-1.058, -1.344e-6
-1.059, -1.334e-6
-1.060, -1.245e-6
-1.061, -1.186e-6
-1.062, -1.265e-6
-1.063, -1.186e-6
-1.064, -1.294e-6
-1.065, -1.265e-6
-1.066, -1.107e-6
-1.067, -1.334e-6
-1.068, -1.225e-6
-1.069, -1.235e-6
-1.070, -1.156e-6
-1.071, -1.107e-6
-1.072, -1.107e-6
-1.073, -1.137e-6
-1.074, -1.186e-6
-1.075, -1.087e-6
-1.076, -1.008e-6
-1.077, -1.058e-6
-1.078, -1.186e-6
-1.079, -1.146e-6
-1.080, -1.008e-6
-1.081, -9.195e-7
-1.082, -8.899e-7
-1.083, -1.117e-6
-1.084, -1.018e-6
-1.085, -1.048e-6
-1.086, -8.504e-7
-1.087, -1.008e-6
-1.088, -8.899e-7
-1.089, -9.590e-7
-1.090, -9.392e-7
-1.091, -9.294e-7
-1.092, -9.787e-7
-1.093, -8.307e-7
-1.094, -8.603e-7
-1.095, -9.195e-7
-1.096, -7.814e-7
-1.097, -9.096e-7
-1.098, -8.603e-7
-1.099, -8.998e-7
-1.100, -9.886e-7
-1.101, -8.406e-7
-1.102, -9.195e-7
-1.103, -8.603e-7
-1.104, -8.110e-7
-1.105, -7.912e-7
-1.106, -7.419e-7
-1.107, -9.984e-7
-1.108, -7.912e-7
-1.109, -8.998e-7
-1.110, -8.208e-7
-1.111, -6.531e-7
-1.112, -7.321e-7
-1.113, -8.011e-7
-1.114, -7.419e-7
-1.115, -6.827e-7
-1.116, -6.531e-7
-1.117, -9.195e-7
-1.118, -7.715e-7
-1.119, -7.222e-7
-1.120, -7.025e-7
-1.121, -6.630e-7
-1.122, -7.518e-7
-1.123, -7.617e-7
-1.124, -6.630e-7
-1.125, -7.617e-7
-1.126, -6.531e-7
-1.127, -5.841e-7
-1.128, -6.531e-7
-1.129, -5.051e-7
-1.130, -5.150e-7
-1.131, -4.755e-7
-1.132, -6.334e-7
-1.133, -6.038e-7
-1.134, -4.854e-7
-1.135, -5.742e-7
-1.136, -3.966e-7
-1.137, -5.347e-7
-1.138, -6.235e-7
-1.139, -4.558e-7
-1.140, -4.854e-7
-1.141, -4.755e-7
-1.142, -5.446e-7
-1.143, -5.545e-7
-1.144, -6.137e-7
-1.145, -5.643e-7
-1.146, -2.782e-7
-1.147, -4.163e-7
-1.148, -5.841e-7
-1.149, -5.347e-7
-1.150, -4.854e-7
-1.151, -3.571e-7
-1.152, -4.459e-7
-1.153, -4.163e-7
-1.154, -3.571e-7
-1.155, -3.078e-7
-1.156, -2.585e-7
-1.157, -3.769e-7
-1.158, -3.769e-7
-1.159, -3.966e-7
-1.160, -3.670e-7
-1.161, -2.486e-7
-1.162, -3.374e-7
-1.163, -3.966e-7
-1.164, -2.190e-7
-1.165, -3.473e-7
-1.166, -2.190e-7
-1.167, -4.361e-7
-1.168, -3.275e-7
-1.169, -2.980e-7
-1.170, -3.275e-7
-1.171, -1.697e-7
-1.172, -2.092e-7
-1.173, -2.486e-7
-1.174, -1.894e-7
-1.175, -2.881e-7
-1.176, -1.697e-7
-1.177, -2.486e-7
-1.178, -2.289e-7
-1.179, -2.190e-7
-1.180, -2.289e-7
-1.181, -1.973e-9
-1.182, -5.130e-8
-1.183, -6.117e-8
-1.184, -6.117e-8
-1.185, -1.796e-7
-1.186, -5.130e-8
-1.187, -3.157e-8
-1.188, -1.204e-7
-1.189, -1.500e-7
-1.190, -1.401e-7
-1.191, -2.171e-8
-1.192, -9.077e-8
-1.193, -9.077e-8
-1.194, -1.105e-7
-1.195, -1.401e-7
-1.196, 6.709e-8
-1.197, 3.749e-8
-1.198, 5.722e-8
-1.199, 5.722e-8
-1.200, 7.893e-9
-1.201, 1.776e-8
-1.202, -7.103e-8
-1.203, -5.130e-8
-1.204, 4.736e-8
-1.205, 1.657e-7
-1.206, 1.953e-7
-1.207, -2.171e-8
-1.208, 4.736e-8
-1.209, 1.776e-8
-1.210, 1.460e-7
-1.211, 1.362e-7
-1.212, 6.709e-8
-1.213, 1.066e-7
-1.214, 1.657e-7
-1.215, 6.709e-8
-1.216, 2.644e-7
-1.217, 2.841e-7
-1.218, 1.657e-7
-1.219, 1.756e-7
-1.220, 2.249e-7
-1.221, 2.052e-7
-1.222, 1.953e-7
-1.223, 1.855e-7
-1.224, 2.841e-7
-1.225, 2.743e-7
-1.226, 3.335e-7
-1.227, 2.743e-7
-1.228, 1.756e-7
-1.229, 4.223e-7
-1.230, 3.729e-7
-1.231, 4.716e-7
-1.232, 2.348e-7
-1.233, 2.940e-7
-1.234, 3.335e-7
-1.235, 3.631e-7
-1.236, 4.815e-7
-1.237, 4.420e-7
-1.238, 4.716e-7
-1.239, 2.940e-7
-1.240, 4.025e-7
-1.241, 5.407e-7
-1.242, 4.617e-7
-1.243, 4.223e-7
-1.244, 4.025e-7
-1.245, 3.729e-7
-1.246, 5.407e-7
-1.247, 3.729e-7
-1.248, 3.236e-7
-1.249, 5.407e-7
-1.250, 3.927e-7
-1.251, 6.393e-7
-1.252, 4.321e-7
-1.253, 3.828e-7
-1.254, 4.815e-7
-1.255, 4.716e-7
-1.256, 5.900e-7
-1.257, 5.407e-7
-1.258, 5.801e-7
-1.259, 5.407e-7
-1.260, 5.998e-7
-1.261, 6.689e-7
-1.262, 6.097e-7
-1.263, 7.084e-7
-1.264, 6.097e-7
-1.265, 5.505e-7
-1.266, 7.380e-7
-1.267, 7.676e-7
-1.268, 5.308e-7
-1.269, 6.196e-7
-1.270, 7.182e-7
-1.271, 7.577e-7
-1.272, 7.182e-7
-1.273, 8.564e-7
-1.274, 7.873e-7
-1.275, 6.393e-7
-1.276, 7.084e-7
-1.277, 6.393e-7
-1.278, 7.380e-7
-1.279, 6.886e-7
-1.280, 9.057e-7
-1.281, 9.748e-7
-1.282, 8.268e-7
-1.283, 8.366e-7
-1.284, 8.662e-7
-1.285, 8.860e-7
-1.286, 9.649e-7
-1.287, 7.774e-7
-1.288, 8.860e-7
-1.289, 8.366e-7
-1.290, 8.268e-7
-1.291, 9.057e-7
-1.292, 9.550e-7
-1.293, 1.054e-6
-1.294, 1.014e-6
-1.295, 8.465e-7
-1.296, 8.958e-7
-1.297, 9.452e-7
-1.298, 1.024e-6
-1.299, 9.945e-7
-1.300, 1.054e-6
-1.301, 1.241e-6
-1.302, 9.353e-7
-1.303, 9.353e-7
-1.304, 9.846e-7
-1.305, 9.649e-7
-1.306, 1.182e-6
-1.307, 1.034e-6
-1.308, 1.142e-6
-1.309, 1.133e-6
-1.310, 1.202e-6
-1.311, 1.251e-6
-1.312, 1.142e-6
-1.313, 1.054e-6
-1.314, 1.113e-6
-1.315, 1.103e-6
-1.316, 1.241e-6
-1.317, 1.123e-6
-1.318, 1.290e-6
-1.319, 1.231e-6
-1.320, 1.162e-6
-1.321, 1.251e-6
-1.322, 1.152e-6
-1.323, 1.290e-6
-1.324, 1.231e-6
-1.325, 1.290e-6
-1.326, 1.330e-6
-1.327, 1.231e-6
-1.328, 1.399e-6
-1.329, 1.221e-6
-1.330, 1.330e-6
-1.331, 1.241e-6
-1.332, 1.488e-6
-1.333, 1.527e-6
-1.334, 1.448e-6
-1.335, 1.429e-6
-1.336, 1.448e-6
-1.337, 1.508e-6
-1.338, 1.409e-6
-1.339, 1.488e-6
-1.340, 1.498e-6
-1.341, 1.626e-6
-1.342, 1.438e-6
-1.343, 1.547e-6
-1.344, 1.586e-6
-1.345, 1.547e-6
-1.346, 1.744e-6
-1.347, 1.734e-6
-1.348, 1.606e-6
-1.349, 1.606e-6
-1.350, 1.695e-6
-1.351, 1.764e-6
-1.352, 1.665e-6
-1.353, 1.675e-6
-1.354, 1.774e-6
-1.355, 1.626e-6
-1.356, 1.863e-6
-1.357, 1.774e-6
-1.358, 1.823e-6
-1.359, 1.784e-6
-1.360, 1.823e-6
-1.361, 1.863e-6
-1.362, 1.813e-6
-1.363, 1.744e-6
-1.364, 1.813e-6
-1.365, 1.902e-6
-1.366, 1.932e-6
-1.367, 2.011e-6
-1.368, 1.971e-6
-1.369, 1.902e-6
-1.370, 1.961e-6
-1.371, 2.159e-6
-1.372, 2.080e-6
-1.373, 2.119e-6
-1.374, 2.090e-6
-1.375, 2.139e-6
-1.376, 2.188e-6
-1.377, 2.198e-6
-1.378, 2.336e-6
-1.379, 2.247e-6
-1.380, 2.257e-6
-1.381, 2.317e-6
-1.382, 2.297e-6
-1.383, 2.307e-6
-1.384, 2.435e-6
-1.385, 2.474e-6
-1.386, 2.553e-6
-1.387, 2.425e-6
-1.388, 2.484e-6
-1.389, 2.494e-6
-1.390, 2.514e-6
-1.391, 2.632e-6
-1.392, 2.603e-6
-1.393, 2.603e-6
-1.394, 2.691e-6
-1.395, 2.682e-6
-1.396, 2.820e-6
-1.397, 2.820e-6
-1.398, 2.731e-6
-1.399, 2.859e-6
-1.400, 2.760e-6
-1.401, 2.938e-6
-1.402, 3.027e-6
-1.403, 3.007e-6
-1.404, 3.017e-6
-1.405, 3.047e-6
-1.406, 3.116e-6
-1.407, 3.017e-6
-1.408, 3.204e-6
-1.409, 3.293e-6
-1.410, 3.392e-6
-1.411, 3.451e-6
-1.412, 3.333e-6
-1.413, 3.402e-6
-1.414, 3.481e-6
-1.415, 3.540e-6
-1.416, 3.609e-6
-1.417, 3.629e-6
-1.418, 3.698e-6
-1.419, 3.678e-6
-1.420, 3.708e-6
-1.421, 3.935e-6
-1.422, 3.935e-6
-1.423, 3.856e-6
-1.424, 3.974e-6
-1.425, 4.023e-6
-1.426, 4.161e-6
-1.427, 4.161e-6
-1.428, 4.240e-6
-1.429, 4.260e-6
-1.430, 4.181e-6
-1.431, 4.408e-6
-1.432, 4.388e-6
-1.433, 4.388e-6
-1.434, 4.674e-6
-1.435, 4.615e-6
-1.436, 4.832e-6
-1.437, 4.783e-6
-1.438, 4.852e-6
-1.439, 4.892e-6
-1.440, 5.049e-6
-1.441, 5.148e-6
-1.442, 5.207e-6
-1.443, 5.247e-6
-1.444, 5.227e-6
-1.445, 5.444e-6
-1.446, 5.474e-6
-1.447, 5.562e-6
-1.448, 5.740e-6
-1.449, 5.681e-6
-1.450, 5.809e-6
-1.451, 5.987e-6
-1.452, 6.026e-6
-1.453, 6.105e-6
-1.454, 6.204e-6
-1.455, 6.194e-6
-1.456, 6.460e-6
-1.457, 6.460e-6
-1.458, 6.450e-6
-1.459, 6.736e-6
-1.460, 6.687e-6
-1.461, 6.796e-6
-1.462, 7.052e-6
-1.463, 6.963e-6
-1.464, 7.180e-6
-1.465, 7.230e-6
-1.466, 7.486e-6
-1.467, 7.516e-6
-1.468, 7.684e-6
-1.469, 7.763e-6
-1.470, 7.960e-6
-1.471, 8.068e-6
-1.472, 8.167e-6
-1.473, 8.276e-6
-1.474, 8.493e-6
-1.475, 8.483e-6
-1.476, 8.660e-6
-1.477, 8.838e-6
-1.478, 8.858e-6
-1.479, 9.134e-6
-1.480, 9.292e-6
-1.481, 9.381e-6
-1.482, 9.568e-6
-1.483, 9.667e-6
-1.484, 9.765e-6
-1.485, 9.992e-6
-1.486, 1.032e-5
-1.487, 1.051e-5
-1.488, 1.056e-5
-1.489, 1.064e-5
-1.490, 1.082e-5
-1.491, 1.097e-5
-1.492, 1.122e-5
-1.493, 1.151e-5
-1.494, 1.168e-5
-1.495, 1.175e-5
-1.496, 1.202e-5
-1.497, 1.218e-5
-1.498, 1.238e-5
-1.499, 1.267e-5
-1.500, 1.294e-5
-1.501, 1.313e-5
-1.502, 1.335e-5
-1.503, 1.352e-5
-1.504, 1.378e-5
-1.505, 1.404e-5
-1.506, 1.430e-5
-1.507, 1.456e-5
-1.508, 1.475e-5
-1.509, 1.484e-5
-1.510, 1.513e-5
-1.511, 1.556e-5
-1.512, 1.573e-5
-1.513, 1.618e-5
-1.514, 1.650e-5
-1.515, 1.653e-5
-1.516, 1.688e-5
-1.517, 1.701e-5
-1.518, 1.725e-5
-1.519, 1.756e-5
-1.520, 1.794e-5
-1.521, 1.833e-5
-1.522, 1.862e-5
-1.523, 1.904e-5
-1.524, 1.943e-5
-1.525, 1.960e-5
-1.526, 2.022e-5
-1.527, 2.051e-5
-1.528, 2.079e-5
-1.529, 2.110e-5
-1.530, 2.153e-5
-1.531, 2.195e-5
-1.532, 2.232e-5
-1.533, 2.256e-5
-1.534, 2.308e-5
-1.535, 2.331e-5
-1.536, 2.392e-5
-1.537, 2.420e-5
-1.538, 2.455e-5
-1.539, 2.503e-5
-1.540, 2.566e-5
-1.541, 2.600e-5
-1.542, 2.644e-5
-1.543, 2.688e-5
-1.544, 2.751e-5
-1.545, 2.809e-5
-1.546, 2.880e-5
-1.547, 2.945e-5
-1.548, 2.971e-5
-1.549, 3.021e-5
-1.550, 3.054e-5
-1.551, 3.124e-5
-1.552, 3.179e-5
-1.553, 3.256e-5
-1.554, 3.306e-5
-1.555, 3.341e-5
-1.556, 3.409e-5
-1.557, 3.434e-5
-1.558, 3.508e-5
-1.559, 3.576e-5
-1.560, 3.625e-5
-1.561, 3.700e-5
-1.562, 3.805e-5
-1.563, 3.882e-5
-1.564, 3.945e-5
-1.565, 4.022e-5
-1.566, 4.112e-5
-1.567, 4.184e-5
-1.568, 4.239e-5
-1.569, 4.319e-5
-1.570, 4.371e-5
-1.571, 4.425e-5
-1.572, 4.500e-5
-1.573, 4.570e-5
-1.574, 4.665e-5
-1.575, 4.756e-5
-1.576, 4.844e-5
-1.577, 4.920e-5
-1.578, 5.041e-5
-1.579, 5.132e-5
-1.580, 5.222e-5
-1.581, 5.282e-5
-1.582, 5.381e-5
-1.583, 5.482e-5
-1.584, 5.597e-5
-1.585, 5.711e-5
-1.586, 5.828e-5
-1.587, 5.964e-5
-1.588, 6.082e-5
-1.589, 6.199e-5
-1.590, 6.340e-5
-1.591, 6.483e-5
-1.592, 6.550e-5
-1.593, 6.640e-5
-1.594, 6.788e-5
-1.595, 6.886e-5
-1.596, 7.047e-5
-1.597, 7.196e-5
-1.598, 7.282e-5
-1.599, 7.435e-5
-1.600, 7.618e-5
-1.601, 7.774e-5
-1.602, 7.950e-5
-1.603, 8.046e-5
-1.604, 8.245e-5
-1.605, 8.382e-5
-1.606, 8.622e-5
-1.607, 8.799e-5
-1.608, 9.005e-5
-1.609, 9.078e-5
-1.610, 9.189e-5
-1.611, 9.405e-5
-1.612, 9.628e-5
-1.613, 9.861e-5
-1.614, 1.009e-4
-1.615, 1.032e-4
-1.616, 1.044e-4
-1.617, 1.065e-4
-1.618, 1.096e-4
-1.619, 1.119e-4
-1.620, 1.132e-4
-1.621, 1.161e-4
-1.622, 1.184e-4
-1.623, 1.218e-4
-1.624, 1.224e-4
-1.625, 1.250e-4
-1.626, 1.282e-4
-1.627, 1.307e-4
-1.628, 1.340e-4
-1.629, 1.373e-4
-1.630, 1.402e-4
-1.631, 1.426e-4
-1.632, 1.449e-4
-1.633, 1.484e-4
-1.634, 1.523e-4
-1.635, 1.556e-4
-1.636, 1.600e-4
-1.637, 1.621e-4
-1.638, 1.675e-4
-1.639, 1.700e-4
-1.640, 1.746e-4
-1.641, 1.778e-4
-1.642, 1.811e-4
-1.643, 1.854e-4
-1.644, 1.903e-4
-1.645, 1.945e-4
-1.646, 1.980e-4
-1.647, 2.035e-4
-1.648, 2.067e-4
-1.649, 2.111e-4
-1.650, 2.160e-4
-1.651, 2.216e-4
-1.652, 2.268e-4
-1.653, 2.311e-4
-1.654, 2.358e-4
-1.655, 2.402e-4
-1.656, 2.459e-4
-1.657, 2.512e-4
-1.658, 2.589e-4
-1.659, 2.648e-4
-1.660, 2.697e-4
-1.661, 2.775e-4
-1.662, 2.831e-4
-1.663, 2.888e-4
-1.664, 2.962e-4
-1.665, 3.024e-4
-1.666, 3.078e-4
-1.667, 3.173e-4
-1.668, 3.244e-4
-1.669, 3.307e-4
-1.670, 3.374e-4
-1.671, 3.463e-4
-1.672, 3.543e-4
-1.673, 3.633e-4
-1.674, 3.719e-4
-1.675, 3.800e-4
-1.676, 3.895e-4
-1.677, 3.963e-4
-1.678, 4.063e-4
-1.679, 4.157e-4
-1.680, 4.254e-4
-1.681, 4.326e-4
-1.682, 4.447e-4
-1.683, 4.548e-4
-1.684, 4.662e-4
-1.685, 4.753e-4
-1.686, 4.893e-4
-1.687, 4.982e-4
-1.688, 5.100e-4
-1.689, 5.204e-4
-1.690, 5.332e-4
-1.691, 5.447e-4
-1.692, 5.568e-4
-1.693, 5.737e-4
-1.694, 5.838e-4
-1.695, 5.964e-4
-1.696, 6.091e-4
-1.697, 6.255e-4
-1.698, 6.356e-4
-1.699, 6.531e-4
-1.700, 6.662e-4
-1.701, 6.835e-4
-1.702, 6.976e-4
-1.703, 7.136e-4
-1.704, 7.304e-4
-1.705, 7.456e-4
-1.706, 7.627e-4
-1.707, 7.764e-4
-1.708, 7.954e-4
-1.709, 8.122e-4
-1.710, 8.298e-4
-1.711, 8.478e-4
-1.712, 8.677e-4
-1.713, 8.846e-4
-1.714, 9.057e-4
-1.715, 9.256e-4
-1.716, 9.465e-4
-1.717, 9.672e-4
-1.718, 9.886e-4
-1.719, 1.008e-3
-1.720, 1.030e-3
-1.721, 1.051e-3
-1.722, 1.075e-3
-1.723, 1.095e-3
-1.724, 1.117e-3
-1.725, 1.139e-3
-1.726, 1.163e-3
-1.727, 1.188e-3
-1.728, 1.210e-3
-1.729, 1.235e-3
-1.730, 1.261e-3
-1.731, 1.285e-3
-1.732, 1.311e-3
-1.733, 1.340e-3
-1.734, 1.366e-3
-1.735, 1.393e-3
-1.736, 1.418e-3
-1.737, 1.450e-3
-1.738, 1.478e-3
-1.739, 1.508e-3
-1.740, 1.538e-3
-1.741, 1.567e-3
-1.742, 1.598e-3
-1.743, 1.629e-3
-1.744, 1.658e-3
-1.745, 1.689e-3
-1.746, 1.723e-3
-1.747, 1.756e-3
-1.748, 1.791e-3
-1.749, 1.822e-3
-1.750, 1.853e-3
-1.751, 1.889e-3
-1.752, 1.920e-3
-1.753, 1.958e-3
-1.754, 1.991e-3
-1.755, 2.026e-3
-1.756, 2.061e-3
-1.757, 2.098e-3
-1.758, 2.134e-3
-1.759, 2.171e-3
-1.760, 2.209e-3
-1.761, 2.244e-3
-1.762, 2.281e-3
-1.763, 2.321e-3
-1.764, 2.358e-3
-1.765, 2.397e-3
-1.766, 2.434e-3
-1.767, 2.474e-3
-1.768, 2.516e-3
-1.769, 2.554e-3
-1.770, 2.593e-3
-1.771, 2.633e-3
-1.772, 2.678e-3
-1.773, 2.720e-3
-1.774, 2.765e-3
-1.775, 2.811e-3
-1.776, 2.849e-3
-1.777, 2.897e-3
-1.778, 2.941e-3
-1.779, 2.983e-3
-1.780, 3.030e-3
-1.781, 3.074e-3
-1.782, 3.119e-3
-1.783, 3.167e-3
-1.784, 3.199e-3
-1.785, 3.248e-3
-1.786, 3.289e-3
-1.787, 3.340e-3
-1.788, 3.387e-3
-1.789, 3.437e-3
-1.790, 3.480e-3
-1.791, 3.533e-3
-1.792, 3.580e-3
-1.793, 3.634e-3
-1.794, 3.681e-3
-1.795, 3.737e-3
-1.796, 3.782e-3
-1.797, 3.834e-3
-1.798, 3.883e-3
-1.799, 3.931e-3
-1.800, 3.979e-3
-1.801, 4.036e-3
-1.802, 4.085e-3
-1.803, 4.134e-3
-1.804, 4.194e-3
-1.805, 4.238e-3
-1.806, 4.292e-3
-1.807, 4.346e-3
-1.808, 4.390e-3
-1.809, 4.447e-3
-1.810, 4.496e-3
-1.811, 4.545e-3
-1.812, 4.603e-3
-1.813, 4.652e-3
-1.814, 4.704e-3
-1.815, 4.765e-3
-1.816, 4.817e-3
-1.817, 4.867e-3
-1.818, 4.931e-3
-1.819, 4.987e-3
-1.820, 5.043e-3
-1.821, 5.098e-3
-1.822, 5.154e-3
-1.823, 5.208e-3
-1.824, 5.264e-3
-1.825, 5.320e-3
-1.826, 5.366e-3
-1.827, 5.425e-3
-1.828, 5.474e-3
-1.829, 5.533e-3
-1.830, 5.582e-3
-1.831, 5.654e-3
-1.832, 5.702e-3
-1.833, 5.762e-3
-1.834, 5.803e-3
-1.835, 5.862e-3
-1.836, 5.922e-3
-1.837, 5.991e-3
-1.838, 6.050e-3
-1.839, 6.099e-3
-1.840, 6.165e-3
-1.841, 6.217e-3
-1.842, 6.285e-3
-1.843, 6.343e-3
-1.844, 6.404e-3
-1.845, 6.457e-3
-1.846, 6.506e-3
-1.847, 6.556e-3
-1.848, 6.585e-3
-1.849, 6.637e-3
-1.850, 6.681e-3
-1.851, 6.738e-3
-1.852, 6.789e-3
-1.853, 6.849e-3
-1.854, 6.921e-3
-1.855, 6.975e-3
-1.856, 7.032e-3
-1.857, 7.124e-3
-1.858, 7.190e-3
-1.859, 7.257e-3
-1.860, 7.314e-3
-1.861, 7.376e-3
-1.862, 7.449e-3
-1.863, 7.490e-3
-1.864, 7.550e-3
-1.865, 7.598e-3
-1.866, 7.669e-3
-1.867, 7.710e-3
-1.868, 7.773e-3
-1.869, 7.813e-3
-1.870, 7.879e-3
-1.871, 7.920e-3
-1.872, 8.001e-3
-1.873, 8.054e-3
-1.874, 8.121e-3
-1.875, 8.175e-3
-1.876, 8.246e-3
-1.877, 8.300e-3
-1.878, 8.368e-3
-1.879, 8.421e-3
-1.880, 8.480e-3
-1.881, 8.515e-3
-1.882, 8.596e-3
-1.883, 8.632e-3
-1.884, 8.715e-3
-1.885, 8.755e-3
-1.886, 8.826e-3
-1.887, 8.877e-3
-1.888, 8.946e-3
-1.889, 8.989e-3
-1.890, 9.058e-3
-1.891, 9.098e-3
-1.892, 9.181e-3
-1.893, 9.216e-3
-1.894, 9.276e-3
-1.895, 9.313e-3
-1.896, 9.377e-3
-1.897, 9.438e-3
-1.898, 9.494e-3
-1.899, 9.531e-3
-1.900, 9.549e-3
-1.899, 9.493e-3
-1.898, 9.392e-3
-1.897, 9.348e-3
-1.896, 9.267e-3
-1.895, 9.212e-3
-1.894, 9.151e-3
-1.893, 9.108e-3
-1.892, 9.077e-3
-1.891, 9.040e-3
-1.890, 8.979e-3
-1.889, 8.909e-3
-1.888, 8.846e-3
-1.887, 8.770e-3
-1.886, 8.726e-3
-1.885, 8.667e-3
-1.884, 8.608e-3
-1.883, 8.554e-3
-1.882, 8.497e-3
-1.881, 8.443e-3
-1.880, 8.393e-3
-1.879, 8.325e-3
-1.878, 8.276e-3
-1.877, 8.198e-3
-1.876, 8.160e-3
-1.875, 8.100e-3
-1.874, 8.044e-3
-1.873, 7.992e-3
-1.872, 7.954e-3
-1.871, 7.882e-3
-1.870, 7.840e-3
-1.869, 7.782e-3
-1.868, 7.731e-3
-1.867, 7.679e-3
-1.866, 7.626e-3
-1.865, 7.566e-3
-1.864, 7.519e-3
-1.863, 7.445e-3
-1.862, 7.388e-3
-1.861, 7.318e-3
-1.860, 7.288e-3
-1.859, 7.201e-3
-1.858, 7.156e-3
-1.857, 7.101e-3
-1.856, 7.089e-3
-1.855, 7.034e-3
-1.854, 7.000e-3
-1.853, 6.941e-3
-1.852, 6.873e-3
-1.851, 6.832e-3
-1.850, 6.799e-3
-1.849, 6.749e-3
-1.848, 6.697e-3
-1.847, 6.649e-3
-1.846, 6.611e-3
-1.845, 6.533e-3
-1.844, 6.480e-3
-1.843, 6.423e-3
-1.842, 6.394e-3
-1.841, 6.329e-3
-1.840, 6.288e-3
-1.839, 6.256e-3
-1.838, 6.216e-3
-1.837, 6.173e-3
-1.836, 6.117e-3
-1.835, 6.078e-3
-1.834, 6.030e-3
-1.833, 5.997e-3
-1.832, 5.944e-3
-1.831, 5.897e-3
-1.830, 5.846e-3
-1.829, 5.801e-3
-1.828, 5.764e-3
-1.827, 5.711e-3
-1.826, 5.671e-3
-1.825, 5.628e-3
-1.824, 5.578e-3
-1.823, 5.519e-3
-1.822, 5.468e-3
-1.821, 5.430e-3
-1.820, 5.376e-3
-1.819, 5.326e-3
-1.818, 5.276e-3
-1.817, 5.234e-3
-1.816, 5.185e-3
-1.815, 5.142e-3
-1.814, 5.095e-3
-1.813, 5.068e-3
-1.812, 5.031e-3
-1.811, 4.993e-3
-1.810, 4.951e-3
-1.809, 4.911e-3
-1.808, 4.870e-3
-1.807, 4.849e-3
-1.806, 4.804e-3
-1.805, 4.759e-3
-1.804, 4.721e-3
-1.803, 4.688e-3
-1.802, 4.661e-3
-1.801, 4.621e-3
-1.800, 4.570e-3
-1.799, 4.523e-3
-1.798, 4.480e-3
-1.797, 4.448e-3
-1.796, 4.402e-3
-1.795, 4.360e-3
-1.794, 4.329e-3
-1.793, 4.288e-3
-1.792, 4.242e-3
-1.791, 4.211e-3
-1.790, 4.172e-3
-1.789, 4.130e-3
-1.788, 4.086e-3
-1.787, 4.052e-3
-1.786, 4.007e-3
-1.785, 3.975e-3
-1.784, 3.925e-3
-1.783, 3.895e-3
-1.782, 3.885e-3
-1.781, 3.858e-3
-1.780, 3.817e-3
-1.779, 3.776e-3
-1.778, 3.735e-3
-1.777, 3.699e-3
-1.776, 3.661e-3
-1.775, 3.629e-3
-1.774, 3.599e-3
-1.773, 3.563e-3
-1.772, 3.528e-3
-1.771, 3.490e-3
-1.770, 3.454e-3
-1.769, 3.411e-3
-1.768, 3.377e-3
-1.767, 3.350e-3
-1.766, 3.314e-3
-1.765, 3.288e-3
-1.764, 3.250e-3
-1.763, 3.215e-3
-1.762, 3.178e-3
-1.761, 3.148e-3
-1.760, 3.117e-3
-1.759, 3.085e-3
-1.758, 3.050e-3
-1.757, 3.017e-3
-1.756, 2.977e-3
-1.755, 2.938e-3
-1.754, 2.904e-3
-1.753, 2.864e-3
-1.752, 2.845e-3
-1.751, 2.817e-3
-1.750, 2.787e-3
-1.749, 2.759e-3
-1.748, 2.730e-3
-1.747, 2.706e-3
-1.746, 2.680e-3
-1.745, 2.656e-3
-1.744, 2.627e-3
-1.743, 2.596e-3
-1.742, 2.571e-3
-1.741, 2.543e-3
-1.740, 2.510e-3
-1.739, 2.483e-3
-1.738, 2.450e-3
-1.737, 2.425e-3
-1.736, 2.398e-3
-1.735, 2.371e-3
-1.734, 2.345e-3
-1.733, 2.318e-3
-1.732, 2.294e-3
-1.731, 2.268e-3
-1.730, 2.240e-3
-1.729, 2.212e-3
-1.728, 2.187e-3
-1.727, 2.161e-3
-1.726, 2.132e-3
-1.725, 2.106e-3
-1.724, 2.082e-3
-1.723, 2.056e-3
-1.722, 2.032e-3
-1.721, 2.008e-3
-1.720, 1.983e-3
-1.719, 1.959e-3
-1.718, 1.934e-3
-1.717, 1.909e-3
-1.716, 1.885e-3
-1.715, 1.860e-3
-1.714, 1.836e-3
-1.713, 1.813e-3
-1.712, 1.791e-3
-1.711, 1.766e-3
-1.710, 1.745e-3
-1.709, 1.723e-3
-1.708, 1.700e-3
-1.707, 1.677e-3
-1.706, 1.655e-3
-1.705, 1.634e-3
-1.704, 1.618e-3
-1.703, 1.598e-3
-1.702, 1.574e-3
-1.701, 1.552e-3
-1.700, 1.532e-3
-1.699, 1.510e-3
-1.698, 1.487e-3
-1.697, 1.467e-3
-1.696, 1.447e-3
-1.695, 1.426e-3
-1.694, 1.408e-3
-1.693, 1.388e-3
-1.692, 1.368e-3
-1.691, 1.348e-3
-1.690, 1.330e-3
-1.689, 1.310e-3
-1.688, 1.290e-3
-1.687, 1.272e-3
-1.686, 1.254e-3
-1.685, 1.236e-3
-1.684, 1.218e-3
-1.683, 1.202e-3
-1.682, 1.184e-3
-1.681, 1.168e-3
-1.680, 1.149e-3
-1.679, 1.133e-3
-1.678, 1.116e-3
-1.677, 1.100e-3
-1.676, 1.083e-3
-1.675, 1.066e-3
-1.674, 1.050e-3
-1.673, 1.034e-3
-1.672, 1.019e-3
-1.671, 1.003e-3
-1.670, 9.886e-4
-1.669, 9.733e-4
-1.668, 9.596e-4
-1.667, 9.426e-4
-1.666, 9.273e-4
-1.665, 9.143e-4
-1.664, 8.987e-4
-1.663, 8.859e-4
-1.662, 8.715e-4
-1.661, 8.579e-4
-1.660, 8.428e-4
-1.659, 8.292e-4
-1.658, 8.176e-4
-1.657, 8.045e-4
-1.656, 7.910e-4
-1.655, 7.769e-4
-1.654, 7.658e-4
-1.653, 7.521e-4
-1.652, 7.401e-4
-1.651, 7.277e-4
-1.650, 7.159e-4
-1.649, 7.030e-4
-1.648, 6.916e-4
-1.647, 6.792e-4
-1.646, 6.685e-4
-1.645, 6.572e-4
-1.644, 6.457e-4
-1.643, 6.343e-4
-1.642, 6.240e-4
-1.641, 6.130e-4
-1.640, 6.027e-4
-1.639, 5.936e-4
-1.638, 5.827e-4
-1.637, 5.720e-4
-1.636, 5.634e-4
-1.635, 5.548e-4
-1.634, 5.451e-4
-1.633, 5.341e-4
-1.632, 5.252e-4
-1.631, 5.171e-4
-1.630, 5.073e-4
-1.629, 4.982e-4
-1.628, 4.894e-4
-1.627, 4.797e-4
-1.626, 4.722e-4
-1.625, 4.628e-4
-1.624, 4.537e-4
-1.623, 4.461e-4
-1.622, 4.378e-4
-1.621, 4.299e-4
-1.620, 4.221e-4
-1.619, 4.149e-4
-1.618, 4.080e-4
-1.617, 3.997e-4
-1.616, 3.929e-4
-1.615, 3.849e-4
-1.614, 3.783e-4
-1.613, 3.718e-4
-1.612, 3.641e-4
-1.611, 3.572e-4
-1.610, 3.512e-4
-1.609, 3.433e-4
-1.608, 3.377e-4
-1.607, 3.312e-4
-1.606, 3.249e-4
-1.605, 3.185e-4
-1.604, 3.119e-4
-1.603, 3.059e-4
-1.602, 2.995e-4
-1.601, 2.936e-4
-1.600, 2.886e-4
-1.599, 2.828e-4
-1.598, 2.773e-4
-1.597, 2.720e-4
-1.596, 2.660e-4
-1.595, 2.611e-4
-1.594, 2.558e-4
-1.593, 2.505e-4
-1.592, 2.463e-4
-1.591, 2.412e-4
-1.590, 2.367e-4
-1.589, 2.313e-4
-1.588, 2.269e-4
-1.587, 2.225e-4
-1.586, 2.182e-4
-1.585, 2.142e-4
-1.584, 2.091e-4
-1.583, 2.058e-4
-1.582, 2.010e-4
-1.581, 1.972e-4
-1.580, 1.925e-4
-1.579, 1.888e-4
-1.578, 1.854e-4
-1.577, 1.814e-4
-1.576, 1.774e-4
-1.575, 1.735e-4
-1.574, 1.700e-4
-1.573, 1.666e-4
-1.572, 1.630e-4
-1.571, 1.594e-4
-1.570, 1.562e-4
-1.569, 1.534e-4
-1.568, 1.496e-4
-1.567, 1.464e-4
-1.566, 1.434e-4
-1.565, 1.404e-4
-1.564, 1.375e-4
-1.563, 1.345e-4
-1.562, 1.316e-4
-1.561, 1.286e-4
-1.560, 1.262e-4
-1.559, 1.234e-4
-1.558, 1.208e-4
-1.557, 1.182e-4
-1.556, 1.154e-4
-1.555, 1.130e-4
-1.554, 1.111e-4
-1.553, 1.082e-4
-1.552, 1.059e-4
-1.551, 1.041e-4
-1.550, 1.015e-4
-1.549, 9.912e-5
-1.548, 9.678e-5
-1.547, 9.516e-5
-1.546, 9.316e-5
-1.545, 9.080e-5
-1.544, 8.864e-5
-1.543, 8.664e-5
-1.542, 8.450e-5
-1.541, 8.276e-5
-1.540, 8.095e-5
-1.539, 7.922e-5
-1.538, 7.739e-5
-1.537, 7.565e-5
-1.536, 7.404e-5
-1.535, 7.212e-5
-1.534, 7.038e-5
-1.533, 6.885e-5
-1.532, 6.729e-5
-1.531, 6.590e-5
-1.530, 6.467e-5
-1.529, 6.313e-5
-1.528, 6.135e-5
-1.527, 5.967e-5
-1.526, 5.853e-5
-1.525, 5.717e-5
-1.524, 5.589e-5
-1.523, 5.470e-5
-1.522, 5.327e-5
-1.521, 5.210e-5
-1.520, 5.071e-5
-1.519, 4.957e-5
-1.518, 4.847e-5
-1.517, 4.743e-5
-1.516, 4.634e-5
-1.515, 4.523e-5
-1.514, 4.392e-5
-1.513, 4.302e-5
-1.512, 4.170e-5
-1.511, 4.078e-5
-1.510, 3.973e-5
-1.509, 3.880e-5
-1.508, 3.781e-5
-1.507, 3.677e-5
-1.506, 3.585e-5
-1.505, 3.492e-5
-1.504, 3.407e-5
-1.503, 3.334e-5
-1.502, 3.254e-5
-1.501, 3.164e-5
-1.500, 3.079e-5
-1.499, 3.014e-5
-1.498, 2.930e-5
-1.497, 2.855e-5
-1.496, 2.788e-5
-1.495, 2.715e-5
-1.494, 2.641e-5
-1.493, 2.589e-5
-1.492, 2.522e-5
-1.491, 2.432e-5
-1.490, 2.369e-5
-1.489, 2.309e-5
-1.488, 2.255e-5
-1.487, 2.191e-5
-1.486, 2.132e-5
-1.485, 2.073e-5
-1.484, 2.009e-5
-1.483, 1.962e-5
-1.482, 1.906e-5
-1.481, 1.858e-5
-1.480, 1.800e-5
-1.479, 1.762e-5
-1.478, 1.715e-5
-1.477, 1.662e-5
-1.476, 1.593e-5
-1.475, 1.564e-5
-1.474, 1.515e-5
-1.473, 1.470e-5
-1.472, 1.433e-5
-1.471, 1.390e-5
-1.470, 1.354e-5
-1.469, 1.304e-5
-1.468, 1.265e-5
-1.467, 1.229e-5
-1.466, 1.192e-5
-1.465, 1.165e-5
-1.464, 1.135e-5
-1.463, 1.111e-5
-1.462, 1.062e-5
-1.461, 1.030e-5
-1.460, 9.953e-6
-1.459, 9.529e-6
-1.458, 9.331e-6
-1.457, 9.124e-6
-1.456, 8.818e-6
-1.455, 8.493e-6
-1.454, 8.246e-6
-1.453, 8.049e-6
-1.452, 7.753e-6
-1.451, 7.457e-6
-1.450, 7.240e-6
-1.449, 6.944e-6
-1.448, 6.835e-6
-1.447, 6.490e-6
-1.446, 6.273e-6
-1.445, 6.016e-6
-1.444, 5.779e-6
-1.443, 5.710e-6
-1.442, 5.464e-6
-1.441, 5.375e-6
-1.440, 4.970e-6
-1.439, 4.862e-6
-1.438, 4.704e-6
-1.437, 4.507e-6
-1.436, 4.260e-6
-1.435, 4.191e-6
-1.434, 3.935e-6
-1.433, 3.717e-6
-1.432, 3.579e-6
-1.431, 3.343e-6
-1.430, 3.333e-6
-1.429, 3.056e-6
-1.428, 3.096e-6
-1.427, 2.731e-6
-1.426, 2.701e-6
-1.425, 2.593e-6
-1.424, 2.524e-6
-1.423, 2.238e-6
-1.422, 2.198e-6
-1.421, 2.060e-6
-1.420, 1.764e-6
-1.419, 1.665e-6
-1.418, 1.675e-6
-1.417, 1.547e-6
-1.416, 1.419e-6
-1.415, 1.350e-6
-1.414, 1.290e-6
-1.413, 1.133e-6
-1.412, 1.113e-6
-1.411, 9.353e-7
-1.410, 8.268e-7
-1.409, 7.281e-7
-1.408, 5.998e-7
-1.407, 5.801e-7
-1.406, 5.308e-7
-1.405, 4.025e-7
-1.404, 2.841e-7
-1.403, 2.841e-7
-1.402, -1.973e-9
-1.401, 1.776e-8
-1.400, -1.184e-8
-1.399, -1.796e-7
-1.398, -2.585e-7
-1.397, -3.078e-7
-1.396, -3.078e-7
-1.395, -5.150e-7
-1.394, -4.361e-7
-1.393, -5.643e-7
-1.392, -6.235e-7
-1.391, -6.235e-7
-1.390, -7.419e-7
-1.389, -7.715e-7
-1.388, -6.827e-7
-1.387, -9.392e-7
-1.386, -9.590e-7
-1.385, -1.087e-6
-1.384, -1.087e-6
-1.383, -1.166e-6
-1.382, -1.275e-6
-1.381, -1.265e-6
-1.380, -1.344e-6
-1.379, -1.413e-6
-1.378, -1.393e-6
-1.377, -1.472e-6
-1.376, -1.600e-6
-1.375, -1.561e-6
-1.374, -1.679e-6
-1.373, -1.640e-6
-1.372, -1.630e-6
-1.371, -1.699e-6
-1.370, -1.847e-6
-1.369, -1.857e-6
-1.368, -1.798e-6
-1.367, -1.827e-6
-1.366, -1.985e-6
-1.365, -1.965e-6
-1.364, -1.975e-6
-1.363, -2.133e-6
-1.362, -2.054e-6
-1.361, -2.242e-6
-1.360, -2.094e-6
-1.359, -2.222e-6
-1.358, -2.202e-6
-1.357, -2.261e-6
-1.356, -2.380e-6
-1.355, -2.439e-6
-1.354, -2.439e-6
-1.353, -2.449e-6
-1.352, -2.330e-6
-1.351, -2.409e-6
-1.350, -2.528e-6
-1.349, -2.528e-6
-1.348, -2.587e-6
-1.347, -2.616e-6
-1.346, -2.666e-6
-1.345, -2.725e-6
-1.344, -2.686e-6
-1.343, -2.735e-6
-1.342, -2.755e-6
-1.341, -2.843e-6
-1.340, -2.814e-6
-1.339, -2.794e-6
-1.338, -2.883e-6
-1.337, -2.774e-6
-1.336, -2.873e-6
-1.335, -2.893e-6
-1.334, -3.011e-6
-1.333, -2.912e-6
-1.332, -3.070e-6
-1.331, -3.139e-6
-1.330, -3.199e-6
-1.329, -3.179e-6
-1.328, -3.080e-6
-1.327, -3.110e-6
-1.326, -3.139e-6
-1.325, -3.149e-6
-1.324, -3.189e-6
-1.323, -3.189e-6
-1.322, -3.189e-6
-1.321, -3.327e-6
-1.320, -3.396e-6
-1.319, -3.347e-6
-1.318, -3.366e-6
-1.317, -3.347e-6
-1.316, -3.317e-6
-1.315, -3.406e-6
-1.314, -3.465e-6
-1.313, -3.376e-6
-1.312, -3.504e-6
-1.311, -3.504e-6
-1.310, -3.396e-6
-1.309, -3.534e-6
-1.308, -3.366e-6
-1.307, -3.396e-6
-1.306, -3.514e-6
-1.305, -3.524e-6
-1.304, -3.593e-6
-1.303, -3.495e-6
-1.302, -3.583e-6
-1.301, -3.514e-6
-1.300, -3.702e-6
-1.299, -3.652e-6
-1.298, -3.643e-6
-1.297, -3.613e-6
-1.296, -3.800e-6
-1.295, -3.603e-6
-1.294, -3.810e-6
-1.293, -3.662e-6
-1.292, -3.800e-6
-1.291, -3.731e-6
-1.290, -3.731e-6
-1.289, -3.751e-6
-1.288, -3.682e-6
-1.287, -3.633e-6
-1.286, -3.810e-6
-1.285, -3.731e-6
-1.284, -3.800e-6
-1.283, -3.761e-6
-1.282, -3.771e-6
-1.281, -3.840e-6
-1.280, -3.978e-6
-1.279, -3.978e-6
-1.278, -3.948e-6
-1.277, -3.820e-6
-1.276, -3.919e-6
-1.275, -3.978e-6
-1.274, -3.929e-6
-1.273, -3.929e-6
-1.272, -3.938e-6
-1.271, -3.909e-6
-1.270, -4.017e-6
-1.269, -3.889e-6
-1.268, -3.879e-6
-1.267, -3.978e-6
-1.266, -4.067e-6
-1.265, -4.165e-6
-1.264, -4.037e-6
-1.263, -4.037e-6
-1.262, -3.938e-6
-1.261, -3.998e-6
-1.260, -4.057e-6
-1.259, -4.067e-6
-1.258, -4.086e-6
-1.257, -4.027e-6
-1.256, -4.027e-6
-1.255, -4.126e-6
-1.254, -4.165e-6
-1.253, -4.086e-6
-1.252, -4.037e-6
-1.251, -4.215e-6
-1.250, -4.175e-6
-1.249, -4.205e-6
-1.248, -4.185e-6
-1.247, -4.136e-6
-1.246, -4.205e-6
-1.245, -4.254e-6
-1.244, -4.225e-6
-1.243, -4.146e-6
-1.242, -4.136e-6
-1.241, -4.323e-6
-1.240, -4.234e-6
-1.239, -4.313e-6
-1.238, -4.313e-6
-1.237, -4.156e-6
-1.236, -4.195e-6
-1.235, -4.313e-6
-1.234, -4.205e-6
-1.233, -4.254e-6
-1.232, -4.215e-6
-1.231, -4.244e-6
-1.230, -4.363e-6
-1.229, -4.491e-6
-1.228, -4.412e-6
-1.227, -4.363e-6
-1.226, -4.511e-6
-1.225, -4.412e-6
-1.224, -4.501e-6
-1.223, -4.412e-6
-1.222, -4.382e-6
-1.221, -4.382e-6
-1.220, -4.323e-6
-1.219, -4.471e-6
-1.218, -4.412e-6
-1.217, -4.461e-6
-1.216, -4.442e-6
-1.215, -4.580e-6
-1.214, -4.511e-6
-1.213, -4.402e-6
-1.212, -4.402e-6
-1.211, -4.560e-6
-1.210, -4.481e-6
-1.209, -4.590e-6
-1.208, -4.471e-6
-1.207, -4.442e-6
-1.206, -4.432e-6
-1.205, -4.501e-6
-1.204, -4.600e-6
-1.203, -4.639e-6
-1.202, -4.629e-6
-1.201, -4.491e-6
-1.200, -4.570e-6
-1.199, -4.609e-6
-1.198, -4.708e-6
-1.197, -4.471e-6
-1.196, -4.629e-6
-1.195, -4.826e-6
-1.194, -4.609e-6
-1.193, -4.501e-6
-1.192, -4.491e-6
-1.191, -4.649e-6
-1.190, -4.659e-6
-1.189, -4.669e-6
-1.188, -4.708e-6
-1.187, -4.728e-6
-1.186, -4.698e-6
-1.185, -4.747e-6
-1.184, -4.639e-6
-1.183, -4.698e-6
-1.182, -4.787e-6
-1.181, -4.629e-6
-1.180, -4.718e-6
-1.179, -4.678e-6
-1.178, -4.728e-6
-1.177, -4.807e-6
-1.176, -4.807e-6
-1.175, -4.698e-6
-1.174, -4.787e-6
-1.173, -4.777e-6
-1.172, -4.757e-6
-1.171, -4.807e-6
-1.170, -4.807e-6
-1.169, -4.826e-6
-1.168, -4.886e-6
-1.167, -4.807e-6
-1.166, -4.787e-6
-1.165, -4.984e-6
-1.164, -4.935e-6
-1.163, -4.945e-6
-1.162, -4.836e-6
-1.161, -4.866e-6
-1.160, -4.905e-6
-1.159, -4.876e-6
-1.158, -4.876e-6
-1.157, -4.915e-6
-1.156, -4.974e-6
-1.155, -4.965e-6
-1.154, -4.895e-6
-1.153, -4.846e-6
-1.152, -4.925e-6
-1.151, -5.083e-6
-1.150, -5.004e-6
-1.149, -4.876e-6
-1.148, -5.004e-6
-1.147, -4.994e-6
-1.146, -5.063e-6
-1.145, -5.034e-6
-1.144, -4.945e-6
-1.143, -5.053e-6
-1.142, -5.073e-6
-1.141, -4.965e-6
-1.140, -5.122e-6
-1.139, -5.142e-6
-1.138, -5.172e-6
-1.137, -5.093e-6
-1.136, -5.093e-6
-1.135, -5.172e-6
-1.134, -5.251e-6
-1.133, -5.231e-6
-1.132, -5.122e-6
-1.131, -5.191e-6
-1.130, -5.211e-6
-1.129, -5.211e-6
-1.128, -5.221e-6
-1.127, -5.211e-6
-1.126, -5.290e-6
-1.125, -5.409e-6
-1.124, -5.241e-6
-1.123, -5.251e-6
-1.122, -5.280e-6
-1.121, -5.261e-6
-1.120, -5.438e-6
-1.119, -5.418e-6
-1.118, -5.290e-6
-1.117, -5.389e-6
-1.116, -5.369e-6
-1.115, -5.339e-6
-1.114, -5.468e-6
-1.113, -5.507e-6
-1.112, -5.418e-6
-1.111, -5.497e-6
-1.110, -5.547e-6
-1.109, -5.399e-6
-1.108, -5.497e-6
-1.107, -5.517e-6
-1.106, -5.458e-6
-1.105, -5.527e-6
-1.104, -5.547e-6
-1.103, -5.537e-6
-1.102, -5.566e-6
-1.101, -5.645e-6
-1.100, -5.586e-6
-1.099, -5.586e-6
-1.098, -5.586e-6
-1.097, -5.626e-6
-1.096, -5.695e-6
-1.095, -5.665e-6
-1.094, -5.695e-6
-1.093, -5.626e-6
-1.092, -5.744e-6
-1.091, -5.803e-6
-1.090, -5.754e-6
-1.089, -5.803e-6
-1.088, -5.833e-6
-1.087, -5.704e-6
-1.086, -5.852e-6
-1.085, -5.783e-6
-1.084, -5.931e-6
-1.083, -5.931e-6
-1.082, -5.892e-6
-1.081, -5.951e-6
-1.080, -5.783e-6
-1.079, -5.951e-6
-1.078, -5.961e-6
-1.077, -5.902e-6
-1.076, -5.902e-6
-1.075, -6.050e-6
-1.074, -6.109e-6
-1.073, -5.971e-6
-1.072, -6.079e-6
-1.071, -6.050e-6
-1.070, -6.188e-6
-1.069, -6.257e-6
-1.068, -6.188e-6
-1.067, -6.079e-6
-1.066, -6.227e-6
-1.065, -6.218e-6
-1.064, -6.119e-6
-1.063, -6.178e-6
-1.062, -6.227e-6
-1.061, -6.356e-6
-1.060, -6.306e-6
-1.059, -6.336e-6
-1.058, -6.356e-6
-1.057, -6.326e-6
-1.056, -6.454e-6
-1.055, -6.366e-6
-1.054, -6.405e-6
-1.053, -6.366e-6
-1.052, -6.336e-6
-1.051, -6.494e-6
-1.050, -6.533e-6
-1.049, -6.494e-6
-1.048, -6.592e-6
-1.047, -6.474e-6
-1.046, -6.632e-6
-1.045, -6.573e-6
-1.044, -6.602e-6
-1.043, -6.573e-6
-1.042, -6.474e-6
-1.041, -6.661e-6
-1.040, -6.622e-6
-1.039, -6.731e-6
-1.038, -6.592e-6
-1.037, -6.711e-6
-1.036, -6.800e-6
-1.035, -6.888e-6
-1.034, -6.898e-6
-1.033, -6.721e-6
-1.032, -6.780e-6
-1.031, -6.829e-6
-1.030, -6.908e-6
-1.029, -6.869e-6
-1.028, -6.829e-6
-1.027, -6.849e-6
-1.026, -6.997e-6
-1.025, -7.007e-6
-1.024, -7.175e-6
-1.023, -7.086e-6
-1.022, -7.115e-6
-1.021, -7.165e-6
-1.020, -7.303e-6
-1.019, -7.253e-6
-1.018, -7.036e-6
-1.017, -7.115e-6
-1.016, -7.362e-6
-1.015, -7.352e-6
-1.014, -7.313e-6
-1.013, -7.323e-6
-1.012, -7.313e-6
-1.011, -7.510e-6
-1.010, -7.411e-6
-1.009, -7.451e-6
-1.008, -7.451e-6
-1.007, -7.559e-6
-1.006, -7.549e-6
-1.005, -7.549e-6
-1.004, -7.618e-6
-1.003, -7.589e-6
-1.002, -7.559e-6
-1.001, -7.875e-6
