June 27, 2026   03:57:25
Cyclic Voltammetry
File: c:/users/guazh/data/20260623_doe_duplica2/2026-06-24-exp20\exp20-2026-06-27t03_40_04-arkoh\exp20_cv_50mvs_efin_-1900mv.bin
Data Source:  Experiment
Instrument Model:  CHI760E
Header: CV ran at 50 mVs
Note: 

Init E (V) = -1
High E (V) = -1
Low E (V) = -1.9
Final E (V) = -1
Init P/N = N
Scan Rate (V/s) = 0.05
Segment = 7
Sample Interval (V) = 0.001
Quiet Time (sec) = 60
Sensitivity (A/V) = 0.001
Comp R (ohm) = 2.4

Results:

Channel 1:
Segment 1:

Segment 2:

Segment 3:

Segment 4:

Segment 5:

Segment 6:

Segment 7:

Potential/V, Current/A

-1.000, -2.190e-8
-1.001, 5.209e-8
-1.002, 1.054e-7
-1.003, 1.192e-7
-1.004, 1.596e-7
-1.005, 1.685e-7
-1.006, 1.843e-7
-1.007, 2.070e-7
-1.008, 2.188e-7
-1.009, 2.405e-7
-1.010, 2.504e-7
-1.011, 2.751e-7
-1.012, 2.800e-7
-1.013, 2.978e-7
-1.014, 2.948e-7
-1.015, 3.116e-7
-1.016, 3.323e-7
-1.017, 3.264e-7
-1.018, 3.570e-7
-1.019, 3.570e-7
-1.020, 3.530e-7
-1.021, 3.856e-7
-1.022, 3.836e-7
-1.023, 3.905e-7
-1.024, 4.112e-7
-1.025, 4.073e-7
-1.026, 4.349e-7
-1.027, 4.379e-7
-1.028, 4.615e-7
-1.029, 4.526e-7
-1.030, 4.734e-7
-1.031, 4.655e-7
-1.032, 4.862e-7
-1.033, 4.882e-7
-1.034, 4.980e-7
-1.035, 5.168e-7
-1.036, 5.168e-7
-1.037, 5.227e-7
-1.038, 5.217e-7
-1.039, 5.424e-7
-1.040, 5.493e-7
-1.041, 5.513e-7
-1.042, 5.464e-7
-1.043, 5.513e-7
-1.044, 5.770e-7
-1.045, 5.572e-7
-1.046, 5.720e-7
-1.047, 5.898e-7
-1.048, 5.878e-7
-1.049, 6.006e-7
-1.050, 6.095e-7
-1.051, 6.204e-7
-1.052, 6.381e-7
-1.053, 6.204e-7
-1.054, 6.352e-7
-1.055, 6.214e-7
-1.056, 6.450e-7
-1.057, 6.549e-7
-1.058, 6.470e-7
-1.059, 6.608e-7
-1.060, 6.707e-7
-1.061, 6.776e-7
-1.062, 6.845e-7
-1.063, 6.875e-7
-1.064, 6.914e-7
-1.065, 6.954e-7
-1.066, 7.052e-7
-1.067, 7.180e-7
-1.068, 7.171e-7
-1.069, 7.397e-7
-1.070, 7.131e-7
-1.071, 7.378e-7
-1.072, 7.279e-7
-1.073, 7.417e-7
-1.074, 7.565e-7
-1.075, 7.397e-7
-1.076, 7.615e-7
-1.077, 7.674e-7
-1.078, 7.802e-7
-1.079, 7.772e-7
-1.080, 7.832e-7
-1.081, 8.019e-7
-1.082, 7.930e-7
-1.083, 8.039e-7
-1.084, 8.009e-7
-1.085, 7.950e-7
-1.086, 8.177e-7
-1.087, 8.266e-7
-1.088, 8.285e-7
-1.089, 8.394e-7
-1.090, 8.364e-7
-1.091, 8.364e-7
-1.092, 8.483e-7
-1.093, 8.512e-7
-1.094, 8.650e-7
-1.095, 8.572e-7
-1.096, 8.670e-7
-1.097, 8.601e-7
-1.098, 8.779e-7
-1.099, 8.779e-7
-1.100, 9.055e-7
-1.101, 8.946e-7
-1.102, 9.065e-7
-1.103, 9.085e-7
-1.104, 9.154e-7
-1.105, 9.124e-7
-1.106, 9.361e-7
-1.107, 9.381e-7
-1.108, 9.341e-7
-1.109, 9.371e-7
-1.110, 9.509e-7
-1.111, 9.529e-7
-1.112, 9.538e-7
-1.113, 9.410e-7
-1.114, 9.657e-7
-1.115, 9.647e-7
-1.116, 9.746e-7
-1.117, 9.933e-7
-1.118, 9.775e-7
-1.119, 9.933e-7
-1.120, 9.844e-7
-1.121, 9.913e-7
-1.122, 1.010e-6
-1.123, 1.013e-6
-1.124, 1.020e-6
-1.125, 1.014e-6
-1.126, 1.023e-6
-1.127, 1.039e-6
-1.128, 1.031e-6
-1.129, 1.047e-6
-1.130, 1.041e-6
-1.131, 1.058e-6
-1.132, 1.051e-6
-1.133, 1.050e-6
-1.134, 1.070e-6
-1.135, 1.066e-6
-1.136, 1.066e-6
-1.137, 1.078e-6
-1.138, 1.070e-6
-1.139, 1.102e-6
-1.140, 1.100e-6
-1.141, 1.091e-6
-1.142, 1.114e-6
-1.143, 1.110e-6
-1.144, 1.114e-6
-1.145, 1.111e-6
-1.146, 1.134e-6
-1.147, 1.132e-6
-1.148, 1.133e-6
-1.149, 1.138e-6
-1.150, 1.139e-6
-1.151, 1.146e-6
-1.152, 1.161e-6
-1.153, 1.155e-6
-1.154, 1.161e-6
-1.155, 1.155e-6
-1.156, 1.185e-6
-1.157, 1.175e-6
-1.158, 1.178e-6
-1.159, 1.211e-6
-1.160, 1.187e-6
-1.161, 1.196e-6
-1.162, 1.201e-6
-1.163, 1.207e-6
-1.164, 1.210e-6
-1.165, 1.216e-6
-1.166, 1.241e-6
-1.167, 1.220e-6
-1.168, 1.229e-6
-1.169, 1.241e-6
-1.170, 1.241e-6
-1.171, 1.249e-6
-1.172, 1.261e-6
-1.173, 1.254e-6
-1.174, 1.270e-6
-1.175, 1.260e-6
-1.176, 1.273e-6
-1.177, 1.273e-6
-1.178, 1.291e-6
-1.179, 1.293e-6
-1.180, 1.286e-6
-1.181, 1.295e-6
-1.182, 1.307e-6
-1.183, 1.304e-6
-1.184, 1.313e-6
-1.185, 1.323e-6
-1.186, 1.312e-6
-1.187, 1.339e-6
-1.188, 1.329e-6
-1.189, 1.338e-6
-1.190, 1.339e-6
-1.191, 1.348e-6
-1.192, 1.361e-6
-1.193, 1.365e-6
-1.194, 1.364e-6
-1.195, 1.364e-6
-1.196, 1.368e-6
-1.197, 1.383e-6
-1.198, 1.368e-6
-1.199, 1.399e-6
-1.200, 1.376e-6
-1.201, 1.393e-6
-1.202, 1.400e-6
-1.203, 1.410e-6
-1.204, 1.436e-6
-1.205, 1.419e-6
-1.206, 1.428e-6
-1.207, 1.420e-6
-1.208, 1.418e-6
-1.209, 1.456e-6
-1.210, 1.445e-6
-1.211, 1.462e-6
-1.212, 1.453e-6
-1.213, 1.459e-6
-1.214, 1.452e-6
-1.215, 1.453e-6
-1.216, 1.491e-6
-1.217, 1.483e-6
-1.218, 1.488e-6
-1.219, 1.494e-6
-1.220, 1.492e-6
-1.221, 1.504e-6
-1.222, 1.499e-6
-1.223, 1.519e-6
-1.224, 1.526e-6
-1.225, 1.521e-6
-1.226, 1.523e-6
-1.227, 1.534e-6
-1.228, 1.535e-6
-1.229, 1.556e-6
-1.230, 1.563e-6
-1.231, 1.556e-6
-1.232, 1.574e-6
-1.233, 1.565e-6
-1.234, 1.567e-6
-1.235, 1.592e-6
-1.236, 1.587e-6
-1.237, 1.595e-6
-1.238, 1.600e-6
-1.239, 1.597e-6
-1.240, 1.595e-6
-1.241, 1.610e-6
-1.242, 1.629e-6
-1.243, 1.613e-6
-1.244, 1.642e-6
-1.245, 1.647e-6
-1.246, 1.646e-6
-1.247, 1.647e-6
-1.248, 1.647e-6
-1.249, 1.674e-6
-1.250, 1.663e-6
-1.251, 1.667e-6
-1.252, 1.685e-6
-1.253, 1.678e-6
-1.254, 1.682e-6
-1.255, 1.709e-6
-1.256, 1.728e-6
-1.257, 1.713e-6
-1.258, 1.716e-6
-1.259, 1.728e-6
-1.260, 1.722e-6
-1.261, 1.737e-6
-1.262, 1.736e-6
-1.263, 1.734e-6
-1.264, 1.757e-6
-1.265, 1.762e-6
-1.266, 1.774e-6
-1.267, 1.765e-6
-1.268, 1.775e-6
-1.269, 1.796e-6
-1.270, 1.795e-6
-1.271, 1.818e-6
-1.272, 1.802e-6
-1.273, 1.824e-6
-1.274, 1.830e-6
-1.275, 1.831e-6
-1.276, 1.844e-6
-1.277, 1.841e-6
-1.278, 1.853e-6
-1.279, 1.863e-6
-1.280, 1.876e-6
-1.281, 1.862e-6
-1.282, 1.884e-6
-1.283, 1.898e-6
-1.284, 1.886e-6
-1.285, 1.894e-6
-1.286, 1.906e-6
-1.287, 1.911e-6
-1.288, 1.921e-6
-1.289, 1.936e-6
-1.290, 1.946e-6
-1.291, 1.956e-6
-1.292, 1.946e-6
-1.293, 1.955e-6
-1.294, 1.957e-6
-1.295, 1.984e-6
-1.296, 1.987e-6
-1.297, 1.987e-6
-1.298, 2.007e-6
-1.299, 2.009e-6
-1.300, 2.022e-6
-1.301, 2.001e-6
-1.302, 2.009e-6
-1.303, 2.035e-6
-1.304, 2.035e-6
-1.305, 2.053e-6
-1.306, 2.064e-6
-1.307, 2.080e-6
-1.308, 2.075e-6
-1.309, 2.085e-6
-1.310, 2.092e-6
-1.311, 2.094e-6
-1.312, 2.094e-6
-1.313, 2.101e-6
-1.314, 2.113e-6
-1.315, 2.106e-6
-1.316, 2.127e-6
-1.317, 2.135e-6
-1.318, 2.133e-6
-1.319, 2.144e-6
-1.320, 2.157e-6
-1.321, 2.160e-6
-1.322, 2.173e-6
-1.323, 2.174e-6
-1.324, 2.172e-6
-1.325, 2.184e-6
-1.326, 2.183e-6
-1.327, 2.184e-6
-1.328, 2.205e-6
-1.329, 2.217e-6
-1.330, 2.217e-6
-1.331, 2.227e-6
-1.332, 2.235e-6
-1.333, 2.240e-6
-1.334, 2.253e-6
-1.335, 2.243e-6
-1.336, 2.263e-6
-1.337, 2.261e-6
-1.338, 2.278e-6
-1.339, 2.252e-6
-1.340, 2.271e-6
-1.341, 2.271e-6
-1.342, 2.283e-6
-1.343, 2.286e-6
-1.344, 2.308e-6
-1.345, 2.315e-6
-1.346, 2.318e-6
-1.347, 2.322e-6
-1.348, 2.331e-6
-1.349, 2.317e-6
-1.350, 2.340e-6
-1.351, 2.347e-6
-1.352, 2.339e-6
-1.353, 2.335e-6
-1.354, 2.364e-6
-1.355, 2.362e-6
-1.356, 2.376e-6
-1.357, 2.379e-6
-1.358, 2.383e-6
-1.359, 2.390e-6
-1.360, 2.376e-6
-1.361, 2.390e-6
-1.362, 2.413e-6
-1.363, 2.409e-6
-1.364, 2.417e-6
-1.365, 2.407e-6
-1.366, 2.421e-6
-1.367, 2.424e-6
-1.368, 2.416e-6
-1.369, 2.443e-6
-1.370, 2.447e-6
-1.371, 2.473e-6
-1.372, 2.469e-6
-1.373, 2.469e-6
-1.374, 2.482e-6
-1.375, 2.489e-6
-1.376, 2.492e-6
-1.377, 2.497e-6
-1.378, 2.498e-6
-1.379, 2.521e-6
-1.380, 2.506e-6
-1.381, 2.516e-6
-1.382, 2.543e-6
-1.383, 2.544e-6
-1.384, 2.553e-6
-1.385, 2.540e-6
-1.386, 2.552e-6
-1.387, 2.561e-6
-1.388, 2.573e-6
-1.389, 2.580e-6
-1.390, 2.588e-6
-1.391, 2.595e-6
-1.392, 2.597e-6
-1.393, 2.611e-6
-1.394, 2.616e-6
-1.395, 2.621e-6
-1.396, 2.643e-6
-1.397, 2.656e-6
-1.398, 2.657e-6
-1.399, 2.656e-6
-1.400, 2.654e-6
-1.401, 2.676e-6
-1.402, 2.680e-6
-1.403, 2.698e-6
-1.404, 2.691e-6
-1.405, 2.708e-6
-1.406, 2.709e-6
-1.407, 2.719e-6
-1.408, 2.721e-6
-1.409, 2.746e-6
-1.410, 2.752e-6
-1.411, 2.745e-6
-1.412, 2.757e-6
-1.413, 2.764e-6
-1.414, 2.779e-6
-1.415, 2.800e-6
-1.416, 2.796e-6
-1.417, 2.805e-6
-1.418, 2.816e-6
-1.419, 2.819e-6
-1.420, 2.821e-6
-1.421, 2.842e-6
-1.422, 2.841e-6
-1.423, 2.846e-6
-1.424, 2.852e-6
-1.425, 2.881e-6
-1.426, 2.892e-6
-1.427, 2.892e-6
-1.428, 2.907e-6
-1.429, 2.917e-6
-1.430, 2.908e-6
-1.431, 2.923e-6
-1.432, 2.939e-6
-1.433, 2.957e-6
-1.434, 2.988e-6
-1.435, 2.996e-6
-1.436, 2.991e-6
-1.437, 2.998e-6
-1.438, 3.017e-6
-1.439, 3.014e-6
-1.440, 3.024e-6
-1.441, 3.053e-6
-1.442, 3.029e-6
-1.443, 3.051e-6
-1.444, 3.072e-6
-1.445, 3.068e-6
-1.446, 3.077e-6
-1.447, 3.113e-6
-1.448, 3.107e-6
-1.449, 3.135e-6
-1.450, 3.145e-6
-1.451, 3.147e-6
-1.452, 3.159e-6
-1.453, 3.180e-6
-1.454, 3.189e-6
-1.455, 3.192e-6
-1.456, 3.218e-6
-1.457, 3.238e-6
-1.458, 3.217e-6
-1.459, 3.255e-6
-1.460, 3.259e-6
-1.461, 3.263e-6
-1.462, 3.292e-6
-1.463, 3.309e-6
-1.464, 3.305e-6
-1.465, 3.328e-6
-1.466, 3.333e-6
-1.467, 3.345e-6
-1.468, 3.337e-6
-1.469, 3.369e-6
-1.470, 3.382e-6
-1.471, 3.392e-6
-1.472, 3.411e-6
-1.473, 3.428e-6
-1.474, 3.441e-6
-1.475, 3.459e-6
-1.476, 3.474e-6
-1.477, 3.495e-6
-1.478, 3.485e-6
-1.479, 3.517e-6
-1.480, 3.540e-6
-1.481, 3.525e-6
-1.482, 3.572e-6
-1.483, 3.576e-6
-1.484, 3.577e-6
-1.485, 3.597e-6
-1.486, 3.624e-6
-1.487, 3.624e-6
-1.488, 3.648e-6
-1.489, 3.652e-6
-1.490, 3.673e-6
-1.491, 3.706e-6
-1.492, 3.708e-6
-1.493, 3.715e-6
-1.494, 3.737e-6
-1.495, 3.760e-6
-1.496, 3.758e-6
-1.497, 3.790e-6
-1.498, 3.805e-6
-1.499, 3.818e-6
-1.500, 3.856e-6
-1.501, 3.874e-6
-1.502, 3.886e-6
-1.503, 3.932e-6
-1.504, 3.941e-6
-1.505, 3.954e-6
-1.506, 3.978e-6
-1.507, 3.991e-6
-1.508, 4.010e-6
-1.509, 4.037e-6
-1.510, 4.063e-6
-1.511, 4.093e-6
-1.512, 4.100e-6
-1.513, 4.124e-6
-1.514, 4.147e-6
-1.515, 4.180e-6
-1.516, 4.204e-6
-1.517, 4.240e-6
-1.518, 4.258e-6
-1.519, 4.266e-6
-1.520, 4.301e-6
-1.521, 4.329e-6
-1.522, 4.347e-6
-1.523, 4.359e-6
-1.524, 4.410e-6
-1.525, 4.432e-6
-1.526, 4.445e-6
-1.527, 4.488e-6
-1.528, 4.517e-6
-1.529, 4.549e-6
-1.530, 4.570e-6
-1.531, 4.577e-6
-1.532, 4.626e-6
-1.533, 4.662e-6
-1.534, 4.687e-6
-1.535, 4.722e-6
-1.536, 4.770e-6
-1.537, 4.816e-6
-1.538, 4.806e-6
-1.539, 4.869e-6
-1.540, 4.878e-6
-1.541, 4.931e-6
-1.542, 4.970e-6
-1.543, 4.998e-6
-1.544, 5.031e-6
-1.545, 5.089e-6
-1.546, 5.130e-6
-1.547, 5.158e-6
-1.548, 5.209e-6
-1.549, 5.230e-6
-1.550, 5.295e-6
-1.551, 5.340e-6
-1.552, 5.344e-6
-1.553, 5.427e-6
-1.554, 5.473e-6
-1.555, 5.488e-6
-1.556, 5.582e-6
-1.557, 5.612e-6
-1.558, 5.663e-6
-1.559, 5.718e-6
-1.560, 5.774e-6
-1.561, 5.825e-6
-1.562, 5.885e-6
-1.563, 5.970e-6
-1.564, 6.013e-6
-1.565, 6.064e-6
-1.566, 6.136e-6
-1.567, 6.179e-6
-1.568, 6.276e-6
-1.569, 6.328e-6
-1.570, 6.408e-6
-1.571, 6.464e-6
-1.572, 6.537e-6
-1.573, 6.626e-6
-1.574, 6.719e-6
-1.575, 6.817e-6
-1.576, 6.887e-6
-1.577, 6.962e-6
-1.578, 7.085e-6
-1.579, 7.183e-6
-1.580, 7.264e-6
-1.581, 7.364e-6
-1.582, 7.454e-6
-1.583, 7.549e-6
-1.584, 7.620e-6
-1.585, 7.718e-6
-1.586, 7.827e-6
-1.587, 7.999e-6
-1.588, 8.104e-6
-1.589, 8.215e-6
-1.590, 8.339e-6
-1.591, 8.497e-6
-1.592, 8.635e-6
-1.593, 8.739e-6
-1.594, 8.929e-6
-1.595, 9.026e-6
-1.596, 9.206e-6
-1.597, 9.343e-6
-1.598, 9.524e-6
-1.599, 9.682e-6
-1.600, 9.878e-6
-1.601, 1.006e-5
-1.602, 1.026e-5
-1.603, 1.044e-5
-1.604, 1.065e-5
-1.605, 1.098e-5
-1.606, 1.120e-5
-1.607, 1.134e-5
-1.608, 1.143e-5
-1.609, 1.169e-5
-1.610, 1.188e-5
-1.611, 1.216e-5
-1.612, 1.241e-5
-1.613, 1.266e-5
-1.614, 1.291e-5
-1.615, 1.319e-5
-1.616, 1.351e-5
-1.617, 1.382e-5
-1.618, 1.411e-5
-1.619, 1.442e-5
-1.620, 1.470e-5
-1.621, 1.507e-5
-1.622, 1.551e-5
-1.623, 1.584e-5
-1.624, 1.623e-5
-1.625, 1.664e-5
-1.626, 1.728e-5
-1.627, 1.792e-5
-1.628, 1.795e-5
-1.629, 1.864e-5
-1.630, 1.888e-5
-1.631, 1.954e-5
-1.632, 1.992e-5
-1.633, 2.060e-5
-1.634, 2.096e-5
-1.635, 2.127e-5
-1.636, 2.192e-5
-1.637, 2.242e-5
-1.638, 2.315e-5
-1.639, 2.374e-5
-1.640, 2.431e-5
-1.641, 2.503e-5
-1.642, 2.567e-5
-1.643, 2.633e-5
-1.644, 2.699e-5
-1.645, 2.793e-5
-1.646, 2.870e-5
-1.647, 2.947e-5
-1.648, 3.030e-5
-1.649, 3.128e-5
-1.650, 3.191e-5
-1.651, 3.296e-5
-1.652, 3.355e-5
-1.653, 3.462e-5
-1.654, 3.582e-5
-1.655, 3.681e-5
-1.656, 3.780e-5
-1.657, 3.869e-5
-1.658, 3.927e-5
-1.659, 4.073e-5
-1.660, 4.190e-5
-1.661, 4.346e-5
-1.662, 4.485e-5
-1.663, 4.601e-5
-1.664, 4.736e-5
-1.665, 4.866e-5
-1.666, 5.019e-5
-1.667, 5.189e-5
-1.668, 5.335e-5
-1.669, 5.485e-5
-1.670, 5.661e-5
-1.671, 5.852e-5
-1.672, 6.026e-5
-1.673, 6.267e-5
-1.674, 6.430e-5
-1.675, 6.612e-5
-1.676, 6.885e-5
-1.677, 7.022e-5
-1.678, 7.233e-5
-1.679, 7.498e-5
-1.680, 7.775e-5
-1.681, 7.965e-5
-1.682, 8.165e-5
-1.683, 8.406e-5
-1.684, 8.638e-5
-1.685, 8.973e-5
-1.686, 9.246e-5
-1.687, 9.515e-5
-1.688, 9.786e-5
-1.689, 1.007e-4
-1.690, 1.038e-4
-1.691, 1.069e-4
-1.692, 1.102e-4
-1.693, 1.134e-4
-1.694, 1.157e-4
-1.695, 1.185e-4
-1.696, 1.222e-4
-1.697, 1.256e-4
-1.698, 1.289e-4
-1.699, 1.334e-4
-1.700, 1.376e-4
-1.701, 1.418e-4
-1.702, 1.460e-4
-1.703, 1.497e-4
-1.704, 1.553e-4
-1.705, 1.590e-4
-1.706, 1.648e-4
-1.707, 1.694e-4
-1.708, 1.748e-4
-1.709, 1.805e-4
-1.710, 1.844e-4
-1.711, 1.897e-4
-1.712, 1.955e-4
-1.713, 2.015e-4
-1.714, 2.076e-4
-1.715, 2.125e-4
-1.716, 2.183e-4
-1.717, 2.241e-4
-1.718, 2.300e-4
-1.719, 2.356e-4
-1.720, 2.419e-4
-1.721, 2.492e-4
-1.722, 2.558e-4
-1.723, 2.635e-4
-1.724, 2.711e-4
-1.725, 2.785e-4
-1.726, 2.849e-4
-1.727, 2.932e-4
-1.728, 3.005e-4
-1.729, 3.078e-4
-1.730, 3.169e-4
-1.731, 3.253e-4
-1.732, 3.334e-4
-1.733, 3.425e-4
-1.734, 3.519e-4
-1.735, 3.612e-4
-1.736, 3.700e-4
-1.737, 3.802e-4
-1.738, 3.902e-4
-1.739, 4.001e-4
-1.740, 4.112e-4
-1.741, 4.215e-4
-1.742, 4.319e-4
-1.743, 4.429e-4
-1.744, 4.544e-4
-1.745, 4.660e-4
-1.746, 4.767e-4
-1.747, 4.892e-4
-1.748, 5.007e-4
-1.749, 5.142e-4
-1.750, 5.276e-4
-1.751, 5.403e-4
-1.752, 5.527e-4
-1.753, 5.671e-4
-1.754, 5.800e-4
-1.755, 5.939e-4
-1.756, 6.075e-4
-1.757, 6.206e-4
-1.758, 6.352e-4
-1.759, 6.489e-4
-1.760, 6.642e-4
-1.761, 6.786e-4
-1.762, 6.918e-4
-1.763, 7.070e-4
-1.764, 7.228e-4
-1.765, 7.394e-4
-1.766, 7.550e-4
-1.767, 7.700e-4
-1.768, 7.852e-4
-1.769, 8.026e-4
-1.770, 8.184e-4
-1.771, 8.349e-4
-1.772, 8.513e-4
-1.773, 8.666e-4
-1.774, 8.814e-4
-1.775, 8.985e-4
-1.776, 9.166e-4
-1.777, 9.347e-4
-1.778, 9.518e-4
-1.779, 9.700e-4
-1.780, 9.876e-4
-1.781, 1.005e-3
-1.782, 1.023e-3
-1.783, 1.043e-3
-1.784, 1.060e-3
-1.785, 1.082e-3
-1.786, 1.102e-3
-1.787, 1.121e-3
-1.788, 1.142e-3
-1.789, 1.162e-3
-1.790, 1.183e-3
-1.791, 1.205e-3
-1.792, 1.226e-3
-1.793, 1.246e-3
-1.794, 1.268e-3
-1.795, 1.291e-3
-1.796, 1.314e-3
-1.797, 1.336e-3
-1.798, 1.358e-3
-1.799, 1.380e-3
-1.800, 1.403e-3
-1.801, 1.425e-3
-1.802, 1.448e-3
-1.803, 1.473e-3
-1.804, 1.495e-3
-1.805, 1.518e-3
-1.806, 1.541e-3
-1.807, 1.566e-3
-1.808, 1.591e-3
-1.809, 1.614e-3
-1.810, 1.639e-3
-1.811, 1.663e-3
-1.812, 1.689e-3
-1.813, 1.713e-3
-1.814, 1.739e-3
-1.815, 1.765e-3
-1.816, 1.790e-3
-1.817, 1.816e-3
-1.818, 1.843e-3
-1.819, 1.871e-3
-1.820, 1.895e-3
-1.821, 1.922e-3
-1.822, 1.949e-3
-1.823, 1.976e-3
-1.824, 2.003e-3
-1.825, 2.031e-3
-1.826, 2.056e-3
-1.827, 2.084e-3
-1.828, 2.113e-3
-1.829, 2.142e-3
-1.830, 2.170e-3
-1.831, 2.199e-3
-1.832, 2.226e-3
-1.833, 2.254e-3
-1.834, 2.290e-3
-1.835, 2.321e-3
-1.836, 2.347e-3
-1.837, 2.377e-3
-1.838, 2.405e-3
-1.839, 2.436e-3
-1.840, 2.468e-3
-1.841, 2.499e-3
-1.842, 2.532e-3
-1.843, 2.561e-3
-1.844, 2.592e-3
-1.845, 2.624e-3
-1.846, 2.654e-3
-1.847, 2.684e-3
-1.848, 2.714e-3
-1.849, 2.749e-3
-1.850, 2.783e-3
-1.851, 2.815e-3
-1.852, 2.848e-3
-1.853, 2.878e-3
-1.854, 2.909e-3
-1.855, 2.943e-3
-1.856, 2.980e-3
-1.857, 3.012e-3
-1.858, 3.048e-3
-1.859, 3.084e-3
-1.860, 3.115e-3
-1.861, 3.149e-3
-1.862, 3.186e-3
-1.863, 3.224e-3
-1.864, 3.262e-3
-1.865, 3.300e-3
-1.866, 3.335e-3
-1.867, 3.373e-3
-1.868, 3.411e-3
-1.869, 3.446e-3
-1.870, 3.484e-3
-1.871, 3.525e-3
-1.872, 3.559e-3
-1.873, 3.601e-3
-1.874, 3.641e-3
-1.875, 3.682e-3
-1.876, 3.716e-3
-1.877, 3.755e-3
-1.878, 3.799e-3
-1.879, 3.834e-3
-1.880, 3.865e-3
-1.881, 3.905e-3
-1.882, 3.946e-3
-1.883, 3.989e-3
-1.884, 4.034e-3
-1.885, 4.070e-3
-1.886, 4.114e-3
-1.887, 4.155e-3
-1.888, 4.190e-3
-1.889, 4.233e-3
-1.890, 4.287e-3
-1.891, 4.318e-3
-1.892, 4.354e-3
-1.893, 4.412e-3
-1.894, 4.455e-3
-1.895, 4.500e-3
-1.896, 4.547e-3
-1.897, 4.579e-3
-1.898, 4.615e-3
-1.899, 4.642e-3
-1.900, 4.646e-3
-1.899, 4.625e-3
-1.898, 4.612e-3
-1.897, 4.583e-3
-1.896, 4.563e-3
-1.895, 4.541e-3
-1.894, 4.509e-3
-1.893, 4.479e-3
-1.892, 4.436e-3
-1.891, 4.409e-3
-1.890, 4.386e-3
-1.889, 4.356e-3
-1.888, 4.329e-3
-1.887, 4.300e-3
-1.886, 4.259e-3
-1.885, 4.225e-3
-1.884, 4.198e-3
-1.883, 4.160e-3
-1.882, 4.119e-3
-1.881, 4.092e-3
-1.880, 4.067e-3
-1.879, 4.038e-3
-1.878, 4.011e-3
-1.877, 3.979e-3
-1.876, 3.960e-3
-1.875, 3.929e-3
-1.874, 3.895e-3
-1.873, 3.857e-3
-1.872, 3.832e-3
-1.871, 3.810e-3
-1.870, 3.783e-3
-1.869, 3.766e-3
-1.868, 3.739e-3
-1.867, 3.709e-3
-1.866, 3.671e-3
-1.865, 3.646e-3
-1.864, 3.616e-3
-1.863, 3.599e-3
-1.862, 3.576e-3
-1.861, 3.550e-3
-1.860, 3.529e-3
-1.859, 3.497e-3
-1.858, 3.466e-3
-1.857, 3.441e-3
-1.856, 3.419e-3
-1.855, 3.386e-3
-1.854, 3.362e-3
-1.853, 3.333e-3
-1.852, 3.303e-3
-1.851, 3.271e-3
-1.850, 3.243e-3
-1.849, 3.213e-3
-1.848, 3.183e-3
-1.847, 3.162e-3
-1.846, 3.133e-3
-1.845, 3.106e-3
-1.844, 3.088e-3
-1.843, 3.065e-3
-1.842, 3.036e-3
-1.841, 3.009e-3
-1.840, 2.983e-3
-1.839, 2.956e-3
-1.838, 2.927e-3
-1.837, 2.902e-3
-1.836, 2.875e-3
-1.835, 2.850e-3
-1.834, 2.824e-3
-1.833, 2.804e-3
-1.832, 2.782e-3
-1.831, 2.759e-3
-1.830, 2.735e-3
-1.829, 2.716e-3
-1.828, 2.691e-3
-1.827, 2.671e-3
-1.826, 2.645e-3
-1.825, 2.622e-3
-1.824, 2.596e-3
-1.823, 2.573e-3
-1.822, 2.550e-3
-1.821, 2.523e-3
-1.820, 2.501e-3
-1.819, 2.477e-3
-1.818, 2.452e-3
-1.817, 2.428e-3
-1.816, 2.410e-3
-1.815, 2.387e-3
-1.814, 2.364e-3
-1.813, 2.343e-3
-1.812, 2.321e-3
-1.811, 2.297e-3
-1.810, 2.274e-3
-1.809, 2.252e-3
-1.808, 2.231e-3
-1.807, 2.206e-3
-1.806, 2.187e-3
-1.805, 2.171e-3
-1.804, 2.150e-3
-1.803, 2.130e-3
-1.802, 2.108e-3
-1.801, 2.086e-3
-1.800, 2.064e-3
-1.799, 2.040e-3
-1.798, 2.020e-3
-1.797, 2.003e-3
-1.796, 1.988e-3
-1.795, 1.970e-3
-1.794, 1.948e-3
-1.793, 1.930e-3
-1.792, 1.909e-3
-1.791, 1.890e-3
-1.790, 1.871e-3
-1.789, 1.852e-3
-1.788, 1.832e-3
-1.787, 1.814e-3
-1.786, 1.794e-3
-1.785, 1.777e-3
-1.784, 1.757e-3
-1.783, 1.734e-3
-1.782, 1.712e-3
-1.781, 1.697e-3
-1.780, 1.680e-3
-1.779, 1.662e-3
-1.778, 1.643e-3
-1.777, 1.626e-3
-1.776, 1.607e-3
-1.775, 1.590e-3
-1.774, 1.572e-3
-1.773, 1.553e-3
-1.772, 1.536e-3
-1.771, 1.520e-3
-1.770, 1.504e-3
-1.769, 1.486e-3
-1.768, 1.470e-3
-1.767, 1.453e-3
-1.766, 1.434e-3
-1.765, 1.418e-3
-1.764, 1.400e-3
-1.763, 1.385e-3
-1.762, 1.370e-3
-1.761, 1.353e-3
-1.760, 1.338e-3
-1.759, 1.325e-3
-1.758, 1.305e-3
-1.757, 1.291e-3
-1.756, 1.274e-3
-1.755, 1.258e-3
-1.754, 1.241e-3
-1.753, 1.227e-3
-1.752, 1.211e-3
-1.751, 1.196e-3
-1.750, 1.182e-3
-1.749, 1.168e-3
-1.748, 1.152e-3
-1.747, 1.137e-3
-1.746, 1.122e-3
-1.745, 1.108e-3
-1.744, 1.094e-3
-1.743, 1.078e-3
-1.742, 1.066e-3
-1.741, 1.052e-3
-1.740, 1.036e-3
-1.739, 1.025e-3
-1.738, 1.014e-3
-1.737, 1.001e-3
-1.736, 9.875e-4
-1.735, 9.742e-4
-1.734, 9.597e-4
-1.733, 9.473e-4
-1.732, 9.349e-4
-1.731, 9.224e-4
-1.730, 9.087e-4
-1.729, 8.969e-4
-1.728, 8.835e-4
-1.727, 8.723e-4
-1.726, 8.588e-4
-1.725, 8.485e-4
-1.724, 8.353e-4
-1.723, 8.230e-4
-1.722, 8.124e-4
-1.721, 8.017e-4
-1.720, 7.899e-4
-1.719, 7.777e-4
-1.718, 7.657e-4
-1.717, 7.533e-4
-1.716, 7.436e-4
-1.715, 7.327e-4
-1.714, 7.223e-4
-1.713, 7.126e-4
-1.712, 7.025e-4
-1.711, 6.927e-4
-1.710, 6.824e-4
-1.709, 6.725e-4
-1.708, 6.626e-4
-1.707, 6.529e-4
-1.706, 6.443e-4
-1.705, 6.336e-4
-1.704, 6.188e-4
-1.703, 6.060e-4
-1.702, 5.989e-4
-1.701, 5.904e-4
-1.700, 5.797e-4
-1.699, 5.712e-4
-1.698, 5.612e-4
-1.697, 5.523e-4
-1.696, 5.431e-4
-1.695, 5.346e-4
-1.694, 5.257e-4
-1.693, 5.179e-4
-1.692, 5.093e-4
-1.691, 5.005e-4
-1.690, 4.941e-4
-1.689, 4.849e-4
-1.688, 4.768e-4
-1.687, 4.702e-4
-1.686, 4.621e-4
-1.685, 4.549e-4
-1.684, 4.474e-4
-1.683, 4.399e-4
-1.682, 4.327e-4
-1.681, 4.267e-4
-1.680, 4.188e-4
-1.679, 4.112e-4
-1.678, 4.060e-4
-1.677, 3.981e-4
-1.676, 3.912e-4
-1.675, 3.861e-4
-1.674, 3.810e-4
-1.673, 3.754e-4
-1.672, 3.692e-4
-1.671, 3.619e-4
-1.670, 3.545e-4
-1.669, 3.489e-4
-1.668, 3.424e-4
-1.667, 3.368e-4
-1.666, 3.309e-4
-1.665, 3.240e-4
-1.664, 3.174e-4
-1.663, 3.123e-4
-1.662, 3.066e-4
-1.661, 3.011e-4
-1.660, 2.960e-4
-1.659, 2.903e-4
-1.658, 2.863e-4
-1.657, 2.804e-4
-1.656, 2.762e-4
-1.655, 2.702e-4
-1.654, 2.661e-4
-1.653, 2.611e-4
-1.652, 2.569e-4
-1.651, 2.530e-4
-1.650, 2.484e-4
-1.649, 2.436e-4
-1.648, 2.397e-4
-1.647, 2.349e-4
-1.646, 2.309e-4
-1.645, 2.265e-4
-1.644, 2.226e-4
-1.643, 2.187e-4
-1.642, 2.142e-4
-1.641, 2.103e-4
-1.640, 2.070e-4
-1.639, 2.029e-4
-1.638, 1.990e-4
-1.637, 1.954e-4
-1.636, 1.914e-4
-1.635, 1.880e-4
-1.634, 1.846e-4
-1.633, 1.806e-4
-1.632, 1.771e-4
-1.631, 1.739e-4
-1.630, 1.710e-4
-1.629, 1.674e-4
-1.628, 1.642e-4
-1.627, 1.604e-4
-1.626, 1.588e-4
-1.625, 1.544e-4
-1.624, 1.513e-4
-1.623, 1.484e-4
-1.622, 1.461e-4
-1.621, 1.434e-4
-1.620, 1.397e-4
-1.619, 1.371e-4
-1.618, 1.349e-4
-1.617, 1.319e-4
-1.616, 1.291e-4
-1.615, 1.274e-4
-1.614, 1.241e-4
-1.613, 1.214e-4
-1.612, 1.195e-4
-1.611, 1.171e-4
-1.610, 1.145e-4
-1.609, 1.126e-4
-1.608, 1.103e-4
-1.607, 1.076e-4
-1.606, 1.057e-4
-1.605, 1.041e-4
-1.604, 1.018e-4
-1.603, 9.986e-5
-1.602, 9.784e-5
-1.601, 9.528e-5
-1.600, 9.365e-5
-1.599, 9.213e-5
-1.598, 8.974e-5
-1.597, 8.813e-5
-1.596, 8.646e-5
-1.595, 8.480e-5
-1.594, 8.292e-5
-1.593, 8.088e-5
-1.592, 7.910e-5
-1.591, 7.763e-5
-1.590, 7.621e-5
-1.589, 7.475e-5
-1.588, 7.336e-5
-1.587, 7.131e-5
-1.586, 7.036e-5
-1.585, 6.859e-5
-1.584, 6.745e-5
-1.583, 6.600e-5
-1.582, 6.466e-5
-1.581, 6.320e-5
-1.580, 6.152e-5
-1.579, 6.043e-5
-1.578, 5.906e-5
-1.577, 5.765e-5
-1.576, 5.671e-5
-1.575, 5.539e-5
-1.574, 5.437e-5
-1.573, 5.314e-5
-1.572, 5.220e-5
-1.571, 5.105e-5
-1.570, 4.989e-5
-1.569, 4.908e-5
-1.568, 4.791e-5
-1.567, 4.678e-5
-1.566, 4.585e-5
-1.565, 4.479e-5
-1.564, 4.374e-5
-1.563, 4.297e-5
-1.562, 4.182e-5
-1.561, 4.096e-5
-1.560, 3.993e-5
-1.559, 3.944e-5
-1.558, 3.836e-5
-1.557, 3.765e-5
-1.556, 3.697e-5
-1.555, 3.598e-5
-1.554, 3.516e-5
-1.553, 3.421e-5
-1.552, 3.356e-5
-1.551, 3.301e-5
-1.550, 3.217e-5
-1.549, 3.140e-5
-1.548, 3.073e-5
-1.547, 3.002e-5
-1.546, 2.938e-5
-1.545, 2.866e-5
-1.544, 2.817e-5
-1.543, 2.749e-5
-1.542, 2.684e-5
-1.541, 2.632e-5
-1.540, 2.577e-5
-1.539, 2.503e-5
-1.538, 2.444e-5
-1.537, 2.391e-5
-1.536, 2.333e-5
-1.535, 2.277e-5
-1.534, 2.234e-5
-1.533, 2.179e-5
-1.532, 2.133e-5
-1.531, 2.081e-5
-1.530, 2.041e-5
-1.529, 2.007e-5
-1.528, 1.957e-5
-1.527, 1.899e-5
-1.526, 1.845e-5
-1.525, 1.814e-5
-1.524, 1.781e-5
-1.523, 1.743e-5
-1.522, 1.691e-5
-1.521, 1.662e-5
-1.520, 1.619e-5
-1.519, 1.585e-5
-1.518, 1.546e-5
-1.517, 1.507e-5
-1.516, 1.469e-5
-1.515, 1.439e-5
-1.514, 1.390e-5
-1.513, 1.355e-5
-1.512, 1.331e-5
-1.511, 1.302e-5
-1.510, 1.273e-5
-1.509, 1.238e-5
-1.508, 1.218e-5
-1.507, 1.187e-5
-1.506, 1.153e-5
-1.505, 1.131e-5
-1.504, 1.105e-5
-1.503, 1.071e-5
-1.502, 1.040e-5
-1.501, 1.022e-5
-1.500, 1.003e-5
-1.499, 9.709e-6
-1.498, 9.453e-6
-1.497, 9.323e-6
-1.496, 9.093e-6
-1.495, 8.801e-6
-1.494, 8.578e-6
-1.493, 8.341e-6
-1.492, 8.158e-6
-1.491, 7.964e-6
-1.490, 7.789e-6
-1.489, 7.596e-6
-1.488, 7.391e-6
-1.487, 7.209e-6
-1.486, 7.057e-6
-1.485, 6.882e-6
-1.484, 6.675e-6
-1.483, 6.446e-6
-1.482, 6.298e-6
-1.481, 6.155e-6
-1.480, 6.047e-6
-1.479, 5.990e-6
-1.478, 5.736e-6
-1.477, 5.603e-6
-1.476, 5.455e-6
-1.475, 5.321e-6
-1.474, 5.219e-6
-1.473, 5.114e-6
-1.472, 4.953e-6
-1.471, 4.796e-6
-1.470, 4.668e-6
-1.469, 4.544e-6
-1.468, 4.418e-6
-1.467, 4.313e-6
-1.466, 4.177e-6
-1.465, 4.098e-6
-1.464, 3.998e-6
-1.463, 3.883e-6
-1.462, 3.769e-6
-1.461, 3.667e-6
-1.460, 3.560e-6
-1.459, 3.470e-6
-1.458, 3.393e-6
-1.457, 3.264e-6
-1.456, 3.201e-6
-1.455, 3.157e-6
-1.454, 3.071e-6
-1.453, 3.001e-6
-1.452, 2.905e-6
-1.451, 2.822e-6
-1.450, 2.744e-6
-1.449, 2.659e-6
-1.448, 2.583e-6
-1.447, 2.506e-6
-1.446, 2.445e-6
-1.445, 2.364e-6
-1.444, 2.293e-6
-1.443, 2.241e-6
-1.442, 2.178e-6
-1.441, 2.103e-6
-1.440, 2.058e-6
-1.439, 2.008e-6
-1.438, 1.952e-6
-1.437, 1.872e-6
-1.436, 1.846e-6
-1.435, 1.782e-6
-1.434, 1.715e-6
-1.433, 1.661e-6
-1.432, 1.604e-6
-1.431, 1.545e-6
-1.430, 1.539e-6
-1.429, 1.485e-6
-1.428, 1.416e-6
-1.427, 1.385e-6
-1.426, 1.344e-6
-1.425, 1.283e-6
-1.424, 1.234e-6
-1.423, 1.218e-6
-1.422, 1.172e-6
-1.421, 1.134e-6
-1.420, 1.112e-6
-1.419, 1.068e-6
-1.418, 1.029e-6
-1.417, 9.982e-7
-1.416, 9.499e-7
-1.415, 9.163e-7
-1.414, 8.877e-7
-1.413, 8.236e-7
-1.412, 8.295e-7
-1.411, 7.723e-7
-1.410, 7.447e-7
-1.409, 7.190e-7
-1.408, 6.727e-7
-1.407, 6.539e-7
-1.406, 6.293e-7
-1.405, 5.927e-7
-1.404, 5.691e-7
-1.403, 5.523e-7
-1.402, 5.345e-7
-1.401, 5.069e-7
-1.400, 4.744e-7
-1.399, 4.576e-7
-1.398, 4.300e-7
-1.397, 4.132e-7
-1.396, 3.717e-7
-1.395, 3.451e-7
-1.394, 3.412e-7
-1.393, 3.096e-7
-1.392, 2.899e-7
-1.391, 2.543e-7
-1.390, 2.583e-7
-1.389, 2.514e-7
-1.388, 1.971e-7
-1.387, 1.764e-7
-1.386, 1.616e-7
-1.385, 1.626e-7
-1.384, 1.448e-7
-1.383, 9.748e-8
-1.382, 8.366e-8
-1.381, 7.774e-8
-1.380, 6.294e-8
-1.379, 4.223e-8
-1.378, 9.669e-9
-1.377, 3.749e-9
-1.376, -1.993e-8
-1.375, -3.769e-8
-1.374, -5.446e-8
-1.373, -6.137e-8
-1.372, -7.518e-8
-1.371, -9.590e-8
-1.370, -1.018e-7
-1.369, -1.196e-7
-1.368, -1.373e-7
-1.367, -1.511e-7
-1.366, -1.709e-7
-1.365, -1.610e-7
-1.364, -1.965e-7
-1.363, -2.123e-7
-1.362, -1.936e-7
-1.361, -2.380e-7
-1.360, -2.449e-7
-1.359, -2.478e-7
-1.358, -2.547e-7
-1.357, -2.755e-7
-1.356, -3.041e-7
-1.355, -2.962e-7
-1.354, -3.129e-7
-1.353, -3.376e-7
-1.352, -3.248e-7
-1.351, -3.396e-7
-1.350, -3.544e-7
-1.349, -3.613e-7
-1.348, -3.869e-7
-1.347, -3.988e-7
-1.346, -4.017e-7
-1.345, -4.077e-7
-1.344, -4.264e-7
-1.343, -4.333e-7
-1.342, -4.471e-7
-1.341, -4.481e-7
-1.340, -4.540e-7
-1.339, -4.669e-7
-1.338, -4.945e-7
-1.337, -4.807e-7
-1.336, -4.856e-7
-1.335, -5.162e-7
-1.334, -5.063e-7
-1.333, -5.191e-7
-1.332, -5.211e-7
-1.331, -5.478e-7
-1.330, -5.557e-7
-1.329, -5.389e-7
-1.328, -5.566e-7
-1.327, -5.724e-7
-1.326, -5.724e-7
-1.325, -5.714e-7
-1.324, -6.168e-7
-1.323, -5.981e-7
-1.322, -6.060e-7
-1.321, -6.099e-7
-1.320, -6.267e-7
-1.319, -6.296e-7
-1.318, -6.602e-7
-1.317, -6.346e-7
-1.316, -6.632e-7
-1.315, -6.573e-7
-1.314, -6.681e-7
-1.313, -6.770e-7
-1.312, -6.879e-7
-1.311, -6.701e-7
-1.310, -6.987e-7
-1.309, -6.839e-7
-1.308, -7.125e-7
-1.307, -7.135e-7
-1.306, -7.184e-7
-1.305, -7.273e-7
-1.304, -7.283e-7
-1.303, -7.175e-7
-1.302, -7.382e-7
-1.301, -7.431e-7
-1.300, -7.401e-7
-1.299, -7.678e-7
-1.298, -7.757e-7
-1.297, -7.569e-7
-1.296, -7.707e-7
-1.295, -7.579e-7
-1.294, -7.697e-7
-1.293, -7.984e-7
-1.292, -7.895e-7
-1.291, -7.766e-7
-1.290, -8.132e-7
-1.289, -8.161e-7
-1.288, -8.201e-7
-1.287, -8.132e-7
-1.286, -8.191e-7
-1.285, -8.319e-7
-1.284, -8.250e-7
-1.283, -8.477e-7
-1.282, -8.309e-7
-1.281, -8.467e-7
-1.280, -8.645e-7
-1.279, -8.595e-7
-1.278, -8.704e-7
-1.277, -8.694e-7
-1.276, -8.753e-7
-1.275, -8.526e-7
-1.274, -8.723e-7
-1.273, -8.832e-7
-1.272, -8.812e-7
-1.271, -8.921e-7
-1.270, -8.871e-7
-1.269, -9.138e-7
-1.268, -8.960e-7
-1.267, -9.148e-7
-1.266, -9.335e-7
-1.265, -9.158e-7
-1.264, -9.227e-7
-1.263, -9.118e-7
-1.262, -9.365e-7
-1.261, -9.375e-7
-1.260, -9.306e-7
-1.259, -9.503e-7
-1.258, -9.424e-7
-1.257, -9.592e-7
-1.256, -9.523e-7
-1.255, -9.710e-7
-1.254, -9.661e-7
-1.253, -9.680e-7
-1.252, -9.611e-7
-1.251, -9.838e-7
-1.250, -9.799e-7
-1.249, -9.986e-7
-1.248, -9.868e-7
-1.247, -9.799e-7
-1.246, -9.957e-7
-1.245, -9.907e-7
-1.244, -9.907e-7
-1.243, -1.017e-6
-1.242, -1.015e-6
-1.241, -1.008e-6
-1.240, -1.028e-6
-1.239, -1.018e-6
-1.238, -1.018e-6
-1.237, -1.031e-6
-1.236, -1.029e-6
-1.235, -1.030e-6
-1.234, -1.039e-6
-1.233, -1.041e-6
-1.232, -1.022e-6
-1.231, -1.043e-6
-1.230, -1.053e-6
-1.229, -1.067e-6
-1.228, -1.068e-6
-1.227, -1.073e-6
-1.226, -1.087e-6
-1.225, -1.068e-6
-1.224, -1.075e-6
-1.223, -1.085e-6
-1.222, -1.082e-6
-1.221, -1.096e-6
-1.220, -1.083e-6
-1.219, -1.101e-6
-1.218, -1.087e-6
-1.217, -1.105e-6
-1.216, -1.113e-6
-1.215, -1.102e-6
-1.214, -1.111e-6
-1.213, -1.118e-6
-1.212, -1.116e-6
-1.211, -1.120e-6
-1.210, -1.131e-6
-1.209, -1.142e-6
-1.208, -1.117e-6
-1.207, -1.135e-6
-1.206, -1.134e-6
-1.205, -1.117e-6
-1.204, -1.148e-6
-1.203, -1.145e-6
-1.202, -1.138e-6
-1.201, -1.156e-6
-1.200, -1.149e-6
-1.199, -1.159e-6
-1.198, -1.175e-6
-1.197, -1.174e-6
-1.196, -1.156e-6
-1.195, -1.175e-6
-1.194, -1.179e-6
-1.193, -1.173e-6
-1.192, -1.183e-6
-1.191, -1.173e-6
-1.190, -1.186e-6
-1.189, -1.212e-6
-1.188, -1.211e-6
-1.187, -1.200e-6
-1.186, -1.217e-6
-1.185, -1.195e-6
-1.184, -1.197e-6
-1.183, -1.220e-6
-1.182, -1.215e-6
-1.181, -1.219e-6
-1.180, -1.221e-6
-1.179, -1.220e-6
-1.178, -1.231e-6
-1.177, -1.240e-6
-1.176, -1.233e-6
-1.175, -1.236e-6
-1.174, -1.235e-6
-1.173, -1.247e-6
-1.172, -1.246e-6
-1.171, -1.239e-6
-1.170, -1.264e-6
-1.169, -1.261e-6
-1.168, -1.263e-6
-1.167, -1.264e-6
-1.166, -1.271e-6
-1.165, -1.266e-6
-1.164, -1.295e-6
-1.163, -1.287e-6
-1.162, -1.285e-6
-1.161, -1.295e-6
-1.160, -1.283e-6
-1.159, -1.297e-6
-1.158, -1.307e-6
-1.157, -1.300e-6
-1.156, -1.323e-6
-1.155, -1.311e-6
-1.154, -1.303e-6
-1.153, -1.320e-6
-1.152, -1.320e-6
-1.151, -1.307e-6
-1.150, -1.343e-6
-1.149, -1.351e-6
-1.148, -1.337e-6
-1.147, -1.345e-6
-1.146, -1.360e-6
-1.145, -1.348e-6
-1.144, -1.374e-6
-1.143, -1.370e-6
-1.142, -1.357e-6
-1.141, -1.367e-6
-1.140, -1.379e-6
-1.139, -1.382e-6
-1.138, -1.403e-6
-1.137, -1.392e-6
-1.136, -1.406e-6
-1.135, -1.396e-6
-1.134, -1.404e-6
-1.133, -1.418e-6
-1.132, -1.413e-6
-1.131, -1.410e-6
-1.130, -1.412e-6
-1.129, -1.425e-6
-1.128, -1.425e-6
-1.127, -1.439e-6
-1.126, -1.450e-6
-1.125, -1.440e-6
-1.124, -1.459e-6
-1.123, -1.473e-6
-1.122, -1.472e-6
-1.121, -1.471e-6
-1.120, -1.485e-6
-1.119, -1.482e-6
-1.118, -1.500e-6
-1.117, -1.506e-6
-1.116, -1.509e-6
-1.115, -1.492e-6
-1.114, -1.517e-6
-1.113, -1.531e-6
-1.112, -1.507e-6
-1.111, -1.534e-6
-1.110, -1.545e-6
-1.109, -1.531e-6
-1.108, -1.559e-6
-1.107, -1.559e-6
-1.106, -1.556e-6
-1.105, -1.569e-6
-1.104, -1.588e-6
-1.103, -1.594e-6
-1.102, -1.588e-6
-1.101, -1.610e-6
-1.100, -1.612e-6
-1.099, -1.625e-6
-1.098, -1.627e-6
-1.097, -1.616e-6
-1.096, -1.654e-6
-1.095, -1.637e-6
-1.094, -1.658e-6
-1.093, -1.669e-6
-1.092, -1.660e-6
-1.091, -1.679e-6
-1.090, -1.690e-6
-1.089, -1.688e-6
-1.088, -1.710e-6
-1.087, -1.716e-6
-1.086, -1.727e-6
-1.085, -1.713e-6
-1.084, -1.744e-6
-1.083, -1.752e-6
-1.082, -1.748e-6
-1.081, -1.755e-6
-1.080, -1.766e-6
-1.079, -1.764e-6
-1.078, -1.783e-6
-1.077, -1.794e-6
-1.076, -1.799e-6
-1.075, -1.812e-6
-1.074, -1.828e-6
-1.073, -1.832e-6
-1.072, -1.828e-6
-1.071, -1.853e-6
-1.070, -1.853e-6
-1.069, -1.869e-6
-1.068, -1.892e-6
-1.067, -1.875e-6
-1.066, -1.906e-6
-1.065, -1.908e-6
-1.064, -1.898e-6
-1.063, -1.930e-6
-1.062, -1.927e-6
-1.061, -1.929e-6
-1.060, -1.953e-6
-1.059, -1.984e-6
-1.058, -1.978e-6
-1.057, -1.987e-6
-1.056, -1.996e-6
-1.055, -1.984e-6
-1.054, -2.016e-6
-1.053, -2.020e-6
-1.052, -2.029e-6
-1.051, -2.056e-6
-1.050, -2.053e-6
-1.049, -2.080e-6
-1.048, -2.090e-6
-1.047, -2.104e-6
-1.046, -2.104e-6
-1.045, -2.102e-6
-1.044, -2.129e-6
-1.043, -2.147e-6
-1.042, -2.155e-6
-1.041, -2.172e-6
-1.040, -2.184e-6
-1.039, -2.192e-6
-1.038, -2.203e-6
-1.037, -2.219e-6
-1.036, -2.235e-6
-1.035, -2.245e-6
-1.034, -2.258e-6
-1.033, -2.277e-6
-1.032, -2.293e-6
-1.031, -2.301e-6
-1.030, -2.307e-6
-1.029, -2.327e-6
-1.028, -2.342e-6
-1.027, -2.365e-6
-1.026, -2.373e-6
-1.025, -2.388e-6
-1.024, -2.419e-6
-1.023, -2.446e-6
-1.022, -2.442e-6
-1.021, -2.460e-6
-1.020, -2.487e-6
-1.019, -2.493e-6
-1.018, -2.514e-6
-1.017, -2.528e-6
-1.016, -2.557e-6
-1.015, -2.564e-6
-1.014, -2.582e-6
-1.013, -2.602e-6
-1.012, -2.622e-6
-1.011, -2.647e-6
-1.010, -2.647e-6
-1.009, -2.684e-6
-1.008, -2.689e-6
-1.007, -2.714e-6
-1.006, -2.740e-6
-1.005, -2.748e-6
-1.004, -2.769e-6
-1.003, -2.798e-6
-1.002, -2.811e-6
-1.001, -2.841e-6
-1.000, -2.601e-6
-1.001, -2.369e-6
-1.002, -2.209e-6
-1.003, -2.082e-6
-1.004, -1.965e-6
-1.005, -1.859e-6
-1.006, -1.766e-6
-1.007, -1.664e-6
-1.008, -1.603e-6
-1.009, -1.516e-6
-1.010, -1.450e-6
-1.011, -1.374e-6
-1.012, -1.313e-6
-1.013, -1.248e-6
-1.014, -1.188e-6
-1.015, -1.143e-6
-1.016, -1.086e-6
-1.017, -1.056e-6
-1.018, -9.898e-7
-1.019, -9.414e-7
-1.020, -9.029e-7
-1.021, -8.536e-7
-1.022, -8.260e-7
-1.023, -7.678e-7
-1.024, -7.392e-7
-1.025, -6.987e-7
-1.026, -6.721e-7
-1.027, -6.533e-7
-1.028, -6.070e-7
-1.029, -5.774e-7
-1.030, -5.606e-7
-1.031, -5.172e-7
-1.032, -5.093e-7
-1.033, -4.767e-7
-1.034, -4.481e-7
-1.035, -4.234e-7
-1.036, -4.185e-7
-1.037, -3.751e-7
-1.038, -3.485e-7
-1.039, -3.485e-7
-1.040, -3.100e-7
-1.041, -2.814e-7
-1.042, -2.676e-7
-1.043, -2.459e-7
-1.044, -2.133e-7
-1.045, -2.172e-7
-1.046, -1.906e-7
-1.047, -1.798e-7
-1.048, -1.640e-7
-1.049, -1.433e-7
-1.050, -1.225e-7
-1.051, -1.215e-7
-1.052, -9.392e-8
-1.053, -8.998e-8
-1.054, -6.235e-8
-1.055, -4.657e-8
-1.056, -5.446e-8
-1.057, -2.388e-8
-1.058, 5.722e-9
-1.059, 2.762e-9
-1.060, 1.164e-8
-1.061, 3.236e-8
-1.062, 3.236e-8
-1.063, 7.281e-8
-1.064, 5.703e-8
-1.065, 7.577e-8
-1.066, 9.057e-8
-1.067, 1.014e-7
-1.068, 1.152e-7
-1.069, 1.192e-7
-1.070, 1.379e-7
-1.071, 1.468e-7
-1.072, 1.616e-7
-1.073, 1.586e-7
-1.074, 2.021e-7
-1.075, 1.912e-7
-1.076, 2.050e-7
-1.077, 2.109e-7
-1.078, 2.277e-7
-1.079, 2.514e-7
-1.080, 2.514e-7
-1.081, 2.524e-7
-1.082, 2.652e-7
-1.083, 2.760e-7
-1.084, 2.790e-7
-1.085, 2.908e-7
-1.086, 3.047e-7
-1.087, 2.918e-7
-1.088, 3.313e-7
-1.089, 3.274e-7
-1.090, 3.274e-7
-1.091, 3.461e-7
-1.092, 3.560e-7
-1.093, 3.599e-7
-1.094, 3.648e-7
-1.095, 3.856e-7
-1.096, 3.717e-7
-1.097, 4.043e-7
-1.098, 3.954e-7
-1.099, 4.053e-7
-1.100, 4.201e-7
-1.101, 4.300e-7
-1.102, 4.418e-7
-1.103, 4.428e-7
-1.104, 4.477e-7
-1.105, 4.734e-7
-1.106, 4.704e-7
-1.107, 4.714e-7
-1.108, 4.734e-7
-1.109, 4.921e-7
-1.110, 4.862e-7
-1.111, 4.990e-7
-1.112, 4.931e-7
-1.113, 5.266e-7
-1.114, 5.355e-7
-1.115, 5.257e-7
-1.116, 5.345e-7
-1.117, 5.375e-7
-1.118, 5.483e-7
-1.119, 5.710e-7
-1.120, 5.710e-7
-1.121, 5.858e-7
-1.122, 5.849e-7
-1.123, 5.710e-7
-1.124, 5.888e-7
-1.125, 5.987e-7
-1.126, 5.987e-7
-1.127, 6.273e-7
-1.128, 6.332e-7
-1.129, 6.233e-7
-1.130, 6.549e-7
-1.131, 6.519e-7
-1.132, 6.569e-7
-1.133, 6.549e-7
-1.134, 6.500e-7
-1.135, 6.756e-7
-1.136, 6.707e-7
-1.137, 6.687e-7
-1.138, 6.894e-7
-1.139, 6.973e-7
-1.140, 6.954e-7
-1.141, 7.082e-7
-1.142, 7.141e-7
-1.143, 7.269e-7
-1.144, 7.151e-7
-1.145, 7.397e-7
-1.146, 7.526e-7
-1.147, 7.397e-7
-1.148, 7.476e-7
-1.149, 7.545e-7
-1.150, 7.753e-7
-1.151, 7.674e-7
-1.152, 7.703e-7
-1.153, 8.019e-7
-1.154, 7.891e-7
-1.155, 7.901e-7
-1.156, 8.078e-7
-1.157, 8.098e-7
-1.158, 8.305e-7
-1.159, 8.246e-7
-1.160, 8.236e-7
-1.161, 8.197e-7
-1.162, 8.493e-7
-1.163, 8.394e-7
-1.164, 8.384e-7
-1.165, 8.611e-7
-1.166, 8.700e-7
-1.167, 8.828e-7
-1.168, 8.808e-7
-1.169, 8.946e-7
-1.170, 8.927e-7
-1.171, 8.946e-7
-1.172, 9.006e-7
-1.173, 9.085e-7
-1.174, 9.085e-7
-1.175, 9.242e-7
-1.176, 9.104e-7
-1.177, 9.262e-7
-1.178, 9.548e-7
-1.179, 9.390e-7
-1.180, 9.499e-7
-1.181, 9.529e-7
-1.182, 9.499e-7
-1.183, 9.815e-7
-1.184, 9.765e-7
-1.185, 9.815e-7
-1.186, 9.864e-7
-1.187, 9.923e-7
-1.188, 9.982e-7
-1.189, 1.018e-6
-1.190, 1.007e-6
-1.191, 1.024e-6
-1.192, 1.014e-6
-1.193, 1.031e-6
-1.194, 1.034e-6
-1.195, 1.057e-6
-1.196, 1.043e-6
-1.197, 1.063e-6
-1.198, 1.071e-6
-1.199, 1.068e-6
-1.200, 1.072e-6
-1.201, 1.074e-6
-1.202, 1.089e-6
-1.203, 1.101e-6
-1.204, 1.090e-6
-1.205, 1.113e-6
-1.206, 1.102e-6
-1.207, 1.118e-6
-1.208, 1.128e-6
-1.209, 1.120e-6
-1.210, 1.127e-6
-1.211, 1.153e-6
-1.212, 1.149e-6
-1.213, 1.157e-6
-1.214, 1.165e-6
-1.215, 1.160e-6
-1.216, 1.171e-6
-1.217, 1.170e-6
-1.218, 1.170e-6
-1.219, 1.192e-6
-1.220, 1.198e-6
-1.221, 1.195e-6
-1.222, 1.211e-6
-1.223, 1.223e-6
-1.224, 1.221e-6
-1.225, 1.217e-6
-1.226, 1.230e-6
-1.227, 1.219e-6
-1.228, 1.244e-6
-1.229, 1.259e-6
-1.230, 1.279e-6
-1.231, 1.268e-6
-1.232, 1.262e-6
-1.233, 1.292e-6
-1.234, 1.279e-6
-1.235, 1.294e-6
-1.236, 1.305e-6
-1.237, 1.308e-6
-1.238, 1.318e-6
-1.239, 1.318e-6
-1.240, 1.319e-6
-1.241, 1.328e-6
-1.242, 1.347e-6
-1.243, 1.357e-6
-1.244, 1.348e-6
-1.245, 1.373e-6
-1.246, 1.365e-6
-1.247, 1.369e-6
-1.248, 1.378e-6
-1.249, 1.380e-6
-1.250, 1.400e-6
-1.251, 1.404e-6
-1.252, 1.387e-6
-1.253, 1.417e-6
-1.254, 1.426e-6
-1.255, 1.423e-6
-1.256, 1.436e-6
-1.257, 1.451e-6
-1.258, 1.453e-6
-1.259, 1.459e-6
-1.260, 1.457e-6
-1.261, 1.465e-6
-1.262, 1.484e-6
-1.263, 1.478e-6
-1.264, 1.502e-6
-1.265, 1.495e-6
-1.266, 1.499e-6
-1.267, 1.497e-6
-1.268, 1.531e-6
-1.269, 1.519e-6
-1.270, 1.525e-6
-1.271, 1.542e-6
-1.272, 1.537e-6
-1.273, 1.561e-6
-1.274, 1.546e-6
-1.275, 1.564e-6
-1.276, 1.582e-6
-1.277, 1.562e-6
-1.278, 1.577e-6
-1.279, 1.583e-6
-1.280, 1.610e-6
-1.281, 1.602e-6
-1.282, 1.604e-6
-1.283, 1.624e-6
-1.284, 1.629e-6
-1.285, 1.633e-6
-1.286, 1.642e-6
-1.287, 1.653e-6
-1.288, 1.648e-6
-1.289, 1.657e-6
-1.290, 1.682e-6
-1.291, 1.679e-6
-1.292, 1.670e-6
-1.293, 1.697e-6
-1.294, 1.715e-6
-1.295, 1.708e-6
-1.296, 1.721e-6
-1.297, 1.709e-6
-1.298, 1.739e-6
-1.299, 1.729e-6
-1.300, 1.740e-6
-1.301, 1.763e-6
-1.302, 1.750e-6
-1.303, 1.766e-6
-1.304, 1.770e-6
-1.305, 1.780e-6
-1.306, 1.786e-6
-1.307, 1.809e-6
-1.308, 1.807e-6
-1.309, 1.801e-6
-1.310, 1.817e-6
-1.311, 1.820e-6
-1.312, 1.844e-6
-1.313, 1.829e-6
-1.314, 1.825e-6
-1.315, 1.856e-6
-1.316, 1.857e-6
-1.317, 1.868e-6
-1.318, 1.881e-6
-1.319, 1.887e-6
-1.320, 1.890e-6
-1.321, 1.881e-6
-1.322, 1.906e-6
-1.323, 1.913e-6
-1.324, 1.917e-6
-1.325, 1.916e-6
-1.326, 1.936e-6
-1.327, 1.933e-6
-1.328, 1.940e-6
-1.329, 1.956e-6
-1.330, 1.971e-6
-1.331, 1.976e-6
-1.332, 1.966e-6
-1.333, 2.002e-6
-1.334, 1.995e-6
-1.335, 2.011e-6
-1.336, 2.013e-6
-1.337, 2.012e-6
-1.338, 2.039e-6
-1.339, 2.027e-6
-1.340, 2.042e-6
-1.341, 2.046e-6
-1.342, 2.058e-6
-1.343, 2.063e-6
-1.344, 2.078e-6
-1.345, 2.092e-6
-1.346, 2.091e-6
-1.347, 2.109e-6
-1.348, 2.115e-6
-1.349, 2.110e-6
-1.350, 2.140e-6
-1.351, 2.119e-6
-1.352, 2.129e-6
-1.353, 2.158e-6
-1.354, 2.157e-6
-1.355, 2.164e-6
-1.356, 2.184e-6
-1.357, 2.204e-6
-1.358, 2.207e-6
-1.359, 2.201e-6
-1.360, 2.212e-6
-1.361, 2.230e-6
-1.362, 2.228e-6
-1.363, 2.260e-6
-1.364, 2.248e-6
-1.365, 2.256e-6
-1.366, 2.260e-6
-1.367, 2.303e-6
-1.368, 2.294e-6
-1.369, 2.312e-6
-1.370, 2.327e-6
-1.371, 2.340e-6
-1.372, 2.334e-6
-1.373, 2.352e-6
-1.374, 2.358e-6
-1.375, 2.378e-6
-1.376, 2.383e-6
-1.377, 2.387e-6
-1.378, 2.407e-6
-1.379, 2.422e-6
-1.380, 2.424e-6
-1.381, 2.458e-6
-1.382, 2.451e-6
-1.383, 2.485e-6
-1.384, 2.473e-6
-1.385, 2.505e-6
-1.386, 2.518e-6
-1.387, 2.505e-6
-1.388, 2.524e-6
-1.389, 2.551e-6
-1.390, 2.570e-6
-1.391, 2.577e-6
-1.392, 2.590e-6
-1.393, 2.605e-6
-1.394, 2.631e-6
-1.395, 2.668e-6
-1.396, 2.646e-6
-1.397, 2.674e-6
-1.398, 2.700e-6
-1.399, 2.710e-6
-1.400, 2.725e-6
-1.401, 2.742e-6
-1.402, 2.748e-6
-1.403, 2.777e-6
-1.404, 2.799e-6
-1.405, 2.804e-6
-1.406, 2.829e-6
-1.407, 2.835e-6
-1.408, 2.872e-6
-1.409, 2.870e-6
-1.410, 2.905e-6
-1.411, 2.924e-6
-1.412, 2.956e-6
-1.413, 2.966e-6
-1.414, 2.992e-6
-1.415, 3.014e-6
-1.416, 3.006e-6
-1.417, 3.040e-6
-1.418, 3.045e-6
-1.419, 3.053e-6
-1.420, 3.084e-6
-1.421, 3.133e-6
-1.422, 3.123e-6
-1.423, 3.170e-6
-1.424, 3.183e-6
-1.425, 3.208e-6
-1.426, 3.237e-6
-1.427, 3.272e-6
-1.428, 3.335e-6
-1.429, 3.325e-6
-1.430, 3.347e-6
-1.431, 3.396e-6
-1.432, 3.393e-6
-1.433, 3.457e-6
-1.434, 3.492e-6
-1.435, 3.524e-6
-1.436, 3.536e-6
-1.437, 3.578e-6
-1.438, 3.593e-6
-1.439, 3.624e-6
-1.440, 3.676e-6
-1.441, 3.693e-6
-1.442, 3.737e-6
-1.443, 3.764e-6
-1.444, 3.786e-6
-1.445, 3.841e-6
-1.446, 3.890e-6
-1.447, 3.922e-6
-1.448, 3.968e-6
-1.449, 4.001e-6
-1.450, 4.045e-6
-1.451, 4.089e-6
-1.452, 4.116e-6
-1.453, 4.176e-6
-1.454, 4.201e-6
-1.455, 4.252e-6
-1.456, 4.296e-6
-1.457, 4.351e-6
-1.458, 4.405e-6
-1.459, 4.448e-6
-1.460, 4.502e-6
-1.461, 4.570e-6
-1.462, 4.610e-6
-1.463, 4.663e-6
-1.464, 4.713e-6
-1.465, 4.748e-6
-1.466, 4.820e-6
-1.467, 4.864e-6
-1.468, 4.928e-6
-1.469, 4.970e-6
-1.470, 4.997e-6
-1.471, 5.048e-6
-1.472, 5.126e-6
-1.473, 5.176e-6
-1.474, 5.238e-6
-1.475, 5.304e-6
-1.476, 5.374e-6
-1.477, 5.415e-6
-1.478, 5.494e-6
-1.479, 5.562e-6
-1.480, 5.633e-6
-1.481, 5.688e-6
-1.482, 5.785e-6
-1.483, 5.857e-6
-1.484, 5.933e-6
-1.485, 6.002e-6
-1.486, 6.083e-6
-1.487, 6.164e-6
-1.488, 6.258e-6
-1.489, 6.323e-6
-1.490, 6.384e-6
-1.491, 6.476e-6
-1.492, 6.567e-6
-1.493, 6.661e-6
-1.494, 6.733e-6
-1.495, 6.838e-6
-1.496, 6.941e-6
-1.497, 7.029e-6
-1.498, 7.174e-6
-1.499, 7.275e-6
-1.500, 7.356e-6
-1.501, 7.457e-6
-1.502, 7.582e-6
-1.503, 7.653e-6
-1.504, 7.771e-6
-1.505, 7.871e-6
-1.506, 7.958e-6
-1.507, 8.044e-6
-1.508, 8.169e-6
-1.509, 8.266e-6
-1.510, 8.408e-6
-1.511, 8.539e-6
-1.512, 8.679e-6
-1.513, 8.811e-6
-1.514, 8.901e-6
-1.515, 9.016e-6
-1.516, 9.140e-6
-1.517, 9.242e-6
-1.518, 9.413e-6
-1.519, 9.550e-6
-1.520, 9.698e-6
-1.521, 9.886e-6
-1.522, 1.003e-5
-1.523, 1.026e-5
-1.524, 1.038e-5
-1.525, 1.054e-5
-1.526, 1.068e-5
-1.527, 1.085e-5
-1.528, 1.100e-5
-1.529, 1.124e-5
-1.530, 1.146e-5
-1.531, 1.165e-5
-1.532, 1.182e-5
-1.533, 1.202e-5
-1.534, 1.217e-5
-1.535, 1.239e-5
-1.536, 1.261e-5
-1.537, 1.280e-5
-1.538, 1.301e-5
-1.539, 1.311e-5
-1.540, 1.332e-5
-1.541, 1.355e-5
-1.542, 1.383e-5
-1.543, 1.402e-5
-1.544, 1.418e-5
-1.545, 1.439e-5
-1.546, 1.460e-5
-1.547, 1.488e-5
-1.548, 1.520e-5
-1.549, 1.542e-5
-1.550, 1.564e-5
-1.551, 1.591e-5
-1.552, 1.610e-5
-1.553, 1.639e-5
-1.554, 1.670e-5
-1.555, 1.703e-5
-1.556, 1.732e-5
-1.557, 1.761e-5
-1.558, 1.799e-5
-1.559, 1.829e-5
-1.560, 1.852e-5
-1.561, 1.877e-5
-1.562, 1.920e-5
-1.563, 1.954e-5
-1.564, 1.979e-5
-1.565, 2.010e-5
-1.566, 2.053e-5
-1.567, 2.105e-5
-1.568, 2.131e-5
-1.569, 2.168e-5
-1.570, 2.208e-5
-1.571, 2.252e-5
-1.572, 2.303e-5
-1.573, 2.333e-5
-1.574, 2.383e-5
-1.575, 2.434e-5
-1.576, 2.481e-5
-1.577, 2.520e-5
-1.578, 2.570e-5
-1.579, 2.600e-5
-1.580, 2.679e-5
-1.581, 2.735e-5
-1.582, 2.783e-5
-1.583, 2.863e-5
-1.584, 2.910e-5
-1.585, 2.986e-5
-1.586, 3.018e-5
-1.587, 3.091e-5
-1.588, 3.133e-5
-1.589, 3.174e-5
-1.590, 3.263e-5
-1.591, 3.324e-5
-1.592, 3.353e-5
-1.593, 3.440e-5
-1.594, 3.494e-5
-1.595, 3.563e-5
-1.596, 3.651e-5
-1.597, 3.701e-5
-1.598, 3.774e-5
-1.599, 3.856e-5
-1.600, 3.927e-5
-1.601, 4.034e-5
-1.602, 4.081e-5
-1.603, 4.211e-5
-1.604, 4.288e-5
-1.605, 4.394e-5
-1.606, 4.473e-5
-1.607, 4.546e-5
-1.608, 4.649e-5
-1.609, 4.717e-5
-1.610, 4.850e-5
-1.611, 4.905e-5
-1.612, 5.046e-5
-1.613, 5.136e-5
-1.614, 5.250e-5
-1.615, 5.366e-5
-1.616, 5.486e-5
-1.617, 5.563e-5
-1.618, 5.696e-5
-1.619, 5.784e-5
-1.620, 5.922e-5
-1.621, 6.086e-5
-1.622, 6.216e-5
-1.623, 6.364e-5
-1.624, 6.503e-5
-1.625, 6.624e-5
-1.626, 6.817e-5
-1.627, 6.952e-5
-1.628, 7.113e-5
-1.629, 7.271e-5
-1.630, 7.410e-5
-1.631, 7.539e-5
-1.632, 7.720e-5
-1.633, 7.890e-5
-1.634, 8.103e-5
-1.635, 8.251e-5
-1.636, 8.473e-5
-1.637, 8.603e-5
-1.638, 8.725e-5
-1.639, 8.933e-5
-1.640, 9.109e-5
-1.641, 9.318e-5
-1.642, 9.533e-5
-1.643, 9.771e-5
-1.644, 9.999e-5
-1.645, 1.018e-4
-1.646, 1.047e-4
-1.647, 1.064e-4
-1.648, 1.089e-4
-1.649, 1.113e-4
-1.650, 1.140e-4
-1.651, 1.171e-4
-1.652, 1.194e-4
-1.653, 1.224e-4
-1.654, 1.249e-4
-1.655, 1.283e-4
-1.656, 1.307e-4
-1.657, 1.337e-4
-1.658, 1.373e-4
-1.659, 1.406e-4
-1.660, 1.440e-4
-1.661, 1.469e-4
-1.662, 1.505e-4
-1.663, 1.533e-4
-1.664, 1.575e-4
-1.665, 1.613e-4
-1.666, 1.662e-4
-1.667, 1.690e-4
-1.668, 1.722e-4
-1.669, 1.768e-4
-1.670, 1.812e-4
-1.671, 1.850e-4
-1.672, 1.898e-4
-1.673, 1.940e-4
-1.674, 1.991e-4
-1.675, 2.031e-4
-1.676, 2.084e-4
-1.677, 2.131e-4
-1.678, 2.170e-4
-1.679, 2.228e-4
-1.680, 2.281e-4
-1.681, 2.318e-4
-1.682, 2.369e-4
-1.683, 2.430e-4
-1.684, 2.491e-4
-1.685, 2.551e-4
-1.686, 2.618e-4
-1.687, 2.673e-4
-1.688, 2.733e-4
-1.689, 2.794e-4
-1.690, 2.854e-4
-1.691, 2.934e-4
-1.692, 3.010e-4
-1.693, 3.087e-4
-1.694, 3.157e-4
-1.695, 3.243e-4
-1.696, 3.306e-4
-1.697, 3.367e-4
-1.698, 3.452e-4
-1.699, 3.536e-4
-1.700, 3.621e-4
-1.701, 3.702e-4
-1.702, 3.807e-4
-1.703, 3.879e-4
-1.704, 3.979e-4
-1.705, 4.068e-4
-1.706, 4.171e-4
-1.707, 4.265e-4
-1.708, 4.371e-4
-1.709, 4.470e-4
-1.710, 4.579e-4
-1.711, 4.678e-4
-1.712, 4.796e-4
-1.713, 4.904e-4
-1.714, 5.021e-4
-1.715, 5.136e-4
-1.716, 5.252e-4
-1.717, 5.373e-4
-1.718, 5.489e-4
-1.719, 5.613e-4
-1.720, 5.738e-4
-1.721, 5.866e-4
-1.722, 5.996e-4
-1.723, 6.127e-4
-1.724, 6.267e-4
-1.725, 6.393e-4
-1.726, 6.531e-4
-1.727, 6.666e-4
-1.728, 6.797e-4
-1.729, 6.959e-4
-1.730, 7.128e-4
-1.731, 7.295e-4
-1.732, 7.439e-4
-1.733, 7.600e-4
-1.734, 7.772e-4
-1.735, 7.925e-4
-1.736, 8.091e-4
-1.737, 8.271e-4
-1.738, 8.446e-4
-1.739, 8.626e-4
-1.740, 8.794e-4
-1.741, 8.989e-4
-1.742, 9.159e-4
-1.743, 9.352e-4
-1.744, 9.543e-4
-1.745, 9.737e-4
-1.746, 9.939e-4
-1.747, 1.013e-3
-1.748, 1.034e-3
-1.749, 1.053e-3
-1.750, 1.075e-3
-1.751, 1.098e-3
-1.752, 1.121e-3
-1.753, 1.143e-3
-1.754, 1.165e-3
-1.755, 1.188e-3
-1.756, 1.211e-3
-1.757, 1.234e-3
-1.758, 1.257e-3
-1.759, 1.281e-3
-1.760, 1.305e-3
-1.761, 1.328e-3
-1.762, 1.353e-3
-1.763, 1.379e-3
-1.764, 1.404e-3
-1.765, 1.428e-3
-1.766, 1.454e-3
-1.767, 1.479e-3
-1.768, 1.505e-3
-1.769, 1.532e-3
-1.770, 1.560e-3
-1.771, 1.586e-3
-1.772, 1.614e-3
-1.773, 1.641e-3
-1.774, 1.669e-3
-1.775, 1.699e-3
-1.776, 1.725e-3
-1.777, 1.754e-3
-1.778, 1.786e-3
-1.779, 1.814e-3
-1.780, 1.844e-3
-1.781, 1.876e-3
-1.782, 1.905e-3
-1.783, 1.936e-3
-1.784, 1.968e-3
-1.785, 1.999e-3
-1.786, 2.033e-3
-1.787, 2.066e-3
-1.788, 2.095e-3
-1.789, 2.129e-3
-1.790, 2.161e-3
-1.791, 2.193e-3
-1.792, 2.228e-3
-1.793, 2.261e-3
-1.794, 2.287e-3
-1.795, 2.320e-3
-1.796, 2.356e-3
-1.797, 2.388e-3
-1.798, 2.423e-3
-1.799, 2.456e-3
-1.800, 2.488e-3
-1.801, 2.526e-3
-1.802, 2.563e-3
-1.803, 2.594e-3
-1.804, 2.629e-3
-1.805, 2.666e-3
-1.806, 2.700e-3
-1.807, 2.737e-3
-1.808, 2.773e-3
-1.809, 2.809e-3
-1.810, 2.845e-3
-1.811, 2.882e-3
-1.812, 2.920e-3
-1.813, 2.958e-3
-1.814, 2.996e-3
-1.815, 3.034e-3
-1.816, 3.076e-3
-1.817, 3.117e-3
-1.818, 3.157e-3
-1.819, 3.193e-3
-1.820, 3.232e-3
-1.821, 3.272e-3
-1.822, 3.311e-3
-1.823, 3.349e-3
-1.824, 3.388e-3
-1.825, 3.426e-3
-1.826, 3.465e-3
-1.827, 3.506e-3
-1.828, 3.548e-3
-1.829, 3.590e-3
-1.830, 3.629e-3
-1.831, 3.669e-3
-1.832, 3.712e-3
-1.833, 3.752e-3
-1.834, 3.792e-3
-1.835, 3.833e-3
-1.836, 3.876e-3
-1.837, 3.922e-3
-1.838, 3.967e-3
-1.839, 4.007e-3
-1.840, 4.050e-3
-1.841, 4.094e-3
-1.842, 4.138e-3
-1.843, 4.181e-3
-1.844, 4.224e-3
-1.845, 4.267e-3
-1.846, 4.311e-3
-1.847, 4.356e-3
-1.848, 4.403e-3
-1.849, 4.445e-3
-1.850, 4.486e-3
-1.851, 4.534e-3
-1.852, 4.576e-3
-1.853, 4.619e-3
-1.854, 4.662e-3
-1.855, 4.714e-3
-1.856, 4.758e-3
-1.857, 4.805e-3
-1.858, 4.855e-3
-1.859, 4.904e-3
-1.860, 4.945e-3
-1.861, 4.988e-3
-1.862, 5.035e-3
-1.863, 5.083e-3
-1.864, 5.127e-3
-1.865, 5.170e-3
-1.866, 5.213e-3
-1.867, 5.252e-3
-1.868, 5.298e-3
-1.869, 5.347e-3
-1.870, 5.395e-3
-1.871, 5.438e-3
-1.872, 5.482e-3
-1.873, 5.523e-3
-1.874, 5.571e-3
-1.875, 5.614e-3
-1.876, 5.662e-3
-1.877, 5.711e-3
-1.878, 5.764e-3
-1.879, 5.812e-3
-1.880, 5.856e-3
-1.881, 5.904e-3
-1.882, 5.947e-3
-1.883, 5.994e-3
-1.884, 6.043e-3
-1.885, 6.093e-3
-1.886, 6.150e-3
-1.887, 6.194e-3
-1.888, 6.256e-3
-1.889, 6.310e-3
-1.890, 6.354e-3
-1.891, 6.407e-3
-1.892, 6.455e-3
-1.893, 6.507e-3
-1.894, 6.558e-3
-1.895, 6.607e-3
-1.896, 6.668e-3
-1.897, 6.726e-3
-1.898, 6.774e-3
-1.899, 6.813e-3
-1.900, 6.823e-3
-1.899, 6.806e-3
-1.898, 6.788e-3
-1.897, 6.750e-3
-1.896, 6.703e-3
-1.895, 6.674e-3
-1.894, 6.617e-3
-1.893, 6.558e-3
-1.892, 6.496e-3
-1.891, 6.477e-3
-1.890, 6.441e-3
-1.889, 6.389e-3
-1.888, 6.331e-3
-1.887, 6.284e-3
-1.886, 6.238e-3
-1.885, 6.211e-3
-1.884, 6.166e-3
-1.883, 6.122e-3
-1.882, 6.082e-3
-1.881, 6.049e-3
-1.880, 6.006e-3
-1.879, 5.974e-3
-1.878, 5.920e-3
-1.877, 5.883e-3
-1.876, 5.834e-3
-1.875, 5.790e-3
-1.874, 5.756e-3
-1.873, 5.717e-3
-1.872, 5.661e-3
-1.871, 5.628e-3
-1.870, 5.595e-3
-1.869, 5.592e-3
-1.868, 5.551e-3
-1.867, 5.509e-3
-1.866, 5.459e-3
-1.865, 5.410e-3
-1.864, 5.354e-3
-1.863, 5.310e-3
-1.862, 5.277e-3
-1.861, 5.238e-3
-1.860, 5.196e-3
-1.859, 5.152e-3
-1.858, 5.120e-3
-1.857, 5.073e-3
-1.856, 5.032e-3
-1.855, 4.991e-3
-1.854, 4.942e-3
-1.853, 4.904e-3
-1.852, 4.868e-3
-1.851, 4.832e-3
-1.850, 4.788e-3
-1.849, 4.741e-3
-1.848, 4.703e-3
-1.847, 4.680e-3
-1.846, 4.633e-3
-1.845, 4.583e-3
-1.844, 4.577e-3
-1.843, 4.539e-3
-1.842, 4.508e-3
-1.841, 4.469e-3
-1.840, 4.426e-3
-1.839, 4.385e-3
-1.838, 4.353e-3
-1.837, 4.313e-3
-1.836, 4.295e-3
-1.835, 4.265e-3
-1.834, 4.228e-3
-1.833, 4.193e-3
-1.832, 4.157e-3
-1.831, 4.123e-3
-1.830, 4.088e-3
-1.829, 4.049e-3
-1.828, 4.012e-3
-1.827, 3.973e-3
-1.826, 3.938e-3
-1.825, 3.912e-3
-1.824, 3.877e-3
-1.823, 3.841e-3
-1.822, 3.807e-3
-1.821, 3.776e-3
-1.820, 3.744e-3
-1.819, 3.719e-3
-1.818, 3.685e-3
-1.817, 3.653e-3
-1.816, 3.622e-3
-1.815, 3.591e-3
-1.814, 3.555e-3
-1.813, 3.522e-3
-1.812, 3.490e-3
-1.811, 3.459e-3
-1.810, 3.432e-3
-1.809, 3.402e-3
-1.808, 3.374e-3
-1.807, 3.343e-3
-1.806, 3.311e-3
-1.805, 3.281e-3
-1.804, 3.248e-3
-1.803, 3.219e-3
-1.802, 3.186e-3
-1.801, 3.154e-3
-1.800, 3.127e-3
-1.799, 3.097e-3
-1.798, 3.065e-3
-1.797, 3.034e-3
-1.796, 3.001e-3
-1.795, 2.970e-3
-1.794, 2.943e-3
-1.793, 2.916e-3
-1.792, 2.888e-3
-1.791, 2.862e-3
-1.790, 2.837e-3
-1.789, 2.809e-3
-1.788, 2.781e-3
-1.787, 2.754e-3
-1.786, 2.725e-3
-1.785, 2.697e-3
-1.784, 2.670e-3
-1.783, 2.642e-3
-1.782, 2.617e-3
-1.781, 2.591e-3
-1.780, 2.565e-3
-1.779, 2.537e-3
-1.778, 2.509e-3
-1.777, 2.480e-3
-1.776, 2.455e-3
-1.775, 2.429e-3
-1.774, 2.404e-3
-1.773, 2.375e-3
-1.772, 2.348e-3
-1.771, 2.321e-3
-1.770, 2.303e-3
-1.769, 2.277e-3
-1.768, 2.250e-3
-1.767, 2.224e-3
-1.766, 2.200e-3
-1.765, 2.178e-3
-1.764, 2.153e-3
-1.763, 2.129e-3
-1.762, 2.109e-3
-1.761, 2.083e-3
-1.760, 2.059e-3
-1.759, 2.036e-3
-1.758, 2.013e-3
-1.757, 1.995e-3
-1.756, 1.971e-3
-1.755, 1.947e-3
-1.754, 1.924e-3
-1.753, 1.901e-3
-1.752, 1.879e-3
-1.751, 1.857e-3
-1.750, 1.835e-3
-1.749, 1.813e-3
-1.748, 1.791e-3
-1.747, 1.770e-3
-1.746, 1.749e-3
-1.745, 1.727e-3
-1.744, 1.706e-3
-1.743, 1.685e-3
-1.742, 1.663e-3
-1.741, 1.644e-3
-1.740, 1.622e-3
-1.739, 1.602e-3
-1.738, 1.583e-3
-1.737, 1.563e-3
-1.736, 1.543e-3
-1.735, 1.524e-3
-1.734, 1.508e-3
-1.733, 1.490e-3
-1.732, 1.469e-3
-1.731, 1.451e-3
-1.730, 1.431e-3
-1.729, 1.412e-3
-1.728, 1.393e-3
-1.727, 1.376e-3
-1.726, 1.358e-3
-1.725, 1.341e-3
-1.724, 1.323e-3
-1.723, 1.305e-3
-1.722, 1.288e-3
-1.721, 1.270e-3
-1.720, 1.253e-3
-1.719, 1.236e-3
-1.718, 1.218e-3
-1.717, 1.202e-3
-1.716, 1.185e-3
-1.715, 1.168e-3
-1.714, 1.152e-3
-1.713, 1.136e-3
-1.712, 1.121e-3
-1.711, 1.105e-3
-1.710, 1.090e-3
-1.709, 1.073e-3
-1.708, 1.057e-3
-1.707, 1.043e-3
-1.706, 1.031e-3
-1.705, 1.016e-3
-1.704, 1.001e-3
-1.703, 9.872e-4
-1.702, 9.732e-4
-1.701, 9.572e-4
-1.700, 9.430e-4
-1.699, 9.291e-4
-1.698, 9.147e-4
-1.697, 9.032e-4
-1.696, 8.887e-4
-1.695, 8.750e-4
-1.694, 8.626e-4
-1.693, 8.501e-4
-1.692, 8.367e-4
-1.691, 8.236e-4
-1.690, 8.126e-4
-1.689, 7.994e-4
-1.688, 7.901e-4
-1.687, 7.794e-4
-1.686, 7.664e-4
-1.685, 7.555e-4
-1.684, 7.430e-4
-1.683, 7.328e-4
-1.682, 7.213e-4
-1.681, 7.099e-4
-1.680, 6.987e-4
-1.679, 6.870e-4
-1.678, 6.768e-4
-1.677, 6.665e-4
-1.676, 6.544e-4
-1.675, 6.445e-4
-1.674, 6.337e-4
-1.673, 6.252e-4
-1.672, 6.142e-4
-1.671, 6.049e-4
-1.670, 5.949e-4
-1.669, 5.847e-4
-1.668, 5.755e-4
-1.667, 5.653e-4
-1.666, 5.566e-4
-1.665, 5.470e-4
-1.664, 5.378e-4
-1.663, 5.288e-4
-1.662, 5.199e-4
-1.661, 5.114e-4
-1.660, 5.024e-4
-1.659, 4.936e-4
-1.658, 4.858e-4
-1.657, 4.759e-4
-1.656, 4.687e-4
-1.655, 4.608e-4
-1.654, 4.534e-4
-1.653, 4.458e-4
-1.652, 4.380e-4
-1.651, 4.308e-4
-1.650, 4.231e-4
-1.649, 4.160e-4
-1.648, 4.091e-4
-1.647, 4.017e-4
-1.646, 3.954e-4
-1.645, 3.876e-4
-1.644, 3.809e-4
-1.643, 3.742e-4
-1.642, 3.682e-4
-1.641, 3.608e-4
-1.640, 3.548e-4
-1.639, 3.484e-4
-1.638, 3.427e-4
-1.637, 3.371e-4
-1.636, 3.310e-4
-1.635, 3.246e-4
-1.634, 3.186e-4
-1.633, 3.127e-4
-1.632, 3.069e-4
-1.631, 3.016e-4
-1.630, 2.964e-4
-1.629, 2.915e-4
-1.628, 2.855e-4
-1.627, 2.805e-4
-1.626, 2.758e-4
-1.625, 2.705e-4
-1.624, 2.661e-4
-1.623, 2.605e-4
-1.622, 2.557e-4
-1.621, 2.512e-4
-1.620, 2.460e-4
-1.619, 2.420e-4
-1.618, 2.367e-4
-1.617, 2.327e-4
-1.616, 2.284e-4
-1.615, 2.241e-4
-1.614, 2.201e-4
-1.613, 2.155e-4
-1.612, 2.119e-4
-1.611, 2.070e-4
-1.610, 2.029e-4
-1.609, 1.991e-4
-1.608, 1.954e-4
-1.607, 1.922e-4
-1.606, 1.884e-4
-1.605, 1.844e-4
-1.604, 1.814e-4
-1.603, 1.776e-4
-1.602, 1.746e-4
-1.601, 1.706e-4
-1.600, 1.673e-4
-1.599, 1.641e-4
-1.598, 1.611e-4
-1.597, 1.580e-4
-1.596, 1.550e-4
-1.595, 1.515e-4
-1.594, 1.489e-4
-1.593, 1.462e-4
-1.592, 1.429e-4
-1.591, 1.403e-4
-1.590, 1.375e-4
-1.589, 1.352e-4
-1.588, 1.324e-4
-1.587, 1.297e-4
-1.586, 1.274e-4
-1.585, 1.248e-4
-1.584, 1.226e-4
-1.583, 1.202e-4
-1.582, 1.178e-4
-1.581, 1.154e-4
-1.580, 1.130e-4
-1.579, 1.099e-4
-1.578, 1.083e-4
-1.577, 1.062e-4
-1.576, 1.041e-4
-1.575, 1.021e-4
-1.574, 1.001e-4
-1.573, 9.785e-5
-1.572, 9.571e-5
-1.571, 9.411e-5
-1.570, 9.203e-5
-1.569, 9.014e-5
-1.568, 8.853e-5
-1.567, 8.654e-5
-1.566, 8.475e-5
-1.565, 8.353e-5
-1.564, 8.173e-5
-1.563, 7.984e-5
-1.562, 7.802e-5
-1.561, 7.665e-5
-1.560, 7.510e-5
-1.559, 7.337e-5
-1.558, 7.195e-5
-1.557, 7.068e-5
-1.556, 6.903e-5
-1.555, 6.739e-5
-1.554, 6.593e-5
-1.553, 6.473e-5
-1.552, 6.298e-5
-1.551, 6.204e-5
-1.550, 6.068e-5
-1.549, 5.948e-5
-1.548, 5.841e-5
-1.547, 5.716e-5
-1.546, 5.581e-5
-1.545, 5.465e-5
-1.544, 5.348e-5
-1.543, 5.231e-5
-1.542, 5.102e-5
-1.541, 5.040e-5
-1.540, 4.932e-5
-1.539, 4.801e-5
-1.538, 4.688e-5
-1.537, 4.585e-5
-1.536, 4.510e-5
-1.535, 4.411e-5
-1.534, 4.335e-5
-1.533, 4.222e-5
-1.532, 4.115e-5
-1.531, 4.032e-5
-1.530, 3.970e-5
-1.529, 3.886e-5
-1.528, 3.796e-5
-1.527, 3.716e-5
-1.526, 3.614e-5
-1.525, 3.530e-5
-1.524, 3.466e-5
-1.523, 3.398e-5
-1.522, 3.326e-5
-1.521, 3.257e-5
-1.520, 3.172e-5
-1.519, 3.109e-5
-1.518, 3.042e-5
-1.517, 2.977e-5
-1.516, 2.903e-5
-1.515, 2.843e-5
-1.514, 2.782e-5
-1.513, 2.724e-5
-1.512, 2.662e-5
-1.511, 2.604e-5
-1.510, 2.544e-5
-1.509, 2.487e-5
-1.508, 2.435e-5
-1.507, 2.382e-5
-1.506, 2.322e-5
-1.505, 2.280e-5
-1.504, 2.235e-5
-1.503, 2.180e-5
-1.502, 2.133e-5
-1.501, 2.084e-5
-1.500, 2.033e-5
-1.499, 1.990e-5
-1.498, 1.942e-5
-1.497, 1.896e-5
-1.496, 1.856e-5
-1.495, 1.814e-5
-1.494, 1.771e-5
-1.493, 1.735e-5
-1.492, 1.698e-5
-1.491, 1.660e-5
-1.490, 1.620e-5
-1.489, 1.586e-5
-1.488, 1.549e-5
-1.487, 1.515e-5
-1.486, 1.482e-5
-1.485, 1.446e-5
-1.484, 1.415e-5
-1.483, 1.383e-5
-1.482, 1.347e-5
-1.481, 1.318e-5
-1.480, 1.284e-5
-1.479, 1.257e-5
-1.478, 1.225e-5
-1.477, 1.198e-5
-1.476, 1.172e-5
-1.475, 1.146e-5
-1.474, 1.123e-5
-1.473, 1.097e-5
-1.472, 1.073e-5
-1.471, 1.047e-5
-1.470, 1.022e-5
-1.469, 9.989e-6
-1.468, 9.756e-6
-1.467, 9.524e-6
-1.466, 9.307e-6
-1.465, 9.079e-6
-1.464, 8.851e-6
-1.463, 8.689e-6
-1.462, 8.515e-6
-1.461, 8.309e-6
-1.460, 8.090e-6
-1.459, 7.902e-6
-1.458, 7.713e-6
-1.457, 7.528e-6
-1.456, 7.362e-6
-1.455, 7.194e-6
-1.454, 7.007e-6
-1.453, 6.869e-6
-1.452, 6.704e-6
-1.451, 6.579e-6
-1.450, 6.395e-6
-1.449, 6.256e-6
-1.448, 6.103e-6
-1.447, 5.956e-6
-1.446, 5.806e-6
-1.445, 5.672e-6
-1.444, 5.558e-6
-1.443, 5.424e-6
-1.442, 5.284e-6
-1.441, 5.165e-6
-1.440, 5.056e-6
-1.439, 4.936e-6
-1.438, 4.811e-6
-1.437, 4.706e-6
-1.436, 4.590e-6
-1.435, 4.491e-6
-1.434, 4.365e-6
-1.433, 4.285e-6
-1.432, 4.171e-6
-1.431, 4.070e-6
-1.430, 3.981e-6
-1.429, 3.879e-6
-1.428, 3.775e-6
-1.427, 3.675e-6
-1.426, 3.594e-6
-1.425, 3.505e-6
-1.424, 3.422e-6
-1.423, 3.354e-6
-1.422, 3.252e-6
-1.421, 3.178e-6
-1.420, 3.094e-6
-1.419, 3.025e-6
-1.418, 2.963e-6
-1.417, 2.866e-6
-1.416, 2.824e-6
-1.415, 2.763e-6
-1.414, 2.675e-6
-1.413, 2.609e-6
-1.412, 2.524e-6
-1.411, 2.466e-6
-1.410, 2.413e-6
-1.409, 2.349e-6
-1.408, 2.283e-6
-1.407, 2.236e-6
-1.406, 2.167e-6
-1.405, 2.115e-6
-1.404, 2.062e-6
-1.403, 2.006e-6
-1.402, 1.953e-6
-1.401, 1.884e-6
-1.400, 1.844e-6
-1.399, 1.792e-6
-1.398, 1.762e-6
-1.397, 1.703e-6
-1.396, 1.644e-6
-1.395, 1.595e-6
-1.394, 1.568e-6
-1.393, 1.518e-6
-1.392, 1.465e-6
-1.391, 1.418e-6
-1.390, 1.370e-6
-1.389, 1.348e-6
-1.388, 1.304e-6
-1.387, 1.271e-6
-1.386, 1.235e-6
-1.385, 1.189e-6
-1.384, 1.143e-6
-1.383, 1.126e-6
-1.382, 1.080e-6
-1.381, 1.040e-6
-1.380, 1.018e-6
-1.379, 9.716e-7
-1.378, 9.410e-7
-1.377, 9.173e-7
-1.376, 8.798e-7
-1.375, 8.522e-7
-1.374, 8.088e-7
-1.373, 8.088e-7
-1.372, 7.615e-7
-1.371, 7.358e-7
-1.370, 7.013e-7
-1.369, 6.638e-7
-1.368, 6.411e-7
-1.367, 6.085e-7
-1.366, 6.085e-7
-1.365, 5.681e-7
-1.364, 5.553e-7
-1.363, 5.138e-7
-1.362, 4.813e-7
-1.361, 4.753e-7
-1.360, 4.457e-7
-1.359, 4.231e-7
-1.358, 3.954e-7
-1.357, 3.540e-7
-1.356, 3.500e-7
-1.355, 3.234e-7
-1.354, 2.918e-7
-1.353, 2.879e-7
-1.352, 2.672e-7
-1.351, 2.425e-7
-1.350, 2.336e-7
-1.349, 2.040e-7
-1.348, 1.942e-7
-1.347, 1.616e-7
-1.346, 1.537e-7
-1.345, 1.261e-7
-1.344, 1.182e-7
-1.343, 8.268e-8
-1.342, 7.577e-8
-1.341, 5.703e-8
-1.340, 2.841e-8
-1.339, 2.249e-8
-1.338, 1.855e-8
-1.337, -2.585e-8
-1.336, -3.275e-8
-1.335, -4.361e-8
-1.334, -5.643e-8
-1.333, -7.715e-8
-1.332, -7.222e-8
-1.331, -1.146e-7
-1.330, -1.324e-7
-1.329, -1.492e-7
-1.328, -1.600e-7
-1.327, -1.640e-7
-1.326, -1.827e-7
-1.325, -2.034e-7
-1.324, -2.094e-7
-1.323, -2.409e-7
-1.322, -2.439e-7
-1.321, -2.449e-7
-1.320, -2.666e-7
-1.319, -2.755e-7
-1.318, -2.972e-7
-1.317, -3.139e-7
-1.316, -3.169e-7
-1.315, -3.317e-7
-1.314, -3.603e-7
-1.313, -3.504e-7
-1.312, -3.820e-7
-1.311, -3.810e-7
-1.310, -3.899e-7
-1.309, -3.850e-7
-1.308, -4.156e-7
-1.307, -4.353e-7
-1.306, -4.225e-7
-1.305, -4.540e-7
-1.304, -4.609e-7
-1.303, -4.619e-7
-1.302, -4.915e-7
-1.301, -4.905e-7
-1.300, -4.935e-7
-1.299, -5.073e-7
-1.298, -5.251e-7
-1.297, -5.310e-7
-1.296, -5.468e-7
-1.295, -5.448e-7
-1.294, -5.566e-7
-1.293, -5.606e-7
-1.292, -5.941e-7
-1.291, -5.813e-7
-1.290, -6.000e-7
-1.289, -6.129e-7
-1.288, -6.000e-7
-1.287, -6.188e-7
-1.286, -6.346e-7
-1.285, -6.287e-7
-1.284, -6.336e-7
-1.283, -6.543e-7
-1.282, -6.533e-7
-1.281, -6.701e-7
-1.280, -6.957e-7
-1.279, -6.770e-7
-1.278, -7.096e-7
-1.277, -7.066e-7
-1.276, -7.135e-7
-1.275, -7.214e-7
-1.274, -7.323e-7
-1.273, -7.411e-7
-1.272, -7.451e-7
-1.271, -7.490e-7
-1.270, -7.530e-7
-1.269, -7.628e-7
-1.268, -7.786e-7
-1.267, -7.737e-7
-1.266, -7.796e-7
-1.265, -7.984e-7
-1.264, -7.964e-7
-1.263, -8.092e-7
-1.262, -8.043e-7
-1.261, -8.112e-7
-1.260, -8.240e-7
-1.259, -8.161e-7
-1.258, -8.289e-7
-1.257, -8.467e-7
-1.256, -8.487e-7
-1.255, -8.506e-7
-1.254, -8.625e-7
-1.253, -8.654e-7
-1.252, -8.674e-7
-1.251, -8.783e-7
-1.250, -8.812e-7
-1.249, -8.911e-7
-1.248, -8.921e-7
-1.247, -9.148e-7
-1.246, -9.039e-7
-1.245, -8.990e-7
-1.244, -9.158e-7
-1.243, -9.276e-7
-1.242, -9.227e-7
-1.241, -9.424e-7
-1.240, -9.375e-7
-1.239, -9.473e-7
-1.238, -9.621e-7
-1.237, -9.562e-7
-1.236, -9.532e-7
-1.235, -9.680e-7
-1.234, -9.621e-7
-1.233, -9.631e-7
-1.232, -9.858e-7
-1.231, -9.858e-7
-1.230, -9.819e-7
-1.229, -9.898e-7
-1.228, -9.937e-7
-1.227, -1.025e-6
-1.226, -1.008e-6
-1.225, -1.015e-6
-1.224, -1.023e-6
-1.223, -1.035e-6
-1.222, -1.040e-6
-1.221, -1.051e-6
-1.220, -1.043e-6
-1.219, -1.049e-6
-1.218, -1.057e-6
-1.217, -1.065e-6
-1.216, -1.057e-6
-1.215, -1.070e-6
-1.214, -1.069e-6
-1.213, -1.060e-6
-1.212, -1.075e-6
-1.211, -1.084e-6
-1.210, -1.098e-6
-1.209, -1.080e-6
-1.208, -1.097e-6
-1.207, -1.095e-6
-1.206, -1.107e-6
-1.205, -1.114e-6
-1.204, -1.117e-6
-1.203, -1.125e-6
-1.202, -1.136e-6
-1.201, -1.125e-6
-1.200, -1.130e-6
-1.199, -1.132e-6
-1.198, -1.128e-6
-1.197, -1.150e-6
-1.196, -1.156e-6
-1.195, -1.146e-6
-1.194, -1.160e-6
-1.193, -1.162e-6
-1.192, -1.175e-6
-1.191, -1.169e-6
-1.190, -1.190e-6
-1.189, -1.174e-6
-1.188, -1.184e-6
-1.187, -1.192e-6
-1.186, -1.195e-6
-1.185, -1.208e-6
-1.184, -1.207e-6
-1.183, -1.196e-6
-1.182, -1.216e-6
-1.181, -1.218e-6
-1.180, -1.222e-6
-1.179, -1.216e-6
-1.178, -1.239e-6
-1.177, -1.239e-6
-1.176, -1.257e-6
-1.175, -1.244e-6
-1.174, -1.240e-6
-1.173, -1.254e-6
-1.172, -1.258e-6
-1.171, -1.259e-6
-1.170, -1.276e-6
-1.169, -1.269e-6
-1.168, -1.274e-6
-1.167, -1.291e-6
-1.166, -1.281e-6
-1.165, -1.289e-6
-1.164, -1.305e-6
-1.163, -1.295e-6
-1.162, -1.317e-6
-1.161, -1.321e-6
-1.160, -1.321e-6
-1.159, -1.333e-6
-1.158, -1.334e-6
-1.157, -1.337e-6
-1.156, -1.336e-6
-1.155, -1.349e-6
-1.154, -1.342e-6
-1.153, -1.363e-6
-1.152, -1.364e-6
-1.151, -1.373e-6
-1.150, -1.381e-6
-1.149, -1.376e-6
-1.148, -1.393e-6
-1.147, -1.400e-6
-1.146, -1.392e-6
-1.145, -1.399e-6
-1.144, -1.415e-6
-1.143, -1.396e-6
-1.142, -1.430e-6
-1.141, -1.430e-6
-1.140, -1.419e-6
-1.139, -1.450e-6
-1.138, -1.440e-6
-1.137, -1.450e-6
-1.136, -1.465e-6
-1.135, -1.483e-6
-1.134, -1.465e-6
-1.133, -1.476e-6
-1.132, -1.499e-6
-1.131, -1.494e-6
-1.130, -1.505e-6
-1.129, -1.506e-6
-1.128, -1.510e-6
-1.127, -1.525e-6
-1.126, -1.545e-6
-1.125, -1.538e-6
-1.124, -1.544e-6
-1.123, -1.554e-6
-1.122, -1.567e-6
-1.121, -1.574e-6
-1.120, -1.579e-6
-1.119, -1.577e-6
-1.118, -1.591e-6
-1.117, -1.615e-6
-1.116, -1.600e-6
-1.115, -1.623e-6
-1.114, -1.636e-6
-1.113, -1.639e-6
-1.112, -1.653e-6
-1.111, -1.667e-6
-1.110, -1.667e-6
-1.109, -1.668e-6
-1.108, -1.696e-6
-1.107, -1.701e-6
-1.106, -1.702e-6
-1.105, -1.709e-6
-1.104, -1.736e-6
-1.103, -1.728e-6
-1.102, -1.749e-6
-1.101, -1.752e-6
-1.100, -1.766e-6
-1.099, -1.780e-6
-1.098, -1.781e-6
-1.097, -1.789e-6
-1.096, -1.814e-6
-1.095, -1.818e-6
-1.094, -1.824e-6
-1.093, -1.840e-6
-1.092, -1.846e-6
-1.091, -1.875e-6
-1.090, -1.865e-6
-1.089, -1.885e-6
-1.088, -1.898e-6
-1.087, -1.924e-6
-1.086, -1.925e-6
-1.085, -1.930e-6
-1.084, -1.937e-6
-1.083, -1.946e-6
-1.082, -1.968e-6
-1.081, -1.976e-6
-1.080, -1.993e-6
-1.079, -2.002e-6
-1.078, -2.022e-6
-1.077, -2.034e-6
-1.076, -2.047e-6
-1.075, -2.049e-6
-1.074, -2.077e-6
-1.073, -2.070e-6
-1.072, -2.098e-6
-1.071, -2.110e-6
-1.070, -2.117e-6
-1.069, -2.143e-6
-1.068, -2.150e-6
-1.067, -2.142e-6
-1.066, -2.183e-6
-1.065, -2.182e-6
-1.064, -2.191e-6
-1.063, -2.220e-6
-1.062, -2.245e-6
-1.061, -2.237e-6
-1.060, -2.269e-6
-1.059, -2.290e-6
-1.058, -2.289e-6
-1.057, -2.321e-6
-1.056, -2.327e-6
-1.055, -2.344e-6
-1.054, -2.367e-6
-1.053, -2.378e-6
-1.052, -2.395e-6
-1.051, -2.413e-6
-1.050, -2.422e-6
-1.049, -2.451e-6
-1.048, -2.472e-6
-1.047, -2.488e-6
-1.046, -2.509e-6
-1.045, -2.512e-6
-1.044, -2.541e-6
-1.043, -2.560e-6
-1.042, -2.583e-6
-1.041, -2.596e-6
-1.040, -2.621e-6
-1.039, -2.637e-6
-1.038, -2.663e-6
-1.037, -2.685e-6
-1.036, -2.697e-6
-1.035, -2.725e-6
-1.034, -2.752e-6
-1.033, -2.762e-6
-1.032, -2.799e-6
-1.031, -2.819e-6
-1.030, -2.833e-6
-1.029, -2.867e-6
-1.028, -2.880e-6
-1.027, -2.903e-6
-1.026, -2.915e-6
-1.025, -2.939e-6
-1.024, -2.978e-6
-1.023, -3.010e-6
-1.022, -3.037e-6
-1.021, -3.046e-6
-1.020, -3.085e-6
-1.019, -3.116e-6
-1.018, -3.136e-6
-1.017, -3.165e-6
-1.016, -3.183e-6
-1.015, -3.226e-6
-1.014, -3.243e-6
-1.013, -3.262e-6
-1.012, -3.300e-6
-1.011, -3.330e-6
-1.010, -3.346e-6
-1.009, -3.380e-6
-1.008, -3.408e-6
-1.007, -3.440e-6
-1.006, -3.467e-6
-1.005, -3.500e-6
-1.004, -3.542e-6
-1.003, -3.557e-6
-1.002, -3.575e-6
-1.001, -3.615e-6
-1.000, -3.352e-6
-1.001, -3.063e-6
-1.002, -2.867e-6
-1.003, -2.688e-6
-1.004, -2.520e-6
-1.005, -2.375e-6
-1.006, -2.260e-6
-1.007, -2.121e-6
-1.008, -2.022e-6
-1.009, -1.919e-6
-1.010, -1.802e-6
-1.011, -1.725e-6
-1.012, -1.635e-6
-1.013, -1.552e-6
-1.014, -1.470e-6
-1.015, -1.400e-6
-1.016, -1.320e-6
-1.017, -1.261e-6
-1.018, -1.197e-6
-1.019, -1.145e-6
-1.020, -1.085e-6
-1.021, -1.035e-6
-1.022, -9.789e-7
-1.023, -9.306e-7
-1.024, -8.793e-7
-1.025, -8.388e-7
-1.026, -7.816e-7
-1.027, -7.451e-7
-1.028, -7.165e-7
-1.029, -6.563e-7
-1.030, -6.336e-7
-1.031, -5.961e-7
-1.032, -5.626e-7
-1.033, -5.369e-7
-1.034, -4.945e-7
-1.035, -4.649e-7
-1.036, -4.461e-7
-1.037, -3.988e-7
-1.038, -3.800e-7
-1.039, -3.524e-7
-1.040, -3.297e-7
-1.041, -3.090e-7
-1.042, -2.764e-7
-1.043, -2.439e-7
-1.044, -2.360e-7
-1.045, -2.094e-7
-1.046, -1.995e-7
-1.047, -1.738e-7
-1.048, -1.413e-7
-1.049, -1.363e-7
-1.050, -1.077e-7
-1.051, -7.617e-8
-1.052, -6.433e-8
-1.053, -6.926e-8
-1.054, -1.598e-8
-1.055, -2.190e-8
-1.056, 2.762e-9
-1.057, 3.236e-8
-1.058, 2.841e-8
-1.059, 5.209e-8
-1.060, 6.590e-8
-1.061, 6.196e-8
-1.062, 8.860e-8
-1.063, 1.172e-7
-1.064, 1.172e-7
-1.065, 1.330e-7
-1.066, 1.547e-7
-1.067, 1.557e-7
-1.068, 1.734e-7
-1.069, 1.892e-7
-1.070, 2.050e-7
-1.071, 2.119e-7
-1.072, 2.238e-7
-1.073, 2.307e-7
-1.074, 2.395e-7
-1.075, 2.455e-7
-1.076, 2.731e-7
-1.077, 2.899e-7
-1.078, 2.701e-7
-1.079, 3.175e-7
-1.080, 3.195e-7
-1.081, 3.165e-7
-1.082, 3.500e-7
-1.083, 3.520e-7
-1.084, 3.491e-7
-1.085, 3.846e-7
-1.086, 3.737e-7
-1.087, 3.994e-7
-1.088, 3.984e-7
-1.089, 4.092e-7
-1.090, 4.250e-7
-1.091, 4.309e-7
-1.092, 4.388e-7
-1.093, 4.408e-7
-1.094, 4.586e-7
-1.095, 4.477e-7
-1.096, 4.556e-7
-1.097, 4.832e-7
-1.098, 4.872e-7
-1.099, 4.852e-7
-1.100, 5.000e-7
-1.101, 5.197e-7
-1.102, 5.306e-7
-1.103, 5.336e-7
-1.104, 5.474e-7
-1.105, 5.434e-7
-1.106, 5.503e-7
-1.107, 5.631e-7
-1.108, 5.602e-7
-1.109, 5.710e-7
-1.110, 5.918e-7
-1.111, 5.918e-7
-1.112, 6.006e-7
-1.113, 6.085e-7
-1.114, 6.283e-7
-1.115, 6.253e-7
-1.116, 6.352e-7
-1.117, 6.342e-7
-1.118, 6.460e-7
-1.119, 6.559e-7
-1.120, 6.638e-7
-1.121, 6.796e-7
-1.122, 6.766e-7
-1.123, 6.806e-7
-1.124, 7.062e-7
-1.125, 7.062e-7
-1.126, 7.092e-7
-1.127, 7.279e-7
-1.128, 7.319e-7
-1.129, 7.368e-7
-1.130, 7.417e-7
-1.131, 7.358e-7
-1.132, 7.615e-7
-1.133, 7.496e-7
-1.134, 7.605e-7
-1.135, 7.772e-7
-1.136, 7.654e-7
-1.137, 7.782e-7
-1.138, 7.911e-7
-1.139, 8.039e-7
-1.140, 8.009e-7
-1.141, 8.049e-7
-1.142, 8.167e-7
-1.143, 8.315e-7
-1.144, 8.394e-7
-1.145, 8.384e-7
-1.146, 8.542e-7
-1.147, 8.591e-7
-1.148, 8.522e-7
-1.149, 8.739e-7
-1.150, 8.729e-7
-1.151, 8.700e-7
-1.152, 8.907e-7
-1.153, 9.016e-7
-1.154, 9.104e-7
-1.155, 9.163e-7
-1.156, 9.183e-7
-1.157, 9.272e-7
-1.158, 9.262e-7
-1.159, 9.331e-7
-1.160, 9.410e-7
-1.161, 9.479e-7
-1.162, 9.607e-7
-1.163, 9.450e-7
-1.164, 9.607e-7
-1.165, 9.874e-7
-1.166, 9.834e-7
-1.167, 9.864e-7
-1.168, 1.004e-6
-1.169, 1.004e-6
-1.170, 9.923e-7
-1.171, 1.011e-6
-1.172, 1.026e-6
-1.173, 1.017e-6
-1.174, 1.028e-6
-1.175, 1.037e-6
-1.176, 1.038e-6
-1.177, 1.056e-6
-1.178, 1.058e-6
-1.179, 1.065e-6
-1.180, 1.067e-6
-1.181, 1.081e-6
-1.182, 1.080e-6
-1.183, 1.087e-6
-1.184, 1.093e-6
-1.185, 1.106e-6
-1.186, 1.104e-6
-1.187, 1.111e-6
-1.188, 1.132e-6
-1.189, 1.110e-6
-1.190, 1.130e-6
-1.191, 1.143e-6
-1.192, 1.154e-6
-1.193, 1.154e-6
-1.194, 1.155e-6
-1.195, 1.174e-6
-1.196, 1.174e-6
-1.197, 1.172e-6
-1.198, 1.184e-6
-1.199, 1.192e-6
-1.200, 1.205e-6
-1.201, 1.206e-6
-1.202, 1.207e-6
-1.203, 1.218e-6
-1.204, 1.234e-6
-1.205, 1.230e-6
-1.206, 1.231e-6
-1.207, 1.267e-6
-1.208, 1.249e-6
-1.209, 1.270e-6
-1.210, 1.263e-6
-1.211, 1.270e-6
-1.212, 1.279e-6
-1.213, 1.278e-6
-1.214, 1.287e-6
-1.215, 1.298e-6
-1.216, 1.300e-6
-1.217, 1.319e-6
-1.218, 1.333e-6
-1.219, 1.326e-6
-1.220, 1.345e-6
-1.221, 1.331e-6
-1.222, 1.357e-6
-1.223, 1.364e-6
-1.224, 1.360e-6
-1.225, 1.367e-6
-1.226, 1.383e-6
-1.227, 1.382e-6
-1.228, 1.382e-6
-1.229, 1.407e-6
-1.230, 1.420e-6
-1.231, 1.415e-6
-1.232, 1.447e-6
-1.233, 1.446e-6
-1.234, 1.434e-6
-1.235, 1.440e-6
-1.236, 1.464e-6
-1.237, 1.490e-6
-1.238, 1.474e-6
-1.239, 1.488e-6
-1.240, 1.489e-6
-1.241, 1.494e-6
-1.242, 1.512e-6
-1.243, 1.518e-6
-1.244, 1.517e-6
-1.245, 1.537e-6
-1.246, 1.533e-6
-1.247, 1.543e-6
-1.248, 1.543e-6
-1.249, 1.572e-6
-1.250, 1.574e-6
-1.251, 1.567e-6
-1.252, 1.591e-6
-1.253, 1.579e-6
-1.254, 1.616e-6
-1.255, 1.609e-6
-1.256, 1.607e-6
-1.257, 1.622e-6
-1.258, 1.636e-6
-1.259, 1.642e-6
-1.260, 1.644e-6
-1.261, 1.656e-6
-1.262, 1.667e-6
-1.263, 1.671e-6
-1.264, 1.677e-6
-1.265, 1.673e-6
-1.266, 1.690e-6
-1.267, 1.715e-6
-1.268, 1.721e-6
-1.269, 1.727e-6
-1.270, 1.729e-6
-1.271, 1.734e-6
-1.272, 1.737e-6
-1.273, 1.752e-6
-1.274, 1.763e-6
-1.275, 1.774e-6
-1.276, 1.771e-6
-1.277, 1.786e-6
-1.278, 1.786e-6
-1.279, 1.793e-6
-1.280, 1.821e-6
-1.281, 1.811e-6
-1.282, 1.832e-6
-1.283, 1.825e-6
-1.284, 1.849e-6
-1.285, 1.842e-6
-1.286, 1.851e-6
-1.287, 1.884e-6
-1.288, 1.871e-6
-1.289, 1.879e-6
-1.290, 1.879e-6
-1.291, 1.902e-6
-1.292, 1.899e-6
-1.293, 1.928e-6
-1.294, 1.921e-6
-1.295, 1.930e-6
-1.296, 1.940e-6
-1.297, 1.960e-6
-1.298, 1.947e-6
-1.299, 1.978e-6
-1.300, 1.965e-6
-1.301, 1.996e-6
-1.302, 1.987e-6
-1.303, 1.991e-6
-1.304, 2.002e-6
-1.305, 2.008e-6
-1.306, 2.032e-6
-1.307, 2.037e-6
-1.308, 2.040e-6
-1.309, 2.049e-6
-1.310, 2.044e-6
-1.311, 2.053e-6
-1.312, 2.075e-6
-1.313, 2.073e-6
-1.314, 2.096e-6
-1.315, 2.099e-6
-1.316, 2.095e-6
-1.317, 2.128e-6
-1.318, 2.112e-6
-1.319, 2.140e-6
-1.320, 2.134e-6
-1.321, 2.133e-6
-1.322, 2.158e-6
-1.323, 2.166e-6
-1.324, 2.158e-6
-1.325, 2.189e-6
-1.326, 2.191e-6
-1.327, 2.202e-6
-1.328, 2.204e-6
-1.329, 2.225e-6
-1.330, 2.235e-6
-1.331, 2.250e-6
-1.332, 2.260e-6
-1.333, 2.264e-6
-1.334, 2.286e-6
-1.335, 2.278e-6
-1.336, 2.292e-6
-1.337, 2.302e-6
-1.338, 2.311e-6
-1.339, 2.332e-6
-1.340, 2.336e-6
-1.341, 2.339e-6
-1.342, 2.369e-6
-1.343, 2.361e-6
-1.344, 2.369e-6
-1.345, 2.395e-6
-1.346, 2.405e-6
-1.347, 2.404e-6
-1.348, 2.428e-6
-1.349, 2.435e-6
-1.350, 2.451e-6
-1.351, 2.473e-6
-1.352, 2.460e-6
-1.353, 2.482e-6
-1.354, 2.509e-6
-1.355, 2.508e-6
-1.356, 2.498e-6
-1.357, 2.536e-6
-1.358, 2.544e-6
-1.359, 2.566e-6
-1.360, 2.578e-6
-1.361, 2.583e-6
-1.362, 2.601e-6
-1.363, 2.614e-6
-1.364, 2.629e-6
-1.365, 2.641e-6
-1.366, 2.668e-6
-1.367, 2.674e-6
-1.368, 2.683e-6
-1.369, 2.704e-6
-1.370, 2.726e-6
-1.371, 2.734e-6
-1.372, 2.754e-6
-1.373, 2.760e-6
-1.374, 2.778e-6
-1.375, 2.801e-6
-1.376, 2.814e-6
-1.377, 2.845e-6
-1.378, 2.848e-6
-1.379, 2.874e-6
-1.380, 2.893e-6
-1.381, 2.918e-6
-1.382, 2.925e-6
-1.383, 2.974e-6
-1.384, 2.965e-6
-1.385, 2.982e-6
-1.386, 3.007e-6
-1.387, 3.024e-6
-1.388, 3.056e-6
-1.389, 3.066e-6
-1.390, 3.092e-6
-1.391, 3.113e-6
-1.392, 3.129e-6
-1.393, 3.150e-6
-1.394, 3.185e-6
-1.395, 3.210e-6
-1.396, 3.231e-6
-1.397, 3.249e-6
-1.398, 3.296e-6
-1.399, 3.311e-6
-1.400, 3.331e-6
-1.401, 3.359e-6
-1.402, 3.394e-6
-1.403, 3.418e-6
-1.404, 3.445e-6
-1.405, 3.470e-6
-1.406, 3.507e-6
-1.407, 3.556e-6
-1.408, 3.564e-6
-1.409, 3.599e-6
-1.410, 3.634e-6
-1.411, 3.668e-6
-1.412, 3.691e-6
-1.413, 3.727e-6
-1.414, 3.764e-6
-1.415, 3.803e-6
-1.416, 3.835e-6
-1.417, 3.876e-6
-1.418, 3.919e-6
-1.419, 3.976e-6
-1.420, 4.017e-6
-1.421, 4.052e-6
-1.422, 4.088e-6
-1.423, 4.137e-6
-1.424, 4.187e-6
-1.425, 4.231e-6
-1.426, 4.273e-6
-1.427, 4.310e-6
-1.428, 4.336e-6
-1.429, 4.416e-6
-1.430, 4.462e-6
-1.431, 4.499e-6
-1.432, 4.564e-6
-1.433, 4.597e-6
-1.434, 4.667e-6
-1.435, 4.712e-6
-1.436, 4.774e-6
-1.437, 4.818e-6
-1.438, 4.871e-6
-1.439, 4.955e-6
-1.440, 5.004e-6
-1.441, 5.066e-6
-1.442, 5.115e-6
-1.443, 5.180e-6
-1.444, 5.244e-6
-1.445, 5.316e-6
-1.446, 5.350e-6
-1.447, 5.404e-6
-1.448, 5.469e-6
-1.449, 5.532e-6
-1.450, 5.610e-6
-1.451, 5.684e-6
-1.452, 5.747e-6
-1.453, 5.830e-6
-1.454, 5.911e-6
-1.455, 5.985e-6
-1.456, 6.050e-6
-1.457, 6.146e-6
-1.458, 6.242e-6
-1.459, 6.315e-6
-1.460, 6.410e-6
-1.461, 6.506e-6
-1.462, 6.568e-6
-1.463, 6.662e-6
-1.464, 6.746e-6
-1.465, 6.841e-6
-1.466, 6.934e-6
-1.467, 7.040e-6
-1.468, 7.126e-6
-1.469, 7.228e-6
-1.470, 7.301e-6
-1.471, 7.424e-6
-1.472, 7.543e-6
-1.473, 7.651e-6
-1.474, 7.775e-6
-1.475, 7.904e-6
-1.476, 8.009e-6
-1.477, 8.137e-6
-1.478, 8.239e-6
-1.479, 8.359e-6
-1.480, 8.484e-6
-1.481, 8.604e-6
-1.482, 8.760e-6
-1.483, 8.861e-6
-1.484, 9.000e-6
-1.485, 9.139e-6
-1.486, 9.270e-6
-1.487, 9.429e-6
-1.488, 9.563e-6
-1.489, 9.704e-6
-1.490, 9.851e-6
-1.491, 1.001e-5
-1.492, 1.018e-5
-1.493, 1.033e-5
-1.494, 1.050e-5
-1.495, 1.068e-5
-1.496, 1.081e-5
-1.497, 1.100e-5
-1.498, 1.116e-5
-1.499, 1.136e-5
-1.500, 1.154e-5
-1.501, 1.172e-5
-1.502, 1.192e-5
-1.503, 1.215e-5
-1.504, 1.233e-5
-1.505, 1.256e-5
-1.506, 1.275e-5
-1.507, 1.292e-5
-1.508, 1.311e-5
-1.509, 1.331e-5
-1.510, 1.353e-5
-1.511, 1.372e-5
-1.512, 1.397e-5
-1.513, 1.424e-5
-1.514, 1.443e-5
-1.515, 1.493e-5
-1.516, 1.525e-5
-1.517, 1.549e-5
-1.518, 1.573e-5
-1.519, 1.585e-5
-1.520, 1.593e-5
-1.521, 1.626e-5
-1.522, 1.659e-5
-1.523, 1.682e-5
-1.524, 1.709e-5
-1.525, 1.724e-5
-1.526, 1.754e-5
-1.527, 1.780e-5
-1.528, 1.815e-5
-1.529, 1.846e-5
-1.530, 1.879e-5
-1.531, 1.916e-5
-1.532, 1.944e-5
-1.533, 1.970e-5
-1.534, 1.995e-5
-1.535, 2.026e-5
-1.536, 2.067e-5
-1.537, 2.096e-5
-1.538, 2.139e-5
-1.539, 2.175e-5
-1.540, 2.214e-5
-1.541, 2.254e-5
-1.542, 2.330e-5
-1.543, 2.363e-5
-1.544, 2.393e-5
-1.545, 2.408e-5
-1.546, 2.433e-5
-1.547, 2.474e-5
-1.548, 2.529e-5
-1.549, 2.576e-5
-1.550, 2.623e-5
-1.551, 2.673e-5
-1.552, 2.704e-5
-1.553, 2.767e-5
-1.554, 2.831e-5
-1.555, 2.867e-5
-1.556, 2.921e-5
-1.557, 2.982e-5
-1.558, 3.024e-5
-1.559, 3.088e-5
-1.560, 3.140e-5
-1.561, 3.167e-5
-1.562, 3.205e-5
-1.563, 3.276e-5
-1.564, 3.325e-5
-1.565, 3.425e-5
-1.566, 3.463e-5
-1.567, 3.478e-5
-1.568, 3.589e-5
-1.569, 3.653e-5
-1.570, 3.738e-5
-1.571, 3.782e-5
-1.572, 3.849e-5
-1.573, 3.921e-5
-1.574, 3.984e-5
-1.575, 4.086e-5
-1.576, 4.160e-5
-1.577, 4.254e-5
-1.578, 4.307e-5
-1.579, 4.404e-5
-1.580, 4.489e-5
-1.581, 4.557e-5
-1.582, 4.626e-5
-1.583, 4.770e-5
-1.584, 4.836e-5
-1.585, 4.892e-5
-1.586, 4.953e-5
-1.587, 5.106e-5
-1.588, 5.148e-5
-1.589, 5.272e-5
-1.590, 5.432e-5
-1.591, 5.537e-5
-1.592, 5.598e-5
-1.593, 5.716e-5
-1.594, 5.797e-5
-1.595, 5.893e-5
-1.596, 6.019e-5
-1.597, 6.102e-5
-1.598, 6.276e-5
-1.599, 6.376e-5
-1.600, 6.471e-5
-1.601, 6.582e-5
-1.602, 6.725e-5
-1.603, 6.882e-5
-1.604, 7.042e-5
-1.605, 7.094e-5
-1.606, 7.328e-5
-1.607, 7.477e-5
-1.608, 7.609e-5
-1.609, 7.757e-5
-1.610, 7.926e-5
-1.611, 8.216e-5
-1.612, 8.227e-5
-1.613, 8.369e-5
-1.614, 8.522e-5
-1.615, 8.734e-5
-1.616, 9.000e-5
-1.617, 9.189e-5
-1.618, 9.285e-5
-1.619, 9.493e-5
-1.620, 9.667e-5
-1.621, 9.859e-5
-1.622, 1.006e-4
-1.623, 1.031e-4
-1.624, 1.046e-4
-1.625, 1.076e-4
-1.626, 1.097e-4
-1.627, 1.120e-4
-1.628, 1.151e-4
-1.629, 1.181e-4
-1.630, 1.196e-4
-1.631, 1.217e-4
-1.632, 1.253e-4
-1.633, 1.279e-4
-1.634, 1.300e-4
-1.635, 1.325e-4
-1.636, 1.362e-4
-1.637, 1.398e-4
-1.638, 1.415e-4
-1.639, 1.441e-4
-1.640, 1.480e-4
-1.641, 1.513e-4
-1.642, 1.544e-4
-1.643, 1.567e-4
-1.644, 1.608e-4
-1.645, 1.647e-4
-1.646, 1.687e-4
-1.647, 1.719e-4
-1.648, 1.747e-4
-1.649, 1.813e-4
-1.650, 1.835e-4
-1.651, 1.889e-4
-1.652, 1.918e-4
-1.653, 1.972e-4
-1.654, 2.004e-4
-1.655, 2.052e-4
-1.656, 2.088e-4
-1.657, 2.143e-4
-1.658, 2.187e-4
-1.659, 2.240e-4
-1.660, 2.278e-4
-1.661, 2.346e-4
-1.662, 2.400e-4
-1.663, 2.448e-4
-1.664, 2.493e-4
-1.665, 2.551e-4
-1.666, 2.608e-4
-1.667, 2.672e-4
-1.668, 2.734e-4
-1.669, 2.800e-4
-1.670, 2.859e-4
-1.671, 2.921e-4
-1.672, 2.995e-4
-1.673, 3.055e-4
-1.674, 3.122e-4
-1.675, 3.190e-4
-1.676, 3.259e-4
-1.677, 3.331e-4
-1.678, 3.401e-4
-1.679, 3.477e-4
-1.680, 3.568e-4
-1.681, 3.641e-4
-1.682, 3.725e-4
-1.683, 3.795e-4
-1.684, 3.883e-4
-1.685, 3.964e-4
-1.686, 4.058e-4
-1.687, 4.149e-4
-1.688, 4.238e-4
-1.689, 4.329e-4
-1.690, 4.430e-4
-1.691, 4.523e-4
-1.692, 4.628e-4
-1.693, 4.740e-4
-1.694, 4.845e-4
-1.695, 4.945e-4
-1.696, 5.047e-4
-1.697, 5.159e-4
-1.698, 5.264e-4
-1.699, 5.355e-4
-1.700, 5.486e-4
-1.701, 5.616e-4
-1.702, 5.732e-4
-1.703, 5.853e-4
-1.704, 5.993e-4
-1.705, 6.114e-4
-1.706, 6.244e-4
-1.707, 6.387e-4
-1.708, 6.526e-4
-1.709, 6.655e-4
-1.710, 6.795e-4
-1.711, 6.940e-4
-1.712, 7.081e-4
-1.713, 7.232e-4
-1.714, 7.380e-4
-1.715, 7.541e-4
-1.716, 7.698e-4
-1.717, 7.842e-4
-1.718, 8.022e-4
-1.719, 8.183e-4
-1.720, 8.338e-4
-1.721, 8.519e-4
-1.722, 8.695e-4
-1.723, 8.851e-4
-1.724, 9.047e-4
-1.725, 9.214e-4
-1.726, 9.411e-4
-1.727, 9.603e-4
-1.728, 9.786e-4
-1.729, 9.981e-4
-1.730, 1.019e-3
-1.731, 1.038e-3
-1.732, 1.059e-3
-1.733, 1.079e-3
-1.734, 1.100e-3
-1.735, 1.122e-3
-1.736, 1.145e-3
-1.737, 1.166e-3
-1.738, 1.189e-3
-1.739, 1.210e-3
-1.740, 1.234e-3
-1.741, 1.258e-3
-1.742, 1.279e-3
-1.743, 1.305e-3
-1.744, 1.329e-3
-1.745, 1.354e-3
-1.746, 1.380e-3
-1.747, 1.405e-3
-1.748, 1.430e-3
-1.749, 1.457e-3
-1.750, 1.481e-3
-1.751, 1.508e-3
-1.752, 1.533e-3
-1.753, 1.560e-3
-1.754, 1.590e-3
-1.755, 1.616e-3
-1.756, 1.645e-3
-1.757, 1.672e-3
-1.758, 1.701e-3
-1.759, 1.729e-3
-1.760, 1.760e-3
-1.761, 1.789e-3
-1.762, 1.817e-3
-1.763, 1.848e-3
-1.764, 1.879e-3
-1.765, 1.911e-3
-1.766, 1.942e-3
-1.767, 1.972e-3
-1.768, 2.003e-3
-1.769, 2.035e-3
-1.770, 2.067e-3
-1.771, 2.102e-3
-1.772, 2.136e-3
-1.773, 2.168e-3
-1.774, 2.201e-3
-1.775, 2.234e-3
-1.776, 2.270e-3
-1.777, 2.306e-3
-1.778, 2.339e-3
-1.779, 2.374e-3
-1.780, 2.407e-3
-1.781, 2.440e-3
-1.782, 2.478e-3
-1.783, 2.514e-3
-1.784, 2.549e-3
-1.785, 2.586e-3
-1.786, 2.622e-3
-1.787, 2.658e-3
-1.788, 2.696e-3
-1.789, 2.733e-3
-1.790, 2.771e-3
-1.791, 2.811e-3
-1.792, 2.851e-3
-1.793, 2.893e-3
-1.794, 2.932e-3
-1.795, 2.968e-3
-1.796, 3.012e-3
-1.797, 3.050e-3
-1.798, 3.089e-3
-1.799, 3.128e-3
-1.800, 3.169e-3
-1.801, 3.211e-3
-1.802, 3.251e-3
-1.803, 3.291e-3
-1.804, 3.334e-3
-1.805, 3.376e-3
-1.806, 3.418e-3
-1.807, 3.462e-3
-1.808, 3.505e-3
-1.809, 3.546e-3
-1.810, 3.592e-3
-1.811, 3.638e-3
-1.812, 3.681e-3
-1.813, 3.725e-3
-1.814, 3.767e-3
-1.815, 3.811e-3
-1.816, 3.858e-3
-1.817, 3.900e-3
-1.818, 3.947e-3
-1.819, 3.988e-3
-1.820, 4.034e-3
-1.821, 4.081e-3
-1.822, 4.127e-3
-1.823, 4.170e-3
-1.824, 4.215e-3
-1.825, 4.257e-3
-1.826, 4.304e-3
-1.827, 4.351e-3
-1.828, 4.394e-3
-1.829, 4.443e-3
-1.830, 4.489e-3
-1.831, 4.534e-3
-1.832, 4.579e-3
-1.833, 4.622e-3
-1.834, 4.667e-3
-1.835, 4.715e-3
-1.836, 4.765e-3
-1.837, 4.813e-3
-1.838, 4.858e-3
-1.839, 4.906e-3
-1.840, 4.959e-3
-1.841, 5.005e-3
-1.842, 5.056e-3
-1.843, 5.104e-3
-1.844, 5.157e-3
-1.845, 5.211e-3
-1.846, 5.263e-3
-1.847, 5.312e-3
-1.848, 5.359e-3
-1.849, 5.405e-3
-1.850, 5.453e-3
-1.851, 5.499e-3
-1.852, 5.552e-3
-1.853, 5.603e-3
-1.854, 5.648e-3
-1.855, 5.688e-3
-1.856, 5.738e-3
-1.857, 5.785e-3
-1.858, 5.852e-3
-1.859, 5.901e-3
-1.860, 5.953e-3
-1.861, 5.997e-3
-1.862, 6.042e-3
-1.863, 6.092e-3
-1.864, 6.137e-3
-1.865, 6.186e-3
-1.866, 6.231e-3
-1.867, 6.275e-3
-1.868, 6.325e-3
-1.869, 6.377e-3
-1.870, 6.424e-3
-1.871, 6.472e-3
-1.872, 6.528e-3
-1.873, 6.588e-3
-1.874, 6.637e-3
-1.875, 6.685e-3
-1.876, 6.736e-3
-1.877, 6.784e-3
-1.878, 6.837e-3
-1.879, 6.881e-3
-1.880, 6.941e-3
-1.881, 6.988e-3
-1.882, 7.029e-3
-1.883, 7.076e-3
-1.884, 7.125e-3
-1.885, 7.169e-3
-1.886, 7.220e-3
-1.887, 7.291e-3
-1.888, 7.343e-3
-1.889, 7.399e-3
-1.890, 7.449e-3
-1.891, 7.487e-3
-1.892, 7.535e-3
-1.893, 7.578e-3
-1.894, 7.620e-3
-1.895, 7.676e-3
-1.896, 7.714e-3
-1.897, 7.767e-3
-1.898, 7.822e-3
-1.899, 7.871e-3
-1.900, 7.886e-3
-1.899, 7.841e-3
-1.898, 7.792e-3
-1.897, 7.739e-3
-1.896, 7.700e-3
-1.895, 7.642e-3
-1.894, 7.613e-3
-1.893, 7.567e-3
-1.892, 7.515e-3
-1.891, 7.472e-3
-1.890, 7.431e-3
-1.889, 7.390e-3
-1.888, 7.330e-3
-1.887, 7.283e-3
-1.886, 7.225e-3
-1.885, 7.173e-3
-1.884, 7.123e-3
-1.883, 7.075e-3
-1.882, 7.059e-3
-1.881, 6.996e-3
-1.880, 6.938e-3
-1.879, 6.881e-3
-1.878, 6.824e-3
-1.877, 6.773e-3
-1.876, 6.720e-3
-1.875, 6.659e-3
-1.874, 6.638e-3
-1.873, 6.630e-3
-1.872, 6.577e-3
-1.871, 6.513e-3
-1.870, 6.460e-3
-1.869, 6.417e-3
-1.868, 6.355e-3
-1.867, 6.304e-3
-1.866, 6.249e-3
-1.865, 6.219e-3
-1.864, 6.175e-3
-1.863, 6.119e-3
-1.862, 6.084e-3
-1.861, 6.056e-3
-1.860, 6.022e-3
-1.859, 5.988e-3
-1.858, 5.938e-3
-1.857, 5.893e-3
-1.856, 5.853e-3
-1.855, 5.811e-3
-1.854, 5.783e-3
-1.853, 5.738e-3
-1.852, 5.708e-3
-1.851, 5.681e-3
-1.850, 5.632e-3
-1.849, 5.583e-3
-1.848, 5.540e-3
-1.847, 5.515e-3
-1.846, 5.488e-3
-1.845, 5.442e-3
-1.844, 5.391e-3
-1.843, 5.351e-3
-1.842, 5.299e-3
-1.841, 5.250e-3
-1.840, 5.207e-3
-1.839, 5.173e-3
-1.838, 5.132e-3
-1.837, 5.092e-3
-1.836, 5.047e-3
-1.835, 5.010e-3
-1.834, 4.968e-3
-1.833, 4.936e-3
-1.832, 4.909e-3
-1.831, 4.858e-3
-1.830, 4.836e-3
-1.829, 4.802e-3
-1.828, 4.758e-3
-1.827, 4.719e-3
-1.826, 4.679e-3
-1.825, 4.649e-3
-1.824, 4.610e-3
-1.823, 4.562e-3
-1.822, 4.517e-3
-1.821, 4.472e-3
-1.820, 4.430e-3
-1.819, 4.388e-3
-1.818, 4.356e-3
-1.817, 4.333e-3
-1.816, 4.294e-3
-1.815, 4.258e-3
-1.814, 4.219e-3
-1.813, 4.180e-3
-1.812, 4.141e-3
-1.811, 4.102e-3
-1.810, 4.068e-3
-1.809, 4.033e-3
-1.808, 3.994e-3
-1.807, 3.960e-3
-1.806, 3.924e-3
-1.805, 3.924e-3
-1.804, 3.887e-3
-1.803, 3.867e-3
-1.802, 3.839e-3
-1.801, 3.800e-3
-1.800, 3.762e-3
-1.799, 3.725e-3
-1.798, 3.691e-3
-1.797, 3.658e-3
-1.796, 3.622e-3
-1.795, 3.592e-3
-1.794, 3.560e-3
-1.793, 3.534e-3
-1.792, 3.501e-3
-1.791, 3.471e-3
-1.790, 3.439e-3
-1.789, 3.402e-3
-1.788, 3.370e-3
-1.787, 3.336e-3
-1.786, 3.305e-3
-1.785, 3.270e-3
-1.784, 3.240e-3
-1.783, 3.204e-3
-1.782, 3.171e-3
-1.781, 3.139e-3
-1.780, 3.108e-3
-1.779, 3.075e-3
-1.778, 3.057e-3
-1.777, 3.030e-3
-1.776, 2.998e-3
-1.775, 2.963e-3
-1.774, 2.931e-3
-1.773, 2.903e-3
-1.772, 2.872e-3
-1.771, 2.840e-3
-1.770, 2.808e-3
-1.769, 2.779e-3
-1.768, 2.761e-3
-1.767, 2.732e-3
-1.766, 2.708e-3
-1.765, 2.681e-3
-1.764, 2.650e-3
-1.763, 2.618e-3
-1.762, 2.588e-3
-1.761, 2.560e-3
-1.760, 2.530e-3
-1.759, 2.502e-3
-1.758, 2.477e-3
-1.757, 2.449e-3
-1.756, 2.421e-3
-1.755, 2.393e-3
-1.754, 2.364e-3
-1.753, 2.337e-3
-1.752, 2.316e-3
-1.751, 2.290e-3
-1.750, 2.264e-3
-1.749, 2.241e-3
-1.748, 2.211e-3
-1.747, 2.183e-3
-1.746, 2.154e-3
-1.745, 2.130e-3
-1.744, 2.104e-3
-1.743, 2.080e-3
-1.742, 2.055e-3
-1.741, 2.030e-3
-1.740, 2.005e-3
-1.739, 1.978e-3
-1.738, 1.959e-3
-1.737, 1.937e-3
-1.736, 1.911e-3
-1.735, 1.887e-3
-1.734, 1.863e-3
-1.733, 1.839e-3
-1.732, 1.816e-3
-1.731, 1.795e-3
-1.730, 1.771e-3
-1.729, 1.750e-3
-1.728, 1.727e-3
-1.727, 1.707e-3
-1.726, 1.685e-3
-1.725, 1.665e-3
-1.724, 1.652e-3
-1.723, 1.632e-3
-1.722, 1.611e-3
-1.721, 1.589e-3
-1.720, 1.568e-3
-1.719, 1.547e-3
-1.718, 1.527e-3
-1.717, 1.507e-3
-1.716, 1.493e-3
-1.715, 1.474e-3
-1.714, 1.453e-3
-1.713, 1.432e-3
-1.712, 1.412e-3
-1.711, 1.390e-3
-1.710, 1.373e-3
-1.709, 1.354e-3
-1.708, 1.335e-3
-1.707, 1.318e-3
-1.706, 1.299e-3
-1.705, 1.281e-3
-1.704, 1.263e-3
-1.703, 1.246e-3
-1.702, 1.229e-3
-1.701, 1.212e-3
-1.700, 1.194e-3
-1.699, 1.178e-3
-1.698, 1.161e-3
-1.697, 1.143e-3
-1.696, 1.127e-3
-1.695, 1.111e-3
-1.694, 1.094e-3
-1.693, 1.082e-3
-1.692, 1.066e-3
-1.691, 1.054e-3
-1.690, 1.040e-3
-1.689, 1.025e-3
-1.688, 1.008e-3
-1.687, 9.929e-4
-1.686, 9.775e-4
-1.685, 9.634e-4
-1.684, 9.483e-4
-1.683, 9.357e-4
-1.682, 9.200e-4
-1.681, 9.063e-4
-1.680, 8.915e-4
-1.679, 8.786e-4
-1.678, 8.650e-4
-1.677, 8.526e-4
-1.676, 8.396e-4
-1.675, 8.259e-4
-1.674, 8.128e-4
-1.673, 8.011e-4
-1.672, 7.888e-4
-1.671, 7.755e-4
-1.670, 7.634e-4
-1.669, 7.508e-4
-1.668, 7.397e-4
-1.667, 7.263e-4
-1.666, 7.159e-4
-1.665, 7.027e-4
-1.664, 6.913e-4
-1.663, 6.804e-4
-1.662, 6.703e-4
-1.661, 6.592e-4
-1.660, 6.489e-4
-1.659, 6.367e-4
-1.658, 6.263e-4
-1.657, 6.159e-4
-1.656, 6.064e-4
-1.655, 5.967e-4
-1.654, 5.861e-4
-1.653, 5.764e-4
-1.652, 5.680e-4
-1.651, 5.567e-4
-1.650, 5.476e-4
-1.649, 5.391e-4
-1.648, 5.297e-4
-1.647, 5.204e-4
-1.646, 5.114e-4
-1.645, 5.040e-4
-1.644, 4.954e-4
-1.643, 4.877e-4
-1.642, 4.787e-4
-1.641, 4.705e-4
-1.640, 4.619e-4
-1.639, 4.543e-4
-1.638, 4.464e-4
-1.637, 4.381e-4
-1.636, 4.310e-4
-1.635, 4.240e-4
-1.634, 4.161e-4
-1.633, 4.082e-4
-1.632, 4.013e-4
-1.631, 3.944e-4
-1.630, 3.870e-4
-1.629, 3.808e-4
-1.628, 3.734e-4
-1.627, 3.666e-4
-1.626, 3.609e-4
-1.625, 3.535e-4
-1.624, 3.492e-4
-1.623, 3.410e-4
-1.622, 3.347e-4
-1.621, 3.296e-4
-1.620, 3.225e-4
-1.619, 3.178e-4
-1.618, 3.114e-4
-1.617, 3.050e-4
-1.616, 3.001e-4
-1.615, 2.943e-4
-1.614, 2.888e-4
-1.613, 2.834e-4
-1.612, 2.788e-4
-1.611, 2.738e-4
-1.610, 2.689e-4
-1.609, 2.635e-4
-1.608, 2.589e-4
-1.607, 2.544e-4
-1.606, 2.491e-4
-1.605, 2.449e-4
-1.604, 2.396e-4
-1.603, 2.357e-4
-1.602, 2.304e-4
-1.601, 2.268e-4
-1.600, 2.221e-4
-1.599, 2.180e-4
-1.598, 2.138e-4
-1.597, 2.094e-4
-1.596, 2.063e-4
-1.595, 2.021e-4
-1.594, 1.982e-4
-1.593, 1.942e-4
-1.592, 1.904e-4
-1.591, 1.869e-4
-1.590, 1.834e-4
-1.589, 1.796e-4
-1.588, 1.759e-4
-1.587, 1.729e-4
-1.586, 1.704e-4
-1.585, 1.660e-4
-1.584, 1.634e-4
-1.583, 1.594e-4
-1.582, 1.563e-4
-1.581, 1.540e-4
-1.580, 1.509e-4
-1.579, 1.476e-4
-1.578, 1.448e-4
-1.577, 1.419e-4
-1.576, 1.391e-4
-1.575, 1.358e-4
-1.574, 1.333e-4
-1.573, 1.311e-4
-1.572, 1.285e-4
-1.571, 1.262e-4
-1.570, 1.240e-4
-1.569, 1.212e-4
-1.568, 1.189e-4
-1.567, 1.164e-4
-1.566, 1.138e-4
-1.565, 1.119e-4
-1.564, 1.095e-4
-1.563, 1.074e-4
-1.562, 1.052e-4
-1.561, 1.029e-4
-1.560, 1.007e-4
-1.559, 9.901e-5
-1.558, 9.694e-5
-1.557, 9.492e-5
-1.556, 9.294e-5
-1.555, 9.147e-5
-1.554, 8.923e-5
-1.553, 8.770e-5
-1.552, 8.591e-5
-1.551, 8.425e-5
-1.550, 8.237e-5
-1.549, 8.069e-5
-1.548, 7.909e-5
-1.547, 7.734e-5
-1.546, 7.585e-5
-1.545, 7.451e-5
-1.544, 7.229e-5
-1.543, 7.101e-5
-1.542, 7.014e-5
-1.541, 6.833e-5
-1.540, 6.662e-5
-1.539, 6.543e-5
-1.538, 6.444e-5
-1.537, 6.284e-5
-1.536, 6.156e-5
-1.535, 6.041e-5
-1.534, 5.916e-5
-1.533, 5.764e-5
-1.532, 5.631e-5
-1.531, 5.554e-5
-1.530, 5.453e-5
-1.529, 5.272e-5
-1.528, 5.178e-5
-1.527, 5.102e-5
-1.526, 5.023e-5
-1.525, 4.902e-5
-1.524, 4.772e-5
-1.523, 4.679e-5
-1.522, 4.564e-5
-1.521, 4.469e-5
-1.520, 4.402e-5
-1.519, 4.294e-5
-1.518, 4.189e-5
-1.517, 4.093e-5
-1.516, 4.007e-5
-1.515, 3.923e-5
-1.514, 3.860e-5
-1.513, 3.768e-5
-1.512, 3.682e-5
-1.511, 3.602e-5
-1.510, 3.530e-5
-1.509, 3.464e-5
-1.508, 3.389e-5
-1.507, 3.299e-5
-1.506, 3.241e-5
-1.505, 3.171e-5
-1.504, 3.096e-5
-1.503, 3.030e-5
-1.502, 2.963e-5
-1.501, 2.908e-5
-1.500, 2.838e-5
-1.499, 2.782e-5
-1.498, 2.721e-5
-1.497, 2.657e-5
-1.496, 2.604e-5
-1.495, 2.547e-5
-1.494, 2.492e-5
-1.493, 2.434e-5
-1.492, 2.386e-5
-1.491, 2.331e-5
-1.490, 2.281e-5
-1.489, 2.234e-5
-1.488, 2.188e-5
-1.487, 2.147e-5
-1.486, 2.111e-5
-1.485, 2.059e-5
-1.484, 1.999e-5
-1.483, 1.947e-5
-1.482, 1.911e-5
-1.481, 1.868e-5
-1.480, 1.833e-5
-1.479, 1.794e-5
-1.478, 1.754e-5
-1.477, 1.714e-5
-1.476, 1.675e-5
-1.475, 1.639e-5
-1.474, 1.604e-5
-1.473, 1.572e-5
-1.472, 1.540e-5
-1.471, 1.506e-5
-1.470, 1.472e-5
-1.469, 1.439e-5
-1.468, 1.405e-5
-1.467, 1.375e-5
-1.466, 1.346e-5
-1.465, 1.316e-5
-1.464, 1.287e-5
-1.463, 1.259e-5
-1.462, 1.232e-5
-1.461, 1.206e-5
-1.460, 1.178e-5
-1.459, 1.153e-5
-1.458, 1.128e-5
-1.457, 1.102e-5
-1.456, 1.079e-5
-1.455, 1.056e-5
-1.454, 1.033e-5
-1.453, 1.008e-5
-1.452, 9.880e-6
-1.451, 9.646e-6
-1.450, 9.409e-6
-1.449, 9.204e-6
-1.448, 9.002e-6
-1.447, 8.814e-6
-1.446, 8.615e-6
-1.445, 8.428e-6
-1.444, 8.254e-6
-1.443, 8.052e-6
-1.442, 7.891e-6
-1.441, 7.717e-6
-1.440, 7.545e-6
-1.439, 7.392e-6
-1.438, 7.222e-6
-1.437, 7.072e-6
-1.436, 6.931e-6
-1.435, 6.787e-6
-1.434, 6.631e-6
-1.433, 6.461e-6
-1.432, 6.324e-6
-1.431, 6.185e-6
-1.430, 6.057e-6
-1.429, 5.925e-6
-1.428, 5.789e-6
-1.427, 5.674e-6
-1.426, 5.536e-6
-1.425, 5.408e-6
-1.424, 5.301e-6
-1.423, 5.171e-6
-1.422, 5.071e-6
-1.421, 4.952e-6
-1.420, 4.852e-6
-1.419, 4.731e-6
-1.418, 4.620e-6
-1.417, 4.533e-6
-1.416, 4.440e-6
-1.415, 4.316e-6
-1.414, 4.245e-6
-1.413, 4.144e-6
-1.412, 4.053e-6
-1.411, 3.951e-6
-1.410, 3.853e-6
-1.409, 3.777e-6
-1.408, 3.697e-6
-1.407, 3.606e-6
-1.406, 3.527e-6
-1.405, 3.457e-6
-1.404, 3.372e-6
-1.403, 3.287e-6
-1.402, 3.213e-6
-1.401, 3.125e-6
-1.400, 3.065e-6
-1.399, 3.003e-6
-1.398, 2.936e-6
-1.397, 2.850e-6
-1.396, 2.805e-6
-1.395, 2.737e-6
-1.394, 2.655e-6
-1.393, 2.598e-6
-1.392, 2.546e-6
-1.391, 2.474e-6
-1.390, 2.421e-6
-1.389, 2.359e-6
-1.388, 2.298e-6
-1.387, 2.244e-6
-1.386, 2.194e-6
-1.385, 2.110e-6
-1.384, 2.092e-6
-1.383, 2.016e-6
-1.382, 1.959e-6
-1.381, 1.929e-6
-1.380, 1.865e-6
-1.379, 1.840e-6
-1.378, 1.785e-6
-1.377, 1.712e-6
-1.376, 1.686e-6
-1.375, 1.634e-6
-1.374, 1.604e-6
-1.373, 1.557e-6
-1.372, 1.513e-6
-1.371, 1.461e-6
-1.370, 1.420e-6
-1.369, 1.386e-6
-1.368, 1.340e-6
-1.367, 1.312e-6
-1.366, 1.247e-6
-1.365, 1.234e-6
-1.364, 1.196e-6
-1.363, 1.149e-6
-1.362, 1.128e-6
-1.361, 1.078e-6
-1.360, 1.046e-6
-1.359, 1.019e-6
-1.358, 9.775e-7
-1.357, 9.272e-7
-1.356, 9.025e-7
-1.355, 8.779e-7
-1.354, 8.364e-7
-1.353, 8.118e-7
-1.352, 7.851e-7
-1.351, 7.605e-7
-1.350, 7.220e-7
-1.349, 6.904e-7
-1.348, 6.697e-7
-1.347, 6.440e-7
-1.346, 6.174e-7
-1.345, 5.819e-7
-1.344, 5.612e-7
-1.343, 5.207e-7
-1.342, 4.911e-7
-1.341, 4.783e-7
-1.340, 4.457e-7
-1.339, 4.231e-7
-1.338, 4.191e-7
-1.337, 3.826e-7
-1.336, 3.698e-7
-1.335, 3.214e-7
-1.334, 3.175e-7
-1.333, 2.958e-7
-1.332, 2.563e-7
-1.331, 2.326e-7
-1.330, 2.109e-7
-1.329, 1.942e-7
-1.328, 1.626e-7
-1.327, 1.508e-7
-1.326, 1.369e-7
-1.325, 1.083e-7
-1.324, 8.958e-8
-1.323, 6.689e-8
-1.322, 5.998e-8
-1.321, 4.223e-8
-1.320, 1.953e-8
-1.319, -8.090e-9
-1.318, -3.473e-8
-1.317, -5.347e-8
-1.316, -6.531e-8
-1.315, -8.406e-8
-1.314, -9.392e-8
-1.313, -1.117e-7
-1.312, -1.215e-7
-1.311, -1.314e-7
-1.310, -1.699e-7
-1.309, -1.778e-7
-1.308, -1.916e-7
-1.307, -2.064e-7
-1.306, -2.261e-7
-1.305, -2.370e-7
-1.304, -2.587e-7
-1.303, -2.834e-7
-1.302, -2.932e-7
-1.301, -2.981e-7
-1.300, -3.287e-7
-1.299, -3.228e-7
-1.298, -3.356e-7
-1.297, -3.721e-7
-1.296, -3.761e-7
-1.295, -3.790e-7
-1.294, -4.008e-7
-1.293, -4.156e-7
-1.292, -4.264e-7
-1.291, -4.442e-7
-1.290, -4.590e-7
-1.289, -4.659e-7
-1.288, -4.807e-7
-1.287, -4.708e-7
-1.286, -5.014e-7
-1.285, -5.152e-7
-1.284, -5.172e-7
-1.283, -5.320e-7
-1.282, -5.399e-7
-1.281, -5.645e-7
-1.280, -5.783e-7
-1.279, -5.734e-7
-1.278, -5.931e-7
-1.277, -6.060e-7
-1.276, -6.109e-7
-1.275, -6.296e-7
-1.274, -6.356e-7
-1.273, -6.583e-7
-1.272, -6.464e-7
-1.271, -6.661e-7
-1.270, -6.908e-7
-1.269, -6.849e-7
-1.268, -6.948e-7
-1.267, -7.086e-7
-1.266, -7.056e-7
-1.265, -7.293e-7
-1.264, -7.342e-7
-1.263, -7.411e-7
-1.262, -7.559e-7
-1.261, -7.540e-7
-1.260, -7.668e-7
-1.259, -7.747e-7
-1.258, -7.816e-7
-1.257, -7.984e-7
-1.256, -8.132e-7
-1.255, -8.161e-7
-1.254, -8.240e-7
-1.253, -8.280e-7
-1.252, -8.447e-7
-1.251, -8.506e-7
-1.250, -8.645e-7
-1.249, -8.595e-7
-1.248, -8.615e-7
-1.247, -8.793e-7
-1.246, -8.743e-7
-1.245, -8.980e-7
-1.244, -8.862e-7
-1.243, -8.921e-7
-1.242, -9.207e-7
-1.241, -9.227e-7
-1.240, -9.177e-7
-1.239, -9.207e-7
-1.238, -9.306e-7
-1.237, -9.306e-7
-1.236, -9.434e-7
-1.235, -9.602e-7
-1.234, -9.532e-7
-1.233, -9.819e-7
-1.232, -9.769e-7
-1.231, -9.967e-7
-1.230, -9.759e-7
-1.229, -9.967e-7
-1.228, -1.030e-6
-1.227, -1.023e-6
-1.226, -1.030e-6
-1.225, -1.028e-6
-1.224, -1.042e-6
-1.223, -1.046e-6
-1.222, -1.045e-6
-1.221, -1.065e-6
-1.220, -1.057e-6
-1.219, -1.067e-6
-1.218, -1.069e-6
-1.217, -1.082e-6
-1.216, -1.091e-6
-1.215, -1.094e-6
-1.214, -1.089e-6
-1.213, -1.102e-6
-1.212, -1.113e-6
-1.211, -1.111e-6
-1.210, -1.122e-6
-1.209, -1.119e-6
-1.208, -1.132e-6
-1.207, -1.150e-6
-1.206, -1.132e-6
-1.205, -1.148e-6
-1.204, -1.152e-6
-1.203, -1.169e-6
-1.202, -1.170e-6
-1.201, -1.161e-6
-1.200, -1.174e-6
-1.199, -1.175e-6
-1.198, -1.197e-6
-1.197, -1.204e-6
-1.196, -1.205e-6
-1.195, -1.205e-6
-1.194, -1.182e-6
-1.193, -1.218e-6
-1.192, -1.224e-6
-1.191, -1.228e-6
-1.190, -1.232e-6
-1.189, -1.235e-6
-1.188, -1.255e-6
-1.187, -1.247e-6
-1.186, -1.253e-6
-1.185, -1.269e-6
-1.184, -1.261e-6
-1.183, -1.267e-6
-1.182, -1.274e-6
-1.181, -1.294e-6
-1.180, -1.291e-6
-1.179, -1.296e-6
-1.178, -1.308e-6
-1.177, -1.310e-6
-1.176, -1.316e-6
-1.175, -1.312e-6
-1.174, -1.331e-6
-1.173, -1.330e-6
-1.172, -1.332e-6
-1.171, -1.356e-6
-1.170, -1.341e-6
-1.169, -1.368e-6
-1.168, -1.371e-6
-1.167, -1.372e-6
-1.166, -1.375e-6
-1.165, -1.379e-6
-1.164, -1.382e-6
-1.163, -1.384e-6
-1.162, -1.402e-6
-1.161, -1.401e-6
-1.160, -1.419e-6
-1.159, -1.400e-6
-1.158, -1.417e-6
-1.157, -1.445e-6
-1.156, -1.445e-6
-1.155, -1.449e-6
-1.154, -1.446e-6
-1.153, -1.448e-6
-1.152, -1.477e-6
-1.151, -1.473e-6
-1.150, -1.471e-6
-1.149, -1.479e-6
-1.148, -1.508e-6
-1.147, -1.513e-6
-1.146, -1.512e-6
-1.145, -1.524e-6
-1.144, -1.523e-6
-1.143, -1.533e-6
-1.142, -1.537e-6
-1.141, -1.554e-6
-1.140, -1.556e-6
-1.139, -1.570e-6
-1.138, -1.578e-6
-1.137, -1.581e-6
-1.136, -1.589e-6
-1.135, -1.590e-6
-1.134, -1.597e-6
-1.133, -1.599e-6
-1.132, -1.617e-6
-1.131, -1.630e-6
-1.130, -1.633e-6
-1.129, -1.649e-6
-1.128, -1.663e-6
-1.127, -1.671e-6
-1.126, -1.675e-6
-1.125, -1.688e-6
-1.124, -1.682e-6
-1.123, -1.701e-6
-1.122, -1.701e-6
-1.121, -1.718e-6
-1.120, -1.732e-6
-1.119, -1.738e-6
-1.118, -1.758e-6
-1.117, -1.764e-6
-1.116, -1.767e-6
-1.115, -1.779e-6
-1.114, -1.791e-6
-1.113, -1.818e-6
-1.112, -1.822e-6
-1.111, -1.833e-6
-1.110, -1.834e-6
-1.109, -1.853e-6
-1.108, -1.862e-6
-1.107, -1.865e-6
-1.106, -1.886e-6
-1.105, -1.898e-6
-1.104, -1.913e-6
-1.103, -1.919e-6
-1.102, -1.923e-6
-1.101, -1.933e-6
-1.100, -1.964e-6
-1.099, -1.984e-6
-1.098, -1.985e-6
-1.097, -2.001e-6
-1.096, -2.007e-6
-1.095, -2.036e-6
-1.094, -2.036e-6
-1.093, -2.046e-6
-1.092, -2.053e-6
-1.091, -2.057e-6
-1.090, -2.101e-6
-1.089, -2.093e-6
-1.088, -2.112e-6
-1.087, -2.134e-6
-1.086, -2.140e-6
-1.085, -2.149e-6
-1.084, -2.165e-6
-1.083, -2.197e-6
-1.082, -2.207e-6
-1.081, -2.204e-6
-1.080, -2.220e-6
-1.079, -2.230e-6
-1.078, -2.268e-6
-1.077, -2.273e-6
-1.076, -2.294e-6
-1.075, -2.321e-6
-1.074, -2.313e-6
-1.073, -2.346e-6
-1.072, -2.359e-6
-1.071, -2.346e-6
-1.070, -2.389e-6
-1.069, -2.401e-6
-1.068, -2.415e-6
-1.067, -2.435e-6
-1.066, -2.442e-6
-1.065, -2.477e-6
-1.064, -2.490e-6
-1.063, -2.508e-6
-1.062, -2.516e-6
-1.061, -2.534e-6
-1.060, -2.561e-6
-1.059, -2.576e-6
-1.058, -2.603e-6
-1.057, -2.607e-6
-1.056, -2.643e-6
-1.055, -2.667e-6
-1.054, -2.671e-6
-1.053, -2.687e-6
-1.052, -2.715e-6
-1.051, -2.722e-6
-1.050, -2.762e-6
-1.049, -2.778e-6
-1.048, -2.796e-6
-1.047, -2.814e-6
-1.046, -2.836e-6
-1.045, -2.859e-6
-1.044, -2.884e-6
-1.043, -2.919e-6
-1.042, -2.930e-6
-1.041, -2.950e-6
-1.040, -2.968e-6
-1.039, -2.995e-6
-1.038, -3.014e-6
-1.037, -3.048e-6
-1.036, -3.069e-6
-1.035, -3.089e-6
-1.034, -3.112e-6
-1.033, -3.144e-6
-1.032, -3.159e-6
-1.031, -3.194e-6
-1.030, -3.217e-6
-1.029, -3.232e-6
-1.028, -3.265e-6
-1.027, -3.298e-6
-1.026, -3.303e-6
-1.025, -3.337e-6
-1.024, -3.378e-6
-1.023, -3.411e-6
-1.022, -3.422e-6
-1.021, -3.464e-6
-1.020, -3.471e-6
-1.019, -3.521e-6
-1.018, -3.549e-6
-1.017, -3.569e-6
-1.016, -3.600e-6
-1.015, -3.620e-6
-1.014, -3.667e-6
-1.013, -3.689e-6
-1.012, -3.715e-6
-1.011, -3.732e-6
-1.010, -3.784e-6
-1.009, -3.794e-6
-1.008, -3.834e-6
-1.007, -3.880e-6
-1.006, -3.884e-6
-1.005, -3.923e-6
-1.004, -3.946e-6
-1.003, -3.973e-6
-1.002, -4.010e-6
-1.001, -4.037e-6
