Potential V vs RHE, Current mA cm-2
0.013299999999999867,1.5675001202504606
0.012299999999999978,0.870188920546984
0.011299999999999866,0.3031726315610774
0.010299999999999976,-0.2202705493889862
0.009299999999999864,-0.7437137303390498
0.008299999999999974,-1.1362961160515976
0.007299999999999862,-1.5717442541500557
0.006299999999999972,-1.9650339955125358
0.00529999999999986,-2.3569090255751513
0.0042999999999999705,-2.706342716641815
0.0032999999999998586,-3.055776407708479
0.0022999999999999687,-3.361354048479327
0.0012999999999998568,-3.7093730282461257
0.00029999999999996696,-4.014950669016974
-0.000700000000000145,-4.3205283097878215
-0.0017000000000000348,-4.626105950558669
-0.0027000000000001467,-4.887827541033701
-0.0037000000000000366,-5.191990470504685
-0.0047000000000001485,-5.497568111275533
-0.005700000000000038,-5.759289701750564
-0.00670000000000015,-5.977155241929781
-0.00770000000000004,-6.238876832404812
-0.008700000000000152,-6.500598422879844
-0.009700000000000042,-6.719878674358924
-0.010700000000000154,-6.981600264833956
-0.011700000000000044,-7.243321855308987
-0.012700000000000156,-7.461187395488204
-0.013700000000000045,-7.679052935667419
-0.014700000000000157,-7.940774526142452
-0.015700000000000047,-8.158640066321666
-0.01670000000000016,-8.376505606500881
-0.01770000000000005,-8.594371146680096
-0.01870000000000016,-8.769795347863363
-0.01970000000000005,-8.987660888042578
-0.020700000000000163,-9.205526428221793
-0.021700000000000053,-9.423391968401008
-0.022700000000000164,-9.641257508580225
-0.023700000000000054,-9.81668170976349
-0.024700000000000166,-9.99069119964689
-0.025700000000000056,-10.208556739826104
-0.026700000000000168,-10.382566229709504
-0.027700000000000058,-10.601846481188586
-0.02870000000000017,-10.819712021367803
-0.02970000000000006,-10.993721511251199
-0.03070000000000017,-11.1677310011346
-0.03170000000000006,-11.343155202317865
-0.03270000000000017,-11.56102074249708
-0.03370000000000006,-11.73503023238048
-0.034700000000000175,-11.909039722263879
-0.035700000000000065,-12.084463923447142
-0.03670000000000018,-12.302329463626359
-0.03770000000000007,-12.432482903213943
-0.03870000000000018,-12.651763154693022
-0.03970000000000007,-12.825772644576423
-0.04070000000000018,-12.99978213445982
-0.04170000000000007,-13.175206335643086
-0.04270000000000018,-13.30535977523067
-0.04370000000000007,-13.523225315409885
-0.044700000000000184,-13.698649516593148
-0.045700000000000074,-13.872659006476551
-0.046700000000000186,-14.046668496359947
-0.047700000000000076,-14.217848563643619
-0.04870000000000019,-14.401761032626075
-0.04970000000000008,-14.57152638860988
-0.05070000000000019,-14.741291744593681
-0.05170000000000008,-14.868615761581536
-0.05270000000000019,-15.05252823056399
-0.05370000000000008,-15.222293586547794
-0.05470000000000019,-15.3920589425316
-0.05570000000000008,-15.533530072518102
-0.056700000000000195,-15.70329542850191
-0.057700000000000085,-15.87306078448571
-0.058700000000000196,-16.056973253468165
-0.059700000000000086,-16.22673860945197
-0.0607000000000002,-16.354062626439823
-0.06170000000000009,-16.53797509542228
-0.0627000000000002,-16.70774045140608
-0.06370000000000009,-16.877505807389888
-0.0647000000000002,-17.061418276372343
-0.06570000000000009,-17.188742293360193
-0.0667000000000002,-17.358507649344002
-0.0677000000000001,-17.542420118326454
-0.0687000000000002,-17.669744135314307
-0.0697000000000001,-17.839509491298113
-0.07070000000000021,-18.009274847281915
-0.0717000000000001,-18.15074597726842
-0.07270000000000021,-18.320511333252224
-0.0737000000000001,-18.49027668923603
-0.07470000000000021,-18.674189158218486
-0.0757000000000001,-18.80151317520634
-0.07670000000000021,-18.92883719219419
-0.0777000000000001,-19.112749661176647
-0.07870000000000021,-19.2400736781645
-0.0797000000000001,-19.367397695152352
-0.08070000000000022,-19.537163051136158
-0.0817000000000001,-19.678634181122664
-0.08270000000000022,-19.890840876102416
-0.08370000000000011,-20.01816489309027
-0.08470000000000022,-20.159636023076775
-0.08570000000000011,-20.286960040064624
-0.08670000000000022,-20.456725396048434
-0.08770000000000011,-20.584049413036283
-0.08870000000000022,-20.72552054302279
-0.08970000000000011,-20.89528589900659
-0.09070000000000022,-21.022609915994444
-0.09170000000000011,-21.149933932982297
-0.09270000000000023,-21.291405062968803
-0.09370000000000012,-21.418729079956652
-0.09470000000000023,-21.54605309694451
-0.09570000000000012,-21.67337711393236
-0.09670000000000023,-21.857289582914817
-0.09770000000000012,-21.94217226090672
-0.09870000000000023,-22.069496277894572
-0.09970000000000012,-22.253408746877028
-0.10070000000000023,-22.38073276386488
-0.10170000000000012,-22.508056780852733
-0.10270000000000024,-22.67782213683654
-0.10370000000000013,-22.776851927827092
-0.10470000000000024,-22.946617283810895
-0.10570000000000013,-23.031499961802798
-0.10670000000000024,-23.15882397879065
-0.10770000000000013,-23.300295108777156
-0.10870000000000024,-23.427619125765005
-0.10970000000000013,-23.597384481748815
-0.11070000000000024,-23.724708498736668
-0.11170000000000013,-23.86617962872317
-0.11270000000000002,-23.993503645711023
-0.11370000000000013,-24.078386323702922
-0.11470000000000002,-24.24815167968673
-0.11570000000000014,-24.389622809673234
-0.11670000000000003,-24.516946826661083
-0.11770000000000014,-24.64427084364894
-0.11870000000000003,-24.771594860636792
-0.11970000000000014,-24.870624651627345
-0.12070000000000003,-25.04039000761115
-0.12170000000000014,-25.167714024599
-0.12270000000000003,-25.252596702590903
-0.12370000000000014,-25.39406783257741
-0.12470000000000003,-25.521391849565262
-0.12570000000000014,-25.648715866553115
-0.12670000000000003,-25.77603988354097
-0.12770000000000015,-25.91751101352747
-0.12870000000000004,-25.959952352523427
-0.12970000000000015,-26.087276369511276
-0.13070000000000004,-26.17215904750318
-0.13170000000000015,-26.257041725495082
-0.13270000000000004,-26.38436574248293
-0.13370000000000015,-26.525836872469437
-0.13470000000000004,-26.65316088945729
-0.13570000000000015,-26.738043567449193
-0.13670000000000004,-26.780484906445146
-0.13770000000000016,-26.907808923433
-0.13870000000000005,-27.00683871442355
-0.13970000000000016,-27.134162731411404
-0.14070000000000005,-27.219045409403304
-0.14170000000000016,-27.303928087395207
-0.14270000000000005,-27.43125210438306
-0.14370000000000016,-27.530281895373616
-0.14470000000000005,-27.65760591236147
-0.14570000000000016,-27.742488590353368
-0.14670000000000005,-27.827371268345274
-0.14770000000000016,-27.912253946337174
-0.14870000000000005,-28.05372507632368
-0.14970000000000017,-28.13860775431558
-0.15070000000000006,-28.18104909331153
-0.15170000000000017,-28.308373110299385
-0.15270000000000006,-28.393255788291288
-0.15370000000000017,-28.53472691827779
-0.15470000000000006,-28.619609596269694
-0.15570000000000017,-28.789374952253496
-0.15670000000000006,-28.8742576302454
-0.15770000000000017,-28.959140308237306
-0.15870000000000006,-29.058170099227848
-0.15970000000000018,-29.14305277721976
-0.16070000000000007,-29.22793545521166
-0.16170000000000018,-29.31281813320356
-0.16270000000000007,-29.39770081119546
-0.16370000000000018,-29.482583489187363
-0.16470000000000007,-29.581613280177915
-0.16570000000000018,-29.708937297165768
-0.16670000000000007,-29.751378636161718
-0.16770000000000018,-29.878702653149578
-0.16870000000000007,-29.96358533114148
-0.16970000000000018,-30.04846800913338
-0.17070000000000007,-30.10505646112798
-0.17170000000000019,-30.189939139119886
-0.17270000000000008,-30.274821817111786
-0.1737000000000002,-30.317263156107735
-0.17470000000000008,-30.402145834099635
-0.1757000000000002,-30.487028512091538
-0.17670000000000008,-30.614352529079397
-0.1777000000000002,-30.71338232006995
-0.17870000000000008,-30.79826499806185
-0.1797000000000002,-30.925589015049702
-0.18070000000000008,-30.968030354045652
-0.1817000000000002,-31.052913032037555
-0.18270000000000008,-31.095354371033505
-0.1837000000000002,-31.19438416202406
-0.1847000000000001,-31.27926684001596
-0.1857000000000002,-31.321708179011907
-0.1867000000000001,-31.40659085700382
-0.1877000000000002,-31.49147353499572
-0.1887000000000001,-31.57635621298762
-0.1897000000000002,-31.618797551983565
-0.1907000000000001,-31.717827342974125
-0.1917000000000001,-31.802710020966025
-0.19269999999999998,-31.887592698957924
-0.1937000000000001,-31.930034037953877
-0.19469999999999998,-32.01491671594578
-0.1957000000000001,-32.09979939393769
-0.19669999999999999,-32.14224073293363
-0.1977000000000001,-32.24127052392419
-0.1987,-32.368594540912035
-0.1997000000000001,-32.41103587990799
-0.2007,-32.49591855789989
-0.2017000000000001,-32.58080123589179
-0.2027,-32.62324257488775
-0.2037000000000001,-32.66568391388369
-0.2047,-32.764713704874254
-0.2057000000000001,-32.84959638286615
-0.2067,-32.93447906085806
-0.2077000000000001,-33.01936173884996
-0.2087,-33.06180307784591
-0.2097000000000001,-33.18912709483376
-0.2107,-33.231568433829715
-0.2117000000000001,-33.288156885824314
-0.2127,-33.41548090281216
-0.2137000000000001,-33.45792224180811
-0.2147,-33.54280491980002
-0.2157000000000001,-33.627687597791926
-0.2167,-33.712570275783825
-0.21770000000000012,-33.755011614779775
-0.2187,-33.81160006677438
-0.21970000000000012,-33.93892408376223
-0.2207,-33.93892408376223
-0.22170000000000012,-34.02380676175414
-0.2227,-34.10868943974604
-0.22370000000000012,-34.193572117737936
-0.2247,-34.193572117737936
-0.22570000000000012,-34.236013456733886
-0.2267,-34.33504324772444
-0.22770000000000012,-34.377484586720385
-0.22870000000000001,-34.462367264712285
-0.22970000000000013,-34.5472499427042
-0.23070000000000002,-34.58969128170015
-0.23170000000000013,-34.632132620696105
-0.23270000000000002,-34.632132620696105
-0.23370000000000013,-34.632132620696105
-0.23470000000000002,-34.67457395969205
-0.23570000000000013,-34.75945663768395
-0.23670000000000002,-34.8018979766799
-0.2376999999999999,-34.85848642867451
-0.23870000000000002,-34.90092776767045
-0.2396999999999999,-34.94336910666641
-0.24070000000000003,-35.07069312365426
-0.24169999999999991,-35.15557580164616
-0.24270000000000003,-35.198017140642115
-0.24369999999999992,-35.240458479638065
-0.24470000000000003,-35.282899818634014
-0.24569999999999992,-35.32534115762997
-0.24670000000000003,-35.42437094862052
-0.24769999999999992,-35.50925362661242
-0.24870000000000003,-35.55169496560837
-0.24969999999999992,-35.636577643600276
-0.25070000000000003,-35.721460321592176
-0.2516999999999999,-35.763901660588125
-0.25270000000000004,-35.848784338580025
-0.2536999999999999,-35.94781412957058
-0.25470000000000004,-36.03269680756248
-0.2556999999999999,-36.16002082455034
-0.25670000000000004,-36.244903502542236
-0.25769999999999993,-36.329786180534136
-0.25870000000000004,-36.37222751953009
-0.25969999999999993,-36.47125731052064
-0.26070000000000004,-36.5985813275085
-0.26169999999999993,-36.6834640055004
-0.26270000000000004,-36.768346683492304
-0.26369999999999993,-36.768346683492304
-0.26470000000000005,-36.81078802248826
-0.26569999999999994,-36.8532293614842
-0.26670000000000005,-36.89567070048016
-0.26769999999999994,-37.037141830466666
-0.26870000000000005,-37.07958316946261
-0.26969999999999994,-37.122024508458566
-0.27070000000000005,-37.249348525446415
-0.27169999999999994,-37.291789864442364
-0.27270000000000005,-37.376672542434264
-0.27369999999999994,-37.47570233342482
-0.27470000000000006,-37.51814367242077
-0.27569999999999995,-37.56058501141672
-0.27670000000000006,-37.645467689408626
-0.27769999999999995,-37.645467689408626
-0.27870000000000006,-37.77279170639648
-0.27969999999999995,-37.90011572338433
-0.28070000000000006,-38.04158685337084
-0.28169999999999995,-38.16891087035869
-0.28270000000000006,-38.253793548350586
-0.28369999999999995,-38.253793548350586
-0.28470000000000006,-38.33867622634249
-0.28569999999999995,-38.42355890433439
-0.28670000000000007,-38.607471373316855
-0.28769999999999996,-38.692354051308754
-0.28870000000000007,-38.777236729300654
-0.28969999999999996,-38.90456074628851
-0.29070000000000007,-38.98944342428042
-0.29169999999999996,-39.173355893262865
-0.29270000000000007,-39.258238571254765
-0.29369999999999996,-39.38556258824262
-0.2947000000000001,-39.51288660523048
-0.29569999999999996,-39.654357735216976
-0.2967000000000001,-39.78168175220483
-0.29769999999999996,-39.86656443019674
-0.2987000000000001,-39.99388844718459
-0.29969999999999997,-40.092918238175145
-0.3007000000000001,-40.26268359415894
-0.30169999999999997,-40.3900076111468
-0.3027000000000001,-40.701244097117105
-0.30369999999999997,-40.828568114104954
-0.3047000000000001,-40.95589213109281
-0.30569999999999997,-41.083216148080666
-0.3067000000000001,-41.182245939071215
-0.3077,-41.39445263405098
-0.3087000000000001,-41.56421799003478
-0.3097,-41.83301313700913
-0.3107000000000001,-42.04521983198889
-0.3117,-42.31401497896325
-0.3127000000000001,-42.39889765695515
-0.3137,-42.568663012938956
-0.3147000000000001,-42.79501682091736
-0.3157,-43.04966485489307
-0.3167000000000001,-43.23357732387552
-0.3177,-43.48822535785123
-0.3187000000000001,-43.75702050482558
-0.3197,-44.011668538801295
-0.3207000000000001,-44.28046368577565
-0.3217,-44.577553058747306
-0.3227000000000001,-44.84634820572166
-0.3237,-45.22832025668522
-0.3247000000000001,-45.53955674265553
-0.3257,-45.85079322862584
-0.3267000000000001,-46.062999923605595
-0.3277,-46.501560426563756
-0.3287000000000001,-46.94012092952192
-0.3297,-47.23721030249357
-0.3307000000000001,-47.54844678846388
-0.3317,-47.8879775004315
-0.3327000000000001,-48.1992139864018
-0.3337,-48.68021582835591
-0.3347000000000001,-49.076334992318124
-0.3357,-49.41586570428573
-0.3367000000000001,-49.81198486824794
-0.3377,-50.37786938819396
-0.3387000000000001,-50.73154721316022
-0.3397,-51.17010771611838
-0.3407000000000001,-51.65110955807249
-0.3417,-52.075522948032
-0.3427000000000001,-52.59896612898206
-0.3437,-53.079967970936174
-0.3447000000000001,-53.603411151886235
-0.3457,-54.0419716548444
-0.3467000000000001,-54.60785617479041
-0.3477,-55.21618203373238
-0.3487000000000001,-55.73962521468245
-0.3497,-56.36209818662306
-0.3507000000000001,-56.88554136757313
-0.3517,-57.45142588751914
-0.3527000000000001,-58.05975174646111
-0.3537,-58.62563626640712
-0.3547000000000001,-59.19152078635314
-0.3557,-59.7149639673032
-0.35670000000000013,-60.36573116524111
-0.3577,-61.01649836317903
-0.35870000000000013,-61.63897133511965
-0.3597,-62.16241451606972
-0.36070000000000013,-62.81318171400764
-0.3617,-63.46394891194555
-0.3626999999999999,-64.11471610988345
-0.3637,-64.68060062982947
-0.3646999999999999,-65.38795627976201
-0.3657,-65.99628213870396
-0.3666999999999999,-66.64704933664189
-0.3677,-67.39684632557035
-0.3686999999999999,-68.13249620150016
-0.36970000000000003,-68.74082206044213
-0.3706999999999999,-69.39158925838004
-0.37170000000000003,-70.05650356931662
-0.3726999999999999,-70.74971210625048
-0.37370000000000003,-71.4004793041884
-0.3746999999999999,-72.19271763211282
-0.37570000000000003,-72.84348483005074
-0.3766999999999999,-73.49425202798865
-0.37770000000000004,-74.28649035591307
-0.3786999999999999,-74.93725755385098
-0.37970000000000004,-75.81437855976732
-0.3806999999999999,-76.50758709670117
-0.38170000000000004,-76.9037062606634
-0.38269999999999993,-77.63935613659322
-0.38370000000000004,-78.43159446451764
-0.38469999999999993,-79.25212701843935
-0.38570000000000004,-79.94533555537322
-0.38669999999999993,-80.00192400736783
-0.38570000000000004,-78.91259630647174
-0.38469999999999993,-77.7242388145851
-0.38370000000000004,-76.81882358267148
-0.38269999999999993,-75.98414391575112
-0.38170000000000004,-75.1070229098348
-0.3806999999999999,-74.20160767792116
-0.37970000000000004,-73.32448667200485
-0.3786999999999999,-72.36248298809663
-0.37770000000000004,-71.44292064318435
-0.3766999999999999,-70.53750541127073
-0.37570000000000003,-69.74526708334632
-0.3746999999999999,-68.91058741642594
-0.37370000000000003,-68.13249620150016
-0.3726999999999999,-67.34025787357575
-0.37170000000000003,-65.82651678272015
-0.3706999999999999,-65.43039761875795
-0.36970000000000003,-64.77963042082003
-0.3686999999999999,-64.02983343189156
-0.3677,-63.37906623395363
-0.3666999999999999,-62.11997317707376
-0.3657,-61.53994154412909
-0.3646999999999999,-60.59208497321952
-0.3637,-60.15352447026136
-0.3626999999999999,-59.14907944735718
-0.3617,-58.79540162239092
-0.36070000000000013,-58.14463442445301
-0.3597,-57.352396096528594
-0.35870000000000013,-56.82895291557852
-0.3577,-56.093303039648696
-0.35670000000000013,-55.357653163718886
-0.3557,-54.60785617479041
-0.3547000000000001,-53.518528473894335
-0.3537,-52.95264395394832
-0.3527000000000001,-52.42920077299826
-0.3517,-51.424755750094086
-0.3507000000000001,-50.73154721316022
-0.3497,-50.2505453712061
-0.3487000000000001,-49.557336834272235
-0.3477,-49.076334992318124
-0.3467000000000001,-48.45386202037751
-0.3457,-47.84553616143554
-0.3447000000000001,-47.23721030249357
-0.3437,-46.67132578254756
-0.3427000000000001,-46.02055858460964
-0.3417,-45.412232725667685
-0.3407000000000001,-44.88878954471762
-0.3397,-44.181433894785094
-0.3387000000000001,-43.657990713835034
-0.3377,-43.04966485489307
-0.3367000000000001,-42.568663012938956
-0.3357,-41.96033715399699
-0.3347000000000001,-41.22468727806717
-0.3337,-40.65880275812115
-0.3327000000000001,-40.03632978618054
-0.3317,-39.47044526623452
-0.3307000000000001,-38.98944342428042
-0.3297,-38.46600024333035
-0.3287000000000001,-37.90011572338433
-0.3277,-37.376672542434264
-0.3267000000000001,-36.89567070048016
-0.3257,-36.244903502542236
-0.3247000000000001,-35.679018982596226
-0.3237,-35.11313446265021
-0.3227000000000001,-34.462367264712285
-0.3217,-33.93892408376223
-0.3207000000000001,-33.45792224180811
-0.3197,-32.892037721862096
-0.3187000000000001,-32.41103587990799
-0.3177,-31.930034037953877
-0.3167000000000001,-31.36414951800786
-0.3157,-30.8407063370578
-0.3147000000000001,-30.359704495103685
-0.3137,-29.878702653149578
-0.3127000000000001,-29.35525947219951
-0.3117,-28.831816291249446
-0.3107000000000001,-28.393255788291288
-0.3097,-27.827371268345274
-0.3087000000000001,-27.38881076538711
-0.3077,-26.907808923433
-0.3067000000000001,-26.440954194477534
-0.30569999999999997,-26.002393691519377
-0.3047000000000001,-25.521391849565262
-0.30369999999999997,-25.0828313466071
-0.3027000000000001,-24.601829504652986
-0.30169999999999997,-24.24815167968673
-0.3007000000000001,-23.823738289727217
-0.29969999999999997,-23.342736447773106
-0.2987000000000001,-22.904175944814945
-0.29769999999999996,-22.508056780852733
-0.2967000000000001,-22.069496277894572
-0.29569999999999996,-21.67337711393236
-0.2947000000000001,-21.248963723972853
-0.29369999999999996,-20.85284456001064
-0.29270000000000007,-20.414284057052477
-0.29169999999999996,-20.01816489309027
-0.29070000000000007,-19.579604390132108
-0.28969999999999996,-19.197632339168546
-0.28870000000000007,-18.759071836210385
-0.28769999999999996,-18.40539401124413
-0.28670000000000007,-17.966833508285966
-0.28569999999999995,-17.627302796318357
-0.28470000000000006,-17.231183632356142
-0.28369999999999995,-16.877505807389888
-0.28270000000000006,-16.495533756426326
-0.28169999999999995,-16.056973253468165
-0.28070000000000006,-15.70329542850191
-0.27969999999999995,-15.307176264539699
-0.27870000000000006,-14.967645552572087
-0.27769999999999995,-14.57152638860988
-0.27670000000000006,-14.217848563643619
-0.27569999999999995,-13.741090855589102
-0.27470000000000006,-13.30535977523067
-0.27369999999999994,-13.043638184755638
-0.27270000000000005,-12.73806054398479
-0.27169999999999994,-12.390041564217992
-0.27070000000000005,-12.040607873151327
-0.26969999999999994,-11.691174182084664
-0.26870000000000005,-11.299299152022046
-0.26769999999999994,-10.949865460955383
-0.26670000000000005,-10.644287820184536
-0.26569999999999994,-10.340124890713554
-0.26470000000000005,-9.946835149351072
-0.26369999999999993,-9.685113558876042
-0.26270000000000004,-9.423391968401008
-0.26169999999999993,-9.11781432763016
-0.26070000000000004,-8.812236686859313
-0.25969999999999993,-8.508073757388331
-0.25870000000000004,-8.246352166913299
-0.25769999999999993,-7.940774526142452
-0.25670000000000004,-7.635196885371603
-0.2556999999999999,-7.37347529489657
-0.25470000000000004,-7.067897654125724
-0.2536999999999999,-6.806176063650692
-0.25270000000000004,-6.500598422879844
-0.2516999999999999,-6.238876832404812
-0.25070000000000003,-5.9347139029338285
-0.24969999999999992,-5.672992312458796
-0.24870000000000003,-5.411270721983764
-0.24769999999999992,-5.105693081212917
-0.24670000000000003,-4.843971490737885
-0.24569999999999992,-4.582249900262854
-0.24470000000000003,-4.3205283097878215
-0.24369999999999992,-4.0588067193127895
-0.24270000000000003,-3.7970851288377587
-0.24169999999999991,-3.5353635383627267
-0.24070000000000003,-3.273641947887695
-0.2396999999999999,-3.0119203574126634
-0.23870000000000002,-2.7501987669376318
-0.2376999999999999,-2.532333226758415
-0.23670000000000002,-2.2706116362833835
-0.23570000000000013,-2.008890045808352
-0.23470000000000002,-1.7471684553333202
-0.23370000000000013,-1.5293029151541047
-0.23270000000000002,-1.2671569112891135
-0.23170000000000013,-1.0490084288499246
-0.23070000000000002,-0.7872868383748929
-0.22970000000000013,-0.5692798270656908
-0.22870000000000001,-0.30755823659065895
-0.22770000000000012,-0.08943804837746762
-0.2267,0.12863969849672777
-0.22570000000000012,0.3467457395969205
-0.2247,0.5647527509061226
-0.22370000000000012,0.8264743413811545
-0.2227,1.0446228238203432
-0.22170000000000012,1.2626298351295453
-0.2207,1.4812027309586933
-0.21970000000000012,1.6990682711379093
-0.2187,1.9169338113171246
-0.21770000000000012,2.1347993514963406
-0.2167,2.352664891675556
-0.2157000000000001,2.5705304318547717
-0.2147,2.7898106833338523
-0.2137000000000001,2.963820173217252
-0.2127,3.1816857133964676
-0.2117000000000001,3.3995512535756833
-0.2107,3.5749754547589476
-0.2097000000000001,3.7928409949381634
-0.2087,3.9668504848215624
-0.2077000000000001,4.184716025000778
-0.2067,4.360140226184043
-0.2057000000000001,4.578005766363259
-0.2047,4.795871306542475
-0.2037000000000001,4.9698807964258735
-0.2027,5.145304997609139
-0.2017000000000001,5.3631705377883545
-0.2007,5.537180027671754
-0.1997000000000001,5.7111895175551535
-0.1987,5.929055057734368
-0.1977000000000001,6.14833530921345
-0.19669999999999999,6.322344799096849
-0.1957000000000001,6.496354288980249
-0.19469999999999998,6.671778490163514
-0.1937000000000001,6.845787980046913
-0.19269999999999998,7.019797469930312
-0.1917000000000001,7.15136562081776
-0.1907000000000001,7.369231160996977
-0.1897000000000002,7.543240650880375
-0.1887000000000001,7.7186648520636405
-0.1877000000000002,7.892674341947039
-0.1867000000000001,8.022827781534623
-0.1857000000000002,8.242108033013702
-0.1847000000000001,8.416117522897103
-0.1837000000000002,8.546270962484687
-0.18270000000000008,8.764136502663902
-0.1817000000000002,8.939560703847167
-0.18070000000000008,9.06971414343475
-0.1797000000000002,9.245138344618015
-0.17870000000000008,9.419147834501414
-0.1777000000000002,9.549301274088998
-0.17670000000000008,9.768581525568079
-0.1757000000000002,9.898734965155663
-0.17470000000000008,10.07274445503906
-0.1737000000000002,10.248168656222326
-0.17270000000000008,10.37832209580991
-0.17170000000000019,10.553746296993173
-0.17070000000000007,10.683899736580756
-0.16970000000000018,10.901765276759972
-0.16870000000000007,11.033333427647422
-0.16770000000000018,11.20734291753082
-0.16670000000000007,11.38135240741422
-0.16570000000000018,11.295055018122452
-0.16470000000000007,11.33891106841827
-0.16370000000000018,11.556776608597485
-0.16270000000000007,11.730786098480884
-0.16170000000000018,11.904795588364284
-0.16070000000000007,12.080219789547549
-0.15970000000000018,12.254229279430946
-0.15870000000000006,12.428238769314348
-0.15770000000000017,12.603662970497613
-0.15670000000000006,12.77767246038101
-0.15570000000000017,12.95168195026441
-0.15470000000000006,13.08325010115186
-0.15370000000000017,13.257259591035258
-0.15270000000000006,13.388827741922707
-0.15170000000000017,13.518981181510291
-0.15070000000000006,13.69299067139369
-0.14970000000000017,13.868414872576954
-0.14870000000000005,14.042424362460354
-0.14770000000000016,14.175407224647667
-0.14670000000000005,14.345172580631472
-0.14570000000000016,14.472496597619326
-0.14470000000000005,14.65640906660178
-0.14370000000000016,14.741291744593681
-0.14270000000000005,14.911057100577487
-0.14170000000000016,15.05252823056399
-0.14070000000000005,15.222293586547794
-0.13970000000000016,15.349617603535648
-0.13870000000000005,15.519382959519453
-0.13770000000000016,15.74573676749786
-0.13670000000000004,15.87306078448571
-0.13570000000000015,16.000384801473565
-0.13470000000000004,16.141855931460068
-0.13370000000000015,16.22673860945197
-0.13270000000000004,16.354062626439823
-0.13170000000000015,16.52382798242363
-0.13070000000000004,16.481386643427676
-0.12970000000000015,16.750181790402035
-0.12870000000000004,16.877505807389888
-0.12770000000000015,17.047271163373694
-0.12670000000000003,17.231183632356142
-0.12570000000000014,17.358507649344002
-0.12470000000000003,17.48583166633185
-0.12370000000000014,17.613155683319707
-0.12270000000000003,17.75462681330621
-0.12170000000000014,17.966833508285966
-0.12070000000000003,18.09415752527382
-0.11970000000000014,18.23562865526032
-0.11870000000000003,18.362952672248177
-0.11770000000000014,18.53271802823198
-0.11670000000000003,18.57515936722793
-0.11570000000000014,18.702483384215785
-0.11470000000000002,18.80151317520634
-0.11370000000000013,18.92883719219419
-0.11270000000000002,19.056161209182044
-0.11170000000000013,19.22592656516585
-0.11070000000000024,19.141043887173947
-0.10970000000000013,19.01371987018609
-0.10870000000000024,19.098602548177997
-0.10770000000000013,19.22592656516585
-0.10670000000000024,19.3249563561564
-0.10570000000000013,19.49472171214021
-0.10470000000000024,19.664487068124007
-0.10370000000000013,19.848399537106463
-0.10270000000000024,19.97572355409432
-0.10170000000000012,20.14548891007812
-0.10070000000000023,20.329401379060574
-0.09970000000000012,20.371842718056527
-0.09870000000000023,20.541608074040333
-0.09770000000000012,20.89528589900659
-0.09670000000000023,21.149933932982297
-0.09570000000000012,21.319699288966106
-0.09470000000000023,21.461170418952605
-0.09370000000000012,21.461170418952605
-0.09270000000000023,21.376287740960702
-0.09170000000000011,21.503611757948562
-0.09070000000000022,21.58849443594046
-0.08970000000000011,21.71581845292831
-0.08870000000000022,21.843142469916167
-0.08770000000000011,22.027054938898623
-0.08670000000000022,22.196820294882425
-0.08570000000000011,22.36658565086623
-0.08470000000000022,22.46561544185678
-0.08370000000000011,22.63538079784059
-0.08270000000000022,22.76270481482844
-0.0817000000000001,22.890028831816295
-0.08070000000000022,23.031499961802798
-0.0797000000000001,23.15882397879065
-0.07870000000000021,23.286147995778503
-0.0777000000000001,23.47006046476096
-0.07670000000000021,23.55494314275286
-0.0757000000000001,23.682267159740714
-0.07470000000000021,23.809591176728567
-0.0737000000000001,23.993503645711023
-0.07270000000000021,24.120827662698876
-0.0717000000000001,24.24815167968673
-0.07070000000000021,24.37547569667458
-0.0697000000000001,24.516946826661083
-0.0687000000000002,24.856477538628695
-0.0677000000000001,25.210155363594954
-0.0667000000000002,25.37992071957876
-0.06570000000000009,25.507244736566612
-0.0647000000000002,25.648715866553115
-0.06370000000000009,25.73359854454502
-0.0627000000000002,25.90336390052882
-0.06170000000000009,26.030687917516673
-0.0607000000000002,26.17215904750318
-0.059700000000000086,26.29948306449103
-0.058700000000000196,26.38436574248293
-0.057700000000000085,26.511689759470787
-0.056700000000000195,26.65316088945729
-0.05570000000000008,26.780484906445146
-0.05470000000000019,27.035132940420848
-0.05370000000000008,27.134162731411404
-0.05270000000000019,27.0775742794168
-0.05170000000000008,26.907808923433
-0.05070000000000019,26.992691601424898
-0.04970000000000008,27.134162731411404
-0.04870000000000019,27.219045409403304
-0.047700000000000076,27.34636942639116
-0.046700000000000186,27.473693443379013
-0.045700000000000074,27.601017460366865
-0.044700000000000184,27.742488590353368
-0.04370000000000007,27.869812607341224
-0.04270000000000018,27.997136624329073
-0.04170000000000007,28.12446064131693
-0.04070000000000018,28.22349043230748
-0.03970000000000007,28.350814449295335
-0.03870000000000018,28.478138466283188
-0.03770000000000007,28.56302114427509
-0.03670000000000018,28.704492274261593
-0.035700000000000065,28.8742576302454
-0.034700000000000175,28.959140308237306
-0.03370000000000006,29.086464325225155
-0.03270000000000017,29.22793545521166
-0.03170000000000006,29.39770081119546
-0.03070000000000017,29.567466167179266
-0.02970000000000006,29.652348845171172
-0.02870000000000017,29.836261314153624
-0.027700000000000058,29.921143992145527
-0.026700000000000168,30.04846800913338
-0.025700000000000056,30.21823336511718
-0.024700000000000166,30.359704495103685
-0.023700000000000054,30.444587173095588
-0.022700000000000164,30.614352529079397
-0.021700000000000053,30.741676546067247
-0.020700000000000163,30.88314767605375
-0.01970000000000005,30.925589015049702
-0.01870000000000016,31.010471693041605
-0.01770000000000005,31.095354371033505
-0.01670000000000016,31.265119727017314
-0.015700000000000047,31.180237049025404
-0.014700000000000157,31.36414951800786
-0.013700000000000045,31.449032195999767
-0.012700000000000156,31.618797551983565
-0.011700000000000044,31.74612156897142
-0.010700000000000154,31.887592698957924
-0.009700000000000042,31.972475376949827
-0.008700000000000152,32.09979939393769
-0.00770000000000004,32.269564749921486
-0.00670000000000015,32.45347721890394
-0.005700000000000038,32.58080123589179
-0.0047000000000001485,32.66568391388369
-0.0037000000000000366,32.892037721862096
-0.0027000000000001467,33.06180307784591
-0.0017000000000000348,33.10424441684186
-0.000700000000000145,33.18912709483376
0.00029999999999996696,33.316451111821614
0.0012999999999998568,33.45792224180811
0.0022999999999999687,33.670128936787876
0.0032999999999998586,33.839894292771675
0.0042999999999999705,33.98136542275818
0.00529999999999986,34.06624810075008
0.006299999999999972,34.236013456733886
0.007299999999999862,34.36333747372174
0.008299999999999974,34.50480860370825
0.009299999999999864,34.632132620696105
0.010299999999999976,34.75945663768395
0.011299999999999866,34.8867806546718
0.012299999999999978,35.02825178465831
