June 27, 2026   19:45:28
Cyclic Voltammetry
File: c:/users/guazh/data/20260623_doe_duplica2/2026-06-24-exp26\exp26-2026-06-27t19_39_58-h2koh\exp26_cv_sr_50mvs_efin_-1400mv.bin
Data Source:  Experiment
Instrument Model:  CHI760E
Header: CV ran at 50 mVs
Note: 

Init E (V) = -1
High E (V) = -1
Low E (V) = -1.4
Final E (V) = -1
Init P/N = N
Scan Rate (V/s) = 0.05
Segment = 3
Sample Interval (V) = 0.001
Quiet Time (sec) = 2
Sensitivity (A/V) = 0.01
Comp R (ohm) = 2.2

Results:

Channel 1:
Segment 1:

Segment 2:

Segment 3:

Potential/V, Current/A

-1.000, -1.057e-4
-1.001, -7.077e-5
-1.002, -4.523e-5
-1.003, -2.423e-5
-1.004, -5.922e-6
-1.005, 1.027e-5
-1.006, 2.509e-5
-1.007, 3.889e-5
-1.008, 5.125e-5
-1.009, 6.283e-5
-1.010, 7.332e-5
-1.011, 8.315e-5
-1.012, 9.282e-5
-1.013, 1.016e-4
-1.014, 1.098e-4
-1.015, 1.177e-4
-1.016, 1.251e-4
-1.017, 1.323e-4
-1.018, 1.391e-4
-1.019, 1.454e-4
-1.020, 1.522e-4
-1.021, 1.582e-4
-1.022, 1.642e-4
-1.023, 1.696e-4
-1.024, 1.756e-4
-1.025, 1.807e-4
-1.026, 1.857e-4
-1.027, 1.903e-4
-1.028, 1.955e-4
-1.029, 2.001e-4
-1.030, 2.047e-4
-1.031, 2.091e-4
-1.032, 2.133e-4
-1.033, 2.176e-4
-1.034, 2.217e-4
-1.035, 2.256e-4
-1.036, 2.296e-4
-1.037, 2.335e-4
-1.038, 2.373e-4
-1.039, 2.413e-4
-1.040, 2.447e-4
-1.041, 2.486e-4
-1.042, 2.524e-4
-1.043, 2.558e-4
-1.044, 2.594e-4
-1.045, 2.631e-4
-1.046, 2.667e-4
-1.047, 2.703e-4
-1.048, 2.737e-4
-1.049, 2.764e-4
-1.050, 2.798e-4
-1.051, 2.832e-4
-1.052, 2.867e-4
-1.053, 2.900e-4
-1.054, 2.930e-4
-1.055, 2.965e-4
-1.056, 2.991e-4
-1.057, 3.021e-4
-1.058, 3.054e-4
-1.059, 3.083e-4
-1.060, 3.117e-4
-1.061, 3.147e-4
-1.062, 3.171e-4
-1.063, 3.199e-4
-1.064, 3.226e-4
-1.065, 3.256e-4
-1.066, 3.286e-4
-1.067, 3.313e-4
-1.068, 3.338e-4
-1.069, 3.364e-4
-1.070, 3.393e-4
-1.071, 3.422e-4
-1.072, 3.443e-4
-1.073, 3.467e-4
-1.074, 3.489e-4
-1.075, 3.520e-4
-1.076, 3.548e-4
-1.077, 3.572e-4
-1.078, 3.596e-4
-1.079, 3.623e-4
-1.080, 3.645e-4
-1.081, 3.671e-4
-1.082, 3.695e-4
-1.083, 3.715e-4
-1.084, 3.738e-4
-1.085, 3.762e-4
-1.086, 3.787e-4
-1.087, 3.809e-4
-1.088, 3.834e-4
-1.089, 3.859e-4
-1.090, 3.885e-4
-1.091, 3.915e-4
-1.092, 3.937e-4
-1.093, 3.952e-4
-1.094, 3.973e-4
-1.095, 3.996e-4
-1.096, 4.014e-4
-1.097, 4.041e-4
-1.098, 4.060e-4
-1.099, 4.085e-4
-1.100, 4.109e-4
-1.101, 4.133e-4
-1.102, 4.157e-4
-1.103, 4.172e-4
-1.104, 4.194e-4
-1.105, 4.219e-4
-1.106, 4.250e-4
-1.107, 4.269e-4
-1.108, 4.287e-4
-1.109, 4.304e-4
-1.110, 4.327e-4
-1.111, 4.352e-4
-1.112, 4.378e-4
-1.113, 4.403e-4
-1.114, 4.431e-4
-1.115, 4.449e-4
-1.116, 4.475e-4
-1.117, 4.494e-4
-1.118, 4.520e-4
-1.119, 4.541e-4
-1.120, 4.568e-4
-1.121, 4.589e-4
-1.122, 4.615e-4
-1.123, 4.633e-4
-1.124, 4.656e-4
-1.125, 4.682e-4
-1.126, 4.705e-4
-1.127, 4.734e-4
-1.128, 4.756e-4
-1.129, 4.782e-4
-1.130, 4.804e-4
-1.131, 4.825e-4
-1.132, 4.854e-4
-1.133, 4.874e-4
-1.134, 4.898e-4
-1.135, 4.927e-4
-1.136, 4.943e-4
-1.137, 4.970e-4
-1.138, 4.992e-4
-1.139, 5.016e-4
-1.140, 5.037e-4
-1.141, 5.061e-4
-1.142, 5.082e-4
-1.143, 5.106e-4
-1.144, 5.128e-4
-1.145, 5.148e-4
-1.146, 5.169e-4
-1.147, 5.195e-4
-1.148, 5.218e-4
-1.149, 5.241e-4
-1.150, 5.265e-4
-1.151, 5.283e-4
-1.152, 5.306e-4
-1.153, 5.323e-4
-1.154, 5.346e-4
-1.155, 5.363e-4
-1.156, 5.390e-4
-1.157, 5.405e-4
-1.158, 5.432e-4
-1.159, 5.455e-4
-1.160, 5.453e-4
-1.161, 5.461e-4
-1.162, 5.485e-4
-1.163, 5.507e-4
-1.164, 5.527e-4
-1.165, 5.548e-4
-1.166, 5.574e-4
-1.167, 5.592e-4
-1.168, 5.610e-4
-1.169, 5.630e-4
-1.170, 5.656e-4
-1.171, 5.668e-4
-1.172, 5.695e-4
-1.173, 5.713e-4
-1.174, 5.730e-4
-1.175, 5.747e-4
-1.176, 5.773e-4
-1.177, 5.796e-4
-1.178, 5.819e-4
-1.179, 5.833e-4
-1.180, 5.849e-4
-1.181, 5.872e-4
-1.182, 5.888e-4
-1.183, 5.904e-4
-1.184, 5.912e-4
-1.185, 5.921e-4
-1.186, 5.951e-4
-1.187, 5.973e-4
-1.188, 6.003e-4
-1.189, 6.013e-4
-1.190, 6.023e-4
-1.191, 6.036e-4
-1.192, 6.055e-4
-1.193, 6.074e-4
-1.194, 6.090e-4
-1.195, 6.107e-4
-1.196, 6.129e-4
-1.197, 6.143e-4
-1.198, 6.162e-4
-1.199, 6.192e-4
-1.200, 6.210e-4
-1.201, 6.241e-4
-1.202, 6.261e-4
-1.203, 6.282e-4
-1.204, 6.316e-4
-1.205, 6.340e-4
-1.206, 6.364e-4
-1.207, 6.394e-4
-1.208, 6.416e-4
-1.209, 6.432e-4
-1.210, 6.459e-4
-1.211, 6.493e-4
-1.212, 6.529e-4
-1.213, 6.559e-4
-1.214, 6.593e-4
-1.215, 6.625e-4
-1.216, 6.654e-4
-1.217, 6.690e-4
-1.218, 6.721e-4
-1.219, 6.757e-4
-1.220, 6.798e-4
-1.221, 6.837e-4
-1.222, 6.870e-4
-1.223, 6.900e-4
-1.224, 6.941e-4
-1.225, 6.984e-4
-1.226, 7.020e-4
-1.227, 7.060e-4
-1.228, 7.118e-4
-1.229, 7.177e-4
-1.230, 7.222e-4
-1.231, 7.270e-4
-1.232, 7.317e-4
-1.233, 7.372e-4
-1.234, 7.423e-4
-1.235, 7.473e-4
-1.236, 7.535e-4
-1.237, 7.595e-4
-1.238, 7.657e-4
-1.239, 7.720e-4
-1.240, 7.786e-4
-1.241, 7.854e-4
-1.242, 7.920e-4
-1.243, 7.989e-4
-1.244, 8.073e-4
-1.245, 8.147e-4
-1.246, 8.232e-4
-1.247, 8.309e-4
-1.248, 8.388e-4
-1.249, 8.478e-4
-1.250, 8.574e-4
-1.251, 8.660e-4
-1.252, 8.737e-4
-1.253, 8.828e-4
-1.254, 8.927e-4
-1.255, 9.028e-4
-1.256, 9.125e-4
-1.257, 9.230e-4
-1.258, 9.340e-4
-1.259, 9.450e-4
-1.260, 9.563e-4
-1.261, 9.694e-4
-1.262, 9.819e-4
-1.263, 9.923e-4
-1.264, 1.005e-3
-1.265, 1.016e-3
-1.266, 1.029e-3
-1.267, 1.043e-3
-1.268, 1.056e-3
-1.269, 1.071e-3
-1.270, 1.085e-3
-1.271, 1.100e-3
-1.272, 1.120e-3
-1.273, 1.133e-3
-1.274, 1.147e-3
-1.275, 1.162e-3
-1.276, 1.179e-3
-1.277, 1.197e-3
-1.278, 1.213e-3
-1.279, 1.230e-3
-1.280, 1.248e-3
-1.281, 1.267e-3
-1.282, 1.286e-3
-1.283, 1.306e-3
-1.284, 1.326e-3
-1.285, 1.346e-3
-1.286, 1.366e-3
-1.287, 1.387e-3
-1.288, 1.408e-3
-1.289, 1.429e-3
-1.290, 1.452e-3
-1.291, 1.476e-3
-1.292, 1.499e-3
-1.293, 1.523e-3
-1.294, 1.546e-3
-1.295, 1.570e-3
-1.296, 1.595e-3
-1.297, 1.619e-3
-1.298, 1.645e-3
-1.299, 1.671e-3
-1.300, 1.698e-3
-1.301, 1.727e-3
-1.302, 1.752e-3
-1.303, 1.782e-3
-1.304, 1.807e-3
-1.305, 1.835e-3
-1.306, 1.866e-3
-1.307, 1.896e-3
-1.308, 1.927e-3
-1.309, 1.956e-3
-1.310, 1.988e-3
-1.311, 2.020e-3
-1.312, 2.052e-3
-1.313, 2.087e-3
-1.314, 2.124e-3
-1.315, 2.155e-3
-1.316, 2.186e-3
-1.317, 2.217e-3
-1.318, 2.253e-3
-1.319, 2.293e-3
-1.320, 2.329e-3
-1.321, 2.365e-3
-1.322, 2.402e-3
-1.323, 2.436e-3
-1.324, 2.474e-3
-1.325, 2.510e-3
-1.326, 2.548e-3
-1.327, 2.582e-3
-1.328, 2.618e-3
-1.329, 2.655e-3
-1.330, 2.695e-3
-1.331, 2.740e-3
-1.332, 2.774e-3
-1.333, 2.813e-3
-1.334, 2.852e-3
-1.335, 2.892e-3
-1.336, 2.935e-3
-1.337, 2.978e-3
-1.338, 3.023e-3
-1.339, 3.060e-3
-1.340, 3.103e-3
-1.341, 3.140e-3
-1.342, 3.177e-3
-1.343, 3.215e-3
-1.344, 3.257e-3
-1.345, 3.299e-3
-1.346, 3.342e-3
-1.347, 3.384e-3
-1.348, 3.428e-3
-1.349, 3.473e-3
-1.350, 3.514e-3
-1.351, 3.559e-3
-1.352, 3.599e-3
-1.353, 3.640e-3
-1.354, 3.692e-3
-1.355, 3.738e-3
-1.356, 3.788e-3
-1.357, 3.827e-3
-1.358, 3.871e-3
-1.359, 3.905e-3
-1.360, 3.954e-3
-1.361, 3.998e-3
-1.362, 4.044e-3
-1.363, 4.091e-3
-1.364, 4.121e-3
-1.365, 4.157e-3
-1.366, 4.197e-3
-1.367, 4.237e-3
-1.368, 4.284e-3
-1.369, 4.326e-3
-1.370, 4.369e-3
-1.371, 4.416e-3
-1.372, 4.464e-3
-1.373, 4.513e-3
-1.374, 4.560e-3
-1.375, 4.605e-3
-1.376, 4.657e-3
-1.377, 4.704e-3
-1.378, 4.753e-3
-1.379, 4.806e-3
-1.380, 4.853e-3
-1.381, 4.894e-3
-1.382, 4.933e-3
-1.383, 4.976e-3
-1.384, 5.016e-3
-1.385, 5.057e-3
-1.386, 5.087e-3
-1.387, 5.133e-3
-1.388, 5.180e-3
-1.389, 5.221e-3
-1.390, 5.264e-3
-1.391, 5.297e-3
-1.392, 5.341e-3
-1.393, 5.384e-3
-1.394, 5.433e-3
-1.395, 5.466e-3
-1.396, 5.524e-3
-1.397, 5.582e-3
-1.398, 5.625e-3
-1.399, 5.677e-3
-1.400, 5.667e-3
-1.399, 5.597e-3
-1.398, 5.545e-3
-1.397, 5.486e-3
-1.396, 5.426e-3
-1.395, 5.354e-3
-1.394, 5.307e-3
-1.393, 5.245e-3
-1.392, 5.205e-3
-1.391, 5.151e-3
-1.390, 5.085e-3
-1.389, 5.022e-3
-1.388, 4.986e-3
-1.387, 4.922e-3
-1.386, 4.851e-3
-1.385, 4.809e-3
-1.384, 4.767e-3
-1.383, 4.710e-3
-1.382, 4.648e-3
-1.381, 4.592e-3
-1.380, 4.536e-3
-1.379, 4.493e-3
-1.378, 4.441e-3
-1.377, 4.380e-3
-1.376, 4.328e-3
-1.375, 4.301e-3
-1.374, 4.243e-3
-1.373, 4.197e-3
-1.372, 4.149e-3
-1.371, 4.100e-3
-1.370, 4.080e-3
-1.369, 4.017e-3
-1.368, 3.978e-3
-1.367, 3.943e-3
-1.366, 3.905e-3
-1.365, 3.866e-3
-1.364, 3.823e-3
-1.363, 3.767e-3
-1.362, 3.714e-3
-1.361, 3.671e-3
-1.360, 3.627e-3
-1.359, 3.580e-3
-1.358, 3.537e-3
-1.357, 3.491e-3
-1.356, 3.441e-3
-1.355, 3.389e-3
-1.354, 3.347e-3
-1.353, 3.296e-3
-1.352, 3.259e-3
-1.351, 3.213e-3
-1.350, 3.171e-3
-1.349, 3.131e-3
-1.348, 3.086e-3
-1.347, 3.047e-3
-1.346, 3.006e-3
-1.345, 2.957e-3
-1.344, 2.901e-3
-1.343, 2.867e-3
-1.342, 2.839e-3
-1.341, 2.804e-3
-1.340, 2.764e-3
-1.339, 2.716e-3
-1.338, 2.675e-3
-1.337, 2.637e-3
-1.336, 2.600e-3
-1.335, 2.563e-3
-1.334, 2.531e-3
-1.333, 2.490e-3
-1.332, 2.455e-3
-1.331, 2.418e-3
-1.330, 2.384e-3
-1.329, 2.345e-3
-1.328, 2.307e-3
-1.327, 2.267e-3
-1.326, 2.237e-3
-1.325, 2.203e-3
-1.324, 2.170e-3
-1.323, 2.134e-3
-1.322, 2.099e-3
-1.321, 2.065e-3
-1.320, 2.034e-3
-1.319, 2.002e-3
-1.318, 1.968e-3
-1.317, 1.934e-3
-1.316, 1.903e-3
-1.315, 1.871e-3
-1.314, 1.840e-3
-1.313, 1.810e-3
-1.312, 1.781e-3
-1.311, 1.756e-3
-1.310, 1.726e-3
-1.309, 1.696e-3
-1.308, 1.667e-3
-1.307, 1.639e-3
-1.306, 1.609e-3
-1.305, 1.581e-3
-1.304, 1.552e-3
-1.303, 1.522e-3
-1.302, 1.496e-3
-1.301, 1.470e-3
-1.300, 1.445e-3
-1.299, 1.418e-3
-1.298, 1.393e-3
-1.297, 1.366e-3
-1.296, 1.342e-3
-1.295, 1.314e-3
-1.294, 1.289e-3
-1.293, 1.268e-3
-1.292, 1.245e-3
-1.291, 1.218e-3
-1.290, 1.199e-3
-1.289, 1.176e-3
-1.288, 1.153e-3
-1.287, 1.132e-3
-1.286, 1.109e-3
-1.285, 1.093e-3
-1.284, 1.067e-3
-1.283, 1.045e-3
-1.282, 1.025e-3
-1.281, 1.006e-3
-1.280, 9.841e-4
-1.279, 9.667e-4
-1.278, 9.468e-4
-1.277, 9.257e-4
-1.276, 9.043e-4
-1.275, 8.888e-4
-1.274, 8.692e-4
-1.273, 8.513e-4
-1.272, 8.345e-4
-1.271, 8.152e-4
-1.270, 7.932e-4
-1.269, 7.554e-4
-1.268, 7.471e-4
-1.267, 7.269e-4
-1.266, 7.084e-4
-1.265, 6.921e-4
-1.264, 6.763e-4
-1.263, 6.616e-4
-1.262, 6.455e-4
-1.261, 6.308e-4
-1.260, 6.151e-4
-1.259, 5.987e-4
-1.258, 5.834e-4
-1.257, 5.683e-4
-1.256, 5.541e-4
-1.255, 5.403e-4
-1.254, 5.267e-4
-1.253, 5.120e-4
-1.252, 4.989e-4
-1.251, 4.863e-4
-1.250, 4.744e-4
-1.249, 4.609e-4
-1.248, 4.476e-4
-1.247, 4.345e-4
-1.246, 4.209e-4
-1.245, 4.065e-4
-1.244, 3.936e-4
-1.243, 3.815e-4
-1.242, 3.682e-4
-1.241, 3.558e-4
-1.240, 3.441e-4
-1.239, 3.323e-4
-1.238, 3.206e-4
-1.237, 3.089e-4
-1.236, 2.974e-4
-1.235, 2.868e-4
-1.234, 2.754e-4
-1.233, 2.636e-4
-1.232, 2.527e-4
-1.231, 2.434e-4
-1.230, 2.346e-4
-1.229, 2.249e-4
-1.228, 2.158e-4
-1.227, 2.050e-4
-1.226, 1.951e-4
-1.225, 1.854e-4
-1.224, 1.766e-4
-1.223, 1.673e-4
-1.222, 1.580e-4
-1.221, 1.483e-4
-1.220, 1.390e-4
-1.219, 1.296e-4
-1.218, 1.210e-4
-1.217, 1.121e-4
-1.216, 1.034e-4
-1.215, 9.480e-5
-1.214, 8.617e-5
-1.213, 7.927e-5
-1.212, 7.131e-5
-1.211, 6.305e-5
-1.210, 5.521e-5
-1.209, 4.743e-5
-1.208, 3.998e-5
-1.207, 3.195e-5
-1.206, 2.398e-5
-1.205, 1.625e-5
-1.204, 8.572e-6
-1.203, 1.290e-6
-1.202, -5.685e-6
-1.201, -1.278e-5
-1.200, -1.889e-5
-1.199, -2.578e-5
-1.198, -3.268e-5
-1.197, -3.914e-5
-1.196, -4.588e-5
-1.195, -5.235e-5
-1.194, -5.772e-5
-1.193, -6.496e-5
-1.192, -7.127e-5
-1.191, -7.762e-5
-1.190, -8.402e-5
-1.189, -8.992e-5
-1.188, -9.599e-5
-1.187, -1.017e-4
-1.186, -1.076e-4
-1.185, -1.135e-4
-1.184, -1.191e-4
-1.183, -1.245e-4
-1.182, -1.301e-4
-1.181, -1.358e-4
-1.180, -1.412e-4
-1.179, -1.462e-4
-1.178, -1.520e-4
-1.177, -1.567e-4
-1.176, -1.614e-4
-1.175, -1.673e-4
-1.174, -1.730e-4
-1.173, -1.781e-4
-1.172, -1.831e-4
-1.171, -1.872e-4
-1.170, -1.921e-4
-1.169, -1.969e-4
-1.168, -2.018e-4
-1.167, -2.068e-4
-1.166, -2.110e-4
-1.165, -2.143e-4
-1.164, -2.181e-4
-1.163, -2.223e-4
-1.162, -2.257e-4
-1.161, -2.283e-4
-1.160, -2.341e-4
-1.159, -2.395e-4
-1.158, -2.448e-4
-1.157, -2.495e-4
-1.156, -2.545e-4
-1.155, -2.591e-4
-1.154, -2.638e-4
-1.153, -2.688e-4
-1.152, -2.734e-4
-1.151, -2.773e-4
-1.150, -2.814e-4
-1.149, -2.845e-4
-1.148, -2.884e-4
-1.147, -2.922e-4
-1.146, -2.970e-4
-1.145, -3.018e-4
-1.144, -3.055e-4
-1.143, -3.096e-4
-1.142, -3.141e-4
-1.141, -3.175e-4
-1.140, -3.222e-4
-1.139, -3.262e-4
-1.138, -3.309e-4
-1.137, -3.333e-4
-1.136, -3.370e-4
-1.135, -3.404e-4
-1.134, -3.449e-4
-1.133, -3.488e-4
-1.132, -3.523e-4
-1.131, -3.549e-4
-1.130, -3.583e-4
-1.129, -3.629e-4
-1.128, -3.662e-4
-1.127, -3.696e-4
-1.126, -3.736e-4
-1.125, -3.761e-4
-1.124, -3.801e-4
-1.123, -3.839e-4
-1.122, -3.871e-4
-1.121, -3.903e-4
-1.120, -3.924e-4
-1.119, -3.963e-4
-1.118, -3.990e-4
-1.117, -4.039e-4
-1.116, -4.082e-4
-1.115, -4.119e-4
-1.114, -4.144e-4
-1.113, -4.187e-4
-1.112, -4.217e-4
-1.111, -4.238e-4
-1.110, -4.278e-4
-1.109, -4.333e-4
-1.108, -4.353e-4
-1.107, -4.380e-4
-1.106, -4.409e-4
-1.105, -4.449e-4
-1.104, -4.487e-4
-1.103, -4.509e-4
-1.102, -4.516e-4
-1.101, -4.573e-4
-1.100, -4.604e-4
-1.099, -4.638e-4
-1.098, -4.672e-4
-1.097, -4.712e-4
-1.096, -4.743e-4
-1.095, -4.778e-4
-1.094, -4.810e-4
-1.093, -4.845e-4
-1.092, -4.885e-4
-1.091, -4.921e-4
-1.090, -4.951e-4
-1.089, -4.987e-4
-1.088, -5.026e-4
-1.087, -5.062e-4
-1.086, -5.095e-4
-1.085, -5.122e-4
-1.084, -5.159e-4
-1.083, -5.192e-4
-1.082, -5.226e-4
-1.081, -5.264e-4
-1.080, -5.293e-4
-1.079, -5.330e-4
-1.078, -5.362e-4
-1.077, -5.390e-4
-1.076, -5.428e-4
-1.075, -5.463e-4
-1.074, -5.499e-4
-1.073, -5.532e-4
-1.072, -5.571e-4
-1.071, -5.606e-4
-1.070, -5.633e-4
-1.069, -5.658e-4
-1.068, -5.688e-4
-1.067, -5.723e-4
-1.066, -5.752e-4
-1.065, -5.799e-4
-1.064, -5.824e-4
-1.063, -5.862e-4
-1.062, -5.885e-4
-1.061, -5.901e-4
-1.060, -5.931e-4
-1.059, -5.966e-4
-1.058, -6.002e-4
-1.057, -6.039e-4
-1.056, -6.075e-4
-1.055, -6.108e-4
-1.054, -6.149e-4
-1.053, -6.178e-4
-1.052, -6.215e-4
-1.051, -6.243e-4
-1.050, -6.280e-4
-1.049, -6.315e-4
-1.048, -6.351e-4
-1.047, -6.386e-4
-1.046, -6.419e-4
-1.045, -6.442e-4
-1.044, -6.474e-4
-1.043, -6.514e-4
-1.042, -6.553e-4
-1.041, -6.607e-4
-1.040, -6.641e-4
-1.039, -6.675e-4
-1.038, -6.708e-4
-1.037, -6.731e-4
-1.036, -6.760e-4
-1.035, -6.792e-4
-1.034, -6.824e-4
-1.033, -6.861e-4
-1.032, -6.896e-4
-1.031, -6.932e-4
-1.030, -6.969e-4
-1.029, -6.999e-4
-1.028, -7.032e-4
-1.027, -7.064e-4
-1.026, -7.095e-4
-1.025, -7.134e-4
-1.024, -7.164e-4
-1.023, -7.196e-4
-1.022, -7.234e-4
-1.021, -7.270e-4
-1.020, -7.306e-4
-1.019, -7.335e-4
-1.018, -7.379e-4
-1.017, -7.410e-4
-1.016, -7.445e-4
-1.015, -7.478e-4
-1.014, -7.506e-4
-1.013, -7.539e-4
-1.012, -7.578e-4
-1.011, -7.617e-4
-1.010, -7.651e-4
-1.009, -7.704e-4
-1.008, -7.729e-4
-1.007, -7.762e-4
-1.006, -7.802e-4
-1.005, -7.834e-4
-1.004, -7.865e-4
-1.003, -7.899e-4
-1.002, -7.936e-4
-1.001, -7.976e-4
