June 29, 2026   14:50:51
Cyclic Voltammetry
File: c:/users/guazh/data/20260623_doe_duplica2/2026-06-24-exp42\exp42-2026-06-29t14_38_07-arkoh\exp42_cv_50mvs_efin_-1700mv.bin
Data Source:  Experiment
Instrument Model:  CHI760E
Header: CV ran at 50 mVs
Note: 

Init E (V) = -1
High E (V) = -1
Low E (V) = -1.7
Final E (V) = -1
Init P/N = N
Scan Rate (V/s) = 0.05
Segment = 7
Sample Interval (V) = 0.001
Quiet Time (sec) = 60
Sensitivity (A/V) = 0.001
Comp R (ohm) = 2.5

Results:

Channel 1:
Segment 1:

Segment 2:

Segment 3:

Segment 4:

Segment 5:

Segment 6:

Segment 7:

Potential/V, Current/A

-1.000, 1.458e-7
-1.001, 2.869e-7
-1.002, 2.987e-7
-1.003, 3.362e-7
-1.004, 3.737e-7
-1.005, 3.816e-7
-1.006, 4.132e-7
-1.007, 4.191e-7
-1.008, 4.448e-7
-1.009, 4.497e-7
-1.010, 4.803e-7
-1.011, 4.941e-7
-1.012, 4.862e-7
-1.013, 5.276e-7
-1.014, 5.326e-7
-1.015, 5.217e-7
-1.016, 5.612e-7
-1.017, 5.789e-7
-1.018, 5.789e-7
-1.019, 5.927e-7
-1.020, 5.927e-7
-1.021, 5.987e-7
-1.022, 6.184e-7
-1.023, 6.164e-7
-1.024, 6.480e-7
-1.025, 6.628e-7
-1.026, 6.529e-7
-1.027, 6.815e-7
-1.028, 6.944e-7
-1.029, 6.904e-7
-1.030, 6.845e-7
-1.031, 7.141e-7
-1.032, 7.111e-7
-1.033, 7.121e-7
-1.034, 7.378e-7
-1.035, 7.230e-7
-1.036, 7.516e-7
-1.037, 7.615e-7
-1.038, 7.526e-7
-1.039, 7.674e-7
-1.040, 7.703e-7
-1.041, 7.901e-7
-1.042, 7.999e-7
-1.043, 8.029e-7
-1.044, 8.236e-7
-1.045, 8.118e-7
-1.046, 8.226e-7
-1.047, 8.433e-7
-1.048, 8.345e-7
-1.049, 8.641e-7
-1.050, 8.591e-7
-1.051, 8.828e-7
-1.052, 8.759e-7
-1.053, 9.065e-7
-1.054, 8.739e-7
-1.055, 9.045e-7
-1.056, 9.154e-7
-1.057, 9.233e-7
-1.058, 9.233e-7
-1.059, 9.341e-7
-1.060, 9.371e-7
-1.061, 9.479e-7
-1.062, 9.667e-7
-1.063, 9.489e-7
-1.064, 9.588e-7
-1.065, 9.716e-7
-1.066, 9.953e-7
-1.067, 9.716e-7
-1.068, 1.017e-6
-1.069, 1.001e-6
-1.070, 1.027e-6
-1.071, 1.029e-6
-1.072, 1.044e-6
-1.073, 1.023e-6
-1.074, 1.053e-6
-1.075, 1.060e-6
-1.076, 1.073e-6
-1.077, 1.075e-6
-1.078, 1.077e-6
-1.079, 1.079e-6
-1.080, 1.104e-6
-1.081, 1.098e-6
-1.082, 1.091e-6
-1.083, 1.126e-6
-1.084, 1.112e-6
-1.085, 1.132e-6
-1.086, 1.148e-6
-1.087, 1.147e-6
-1.088, 1.163e-6
-1.089, 1.153e-6
-1.090, 1.166e-6
-1.091, 1.178e-6
-1.092, 1.176e-6
-1.093, 1.210e-6
-1.094, 1.211e-6
-1.095, 1.200e-6
-1.096, 1.214e-6
-1.097, 1.225e-6
-1.098, 1.216e-6
-1.099, 1.226e-6
-1.100, 1.239e-6
-1.101, 1.262e-6
-1.102, 1.250e-6
-1.103, 1.282e-6
-1.104, 1.281e-6
-1.105, 1.292e-6
-1.106, 1.286e-6
-1.107, 1.297e-6
-1.108, 1.308e-6
-1.109, 1.313e-6
-1.110, 1.297e-6
-1.111, 1.339e-6
-1.112, 1.331e-6
-1.113, 1.330e-6
-1.114, 1.355e-6
-1.115, 1.357e-6
-1.116, 1.355e-6
-1.117, 1.357e-6
-1.118, 1.375e-6
-1.119, 1.378e-6
-1.120, 1.403e-6
-1.121, 1.386e-6
-1.122, 1.402e-6
-1.123, 1.412e-6
-1.124, 1.415e-6
-1.125, 1.425e-6
-1.126, 1.434e-6
-1.127, 1.444e-6
-1.128, 1.473e-6
-1.129, 1.462e-6
-1.130, 1.459e-6
-1.131, 1.479e-6
-1.132, 1.481e-6
-1.133, 1.485e-6
-1.134, 1.501e-6
-1.135, 1.505e-6
-1.136, 1.507e-6
-1.137, 1.524e-6
-1.138, 1.525e-6
-1.139, 1.539e-6
-1.140, 1.535e-6
-1.141, 1.546e-6
-1.142, 1.540e-6
-1.143, 1.552e-6
-1.144, 1.582e-6
-1.145, 1.583e-6
-1.146, 1.568e-6
-1.147, 1.585e-6
-1.148, 1.601e-6
-1.149, 1.616e-6
-1.150, 1.615e-6
-1.151, 1.619e-6
-1.152, 1.624e-6
-1.153, 1.654e-6
-1.154, 1.655e-6
-1.155, 1.635e-6
-1.156, 1.676e-6
-1.157, 1.675e-6
-1.158, 1.693e-6
-1.159, 1.700e-6
-1.160, 1.697e-6
-1.161, 1.708e-6
-1.162, 1.723e-6
-1.163, 1.729e-6
-1.164, 1.719e-6
-1.165, 1.751e-6
-1.166, 1.756e-6
-1.167, 1.749e-6
-1.168, 1.766e-6
-1.169, 1.778e-6
-1.170, 1.789e-6
-1.171, 1.792e-6
-1.172, 1.796e-6
-1.173, 1.841e-6
-1.174, 1.829e-6
-1.175, 1.808e-6
-1.176, 1.841e-6
-1.177, 1.848e-6
-1.178, 1.852e-6
-1.179, 1.890e-6
-1.180, 1.881e-6
-1.181, 1.913e-6
-1.182, 1.905e-6
-1.183, 1.921e-6
-1.184, 1.930e-6
-1.185, 1.936e-6
-1.186, 1.977e-6
-1.187, 1.973e-6
-1.188, 1.964e-6
-1.189, 1.995e-6
-1.190, 1.989e-6
-1.191, 2.020e-6
-1.192, 2.026e-6
-1.193, 2.063e-6
-1.194, 2.065e-6
-1.195, 2.052e-6
-1.196, 2.090e-6
-1.197, 2.107e-6
-1.198, 2.102e-6
-1.199, 2.131e-6
-1.200, 2.114e-6
-1.201, 2.136e-6
-1.202, 2.169e-6
-1.203, 2.185e-6
-1.204, 2.193e-6
-1.205, 2.207e-6
-1.206, 2.261e-6
-1.207, 2.237e-6
-1.208, 2.276e-6
-1.209, 2.307e-6
-1.210, 2.289e-6
-1.211, 2.318e-6
-1.212, 2.356e-6
-1.213, 2.355e-6
-1.214, 2.380e-6
-1.215, 2.418e-6
-1.216, 2.420e-6
-1.217, 2.436e-6
-1.218, 2.471e-6
-1.219, 2.480e-6
-1.220, 2.487e-6
-1.221, 2.527e-6
-1.222, 2.552e-6
-1.223, 2.569e-6
-1.224, 2.616e-6
-1.225, 2.606e-6
-1.226, 2.636e-6
-1.227, 2.640e-6
-1.228, 2.684e-6
-1.229, 2.726e-6
-1.230, 2.753e-6
-1.231, 2.787e-6
-1.232, 2.795e-6
-1.233, 2.812e-6
-1.234, 2.853e-6
-1.235, 2.862e-6
-1.236, 2.899e-6
-1.237, 2.939e-6
-1.238, 2.963e-6
-1.239, 2.999e-6
-1.240, 3.037e-6
-1.241, 3.046e-6
-1.242, 3.113e-6
-1.243, 3.125e-6
-1.244, 3.159e-6
-1.245, 3.210e-6
-1.246, 3.237e-6
-1.247, 3.268e-6
-1.248, 3.295e-6
-1.249, 3.343e-6
-1.250, 3.359e-6
-1.251, 3.409e-6
-1.252, 3.436e-6
-1.253, 3.478e-6
-1.254, 3.543e-6
-1.255, 3.570e-6
-1.256, 3.608e-6
-1.257, 3.659e-6
-1.258, 3.690e-6
-1.259, 3.729e-6
-1.260, 3.789e-6
-1.261, 3.814e-6
-1.262, 3.864e-6
-1.263, 3.905e-6
-1.264, 3.943e-6
-1.265, 3.977e-6
-1.266, 4.007e-6
-1.267, 4.083e-6
-1.268, 4.101e-6
-1.269, 4.174e-6
-1.270, 4.213e-6
-1.271, 4.263e-6
-1.272, 4.311e-6
-1.273, 4.363e-6
-1.274, 4.407e-6
-1.275, 4.466e-6
-1.276, 4.521e-6
-1.277, 4.575e-6
-1.278, 4.617e-6
-1.279, 4.684e-6
-1.280, 4.703e-6
-1.281, 4.787e-6
-1.282, 4.865e-6
-1.283, 4.908e-6
-1.284, 4.971e-6
-1.285, 5.039e-6
-1.286, 5.078e-6
-1.287, 5.167e-6
-1.288, 5.229e-6
-1.289, 5.283e-6
-1.290, 5.357e-6
-1.291, 5.419e-6
-1.292, 5.472e-6
-1.293, 5.519e-6
-1.294, 5.619e-6
-1.295, 5.681e-6
-1.296, 5.744e-6
-1.297, 5.811e-6
-1.298, 5.868e-6
-1.299, 5.955e-6
-1.300, 6.002e-6
-1.301, 6.079e-6
-1.302, 6.131e-6
-1.303, 6.221e-6
-1.304, 6.298e-6
-1.305, 6.366e-6
-1.306, 6.440e-6
-1.307, 6.516e-6
-1.308, 6.583e-6
-1.309, 6.690e-6
-1.310, 6.750e-6
-1.311, 6.831e-6
-1.312, 6.904e-6
-1.313, 6.994e-6
-1.314, 7.060e-6
-1.315, 7.157e-6
-1.316, 7.214e-6
-1.317, 7.309e-6
-1.318, 7.383e-6
-1.319, 7.459e-6
-1.320, 7.527e-6
-1.321, 7.652e-6
-1.322, 7.696e-6
-1.323, 7.769e-6
-1.324, 7.883e-6
-1.325, 7.984e-6
-1.326, 8.075e-6
-1.327, 8.177e-6
-1.328, 8.265e-6
-1.329, 8.308e-6
-1.330, 8.433e-6
-1.331, 8.524e-6
-1.332, 8.614e-6
-1.333, 8.736e-6
-1.334, 8.791e-6
-1.335, 8.871e-6
-1.336, 8.994e-6
-1.337, 9.074e-6
-1.338, 9.170e-6
-1.339, 9.288e-6
-1.340, 9.400e-6
-1.341, 9.497e-6
-1.342, 9.606e-6
-1.343, 9.724e-6
-1.344, 9.794e-6
-1.345, 9.901e-6
-1.346, 1.006e-5
-1.347, 1.016e-5
-1.348, 1.024e-5
-1.349, 1.030e-5
-1.350, 1.042e-5
-1.351, 1.052e-5
-1.352, 1.063e-5
-1.353, 1.076e-5
-1.354, 1.085e-5
-1.355, 1.098e-5
-1.356, 1.106e-5
-1.357, 1.117e-5
-1.358, 1.129e-5
-1.359, 1.140e-5
-1.360, 1.149e-5
-1.361, 1.162e-5
-1.362, 1.174e-5
-1.363, 1.200e-5
-1.364, 1.219e-5
-1.365, 1.225e-5
-1.366, 1.239e-5
-1.367, 1.257e-5
-1.368, 1.265e-5
-1.369, 1.280e-5
-1.370, 1.291e-5
-1.371, 1.301e-5
-1.372, 1.314e-5
-1.373, 1.327e-5
-1.374, 1.338e-5
-1.375, 1.351e-5
-1.376, 1.362e-5
-1.377, 1.370e-5
-1.378, 1.381e-5
-1.379, 1.390e-5
-1.380, 1.403e-5
-1.381, 1.417e-5
-1.382, 1.429e-5
-1.383, 1.443e-5
-1.384, 1.450e-5
-1.385, 1.447e-5
-1.386, 1.444e-5
-1.387, 1.449e-5
-1.388, 1.464e-5
-1.389, 1.478e-5
-1.390, 1.494e-5
-1.391, 1.513e-5
-1.392, 1.526e-5
-1.393, 1.542e-5
-1.394, 1.556e-5
-1.395, 1.568e-5
-1.396, 1.585e-5
-1.397, 1.598e-5
-1.398, 1.611e-5
-1.399, 1.627e-5
-1.400, 1.638e-5
-1.401, 1.650e-5
-1.402, 1.666e-5
-1.403, 1.684e-5
-1.404, 1.694e-5
-1.405, 1.709e-5
-1.406, 1.721e-5
-1.407, 1.736e-5
-1.408, 1.753e-5
-1.409, 1.768e-5
-1.410, 1.783e-5
-1.411, 1.796e-5
-1.412, 1.812e-5
-1.413, 1.826e-5
-1.414, 1.843e-5
-1.415, 1.858e-5
-1.416, 1.870e-5
-1.417, 1.887e-5
-1.418, 1.907e-5
-1.419, 1.926e-5
-1.420, 1.941e-5
-1.421, 1.957e-5
-1.422, 1.963e-5
-1.423, 1.983e-5
-1.424, 1.995e-5
-1.425, 2.026e-5
-1.426, 2.027e-5
-1.427, 2.042e-5
-1.428, 2.060e-5
-1.429, 2.083e-5
-1.430, 2.114e-5
-1.431, 2.110e-5
-1.432, 2.130e-5
-1.433, 2.143e-5
-1.434, 2.162e-5
-1.435, 2.177e-5
-1.436, 2.192e-5
-1.437, 2.213e-5
-1.438, 2.230e-5
-1.439, 2.248e-5
-1.440, 2.264e-5
-1.441, 2.286e-5
-1.442, 2.301e-5
-1.443, 2.318e-5
-1.444, 2.341e-5
-1.445, 2.359e-5
-1.446, 2.376e-5
-1.447, 2.392e-5
-1.448, 2.414e-5
-1.449, 2.431e-5
-1.450, 2.458e-5
-1.451, 2.478e-5
-1.452, 2.490e-5
-1.453, 2.514e-5
-1.454, 2.531e-5
-1.455, 2.550e-5
-1.456, 2.574e-5
-1.457, 2.593e-5
-1.458, 2.614e-5
-1.459, 2.640e-5
-1.460, 2.660e-5
-1.461, 2.677e-5
-1.462, 2.692e-5
-1.463, 2.715e-5
-1.464, 2.741e-5
-1.465, 2.764e-5
-1.466, 2.787e-5
-1.467, 2.812e-5
-1.468, 2.839e-5
-1.469, 2.857e-5
-1.470, 2.879e-5
-1.471, 2.908e-5
-1.472, 2.925e-5
-1.473, 2.953e-5
-1.474, 2.978e-5
-1.475, 3.000e-5
-1.476, 3.027e-5
-1.477, 3.050e-5
-1.478, 3.080e-5
-1.479, 3.105e-5
-1.480, 3.131e-5
-1.481, 3.162e-5
-1.482, 3.187e-5
-1.483, 3.210e-5
-1.484, 3.234e-5
-1.485, 3.264e-5
-1.486, 3.285e-5
-1.487, 3.316e-5
-1.488, 3.338e-5
-1.489, 3.366e-5
-1.490, 3.394e-5
-1.491, 3.423e-5
-1.492, 3.454e-5
-1.493, 3.480e-5
-1.494, 3.514e-5
-1.495, 3.537e-5
-1.496, 3.566e-5
-1.497, 3.597e-5
-1.498, 3.625e-5
-1.499, 3.663e-5
-1.500, 3.696e-5
-1.501, 3.732e-5
-1.502, 3.764e-5
-1.503, 3.791e-5
-1.504, 3.826e-5
-1.505, 3.872e-5
-1.506, 3.904e-5
-1.507, 3.931e-5
-1.508, 3.972e-5
-1.509, 3.989e-5
-1.510, 4.021e-5
-1.511, 4.068e-5
-1.512, 4.110e-5
-1.513, 4.151e-5
-1.514, 4.188e-5
-1.515, 4.234e-5
-1.516, 4.269e-5
-1.517, 4.304e-5
-1.518, 4.340e-5
-1.519, 4.390e-5
-1.520, 4.425e-5
-1.521, 4.456e-5
-1.522, 4.503e-5
-1.523, 4.558e-5
-1.524, 4.579e-5
-1.525, 4.605e-5
-1.526, 4.657e-5
-1.527, 4.708e-5
-1.528, 4.766e-5
-1.529, 4.800e-5
-1.530, 4.842e-5
-1.531, 4.885e-5
-1.532, 4.921e-5
-1.533, 4.975e-5
-1.534, 5.023e-5
-1.535, 5.071e-5
-1.536, 5.134e-5
-1.537, 5.191e-5
-1.538, 5.239e-5
-1.539, 5.277e-5
-1.540, 5.323e-5
-1.541, 5.393e-5
-1.542, 5.456e-5
-1.543, 5.526e-5
-1.544, 5.570e-5
-1.545, 5.634e-5
-1.546, 5.685e-5
-1.547, 5.734e-5
-1.548, 5.781e-5
-1.549, 5.848e-5
-1.550, 5.918e-5
-1.551, 5.976e-5
-1.552, 6.058e-5
-1.553, 6.110e-5
-1.554, 6.173e-5
-1.555, 6.228e-5
-1.556, 6.299e-5
-1.557, 6.361e-5
-1.558, 6.500e-5
-1.559, 6.542e-5
-1.560, 6.592e-5
-1.561, 6.695e-5
-1.562, 6.767e-5
-1.563, 6.821e-5
-1.564, 6.921e-5
-1.565, 7.006e-5
-1.566, 7.086e-5
-1.567, 7.150e-5
-1.568, 7.234e-5
-1.569, 7.301e-5
-1.570, 7.409e-5
-1.571, 7.489e-5
-1.572, 7.567e-5
-1.573, 7.670e-5
-1.574, 7.756e-5
-1.575, 7.797e-5
-1.576, 7.895e-5
-1.577, 8.007e-5
-1.578, 8.124e-5
-1.579, 8.235e-5
-1.580, 8.342e-5
-1.581, 8.448e-5
-1.582, 8.572e-5
-1.583, 8.678e-5
-1.584, 8.797e-5
-1.585, 8.949e-5
-1.586, 9.144e-5
-1.587, 9.245e-5
-1.588, 9.348e-5
-1.589, 9.472e-5
-1.590, 9.589e-5
-1.591, 9.735e-5
-1.592, 9.861e-5
-1.593, 1.002e-4
-1.594, 1.015e-4
-1.595, 1.027e-4
-1.596, 1.041e-4
-1.597, 1.051e-4
-1.598, 1.063e-4
-1.599, 1.080e-4
-1.600, 1.095e-4
-1.601, 1.114e-4
-1.602, 1.126e-4
-1.603, 1.145e-4
-1.604, 1.161e-4
-1.605, 1.185e-4
-1.606, 1.198e-4
-1.607, 1.217e-4
-1.608, 1.233e-4
-1.609, 1.254e-4
-1.610, 1.267e-4
-1.611, 1.293e-4
-1.612, 1.307e-4
-1.613, 1.329e-4
-1.614, 1.347e-4
-1.615, 1.367e-4
-1.616, 1.392e-4
-1.617, 1.407e-4
-1.618, 1.436e-4
-1.619, 1.455e-4
-1.620, 1.477e-4
-1.621, 1.499e-4
-1.622, 1.516e-4
-1.623, 1.541e-4
-1.624, 1.564e-4
-1.625, 1.590e-4
-1.626, 1.618e-4
-1.627, 1.641e-4
-1.628, 1.670e-4
-1.629, 1.691e-4
-1.630, 1.723e-4
-1.631, 1.755e-4
-1.632, 1.777e-4
-1.633, 1.808e-4
-1.634, 1.836e-4
-1.635, 1.861e-4
-1.636, 1.897e-4
-1.637, 1.934e-4
-1.638, 1.972e-4
-1.639, 1.999e-4
-1.640, 2.045e-4
-1.641, 2.080e-4
-1.642, 2.124e-4
-1.643, 2.163e-4
-1.644, 2.196e-4
-1.645, 2.238e-4
-1.646, 2.273e-4
-1.647, 2.318e-4
-1.648, 2.363e-4
-1.649, 2.416e-4
-1.650, 2.443e-4
-1.651, 2.482e-4
-1.652, 2.523e-4
-1.653, 2.566e-4
-1.654, 2.606e-4
-1.655, 2.651e-4
-1.656, 2.700e-4
-1.657, 2.740e-4
-1.658, 2.788e-4
-1.659, 2.833e-4
-1.660, 2.882e-4
-1.661, 2.927e-4
-1.662, 2.983e-4
-1.663, 3.043e-4
-1.664, 3.098e-4
-1.665, 3.157e-4
-1.666, 3.216e-4
-1.667, 3.264e-4
-1.668, 3.338e-4
-1.669, 3.402e-4
-1.670, 3.470e-4
-1.671, 3.528e-4
-1.672, 3.594e-4
-1.673, 3.664e-4
-1.674, 3.728e-4
-1.675, 3.768e-4
-1.676, 3.843e-4
-1.677, 3.917e-4
-1.678, 3.966e-4
-1.679, 4.060e-4
-1.680, 4.115e-4
-1.681, 4.190e-4
-1.682, 4.271e-4
-1.683, 4.361e-4
-1.684, 4.443e-4
-1.685, 4.521e-4
-1.686, 4.603e-4
-1.687, 4.671e-4
-1.688, 4.748e-4
-1.689, 4.841e-4
-1.690, 4.942e-4
-1.691, 5.000e-4
-1.692, 5.096e-4
-1.693, 5.158e-4
-1.694, 5.261e-4
-1.695, 5.363e-4
-1.696, 5.451e-4
-1.697, 5.526e-4
-1.698, 5.634e-4
-1.699, 5.749e-4
-1.700, 5.789e-4
-1.699, 5.739e-4
-1.698, 5.696e-4
-1.697, 5.639e-4
-1.696, 5.590e-4
-1.695, 5.540e-4
-1.694, 5.495e-4
-1.693, 5.420e-4
-1.692, 5.358e-4
-1.691, 5.311e-4
-1.690, 5.269e-4
-1.689, 5.221e-4
-1.688, 5.164e-4
-1.687, 5.096e-4
-1.686, 5.068e-4
-1.685, 5.014e-4
-1.684, 4.955e-4
-1.683, 4.905e-4
-1.682, 4.832e-4
-1.681, 4.791e-4
-1.680, 4.706e-4
-1.679, 4.648e-4
-1.678, 4.574e-4
-1.677, 4.533e-4
-1.676, 4.454e-4
-1.675, 4.423e-4
-1.674, 4.343e-4
-1.673, 4.275e-4
-1.672, 4.237e-4
-1.671, 4.168e-4
-1.670, 4.095e-4
-1.669, 3.993e-4
-1.668, 3.803e-4
-1.667, 3.743e-4
-1.666, 3.735e-4
-1.665, 3.651e-4
-1.664, 3.598e-4
-1.663, 3.545e-4
-1.662, 3.507e-4
-1.661, 3.449e-4
-1.660, 3.418e-4
-1.659, 3.353e-4
-1.658, 3.325e-4
-1.657, 3.283e-4
-1.656, 3.203e-4
-1.655, 3.168e-4
-1.654, 3.109e-4
-1.653, 3.065e-4
-1.652, 3.024e-4
-1.651, 2.988e-4
-1.650, 2.947e-4
-1.649, 2.889e-4
-1.648, 2.854e-4
-1.647, 2.798e-4
-1.646, 2.746e-4
-1.645, 2.704e-4
-1.644, 2.675e-4
-1.643, 2.635e-4
-1.642, 2.607e-4
-1.641, 2.574e-4
-1.640, 2.533e-4
-1.639, 2.482e-4
-1.638, 2.444e-4
-1.637, 2.415e-4
-1.636, 2.365e-4
-1.635, 2.326e-4
-1.634, 2.298e-4
-1.633, 2.260e-4
-1.632, 2.218e-4
-1.631, 2.189e-4
-1.630, 2.145e-4
-1.629, 2.105e-4
-1.628, 2.079e-4
-1.627, 2.054e-4
-1.626, 2.019e-4
-1.625, 1.986e-4
-1.624, 1.964e-4
-1.623, 1.934e-4
-1.622, 1.886e-4
-1.621, 1.865e-4
-1.620, 1.828e-4
-1.619, 1.787e-4
-1.618, 1.760e-4
-1.617, 1.732e-4
-1.616, 1.703e-4
-1.615, 1.683e-4
-1.614, 1.652e-4
-1.613, 1.614e-4
-1.612, 1.598e-4
-1.611, 1.573e-4
-1.610, 1.537e-4
-1.609, 1.521e-4
-1.608, 1.491e-4
-1.607, 1.468e-4
-1.606, 1.448e-4
-1.605, 1.416e-4
-1.604, 1.394e-4
-1.603, 1.371e-4
-1.602, 1.352e-4
-1.601, 1.331e-4
-1.600, 1.295e-4
-1.599, 1.286e-4
-1.598, 1.252e-4
-1.597, 1.242e-4
-1.596, 1.210e-4
-1.595, 1.204e-4
-1.594, 1.176e-4
-1.593, 1.160e-4
-1.592, 1.133e-4
-1.591, 1.123e-4
-1.590, 1.095e-4
-1.589, 1.093e-4
-1.588, 1.063e-4
-1.587, 1.047e-4
-1.586, 1.025e-4
-1.585, 1.010e-4
-1.584, 9.950e-5
-1.583, 9.729e-5
-1.582, 9.644e-5
-1.581, 9.460e-5
-1.580, 9.238e-5
-1.579, 9.277e-5
-1.578, 8.902e-5
-1.577, 8.886e-5
-1.576, 8.775e-5
-1.575, 8.593e-5
-1.574, 8.475e-5
-1.573, 8.308e-5
-1.572, 8.132e-5
-1.571, 8.009e-5
-1.570, 7.923e-5
-1.569, 7.704e-5
-1.568, 7.606e-5
-1.567, 7.515e-5
-1.566, 7.341e-5
-1.565, 7.224e-5
-1.564, 7.111e-5
-1.563, 6.958e-5
-1.562, 6.848e-5
-1.561, 6.754e-5
-1.560, 6.680e-5
-1.559, 6.451e-5
-1.558, 6.380e-5
-1.557, 6.294e-5
-1.556, 6.150e-5
-1.555, 6.061e-5
-1.554, 5.962e-5
-1.553, 5.895e-5
-1.552, 5.708e-5
-1.551, 5.652e-5
-1.550, 5.561e-5
-1.549, 5.510e-5
-1.548, 5.369e-5
-1.547, 5.279e-5
-1.546, 5.212e-5
-1.545, 5.138e-5
-1.544, 5.014e-5
-1.543, 4.908e-5
-1.542, 4.859e-5
-1.541, 4.793e-5
-1.540, 4.719e-5
-1.539, 4.604e-5
-1.538, 4.515e-5
-1.537, 4.444e-5
-1.536, 4.389e-5
-1.535, 4.311e-5
-1.534, 4.206e-5
-1.533, 4.139e-5
-1.532, 4.067e-5
-1.531, 3.999e-5
-1.530, 3.954e-5
-1.529, 3.874e-5
-1.528, 3.771e-5
-1.527, 3.712e-5
-1.526, 3.655e-5
-1.525, 3.616e-5
-1.524, 3.558e-5
-1.523, 3.490e-5
-1.522, 3.398e-5
-1.521, 3.360e-5
-1.520, 3.308e-5
-1.519, 3.254e-5
-1.518, 3.232e-5
-1.517, 3.172e-5
-1.516, 3.098e-5
-1.515, 3.031e-5
-1.514, 2.980e-5
-1.513, 2.938e-5
-1.512, 2.897e-5
-1.511, 2.853e-5
-1.510, 2.827e-5
-1.509, 2.801e-5
-1.508, 2.693e-5
-1.507, 2.645e-5
-1.506, 2.609e-5
-1.505, 2.567e-5
-1.504, 2.535e-5
-1.503, 2.489e-5
-1.502, 2.450e-5
-1.501, 2.419e-5
-1.500, 2.378e-5
-1.499, 2.320e-5
-1.498, 2.274e-5
-1.497, 2.234e-5
-1.496, 2.207e-5
-1.495, 2.184e-5
-1.494, 2.152e-5
-1.493, 2.113e-5
-1.492, 2.087e-5
-1.491, 2.061e-5
-1.490, 2.020e-5
-1.489, 1.969e-5
-1.488, 1.940e-5
-1.487, 1.910e-5
-1.486, 1.881e-5
-1.485, 1.844e-5
-1.484, 1.814e-5
-1.483, 1.791e-5
-1.482, 1.770e-5
-1.481, 1.729e-5
-1.480, 1.699e-5
-1.479, 1.658e-5
-1.478, 1.626e-5
-1.477, 1.622e-5
-1.476, 1.581e-5
-1.475, 1.556e-5
-1.474, 1.533e-5
-1.473, 1.507e-5
-1.472, 1.484e-5
-1.471, 1.456e-5
-1.470, 1.433e-5
-1.469, 1.414e-5
-1.468, 1.390e-5
-1.467, 1.363e-5
-1.466, 1.338e-5
-1.465, 1.307e-5
-1.464, 1.292e-5
-1.463, 1.273e-5
-1.462, 1.259e-5
-1.461, 1.231e-5
-1.460, 1.214e-5
-1.459, 1.193e-5
-1.458, 1.178e-5
-1.457, 1.159e-5
-1.456, 1.135e-5
-1.455, 1.118e-5
-1.454, 1.101e-5
-1.453, 1.082e-5
-1.452, 1.065e-5
-1.451, 1.040e-5
-1.450, 1.016e-5
-1.449, 9.937e-6
-1.448, 9.775e-6
-1.447, 9.638e-6
-1.446, 9.507e-6
-1.445, 9.348e-6
-1.444, 9.179e-6
-1.443, 9.083e-6
-1.442, 8.919e-6
-1.441, 8.763e-6
-1.440, 8.674e-6
-1.439, 8.420e-6
-1.438, 8.273e-6
-1.437, 8.155e-6
-1.436, 7.988e-6
-1.435, 7.845e-6
-1.434, 7.749e-6
-1.433, 7.651e-6
-1.432, 7.508e-6
-1.431, 7.347e-6
-1.430, 7.189e-6
-1.429, 7.098e-6
-1.428, 6.998e-6
-1.427, 6.841e-6
-1.426, 6.729e-6
-1.425, 6.605e-6
-1.424, 6.443e-6
-1.423, 6.319e-6
-1.422, 6.204e-6
-1.421, 6.112e-6
-1.420, 6.003e-6
-1.419, 5.915e-6
-1.418, 5.891e-6
-1.417, 5.729e-6
-1.416, 5.621e-6
-1.415, 5.505e-6
-1.414, 5.399e-6
-1.413, 5.335e-6
-1.412, 5.234e-6
-1.411, 5.129e-6
-1.410, 5.062e-6
-1.409, 4.965e-6
-1.408, 4.857e-6
-1.407, 4.791e-6
-1.406, 4.681e-6
-1.405, 4.597e-6
-1.404, 4.522e-6
-1.403, 4.429e-6
-1.402, 4.363e-6
-1.401, 4.228e-6
-1.400, 4.192e-6
-1.399, 4.105e-6
-1.398, 4.030e-6
-1.397, 3.962e-6
-1.396, 3.871e-6
-1.395, 3.777e-6
-1.394, 3.755e-6
-1.393, 3.652e-6
-1.392, 3.586e-6
-1.391, 3.528e-6
-1.390, 3.469e-6
-1.389, 3.395e-6
-1.388, 3.323e-6
-1.387, 3.237e-6
-1.386, 3.200e-6
-1.385, 3.122e-6
-1.384, 3.083e-6
-1.383, 2.993e-6
-1.382, 2.941e-6
-1.381, 2.875e-6
-1.380, 2.832e-6
-1.379, 2.789e-6
-1.378, 2.717e-6
-1.377, 2.670e-6
-1.376, 2.605e-6
-1.375, 2.530e-6
-1.374, 2.475e-6
-1.373, 2.416e-6
-1.372, 2.369e-6
-1.371, 2.307e-6
-1.370, 2.280e-6
-1.369, 2.207e-6
-1.368, 2.168e-6
-1.367, 2.133e-6
-1.366, 2.058e-6
-1.365, 2.009e-6
-1.364, 1.923e-6
-1.363, 1.895e-6
-1.362, 1.861e-6
-1.361, 1.826e-6
-1.360, 1.753e-6
-1.359, 1.735e-6
-1.358, 1.686e-6
-1.357, 1.599e-6
-1.356, 1.591e-6
-1.355, 1.548e-6
-1.354, 1.498e-6
-1.353, 1.459e-6
-1.352, 1.451e-6
-1.351, 1.390e-6
-1.350, 1.354e-6
-1.349, 1.337e-6
-1.348, 1.302e-6
-1.347, 1.245e-6
-1.346, 1.216e-6
-1.345, 1.168e-6
-1.344, 1.140e-6
-1.343, 1.119e-6
-1.342, 1.079e-6
-1.341, 1.050e-6
-1.340, 1.031e-6
-1.339, 9.953e-7
-1.338, 9.667e-7
-1.337, 9.361e-7
-1.336, 9.094e-7
-1.335, 8.562e-7
-1.334, 8.236e-7
-1.333, 8.226e-7
-1.332, 7.723e-7
-1.331, 7.368e-7
-1.330, 7.259e-7
-1.329, 6.835e-7
-1.328, 6.677e-7
-1.327, 6.342e-7
-1.326, 6.164e-7
-1.325, 5.957e-7
-1.324, 5.612e-7
-1.323, 5.414e-7
-1.322, 5.010e-7
-1.321, 4.832e-7
-1.320, 4.684e-7
-1.319, 4.221e-7
-1.318, 4.329e-7
-1.317, 4.023e-7
-1.316, 3.658e-7
-1.315, 3.668e-7
-1.314, 3.175e-7
-1.313, 3.195e-7
-1.312, 2.908e-7
-1.311, 2.691e-7
-1.310, 2.573e-7
-1.309, 2.445e-7
-1.308, 2.050e-7
-1.307, 2.050e-7
-1.306, 1.803e-7
-1.305, 1.517e-7
-1.304, 1.547e-7
-1.303, 1.448e-7
-1.302, 1.004e-7
-1.301, 9.156e-8
-1.300, 8.662e-8
-1.299, 5.407e-8
-1.298, 4.815e-8
-1.297, 1.460e-8
-1.296, -1.184e-9
-1.295, -1.105e-8
-1.294, -4.459e-8
-1.293, -3.867e-8
-1.292, -5.939e-8
-1.291, -1.107e-7
-1.290, -6.235e-8
-1.289, -1.117e-7
-1.288, -1.166e-7
-1.287, -1.215e-7
-1.286, -1.472e-7
-1.285, -1.521e-7
-1.284, -1.748e-7
-1.283, -1.857e-7
-1.282, -1.837e-7
-1.281, -2.192e-7
-1.280, -2.242e-7
-1.279, -2.498e-7
-1.278, -2.330e-7
-1.277, -2.597e-7
-1.276, -2.764e-7
-1.275, -2.834e-7
-1.274, -3.031e-7
-1.273, -3.110e-7
-1.272, -3.248e-7
-1.271, -3.495e-7
-1.270, -3.514e-7
-1.269, -3.337e-7
-1.268, -3.643e-7
-1.267, -3.998e-7
-1.266, -3.820e-7
-1.265, -4.037e-7
-1.264, -4.057e-7
-1.263, -3.929e-7
-1.262, -4.343e-7
-1.261, -4.373e-7
-1.260, -4.284e-7
-1.259, -4.836e-7
-1.258, -4.560e-7
-1.257, -4.797e-7
-1.256, -4.915e-7
-1.255, -5.083e-7
-1.254, -5.014e-7
-1.253, -4.974e-7
-1.252, -5.310e-7
-1.251, -5.241e-7
-1.250, -5.448e-7
-1.249, -5.418e-7
-1.248, -5.517e-7
-1.247, -5.695e-7
-1.246, -5.714e-7
-1.245, -5.754e-7
-1.244, -5.971e-7
-1.243, -5.912e-7
-1.242, -5.991e-7
-1.241, -6.148e-7
-1.240, -6.079e-7
-1.239, -6.237e-7
-1.238, -6.484e-7
-1.237, -6.583e-7
-1.236, -6.494e-7
-1.235, -6.721e-7
-1.234, -6.563e-7
-1.233, -6.780e-7
-1.232, -6.800e-7
-1.231, -6.602e-7
-1.230, -6.938e-7
-1.229, -7.046e-7
-1.228, -6.977e-7
-1.227, -7.313e-7
-1.226, -7.293e-7
-1.225, -7.214e-7
-1.224, -7.323e-7
-1.223, -7.421e-7
-1.222, -7.352e-7
-1.221, -7.540e-7
-1.220, -7.618e-7
-1.219, -7.540e-7
-1.218, -7.697e-7
-1.217, -7.737e-7
-1.216, -7.688e-7
-1.215, -7.974e-7
-1.214, -8.043e-7
-1.213, -7.855e-7
-1.212, -7.964e-7
-1.211, -8.092e-7
-1.210, -8.003e-7
-1.209, -8.280e-7
-1.208, -8.201e-7
-1.207, -8.220e-7
-1.206, -8.427e-7
-1.205, -8.378e-7
-1.204, -8.418e-7
-1.203, -8.645e-7
-1.202, -8.467e-7
-1.201, -8.585e-7
-1.200, -8.733e-7
-1.199, -8.556e-7
-1.198, -8.852e-7
-1.197, -8.960e-7
-1.196, -8.783e-7
-1.195, -8.852e-7
-1.194, -8.852e-7
-1.193, -9.039e-7
-1.192, -9.118e-7
-1.191, -9.000e-7
-1.190, -9.118e-7
-1.189, -9.217e-7
-1.188, -9.227e-7
-1.187, -9.306e-7
-1.186, -9.296e-7
-1.185, -9.562e-7
-1.184, -9.276e-7
-1.183, -9.375e-7
-1.182, -9.454e-7
-1.181, -9.434e-7
-1.180, -9.542e-7
-1.179, -9.483e-7
-1.178, -9.611e-7
-1.177, -9.740e-7
-1.176, -9.641e-7
-1.175, -9.947e-7
-1.174, -9.917e-7
-1.173, -9.828e-7
-1.172, -9.957e-7
-1.171, -9.967e-7
-1.170, -1.008e-6
-1.169, -9.967e-7
-1.168, -1.003e-6
-1.167, -1.013e-6
-1.166, -1.015e-6
-1.165, -1.024e-6
-1.164, -1.016e-6
-1.163, -1.035e-6
-1.162, -1.051e-6
-1.161, -1.045e-6
-1.160, -1.024e-6
-1.159, -1.050e-6
-1.158, -1.058e-6
-1.157, -1.050e-6
-1.156, -1.059e-6
-1.155, -1.057e-6
-1.154, -1.063e-6
-1.153, -1.066e-6
-1.152, -1.082e-6
-1.151, -1.091e-6
-1.150, -1.082e-6
-1.149, -1.092e-6
-1.148, -1.081e-6
-1.147, -1.101e-6
-1.146, -1.101e-6
-1.145, -1.107e-6
-1.144, -1.095e-6
-1.143, -1.114e-6
-1.142, -1.114e-6
-1.141, -1.121e-6
-1.140, -1.124e-6
-1.139, -1.134e-6
-1.138, -1.138e-6
-1.137, -1.155e-6
-1.136, -1.146e-6
-1.135, -1.148e-6
-1.134, -1.153e-6
-1.133, -1.147e-6
-1.132, -1.156e-6
-1.131, -1.179e-6
-1.130, -1.143e-6
-1.129, -1.185e-6
-1.128, -1.157e-6
-1.127, -1.187e-6
-1.126, -1.176e-6
-1.125, -1.208e-6
-1.124, -1.190e-6
-1.123, -1.213e-6
-1.122, -1.189e-6
-1.121, -1.208e-6
-1.120, -1.230e-6
-1.119, -1.201e-6
-1.118, -1.237e-6
-1.117, -1.234e-6
-1.116, -1.213e-6
-1.115, -1.249e-6
-1.114, -1.249e-6
-1.113, -1.254e-6
-1.112, -1.239e-6
-1.111, -1.258e-6
-1.110, -1.266e-6
-1.109, -1.265e-6
-1.108, -1.256e-6
-1.107, -1.287e-6
-1.106, -1.286e-6
-1.105, -1.283e-6
-1.104, -1.296e-6
-1.103, -1.278e-6
-1.102, -1.304e-6
-1.101, -1.299e-6
-1.100, -1.312e-6
-1.099, -1.321e-6
-1.098, -1.321e-6
-1.097, -1.314e-6
-1.096, -1.306e-6
-1.095, -1.341e-6
-1.094, -1.353e-6
-1.093, -1.342e-6
-1.092, -1.335e-6
-1.091, -1.343e-6
-1.090, -1.359e-6
-1.089, -1.353e-6
-1.088, -1.349e-6
-1.087, -1.381e-6
-1.086, -1.387e-6
-1.085, -1.372e-6
-1.084, -1.379e-6
-1.083, -1.389e-6
-1.082, -1.398e-6
-1.081, -1.399e-6
-1.080, -1.411e-6
-1.079, -1.431e-6
-1.078, -1.410e-6
-1.077, -1.422e-6
-1.076, -1.420e-6
-1.075, -1.436e-6
-1.074, -1.447e-6
-1.073, -1.450e-6
-1.072, -1.444e-6
-1.071, -1.467e-6
-1.070, -1.439e-6
-1.069, -1.466e-6
-1.068, -1.470e-6
-1.067, -1.470e-6
-1.066, -1.479e-6
-1.065, -1.481e-6
-1.064, -1.502e-6
-1.063, -1.477e-6
-1.062, -1.503e-6
-1.061, -1.506e-6
-1.060, -1.501e-6
-1.059, -1.524e-6
-1.058, -1.513e-6
-1.057, -1.542e-6
-1.056, -1.542e-6
-1.055, -1.544e-6
-1.054, -1.532e-6
-1.053, -1.560e-6
-1.052, -1.570e-6
-1.051, -1.544e-6
-1.050, -1.559e-6
-1.049, -1.572e-6
-1.048, -1.577e-6
-1.047, -1.577e-6
-1.046, -1.577e-6
-1.045, -1.591e-6
-1.044, -1.612e-6
-1.043, -1.592e-6
-1.042, -1.599e-6
-1.041, -1.617e-6
-1.040, -1.621e-6
-1.039, -1.635e-6
-1.038, -1.612e-6
-1.037, -1.628e-6
-1.036, -1.660e-6
-1.035, -1.625e-6
-1.034, -1.661e-6
-1.033, -1.632e-6
-1.032, -1.651e-6
-1.031, -1.680e-6
-1.030, -1.657e-6
-1.029, -1.673e-6
-1.028, -1.682e-6
-1.027, -1.683e-6
-1.026, -1.690e-6
-1.025, -1.686e-6
-1.024, -1.713e-6
-1.023, -1.721e-6
-1.022, -1.711e-6
-1.021, -1.724e-6
-1.020, -1.725e-6
-1.019, -1.731e-6
-1.018, -1.723e-6
-1.017, -1.752e-6
-1.016, -1.744e-6
-1.015, -1.748e-6
-1.014, -1.758e-6
-1.013, -1.741e-6
-1.012, -1.763e-6
-1.011, -1.772e-6
-1.010, -1.780e-6
-1.009, -1.806e-6
-1.008, -1.768e-6
-1.007, -1.783e-6
-1.006, -1.797e-6
-1.005, -1.786e-6
-1.004, -1.821e-6
-1.003, -1.811e-6
-1.002, -1.808e-6
-1.001, -1.810e-6
-1.000, -1.446e-6
-1.001, -1.232e-6
-1.002, -1.125e-6
-1.003, -1.025e-6
-1.004, -9.740e-7
-1.005, -9.029e-7
-1.006, -8.437e-7
-1.007, -7.984e-7
-1.008, -7.332e-7
-1.009, -7.066e-7
-1.010, -6.740e-7
-1.011, -5.981e-7
-1.012, -5.852e-7
-1.013, -5.497e-7
-1.014, -5.261e-7
-1.015, -4.787e-7
-1.016, -4.659e-7
-1.017, -4.264e-7
-1.018, -4.156e-7
-1.019, -3.741e-7
-1.020, -3.514e-7
-1.021, -3.406e-7
-1.022, -3.139e-7
-1.023, -2.873e-7
-1.024, -2.607e-7
-1.025, -2.281e-7
-1.026, -2.222e-7
-1.027, -1.926e-7
-1.028, -1.689e-7
-1.029, -1.679e-7
-1.030, -1.403e-7
-1.031, -1.334e-7
-1.032, -1.038e-7
-1.033, -7.617e-8
-1.034, -8.603e-8
-1.035, -5.347e-8
-1.036, -4.953e-8
-1.037, -2.289e-8
-1.038, -1.973e-10
-1.039, 7.893e-10
-1.040, 1.855e-8
-1.041, 2.447e-8
-1.042, 2.841e-8
-1.043, 6.294e-8
-1.044, 6.886e-8
-1.045, 7.281e-8
-1.046, 9.057e-8
-1.047, 9.057e-8
-1.048, 9.254e-8
-1.049, 1.231e-7
-1.050, 1.438e-7
-1.051, 1.656e-7
-1.052, 1.616e-7
-1.053, 1.882e-7
-1.054, 1.843e-7
-1.055, 1.873e-7
-1.056, 2.149e-7
-1.057, 2.159e-7
-1.058, 2.257e-7
-1.059, 2.346e-7
-1.060, 2.484e-7
-1.061, 2.573e-7
-1.062, 2.514e-7
-1.063, 2.849e-7
-1.064, 2.849e-7
-1.065, 3.007e-7
-1.066, 3.116e-7
-1.067, 3.056e-7
-1.068, 3.264e-7
-1.069, 3.570e-7
-1.070, 3.579e-7
-1.071, 3.550e-7
-1.072, 3.678e-7
-1.073, 3.757e-7
-1.074, 3.688e-7
-1.075, 3.944e-7
-1.076, 4.122e-7
-1.077, 4.033e-7
-1.078, 4.221e-7
-1.079, 4.102e-7
-1.080, 4.260e-7
-1.081, 4.280e-7
-1.082, 4.684e-7
-1.083, 4.576e-7
-1.084, 4.674e-7
-1.085, 4.753e-7
-1.086, 4.744e-7
-1.087, 4.911e-7
-1.088, 5.178e-7
-1.089, 5.049e-7
-1.090, 5.128e-7
-1.091, 5.217e-7
-1.092, 5.414e-7
-1.093, 5.622e-7
-1.094, 5.345e-7
-1.095, 5.513e-7
-1.096, 5.533e-7
-1.097, 5.533e-7
-1.098, 5.681e-7
-1.099, 5.602e-7
-1.100, 5.779e-7
-1.101, 6.085e-7
-1.102, 5.957e-7
-1.103, 6.204e-7
-1.104, 6.174e-7
-1.105, 6.312e-7
-1.106, 6.401e-7
-1.107, 6.263e-7
-1.108, 6.510e-7
-1.109, 6.519e-7
-1.110, 6.440e-7
-1.111, 6.648e-7
-1.112, 6.766e-7
-1.113, 6.884e-7
-1.114, 6.884e-7
-1.115, 6.924e-7
-1.116, 6.815e-7
-1.117, 7.032e-7
-1.118, 7.072e-7
-1.119, 7.102e-7
-1.120, 7.348e-7
-1.121, 7.299e-7
-1.122, 7.279e-7
-1.123, 7.407e-7
-1.124, 7.447e-7
-1.125, 7.674e-7
-1.126, 7.516e-7
-1.127, 7.713e-7
-1.128, 7.832e-7
-1.129, 7.763e-7
-1.130, 7.980e-7
-1.131, 8.049e-7
-1.132, 7.960e-7
-1.133, 8.226e-7
-1.134, 7.999e-7
-1.135, 8.118e-7
-1.136, 8.276e-7
-1.137, 8.374e-7
-1.138, 8.246e-7
-1.139, 8.483e-7
-1.140, 8.364e-7
-1.141, 8.660e-7
-1.142, 8.779e-7
-1.143, 8.690e-7
-1.144, 8.858e-7
-1.145, 8.956e-7
-1.146, 8.838e-7
-1.147, 8.946e-7
-1.148, 9.055e-7
-1.149, 9.055e-7
-1.150, 9.144e-7
-1.151, 9.163e-7
-1.152, 9.282e-7
-1.153, 9.381e-7
-1.154, 9.568e-7
-1.155, 9.538e-7
-1.156, 9.489e-7
-1.157, 9.588e-7
-1.158, 9.607e-7
-1.159, 9.746e-7
-1.160, 9.864e-7
-1.161, 9.726e-7
-1.162, 9.874e-7
-1.163, 9.982e-7
-1.164, 9.973e-7
-1.165, 1.017e-6
-1.166, 1.016e-6
-1.167, 1.025e-6
-1.168, 1.036e-6
-1.169, 1.019e-6
-1.170, 1.045e-6
-1.171, 1.040e-6
-1.172, 1.050e-6
-1.173, 1.059e-6
-1.174, 1.074e-6
-1.175, 1.069e-6
-1.176, 1.070e-6
-1.177, 1.090e-6
-1.178, 1.104e-6
-1.179, 1.113e-6
-1.180, 1.114e-6
-1.181, 1.103e-6
-1.182, 1.100e-6
-1.183, 1.115e-6
-1.184, 1.133e-6
-1.185, 1.130e-6
-1.186, 1.152e-6
-1.187, 1.156e-6
-1.188, 1.165e-6
-1.189, 1.169e-6
-1.190, 1.161e-6
-1.191, 1.171e-6
-1.192, 1.208e-6
-1.193, 1.191e-6
-1.194, 1.204e-6
-1.195, 1.219e-6
-1.196, 1.203e-6
-1.197, 1.230e-6
-1.198, 1.249e-6
-1.199, 1.234e-6
-1.200, 1.250e-6
-1.201, 1.258e-6
-1.202, 1.258e-6
-1.203, 1.294e-6
-1.204, 1.276e-6
-1.205, 1.284e-6
-1.206, 1.280e-6
-1.207, 1.290e-6
-1.208, 1.317e-6
-1.209, 1.300e-6
-1.210, 1.322e-6
-1.211, 1.331e-6
-1.212, 1.353e-6
-1.213, 1.340e-6
-1.214, 1.346e-6
-1.215, 1.350e-6
-1.216, 1.377e-6
-1.217, 1.393e-6
-1.218, 1.389e-6
-1.219, 1.408e-6
-1.220, 1.409e-6
-1.221, 1.419e-6
-1.222, 1.431e-6
-1.223, 1.447e-6
-1.224, 1.445e-6
-1.225, 1.462e-6
-1.226, 1.472e-6
-1.227, 1.465e-6
-1.228, 1.477e-6
-1.229, 1.522e-6
-1.230, 1.514e-6
-1.231, 1.527e-6
-1.232, 1.538e-6
-1.233, 1.545e-6
-1.234, 1.524e-6
-1.235, 1.571e-6
-1.236, 1.572e-6
-1.237, 1.574e-6
-1.238, 1.592e-6
-1.239, 1.597e-6
-1.240, 1.617e-6
-1.241, 1.635e-6
-1.242, 1.634e-6
-1.243, 1.668e-6
-1.244, 1.663e-6
-1.245, 1.685e-6
-1.246, 1.695e-6
-1.247, 1.699e-6
-1.248, 1.720e-6
-1.249, 1.748e-6
-1.250, 1.734e-6
-1.251, 1.753e-6
-1.252, 1.763e-6
-1.253, 1.768e-6
-1.254, 1.810e-6
-1.255, 1.820e-6
-1.256, 1.816e-6
-1.257, 1.842e-6
-1.258, 1.860e-6
-1.259, 1.872e-6
-1.260, 1.885e-6
-1.261, 1.893e-6
-1.262, 1.939e-6
-1.263, 1.928e-6
-1.264, 1.930e-6
-1.265, 1.956e-6
-1.266, 1.983e-6
-1.267, 1.997e-6
-1.268, 2.016e-6
-1.269, 2.040e-6
-1.270, 2.054e-6
-1.271, 2.080e-6
-1.272, 2.080e-6
-1.273, 2.135e-6
-1.274, 2.102e-6
-1.275, 2.128e-6
-1.276, 2.150e-6
-1.277, 2.190e-6
-1.278, 2.222e-6
-1.279, 2.230e-6
-1.280, 2.241e-6
-1.281, 2.270e-6
-1.282, 2.281e-6
-1.283, 2.310e-6
-1.284, 2.343e-6
-1.285, 2.355e-6
-1.286, 2.396e-6
-1.287, 2.445e-6
-1.288, 2.428e-6
-1.289, 2.450e-6
-1.290, 2.482e-6
-1.291, 2.497e-6
-1.292, 2.530e-6
-1.293, 2.543e-6
-1.294, 2.575e-6
-1.295, 2.601e-6
-1.296, 2.627e-6
-1.297, 2.648e-6
-1.298, 2.684e-6
-1.299, 2.712e-6
-1.300, 2.730e-6
-1.301, 2.758e-6
-1.302, 2.789e-6
-1.303, 2.838e-6
-1.304, 2.836e-6
-1.305, 2.874e-6
-1.306, 2.931e-6
-1.307, 2.916e-6
-1.308, 2.976e-6
-1.309, 3.025e-6
-1.310, 3.034e-6
-1.311, 3.067e-6
-1.312, 3.111e-6
-1.313, 3.158e-6
-1.314, 3.173e-6
-1.315, 3.204e-6
-1.316, 3.231e-6
-1.317, 3.310e-6
-1.318, 3.321e-6
-1.319, 3.376e-6
-1.320, 3.411e-6
-1.321, 3.440e-6
-1.322, 3.478e-6
-1.323, 3.521e-6
-1.324, 3.543e-6
-1.325, 3.616e-6
-1.326, 3.668e-6
-1.327, 3.725e-6
-1.328, 3.795e-6
-1.329, 3.787e-6
-1.330, 3.849e-6
-1.331, 3.879e-6
-1.332, 3.954e-6
-1.333, 3.999e-6
-1.334, 4.022e-6
-1.335, 4.068e-6
-1.336, 4.144e-6
-1.337, 4.196e-6
-1.338, 4.238e-6
-1.339, 4.276e-6
-1.340, 4.321e-6
-1.341, 4.382e-6
-1.342, 4.443e-6
-1.343, 4.475e-6
-1.344, 4.528e-6
-1.345, 4.582e-6
-1.346, 4.640e-6
-1.347, 4.692e-6
-1.348, 4.741e-6
-1.349, 4.804e-6
-1.350, 4.870e-6
-1.351, 4.889e-6
-1.352, 4.955e-6
-1.353, 5.031e-6
-1.354, 5.085e-6
-1.355, 5.153e-6
-1.356, 5.184e-6
-1.357, 5.278e-6
-1.358, 5.357e-6
-1.359, 5.387e-6
-1.360, 5.446e-6
-1.361, 5.542e-6
-1.362, 5.597e-6
-1.363, 5.644e-6
-1.364, 5.689e-6
-1.365, 5.768e-6
-1.366, 5.831e-6
-1.367, 5.916e-6
-1.368, 5.986e-6
-1.369, 6.067e-6
-1.370, 6.134e-6
-1.371, 6.205e-6
-1.372, 6.299e-6
-1.373, 6.381e-6
-1.374, 6.454e-6
-1.375, 6.509e-6
-1.376, 6.582e-6
-1.377, 6.692e-6
-1.378, 6.743e-6
-1.379, 6.825e-6
-1.380, 6.926e-6
-1.381, 6.977e-6
-1.382, 7.069e-6
-1.383, 7.171e-6
-1.384, 7.245e-6
-1.385, 7.315e-6
-1.386, 7.427e-6
-1.387, 7.493e-6
-1.388, 7.596e-6
-1.389, 7.667e-6
-1.390, 7.750e-6
-1.391, 7.855e-6
-1.392, 7.965e-6
-1.393, 8.025e-6
-1.394, 8.170e-6
-1.395, 8.286e-6
-1.396, 8.356e-6
-1.397, 8.450e-6
-1.398, 8.549e-6
-1.399, 8.670e-6
-1.400, 8.779e-6
-1.401, 8.883e-6
-1.402, 9.011e-6
-1.403, 9.094e-6
-1.404, 9.192e-6
-1.405, 9.340e-6
-1.406, 9.389e-6
-1.407, 9.498e-6
-1.408, 9.586e-6
-1.409, 9.672e-6
-1.410, 9.814e-6
-1.411, 9.892e-6
-1.412, 1.004e-5
-1.413, 1.016e-5
-1.414, 1.028e-5
-1.415, 1.042e-5
-1.416, 1.060e-5
-1.417, 1.073e-5
-1.418, 1.086e-5
-1.419, 1.098e-5
-1.420, 1.110e-5
-1.421, 1.127e-5
-1.422, 1.139e-5
-1.423, 1.151e-5
-1.424, 1.164e-5
-1.425, 1.175e-5
-1.426, 1.188e-5
-1.427, 1.202e-5
-1.428, 1.220e-5
-1.429, 1.236e-5
-1.430, 1.250e-5
-1.431, 1.267e-5
-1.432, 1.281e-5
-1.433, 1.295e-5
-1.434, 1.316e-5
-1.435, 1.329e-5
-1.436, 1.347e-5
-1.437, 1.349e-5
-1.438, 1.358e-5
-1.439, 1.375e-5
-1.440, 1.397e-5
-1.441, 1.413e-5
-1.442, 1.432e-5
-1.443, 1.446e-5
-1.444, 1.468e-5
-1.445, 1.488e-5
-1.446, 1.497e-5
-1.447, 1.513e-5
-1.448, 1.533e-5
-1.449, 1.554e-5
-1.450, 1.572e-5
-1.451, 1.590e-5
-1.452, 1.613e-5
-1.453, 1.634e-5
-1.454, 1.653e-5
-1.455, 1.671e-5
-1.456, 1.690e-5
-1.457, 1.712e-5
-1.458, 1.729e-5
-1.459, 1.739e-5
-1.460, 1.766e-5
-1.461, 1.792e-5
-1.462, 1.815e-5
-1.463, 1.845e-5
-1.464, 1.864e-5
-1.465, 1.883e-5
-1.466, 1.908e-5
-1.467, 1.921e-5
-1.468, 1.952e-5
-1.469, 1.973e-5
-1.470, 1.998e-5
-1.471, 2.029e-5
-1.472, 2.055e-5
-1.473, 2.081e-5
-1.474, 2.100e-5
-1.475, 2.120e-5
-1.476, 2.122e-5
-1.477, 2.144e-5
-1.478, 2.174e-5
-1.479, 2.205e-5
-1.480, 2.223e-5
-1.481, 2.252e-5
-1.482, 2.274e-5
-1.483, 2.300e-5
-1.484, 2.329e-5
-1.485, 2.360e-5
-1.486, 2.394e-5
-1.487, 2.425e-5
-1.488, 2.453e-5
-1.489, 2.470e-5
-1.490, 2.476e-5
-1.491, 2.519e-5
-1.492, 2.548e-5
-1.493, 2.578e-5
-1.494, 2.612e-5
-1.495, 2.642e-5
-1.496, 2.673e-5
-1.497, 2.709e-5
-1.498, 2.744e-5
-1.499, 2.792e-5
-1.500, 2.819e-5
-1.501, 2.834e-5
-1.502, 2.832e-5
-1.503, 2.871e-5
-1.504, 2.910e-5
-1.505, 2.944e-5
-1.506, 2.981e-5
-1.507, 3.017e-5
-1.508, 3.060e-5
-1.509, 3.094e-5
-1.510, 3.134e-5
-1.511, 3.164e-5
-1.512, 3.158e-5
-1.513, 3.192e-5
-1.514, 3.229e-5
-1.515, 3.250e-5
-1.516, 3.305e-5
-1.517, 3.347e-5
-1.518, 3.392e-5
-1.519, 3.452e-5
-1.520, 3.500e-5
-1.521, 3.498e-5
-1.522, 3.525e-5
-1.523, 3.582e-5
-1.524, 3.630e-5
-1.525, 3.680e-5
-1.526, 3.721e-5
-1.527, 3.789e-5
-1.528, 3.839e-5
-1.529, 3.839e-5
-1.530, 3.886e-5
-1.531, 3.944e-5
-1.532, 3.999e-5
-1.533, 4.066e-5
-1.534, 4.112e-5
-1.535, 4.185e-5
-1.536, 4.208e-5
-1.537, 4.218e-5
-1.538, 4.267e-5
-1.539, 4.331e-5
-1.540, 4.390e-5
-1.541, 4.471e-5
-1.542, 4.548e-5
-1.543, 4.563e-5
-1.544, 4.637e-5
-1.545, 4.692e-5
-1.546, 4.747e-5
-1.547, 4.802e-5
-1.548, 4.899e-5
-1.549, 4.918e-5
-1.550, 4.972e-5
-1.551, 5.041e-5
-1.552, 5.106e-5
-1.553, 5.196e-5
-1.554, 5.315e-5
-1.555, 5.335e-5
-1.556, 5.379e-5
-1.557, 5.464e-5
-1.558, 5.557e-5
-1.559, 5.650e-5
-1.560, 5.731e-5
-1.561, 5.755e-5
-1.562, 5.864e-5
-1.563, 5.950e-5
-1.564, 6.069e-5
-1.565, 6.138e-5
-1.566, 6.153e-5
-1.567, 6.247e-5
-1.568, 6.365e-5
-1.569, 6.516e-5
-1.570, 6.578e-5
-1.571, 6.590e-5
-1.572, 6.736e-5
-1.573, 6.827e-5
-1.574, 6.966e-5
-1.575, 6.977e-5
-1.576, 7.076e-5
-1.577, 7.209e-5
-1.578, 7.369e-5
-1.579, 7.367e-5
-1.580, 7.486e-5
-1.581, 7.610e-5
-1.582, 7.767e-5
-1.583, 7.819e-5
-1.584, 8.000e-5
-1.585, 8.177e-5
-1.586, 8.222e-5
-1.587, 8.333e-5
-1.588, 8.531e-5
-1.589, 8.691e-5
-1.590, 8.671e-5
-1.591, 8.809e-5
-1.592, 9.028e-5
-1.593, 9.065e-5
-1.594, 9.255e-5
-1.595, 9.420e-5
-1.596, 9.540e-5
-1.597, 9.607e-5
-1.598, 9.824e-5
-1.599, 1.009e-4
-1.600, 1.006e-4
-1.601, 1.027e-4
-1.602, 1.054e-4
-1.603, 1.054e-4
-1.604, 1.078e-4
-1.605, 1.101e-4
-1.606, 1.108e-4
-1.607, 1.136e-4
-1.608, 1.150e-4
-1.609, 1.166e-4
-1.610, 1.197e-4
-1.611, 1.213e-4
-1.612, 1.248e-4
-1.613, 1.255e-4
-1.614, 1.279e-4
-1.615, 1.291e-4
-1.616, 1.317e-4
-1.617, 1.338e-4
-1.618, 1.360e-4
-1.619, 1.381e-4
-1.620, 1.394e-4
-1.621, 1.405e-4
-1.622, 1.433e-4
-1.623, 1.447e-4
-1.624, 1.483e-4
-1.625, 1.498e-4
-1.626, 1.533e-4
-1.627, 1.551e-4
-1.628, 1.580e-4
-1.629, 1.604e-4
-1.630, 1.621e-4
-1.631, 1.656e-4
-1.632, 1.670e-4
-1.633, 1.714e-4
-1.634, 1.746e-4
-1.635, 1.768e-4
-1.636, 1.808e-4
-1.637, 1.835e-4
-1.638, 1.862e-4
-1.639, 1.902e-4
-1.640, 1.934e-4
-1.641, 1.961e-4
-1.642, 2.007e-4
-1.643, 2.044e-4
-1.644, 2.069e-4
-1.645, 2.104e-4
-1.646, 2.152e-4
-1.647, 2.194e-4
-1.648, 2.239e-4
-1.649, 2.259e-4
-1.650, 2.306e-4
-1.651, 2.344e-4
-1.652, 2.393e-4
-1.653, 2.451e-4
-1.654, 2.493e-4
-1.655, 2.531e-4
-1.656, 2.558e-4
-1.657, 2.606e-4
-1.658, 2.666e-4
-1.659, 2.705e-4
-1.660, 2.748e-4
-1.661, 2.794e-4
-1.662, 2.842e-4
-1.663, 2.888e-4
-1.664, 2.944e-4
-1.665, 2.984e-4
-1.666, 3.052e-4
-1.667, 3.088e-4
-1.668, 3.152e-4
-1.669, 3.202e-4
-1.670, 3.257e-4
-1.671, 3.309e-4
-1.672, 3.390e-4
-1.673, 3.452e-4
-1.674, 3.512e-4
-1.675, 3.586e-4
-1.676, 3.654e-4
-1.677, 3.717e-4
-1.678, 3.789e-4
-1.679, 3.840e-4
-1.680, 3.924e-4
-1.681, 3.969e-4
-1.682, 4.058e-4
-1.683, 4.101e-4
-1.684, 4.191e-4
-1.685, 4.264e-4
-1.686, 4.343e-4
-1.687, 4.417e-4
-1.688, 4.495e-4
-1.689, 4.573e-4
-1.690, 4.658e-4
-1.691, 4.740e-4
-1.692, 4.800e-4
-1.693, 4.894e-4
-1.694, 4.966e-4
-1.695, 5.050e-4
-1.696, 5.122e-4
-1.697, 5.215e-4
-1.698, 5.299e-4
-1.699, 5.388e-4
-1.700, 5.440e-4
-1.699, 5.381e-4
-1.698, 5.326e-4
-1.697, 5.290e-4
-1.696, 5.238e-4
-1.695, 5.173e-4
-1.694, 5.133e-4
-1.693, 5.073e-4
-1.692, 5.023e-4
-1.691, 4.969e-4
-1.690, 4.918e-4
-1.689, 4.872e-4
-1.688, 4.783e-4
-1.687, 4.741e-4
-1.686, 4.681e-4
-1.685, 4.630e-4
-1.684, 4.588e-4
-1.683, 4.537e-4
-1.682, 4.457e-4
-1.681, 4.411e-4
-1.680, 4.374e-4
-1.679, 4.303e-4
-1.678, 4.253e-4
-1.677, 4.189e-4
-1.676, 4.135e-4
-1.675, 4.080e-4
-1.674, 4.024e-4
-1.673, 3.960e-4
-1.672, 3.912e-4
-1.671, 3.853e-4
-1.670, 3.805e-4
-1.669, 3.744e-4
-1.668, 3.696e-4
-1.667, 3.623e-4
-1.666, 3.583e-4
-1.665, 3.511e-4
-1.664, 3.459e-4
-1.663, 3.416e-4
-1.662, 3.363e-4
-1.661, 3.320e-4
-1.660, 3.274e-4
-1.659, 3.218e-4
-1.658, 3.170e-4
-1.657, 3.126e-4
-1.656, 3.078e-4
-1.655, 3.031e-4
-1.654, 2.989e-4
-1.653, 2.948e-4
-1.652, 2.892e-4
-1.651, 2.836e-4
-1.650, 2.802e-4
-1.649, 2.757e-4
-1.648, 2.715e-4
-1.647, 2.680e-4
-1.646, 2.629e-4
-1.645, 2.594e-4
-1.644, 2.555e-4
-1.643, 2.508e-4
-1.642, 2.475e-4
-1.641, 2.431e-4
-1.640, 2.399e-4
-1.639, 2.357e-4
-1.638, 2.316e-4
-1.637, 2.283e-4
-1.636, 2.252e-4
-1.635, 2.207e-4
-1.634, 2.168e-4
-1.633, 2.137e-4
-1.632, 2.107e-4
-1.631, 2.078e-4
-1.630, 2.039e-4
-1.629, 2.007e-4
-1.628, 1.971e-4
-1.627, 1.942e-4
-1.626, 1.905e-4
-1.625, 1.881e-4
-1.624, 1.850e-4
-1.623, 1.819e-4
-1.622, 1.790e-4
-1.621, 1.759e-4
-1.620, 1.732e-4
-1.619, 1.709e-4
-1.618, 1.681e-4
-1.617, 1.662e-4
-1.616, 1.615e-4
-1.615, 1.604e-4
-1.614, 1.571e-4
-1.613, 1.540e-4
-1.612, 1.512e-4
-1.611, 1.490e-4
-1.610, 1.463e-4
-1.609, 1.436e-4
-1.608, 1.417e-4
-1.607, 1.383e-4
-1.606, 1.366e-4
-1.605, 1.330e-4
-1.604, 1.317e-4
-1.603, 1.293e-4
-1.602, 1.275e-4
-1.601, 1.245e-4
-1.600, 1.228e-4
-1.599, 1.217e-4
-1.598, 1.184e-4
-1.597, 1.167e-4
-1.596, 1.146e-4
-1.595, 1.126e-4
-1.594, 1.102e-4
-1.593, 1.089e-4
-1.592, 1.066e-4
-1.591, 1.051e-4
-1.590, 1.035e-4
-1.589, 1.012e-4
-1.588, 1.003e-4
-1.587, 9.778e-5
-1.586, 9.637e-5
-1.585, 9.523e-5
-1.584, 9.310e-5
-1.583, 9.197e-5
-1.582, 9.073e-5
-1.581, 8.786e-5
-1.580, 8.699e-5
-1.579, 8.476e-5
-1.578, 8.370e-5
-1.577, 8.284e-5
-1.576, 8.078e-5
-1.575, 7.911e-5
-1.574, 7.791e-5
-1.573, 7.637e-5
-1.572, 7.529e-5
-1.571, 7.403e-5
-1.570, 7.227e-5
-1.569, 7.129e-5
-1.568, 6.983e-5
-1.567, 6.882e-5
-1.566, 6.757e-5
-1.565, 6.704e-5
-1.564, 6.564e-5
-1.563, 6.406e-5
-1.562, 6.228e-5
-1.561, 6.228e-5
-1.560, 6.109e-5
-1.559, 5.971e-5
-1.558, 5.816e-5
-1.557, 5.748e-5
-1.556, 5.686e-5
-1.555, 5.564e-5
-1.554, 5.429e-5
-1.553, 5.331e-5
-1.552, 5.333e-5
-1.551, 5.174e-5
-1.550, 5.086e-5
-1.549, 4.942e-5
-1.548, 4.849e-5
-1.547, 4.814e-5
-1.546, 4.721e-5
-1.545, 4.657e-5
-1.544, 4.550e-5
-1.543, 4.457e-5
-1.542, 4.392e-5
-1.541, 4.291e-5
-1.540, 4.255e-5
-1.539, 4.203e-5
-1.538, 4.098e-5
-1.537, 4.005e-5
-1.536, 3.957e-5
-1.535, 3.837e-5
-1.534, 3.782e-5
-1.533, 3.728e-5
-1.532, 3.638e-5
-1.531, 3.569e-5
-1.530, 3.542e-5
-1.529, 3.472e-5
-1.528, 3.406e-5
-1.527, 3.351e-5
-1.526, 3.292e-5
-1.525, 3.275e-5
-1.524, 3.149e-5
-1.523, 3.079e-5
-1.522, 3.058e-5
-1.521, 2.999e-5
-1.520, 2.925e-5
-1.519, 2.878e-5
-1.518, 2.848e-5
-1.517, 2.785e-5
-1.516, 2.740e-5
-1.515, 2.700e-5
-1.514, 2.623e-5
-1.513, 2.598e-5
-1.512, 2.546e-5
-1.511, 2.491e-5
-1.510, 2.476e-5
-1.509, 2.415e-5
-1.508, 2.389e-5
-1.507, 2.332e-5
-1.506, 2.320e-5
-1.505, 2.263e-5
-1.504, 2.200e-5
-1.503, 2.145e-5
-1.502, 2.136e-5
-1.501, 2.077e-5
-1.500, 2.048e-5
-1.499, 2.042e-5
-1.498, 1.979e-5
-1.497, 1.951e-5
-1.496, 1.923e-5
-1.495, 1.877e-5
-1.494, 1.842e-5
-1.493, 1.823e-5
-1.492, 1.770e-5
-1.491, 1.751e-5
-1.490, 1.736e-5
-1.489, 1.680e-5
-1.488, 1.678e-5
-1.487, 1.620e-5
-1.486, 1.610e-5
-1.485, 1.548e-5
-1.484, 1.558e-5
-1.483, 1.484e-5
-1.482, 1.511e-5
-1.481, 1.487e-5
-1.480, 1.417e-5
-1.479, 1.423e-5
-1.478, 1.400e-5
-1.477, 1.353e-5
-1.476, 1.340e-5
-1.475, 1.307e-5
-1.474, 1.282e-5
-1.473, 1.271e-5
-1.472, 1.245e-5
-1.471, 1.202e-5
-1.470, 1.201e-5
-1.469, 1.186e-5
-1.468, 1.168e-5
-1.467, 1.108e-5
-1.466, 1.106e-5
-1.465, 1.095e-5
-1.464, 1.080e-5
-1.463, 1.066e-5
-1.462, 1.004e-5
-1.461, 1.033e-5
-1.460, 9.986e-6
-1.459, 9.903e-6
-1.458, 9.934e-6
-1.457, 9.681e-6
-1.456, 9.457e-6
-1.455, 9.174e-6
-1.454, 9.074e-6
-1.453, 8.983e-6
-1.452, 8.779e-6
-1.451, 8.597e-6
-1.450, 8.432e-6
-1.449, 8.248e-6
-1.448, 8.140e-6
-1.447, 7.867e-6
-1.446, 7.804e-6
-1.445, 7.687e-6
-1.444, 7.388e-6
-1.443, 7.221e-6
-1.442, 7.094e-6
-1.441, 7.098e-6
-1.440, 6.755e-6
-1.439, 6.766e-6
-1.438, 6.493e-6
-1.437, 6.521e-6
-1.436, 6.064e-6
-1.435, 5.999e-6
-1.434, 5.872e-6
-1.433, 5.783e-6
-1.432, 5.619e-6
-1.431, 5.579e-6
-1.430, 5.537e-6
-1.429, 5.392e-6
-1.428, 5.374e-6
-1.427, 5.246e-6
-1.426, 5.094e-6
-1.425, 5.023e-6
-1.424, 4.927e-6
-1.423, 4.805e-6
-1.422, 4.741e-6
-1.421, 4.652e-6
-1.420, 4.530e-6
-1.419, 4.466e-6
-1.418, 4.390e-6
-1.417, 4.243e-6
-1.416, 4.097e-6
-1.415, 4.018e-6
-1.414, 3.977e-6
-1.413, 3.921e-6
-1.412, 3.849e-6
-1.411, 3.755e-6
-1.410, 3.665e-6
-1.409, 3.605e-6
-1.408, 3.549e-6
-1.407, 3.454e-6
-1.406, 3.419e-6
-1.405, 3.354e-6
-1.404, 3.277e-6
-1.403, 3.218e-6
-1.402, 3.153e-6
-1.401, 3.052e-6
-1.400, 3.003e-6
-1.399, 2.948e-6
-1.398, 2.868e-6
-1.397, 2.800e-6
-1.396, 2.730e-6
-1.395, 2.675e-6
-1.394, 2.668e-6
-1.393, 2.633e-6
-1.392, 2.541e-6
-1.391, 2.490e-6
-1.390, 2.451e-6
-1.389, 2.378e-6
-1.388, 2.337e-6
-1.387, 2.296e-6
-1.386, 2.282e-6
-1.385, 2.168e-6
-1.384, 2.130e-6
-1.383, 2.083e-6
-1.382, 2.003e-6
-1.381, 1.994e-6
-1.380, 1.951e-6
-1.379, 1.863e-6
-1.378, 1.850e-6
-1.377, 1.803e-6
-1.376, 1.729e-6
-1.375, 1.691e-6
-1.374, 1.646e-6
-1.373, 1.613e-6
-1.372, 1.565e-6
-1.371, 1.525e-6
-1.370, 1.520e-6
-1.369, 1.489e-6
-1.368, 1.469e-6
-1.367, 1.437e-6
-1.366, 1.397e-6
-1.365, 1.375e-6
-1.364, 1.314e-6
-1.363, 1.300e-6
-1.362, 1.241e-6
-1.361, 1.195e-6
-1.360, 1.152e-6
-1.359, 1.061e-6
-1.358, 1.070e-6
-1.357, 1.022e-6
-1.356, 1.003e-6
-1.355, 9.637e-7
-1.354, 9.233e-7
-1.353, 9.154e-7
-1.352, 8.680e-7
-1.351, 8.690e-7
-1.350, 8.394e-7
-1.349, 7.920e-7
-1.348, 7.881e-7
-1.347, 7.565e-7
-1.346, 7.388e-7
-1.345, 6.845e-7
-1.344, 6.559e-7
-1.343, 6.273e-7
-1.342, 5.977e-7
-1.341, 6.046e-7
-1.340, 5.493e-7
-1.339, 5.237e-7
-1.338, 5.030e-7
-1.337, 4.625e-7
-1.336, 4.665e-7
-1.335, 4.684e-7
-1.334, 4.329e-7
-1.333, 4.063e-7
-1.332, 3.875e-7
-1.331, 3.639e-7
-1.330, 3.224e-7
-1.329, 3.234e-7
-1.328, 2.849e-7
-1.327, 2.849e-7
-1.326, 2.701e-7
-1.325, 2.109e-7
-1.324, 2.326e-7
-1.323, 2.040e-7
-1.322, 1.784e-7
-1.321, 1.823e-7
-1.320, 1.350e-7
-1.319, 1.212e-7
-1.318, 7.873e-8
-1.317, 8.761e-8
-1.316, 5.505e-8
-1.315, 1.164e-8
-1.314, 1.362e-8
-1.313, -1.500e-8
-1.312, 5.722e-9
-1.311, -3.275e-8
-1.310, -7.222e-8
-1.309, -6.334e-8
-1.308, -8.800e-8
-1.307, -7.123e-8
-1.306, -1.038e-7
-1.305, -1.087e-7
-1.304, -1.304e-7
-1.303, -1.531e-7
-1.302, -1.640e-7
-1.301, -1.778e-7
-1.300, -1.837e-7
-1.299, -1.975e-7
-1.298, -2.301e-7
-1.297, -2.202e-7
-1.296, -2.163e-7
-1.295, -2.271e-7
-1.294, -2.607e-7
-1.293, -2.636e-7
-1.292, -2.804e-7
-1.291, -2.903e-7
-1.290, -2.883e-7
-1.289, -3.248e-7
-1.288, -3.277e-7
-1.287, -3.366e-7
-1.286, -3.327e-7
-1.285, -3.583e-7
-1.284, -3.731e-7
-1.283, -3.731e-7
-1.282, -3.948e-7
-1.281, -3.919e-7
-1.280, -4.225e-7
-1.279, -4.165e-7
-1.278, -4.343e-7
-1.277, -4.560e-7
-1.276, -4.382e-7
-1.275, -4.698e-7
-1.274, -4.708e-7
-1.273, -4.826e-7
-1.272, -5.014e-7
-1.271, -5.004e-7
-1.270, -5.122e-7
-1.269, -5.063e-7
-1.268, -5.083e-7
-1.267, -5.142e-7
-1.266, -5.290e-7
-1.265, -5.349e-7
-1.264, -5.478e-7
-1.263, -5.675e-7
-1.262, -5.635e-7
-1.261, -5.566e-7
-1.260, -5.843e-7
-1.259, -5.862e-7
-1.258, -5.882e-7
-1.257, -6.050e-7
-1.256, -6.050e-7
-1.255, -6.040e-7
-1.254, -6.375e-7
-1.253, -6.277e-7
-1.252, -6.415e-7
-1.251, -6.356e-7
-1.250, -6.474e-7
-1.249, -6.681e-7
-1.248, -6.701e-7
-1.247, -6.809e-7
-1.246, -6.760e-7
-1.245, -6.948e-7
-1.244, -6.819e-7
-1.243, -6.888e-7
-1.242, -6.957e-7
-1.241, -7.135e-7
-1.240, -7.283e-7
-1.239, -7.224e-7
-1.238, -7.411e-7
-1.237, -7.273e-7
-1.236, -7.401e-7
-1.235, -7.668e-7
-1.234, -7.451e-7
-1.233, -7.490e-7
-1.232, -7.668e-7
-1.231, -7.678e-7
-1.230, -7.747e-7
-1.229, -7.914e-7
-1.228, -7.984e-7
-1.227, -8.151e-7
-1.226, -8.062e-7
-1.225, -8.201e-7
-1.224, -8.349e-7
-1.223, -8.023e-7
-1.222, -8.447e-7
-1.221, -8.358e-7
-1.220, -8.220e-7
-1.219, -8.408e-7
-1.218, -8.201e-7
-1.217, -8.615e-7
-1.216, -8.625e-7
-1.215, -8.664e-7
-1.214, -8.714e-7
-1.213, -8.871e-7
-1.212, -8.921e-7
-1.211, -8.802e-7
-1.210, -9.089e-7
-1.209, -8.950e-7
-1.208, -8.990e-7
-1.207, -9.049e-7
-1.206, -9.118e-7
-1.205, -9.148e-7
-1.204, -9.138e-7
-1.203, -9.306e-7
-1.202, -9.246e-7
-1.201, -9.355e-7
-1.200, -9.532e-7
-1.199, -9.325e-7
-1.198, -9.611e-7
-1.197, -9.523e-7
-1.196, -9.572e-7
-1.195, -9.572e-7
-1.194, -9.690e-7
-1.193, -9.769e-7
-1.192, -9.700e-7
-1.191, -9.858e-7
-1.190, -9.789e-7
-1.189, -9.858e-7
-1.188, -9.819e-7
-1.187, -9.799e-7
-1.186, -1.014e-6
-1.185, -1.009e-6
-1.184, -9.967e-7
-1.183, -1.009e-6
-1.182, -1.004e-6
-1.181, -1.016e-6
-1.180, -1.032e-6
-1.179, -1.019e-6
-1.178, -1.028e-6
-1.177, -1.054e-6
-1.176, -1.040e-6
-1.175, -1.065e-6
-1.174, -1.038e-6
-1.173, -1.062e-6
-1.172, -1.069e-6
-1.171, -1.075e-6
-1.170, -1.074e-6
-1.169, -1.060e-6
-1.168, -1.077e-6
-1.167, -1.082e-6
-1.166, -1.086e-6
-1.165, -1.099e-6
-1.164, -1.099e-6
-1.163, -1.105e-6
-1.162, -1.112e-6
-1.161, -1.087e-6
-1.160, -1.117e-6
-1.159, -1.125e-6
-1.158, -1.108e-6
-1.157, -1.106e-6
-1.156, -1.109e-6
-1.155, -1.144e-6
-1.154, -1.120e-6
-1.153, -1.131e-6
-1.152, -1.150e-6
-1.151, -1.140e-6
-1.150, -1.164e-6
-1.149, -1.141e-6
-1.148, -1.159e-6
-1.147, -1.173e-6
-1.146, -1.164e-6
-1.145, -1.176e-6
-1.144, -1.167e-6
-1.143, -1.196e-6
-1.142, -1.165e-6
-1.141, -1.195e-6
-1.140, -1.184e-6
-1.139, -1.198e-6
-1.138, -1.206e-6
-1.137, -1.185e-6
-1.136, -1.214e-6
-1.135, -1.204e-6
-1.134, -1.220e-6
-1.133, -1.229e-6
-1.132, -1.216e-6
-1.131, -1.238e-6
-1.130, -1.234e-6
-1.129, -1.242e-6
-1.128, -1.244e-6
-1.127, -1.270e-6
-1.126, -1.267e-6
-1.125, -1.279e-6
-1.124, -1.261e-6
-1.123, -1.266e-6
-1.122, -1.276e-6
-1.121, -1.267e-6
-1.120, -1.303e-6
-1.119, -1.286e-6
-1.118, -1.290e-6
-1.117, -1.295e-6
-1.116, -1.304e-6
-1.115, -1.321e-6
-1.114, -1.317e-6
-1.113, -1.340e-6
-1.112, -1.317e-6
-1.111, -1.320e-6
-1.110, -1.330e-6
-1.109, -1.333e-6
-1.108, -1.361e-6
-1.107, -1.351e-6
-1.106, -1.352e-6
-1.105, -1.360e-6
-1.104, -1.357e-6
-1.103, -1.364e-6
-1.102, -1.374e-6
-1.101, -1.403e-6
-1.100, -1.389e-6
-1.099, -1.405e-6
-1.098, -1.396e-6
-1.097, -1.409e-6
-1.096, -1.409e-6
-1.095, -1.413e-6
-1.094, -1.421e-6
-1.093, -1.416e-6
-1.092, -1.439e-6
-1.091, -1.449e-6
-1.090, -1.450e-6
-1.089, -1.438e-6
-1.088, -1.457e-6
-1.087, -1.488e-6
-1.086, -1.488e-6
-1.085, -1.479e-6
-1.084, -1.470e-6
-1.083, -1.502e-6
-1.082, -1.496e-6
-1.081, -1.510e-6
-1.080, -1.512e-6
-1.079, -1.510e-6
-1.078, -1.520e-6
-1.077, -1.527e-6
-1.076, -1.551e-6
-1.075, -1.541e-6
-1.074, -1.558e-6
-1.073, -1.558e-6
-1.072, -1.570e-6
-1.071, -1.555e-6
-1.070, -1.568e-6
-1.069, -1.568e-6
-1.068, -1.569e-6
-1.067, -1.591e-6
-1.066, -1.587e-6
-1.065, -1.607e-6
-1.064, -1.596e-6
-1.063, -1.612e-6
-1.062, -1.634e-6
-1.061, -1.622e-6
-1.060, -1.636e-6
-1.059, -1.628e-6
-1.058, -1.672e-6
-1.057, -1.665e-6
-1.056, -1.679e-6
-1.055, -1.673e-6
-1.054, -1.683e-6
-1.053, -1.686e-6
-1.052, -1.684e-6
-1.051, -1.698e-6
-1.050, -1.707e-6
-1.049, -1.714e-6
-1.048, -1.722e-6
-1.047, -1.721e-6
-1.046, -1.741e-6
-1.045, -1.724e-6
-1.044, -1.761e-6
-1.043, -1.749e-6
-1.042, -1.774e-6
-1.041, -1.776e-6
-1.040, -1.769e-6
-1.039, -1.780e-6
-1.038, -1.804e-6
-1.037, -1.806e-6
-1.036, -1.808e-6
-1.035, -1.803e-6
-1.034, -1.807e-6
-1.033, -1.830e-6
-1.032, -1.831e-6
-1.031, -1.843e-6
-1.030, -1.864e-6
-1.029, -1.836e-6
-1.028, -1.856e-6
-1.027, -1.851e-6
-1.026, -1.874e-6
-1.025, -1.864e-6
-1.024, -1.891e-6
-1.023, -1.887e-6
-1.022, -1.898e-6
-1.021, -1.913e-6
-1.020, -1.903e-6
-1.019, -1.915e-6
-1.018, -1.919e-6
-1.017, -1.932e-6
-1.016, -1.958e-6
-1.015, -1.945e-6
-1.014, -1.939e-6
-1.013, -1.939e-6
-1.012, -1.943e-6
-1.011, -1.960e-6
-1.010, -1.968e-6
-1.009, -1.965e-6
-1.008, -1.986e-6
-1.007, -1.980e-6
-1.006, -1.999e-6
-1.005, -1.992e-6
-1.004, -1.995e-6
-1.003, -2.015e-6
-1.002, -1.993e-6
-1.001, -2.005e-6
-1.000, -1.648e-6
-1.001, -1.438e-6
-1.002, -1.312e-6
-1.003, -1.205e-6
-1.004, -1.130e-6
-1.005, -1.056e-6
-1.006, -9.868e-7
-1.007, -9.365e-7
-1.008, -8.862e-7
-1.009, -8.358e-7
-1.010, -7.984e-7
-1.011, -7.540e-7
-1.012, -7.027e-7
-1.013, -6.474e-7
-1.014, -6.326e-7
-1.015, -5.912e-7
-1.016, -5.665e-7
-1.017, -5.290e-7
-1.018, -4.965e-7
-1.019, -4.708e-7
-1.020, -4.442e-7
-1.021, -3.978e-7
-1.022, -3.840e-7
-1.023, -3.741e-7
-1.024, -3.327e-7
-1.025, -3.011e-7
-1.026, -2.853e-7
-1.027, -2.853e-7
-1.028, -2.261e-7
-1.029, -2.271e-7
-1.030, -2.192e-7
-1.031, -1.798e-7
-1.032, -1.748e-7
-1.033, -1.393e-7
-1.034, -1.462e-7
-1.035, -1.156e-7
-1.036, -1.058e-7
-1.037, -8.998e-8
-1.038, -4.953e-8
-1.039, -5.643e-8
-1.040, -4.065e-8
-1.041, -2.684e-8
-1.042, -2.092e-8
-1.043, -1.401e-8
-1.044, 1.855e-8
-1.045, 2.743e-8
-1.046, 4.321e-8
-1.047, 5.998e-8
-1.048, 6.788e-8
-1.049, 7.873e-8
-1.050, 1.024e-7
-1.051, 1.123e-7
-1.052, 1.202e-7
-1.053, 1.251e-7
-1.054, 1.399e-7
-1.055, 1.488e-7
-1.056, 1.715e-7
-1.057, 1.695e-7
-1.058, 1.853e-7
-1.059, 1.873e-7
-1.060, 2.119e-7
-1.061, 2.356e-7
-1.062, 2.218e-7
-1.063, 2.356e-7
-1.064, 2.366e-7
-1.065, 2.682e-7
-1.066, 2.849e-7
-1.067, 2.731e-7
-1.068, 2.780e-7
-1.069, 2.987e-7
-1.070, 3.116e-7
-1.071, 3.185e-7
-1.072, 3.007e-7
-1.073, 3.451e-7
-1.074, 3.303e-7
-1.075, 3.352e-7
-1.076, 3.678e-7
-1.077, 3.737e-7
-1.078, 3.826e-7
-1.079, 3.648e-7
-1.080, 4.142e-7
-1.081, 3.954e-7
-1.082, 4.063e-7
-1.083, 4.221e-7
-1.084, 4.250e-7
-1.085, 4.448e-7
-1.086, 4.477e-7
-1.087, 4.467e-7
-1.088, 4.773e-7
-1.089, 4.744e-7
-1.090, 4.635e-7
-1.091, 4.832e-7
-1.092, 4.714e-7
-1.093, 4.961e-7
-1.094, 5.049e-7
-1.095, 5.168e-7
-1.096, 5.257e-7
-1.097, 4.961e-7
-1.098, 5.424e-7
-1.099, 5.345e-7
-1.100, 5.355e-7
-1.101, 5.434e-7
-1.102, 5.572e-7
-1.103, 5.661e-7
-1.104, 5.651e-7
-1.105, 5.720e-7
-1.106, 5.908e-7
-1.107, 6.056e-7
-1.108, 5.888e-7
-1.109, 6.164e-7
-1.110, 6.174e-7
-1.111, 6.401e-7
-1.112, 6.154e-7
-1.113, 6.066e-7
-1.114, 6.490e-7
-1.115, 6.352e-7
-1.116, 6.667e-7
-1.117, 6.677e-7
-1.118, 6.648e-7
-1.119, 6.875e-7
-1.120, 6.845e-7
-1.121, 6.973e-7
-1.122, 7.032e-7
-1.123, 6.963e-7
-1.124, 6.934e-7
-1.125, 7.210e-7
-1.126, 6.954e-7
-1.127, 7.595e-7
-1.128, 7.328e-7
-1.129, 7.289e-7
-1.130, 7.545e-7
-1.131, 7.457e-7
-1.132, 7.644e-7
-1.133, 7.792e-7
-1.134, 7.950e-7
-1.135, 7.782e-7
-1.136, 7.891e-7
-1.137, 8.147e-7
-1.138, 8.088e-7
-1.139, 7.802e-7
-1.140, 8.029e-7
-1.141, 8.177e-7
-1.142, 8.236e-7
-1.143, 8.345e-7
-1.144, 8.394e-7
-1.145, 8.473e-7
-1.146, 8.453e-7
-1.147, 8.690e-7
-1.148, 8.562e-7
-1.149, 8.670e-7
-1.150, 8.552e-7
-1.151, 8.759e-7
-1.152, 8.798e-7
-1.153, 8.877e-7
-1.154, 8.996e-7
-1.155, 9.124e-7
-1.156, 9.154e-7
-1.157, 9.154e-7
-1.158, 9.154e-7
-1.159, 9.292e-7
-1.160, 9.213e-7
-1.161, 9.242e-7
-1.162, 9.420e-7
-1.163, 9.548e-7
-1.164, 9.381e-7
-1.165, 9.736e-7
-1.166, 9.765e-7
-1.167, 9.578e-7
-1.168, 9.686e-7
-1.169, 9.696e-7
-1.170, 9.834e-7
-1.171, 9.884e-7
-1.172, 1.008e-6
-1.173, 9.923e-7
-1.174, 1.019e-6
-1.175, 1.021e-6
-1.176, 1.015e-6
-1.177, 1.034e-6
-1.178, 1.050e-6
-1.179, 1.038e-6
-1.180, 1.061e-6
-1.181, 1.053e-6
-1.182, 1.076e-6
-1.183, 1.072e-6
-1.184, 1.081e-6
-1.185, 1.083e-6
-1.186, 1.086e-6
-1.187, 1.083e-6
-1.188, 1.094e-6
-1.189, 1.093e-6
-1.190, 1.116e-6
-1.191, 1.127e-6
-1.192, 1.139e-6
-1.193, 1.124e-6
-1.194, 1.130e-6
-1.195, 1.146e-6
-1.196, 1.153e-6
-1.197, 1.163e-6
-1.198, 1.160e-6
-1.199, 1.160e-6
-1.200, 1.184e-6
-1.201, 1.198e-6
-1.202, 1.192e-6
-1.203, 1.213e-6
-1.204, 1.182e-6
-1.205, 1.211e-6
-1.206, 1.216e-6
-1.207, 1.253e-6
-1.208, 1.236e-6
-1.209, 1.227e-6
-1.210, 1.272e-6
-1.211, 1.246e-6
-1.212, 1.272e-6
-1.213, 1.273e-6
-1.214, 1.287e-6
-1.215, 1.283e-6
-1.216, 1.295e-6
-1.217, 1.309e-6
-1.218, 1.326e-6
-1.219, 1.306e-6
-1.220, 1.323e-6
-1.221, 1.341e-6
-1.222, 1.339e-6
-1.223, 1.366e-6
-1.224, 1.340e-6
-1.225, 1.372e-6
-1.226, 1.377e-6
-1.227, 1.394e-6
-1.228, 1.403e-6
-1.229, 1.413e-6
-1.230, 1.424e-6
-1.231, 1.434e-6
-1.232, 1.440e-6
-1.233, 1.449e-6
-1.234, 1.457e-6
-1.235, 1.448e-6
-1.236, 1.480e-6
-1.237, 1.482e-6
-1.238, 1.513e-6
-1.239, 1.494e-6
-1.240, 1.515e-6
-1.241, 1.514e-6
-1.242, 1.543e-6
-1.243, 1.552e-6
-1.244, 1.568e-6
-1.245, 1.568e-6
-1.246, 1.575e-6
-1.247, 1.580e-6
-1.248, 1.607e-6
-1.249, 1.604e-6
-1.250, 1.624e-6
-1.251, 1.639e-6
-1.252, 1.641e-6
-1.253, 1.658e-6
-1.254, 1.661e-6
-1.255, 1.692e-6
-1.256, 1.691e-6
-1.257, 1.718e-6
-1.258, 1.711e-6
-1.259, 1.734e-6
-1.260, 1.733e-6
-1.261, 1.773e-6
-1.262, 1.774e-6
-1.263, 1.779e-6
-1.264, 1.801e-6
-1.265, 1.805e-6
-1.266, 1.825e-6
-1.267, 1.835e-6
-1.268, 1.868e-6
-1.269, 1.862e-6
-1.270, 1.876e-6
-1.271, 1.907e-6
-1.272, 1.917e-6
-1.273, 1.938e-6
-1.274, 1.945e-6
-1.275, 1.972e-6
-1.276, 1.992e-6
-1.277, 2.007e-6
-1.278, 2.032e-6
-1.279, 2.051e-6
-1.280, 2.073e-6
-1.281, 2.087e-6
-1.282, 2.105e-6
-1.283, 2.106e-6
-1.284, 2.151e-6
-1.285, 2.185e-6
-1.286, 2.165e-6
-1.287, 2.200e-6
-1.288, 2.210e-6
-1.289, 2.229e-6
-1.290, 2.252e-6
-1.291, 2.302e-6
-1.292, 2.317e-6
-1.293, 2.316e-6
-1.294, 2.347e-6
-1.295, 2.375e-6
-1.296, 2.384e-6
-1.297, 2.412e-6
-1.298, 2.435e-6
-1.299, 2.439e-6
-1.300, 2.483e-6
-1.301, 2.520e-6
-1.302, 2.551e-6
-1.303, 2.570e-6
-1.304, 2.593e-6
-1.305, 2.628e-6
-1.306, 2.666e-6
-1.307, 2.662e-6
-1.308, 2.712e-6
-1.309, 2.740e-6
-1.310, 2.768e-6
-1.311, 2.789e-6
-1.312, 2.817e-6
-1.313, 2.851e-6
-1.314, 2.880e-6
-1.315, 2.918e-6
-1.316, 2.939e-6
-1.317, 2.998e-6
-1.318, 3.008e-6
-1.319, 3.065e-6
-1.320, 3.068e-6
-1.321, 3.124e-6
-1.322, 3.154e-6
-1.323, 3.168e-6
-1.324, 3.198e-6
-1.325, 3.238e-6
-1.326, 3.291e-6
-1.327, 3.306e-6
-1.328, 3.348e-6
-1.329, 3.383e-6
-1.330, 3.423e-6
-1.331, 3.451e-6
-1.332, 3.506e-6
-1.333, 3.555e-6
-1.334, 3.562e-6
-1.335, 3.621e-6
-1.336, 3.662e-6
-1.337, 3.704e-6
-1.338, 3.771e-6
-1.339, 3.780e-6
-1.340, 3.826e-6
-1.341, 3.878e-6
-1.342, 3.898e-6
-1.343, 3.959e-6
-1.344, 4.005e-6
-1.345, 4.050e-6
-1.346, 4.098e-6
-1.347, 4.148e-6
-1.348, 4.187e-6
-1.349, 4.250e-6
-1.350, 4.310e-6
-1.351, 4.383e-6
-1.352, 4.407e-6
-1.353, 4.465e-6
-1.354, 4.512e-6
-1.355, 4.533e-6
-1.356, 4.642e-6
-1.357, 4.672e-6
-1.358, 4.728e-6
-1.359, 4.797e-6
-1.360, 4.826e-6
-1.361, 4.898e-6
-1.362, 4.957e-6
-1.363, 5.017e-6
-1.364, 5.069e-6
-1.365, 5.138e-6
-1.366, 5.193e-6
-1.367, 5.256e-6
-1.368, 5.312e-6
-1.369, 5.378e-6
-1.370, 5.453e-6
-1.371, 5.503e-6
-1.372, 5.571e-6
-1.373, 5.646e-6
-1.374, 5.710e-6
-1.375, 5.782e-6
-1.376, 5.864e-6
-1.377, 5.927e-6
-1.378, 5.984e-6
-1.379, 6.089e-6
-1.380, 6.145e-6
-1.381, 6.232e-6
-1.382, 6.312e-6
-1.383, 6.434e-6
-1.384, 6.491e-6
-1.385, 6.562e-6
-1.386, 6.624e-6
-1.387, 6.702e-6
-1.388, 6.795e-6
-1.389, 6.872e-6
-1.390, 6.952e-6
-1.391, 7.074e-6
-1.392, 7.137e-6
-1.393, 7.225e-6
-1.394, 7.305e-6
-1.395, 7.398e-6
-1.396, 7.489e-6
-1.397, 7.593e-6
-1.398, 7.682e-6
-1.399, 7.783e-6
-1.400, 7.863e-6
-1.401, 7.977e-6
-1.402, 8.060e-6
-1.403, 8.178e-6
-1.404, 8.259e-6
-1.405, 8.364e-6
-1.406, 8.473e-6
-1.407, 8.555e-6
-1.408, 8.663e-6
-1.409, 8.782e-6
-1.410, 8.877e-6
-1.411, 9.000e-6
-1.412, 9.128e-6
-1.413, 9.242e-6
-1.414, 9.370e-6
-1.415, 9.507e-6
-1.416, 9.621e-6
-1.417, 9.736e-6
-1.418, 9.857e-6
-1.419, 9.995e-6
-1.420, 1.008e-5
-1.421, 1.022e-5
-1.422, 1.031e-5
-1.423, 1.042e-5
-1.424, 1.057e-5
-1.425, 1.070e-5
-1.426, 1.080e-5
-1.427, 1.099e-5
-1.428, 1.111e-5
-1.429, 1.126e-5
-1.430, 1.139e-5
-1.431, 1.153e-5
-1.432, 1.168e-5
-1.433, 1.182e-5
-1.434, 1.198e-5
-1.435, 1.211e-5
-1.436, 1.226e-5
-1.437, 1.242e-5
-1.438, 1.263e-5
-1.439, 1.272e-5
-1.440, 1.289e-5
-1.441, 1.305e-5
-1.442, 1.323e-5
-1.443, 1.339e-5
-1.444, 1.364e-5
-1.445, 1.397e-5
-1.446, 1.416e-5
-1.447, 1.433e-5
-1.448, 1.443e-5
-1.449, 1.464e-5
-1.450, 1.500e-5
-1.451, 1.519e-5
-1.452, 1.528e-5
-1.453, 1.540e-5
-1.454, 1.561e-5
-1.455, 1.577e-5
-1.456, 1.595e-5
-1.457, 1.618e-5
-1.458, 1.640e-5
-1.459, 1.653e-5
-1.460, 1.678e-5
-1.461, 1.695e-5
-1.462, 1.719e-5
-1.463, 1.742e-5
-1.464, 1.766e-5
-1.465, 1.786e-5
-1.466, 1.808e-5
-1.467, 1.828e-5
-1.468, 1.843e-5
-1.469, 1.866e-5
-1.470, 1.890e-5
-1.471, 1.917e-5
-1.472, 1.935e-5
-1.473, 1.959e-5
-1.474, 1.985e-5
-1.475, 2.010e-5
-1.476, 2.035e-5
-1.477, 2.050e-5
-1.478, 2.072e-5
-1.479, 2.104e-5
-1.480, 2.137e-5
-1.481, 2.162e-5
-1.482, 2.187e-5
-1.483, 2.211e-5
-1.484, 2.224e-5
-1.485, 2.249e-5
-1.486, 2.276e-5
-1.487, 2.305e-5
-1.488, 2.337e-5
-1.489, 2.361e-5
-1.490, 2.391e-5
-1.491, 2.422e-5
-1.492, 2.447e-5
-1.493, 2.483e-5
-1.494, 2.513e-5
-1.495, 2.545e-5
-1.496, 2.569e-5
-1.497, 2.591e-5
-1.498, 2.623e-5
-1.499, 2.658e-5
-1.500, 2.690e-5
-1.501, 2.723e-5
-1.502, 2.753e-5
-1.503, 2.785e-5
-1.504, 2.817e-5
-1.505, 2.862e-5
-1.506, 2.900e-5
-1.507, 2.938e-5
-1.508, 2.955e-5
-1.509, 2.985e-5
-1.510, 3.023e-5
-1.511, 3.069e-5
-1.512, 3.107e-5
-1.513, 3.143e-5
-1.514, 3.185e-5
-1.515, 3.232e-5
-1.516, 3.271e-5
-1.517, 3.297e-5
-1.518, 3.329e-5
-1.519, 3.371e-5
-1.520, 3.415e-5
-1.521, 3.458e-5
-1.522, 3.505e-5
-1.523, 3.551e-5
-1.524, 3.603e-5
-1.525, 3.642e-5
-1.526, 3.652e-5
-1.527, 3.700e-5
-1.528, 3.757e-5
-1.529, 3.802e-5
-1.530, 3.850e-5
-1.531, 3.911e-5
-1.532, 3.971e-5
-1.533, 3.998e-5
-1.534, 4.039e-5
-1.535, 4.080e-5
-1.536, 4.139e-5
-1.537, 4.198e-5
-1.538, 4.278e-5
-1.539, 4.326e-5
-1.540, 4.352e-5
-1.541, 4.407e-5
-1.542, 4.475e-5
-1.543, 4.526e-5
-1.544, 4.581e-5
-1.545, 4.659e-5
-1.546, 4.704e-5
-1.547, 4.749e-5
-1.548, 4.817e-5
-1.549, 4.878e-5
-1.550, 4.958e-5
-1.551, 5.035e-5
-1.552, 5.066e-5
-1.553, 5.133e-5
-1.554, 5.210e-5
-1.555, 5.284e-5
-1.556, 5.385e-5
-1.557, 5.432e-5
-1.558, 5.478e-5
-1.559, 5.564e-5
-1.560, 5.650e-5
-1.561, 5.755e-5
-1.562, 5.810e-5
-1.563, 5.883e-5
-1.564, 5.960e-5
-1.565, 6.056e-5
-1.566, 6.154e-5
-1.567, 6.193e-5
-1.568, 6.279e-5
-1.569, 6.376e-5
-1.570, 6.515e-5
-1.571, 6.593e-5
-1.572, 6.661e-5
-1.573, 6.797e-5
-1.574, 6.896e-5
-1.575, 6.959e-5
-1.576, 7.007e-5
-1.577, 7.133e-5
-1.578, 7.294e-5
-1.579, 7.350e-5
-1.580, 7.439e-5
-1.581, 7.562e-5
-1.582, 7.712e-5
-1.583, 7.753e-5
-1.584, 7.900e-5
-1.585, 8.045e-5
-1.586, 8.118e-5
-1.587, 8.226e-5
-1.588, 8.390e-5
-1.589, 8.541e-5
-1.590, 8.639e-5
-1.591, 8.775e-5
-1.592, 8.960e-5
-1.593, 9.037e-5
-1.594, 9.197e-5
-1.595, 9.344e-5
-1.596, 9.488e-5
-1.597, 9.657e-5
-1.598, 9.767e-5
-1.599, 9.922e-5
-1.600, 1.013e-4
-1.601, 1.021e-4
-1.602, 1.041e-4
-1.603, 1.056e-4
-1.604, 1.073e-4
-1.605, 1.091e-4
-1.606, 1.104e-4
-1.607, 1.126e-4
-1.608, 1.139e-4
-1.609, 1.169e-4
-1.610, 1.191e-4
-1.611, 1.204e-4
-1.612, 1.231e-4
-1.613, 1.239e-4
-1.614, 1.268e-4
-1.615, 1.283e-4
-1.616, 1.304e-4
-1.617, 1.321e-4
-1.618, 1.344e-4
-1.619, 1.360e-4
-1.620, 1.390e-4
-1.621, 1.402e-4
-1.622, 1.434e-4
-1.623, 1.443e-4
-1.624, 1.481e-4
-1.625, 1.496e-4
-1.626, 1.532e-4
-1.627, 1.548e-4
-1.628, 1.578e-4
-1.629, 1.601e-4
-1.630, 1.623e-4
-1.631, 1.660e-4
-1.632, 1.683e-4
-1.633, 1.713e-4
-1.634, 1.746e-4
-1.635, 1.767e-4
-1.636, 1.808e-4
-1.637, 1.829e-4
-1.638, 1.874e-4
-1.639, 1.904e-4
-1.640, 1.924e-4
-1.641, 1.966e-4
-1.642, 1.999e-4
-1.643, 2.033e-4
-1.644, 2.075e-4
-1.645, 2.106e-4
-1.646, 2.143e-4
-1.647, 2.169e-4
-1.648, 2.222e-4
-1.649, 2.259e-4
-1.650, 2.302e-4
-1.651, 2.326e-4
-1.652, 2.366e-4
-1.653, 2.403e-4
-1.654, 2.438e-4
-1.655, 2.483e-4
-1.656, 2.521e-4
-1.657, 2.566e-4
-1.658, 2.616e-4
-1.659, 2.661e-4
-1.660, 2.696e-4
-1.661, 2.757e-4
-1.662, 2.792e-4
-1.663, 2.840e-4
-1.664, 2.888e-4
-1.665, 2.936e-4
-1.666, 3.000e-4
-1.667, 3.052e-4
-1.668, 3.103e-4
-1.669, 3.162e-4
-1.670, 3.207e-4
-1.671, 3.247e-4
-1.672, 3.315e-4
-1.673, 3.375e-4
-1.674, 3.443e-4
-1.675, 3.489e-4
-1.676, 3.550e-4
-1.677, 3.610e-4
-1.678, 3.680e-4
-1.679, 3.741e-4
-1.680, 3.801e-4
-1.681, 3.862e-4
-1.682, 3.927e-4
-1.683, 4.002e-4
-1.684, 4.062e-4
-1.685, 4.133e-4
-1.686, 4.198e-4
-1.687, 4.281e-4
-1.688, 4.356e-4
-1.689, 4.430e-4
-1.690, 4.509e-4
-1.691, 4.588e-4
-1.692, 4.676e-4
-1.693, 4.767e-4
-1.694, 4.834e-4
-1.695, 4.917e-4
-1.696, 5.007e-4
-1.697, 5.104e-4
-1.698, 5.170e-4
-1.699, 5.267e-4
-1.700, 5.299e-4
-1.699, 5.250e-4
-1.698, 5.209e-4
-1.697, 5.162e-4
-1.696, 5.094e-4
-1.695, 5.060e-4
-1.694, 5.000e-4
-1.693, 4.962e-4
-1.692, 4.916e-4
-1.691, 4.880e-4
-1.690, 4.827e-4
-1.689, 4.739e-4
-1.688, 4.666e-4
-1.687, 4.604e-4
-1.686, 4.536e-4
-1.685, 4.495e-4
-1.684, 4.419e-4
-1.683, 4.376e-4
-1.682, 4.320e-4
-1.681, 4.259e-4
-1.680, 4.200e-4
-1.679, 4.153e-4
-1.678, 4.087e-4
-1.677, 4.025e-4
-1.676, 3.974e-4
-1.675, 3.912e-4
-1.674, 3.864e-4
-1.673, 3.817e-4
-1.672, 3.747e-4
-1.671, 3.695e-4
-1.670, 3.649e-4
-1.669, 3.593e-4
-1.668, 3.546e-4
-1.667, 3.495e-4
-1.666, 3.441e-4
-1.665, 3.388e-4
-1.664, 3.347e-4
-1.663, 3.287e-4
-1.662, 3.240e-4
-1.661, 3.186e-4
-1.660, 3.144e-4
-1.659, 3.095e-4
-1.658, 3.055e-4
-1.657, 3.001e-4
-1.656, 2.951e-4
-1.655, 2.911e-4
-1.654, 2.872e-4
-1.653, 2.832e-4
-1.652, 2.779e-4
-1.651, 2.740e-4
-1.650, 2.699e-4
-1.649, 2.656e-4
-1.648, 2.612e-4
-1.647, 2.573e-4
-1.646, 2.531e-4
-1.645, 2.495e-4
-1.644, 2.450e-4
-1.643, 2.413e-4
-1.642, 2.380e-4
-1.641, 2.342e-4
-1.640, 2.303e-4
-1.639, 2.260e-4
-1.638, 2.232e-4
-1.637, 2.194e-4
-1.636, 2.159e-4
-1.635, 2.110e-4
-1.634, 2.080e-4
-1.633, 2.049e-4
-1.632, 2.017e-4
-1.631, 1.972e-4
-1.630, 1.936e-4
-1.629, 1.912e-4
-1.628, 1.864e-4
-1.627, 1.838e-4
-1.626, 1.813e-4
-1.625, 1.777e-4
-1.624, 1.749e-4
-1.623, 1.727e-4
-1.622, 1.686e-4
-1.621, 1.665e-4
-1.620, 1.636e-4
-1.619, 1.603e-4
-1.618, 1.576e-4
-1.617, 1.545e-4
-1.616, 1.522e-4
-1.615, 1.493e-4
-1.614, 1.473e-4
-1.613, 1.448e-4
-1.612, 1.424e-4
-1.611, 1.401e-4
-1.610, 1.372e-4
-1.609, 1.354e-4
-1.608, 1.325e-4
-1.607, 1.306e-4
-1.606, 1.277e-4
-1.605, 1.266e-4
-1.604, 1.240e-4
-1.603, 1.220e-4
-1.602, 1.194e-4
-1.601, 1.176e-4
-1.600, 1.155e-4
-1.599, 1.130e-4
-1.598, 1.116e-4
-1.597, 1.095e-4
-1.596, 1.073e-4
-1.595, 1.055e-4
-1.594, 1.033e-4
-1.593, 1.019e-4
-1.592, 1.001e-4
-1.591, 9.852e-5
-1.590, 9.635e-5
-1.589, 9.453e-5
-1.588, 9.307e-5
-1.587, 9.126e-5
-1.586, 8.969e-5
-1.585, 8.795e-5
-1.584, 8.655e-5
-1.583, 8.496e-5
-1.582, 8.325e-5
-1.581, 8.222e-5
-1.580, 8.031e-5
-1.579, 7.900e-5
-1.578, 7.728e-5
-1.577, 7.632e-5
-1.576, 7.457e-5
-1.575, 7.354e-5
-1.574, 7.216e-5
-1.573, 7.043e-5
-1.572, 6.969e-5
-1.571, 6.846e-5
-1.570, 6.701e-5
-1.569, 6.594e-5
-1.568, 6.481e-5
-1.567, 6.372e-5
-1.566, 6.207e-5
-1.565, 6.146e-5
-1.564, 5.956e-5
-1.563, 5.880e-5
-1.562, 5.745e-5
-1.561, 5.614e-5
-1.560, 5.550e-5
-1.559, 5.455e-5
-1.558, 5.316e-5
-1.557, 5.245e-5
-1.556, 5.159e-5
-1.555, 5.031e-5
-1.554, 4.964e-5
-1.553, 4.843e-5
-1.552, 4.739e-5
-1.551, 4.685e-5
-1.550, 4.625e-5
-1.549, 4.520e-5
-1.548, 4.406e-5
-1.547, 4.357e-5
-1.546, 4.281e-5
-1.545, 4.179e-5
-1.544, 4.154e-5
-1.543, 4.069e-5
-1.542, 3.959e-5
-1.541, 3.893e-5
-1.540, 3.843e-5
-1.539, 3.767e-5
-1.538, 3.697e-5
-1.537, 3.619e-5
-1.536, 3.546e-5
-1.535, 3.492e-5
-1.534, 3.411e-5
-1.533, 3.341e-5
-1.532, 3.296e-5
-1.531, 3.244e-5
-1.530, 3.166e-5
-1.529, 3.095e-5
-1.528, 3.053e-5
-1.527, 3.008e-5
-1.526, 2.948e-5
-1.525, 2.892e-5
-1.524, 2.840e-5
-1.523, 2.789e-5
-1.522, 2.733e-5
-1.521, 2.689e-5
-1.520, 2.638e-5
-1.519, 2.590e-5
-1.518, 2.543e-5
-1.517, 2.499e-5
-1.516, 2.450e-5
-1.515, 2.413e-5
-1.514, 2.360e-5
-1.513, 2.308e-5
-1.512, 2.269e-5
-1.511, 2.232e-5
-1.510, 2.189e-5
-1.509, 2.140e-5
-1.508, 2.100e-5
-1.507, 2.068e-5
-1.506, 2.039e-5
-1.505, 2.001e-5
-1.504, 1.955e-5
-1.503, 1.923e-5
-1.502, 1.880e-5
-1.501, 1.852e-5
-1.500, 1.828e-5
-1.499, 1.794e-5
-1.498, 1.754e-5
-1.497, 1.721e-5
-1.496, 1.685e-5
-1.495, 1.659e-5
-1.494, 1.626e-5
-1.493, 1.597e-5
-1.492, 1.573e-5
-1.491, 1.545e-5
-1.490, 1.521e-5
-1.489, 1.485e-5
-1.488, 1.448e-5
-1.487, 1.433e-5
-1.486, 1.402e-5
-1.485, 1.377e-5
-1.484, 1.353e-5
-1.483, 1.327e-5
-1.482, 1.299e-5
-1.481, 1.273e-5
-1.480, 1.252e-5
-1.479, 1.229e-5
-1.478, 1.205e-5
-1.477, 1.185e-5
-1.476, 1.164e-5
-1.475, 1.142e-5
-1.474, 1.119e-5
-1.473, 1.100e-5
-1.472, 1.078e-5
-1.471, 1.057e-5
-1.470, 1.034e-5
-1.469, 1.019e-5
-1.468, 1.001e-5
-1.467, 9.754e-6
-1.466, 9.577e-6
-1.465, 9.393e-6
-1.464, 9.215e-6
-1.463, 9.048e-6
-1.462, 8.870e-6
-1.461, 9.317e-6
-1.460, 8.859e-6
-1.459, 8.649e-6
-1.458, 8.459e-6
-1.457, 8.276e-6
-1.456, 8.086e-6
-1.455, 7.964e-6
-1.454, 7.791e-6
-1.453, 7.634e-6
-1.452, 7.510e-6
-1.451, 7.360e-6
-1.450, 7.228e-6
-1.449, 7.054e-6
-1.448, 6.899e-6
-1.447, 6.874e-6
-1.446, 6.729e-6
-1.445, 6.600e-6
-1.444, 6.438e-6
-1.443, 6.272e-6
-1.442, 6.202e-6
-1.441, 6.096e-6
-1.440, 5.982e-6
-1.439, 5.820e-6
-1.438, 5.714e-6
-1.437, 5.607e-6
-1.436, 5.519e-6
-1.435, 5.374e-6
-1.434, 5.261e-6
-1.433, 5.099e-6
-1.432, 5.021e-6
-1.431, 5.038e-6
-1.430, 4.958e-6
-1.429, 4.800e-6
-1.428, 4.685e-6
-1.427, 4.586e-6
-1.426, 4.498e-6
-1.425, 4.420e-6
-1.424, 4.344e-6
-1.423, 4.218e-6
-1.422, 4.064e-6
-1.421, 3.963e-6
-1.420, 3.949e-6
-1.419, 3.877e-6
-1.418, 3.783e-6
-1.417, 3.671e-6
-1.416, 3.647e-6
-1.415, 3.539e-6
-1.414, 3.481e-6
-1.413, 3.429e-6
-1.412, 3.333e-6
-1.411, 3.239e-6
-1.410, 3.175e-6
-1.409, 3.115e-6
-1.408, 3.036e-6
-1.407, 3.063e-6
-1.406, 2.986e-6
-1.405, 2.921e-6
-1.404, 2.821e-6
-1.403, 2.772e-6
-1.402, 2.744e-6
-1.401, 2.685e-6
-1.400, 2.621e-6
-1.399, 2.578e-6
-1.398, 2.501e-6
-1.397, 2.470e-6
-1.396, 2.417e-6
-1.395, 2.339e-6
-1.394, 2.328e-6
-1.393, 2.265e-6
-1.392, 2.215e-6
-1.391, 2.156e-6
-1.390, 2.120e-6
-1.389, 1.993e-6
-1.388, 1.926e-6
-1.387, 1.938e-6
-1.386, 1.894e-6
-1.385, 1.782e-6
-1.384, 1.775e-6
-1.383, 1.727e-6
-1.382, 1.701e-6
-1.381, 1.626e-6
-1.380, 1.606e-6
-1.379, 1.569e-6
-1.378, 1.550e-6
-1.377, 1.512e-6
-1.376, 1.443e-6
-1.375, 1.410e-6
-1.374, 1.385e-6
-1.373, 1.323e-6
-1.372, 1.312e-6
-1.371, 1.248e-6
-1.370, 1.235e-6
-1.369, 1.221e-6
-1.368, 1.150e-6
-1.367, 1.131e-6
-1.366, 1.098e-6
-1.365, 1.072e-6
-1.364, 1.056e-6
-1.363, 1.033e-6
-1.362, 1.001e-6
-1.361, 9.479e-7
-1.360, 8.966e-7
-1.359, 8.749e-7
-1.358, 8.621e-7
-1.357, 8.266e-7
-1.356, 7.822e-7
-1.355, 7.447e-7
-1.354, 7.417e-7
-1.353, 6.973e-7
-1.352, 6.924e-7
-1.351, 6.638e-7
-1.350, 6.214e-7
-1.349, 5.819e-7
-1.348, 5.730e-7
-1.347, 5.622e-7
-1.346, 5.188e-7
-1.345, 5.247e-7
-1.344, 4.694e-7
-1.343, 4.586e-7
-1.342, 4.319e-7
-1.341, 4.053e-7
-1.340, 4.033e-7
-1.339, 3.619e-7
-1.338, 3.451e-7
-1.337, 3.224e-7
-1.336, 2.869e-7
-1.335, 2.968e-7
-1.334, 2.455e-7
-1.333, 2.474e-7
-1.332, 2.395e-7
-1.331, 2.030e-7
-1.330, 1.813e-7
-1.329, 1.508e-7
-1.328, 1.498e-7
-1.327, 1.162e-7
-1.326, 1.004e-7
-1.325, 7.577e-8
-1.324, 8.860e-8
-1.323, 6.196e-8
-1.322, 5.703e-8
-1.321, 3.137e-8
-1.320, 3.039e-8
-1.319, 1.460e-8
-1.318, -2.585e-8
-1.317, -4.854e-8
-1.316, -8.800e-8
-1.315, -7.123e-8
-1.314, -7.419e-8
-1.313, -9.195e-8
-1.312, -1.137e-7
-1.311, -1.127e-7
-1.310, -1.344e-7
-1.309, -1.600e-7
-1.308, -1.482e-7
-1.307, -1.867e-7
-1.306, -1.758e-7
-1.305, -2.034e-7
-1.304, -2.153e-7
-1.303, -2.251e-7
-1.302, -2.557e-7
-1.301, -2.587e-7
-1.300, -2.646e-7
-1.299, -2.567e-7
-1.298, -2.755e-7
-1.297, -2.903e-7
-1.296, -3.149e-7
-1.295, -3.149e-7
-1.294, -3.356e-7
-1.293, -3.613e-7
-1.292, -3.504e-7
-1.291, -3.603e-7
-1.290, -3.781e-7
-1.289, -3.919e-7
-1.288, -3.988e-7
-1.287, -4.008e-7
-1.286, -4.481e-7
-1.285, -4.215e-7
-1.284, -4.313e-7
-1.283, -4.452e-7
-1.282, -4.323e-7
-1.281, -4.609e-7
-1.280, -4.915e-7
-1.279, -4.698e-7
-1.278, -4.738e-7
-1.277, -5.142e-7
-1.276, -5.300e-7
-1.275, -5.182e-7
-1.274, -5.083e-7
-1.273, -5.409e-7
-1.272, -5.458e-7
-1.271, -5.566e-7
-1.270, -5.695e-7
-1.269, -5.566e-7
-1.268, -5.744e-7
-1.267, -5.754e-7
-1.266, -5.902e-7
-1.265, -5.852e-7
-1.264, -6.109e-7
-1.263, -6.247e-7
-1.262, -6.070e-7
-1.261, -6.178e-7
-1.260, -6.306e-7
-1.259, -6.247e-7
-1.258, -6.415e-7
-1.257, -6.435e-7
-1.256, -6.652e-7
-1.255, -6.523e-7
-1.254, -6.780e-7
-1.253, -6.750e-7
-1.252, -6.859e-7
-1.251, -7.056e-7
-1.250, -6.918e-7
-1.249, -7.165e-7
-1.248, -7.105e-7
-1.247, -7.194e-7
-1.246, -7.323e-7
-1.245, -7.431e-7
-1.244, -7.500e-7
-1.243, -7.441e-7
-1.242, -7.678e-7
-1.241, -7.500e-7
-1.240, -7.461e-7
-1.239, -7.638e-7
-1.238, -7.747e-7
-1.237, -7.836e-7
-1.236, -7.658e-7
-1.235, -7.845e-7
-1.234, -7.984e-7
-1.233, -7.924e-7
-1.232, -8.082e-7
-1.231, -8.171e-7
-1.230, -8.112e-7
-1.229, -8.378e-7
-1.228, -8.526e-7
-1.227, -8.487e-7
-1.226, -8.467e-7
-1.225, -8.645e-7
-1.224, -8.664e-7
-1.223, -8.645e-7
-1.222, -8.575e-7
-1.221, -8.694e-7
-1.220, -8.822e-7
-1.219, -8.832e-7
-1.218, -8.852e-7
-1.217, -8.822e-7
-1.216, -9.118e-7
-1.215, -9.069e-7
-1.214, -9.000e-7
-1.213, -8.931e-7
-1.212, -8.980e-7
-1.211, -9.276e-7
-1.210, -9.315e-7
-1.209, -9.404e-7
-1.208, -9.483e-7
-1.207, -9.177e-7
-1.206, -9.454e-7
-1.205, -9.345e-7
-1.204, -9.394e-7
-1.203, -9.582e-7
-1.202, -9.444e-7
-1.201, -9.592e-7
-1.200, -9.651e-7
-1.199, -9.759e-7
-1.198, -9.858e-7
-1.197, -9.789e-7
-1.196, -9.868e-7
-1.195, -9.720e-7
-1.194, -9.947e-7
-1.193, -9.878e-7
-1.192, -9.986e-7
-1.191, -1.005e-6
-1.190, -1.016e-6
-1.189, -9.976e-7
-1.188, -1.019e-6
-1.187, -1.020e-6
-1.186, -1.028e-6
-1.185, -1.019e-6
-1.184, -1.034e-6
-1.183, -1.039e-6
-1.182, -1.054e-6
-1.181, -1.047e-6
-1.180, -1.036e-6
-1.179, -1.059e-6
-1.178, -1.061e-6
-1.177, -1.071e-6
-1.176, -1.087e-6
-1.175, -1.073e-6
-1.174, -1.086e-6
-1.173, -1.071e-6
-1.172, -1.082e-6
-1.171, -1.074e-6
-1.170, -1.085e-6
-1.169, -1.109e-6
-1.168, -1.099e-6
-1.167, -1.101e-6
-1.166, -1.108e-6
-1.165, -1.100e-6
-1.164, -1.127e-6
-1.163, -1.127e-6
-1.162, -1.124e-6
-1.161, -1.110e-6
-1.160, -1.152e-6
-1.159, -1.155e-6
-1.158, -1.134e-6
-1.157, -1.152e-6
-1.156, -1.152e-6
-1.155, -1.146e-6
-1.154, -1.158e-6
-1.153, -1.159e-6
-1.152, -1.176e-6
-1.151, -1.179e-6
-1.150, -1.184e-6
-1.149, -1.176e-6
-1.148, -1.198e-6
-1.147, -1.193e-6
-1.146, -1.178e-6
-1.145, -1.193e-6
-1.144, -1.192e-6
-1.143, -1.206e-6
-1.142, -1.206e-6
-1.141, -1.218e-6
-1.140, -1.218e-6
-1.139, -1.226e-6
-1.138, -1.225e-6
-1.137, -1.241e-6
-1.136, -1.230e-6
-1.135, -1.255e-6
-1.134, -1.251e-6
-1.133, -1.259e-6
-1.132, -1.268e-6
-1.131, -1.274e-6
-1.130, -1.271e-6
-1.129, -1.263e-6
-1.128, -1.285e-6
-1.127, -1.266e-6
-1.126, -1.313e-6
-1.125, -1.296e-6
-1.124, -1.299e-6
-1.123, -1.316e-6
-1.122, -1.297e-6
-1.121, -1.330e-6
-1.120, -1.322e-6
-1.119, -1.344e-6
-1.118, -1.332e-6
-1.117, -1.335e-6
-1.116, -1.342e-6
-1.115, -1.350e-6
-1.114, -1.355e-6
-1.113, -1.367e-6
-1.112, -1.358e-6
-1.111, -1.368e-6
-1.110, -1.371e-6
-1.109, -1.378e-6
-1.108, -1.380e-6
-1.107, -1.388e-6
-1.106, -1.402e-6
-1.105, -1.411e-6
-1.104, -1.425e-6
-1.103, -1.414e-6
-1.102, -1.418e-6
-1.101, -1.433e-6
-1.100, -1.440e-6
-1.099, -1.454e-6
-1.098, -1.460e-6
-1.097, -1.442e-6
-1.096, -1.461e-6
-1.095, -1.470e-6
-1.094, -1.484e-6
-1.093, -1.488e-6
-1.092, -1.502e-6
-1.091, -1.509e-6
-1.090, -1.505e-6
-1.089, -1.517e-6
-1.088, -1.507e-6
-1.087, -1.515e-6
-1.086, -1.524e-6
-1.085, -1.539e-6
-1.084, -1.543e-6
-1.083, -1.542e-6
-1.082, -1.556e-6
-1.081, -1.583e-6
-1.080, -1.562e-6
-1.079, -1.581e-6
-1.078, -1.576e-6
-1.077, -1.598e-6
-1.076, -1.608e-6
-1.075, -1.633e-6
-1.074, -1.605e-6
-1.073, -1.619e-6
-1.072, -1.636e-6
-1.071, -1.643e-6
-1.070, -1.661e-6
-1.069, -1.648e-6
-1.068, -1.663e-6
-1.067, -1.671e-6
-1.066, -1.677e-6
-1.065, -1.682e-6
-1.064, -1.709e-6
-1.063, -1.687e-6
-1.062, -1.711e-6
-1.061, -1.736e-6
-1.060, -1.735e-6
-1.059, -1.733e-6
-1.058, -1.734e-6
-1.057, -1.753e-6
-1.056, -1.765e-6
-1.055, -1.784e-6
-1.054, -1.786e-6
-1.053, -1.793e-6
-1.052, -1.777e-6
-1.051, -1.803e-6
-1.050, -1.805e-6
-1.049, -1.825e-6
-1.048, -1.836e-6
-1.047, -1.848e-6
-1.046, -1.833e-6
-1.045, -1.859e-6
-1.044, -1.868e-6
-1.043, -1.870e-6
-1.042, -1.874e-6
-1.041, -1.871e-6
-1.040, -1.888e-6
-1.039, -1.885e-6
-1.038, -1.900e-6
-1.037, -1.920e-6
-1.036, -1.929e-6
-1.035, -1.924e-6
-1.034, -1.940e-6
-1.033, -1.961e-6
-1.032, -1.951e-6
-1.031, -1.958e-6
-1.030, -1.970e-6
-1.029, -1.954e-6
-1.028, -1.991e-6
-1.027, -1.992e-6
-1.026, -1.983e-6
-1.025, -2.004e-6
-1.024, -2.025e-6
-1.023, -2.032e-6
-1.022, -2.022e-6
-1.021, -2.039e-6
-1.020, -2.059e-6
-1.019, -2.045e-6
-1.018, -2.071e-6
-1.017, -2.053e-6
-1.016, -2.083e-6
-1.015, -2.091e-6
-1.014, -2.101e-6
-1.013, -2.111e-6
-1.012, -2.084e-6
-1.011, -2.117e-6
-1.010, -2.126e-6
-1.009, -2.116e-6
-1.008, -2.136e-6
-1.007, -2.122e-6
-1.006, -2.150e-6
-1.005, -2.146e-6
-1.004, -2.151e-6
-1.003, -2.172e-6
-1.002, -2.164e-6
-1.001, -2.186e-6
