Potential V vs RHE, Current mA cm-2
0.013299999999999867,0.03198662248994848
0.012299999999999978,0.029341112359200863
0.011299999999999866,0.028082019302320977
0.010299999999999976,0.027530281895373616
0.009299999999999864,0.027105868505414105
0.008299999999999974,0.024587682391654337
0.007299999999999862,0.025846775448534223
0.006299999999999972,0.024870624651627343
0.00529999999999986,0.025705304318547718
0.0042999999999999705,0.022366585650866227
0.0032999999999998586,0.02417741611469348
0.0022999999999999687,0.024035944984706972
0.0012999999999998568,0.022635380797840585
0.00029999999999996696,0.02389447385472047
-0.000700000000000145,0.021107492593986348
-0.0017000000000000348,0.022225114520879725
-0.0027000000000001467,0.021800701130920214
-0.0037000000000000366,0.0232012653177866
-0.0047000000000001485,0.020824550334013342
-0.005700000000000038,0.02124896372397285
-0.00670000000000015,0.020131341797079472
-0.00770000000000004,0.021517758870947205
-0.008700000000000152,0.020272812927065977
-0.009700000000000042,0.020131341797079472
-0.010700000000000154,0.017613155683319705
-0.011700000000000044,0.019013719870186095
-0.012700000000000156,0.01970692840711996
-0.013700000000000045,0.01858930648022658
-0.014700000000000157,0.018447835350240076
-0.015700000000000047,0.017471684553333203
-0.01670000000000016,0.016495533756426328
-0.01770000000000005,0.01706141827637234
-0.01870000000000016,0.017896097943292714
-0.01970000000000005,0.016354062626439823
-0.020700000000000163,0.015660854089505957
-0.021700000000000053,0.01580232521949246
-0.022700000000000164,0.014684703292599082
-0.023700000000000054,0.015377911829532949
-0.024700000000000166,0.015519382959519455
-0.025700000000000056,0.014401761032626074
-0.026700000000000168,0.015660854089505957
-0.027700000000000058,0.01608526747946547
-0.02870000000000017,0.015519382959519455
-0.02970000000000006,0.01691994714638584
-0.03070000000000017,0.01426028990263957
-0.03170000000000006,0.015236440699546445
-0.03270000000000017,0.013705723073092474
-0.03370000000000006,0.01509496956955994
-0.034700000000000175,0.014543232162612576
-0.035700000000000065,0.01426028990263957
-0.03670000000000018,0.012868213983572373
-0.03770000000000007,0.0127295722761856
-0.03870000000000018,0.01426028990263957
-0.03970000000000007,0.013845779491779115
-0.04070000000000018,0.012030704894052273
-0.04170000000000007,0.012449459438812323
-0.04270000000000018,0.013008270402259013
-0.04370000000000007,0.013427024947019063
-0.044700000000000184,0.013008270402259013
-0.045700000000000074,0.012170761312738912
-0.046700000000000186,0.010635799552385347
-0.047700000000000076,0.012310817731425549
-0.04870000000000019,0.011473308641905449
-0.04970000000000008,0.011892063186665499
-0.05070000000000019,0.009519592336791833
-0.05170000000000008,0.010914497678458758
-0.05270000000000019,0.010775855971071984
-0.05370000000000008,0.010635799552385347
-0.05470000000000019,0.011193195804532171
-0.05570000000000008,0.009519592336791833
-0.056700000000000195,0.011193195804532171
-0.057700000000000085,0.012310817731425549
-0.058700000000000196,0.008401970409898454
-0.059700000000000086,0.008960781373345144
-0.0607000000000002,0.009100837792031781
-0.06170000000000009,0.009100837792031781
-0.0627000000000002,0.009798290462865246
-0.06370000000000009,0.00854202682858509
-0.0647000000000002,0.010357101426311934
-0.06570000000000009,0.009379535918105194
-0.0667000000000002,0.0071457067756183
-0.0677000000000001,0.0071457067756183
-0.0687000000000002,0.008682083247271731
-0.0697000000000001,0.00812327228382504
-0.07070000000000021,0.007007065068231527
-0.0717000000000001,0.007983215865138404
-0.07270000000000021,0.00854202682858509
-0.0737000000000001,0.009798290462865246
-0.07470000000000021,0.009100837792031781
-0.0757000000000001,0.00672695223085825
-0.07670000000000021,0.0071457067756183
-0.0777000000000001,0.0071457067756183
-0.07870000000000021,0.0071457067756183
-0.0797000000000001,0.00770451773906499
-0.08070000000000022,0.0061695559787114254
-0.0817000000000001,0.007983215865138404
-0.08270000000000022,0.00770451773906499
-0.08370000000000011,0.00826332870251168
-0.08470000000000022,0.00672695223085825
-0.08570000000000011,0.0071457067756183
-0.08670000000000022,0.006867008649544888
-0.08770000000000011,0.005750801433951375
-0.08870000000000022,0.004913292344431272
-0.08970000000000011,0.007425819612991578
-0.09070000000000022,0.005750801433951375
-0.09170000000000011,0.006308197686098199
-0.09270000000000023,0.005610745015264736
-0.09370000000000012,0.0061695559787114254
-0.09470000000000023,0.005750801433951375
-0.09570000000000012,0.005191990470504684
-0.09670000000000023,0.005332046889191323
-0.09770000000000012,0.005332046889191323
-0.09870000000000023,0.0071457067756183
-0.09970000000000012,0.006308197686098199
-0.10070000000000023,0.003797085128837758
-0.10170000000000012,0.003935726836224532
-0.10270000000000024,0.005610745015264736
-0.10370000000000013,0.0036570287101511194
-0.10470000000000024,0.0047732359257446335
-0.10570000000000013,0.002819519620631018
-0.10670000000000024,0.0036570287101511194
-0.10770000000000013,0.004215839673597809
-0.10870000000000024,0.004354481380984583
-0.10970000000000013,0.004075783254911171
-0.11070000000000024,0.003797085128837758
-0.11170000000000013,0.004354481380984583
-0.11270000000000002,0.002679463201944379
-0.11370000000000013,0.0019820105311109163
-0.11470000000000002,0.003516972291464481
-0.11570000000000014,0.002400765075870967
-0.11670000000000003,0.0019820105311109163
-0.11770000000000014,0.0022607086571843284
-0.11870000000000003,0.002959576039317657
-0.11970000000000014,0.0030982177467044304
-0.12070000000000003,0.001423199567664227
-0.12170000000000014,0.002400765075870967
-0.12270000000000003,0.004215839673597809
-0.12370000000000014,0.003516972291464481
-0.12470000000000003,0.0033783305840777073
-0.12570000000000014,0.0018419541124242776
-0.12670000000000003,0.0018419541124242776
-0.12770000000000015,0.003516972291464481
-0.12870000000000004,0.001423199567664227
-0.12970000000000015,0.0010048694362941356
-0.13070000000000004,0.0015632559863508655
-0.13170000000000015,0.002679463201944379
-0.13270000000000004,0.0015632559863508655
-0.13370000000000015,0.001423199567664227
-0.13470000000000004,0.0022607086571843284
-0.13570000000000015,0.0005862563626640711
-0.13670000000000004,0.0005862563626640711
-0.13770000000000016,0.0019820105311109163
-0.13870000000000005,0.00016750181790402036
-0.13970000000000016,0.0008653789021274429
-0.14070000000000005,0.0011445014415908147
-0.14170000000000016,0.0019820105311109163
-0.14270000000000005,0.001423199567664227
-0.14370000000000016,0.001423199567664227
-0.14470000000000005,0.00030713382320069946
-0.14570000000000016,-0.0013678843558395041
-0.14670000000000005,0.001423199567664227
-0.14770000000000016,0.0008653789021274429
-0.14870000000000005,-0.0003907432610227231
-0.14970000000000017,0.0012841334468874936
-0.15070000000000006,-0.00025125272685603054
-0.15170000000000017,-0.0003907432610227231
-0.15270000000000006,-0.0017867803717295414
-0.15370000000000017,0.00016750181790402036
-0.15470000000000006,0.00016750181790402036
-0.15570000000000017,-0.0020654784978029537
-0.15670000000000006,-0.0013678843558395041
-0.15770000000000017,-0.0015080822456561291
-0.15870000000000006,-0.0017867803717295414
-0.15970000000000018,-0.000809497805782774
-0.16070000000000007,-0.0016467239530429027
-0.16170000000000018,-0.002205534916489592
-0.16270000000000007,-0.0006700072716160814
-0.16370000000000018,-0.0010886203452461457
-0.16470000000000007,-0.0019268367904161797
-0.16570000000000018,-0.0027629311686364166
-0.16670000000000007,-0.0026242894612496428
-0.16770000000000018,-0.0019268367904161797
-0.16870000000000007,-0.0016467239530429027
-0.16970000000000018,-0.0027629311686364166
-0.17070000000000007,-0.0016467239530429027
-0.17170000000000019,-0.0033217421320831065
-0.17270000000000008,-0.0034617985507697452
-0.1737000000000002,-0.0036004402581565186
-0.17470000000000008,-0.0016467239530429027
-0.1757000000000002,-0.0029029875873230553
-0.17670000000000008,-0.0023441766238763663
-0.1777000000000002,-0.004299307640289847
-0.17870000000000008,-0.005136816729809948
-0.1797000000000002,-0.004718062185049898
-0.18070000000000008,-0.006393080364090101
-0.1817000000000002,-0.005136816729809948
-0.18270000000000008,-0.0054155148558833605
-0.1837000000000002,-0.0054155148558833605
-0.1847000000000001,-0.004159251221603208
-0.1857000000000002,-0.004578005766363259
-0.1867000000000001,-0.00443794934767662
-0.1877000000000002,-0.005136816729809948
-0.1887000000000001,-0.004159251221603208
-0.1897000000000002,-0.00597432581933005
-0.1907000000000001,-0.006253023945403462
-0.1917000000000001,-0.004159251221603208
-0.19269999999999998,-0.004159251221603208
-0.1937000000000001,-0.00597432581933005
-0.19469999999999998,-0.00443794934767662
-0.1957000000000001,-0.005275458437196722
-0.19669999999999999,-0.005555571274569999
-0.1977000000000001,-0.004718062185049898
-0.1987,-0.00597432581933005
-0.1997000000000001,-0.005834269400643411
-0.2007,-0.006950476616236925
-0.2017000000000001,-0.005275458437196722
-0.2027,-0.005555571274569999
-0.2037000000000001,-0.007649343998370253
-0.2047,-0.008068098543130304
-0.2057000000000001,-0.007230589453610202
-0.2067,-0.007230589453610202
-0.2077000000000001,-0.006112967526716823
-0.2087,-0.007509287579683614
-0.2097000000000001,-0.007369231160996976
-0.2107,-0.008068098543130304
-0.2117000000000001,-0.0077879857057570265
-0.2127,-0.007649343998370253
-0.2137000000000001,-0.0077879857057570265
-0.2147,-0.01002181484824392
-0.2157000000000001,-0.011278078482524071
-0.2167,-0.01085932393776402
-0.21770000000000012,-0.01044056939300397
-0.2187,-0.009603060303483868
-0.21970000000000012,-0.010160456555630692
-0.2207,-0.010160456555630692
-0.22170000000000012,-0.011835474734670897
-0.2227,-0.010719267519077383
-0.22370000000000012,-0.011138022063837433
-0.2247,-0.012394285698117586
-0.22570000000000012,-0.011975531153357534
-0.2267,-0.013091738368951049
-0.22770000000000012,-0.011835474734670897
-0.22870000000000001,-0.012672983824190999
-0.22970000000000013,-0.012394285698117586
-0.23070000000000002,-0.0135104929137111
-0.23170000000000013,-0.012672983824190999
-0.23270000000000002,-0.012813040242877636
-0.23370000000000013,-0.01365054933239774
-0.23470000000000002,-0.011696833027284121
-0.23570000000000013,-0.012813040242877636
-0.23670000000000002,-0.0135104929137111
-0.2376999999999999,-0.012534342116804225
-0.23870000000000002,-0.0135104929137111
-0.2396999999999999,-0.012394285698117586
-0.24070000000000003,-0.01615600304445872
-0.24169999999999991,-0.014769585970590984
-0.24270000000000003,-0.01615600304445872
-0.24369999999999992,-0.014769585970590984
-0.24470000000000003,-0.014628114840604478
-0.24569999999999992,-0.015745736767497857
-0.24670000000000003,-0.017146300954364244
-0.24769999999999992,-0.016863358694391237
-0.24870000000000003,-0.017004829824377742
-0.24969999999999992,-0.017146300954364244
-0.25070000000000003,-0.017273624971352097
-0.2516999999999999,-0.01658041643441823
-0.25270000000000004,-0.01588720789748436
-0.2536999999999999,-0.017556567231325104
-0.25470000000000004,-0.01769803836131161
-0.2556999999999999,-0.020626490752032236
-0.25670000000000004,-0.017556567231325104
-0.25769999999999993,-0.019240073678164497
-0.25870000000000004,-0.02007475334508487
-0.25969999999999993,-0.017980980621284618
-0.26070000000000004,-0.020216224475071376
-0.26169999999999993,-0.020626490752032236
-0.26270000000000004,-0.019367397695152354
-0.26369999999999993,-0.021461170418952607
-0.26470000000000005,-0.02119237527197825
-0.26569999999999994,-0.021602641548939108
-0.26670000000000005,-0.024814036199632745
-0.26769999999999994,-0.0230032057358055
-0.26870000000000005,-0.022861734605818994
-0.26969999999999994,-0.0230032057358055
-0.27070000000000005,-0.023427619125765006
-0.27169999999999994,-0.02509697845960575
-0.27270000000000005,-0.02426229879268538
-0.27369999999999994,-0.024814036199632745
-0.27470000000000006,-0.02467256506964624
-0.27569999999999995,-0.027049280053419503
-0.27670000000000006,-0.026907808923433
-0.27769999999999995,-0.025238449589592253
-0.27870000000000006,-0.02467256506964624
-0.27969999999999995,-0.027473693443379014
-0.28070000000000006,-0.028308373110299385
-0.28169999999999995,-0.028591315370272388
-0.28270000000000006,-0.027601017460366868
-0.28369999999999995,-0.027332222313392506
-0.28470000000000006,-0.029001581647233248
-0.28569999999999995,-0.03011920357412663
-0.28670000000000007,-0.02788395972033987
-0.28769999999999996,-0.03040214583409964
-0.28870000000000007,-0.031095354371033508
-0.28969999999999996,-0.029977732444140127
-0.29070000000000007,-0.03193003403795388
-0.29169999999999996,-0.031788562907967374
-0.29270000000000007,-0.031095354371033508
-0.29369999999999996,-0.03193003403795388
-0.2947000000000001,-0.031788562907967374
-0.29569999999999996,-0.03542437094862052
-0.2967000000000001,-0.03361354048479327
-0.29769999999999996,-0.03570731320859352
-0.2987000000000001,-0.0365419928755139
-0.29969999999999997,-0.0366834640055004
-0.3007000000000001,-0.037235201412447766
-0.30169999999999997,-0.035282899818634014
-0.3027000000000001,-0.0365419928755139
-0.30369999999999997,-0.037518143672420776
-0.3047000000000001,-0.03709373028246127
-0.30569999999999997,-0.04087100945310092
-0.3067000000000001,-0.039611916396221025
-0.3077,-0.03806988107936814
-0.3087000000000001,-0.04058806719312791
-0.3097,-0.039611916396221025
-0.3107000000000001,-0.04268183991692816
-0.3117,-0.041012480583087416
-0.3127000000000001,-0.04296478217690116
-0.3137,-0.041988631379994285
-0.3147000000000001,-0.044223875233781046
-0.3157,-0.04603470569760829
-0.3167000000000001,-0.04337504845386203
-0.3177,-0.045327350047675775
-0.3187000000000001,-0.048269949551395054
-0.3197,-0.04812847842140855
-0.3207000000000001,-0.04910462921831542
-0.3217,-0.04896315808832892
-0.3227000000000001,-0.0502222511452088
-0.3237,-0.05119840194211568
-0.3247000000000001,-0.05175013934906304
-0.3257,-0.05245749499899556
-0.3267000000000001,-0.053702440942876795
-0.3277,-0.05245749499899556
-0.3287000000000001,-0.053702440942876795
-0.3297,-0.05496153399975667
-0.3307000000000001,-0.056645040446596066
-0.3317,-0.055668889649689184
-0.3327000000000001,-0.05705530672355694
-0.3337,-0.056645040446596066
-0.3347000000000001,-0.05929055057734369
-0.3357,-0.059149079447357186
-0.3367000000000001,-0.05873881317039633
-0.3377,-0.06054964363422357
-0.3387000000000001,-0.06124285217115744
-0.3397,-0.060959909911184426
-0.3407000000000001,-0.06417130456187807
-0.3417,-0.0636195671549307
-0.3427000000000001,-0.0637610382849172
-0.3437,-0.06571333987873097
-0.3447000000000001,-0.06683096180562433
-0.3457,-0.0675241703425582
-0.3467000000000001,-0.06947647193637195
-0.3477,-0.06892473452942459
-0.3487000000000001,-0.06892473452942459
-0.3497,-0.0717117157901587
-0.3507000000000001,-0.07087703612323834
-0.3517,-0.07227760031010473
-0.3527000000000001,-0.07422990190391847
-0.3537,-0.07437137303390498
-0.3547000000000001,-0.07464016818087933
-0.3557,-0.0767339409046796
-0.35670000000000013,-0.07855891848150548
-0.3577,-0.07756862057159995
-0.35870000000000013,-0.07953506927841236
-0.3597,-0.08218057940915997
-0.36070000000000013,-0.08232205053914649
-0.3617,-0.08329820133605337
-0.3626999999999999,-0.08484023665290626
-0.3637,-0.08455729439293323
-0.3646999999999999,-0.086509595986747
-0.3657,-0.08832042645057424
-0.3666999999999999,-0.08915510611749461
-0.3677,-0.08622665372677399
-0.3686999999999999,-0.09098008369432051
-0.36970000000000003,-0.09195623449122738
-0.3706999999999999,-0.09557789541888188
-0.37170000000000003,-0.09320118043510862
-0.3726999999999999,-0.09711993073573477
-0.37370000000000003,-0.09753019701269564
-0.3746999999999999,-0.09683698847576175
-0.37570000000000003,-0.09907223232954852
-0.3766999999999999,-0.09795461040265514
-0.37770000000000004,-0.10157627133030964
-0.3786999999999999,-0.10185921359028265
-0.37970000000000004,-0.10130747618333527
-0.3806999999999999,-0.10604675903788315
-0.38170000000000004,-0.10632970129785616
-0.38269999999999993,-0.1079990606316969
-0.38370000000000004,-0.10702290983479003
-0.38469999999999993,-0.10911668255859029
-0.38570000000000004,-0.11372864139615031
-0.38669999999999993,-0.1133042280061908
-0.38770000000000004,-0.11484626332304368
-0.38869999999999993,-0.11539800072999104
-0.38970000000000005,-0.11637415152689792
-0.39069999999999994,-0.11986848843756456
-0.39170000000000005,-0.11930260391761856
-0.39269999999999994,-0.1219622611613648
-0.39370000000000005,-0.12084463923447143
-0.39469999999999994,-0.1219622611613648
-0.39570000000000005,-0.1271259574058722
-0.39669999999999994,-0.12545659807203147
-0.39770000000000005,-0.12419750501515157
-0.39869999999999994,-0.12921973012967244
-0.39970000000000006,-0.1307476183335267
-0.40069999999999995,-0.1350766349111137
-0.40170000000000006,-0.13354874670725947
-0.40269999999999995,-0.1355010483010732
-0.40370000000000006,-0.1367601413579531
-0.40469999999999995,-0.13745334989488697
-0.40570000000000006,-0.14038180228560757
-0.40669999999999995,-0.13983006487866023
-0.40770000000000006,-0.1428858412863687
-0.40869999999999995,-0.14755438857592332
-0.40970000000000006,-0.1506667534356264
-0.41069999999999995,-0.15307176264539696
-0.41170000000000007,-0.15278882038542396
-0.41269999999999996,-0.15618412750510002
-0.41370000000000007,-0.15915502123481662
-0.41469999999999996,-0.16141855931460067
-0.41570000000000007,-0.16509680869424978
-0.41669999999999996,-0.16509680869424978
-0.41770000000000007,-0.16820917355395287
-0.41869999999999996,-0.16721887564404736
-0.4197000000000001,-0.17033124050375043
-0.42069999999999996,-0.17655597022315658
-0.4217000000000001,-0.17528273005327805
-0.42269999999999996,-0.17896097943292713
-0.4237000000000001,-0.17556567231325104
-0.42469999999999997,-0.17570714344323757
-0.4257000000000001,-0.18207334429263022
-0.42669999999999997,-0.18278069994256274
-0.4277000000000001,-0.18292217107254924
-0.42869999999999997,-0.18759071836210386
-0.4297000000000001,-0.192117794521672
-0.43069999999999997,-0.19565457277133455
-0.4317000000000001,-0.19508868825138856
-0.4327,-0.19834252424107812
-0.4337000000000001,-0.20258665814067325
-0.4347,-0.20711373430024138
-0.4357000000000001,-0.21036757028993097
-0.4367,-0.211782281589796
-0.4377000000000001,-0.21404581966958006
-0.4387,-0.21659230000933713
-0.4397000000000001,-0.2202705493889862
-0.4407,-0.22267555859875673
-0.4417000000000001,-0.2195631937390537
-0.4427,-0.22083643390893223
-0.4437000000000001,-0.22776851927827088
-0.4447,-0.2267782213683654
-0.4457000000000001,-0.23045647074801448
-0.4467,-0.23286147995778506
-0.4477000000000001,-0.2365397293374341
-0.4487,-0.24035944984706975
-0.4497000000000001,-0.24446211261667833
-0.4507,-0.24757447747638137
-0.4517000000000001,-0.25012095781613847
-0.4527,-0.2547895051056931
-0.4537000000000001,-0.2571945143154637
-0.4547,-0.2583262833553557
-0.4557000000000001,-0.2634192440348699
-0.4567,-0.2661071955046134
-0.4577000000000001,-0.26780484906445146
-0.4587,-0.27120015618412757
-0.4597000000000001,-0.27530281895373615
-0.4607,-0.28308373110299384
-0.4617000000000001,-0.28775227839254847
-0.4627,-0.2929867102020491
-0.4637000000000001,-0.29680643071168467
-0.4647,-0.29284523907206256
-0.4657000000000001,-0.29793819975157676
-0.4667,-0.30006026670137426
-0.4677000000000001,-0.3035970449510369
-0.4687,-0.30883147676053746
-0.4697000000000001,-0.31378296631006514
-0.4707,-0.32411035879907985
-0.4717000000000001,-0.328637434958648
-0.4727,-0.3342962801581082
-0.4737000000000001,-0.33839894292771683
-0.4747,-0.3423601345673389
-0.4757000000000001,-0.34759456637683955
-0.4767,-0.346604268466934
-0.4777000000000001,-0.3467457395969205
-0.4787,-0.34363337473721745
-0.4797000000000001,-0.34900927767670453
-0.4807,-0.35311194044631317
-0.48170000000000013,-0.3584878433858003
-0.4827,-0.36343933293532793
-0.48370000000000013,-0.3689567070048016
-0.4847,-0.3747570233342482
-0.48570000000000013,-0.37942557062380283
-0.4867,-0.3809817530536544
-0.4876999999999999,-0.387347953903047
-0.4887,-0.3920165011926017
-0.4896999999999999,-0.40008035560183236
-0.4907,-0.40998333470088766
-0.4916999999999999,-0.4106906903508202
-0.4927,-0.41847160250007787
-0.4936999999999999,-0.423564563179592
-0.49470000000000003,-0.4296478217690116
-0.4956999999999999,-0.4313454753288497
-0.49670000000000003,-0.43686284939832337
-0.4976999999999999,-0.443794934767662
-0.49870000000000003,-0.45808351889629884
-0.4996999999999999,-0.46699620008544857
-0.5007,-0.4685523825153001
-0.5016999999999999,-0.47223063189494924
-0.5027,-0.4753429967546523
-0.5036999999999999,-0.4744941699747333
-0.5047,-0.47378681432480074
-0.5056999999999999,-0.480577428564153
-0.5067,-0.48552891811368054
-0.5076999999999999,-0.48949010975330265
-0.5087,-0.49741249303254687
-0.5096999999999999,-0.503637222751953
-0.5107,-0.5122669616811297
-0.5116999999999999,-0.5244334788599692
-0.5127,-0.5291020261495237
-0.5136999999999999,-0.5286776127595643
-0.5147,-0.5356096981289029
-0.5156999999999999,-0.5439564947981066
-0.5167,-0.5503226956474992
-0.5176999999999999,-0.5549912429370539
-0.5187,-0.5653186354260686
-0.5196999999999999,-0.5755045567850969
-0.5207,-0.5930469769034233
-0.5216999999999999,-0.6039402539123842
-0.5227,-0.6004034756627216
-0.5236999999999999,-0.6070526187720873
-0.5247,-0.6111552815416958
-0.5257,-0.6138432330114394
-0.5267000000000001,-0.6209167895107646
-0.5277,-0.6265756347102247
-0.5287000000000001,-0.6391665652790235
-0.5297,-0.658123696697215
-0.5307000000000001,-0.6646313686765942
-0.5317,-0.6613775326869047
-0.5327000000000001,-0.6739684632557035
-0.5337,-0.6852861536546238
-0.5347000000000001,-0.694623248233733
-0.5357,-0.7029700449029368
-0.5367000000000001,-0.7138633219118975
-0.5377,-0.711175370442154
-0.5387000000000001,-0.7258883679607504
-0.5397,-0.7353669336698461
-0.5407000000000001,-0.7478163931086583
-0.5417,-0.7478163931086583
-0.5427000000000001,-0.7558802475178891
-0.5437,-0.7671979379168093
-0.5447000000000001,-0.7872868383748929
-0.5457,-0.8048292584932193
-0.5467000000000001,-0.8121857572525175
-0.5477,-0.8185519581019103
-0.5487000000000001,-0.8172787179320317
-0.5497,-0.8290208217209115
-0.5507000000000001,-0.8435923481095214
-0.5517,-0.8581638744981313
-0.5527000000000001,-0.8587297590180772
-0.5537,-0.8629738929176723
-0.5547000000000001,-0.884194562415648
-0.5557,-0.9066884720835021
-0.5567000000000001,-0.9284750261014234
-0.5577,-0.9395097742403707
-0.5587000000000001,-0.9308800353111941
-0.5597,-0.943753908139966
-0.5607000000000001,-0.9559204253188053
-0.5617,-0.9693601826675232
-0.5627000000000001,-0.9985032354447428
-0.5637,-1.0103868103636091
-0.5647000000000001,-1.0154797710431231
-0.5657,-1.0253827501421786
-0.5667000000000001,-1.0328807200314631
-0.5677,-1.0583455234290338
-0.5687000000000001,-1.0761708858073333
-0.5697,-1.064287310888467
-0.5707000000000001,-1.0859323937764023
-0.5717,-1.1071530632743778
-0.5727000000000001,-1.116490157853487
-0.5737,-1.138135240741422
-0.5747000000000001,-1.1433696725509228
-0.5757,-1.1495944022703288
-0.5767000000000001,-1.1761909747077914
-0.5777,-1.201655778105362
-0.5787000000000001,-1.2207543806535404
-0.5797,-1.2371650317319747
-0.5807000000000001,-1.2380138585118936
-0.5817,-1.2542830384603414
-0.5827000000000001,-1.2776257749081146
-0.5837,-1.316813277914376
-0.5847000000000001,-1.326574785883445
-0.5857,-1.3166718067843897
-0.5867000000000001,-1.328838323963229
-0.5877,-1.3552934252707052
-0.5887000000000001,-1.3885391408175334
-0.5897,-1.4359319693630124
-0.5907000000000001,-1.421784856364362
-0.5917,-1.4401761032626073
-0.5927000000000001,-1.4925204213576138
-0.5937,-1.5179852247551844
-0.5947000000000001,-1.5165705134553193
-0.5957,-1.5335470490536998
-0.5967000000000001,-1.5731589654499207
-0.5977,-1.5901355010483011
-0.5987000000000001,-1.5943796349478963
-0.5997,-1.612770881846142
-0.6007000000000001,-1.6707740451406083
-0.6017,-1.6806770242396636
-0.6027000000000001,-1.6976535598380442
-0.6037,-1.7400948988339953
-0.6047000000000001,-1.778292103930351
-0.6057,-1.7839509491298113
-0.6067000000000001,-1.7881950830294064
-0.6077,-1.8405394011244125
-0.6087000000000001,-1.847612957623738
-0.6097,-1.8773218949209036
-0.6107000000000001,-1.895713141819149
-0.6117,-1.9126896774175295
-0.6126999999999999,-1.9706928407119961
-0.6137,-1.967863418112266
-0.6146999999999999,-2.007475334508487
-0.6157,-2.038598983105518
-0.6166999999999999,-2.0598196526034935
-0.6177,-2.079625610801604
-0.6186999999999999,-2.1659230000933714
-0.6197,-2.1418729079956655
-0.6206999999999999,-2.197046648690402
-0.6217,-2.2522203893851382
-0.6226999999999999,-2.272026347583249
-0.6237,-2.3144676865791998
-0.6246999999999999,-2.3653972933743415
-0.6257,-2.3413472012766356
-0.6266999999999999,-2.4092533436701573
-0.6277,-2.4134974775697526
-0.6286999999999999,-2.4531093939659736
-0.6297,-2.509697845960575
-0.6306999999999999,-2.515356691160035
-0.6317,-2.5804334109538267
-0.6326999999999999,-2.5988246578520724
-0.6337,-2.659657243746269
-0.6346999999999999,-2.7162456957408705
-0.6357,-2.7289780974396556
-0.6366999999999999,-2.8039577963325026
-0.6377,-2.775663570335202
-0.6386999999999999,-2.822349043230748
-0.6397,-2.89025518562427
-0.6406999999999999,-2.8944993195238653
-0.6417,-2.9807967088156326
-0.6426999999999999,-3.021823336511718
-0.6437,-3.119438416202406
-0.6446999999999999,-3.1038765919038904
-0.6457,-3.1831004246963324
-0.6466999999999999,-3.1915886924955226
-0.6477,-3.2552507009894494
-0.6486999999999999,-3.2906184834860754
-0.6497,-3.382574717977303
-0.6507,-3.3755011614779775
-0.6517000000000001,-3.4702868185689346
-0.6527,-3.5169722914644814
-0.6537000000000001,-3.5636577643600273
-0.6547,-3.644296308452334
-0.6557000000000001,-3.6499551536517942
-0.6567,-3.699470049147071
-0.6577000000000001,-3.7603026350412674
-0.6587,-3.8437706017333046
-0.6597000000000001,-3.952703371822913
-0.6607,-3.995144710818863
-0.6617000000000001,-4.040415472414544
-0.6627,-4.1238834391065815
-0.6637000000000001,-4.163495355502803
-0.6647,-4.187545447600509
-0.6657000000000001,-4.266769280392952
-0.6667,-4.312040041988632
-0.6677000000000001,-4.406825699079589
-0.6687,-4.494537799671222
-0.6697000000000001,-4.538393849967037
-0.6707,-4.679864979953542
-0.6717000000000001,-4.691182670352461
-0.6727,-4.761918235345714
-0.6737000000000001,-4.934513013929248
-0.6747,-4.940171859128707
-0.6757000000000001,-4.961392528626684
-0.6767,-5.071740010016156
-0.6777000000000001,-5.1792580688059
-0.6787,-5.252823056398881
-0.6797000000000001,-5.320729198792402
-0.6807,-5.41268543328363
-0.6817000000000001,-5.431076680181876
-0.6827,-5.5668889649689195
-0.6837000000000001,-5.6333803960625755
-0.6847,-5.764948546950024
-0.6857000000000001,-5.79465748424719
-0.6867,-5.863978337940577
-0.6877000000000001,-6.011108313126541
-0.6887,-6.117211660616419
-0.6897000000000001,-6.189361936909536
-0.6907,-6.219070874206701
-0.6917000000000001,-6.339321334695229
-0.6927,-6.422789301387266
-0.6937000000000001,-6.586895812171611
-0.6947,-6.666119644964053
-0.6957000000000001,-6.717049251759194
-0.6967,-6.841543846147317
-0.6977000000000001,-6.903791143341379
-0.6987,-7.001406223032068
-0.6997000000000001,-7.209368784112227
-0.7007,-7.305569152503049
-0.7017000000000001,-7.456943261588608
-0.7027,-7.52767882658186
-0.7037000000000001,-7.749788500660671
-0.7047,-7.804962241355407
-0.7057000000000001,-7.919553856644475
-0.7067,-8.056780852731386
-0.7077000000000001,-8.232205053914647
-0.7087,-8.321331865806146
-0.7097000000000001,-8.517976736487388
-0.7107,-8.568906343282526
-0.7117000000000001,-8.768380636563498
-0.7127,-8.915510611749461
-0.7137000000000001,-9.037175783537855
-0.7147,-9.163085089225842
-0.7157000000000001,-9.305970930512213
-0.7167,-9.424806679700875
-0.7177000000000001,-9.594572035684678
-0.7187,-9.791216906365918
-0.7197000000000001,-9.904393810355122
-0.7207,-10.014741291744594
-0.7217000000000001,-10.163285978230423
-0.7227,-10.323148355115173
-0.7237000000000001,-10.498572556298438
-0.7247,-10.731999920776168
-0.7257000000000001,-10.833859134366449
-0.7267,-10.986647954751875
-0.7277000000000001,-11.112557260439862
-0.7287,-11.391255386513274
-0.7297000000000001,-11.480382198404772
-0.7307,-11.678441780385876
-0.7317000000000001,-11.91752799006307
-0.7327,-12.053340274850113
-0.7337000000000001,-12.32213542182447
-0.7347,-12.506047890806924
-0.7357000000000001,-12.728157564885736
-0.7367,-12.992708577960498
-0.7376999999999999,-13.200671139040656
-0.7387,-13.486442821613394
-0.7396999999999999,-13.671770001895714
-0.7407,-13.85568247087817
-0.7416999999999999,-14.1456982873505
-0.7427,-14.316878354634172
-0.7436999999999999,-14.514937936615278
-0.7447,-14.741291744593681
-0.7456999999999999,-15.10911668255859
-0.7467,-15.349617603535648
-0.7476999999999999,-15.561824298515406
-0.7487,-15.830619445489761
-0.7496999999999999,-16.071120366466815
-0.7507,-16.354062626439823
-0.7516999999999999,-16.637004886412832
-0.7527,-16.93409425938449
-0.7536999999999999,-17.146300954364243
-0.7547,-17.40094898833995
-0.7556999999999999,-17.669744135314307
-0.7567,-18.009274847281915
-0.7576999999999999,-18.263922881257624
-0.7587,-18.518570915233333
-0.7596999999999999,-18.858101627200938
-0.7607,-19.211779452167196
-0.7616999999999999,-19.60789861612941
-0.7627,-19.862546650105116
-0.7636999999999999,-20.202077362072725
-0.7647,-20.569902300037633
-0.7656999999999999,-20.838697447011988
-0.7667,-21.248963723972853
-0.7676999999999999,-21.47531753195126
-0.7687,-21.95631937390537
-0.7696999999999999,-22.36658565086623
-0.7707,-22.748557701829792
-0.7716999999999999,-23.24370665678255
-0.7727,-23.55494314275286
-0.7736999999999999,-23.993503645711023
-0.7747,-24.516946826661083
-0.7757,-24.828183312631392
-0.7767000000000001,-25.295038041586857
-0.7777,-25.620421640555815
-0.7787000000000001,-26.242894612496432
-0.7797,-26.65316088945729
-0.7807000000000001,-27.0775742794168
-0.7817,-27.742488590353368
-0.7827000000000001,-28.12446064131693
-0.7837,-28.676198048264297
-0.7847000000000001,-29.18549411621571
-0.7857,-29.694790184167122
-0.7867000000000001,-30.331410269106385
-0.7877,-30.79826499806185
-0.7887000000000001,-31.392443744005163
-0.7897,-31.873445585959274
-0.7907000000000001,-32.5525070098945
-0.7917,-33.11839152984051
-0.7927000000000001,-33.627687597791926
-0.7937,-34.306749021727136
-0.7947000000000001,-35.04239889765696
-0.7957,-35.50925362661242
-0.7967000000000001,-36.27319772853954
-0.7977,-36.99470049147071
-0.7987000000000001,-37.51814367242077
-0.7997,-38.16891087035869
-0.8007000000000001,-38.791383842299304
-0.8017,-39.49873949223183
-0.8027000000000001,-40.27683070715759
-0.8037,-40.85686234010226
-0.8047000000000001,-41.63495355502803
-0.8057,-42.37060343095784
-0.8067000000000001,-42.97892928989981
-0.8077,-43.91263874781074
-0.8087000000000001,-44.67658284973786
-0.8097,-45.497115403659585
-0.8107000000000001,-46.176176827594794
-0.8117,-46.94012092952192
-0.8127000000000001,-47.84553616143554
-0.8137,-48.48215624637481
-0.8147000000000001,-49.373424365289786
-0.8157,-50.2505453712061
-0.8167000000000001,-51.25499039411028
-0.8177,-52.00478738303875
-0.8187000000000001,-52.76873148496586
-0.8197,-53.75902939487139
-0.8207000000000001,-54.62200328778906
-0.8217,-55.484977180706736
-0.8227000000000001,-56.30550973462846
-0.8237,-57.19677785354343
-0.8247000000000001,-58.18707576344896
-0.8257,-59.13493233435853
-0.8267000000000001,-59.95546488828025
-0.8277,-60.91746857218848
-0.8287000000000001,-61.95020782108996
-0.8297,-62.88391727900089
-0.8307000000000001,-63.91665652790236
-0.8317,-64.99183711579978
-0.8327000000000001,-65.96798791270665
-0.8337,-66.9582858226122
-0.8347000000000001,-67.8354068285285
-0.8357,-68.93888164242324
-0.8367000000000001,-69.7735613093436
-0.8377,-70.65068231525994
-0.8387000000000001,-71.6834215641614
-0.8397,-72.71616081306288
-0.8407000000000001,-73.60742893197786
-0.8417,-74.72505085887124
-0.8427000000000001,-75.7577901077727
-0.8437,-76.94614759965934
-0.8447000000000001,-77.7525330405824
-0.8457,-78.68624249849334
-0.8467000000000001,-79.88874710337862
-0.8477,-80.82245656128954
-0.8487000000000001,-81.85519581019103
-0.8497,-82.88793505909248
-0.8507000000000001,-83.8216445170034
-0.8517,-84.769501087913
-0.8527000000000001,-85.80224033681448
-0.8537,-86.93400937670651
-0.8547000000000001,-87.85357172161878
-0.8557,-88.8438696315243
-0.8567000000000001,-89.80587331543254
-0.8577,-90.85275967733266
-0.8587000000000001,-91.98452871722468
-0.8597,-92.88994394913831
-0.8607000000000001,-93.89438897204248
-0.8617,-95.18177625491967
-0.8626999999999999,-96.21451550382113
-0.8637,-97.10578362273613
-0.8646999999999999,-98.12437575863895
-0.8657,-99.12882078154313
-0.8666999999999999,-100.4727965164149
-0.8677,-101.54797710431234
-0.8686999999999999,-102.4958336752219
-0.8697,-103.61345560211528
-0.8706999999999999,-104.66034196401542
-0.8717,-105.608198534925
-0.8726999999999999,-106.79655602681163
-0.8737,-107.84344238871174
-0.8746999999999999,-108.76300473362402
-0.8757,-109.73915553053091
-0.8766999999999999,-110.84263034442563
-0.8777,-111.77633980233655
-0.8786999999999999,-112.71004926024747
-0.8797,-113.983289430126
-0.8806999999999999,-114.98773445303017
-0.8817,-115.99217947593435
-0.8826999999999999,-117.02491872483584
-0.8837,-117.98692240874406
-0.8846999999999999,-118.92063186665499
-0.8857,-119.98166534155378
-0.8866999999999999,-120.42022584451192
-0.8857,-119.84019421156725
-0.8846999999999999,-119.06210299664149
-0.8837,-118.41133579870358
-0.8826999999999999,-117.68983303577241
-0.8817,-116.85515336885203
-0.8806999999999999,-116.14779771891952
-0.8797,-115.04432290502479
-0.8786999999999999,-114.08231922111656
-0.8777,-113.45984624917594
-0.8766999999999999,-112.55443101726232
-0.8757,-111.5924273333541
-0.8746999999999999,-110.85677745742427
-0.8737,-110.20601025948636
-0.8726999999999999,-109.41377193156194
-0.8717,-108.56494515164292
-0.8706999999999999,-107.73026548472255
-0.8697,-106.88143870480351
-0.8686999999999999,-106.13164171587505
-0.8677,-105.28281493595603
-0.8666999999999999,-104.22178146105726
-0.8657,-103.5568671501207
-0.8646999999999999,-102.76462882219626
-0.8637,-101.85921359028264
-0.8626999999999999,-100.91135701937307
-0.8617,-100.04838312645539
-0.8607000000000001,-99.18540923353773
-0.8597,-98.5346420355998
-0.8587000000000001,-97.77069793367268
-0.8577,-96.86528270175907
-0.8567000000000001,-96.05889726083599
-0.8557,-95.11104068992641
-0.8547000000000001,-94.318802362002
-0.8537,-93.54071114707622
-0.8527000000000001,-92.79091415814774
-0.8517,-92.01282294322199
-0.8507000000000001,-91.16399616330297
-0.8497,-90.34346360938125
-0.8487000000000001,-89.45219549046627
-0.8477,-88.77313406653104
-0.8467000000000001,-88.07992552959718
-0.8457,-87.08962761969167
-0.8447000000000001,-86.43886042175373
-0.8437,-85.67491631982661
-0.8427000000000001,-84.8543837659049
-0.8417,-84.17532234196969
-0.8407000000000001,-83.35478978804795
-0.8397,-82.71816970310869
-0.8387000000000001,-81.77031313219912
-0.8377,-81.10539882126255
-0.8367000000000001,-80.41219028432867
-0.8357,-79.71898174739482
-0.8347000000000001,-78.88430208047446
-0.8337,-78.24768199553519
-0.8327000000000001,-77.73838592758376
-0.8317,-77.00273605165394
-0.8307000000000001,-76.21049772372953
-0.8297,-75.53143629979431
-0.8287000000000001,-74.89481621485504
-0.8277,-74.11672499992927
-0.8267000000000001,-73.14057420302241
-0.8257,-72.56054257007773
-0.8247000000000001,-71.78245135515196
-0.8237,-71.01850725322484
-0.8227000000000001,-70.24041603829907
-0.8217,-69.73111997034766
-0.8207000000000001,-68.96717586842054
-0.8197,-68.44373268747047
-0.8187000000000001,-67.86370105452582
-0.8177,-67.3826992125717
-0.8167000000000001,-66.44898975466076
-0.8157,-66.02457636470128
-0.8147000000000001,-65.09086690679034
-0.8137,-64.52498238684433
-0.8127000000000001,-63.74689117191855
-0.8117,-63.06782974798333
-0.8107000000000001,-62.47365100204002
-0.8097,-61.87947225609671
-0.8087000000000001,-61.327734849149344
-0.8077,-60.67696765121143
-0.8067000000000001,-59.95546488828025
-0.8057,-59.53105149832074
-0.8047000000000001,-58.965166978374725
-0.8037,-58.14463442445301
-0.8027000000000001,-57.6919268084962
-0.8017,-57.08360094955424
-0.8007000000000001,-56.46112797761361
-0.7997,-55.64059542369189
-0.7987000000000001,-54.989828225753975
-0.7977,-54.494679270801214
-0.7967000000000001,-53.80147073386735
-0.7957,-53.362910230909186
-0.7947000000000001,-52.81117282396182
-0.7937,-52.11796428702795
-0.7927000000000001,-51.55207976708194
-0.7917,-51.113519264123774
-0.7907000000000001,-50.51934051818046
-0.7897,-50.024191563227696
-0.7887000000000001,-49.458307043281685
-0.7877,-49.019746540323524
-0.7867000000000001,-48.4255677943802
-0.7857,-47.95871306542474
-0.7847000000000001,-47.23721030249357
-0.7837,-46.84109113853137
-0.7827000000000001,-46.204471053592094
-0.7817,-45.61029230764878
-0.7807000000000001,-45.05855490070142
-0.7797,-44.66243573673921
-0.7787000000000001,-43.94093297380804
-0.7777,-43.43163690585662
-0.7767000000000001,-42.96478217690117
-0.7757,-42.4130447699538
-0.7747,-41.90374870200238
-0.7736999999999999,-41.49348242504152
-0.7727,-40.94174501809416
-0.7716999999999999,-40.503184515136
-0.7707,-39.93729999518999
-0.7696999999999999,-39.44215104023723
-0.7687,-39.046031876275016
-0.7676999999999999,-38.593324260318205
-0.7667,-38.140616644361394
-0.7656999999999999,-37.716203254401876
-0.7647,-37.334231203438314
-0.7636999999999999,-36.8532293614842
-0.7627,-36.315639067535486
-0.7616999999999999,-35.806342999584075
-0.7607,-35.311194044631314
-0.7596999999999999,-34.9150748806691
-0.7587,-34.377484586720385
-0.7576999999999999,-33.95307119676088
-0.7567,-33.59939337179462
-0.7556999999999999,-33.11839152984051
-0.7547,-32.62324257488775
-0.7536999999999999,-32.22712341092554
-0.7527,-31.873445585959274
-0.7516999999999999,-31.350002405009217
-0.7507,-30.88314767605375
-0.7496999999999999,-30.50117562509019
-0.7487,-30.147497800123933
-0.7476999999999999,-29.72308441016442
-0.7467,-29.25622968120896
-0.7456999999999999,-28.86011051724675
-0.7447,-28.49228557928184
-0.7436999999999999,-28.11031352831828
-0.7427,-27.770782816350668
-0.7416999999999999,-27.445399217381713
-0.7407,-27.134162731411404
-0.7396999999999999,-26.709749341451893
-0.7387,-26.29948306449103
-0.7376999999999999,-26.016540804518023
-0.7367,-25.761892770542314
-0.7357000000000001,-25.42236205857471
-0.7347,-24.927213103621945
-0.7337000000000001,-24.587682391654337
-0.7327,-24.24815167968673
-0.7317000000000001,-23.97935653271237
-0.7307,-23.56909025575151
-0.7297000000000001,-23.229559543783903
-0.7287,-22.890028831816295
-0.7277000000000001,-22.578792345845983
-0.7267,-22.239261633878378
-0.7257000000000001,-21.97046648690402
-0.7247,-21.659230000933714
-0.7237000000000001,-21.404581966958006
-0.7227,-21.008462802995794
-0.7217000000000001,-20.76796188201874
-0.7207,-20.499166735044383
-0.7197000000000001,-20.14548891007812
-0.7187,-19.876693763103766
-0.7177000000000001,-19.60789861612941
-0.7167,-19.28251501716045
-0.7157000000000001,-19.042014096183394
-0.7147,-18.730777610213085
-0.7137000000000001,-18.419541124242777
-0.7127,-18.207334429263025
-0.7117000000000001,-17.881950830294063
-0.7107,-17.655597022315657
-0.7097000000000001,-17.358507649344002
-0.7087,-17.146300954364243
-0.7077000000000001,-16.849211581392588
-0.7067,-16.59456354741688
-0.7057000000000001,-16.382356852437127
-0.7047,-16.127708818461418
-0.7037000000000001,-15.929649236480316
-0.7027,-15.675001202504609
-0.7017000000000001,-15.4203531685289
-0.7007,-15.236440699546446
-0.6997000000000001,-14.953498439573437
-0.6987,-14.727144631595033
-0.6977000000000001,-14.486643710617974
-0.6967,-14.345172580631472
-0.6957000000000001,-14.121648195252797
-0.6947,-13.858511893477898
-0.6937000000000001,-13.639231641998819
-0.6927,-13.431269080918659
-0.6917000000000001,-13.234624210237419
-0.6907,-13.018173381358068
-0.6897000000000001,-12.796063707279258
-0.6887,-12.598004125298152
-0.6877000000000001,-12.491900777808274
-0.6867,-12.234423321232837
-0.6857000000000001,-12.032119605352138
-0.6847,-11.776056860076565
-0.6837000000000001,-11.59780323629357
-0.6827,-11.415305478610982
-0.6817000000000001,-11.242710700027445
-0.6807,-11.063042364944588
-0.6797000000000001,-10.889032875061186
-0.6787,-10.73765876597563
-0.6777000000000001,-10.519793225796413
-0.6767,-10.350027869812608
-0.6757000000000001,-10.20431260592651
-0.6747,-10.08689156803771
-0.6737000000000001,-9.871855450458227
-0.6727,-9.714822496173207
-0.6717000000000001,-9.543642428889537
-0.6707,-9.419147834501414
-0.6697000000000001,-9.287579683613965
-0.6687,-9.119229038930026
-0.6677000000000001,-8.923998879548652
-0.6667,-8.781113038262282
-0.6657000000000001,-8.68208324727173
-0.6647,-8.51373260258779
-0.6637000000000001,-8.383579163000208
-0.6627,-8.246352166913299
-0.6617000000000001,-8.034145471933543
-0.6607,-7.967654040839887
-0.6597000000000001,-7.826182910853383
-0.6587,-7.728567831162695
-0.6577000000000001,-7.580023144676867
-0.6567,-7.4753345084868545
-0.6557000000000001,-7.372060583596706
-0.6547,-7.113168415721404
-0.6537000000000001,-7.091947746223429
-0.6527,-7.016968047330582
-0.6517000000000001,-6.811834908850152
-0.6507,-6.7283669421581145
-0.6497,-6.591139946071206
-0.6486999999999999,-6.468060062982947
-0.6477,-6.387421518890641
-0.6466999999999999,-6.2162414516069715
-0.6457,-6.219070874206701
-0.6446999999999999,-6.090332145918983
-0.6437,-5.930469769034234
-0.6426999999999999,-5.861148915340847
-0.6417,-5.75504556785097
-0.6406999999999999,-5.629136262162981
-0.6397,-5.535765316371888
-0.6386999999999999,-5.3900500524857895
-0.6377,-5.349023424789703
-0.6366999999999999,-5.216040562602391
-0.6357,-5.138231441109813
-0.6346999999999999,-5.043445784018855
-0.6337,-4.9571483947270885
-0.6326999999999999,-4.870851005435322
-0.6317,-4.770406503144904
-0.6306999999999999,-4.723721030249357
-0.6297,-4.630350084458265
-0.6286999999999999,-4.575176343763529
-0.6277,-4.430875791177296
-0.6266999999999999,-4.449267038075541
-0.6257,-4.272428125592412
-0.6246999999999999,-4.266769280392952
-0.6237,-4.115395171307392
-0.6226999999999999,-4.099833347008876
-0.6217,-3.9668504848215624
-0.6206999999999999,-3.9074326102272314
-0.6197,-3.887626652029121
-0.6186999999999999,-3.7631320576409975
-0.6177,-3.7404966768431565
-0.6166999999999999,-3.630149195453684
-0.6157,-3.6032696807562488
-0.6146999999999999,-3.548095940061512
-0.6137,-3.4434073038714996
-0.6126999999999999,-3.4335043247724437
-0.6117,-3.28637434958648
-0.6107000000000001,-3.265153680088505
-0.6097,-3.2198829184928233
-0.6087000000000001,-3.1123648597030806
-0.6077,-3.120853127502271
-0.6067000000000001,-3.006261512213203
-0.6057,-2.973723152316307
-0.6047000000000001,-2.9440142150191413
-0.6037,-2.852057980527914
-0.6027000000000001,-2.823763754530613
-0.6017,-2.767175302536012
-0.6007000000000001,-2.6766337793446495
-0.5997,-2.670974934145189
-0.5987000000000001,-2.600239369151937
-0.5977,-2.5266743815589554
-0.5967000000000001,-2.5139419798601703
-0.5957,-2.457353527865569
-0.5947000000000001,-2.4064239210704272
-0.5937,-2.380959117672857
-0.5927000000000001,-2.3172971091789303
-0.5917,-2.2522203893851382
-0.5907000000000001,-2.2338291424868926
-0.5897,-2.202705493889862
-0.5887000000000001,-2.122066949797555
-0.5877,-2.133384640196476
-0.5867000000000001,-2.085284456001064
-0.5857,-2.0032312006088917
-0.5847000000000001,-1.9820105311109162
-0.5837,-1.9523015938137507
-0.5827000000000001,-1.8815660288204987
-0.5817,-1.8320511333252225
-0.5807000000000001,-1.8617600706223882
-0.5797,-1.8122451751271118
-0.5787000000000001,-1.7499978779330503
-0.5777,-1.7231183632356148
-0.5767000000000001,-1.693409425938449
-0.5757,-1.6509680869424979
-0.5747000000000001,-1.5943796349478963
-0.5737,-1.6085267479465466
-0.5727000000000001,-1.5717442541500557
-0.5717,-1.5307176264539697
-0.5707000000000001,-1.4826174422585585
-0.5697,-1.459982061460718
-0.5687000000000001,-1.4698850405597732
-0.5677,-1.4019788981662513
-0.5667000000000001,-1.3746749700788563
-0.5657,-1.3446830905217175
-0.5647000000000001,-1.3042223473455772
-0.5637,-1.2996952711860092
-0.5627000000000001,-1.2936120125965895
-0.5617,-1.2368820894720016
-0.5607000000000001,-1.2053340274850113
-0.5597,-1.190055145446469
-0.5587000000000001,-1.175483619057859
-0.5577,-1.1599217947593436
-0.5567000000000001,-1.11960252271319
-0.5557,-1.065702022188332
-0.5547000000000001,-1.060043176988872
-0.5537,-1.065702022188332
-0.5527000000000001,-1.0410860455706805
-0.5517,-0.9914296789454178
-0.5507000000000001,-0.9876099584357821
-0.5497,-0.9481395131695476
-0.5487000000000001,-0.9256456035016934
-0.5477,-0.9264944302816125
-0.5467000000000001,-0.9211185273421254
-0.5457,-0.8874483984053376
-0.5447000000000001,-0.8529294426886307
-0.5437,-0.8426020501996159
-0.5427000000000001,-0.8311428886707091
-0.5417,-0.827181697031087
-0.5407000000000001,-0.8008680668535972
-0.5397,-0.7681882358267149
-0.5387000000000001,-0.7564461320378352
-0.5377,-0.7397525386994277
-0.5367000000000001,-0.7195221671113576
-0.5357,-0.712590081742019
-0.5347000000000001,-0.7094777168823159
-0.5337,-0.6980185553534091
-0.5327000000000001,-0.6622263594668236
-0.5317,-0.6469474774282812
-0.5307000000000001,-0.6361956715493069
-0.5297,-0.6279903460100897
-0.5287000000000001,-0.617380011261102
-0.5277,-0.6073355610320602
-0.5267000000000001,-0.600827889052681
-0.5257,-0.5770607392149485
-0.5247,-0.5624892128263386
-0.5236999999999999,-0.5511715224274183
-0.5227,-0.5361755826488489
-0.5216999999999999,-0.520472287220347
-0.5207,-0.5091545968214266
-0.5196999999999999,-0.5098619524713591
-0.5187,-0.5017980980621284
-0.5176999999999999,-0.4851045047237211
-0.5167,-0.46544001765559706
-0.5156999999999999,-0.44818053979724365
-0.5147,-0.4385605029581614
-0.5136999999999999,-0.4313454753288497
-0.5127,-0.4218669096197539
-0.5116999999999999,-0.41705689120021283
-0.5107,-0.4111151037407797
-0.5096999999999999,-0.40121212464172434
-0.5087,-0.3930067991025072
-0.5076999999999999,-0.37489849446423473
-0.5067,-0.36075138146558433
-0.5056999999999999,-0.3580634299958408
-0.5047,-0.35212164253640765
-0.5036999999999999,-0.34363337473721745
-0.5027,-0.33655981823789227
-0.5016999999999999,-0.329203319478594
-0.5007,-0.3243933010590529
-0.4996999999999999,-0.3122267838802136
-0.49870000000000003,-0.3028896893011043
-0.4976999999999999,-0.29779672862159023
-0.49670000000000003,-0.2871863938726024
-0.4956999999999999,-0.27926401059335826
-0.49470000000000003,-0.2764345879936282
-0.4936999999999999,-0.2662486666345999
-0.4927,-0.25974099465522077
-0.4916999999999999,-0.25422362058574705
-0.4907,-0.24757447747638137
-0.4896999999999999,-0.2365397293374341
-0.4887,-0.2310223552679605
-0.4876999999999999,-0.23300295108777153
-0.4867,-0.2245146832885813
-0.48570000000000013,-0.22111937616890526
-0.4847,-0.212065223849769
-0.48370000000000013,-0.20527460961041682
-0.4827,-0.20258665814067325
-0.48170000000000013,-0.19438133260145604
-0.4807,-0.1850442380223468
-0.4797000000000001,-0.1843368823724143
-0.4787,-0.17881950830294063
-0.4777000000000001,-0.1769803836131161
-0.4767,-0.17217036519357498
-0.4757000000000001,-0.16608710660415532
-0.4747,-0.16339915513441172
-0.4737000000000001,-0.16000384801473563
-0.4727,-0.15193999360550495
-0.4717000000000001,-0.14826174422585583
-0.4707,-0.14557379275611226
-0.4697000000000001,-0.1392641803587142
-0.4687,-0.13438342637417983
-0.4677000000000001,-0.1322896536503796
-0.4667,-0.1258668643489923
-0.4657000000000001,-0.12237252743832566
-0.4647,-0.12042022584451192
-0.4637000000000001,-0.11623268039691143
-0.4627,-0.11511505847001803
-0.4617000000000001,-0.10870641628162941
-0.4607,-0.10590528790789665
-0.4597000000000001,-0.09921370345953502
-0.4587,-0.09781313927266864
-0.4577000000000001,-0.09307385641812077
-0.4567,-0.09222502963820174
-0.4557000000000001,-0.08902778210050676
-0.4547,-0.08762721791364038
-0.4537000000000001,-0.08608518259678749
-0.4527,-0.08358114359602638
-0.4517000000000001,-0.07855891848150548
-0.4507,-0.0756163189777862
-0.4497000000000001,-0.0714287735301857
-0.4487,-0.06809005486250422
-0.4477000000000001,-0.06654801954565133
-0.4467,-0.0639025094149037
-0.4457000000000001,-0.060832585894196586
-0.4447,-0.05929055057734369
-0.4437000000000001,-0.057196777853543435
-0.4427,-0.05496153399975667
-0.4417000000000001,-0.05272629014596992
-0.4407,-0.04979783775524929
-0.4397000000000001,-0.049939308885235796
-0.4387,-0.04672791423454216
-0.4377000000000001,-0.045893234567621795
-0.4367,-0.04296478217690116
-0.4357000000000001,-0.04142274686004828
-0.4347,-0.0403051249331549
-0.4337000000000001,-0.037801085932393785
-0.4327,-0.03402380676175413
-0.4317000000000001,-0.03304765596484726
-0.43069999999999997,-0.0327788608178729
-0.4297000000000001,-0.030543616964086147
-0.42869999999999997,-0.027049280053419503
-0.4277000000000001,-0.027049280053419503
-0.42669999999999997,-0.023696414272739365
-0.4257000000000001,-0.021885583808912118
-0.42469999999999997,-0.019791811085111865
-0.4237000000000001,-0.019791811085111865
-0.42269999999999996,-0.017839509491298113
-0.4217000000000001,-0.01546279450752485
-0.42069999999999996,-0.0135104929137111
-0.4197000000000001,-0.010719267519077383
-0.41869999999999996,-0.011278078482524071
-0.41770000000000007,-0.007090533034923564
-0.41669999999999996,-0.006112967526716823
-0.41570000000000007,-0.0068118349088501515
-0.41469999999999996,-0.004299307640289847
-0.41370000000000007,-0.0030430440060096936
-0.41269999999999996,-0.0030430440060096936
-0.41170000000000007,-0.000809497805782774
-0.41069999999999995,0.001423199567664227
-0.40970000000000006,0.002122066949797555
-0.40869999999999995,0.0022607086571843284
-0.40770000000000006,0.0022607086571843284
-0.40669999999999995,0.005610745015264736
-0.40570000000000006,0.005470688596578096
-0.40469999999999995,0.0061695559787114254
-0.40370000000000006,0.005750801433951375
-0.40269999999999995,0.009239479499418555
-0.40170000000000006,0.010076988588938657
-0.40069999999999995,0.010217045007625295
-0.39970000000000006,0.0127295722761856
-0.39869999999999994,0.013286968528332426
-0.39770000000000005,0.01426028990263957
-0.39669999999999994,0.013845779491779115
-0.39570000000000005,0.015377911829532949
-0.39469999999999994,0.017188742293360197
-0.39370000000000005,0.016637004886412832
-0.39269999999999994,0.017188742293360197
-0.39170000000000005,0.020131341797079472
-0.39069999999999994,0.019989870667092968
-0.38970000000000005,0.020272812927065977
-0.38869999999999993,0.021517758870947205
-0.38770000000000004,0.022635380797840585
-0.38669999999999993,0.02194217226090672
-0.38570000000000004,0.024035944984706972
-0.38469999999999993,0.023611531594747465
-0.38370000000000004,0.02347006046476096
-0.38269999999999993,0.024729153521640842
-0.38170000000000004,0.027799077042347967
-0.3806999999999999,0.027799077042347967
-0.37970000000000004,0.02682292624544109
-0.3786999999999999,0.02682292624544109
-0.37770000000000004,0.027657605912361466
-0.3766999999999999,0.027799077042347967
-0.37570000000000003,0.029624054619173872
-0.3746999999999999,0.029751378636161722
-0.37370000000000003,0.031010471693041605
-0.3726999999999999,0.029199641229214358
-0.37170000000000003,0.03157635621298762
-0.3706999999999999,0.03226956474992148
-0.36970000000000003,0.03408039521374873
-0.3686999999999999,0.03478775086368125
-0.3677,0.033104244416841865
-0.3666999999999999,0.0350565460106556
-0.3657,0.03617416793754899
-0.3646999999999999,0.03436333747372174
-0.3637,0.03436333747372174
-0.3626999999999999,0.03590537279057463
-0.3617,0.037291789864442364
-0.36070000000000013,0.03938556258824262
-0.3597,0.03757473212441537
-0.35870000000000013,0.03631563906753549
-0.3577,0.036598581327508505
-0.35670000000000013,0.037291789864442364
-0.3557,0.03897529631128176
-0.3547000000000001,0.03966850484821563
-0.3537,0.038692354051308754
-0.3527000000000001,0.03883382518129525
-0.3517,0.040361713385149496
-0.3507000000000001,0.04078612677510901
-0.3497,0.040927597905095515
-0.3487000000000001,0.04204521983198889
-0.3477,0.03995144710818864
-0.3467000000000001,0.04119639305206987
-0.3457,0.04217254384897674
-0.3447000000000001,0.042738428368922755
-0.3437,0.043021370628895765
-0.3427000000000001,0.04204521983198889
-0.3417,0.04371457916582964
-0.3407000000000001,0.04371457916582964
-0.3397,0.04357310803584313
-0.3387000000000001,0.0444077877027635
-0.3377,0.04357310803584313
-0.3367000000000001,0.043021370628895765
-0.3357,0.04538393849967037
-0.3347000000000001,0.046232765279589395
-0.3337,0.04580835188962989
-0.3327000000000001,0.044690729962736514
-0.3317,0.04580835188962989
-0.3307000000000001,0.046360089296577256
-0.3297,0.047619182353457135
-0.3287000000000001,0.04650156042656376
-0.3277,0.04497367222270952
-0.3267000000000001,0.047619182353457135
-0.3257,0.04790212461343014
-0.3247000000000001,0.04706744494650977
-0.3237,0.04971295507725739
-0.3227000000000001,0.04706744494650977
-0.3217,0.04790212461343014
-0.3207000000000001,0.04776065348344364
-0.3197,0.048736804280350515
-0.3187000000000001,0.046784502686536764
-0.3177,0.04776065348344364
-0.3167000000000001,0.04887827541033701
-0.3157,0.048736804280350515
-0.3147000000000001,0.05097204813413727
-0.3137,0.049854426207243896
-0.3127000000000001,0.0499958973372304
-0.3117,0.0501373684672169
-0.3107000000000001,0.05153793265408329
-0.3097,0.05068910587416426
-0.3087000000000001,0.05180672780105764
-0.3077,0.05125499039411028
-0.3067000000000001,0.05180672780105764
-0.30569999999999997,0.0501373684672169
-0.3047000000000001,0.051948198931044146
-0.30369999999999997,0.05054763474417776
-0.3027000000000001,0.05042031072718991
-0.30169999999999997,0.053348763117910536
-0.3007000000000001,0.051665256671071136
-0.29969999999999997,0.05083057700415077
-0.2987000000000001,0.04944415993028303
-0.29769999999999996,0.05208967006103065
-0.2967000000000001,0.052514083450990165
-0.29569999999999996,0.05068910587416426
-0.2947000000000001,0.05375902939487139
-0.29369999999999996,0.05237261232100365
-0.29270000000000007,0.051396461524096784
-0.29169999999999996,0.05515959358173778
-0.29070000000000007,0.052514083450990165
-0.28969999999999996,0.05208967006103065
-0.28870000000000007,0.05237261232100365
-0.28769999999999996,0.05153793265408329
-0.28670000000000007,0.054324913914817405
-0.28569999999999995,0.054876651321764766
-0.28470000000000006,0.05320729198792403
-0.28369999999999995,0.05446638504480392
-0.28270000000000006,0.0541834427848309
-0.28169999999999995,0.05501812245175128
-0.28070000000000006,0.054324913914817405
-0.27969999999999995,0.05292434972795102
-0.27870000000000006,0.05208967006103065
-0.27769999999999995,0.05473518019177826
-0.27670000000000006,0.05473518019177826
-0.27569999999999995,0.05473518019177826
-0.27470000000000006,0.0541834427848309
-0.27369999999999994,0.0540419716548444
-0.27270000000000005,0.05460785617479042
-0.27169999999999994,0.05460785617479042
-0.27070000000000005,0.055711330988685144
-0.26969999999999994,0.056560157768604166
-0.26870000000000005,0.05530106471172429
-0.26769999999999994,0.05530106471172429
-0.26670000000000005,0.05627721550863116
-0.26569999999999994,0.05670162889859067
-0.26470000000000005,0.057946574842471905
-0.26369999999999993,0.05599427324865815
-0.26270000000000004,0.05558400697169729
-0.26169999999999993,0.05670162889859067
-0.26070000000000004,0.05599427324865815
-0.25969999999999993,0.05711189517555153
-0.25870000000000004,0.05697042404556502
-0.25769999999999993,0.05711189517555153
-0.25670000000000004,0.05711189517555153
-0.2556999999999999,0.056828952915578525
-0.25470000000000004,0.057946574842471905
-0.2536999999999999,0.0578051037124854
-0.25270000000000004,0.05670162889859067
-0.2516999999999999,0.05641868663861766
-0.25070000000000003,0.058653930492404416
-0.24969999999999992,0.057946574842471905
-0.24870000000000003,0.05627721550863116
-0.24769999999999992,0.05725336630553804
-0.24670000000000003,0.05627721550863116
-0.24569999999999992,0.058653930492404416
-0.24470000000000003,0.05753630856551105
-0.24369999999999992,0.05613574437864466
-0.24270000000000003,0.057394837435524544
-0.24169999999999991,0.058653930492404416
-0.24070000000000003,0.05822951710244491
-0.2396999999999999,0.0596300812893113
-0.23870000000000002,0.05906419676936528
-0.2376999999999999,0.05837098823243141
-0.23670000000000002,0.05934713902933829
-0.23570000000000013,0.057946574842471905
-0.23470000000000002,0.05808804597245841
-0.23370000000000013,0.05879540162239092
-0.23270000000000002,0.05753630856551105
-0.23170000000000013,0.05767777969549755
-0.23070000000000002,0.057946574842471905
-0.22970000000000013,0.05989887643628565
-0.22870000000000001,0.05822951710244491
-0.22770000000000012,0.0578051037124854
-0.2267,0.05879540162239092
-0.22570000000000012,0.05906419676936528
-0.2247,0.0578051037124854
-0.22370000000000012,0.059771552419297796
-0.2227,0.05753630856551105
-0.22170000000000012,0.06018181869625867
-0.2207,0.05934713902933829
-0.21970000000000012,0.05837098823243141
-0.2187,0.05851245936241791
-0.21770000000000012,0.058922725639378774
-0.2167,0.05920566789935178
-0.2157000000000001,0.06241706255004542
-0.2147,0.06101649836317903
-0.2137000000000001,0.06004034756627216
-0.2127,0.06018181869625867
-0.2117000000000001,0.0619926491600859
-0.2107,0.061440911753138545
-0.2097000000000001,0.06088917434619118
-0.2087,0.060606232086218174
-0.2077000000000001,0.06018181869625867
-0.2067,0.06088917434619118
-0.2057000000000001,0.06186532514309807
-0.2047,0.06115796949316554
-0.2037000000000001,0.06018181869625867
-0.2027,0.06101649836317903
-0.2017000000000001,0.0619926491600859
-0.2007,0.0619926491600859
-0.1997000000000001,0.061440911753138545
-0.1987,0.061440911753138545
-0.1977000000000001,0.06158238288312505
-0.19669999999999999,0.06241706255004542
-0.1957000000000001,0.06241706255004542
-0.19469999999999998,0.06186532514309807
-0.1937000000000001,0.061440911753138545
-0.19269999999999998,0.06158238288312505
-0.1917000000000001,0.0635346844769388
-0.1907000000000001,0.06115796949316554
-0.1897000000000002,0.06339321334695229
-0.1887000000000001,0.06129944062315204
-0.1877000000000002,0.06172385401311155
-0.1867000000000001,0.06339321334695229
-0.1857000000000002,0.06339321334695229
-0.1847000000000001,0.0619926491600859
-0.1837000000000002,0.06465230640383217
-0.18270000000000008,0.06241706255004542
-0.1817000000000002,0.06241706255004542
-0.18070000000000008,0.0635346844769388
-0.1797000000000002,0.06298294706999143
-0.17870000000000008,0.062134120290072405
-0.1777000000000002,0.06241706255004542
-0.17670000000000008,0.06284147594000493
-0.1757000000000002,0.062275591420058916
-0.17470000000000008,0.06422789301387266
-0.1737000000000002,0.06129944062315204
-0.17270000000000008,0.06255853368003192
-0.17170000000000019,0.06284147594000493
-0.17070000000000007,0.06436936414385917
-0.16970000000000018,0.0631102710869793
-0.16870000000000007,0.06186532514309807
-0.16770000000000018,0.06241706255004542
-0.16670000000000007,0.06408642188388616
-0.16570000000000018,0.06284147594000493
-0.16470000000000007,0.06479377753381868
-0.16370000000000018,0.0631102710869793
-0.16270000000000007,0.06507671979379169
-0.16170000000000018,0.06339321334695229
-0.16070000000000007,0.06605287059069856
-0.15970000000000018,0.0638176267369118
-0.15870000000000006,0.06465230640383217
-0.15770000000000017,0.06451083527384567
-0.15670000000000006,0.06436936414385917
-0.15570000000000017,0.06465230640383217
-0.15470000000000006,0.06395909786689832
-0.15370000000000017,0.06422789301387266
-0.15270000000000006,0.06395909786689832
-0.15170000000000017,0.0636761556069253
-0.15070000000000006,0.06632166573767292
-0.14970000000000017,0.06395909786689832
-0.14870000000000005,0.06493524866380519
-0.14770000000000016,0.06493524866380519
-0.14670000000000005,0.06702902138760544
-0.14570000000000016,0.06632166573767292
-0.14470000000000005,0.06548698607075255
-0.14370000000000016,0.0635346844769388
-0.14270000000000005,0.0636761556069253
-0.14170000000000016,0.06520404381077954
-0.14070000000000005,0.06520404381077954
-0.13970000000000016,0.06562845720073905
-0.13870000000000005,0.06520404381077954
-0.13770000000000016,0.06507671979379169
-0.13670000000000004,0.06520404381077954
-0.13570000000000015,0.06632166573767292
-0.13470000000000004,0.0638176267369118
-0.13370000000000015,0.06562845720073905
-0.13270000000000004,0.06507671979379169
-0.13170000000000015,0.06618019460768641
-0.13070000000000004,0.06814664331449882
-0.12970000000000015,0.06715634540459328
-0.12870000000000004,0.06493524866380519
-0.12770000000000015,0.06576992833072555
-0.12670000000000003,0.06618019460768641
-0.12570000000000014,0.06855690959145967
-0.12470000000000003,0.06646313686765942
-0.12370000000000014,0.06674607912763245
-0.12270000000000003,0.06632166573767292
-0.12170000000000014,0.06743928766456629
-0.12070000000000003,0.06743928766456629
-0.11970000000000014,0.06646313686765942
-0.11870000000000003,0.06674607912763245
-0.11770000000000014,0.06715634540459328
-0.11670000000000003,0.06841543846147317
-0.11570000000000014,0.06632166573767292
-0.11470000000000002,0.0672978165345798
-0.11370000000000013,0.06814664331449882
-0.11270000000000002,0.06702902138760544
-0.11170000000000013,0.06939158925838004
-0.11070000000000024,0.06841543846147317
-0.10970000000000013,0.06925011812839355
-0.10870000000000024,0.06715634540459328
-0.10770000000000013,0.06674607912763245
-0.10670000000000024,0.06855690959145967
-0.10570000000000013,0.06869838072144617
-0.10470000000000024,0.0689813229814192
-0.10370000000000013,0.06855690959145967
-0.10270000000000024,0.0677222299245393
-0.10170000000000012,0.06925011812839355
-0.10070000000000023,0.0689813229814192
-0.09970000000000012,0.07036774005528693
-0.09870000000000023,0.07050921118527342
-0.09770000000000012,0.07036774005528693
-0.09670000000000023,0.07024041603829907
-0.09570000000000012,0.06883985185143268
-0.09470000000000023,0.06939158925838004
-0.09370000000000012,0.06827396733148668
-0.09270000000000023,0.06827396733148668
-0.09170000000000011,0.06912279411140569
-0.09070000000000022,0.07024041603829907
-0.08970000000000011,0.07024041603829907
-0.08870000000000022,0.06939158925838004
-0.08770000000000011,0.07050921118527342
-0.08670000000000022,0.0713438908521938
-0.08570000000000011,0.07065068231525992
-0.08470000000000022,0.07050921118527342
-0.08370000000000011,0.07009894490831257
-0.08270000000000022,0.07079215344524643
-0.0817000000000001,0.07107509570521944
-0.08070000000000022,0.07316886842901969
-0.0797000000000001,0.07148536198218029
-0.07870000000000021,0.07050921118527342
-0.0777000000000001,0.06981600264833956
-0.07670000000000021,0.07260298390907369
-0.0757000000000001,0.06981600264833956
-0.07470000000000021,0.07260298390907369
-0.0737000000000001,0.07107509570521944
-0.07270000000000021,0.07050921118527342
-0.0717000000000001,0.07205124650212633
-0.07070000000000021,0.0730273972990332
-0.0697000000000001,0.0716268331121668
-0.0687000000000002,0.07176830424215332
-0.0677000000000001,0.07190977537213981
-0.0667000000000002,0.07386207696595355
-0.06570000000000009,0.0716268331121668
-0.0647000000000002,0.0728859261690467
-0.06370000000000009,0.07121656683520594
-0.0627000000000002,0.07205124650212633
-0.06170000000000009,0.07455528550288744
-0.0607000000000002,0.07469675663287394
-0.059700000000000086,0.07442796148589957
-0.058700000000000196,0.0733103395590062
-0.057700000000000085,0.0728859261690467
-0.056700000000000195,0.07428649035591307
-0.05570000000000008,0.07497969889284695
-0.05470000000000019,0.07512117002283344
-0.05370000000000008,0.07469675663287394
-0.05270000000000019,0.07455528550288744
-0.05170000000000008,0.07609732081974033
-0.05070000000000019,0.07414501922592658
-0.04970000000000008,0.07553143629979431
-0.04870000000000019,0.07638026307971334
-0.047700000000000076,0.07540411228280645
-0.046700000000000186,0.0772149427466337
-0.045700000000000074,0.07567290742978082
-0.044700000000000184,0.07623879194972684
-0.04370000000000007,0.07526264115281994
-0.04270000000000018,0.07638026307971334
-0.04170000000000007,0.07540411228280645
-0.04070000000000018,0.07609732081974033
-0.03970000000000007,0.07679052935667419
-0.03870000000000018,0.07609732081974033
-0.03770000000000007,0.0772149427466337
-0.03670000000000018,0.07652173420969983
-0.035700000000000065,0.08014339513735433
-0.034700000000000175,0.07819109354354058
-0.03370000000000006,0.07776668015358107
-0.03270000000000017,0.07762520902359457
-0.03170000000000006,0.07874283095048794
-0.03070000000000017,0.07971898174739482
-0.02970000000000006,0.0774978850066067
-0.02870000000000017,0.07847403580351359
-0.027700000000000058,0.07833256467352707
-0.026700000000000168,0.07888430208047445
-0.025700000000000056,0.08042633739732732
-0.024700000000000166,0.07776668015358107
-0.023700000000000054,0.0786155069335001
-0.022700000000000164,0.08000192400736782
-0.021700000000000053,0.08000192400736782
-0.020700000000000163,0.08028486626734083
-0.01970000000000005,0.08028486626734083
-0.01870000000000016,0.07959165773040697
-0.01770000000000005,0.08042633739732732
-0.01670000000000016,0.08195422560118158
-0.015700000000000047,0.08154395932422072
-0.014700000000000157,0.07986045287738132
-0.013700000000000045,0.08126101706424771
-0.012700000000000156,0.08069513254430169
-0.011700000000000044,0.08293037639808845
-0.010700000000000154,0.08237863899114109
-0.009700000000000042,0.08363773204802097
-0.008700000000000152,0.08223716786115459
-0.00770000000000004,0.08307184752807495
-0.00670000000000015,0.08321331865806145
-0.005700000000000038,0.08278890526810194
-0.0047000000000001485,0.08363773204802097
-0.0037000000000000366,0.08237863899114109
-0.0027000000000001467,0.08433094058495484
-0.0017000000000000348,0.08447241171494134
-0.000700000000000145,0.0826615812511141
0.00029999999999996696,0.08516562025187521
0.0012999999999998568,0.08447241171494134
0.0022999999999999687,0.08349626091803447
0.0032999999999998586,0.08600029991879557
0.0042999999999999705,0.08740086410566196
0.00529999999999986,0.0867076555687281
0.006299999999999972,0.08516562025187521
0.007299999999999862,0.08544856251184822
0.008299999999999974,0.08544856251184822
0.009299999999999864,0.08740086410566196
0.010299999999999976,0.0862832421787686
0.011299999999999866,0.08697645071570247
0.012299999999999978,0.08725939297567546
