Potential V vs RHE, Current mA cm-2
0.013299999999999867,-0.005245749499899557
0.012299999999999978,-0.006585481100871746
0.011299999999999866,-0.007618220349773223
0.010299999999999976,-0.00807800152222936
0.009299999999999864,-0.008679253824672
0.008299999999999974,-0.009153182110126787
0.007299999999999862,-0.009348412269508161
0.006299999999999972,-0.009628525106881438
0.00529999999999986,-0.010228362698024214
0.0042999999999999705,-0.010242509811022866
0.0032999999999998586,-0.010464619485101676
0.0022999999999999687,-0.01095410959485498
0.0012999999999998568,-0.011428037880309766
0.00029999999999996696,-0.011316275687620427
-0.000700000000000145,-0.011568094298996405
-0.0017000000000000348,-0.011637415152689791
-0.0027000000000001467,-0.012015143069753757
-0.0037000000000000366,-0.012377309162519206
-0.0047000000000001485,-0.012643274886893834
-0.005700000000000038,-0.012643274886893834
-0.00670000000000015,-0.013062029431653884
-0.00770000000000004,-0.013228965365037957
-0.008700000000000152,-0.013326580444728646
-0.009700000000000042,-0.013395901298422032
-0.010700000000000154,-0.013800508730183434
-0.011700000000000044,-0.01405232734155941
-0.012700000000000156,-0.014024033115562108
-0.013700000000000045,-0.014472496597619325
-0.014700000000000157,-0.014316878354634173
-0.015700000000000047,-0.014387613919627423
-0.01670000000000016,-0.015080822456561293
-0.01770000000000005,-0.014712997518596381
-0.01870000000000016,-0.015024234004566688
-0.01970000000000005,-0.015717442541500558
-0.020700000000000163,-0.015533530072518101
-0.021700000000000053,-0.015660854089505957
-0.022700000000000164,-0.01583061944548976
-0.023700000000000054,-0.01611356170546277
-0.024700000000000166,-0.01618429727045602
-0.025700000000000056,-0.016721887564404736
-0.026700000000000168,-0.016637004886412832
-0.027700000000000058,-0.016552122208420932
-0.02870000000000017,-0.01697653559838044
-0.02970000000000006,-0.01703312405037504
-0.03070000000000017,-0.0173302134233467
-0.03170000000000006,-0.017514125892329157
-0.03270000000000017,-0.01776877392630486
-0.03370000000000006,-0.017825362378299462
-0.034700000000000175,-0.017966833508285963
-0.035700000000000065,-0.018306364220253574
-0.03670000000000018,-0.01849027668923603
-0.03770000000000007,-0.018546865141230634
-0.03870000000000018,-0.01891469007919554
-0.03970000000000007,-0.018787366062207687
-0.04070000000000018,-0.018942984305192843
-0.04170000000000007,-0.019367397695152354
-0.04270000000000018,-0.019466427486142905
-0.04370000000000007,-0.019579604390132108
-0.044700000000000184,-0.020131341797079472
-0.045700000000000074,-0.020315254266061927
-0.046700000000000186,-0.02015963602307677
-0.047700000000000076,-0.020400136944053827
-0.04870000000000019,-0.020697226317025485
-0.04970000000000008,-0.020725520543022787
-0.05070000000000019,-0.021517758870947205
-0.05170000000000008,-0.021121639706984996
-0.05270000000000019,-0.02158849443594046
-0.05370000000000008,-0.021828995356917517
-0.05470000000000019,-0.021871436695913467
-0.05570000000000008,-0.02230999719887163
-0.056700000000000195,-0.022154378955886473
-0.057700000000000085,-0.022635380797840585
-0.058700000000000196,-0.022564645232847336
-0.059700000000000086,-0.0232012653177866
-0.0607000000000002,-0.023215412430785252
-0.06170000000000009,-0.023328589334774455
-0.0627000000000002,-0.023823738289727222
-0.06370000000000009,-0.02389447385472047
-0.0647000000000002,-0.024050092097705623
-0.06570000000000009,-0.02438962280967323
-0.0667000000000002,-0.02457353527865569
-0.0677000000000001,-0.024460358374666487
-0.0687000000000002,-0.025139419798601705
-0.0697000000000001,-0.0250545371206098
-0.07070000000000021,-0.02546480339757066
-0.0717000000000001,-0.02543650917157336
-0.07270000000000021,-0.025832628335535568
-0.0737000000000001,-0.025988246578520724
-0.07470000000000021,-0.026412659968480235
-0.0757000000000001,-0.02692195603643165
-0.07670000000000021,-0.02665316088945729
-0.0777000000000001,-0.027049280053419503
-0.07870000000000021,-0.027487840556377662
-0.0797000000000001,-0.027459546330380363
-0.08070000000000022,-0.027770782816350672
-0.0817000000000001,-0.027912253946337173
-0.08270000000000022,-0.02813860775431558
-0.08370000000000011,-0.028463991353284535
-0.08470000000000022,-0.028633756709268345
-0.08570000000000011,-0.0289591403082373
-0.08670000000000022,-0.029242082568210308
-0.08770000000000011,-0.029440142150191414
-0.08870000000000022,-0.02969479018416712
-0.08970000000000011,-0.030133350687125283
-0.09070000000000022,-0.030246527591114486
-0.09170000000000011,-0.030274821817111785
-0.09270000000000023,-0.030430440060096934
-0.09370000000000012,-0.0309255890150497
-0.09470000000000023,-0.031095354371033508
-0.09570000000000012,-0.03163294466498222
-0.09670000000000023,-0.03166123889097952
-0.09770000000000012,-0.03214224073293363
-0.09870000000000023,-0.032085652280939035
-0.09970000000000012,-0.03235444742791339
-0.10070000000000023,-0.033174979981835113
-0.10170000000000012,-0.03304765596484726
-0.10270000000000024,-0.03311839152984051
-0.10370000000000013,-0.033627687597791917
-0.10470000000000024,-0.033797452953775724
-0.10570000000000013,-0.03399551253575683
-0.10670000000000024,-0.034377484586720394
-0.10770000000000013,-0.034617985507697444
-0.10870000000000024,-0.03488678065467181
-0.10970000000000013,-0.03508484023665291
-0.11070000000000024,-0.035509253626612426
-0.11170000000000013,-0.035664871869597575
-0.11270000000000002,-0.03606099103355979
-0.11370000000000013,-0.03624490350254224
-0.11470000000000002,-0.036570287101511195
-0.11570000000000014,-0.036867376474482856
-0.11670000000000003,-0.036923964926477454
-0.11770000000000014,-0.037603026350412676
-0.11870000000000003,-0.03763132057640997
-0.11970000000000014,-0.03808402819236679
-0.12070000000000003,-0.03802743974037219
-0.12170000000000014,-0.03792840994938163
-0.12270000000000003,-0.03873479539030471
-0.12370000000000014,-0.03874894250330335
-0.12470000000000003,-0.039003590537279066
-0.12570000000000014,-0.039626063509219676
-0.12670000000000003,-0.039682651961214274
-0.12770000000000015,-0.039682651961214274
-0.12870000000000004,-0.04046074317614005
-0.12970000000000015,-0.04051733162813465
-0.13070000000000004,-0.04065880275812116
-0.13170000000000015,-0.041168098826072565
-0.13270000000000004,-0.04140859974704963
-0.13370000000000015,-0.04149348242504153
-0.13470000000000004,-0.04190374870200239
-0.13570000000000015,-0.04170568912002128
-0.13670000000000004,-0.04193204292799969
-0.13770000000000016,-0.042667692803929506
-0.13870000000000005,-0.042568663012938955
-0.13970000000000016,-0.042950635063902516
-0.14070000000000005,-0.04357310803584313
-0.14170000000000016,-0.04370043205283098
-0.14270000000000005,-0.04371457916582964
-0.14370000000000016,-0.04401166853880129
-0.14470000000000005,-0.044266316572777
-0.14570000000000016,-0.04460584728474461
-0.14670000000000005,-0.04476146552772976
-0.14770000000000016,-0.04481805397972436
-0.14870000000000005,-0.04534149716067442
-0.14970000000000017,-0.04534149716067442
-0.15070000000000006,-0.04553955674265553
-0.15170000000000017,-0.04587908745462314
-0.15270000000000006,-0.046077147036604246
-0.15370000000000017,-0.0464025306355732
-0.15470000000000006,-0.046416677748571854
-0.15570000000000017,-0.046360089296577256
-0.15670000000000006,-0.04702500360751381
-0.15770000000000017,-0.04706744494650977
-0.15870000000000006,-0.047336240093484125
-0.15970000000000018,-0.04750600544946793
-0.16070000000000007,-0.04756259390146254
-0.16170000000000018,-0.04777480059644229
-0.16270000000000007,-0.04804359574341665
-0.16370000000000018,-0.048199213986401805
-0.16470000000000007,-0.048439714907378854
-0.16570000000000018,-0.048637774489359964
-0.16670000000000007,-0.04886412829733837
-0.16770000000000018,-0.048750951393349166
-0.16870000000000007,-0.049118776331314076
-0.16970000000000018,-0.04950074838227764
-0.17070000000000007,-0.04962807239926549
-0.17170000000000019,-0.04962807239926549
-0.17270000000000008,-0.04998175022423174
-0.1737000000000002,-0.0498827204332412
-0.17470000000000008,-0.0501939569192115
-0.1757000000000002,-0.050462752066185855
-0.17670000000000008,-0.0501939569192115
-0.1777000000000002,-0.05068910587416426
-0.17870000000000008,-0.05107107792512782
-0.1797000000000002,-0.05119840194211568
-0.18070000000000008,-0.051410608637095435
-0.1817000000000002,-0.05167940378406979
-0.18270000000000008,-0.05152378554108464
-0.1837000000000002,-0.05179258068805899
-0.1847000000000001,-0.05203308160903605
-0.1857000000000002,-0.05225943541701446
-0.1867000000000001,-0.05235846520800501
-0.1877000000000002,-0.05225943541701446
-0.1887000000000001,-0.05275458437196722
-0.1897000000000002,-0.052782878597964523
-0.1907000000000001,-0.05317899776192673
-0.1917000000000001,-0.05326388043991863
-0.19269999999999998,-0.05327802755291729
-0.1937000000000001,-0.05368829382987814
-0.19469999999999998,-0.053617558264884894
-0.1957000000000001,-0.053858059185861944
-0.19669999999999999,-0.0540702658808417
-0.1977000000000001,-0.054240031236825505
-0.1987,-0.054622003287789066
-0.1997000000000001,-0.05419758989782956
-0.2007,-0.05466444462678501
-0.2017000000000001,-0.05493323977375937
-0.2027,-0.05510300512974318
-0.2037000000000001,-0.05513129935574049
-0.2047,-0.05537180027671754
-0.2057000000000001,-0.05549912429370539
-0.2067,-0.055668889649689184
-0.2077000000000001,-0.055838655005673
-0.2087,-0.056164038604641954
-0.2097000000000001,-0.056362098186623064
-0.2107,-0.056645040446596066
-0.2117000000000001,-0.05677236446358393
-0.2127,-0.056828952915578525
-0.2137000000000001,-0.056814805802579874
-0.2147,-0.05705530672355694
-0.2157000000000001,-0.05763533835650159
-0.2167,-0.057720221034493494
-0.21770000000000012,-0.05781925082548405
-0.2187,-0.057904133503475945
-0.21970000000000012,-0.058045604633462464
-0.2207,-0.05863978337940577
-0.22170000000000012,-0.058526606475416576
-0.2227,-0.058569047814412516
-0.22370000000000012,-0.058979314091373386
-0.2247,-0.05929055057734369
-0.22570000000000012,-0.059149079447357186
-0.2267,-0.05941787459433154
-0.22770000000000012,-0.05971496396730319
-0.22870000000000001,-0.06029499560024786
-0.22970000000000013,-0.06036573116524111
-0.23070000000000002,-0.060422319617235716
-0.23170000000000013,-0.06023840714825326
-0.23270000000000002,-0.060521349408226274
-0.23370000000000013,-0.06091746857218847
-0.23470000000000002,-0.06091746857218847
-0.23570000000000013,-0.06098820413718173
-0.23670000000000002,-0.06146920597913584
-0.2376999999999999,-0.06161067710912234
-0.23870000000000002,-0.061907766482094014
-0.2396999999999999,-0.06221900296806432
-0.24070000000000003,-0.06241706255004542
-0.24169999999999991,-0.06279903460100898
-0.24270000000000003,-0.06315271242597524
-0.24369999999999992,-0.0632800364429631
-0.24470000000000003,-0.06340736045995093
-0.24569999999999992,-0.06350639025094149
-0.24670000000000003,-0.06431277569186457
-0.24769999999999992,-0.06435521703086051
-0.24870000000000003,-0.06445424682185108
-0.24969999999999992,-0.06456742372584028
-0.25070000000000003,-0.06483621887281464
-0.2516999999999999,-0.06511916113278764
-0.25270000000000004,-0.06586895812171611
-0.2536999999999999,-0.06574163410472825
-0.25470000000000004,-0.06636410707666887
-0.2556999999999999,-0.06633581285067157
-0.25670000000000004,-0.06663290222364322
-0.25769999999999993,-0.06673193201463377
-0.25870000000000004,-0.06717049251759194
-0.25969999999999993,-0.0674958761165609
-0.26070000000000004,-0.06800517218451232
-0.26169999999999993,-0.06811834908850152
-0.26270000000000004,-0.06847202691346778
-0.26369999999999993,-0.06872667494744349
-0.26470000000000005,-0.06899547009441785
-0.26569999999999994,-0.06960379595335982
-0.26670000000000005,-0.07028285737729502
-0.26769999999999994,-0.07035359294228827
-0.26870000000000005,-0.07087703612323834
-0.26969999999999994,-0.07117412549621
-0.27070000000000005,-0.0717965984681506
-0.27169999999999994,-0.07229174742310338
-0.27270000000000005,-0.07224930608410743
-0.27369999999999994,-0.07298495596003725
-0.27470000000000006,-0.07360742893197786
-0.27569999999999995,-0.07372060583596705
-0.27670000000000006,-0.07411672499992927
-0.27769999999999995,-0.07475334508486854
-0.27870000000000006,-0.0751919055878267
-0.27969999999999995,-0.07557387763879025
-0.28070000000000006,-0.07606902659374302
-0.28169999999999995,-0.07680467646967284
-0.28270000000000006,-0.0770734716166472
-0.28369999999999995,-0.07775253304058242
-0.28470000000000006,-0.07862965404649873
-0.28569999999999995,-0.07885600785447715
-0.28670000000000007,-0.07950677505241506
-0.28769999999999996,-0.08015754225035297
-0.28870000000000007,-0.08075172099629631
-0.28969999999999996,-0.08160054777621531
-0.29070000000000007,-0.08225131497415322
-0.29169999999999996,-0.08271816970310869
-0.29270000000000007,-0.08326990711005607
-0.29369999999999996,-0.0842884992459589
-0.2947000000000001,-0.08464217707092515
-0.29569999999999996,-0.08544856251184822
-0.2967000000000001,-0.08646715464775104
-0.29769999999999996,-0.0868491266987146
-0.2987000000000001,-0.0871037747326903
-0.29969999999999997,-0.08806577841659853
-0.3007000000000001,-0.08919754745649056
-0.30169999999999997,-0.08957951950745412
-0.3027000000000001,-0.09006052134940823
-0.30369999999999997,-0.09117814327630162
-0.3047000000000001,-0.09182891047423952
-0.30569999999999997,-0.09264944302816126
-0.3067000000000001,-0.09373877072905733
-0.3077,-0.0945451561699804
-0.3087000000000001,-0.09591742613084948
-0.3097,-0.09711993073573477
-0.3107000000000001,-0.09854878914859845
-0.3117,-0.09914296789454177
-0.3127000000000001,-0.09985032354447429
-0.3137,-0.10123674061834202
-0.3147000000000001,-0.10146309442632043
-0.3157,-0.10296268840417737
-0.3167000000000001,-0.10331636622914364
-0.3177,-0.10441984104303836
-0.3187000000000001,-0.10546672740493848
-0.3197,-0.10681070313981027
-0.3207000000000001,-0.10798491351869824
-0.3217,-0.10880544607261997
-0.3227000000000001,-0.1101918631464877
-0.3237,-0.11135192641237703
-0.3247000000000001,-0.11278078482524072
-0.3257,-0.11415305478610982
-0.3267000000000001,-0.11504432290502477
-0.3277,-0.11576582566795594
-0.3287000000000001,-0.11727956675881154
-0.3297,-0.11825571755571843
-0.3307000000000001,-0.11938748659561045
-0.3317,-0.12092952191246334
-0.3327000000000001,-0.1227686466022879
-0.3337,-0.12334867823523256
-0.3347000000000001,-0.1245936241791138
-0.3357,-0.12643274886893832
-0.3367000000000001,-0.12750792945683576
-0.3377,-0.12896508209569676
-0.3387000000000001,-0.13067688276853343
-0.3397,-0.13166718067843897
-0.3407000000000001,-0.1329404208483175
-0.3417,-0.13429854369618793
-0.3427000000000001,-0.13585472612603947
-0.3437,-0.13794849884983973
-0.3447000000000001,-0.13933491592370748
-0.3457,-0.1411457463875347
-0.3467000000000001,-0.1427443701563822
-0.3477,-0.14472496597619325
-0.3487000000000001,-0.14628114840604478
-0.3497,-0.14812027309586934
-0.3507000000000001,-0.14939351326574787
-0.3517,-0.15193999360550495
-0.3527000000000001,-0.15293029151541046
-0.3537,-0.15462794507524852
-0.3547000000000001,-0.15689148315503257
-0.3557,-0.1587306078448571
-0.35670000000000013,-0.16085267479465465
-0.3577,-0.1622673860945197
-0.35870000000000013,-0.16495533756426325
-0.3597,-0.1669359333840743
-0.36070000000000013,-0.1689165292038854
-0.3617,-0.17103859615368294
-0.3626999999999999,-0.1734436053634535
-0.3637,-0.17556567231325104
-0.3646999999999999,-0.17782921039303512
-0.3657,-0.17924392169290015
-0.3666999999999999,-0.18150745977268423
-0.3677,-0.18405394011244128
-0.3686999999999999,-0.1861760070622388
-0.36970000000000003,-0.18843954514202288
-0.3706999999999999,-0.19112749661176645
-0.37170000000000003,-0.1933910346915505
-0.3726999999999999,-0.19551310164134805
-0.37370000000000003,-0.1974936974611591
-0.3746999999999999,-0.2011719468408082
-0.37570000000000003,-0.20329401379060577
-0.3766999999999999,-0.20598196526034934
-0.37770000000000004,-0.20909433012005244
-0.3786999999999999,-0.21121639706985
-0.37970000000000004,-0.21418729079956658
-0.3806999999999999,-0.21701671339929662
-0.38170000000000004,-0.2195631937390537
-0.38269999999999993,-0.22196820294882427
-0.38370000000000004,-0.22536351006850036
-0.38469999999999993,-0.2279099904082574
-0.38570000000000004,-0.23144676865792
-0.38669999999999993,-0.22409026989862182
-0.38570000000000004,-0.21758259791924262
-0.38469999999999993,-0.21234816610974203
-0.38370000000000004,-0.2088113878600794
-0.38269999999999993,-0.20584049413036284
-0.38170000000000004,-0.20244518701068673
-0.3806999999999999,-0.19904987989101067
-0.37970000000000004,-0.1966448706812401
-0.3786999999999999,-0.19409839034148305
-0.37770000000000004,-0.19126896774175295
-0.3766999999999999,-0.18843954514202288
-0.37570000000000003,-0.18532718028231981
-0.3746999999999999,-0.18263922881257624
-0.37370000000000003,-0.1806586329927652
-0.3726999999999999,-0.17782921039303512
-0.37170000000000003,-0.17499978779330505
-0.3706999999999999,-0.173019191973494
-0.36970000000000003,-0.17047271163373692
-0.3686999999999999,-0.1694824137238314
-0.3677,-0.1656626932141958
-0.3666999999999999,-0.1625503283544927
-0.3657,-0.1615600304445872
-0.3646999999999999,-0.1587306078448571
-0.3637,-0.15689148315503257
-0.3626999999999999,-0.15392058942531597
-0.3617,-0.15179852247551845
-0.36070000000000013,-0.1499593977856939
-0.3597,-0.14812027309586934
-0.35870000000000013,-0.14557379275611226
-0.3577,-0.1437346680662877
-0.35670000000000013,-0.14161260111649018
-0.3557,-0.13967444663567508
-0.3547000000000001,-0.13739676144289234
-0.3537,-0.1351898118151029
-0.3527000000000001,-0.13352045248126215
-0.3517,-0.13124276728847944
-0.3507000000000001,-0.12953096661564276
-0.3497,-0.12772013615181552
-0.3487000000000001,-0.1254990394110274
-0.3477,-0.12422579924114888
-0.3467000000000001,-0.12210373229135131
-0.3457,-0.11992507688955915
-0.3447000000000001,-0.11855280692869007
-0.3437,-0.11645903420488982
-0.3427000000000001,-0.1152140882610086
-0.3417,-0.11329008089319213
-0.3407000000000001,-0.11160657444635275
-0.3397,-0.1099938035645066
-0.3387000000000001,-0.10874885762062536
-0.3377,-0.10724926364276843
-0.3367000000000001,-0.10525452070995873
-0.3357,-0.10413689878306535
-0.3347000000000001,-0.10259486346621245
-0.3337,-0.10123674061834202
-0.3327000000000001,-0.09949664571950805
-0.3317,-0.09754434412569428
-0.3307000000000001,-0.09612963282582924
-0.3297,-0.09495542244694127
-0.3287000000000001,-0.09303141507912481
-0.3277,-0.09221088252520308
-0.3267000000000001,-0.09023028670539203
-0.3257,-0.08928243013448246
-0.3247000000000001,-0.08803748419060124
-0.3237,-0.08583053456281178
-0.3227000000000001,-0.08534953272085766
-0.3217,-0.08358114359602638
-0.3207000000000001,-0.08237863899114109
-0.3197,-0.08165713622820991
-0.3187000000000001,-0.08000192400736782
-0.3177,-0.0788984491934731
-0.3167000000000001,-0.0771866485206364
-0.3157,-0.07647929287070389
-0.3147000000000001,-0.07509287579683614
-0.3137,-0.07370645872296841
-0.3127000000000001,-0.07256054257007773
-0.3117,-0.07132974373919515
-0.3107000000000001,-0.07012723913430988
-0.3097,-0.06908035277240973
-0.3087000000000001,-0.06770808281154064
-0.3077,-0.06683096180562433
-0.3067000000000001,-0.0657274869917296
-0.30569999999999997,-0.06465230640383217
-0.3047000000000001,-0.0634498017989469
-0.30369999999999997,-0.06237462121104946
-0.3027000000000001,-0.06124285217115744
-0.30169999999999997,-0.060606232086218174
-0.3007000000000001,-0.05971496396730319
-0.29969999999999997,-0.05837098823243141
-0.2987000000000001,-0.056843100028577176
-0.29769999999999996,-0.05640453952561902
-0.2967000000000001,-0.05523032914673103
-0.29569999999999996,-0.054240031236825505
-0.2947000000000001,-0.05305167374493888
-0.29369999999999996,-0.0521604056260239
-0.29270000000000007,-0.05087301834314672
-0.29169999999999996,-0.049925161772237145
-0.29070000000000007,-0.04903389365332217
-0.28969999999999996,-0.04849630335937346
-0.28870000000000007,-0.04730794586748682
-0.28769999999999996,-0.046515707539562405
-0.28670000000000007,-0.04536979138667173
-0.28569999999999995,-0.0445209646067527
-0.28470000000000006,-0.043870197408814794
-0.28369999999999995,-0.04343163690585663
-0.28270000000000006,-0.04215839673597809
-0.28169999999999995,-0.04152177665103883
-0.28070000000000006,-0.04058806719312791
-0.27969999999999995,-0.03951288660523048
-0.27870000000000006,-0.039046031876275006
-0.27769999999999995,-0.03846600024333035
-0.27670000000000006,-0.03758887923741403
-0.27569999999999995,-0.036570287101511195
-0.27470000000000006,-0.036117579485554385
-0.27369999999999994,-0.03541022383562187
-0.27270000000000005,-0.034547249942704195
-0.27169999999999994,-0.033712570275783824
-0.27070000000000005,-0.033146685755837804
-0.26969999999999994,-0.032156387845932284
-0.26870000000000005,-0.03184515135996198
-0.26769999999999994,-0.031024618806040256
-0.26670000000000005,-0.03007676223513068
-0.26569999999999994,-0.029369406585198165
-0.26470000000000005,-0.028831816291249444
-0.26369999999999993,-0.027898106833338522
-0.26270000000000004,-0.027204898296404656
-0.26169999999999993,-0.02661071955046134
-0.26070000000000004,-0.026087276369511275
-0.25969999999999993,-0.025422362058574708
-0.25870000000000004,-0.0250262428946125
-0.25769999999999993,-0.024120827662698876
-0.25670000000000004,-0.02341347201276636
-0.2556999999999999,-0.0232012653177866
-0.25470000000000004,-0.02279099904082574
-0.2536999999999999,-0.021913878034909417
-0.25270000000000004,-0.021319699288966102
-0.2516999999999999,-0.02079625610801604
-0.25070000000000003,-0.020569902300037635
-0.24969999999999992,-0.019862546650105117
-0.24870000000000003,-0.019367397695152354
-0.24769999999999992,-0.019070308322180696
-0.24670000000000003,-0.018348805559249524
-0.24569999999999992,-0.018009274847281917
-0.24470000000000003,-0.017599008570321057
-0.24369999999999992,-0.016820917355395284
-0.24270000000000003,-0.01660871066041553
-0.24169999999999991,-0.015943796349478963
-0.24070000000000003,-0.015604265637511355
-0.2396999999999999,-0.015080822456561293
-0.23870000000000002,-0.014486643710617976
-0.2376999999999999,-0.01406647445455806
-0.23670000000000002,-0.013605278570802059
-0.23570000000000013,-0.013354874670725946
-0.23470000000000002,-0.012810210820277905
-0.23370000000000013,-0.012293841195827169
-0.23270000000000002,-0.012279694082828519
-0.23170000000000013,-0.011568094298996405
-0.23070000000000002,-0.011121045528239054
-0.22970000000000013,-0.010716438096477652
-0.22870000000000001,-0.010492913711098976
-0.22770000000000012,-0.010228362698024214
-0.2267,-0.00985063478096025
-0.22570000000000012,-0.00944602734919885
-0.2247,-0.008846189758056074
-0.22370000000000012,-0.008748574678365387
-0.2227,-0.008581638744981314
-0.22170000000000012,-0.007868624249849333
-0.2207,-0.007841744735151899
-0.21970000000000012,-0.007311227997702509
-0.2187,-0.006933500080638544
-0.21770000000000012,-0.006711390406559735
-0.2167,-0.00637610382849172
-0.2157000000000001,-0.0059983759114277556
-0.2147,-0.005817292865045031
-0.2137000000000001,-0.0050773988552156165
-0.2127,-0.004841142068138155
-0.2117000000000001,-0.00485387446983694
-0.2107,-0.004546882117766228
-0.2097000000000001,-0.004087100945310091
-0.2087,-0.003765961480240728
-0.2077000000000001,-0.0035707313208593527
-0.2067,-0.003388233563176763
-0.2057000000000001,-0.0030685088094072645
-0.2047,-0.002662486666345999
-0.2037000000000001,-0.0026907808923432998
-0.2027,-0.002440376992267188
-0.2017000000000001,-0.0018815660288204988
-0.2007,-0.0019098602548177994
-0.1997000000000001,-0.001546279450752485
-0.1987,-0.001392924745847115
-0.1977000000000001,-0.0010579211100390745
-0.19669999999999999,-0.000988175842955728
-0.1957000000000001,-0.00063930803640901
-0.19469999999999998,-0.00044379493476766205
-0.1937000000000001,-0.0003461798550769745
-0.19269999999999998,7.257468968307638e-05
-0.1917000000000001,0.00032382741653910686
-0.1907000000000001,0.0004913292344431272
-0.1897000000000002,0.0006169555978711424
-0.1887000000000001,0.0008263328702511678
-0.1877000000000002,0.0010357101426311933
-0.1867000000000001,0.000910083779203178
-0.1857000000000002,0.0015519382959519451
-0.1847000000000001,0.0017188742293360194
-0.1837000000000002,0.00173302134233467
-0.18270000000000008,0.0019013719870186096
-0.1817000000000002,0.0021517758870947205
-0.18070000000000008,0.0019282515017160448
-0.1797000000000002,0.002655413109846674
-0.17870000000000008,0.0024035944984706972
-0.1777000000000002,0.002779907704234797
-0.17670000000000008,0.0032552507009894495
-0.1757000000000002,0.0029199641229214358
-0.17470000000000008,0.0032821302156868853
-0.1737000000000002,0.0034646279733694745
-0.17270000000000008,0.0038975296311281765
-0.17170000000000019,0.003785767438438838
-0.17070000000000007,0.00365985813275085
-0.16970000000000018,0.004009291823817514
-0.16870000000000007,0.004287989949890926
-0.16770000000000018,0.004119639305206987
-0.16670000000000007,0.0044266316572777
-0.16570000000000018,0.0046232765279589395
-0.16470000000000007,0.004776065348344364
-0.16370000000000018,0.00501373684672169
-0.16270000000000007,0.0051113519264123775
-0.16170000000000018,0.005083057700415077
-0.16070000000000007,0.00540419716548444
-0.15970000000000018,0.005153793265408328
-0.15870000000000006,0.005739483743552453
-0.15770000000000017,0.005670162889859067
-0.15670000000000006,0.005753630856551104
-0.15570000000000017,0.00593471390293383
-0.15470000000000006,0.0060323289826245165
-0.15370000000000017,0.0062982947069991435
-0.15270000000000006,0.006241706255004542
-0.15170000000000017,0.0065076719793791685
-0.15070000000000006,0.006367615560692531
-0.14970000000000017,0.00675807587945528
-0.14870000000000005,0.006534551494076604
-0.14770000000000016,0.006729781653457979
-0.14670000000000005,0.0069533060388366555
-0.14570000000000016,0.007246151277908719
-0.14470000000000005,0.007050921118527342
-0.14370000000000016,0.007036774005528692
-0.14270000000000005,0.00730273972990332
-0.14170000000000016,0.007567290742978081
-0.14070000000000005,0.0074286490355913075
-0.13970000000000016,0.00772149427466337
-0.13870000000000005,0.008181275447119508
-0.13770000000000016,0.007652173420969983
-0.13670000000000004,0.008278890526810195
-0.13570000000000015,0.008028486626734083
-0.13470000000000004,0.008154395932422072
-0.13370000000000015,0.008293037639808844
-0.13270000000000004,0.008335478978804796
-0.13170000000000015,0.008377920317800748
-0.13070000000000004,0.008502414912188871
-0.12970000000000015,0.008809407264259583
-0.12870000000000004,0.008837701490256884
-0.12770000000000015,0.008823554377258232
-0.12670000000000003,0.009006052134940823
-0.12570000000000014,0.009201282294322198
-0.12470000000000003,0.009116399616330297
-0.12370000000000014,0.009075372988634211
-0.12270000000000003,0.009410659566702223
-0.12170000000000014,0.009116399616330297
-0.12070000000000003,0.009354071114707622
-0.11970000000000014,0.009535154161090348
-0.11870000000000003,0.009522421759391561
-0.11770000000000014,0.009313044487011536
-0.11670000000000003,0.009717651918772937
-0.11570000000000014,0.009563448387087647
-0.11470000000000002,0.010010497157845
-0.11370000000000013,0.009675210579776985
-0.11270000000000002,0.010177433091229074
-0.11170000000000013,0.010303342396917062
-0.11070000000000024,0.010010497157845
-0.10970000000000013,0.010317489509915713
-0.10870000000000024,0.010484425443299786
-0.10770000000000013,0.010331636622914362
-0.10670000000000024,0.010764538280673063
-0.10570000000000013,0.0108197120213678
-0.10470000000000024,0.01097391555305309
-0.10370000000000013,0.010498572556298437
-0.10270000000000024,0.0108197120213678
-0.10170000000000012,0.01086215336036375
-0.10070000000000023,0.010750391167674414
-0.09970000000000012,0.011071530632743777
-0.09870000000000023,0.011169145712434464
-0.09770000000000012,0.010903179988059836
-0.09670000000000023,0.01136437587181584
-0.09570000000000012,0.011405402499511925
-0.09470000000000023,0.011336081645818539
-0.09370000000000012,0.011657221110887902
-0.09270000000000023,0.011726541964581288
-0.09170000000000011,0.011602047370193167
-0.09070000000000022,0.011602047370193167
-0.08970000000000011,0.011657221110887902
-0.08870000000000022,0.011880745496266578
-0.08770000000000011,0.01185245127026928
-0.08670000000000022,0.012216032074334592
-0.08570000000000011,0.012118416994643905
-0.08470000000000022,0.012257058702030678
-0.08370000000000011,0.01213114939634269
-0.08270000000000022,0.012159443622339991
-0.0817000000000001,0.012216032074334592
-0.08070000000000022,0.012299500041026628
-0.0797000000000001,0.012648933732093293
-0.07870000000000021,0.012578198167100041
-0.0777000000000001,0.012606492393097342
-0.07670000000000021,0.012858311004473318
-0.0757000000000001,0.012830016778476018
-0.07470000000000021,0.012927631858166705
-0.0737000000000001,0.013011099824858742
-0.07270000000000021,0.012913484745168053
-0.0717000000000001,0.013275650837933504
-0.07070000000000021,0.012968658485862792
-0.0697000000000001,0.01310871490454943
-0.0687000000000002,0.013025246937857393
-0.0677000000000001,0.013360533515925407
-0.0667000000000002,0.013596790303002869
-0.06570000000000009,0.013275650837933504
-0.0647000000000002,0.013429854369618792
-0.06370000000000009,0.013485028110313529
-0.0627000000000002,0.013555763675306783
-0.06170000000000009,0.013779288060685456
-0.0607000000000002,0.013806167575382894
-0.059700000000000086,0.014189554337646317
-0.058700000000000196,0.01424614278964092
-0.057700000000000085,0.013960371107068182
-0.056700000000000195,0.014057986186758867
-0.05570000000000008,0.014231995676642267
-0.05470000000000019,0.014161260111649017
-0.05370000000000008,0.014100427525754819
-0.05270000000000019,0.014161260111649017
-0.05170000000000008,0.014288584128636872
-0.05070000000000019,0.014585673501608528
-0.04970000000000008,0.014543232162612576
-0.04870000000000019,0.014769585970590984
-0.047700000000000076,0.014812027309586936
-0.046700000000000186,0.014812027309586936
-0.045700000000000074,0.014981792665570736
-0.044700000000000184,0.014925204213576137
-0.04370000000000007,0.01505252823056399
-0.04270000000000018,0.015193999360550494
-0.04170000000000007,0.01509496956955994
-0.04070000000000018,0.015590118524512706
-0.03970000000000007,0.0153637647165343
-0.03870000000000018,0.015307176264539698
-0.03770000000000007,0.015307176264539698
-0.03670000000000018,0.015745736767497857
-0.035700000000000065,0.015561824298515404
-0.034700000000000175,0.01581647233249111
-0.03370000000000006,0.015717442541500558
-0.03270000000000017,0.015774030993495156
-0.03170000000000006,0.015774030993495156
-0.03070000000000017,0.015873060784485714
-0.02970000000000006,0.01611356170546277
-0.02870000000000017,0.01588720789748436
-0.027700000000000058,0.01597209057547626
-0.026700000000000168,0.01615600304445872
-0.025700000000000056,0.016283327061446574
-0.024700000000000166,0.01638235685243712
-0.023700000000000054,0.016495533756426328
-0.022700000000000164,0.01658041643441823
-0.021700000000000053,0.01660871066041553
-0.020700000000000163,0.016637004886412832
-0.01970000000000005,0.01670774045140608
-0.01870000000000016,0.016891652920388536
-0.01770000000000005,0.01699068271137909
-0.01670000000000016,0.017103859615368294
-0.015700000000000047,0.01690580003338719
-0.014700000000000157,0.016820917355395284
-0.013700000000000045,0.017174595180361543
-0.012700000000000156,0.017118006728366945
-0.011700000000000044,0.017202889406358845
-0.010700000000000154,0.017627302796318356
-0.009700000000000042,0.01748583166633185
-0.008700000000000152,0.017584861457322406
-0.00770000000000004,0.017613155683319705
-0.00670000000000015,0.018023421960280565
-0.005700000000000038,0.017980980621284618
-0.0047000000000001485,0.017910245056291362
-0.0037000000000000366,0.01820733442926302
-0.0027000000000001467,0.018023421960280565
-0.0017000000000000348,0.017938539282288665
-0.000700000000000145,0.018306364220253574
0.00029999999999996696,0.018080010412275173
0.0012999999999998568,0.018348805559249524
0.0022999999999999687,0.018787366062207687
0.0032999999999998586,0.01849027668923603
0.0042999999999999705,0.018759071836210388
0.00529999999999986,0.018815660288204986
0.006299999999999972,0.018744924723211737
0.007299999999999862,0.018815660288204986
0.008299999999999974,0.019027866983184743
0.009299999999999864,0.019254220791163148
0.010299999999999976,0.01897127853119014
0.011299999999999866,0.0191834852261699
0.012299999999999978,0.0192683679041618
0.013299999999999867,0.013891050253374797
0.012299999999999978,0.010833859134366451
0.011299999999999866,0.008809407264259583
0.010299999999999976,0.007526264115281995
0.009299999999999864,0.006688755025761894
0.008299999999999974,0.005920566789935178
0.007299999999999862,0.004887827541033701
0.006299999999999972,0.004594982301961639
0.00529999999999986,0.0037150318734455864
0.0042999999999999705,0.0033387186676814866
0.0032999999999998586,0.003031726315610774
0.0022999999999999687,0.0023059794187800095
0.0012999999999998568,0.00173302134233467
0.00029999999999996696,0.0010217045007625295
-0.000700000000000145,0.0008682083247271731
-0.0017000000000000348,0.00028195196206310183
-0.0027000000000001467,-0.00017867803717295413
-0.0037000000000000366,-0.0003461798550769745
-0.0047000000000001485,-0.0007649343998370254
-0.005700000000000038,-0.000988175842955728
-0.00670000000000015,-0.0015321323377538347
-0.00770000000000004,-0.0016297474174445223
-0.008700000000000152,-0.0018957131418191493
-0.009700000000000042,-0.002550724473656661
-0.010700000000000154,-0.0026497542646472133
-0.011700000000000044,-0.002928452390720626
-0.012700000000000156,-0.003430674902172714
-0.013700000000000045,-0.0036541992875513893
-0.014700000000000157,-0.003975338752620753
-0.015700000000000047,-0.003849429446932765
-0.01670000000000016,-0.004296478217690116
-0.01770000000000005,-0.0045893234567621795
-0.01870000000000016,-0.004841142068138155
-0.01970000000000005,-0.004896315808832892
-0.020700000000000163,-0.005217455273902255
-0.021700000000000053,-0.00537024409428768
-0.022700000000000164,-0.0056079155926650045
-0.023700000000000054,-0.006069111476421007
-0.024700000000000166,-0.0061950207821089955
-0.025700000000000056,-0.0062643416358023835
-0.026700000000000168,-0.0064737189081824085
-0.027700000000000058,-0.006683096180562433
-0.02870000000000017,-0.0066406548415664825
-0.02970000000000006,-0.007073556499325183
-0.03070000000000017,-0.007422990190391848
-0.03170000000000006,-0.007227760031010472
-0.03270000000000017,-0.007632367462771873
-0.03370000000000006,-0.007813450509154597
-0.034700000000000175,-0.007882771362847985
-0.035700000000000065,-0.008189763714918696
-0.03670000000000018,-0.008162884200221262
-0.03770000000000007,-0.008553344518984013
-0.03870000000000018,-0.00869340093767065
-0.03970000000000007,-0.008874483984053376
-0.04070000000000018,-0.009110740771130837
-0.04170000000000007,-0.008874483984053376
-0.04270000000000018,-0.009000393289741363
-0.04370000000000007,-0.009641257508580225
-0.044700000000000184,-0.009529495315890887
-0.045700000000000074,-0.009683698847576177
-0.046700000000000186,-0.009683698847576177
-0.047700000000000076,-0.00997654408664824
-0.04870000000000019,-0.010060012053340275
-0.04970000000000008,-0.010116600505334878
-0.05070000000000019,-0.01043773997040424
-0.05170000000000008,-0.010283536438718951
-0.05270000000000019,-0.010590528790789665
-0.05370000000000008,-0.010464619485101676
-0.05470000000000019,-0.01095410959485498
-0.05570000000000008,-0.011135192641237704
-0.056700000000000195,-0.011080018900542965
-0.057700000000000085,-0.01140115836561233
-0.058700000000000196,-0.011344569913617729
-0.059700000000000086,-0.011498773445303019
-0.0607000000000002,-0.011484626332304368
-0.06170000000000009,-0.011749177345379131
-0.0627000000000002,-0.012070316810448494
-0.06370000000000009,-0.01219622611613648
-0.0647000000000002,-0.01226554696982987
-0.06570000000000009,-0.01218207900313783
-0.0667000000000002,-0.012237252743832566
-0.0677000000000001,-0.012600833547897882
-0.0687000000000002,-0.012865384560972644
-0.0697000000000001,-0.012545659807203145
-0.07070000000000021,-0.012907825899968596
-0.0717000000000001,-0.013047882318655234
-0.07270000000000021,-0.013186524026042009
-0.0737000000000001,-0.013271406704033909
-0.07470000000000021,-0.013145497398345923
-0.0757000000000001,-0.013521810604110021
-0.07670000000000021,-0.013298286218731345
-0.0777000000000001,-0.013633572796799357
-0.07870000000000021,-0.013800508730183434
-0.0797000000000001,-0.01400988600256346
-0.08070000000000022,-0.01403818022856076
-0.0817000000000001,-0.01395471226186872
-0.08270000000000022,-0.014203701450644968
-0.08370000000000011,-0.01406647445455806
-0.08470000000000022,-0.01427443701563822
-0.08570000000000011,-0.014684703292599082
-0.08670000000000022,-0.014529085049613928
-0.08770000000000011,-0.014797880196588285
-0.08870000000000022,-0.014854468648582884
-0.08970000000000011,-0.015080822456561293
-0.09070000000000022,-0.014953498439573438
-0.09170000000000011,-0.015193999360550494
-0.09270000000000023,-0.015293029151541045
-0.09370000000000012,-0.015561824298515404
-0.09470000000000023,-0.015519382959519455
-0.09570000000000012,-0.015575971411514053
-0.09670000000000023,-0.015901355010483013
-0.09770000000000012,-0.01584476655848841
-0.09870000000000023,-0.016226738609451972
-0.09970000000000012,-0.016099414592464115
-0.10070000000000023,-0.016410651078434424
-0.10170000000000012,-0.016226738609451972
-0.10270000000000024,-0.016396503965435776
-0.10370000000000013,-0.01656626932141958
-0.10470000000000024,-0.01659456354741688
-0.10570000000000013,-0.01660871066041553
-0.10670000000000024,-0.016537975095422278
-0.10770000000000013,-0.016891652920388536
-0.10870000000000024,-0.017018976937376393
-0.10970000000000013,-0.017075565389370995
-0.11070000000000024,-0.017047271163373692
-0.11170000000000013,-0.017231183632356147
-0.11270000000000002,-0.0173868018753413
-0.11370000000000013,-0.017584861457322406
-0.11470000000000002,-0.017782921039303512
-0.11570000000000014,-0.0175282730053278
-0.11670000000000003,-0.017782921039303512
-0.11770000000000014,-0.018009274847281917
-0.11870000000000003,-0.017995127734283266
-0.11970000000000014,-0.018263922881257624
-0.12070000000000003,-0.01816489309026707
-0.12170000000000014,-0.018461982463238727
-0.12270000000000003,-0.018461982463238727
-0.12370000000000014,-0.01849027668923603
-0.12470000000000003,-0.018575159367227933
-0.12570000000000014,-0.018773218949209036
-0.12670000000000003,-0.01897127853119014
-0.12770000000000015,-0.018999572757187444
-0.12870000000000004,-0.01887224874019959
-0.12970000000000015,-0.019042014096183394
-0.13070000000000004,-0.0193249563561564
-0.13170000000000015,-0.019254220791163148
-0.13270000000000004,-0.019622045729128058
-0.13370000000000015,-0.019310809243157753
-0.13470000000000004,-0.019749369746115915
-0.13570000000000015,-0.01970692840711996
-0.13670000000000004,-0.01959375150313076
-0.13770000000000016,-0.019848399537106463
-0.13870000000000005,-0.01997572355409432
-0.13970000000000016,-0.020400136944053827
-0.14070000000000005,-0.020357695605057877
-0.14170000000000016,-0.020258665814067326
-0.14270000000000005,-0.020541608074040336
-0.14370000000000016,-0.020668932091028186
-0.14470000000000005,-0.020654784978029535
-0.14570000000000016,-0.020598196526034934
-0.14670000000000005,-0.020951874351001196
-0.14770000000000016,-0.0211782281589796
-0.14870000000000005,-0.021164081045980946
-0.14970000000000017,-0.021461170418952607
-0.15070000000000006,-0.0212065223849769
-0.15170000000000017,-0.021489464644949906
-0.15270000000000006,-0.021885583808912118
-0.15370000000000017,-0.02204120205189727
-0.15470000000000006,-0.021956319373905367
-0.15570000000000017,-0.02204120205189727
-0.15670000000000006,-0.022027054938898623
-0.15770000000000017,-0.02245146832885813
-0.15870000000000006,-0.02226755585987568
-0.15970000000000018,-0.022592939458844635
-0.16070000000000007,-0.02272026347583249
-0.16170000000000018,-0.02280514615382439
-0.16270000000000007,-0.022819293266823044
-0.16370000000000018,-0.022904175944814944
-0.16470000000000007,-0.02345591335176231
-0.16570000000000018,-0.023512501803756906
-0.16670000000000007,-0.023427619125765006
-0.16770000000000018,-0.023512501803756906
-0.16870000000000007,-0.023809591176728567
-0.16970000000000018,-0.02395106230671507
-0.17070000000000007,-0.02393691519371642
-0.17170000000000019,-0.02426229879268538
-0.17270000000000008,-0.023866179628723165
-0.1737000000000002,-0.024318887244679982
-0.17470000000000008,-0.02467256506964624
-0.1757000000000002,-0.024403769922671882
-0.17670000000000008,-0.024559388165657038
-0.1777000000000002,-0.025040390007611147
-0.17870000000000008,-0.0249979486686152
-0.1797000000000002,-0.025040390007611147
-0.18070000000000008,-0.02537992071957876
-0.1817000000000002,-0.02543650917157336
-0.18270000000000008,-0.025832628335535568
-0.1837000000000002,-0.025974099465522073
-0.1847000000000001,-0.025959952352523425
-0.1857000000000002,-0.02621460038649913
-0.1867000000000001,-0.02624289461249643
-0.1877000000000002,-0.026356071516485634
-0.1887000000000001,-0.026709749341451892
-0.1897000000000002,-0.026992691601424906
-0.1907000000000001,-0.026780484906445145
-0.1917000000000001,-0.026992691601424906
-0.19269999999999998,-0.02750198766937631
-0.1937000000000001,-0.02772834147735472
-0.19469999999999998,-0.02775663570335202
-0.1957000000000001,-0.02774248859035337
-0.19669999999999999,-0.02852057980527914
-0.1977000000000001,-0.028223490432307482
-0.1987,-0.028591315370272388
-0.1997000000000001,-0.02860546248327104
-0.2007,-0.02894499319523865
-0.2017000000000001,-0.028874257630245398
-0.2027,-0.029242082568210308
-0.2037000000000001,-0.029383553698196813
-0.2047,-0.02968064307116847
-0.2057000000000001,-0.029765525749160374
-0.2067,-0.030048468009133376
-0.2077000000000001,-0.030373851608102336
-0.2087,-0.03058605830308209
-0.2097000000000001,-0.030953883241047007
-0.2107,-0.030600205416080745
-0.2117000000000001,-0.03154806198699031
-0.2127,-0.03140659085700381
-0.2137000000000001,-0.03166123889097952
-0.2147,-0.03238274165391069
-0.2157000000000001,-0.03251006567089854
-0.2167,-0.03276471370487424
-0.21770000000000012,-0.0327788608178729
-0.2187,-0.03303350885184861
-0.21970000000000012,-0.03358524625879597
-0.2207,-0.033740864501781126
-0.22170000000000012,-0.033924776970763584
-0.2227,-0.034476514377710946
-0.22370000000000012,-0.034278454795729836
-0.2247,-0.034929221993667756
-0.22570000000000012,-0.03515557580164616
-0.2267,-0.03553754785260972
-0.22770000000000012,-0.03597610835556788
-0.22870000000000001,-0.03599025546856653
-0.22970000000000013,-0.03671175823149771
-0.23070000000000002,-0.036853229361484205
-0.23170000000000013,-0.03705128894346531
-0.23270000000000002,-0.03768790902840457
-0.23370000000000013,-0.03774449748039918
-0.23470000000000002,-0.038126469531362735
-0.23570000000000013,-0.03843770601733305
-0.23670000000000002,-0.039159208780264215
-0.2376999999999999,-0.039244091458256115
-0.23870000000000002,-0.03954118083122777
-0.2396999999999999,-0.04020609514216435
-0.24070000000000003,-0.0405597729671306
-0.24169999999999991,-0.041012480583087416
-0.24270000000000003,-0.041380305521052325
-0.24369999999999992,-0.041818866024010484
-0.24470000000000003,-0.042214985187972696
-0.24569999999999992,-0.0423564563179592
-0.24670000000000003,-0.04307795908089037
-0.24769999999999992,-0.04378531473082289
-0.24870000000000003,-0.0441531396687878
-0.24969999999999992,-0.04463414151074191
-0.25070000000000003,-0.04508684912669872
-0.2516999999999999,-0.04573761632463663
-0.25270000000000004,-0.04609129414960289
-0.2536999999999999,-0.04668547289554621
-0.25470000000000004,-0.04730794586748682
-0.2556999999999999,-0.04794456595242609
-0.25670000000000004,-0.048368979342385605
-0.25769999999999993,-0.04858118603736536
-0.25870000000000004,-0.04958563106026953
-0.25969999999999993,-0.050024191563227696
-0.26070000000000004,-0.05080228277815346
-0.26169999999999993,-0.05091545968214267
-0.26270000000000004,-0.0521038171740293
-0.26369999999999993,-0.0524433478859969
-0.26470000000000005,-0.05317899776192673
-0.26569999999999994,-0.05364585249088218
-0.26670000000000005,-0.054367355253813365
-0.26769999999999994,-0.05541424161571349
-0.26870000000000005,-0.0558103607796757
-0.26969999999999994,-0.056843100028577176
-0.27070000000000005,-0.05742313166152184
-0.27169999999999994,-0.058031457520463806
-0.27270000000000005,-0.05917737367335448
-0.27369999999999994,-0.05971496396730319
-0.27470000000000006,-0.060521349408226274
-0.27569999999999995,-0.060974057024183084
-0.27670000000000006,-0.061879472256096704
-0.27769999999999995,-0.06274244614901436
-0.27870000000000006,-0.063647861380928
-0.27969999999999995,-0.06428448146586727
-0.28070000000000006,-0.06537380916676334
-0.28169999999999995,-0.06627922439867698
-0.28270000000000006,-0.06719878674358926
-0.28369999999999995,-0.0677222299245393
-0.28470000000000006,-0.06871252783444483
-0.28569999999999995,-0.0699433266653274
-0.28670000000000007,-0.07060824097626398
-0.28769999999999996,-0.07188148114614251
-0.28870000000000007,-0.07264542524806963
-0.28969999999999996,-0.07384792985295491
-0.29070000000000007,-0.07465431529387798
-0.29169999999999996,-0.07584267278576462
-0.29270000000000007,-0.07698858893865529
-0.29369999999999996,-0.07827597622153248
-0.2947000000000001,-0.07902577321046096
-0.29569999999999996,-0.0804121902843287
-0.2967000000000001,-0.08133175262924096
-0.29769999999999996,-0.08239278610413973
-0.2987000000000001,-0.08392067430799398
-0.29969999999999997,-0.0849392664438968
-0.3007000000000001,-0.08595785857979962
-0.30169999999999997,-0.08734427565366736
-0.3027000000000001,-0.08882972251852565
-0.30369999999999997,-0.08980587331543252
-0.3047000000000001,-0.09160255666626112
-0.30569999999999997,-0.09262114880216396
-0.3067000000000001,-0.09397927165003438
-0.3077,-0.09553545407988592
-0.3087000000000001,-0.09686528270175906
-0.3097,-0.09792631617665784
-0.3107000000000001,-0.09945420438051207
-0.3117,-0.10109526948835552
-0.3127000000000001,-0.10267974614420436
-0.3137,-0.10416519300906264
-0.3147000000000001,-0.10573552255191283
-0.3157,-0.10740488188575359
-0.3167000000000001,-0.10893277008960783
-0.3177,-0.11029089293747825
-0.3187000000000001,-0.11251198967826637
-0.3197,-0.11392670097813141
-0.3207000000000001,-0.11545458918198566
-0.3217,-0.11710980140282773
-0.3227000000000001,-0.11935919236961315
-0.3237,-0.12033534316652002
-0.3247000000000001,-0.12210373229135131
-0.3257,-0.12381553296418803
-0.3267000000000001,-0.12585271723599367
-0.3277,-0.1280030784117885
-0.3287000000000001,-0.12906411188668732
-0.3297,-0.13172376913043357
-0.3307000000000001,-0.1331667746562959
-0.3317,-0.13517566470210426
-0.3327000000000001,-0.13705723073092474
-0.3337,-0.13899538521173985
-0.3347000000000001,-0.1410042752575482
-0.3357,-0.1428858412863687
-0.3367000000000001,-0.14529085049613927
-0.3377,-0.14783733083589634
-0.3387000000000001,-0.1498179266557074
-0.3397,-0.15222293586547794
-0.3407000000000001,-0.15335470490536995
-0.3417,-0.1551938295951945
-0.3427000000000001,-0.15759883880496509
-0.3437,-0.16071120366466815
-0.3447000000000001,-0.1626917994844792
-0.3457,-0.16523827982423628
-0.3467000000000001,-0.16750181790402036
-0.3477,-0.17033124050375043
-0.3487000000000001,-0.17188742293360199
-0.3497,-0.17584861457322407
-0.3507000000000001,-0.1774047970030756
-0.3517,-0.18023421960280567
-0.3527000000000001,-0.18263922881257624
-0.3537,-0.1857515936722793
-0.3547000000000001,-0.18744924723211737
-0.3557,-0.19013719870186094
-0.35670000000000013,-0.1931080924315775
-0.3577,-0.19636192842126707
-0.35870000000000013,-0.19890840876102414
-0.3597,-0.20159636023076774
-0.36070000000000013,-0.2044257828304978
-0.3617,-0.2075381476902009
-0.3626999999999999,-0.21022609915994445
-0.3637,-0.21291405062968802
-0.3646999999999999,-0.21489464644949907
-0.3657,-0.21800701130920216
-0.3666999999999999,-0.21970466486904017
-0.3677,-0.2229585008587298
-0.3686999999999999,-0.22621233684841938
-0.36970000000000003,-0.22918323057813594
-0.3706999999999999,-0.23201265317786599
-0.37170000000000003,-0.2354079602975421
-0.3726999999999999,-0.2386617962872317
-0.37370000000000003,-0.24248151679686727
-0.3746999999999999,-0.24347181470677282
-0.37570000000000003,-0.24630123730650288
-0.3766999999999999,-0.24983801555616547
-0.37770000000000004,-0.2540821494557606
-0.3786999999999999,-0.2564871586655311
-0.37970000000000004,-0.25959952352523424
-0.3806999999999999,-0.2628533595149239
-0.38170000000000004,-0.26752190680447846
-0.38269999999999993,-0.27105868505414105
-0.38370000000000004,-0.27501987669376315
-0.38469999999999993,-0.27982989511330425
-0.38570000000000004,-0.28364961562293983
-0.38669999999999993,-0.27473693443379016
-0.38570000000000004,-0.26582425324464043
-0.38469999999999993,-0.26030687917516676
-0.38370000000000004,-0.25634568753554465
-0.38269999999999993,-0.25068684233608446
-0.38170000000000004,-0.24672565069646235
-0.3806999999999999,-0.24304740131681332
-0.37970000000000004,-0.23738855611735316
-0.3786999999999999,-0.23470060464760956
-0.37770000000000004,-0.23144676865792
-0.3766999999999999,-0.2276270481482844
-0.37570000000000003,-0.22479762554855431
-0.3746999999999999,-0.22126084729889173
-0.37370000000000003,-0.21687524226931013
-0.3726999999999999,-0.21404581966958006
-0.37170000000000003,-0.21065051254990397
-0.3706999999999999,-0.2081040322101469
-0.36970000000000003,-0.20485019622045733
-0.3686999999999999,-0.20145488910078121
-0.3677,-0.19834252424107812
-0.3666999999999999,-0.19551310164134805
-0.3657,-0.19126896774175295
-0.3646999999999999,-0.18886395853198237
-0.3637,-0.1857515936722793
-0.3626999999999999,-0.18235628655260325
-0.3617,-0.17938539282288665
-0.36070000000000013,-0.1771218547431026
-0.3597,-0.17457537440334553
-0.35870000000000013,-0.17103859615368294
-0.3577,-0.16863358694391237
-0.35670000000000013,-0.16622857773414182
-0.3557,-0.16368209739438472
-0.3547000000000001,-0.16056973253468165
-0.3537,-0.1584476655848841
-0.3527000000000001,-0.15618412750510002
-0.3517,-0.1540620605553025
-0.3507000000000001,-0.1513741090855589
-0.3497,-0.14840321535584233
-0.3487000000000001,-0.14613967727605828
-0.3477,-0.1434517258063147
-0.3467000000000001,-0.14127307040452258
-0.3457,-0.1394056514887007
-0.3447000000000001,-0.13656208177597198
-0.3437,-0.1333931284642743
-0.3427000000000001,-0.13127106151447676
-0.3417,-0.12998367423159957
-0.3407000000000001,-0.1280313726377858
-0.3397,-0.12551318652402607
-0.3387000000000001,-0.1237023560601988
-0.3377,-0.12159443622339991
-0.3367000000000001,-0.11991092977656051
-0.3357,-0.11776056860076566
-0.3347000000000001,-0.11594973813693843
-0.3337,-0.1139549952041287
-0.3327000000000001,-0.11200269361031497
-0.3317,-0.10988062666051741
-0.3307000000000001,-0.10744732322474954
-0.3297,-0.10676826180081432
-0.3287000000000001,-0.10491498999799112
-0.3277,-0.10306171819516792
-0.3267000000000001,-0.10108112237535687
-0.3257,-0.09975129375348374
-0.3247000000000001,-0.09794046328965648
-0.3237,-0.09600230880884139
-0.3227000000000001,-0.09431880236200199
-0.3217,-0.0930880035311194
-0.3207000000000001,-0.09086690679033131
-0.3197,-0.08926828302148382
-0.3187000000000001,-0.08798089573860662
-0.3177,-0.0862832421787686
-0.3167000000000001,-0.08462802995792648
-0.3157,-0.08229375631314918
-0.3147000000000001,-0.08121857572525175
-0.3137,-0.08004436534636378
-0.3127000000000001,-0.07829012333453113
-0.3117,-0.0774412965546121
-0.3107000000000001,-0.07589926123775922
-0.3097,-0.07480993353686313
-0.3087000000000001,-0.072914220395044
-0.3077,-0.07186733403314385
-0.3067000000000001,-0.07053750541127073
-0.30569999999999997,-0.06909449988540839
-0.3047000000000001,-0.0676090530205501
-0.30369999999999997,-0.06649143109365672
-0.3027000000000001,-0.06523233803677685
-0.30169999999999997,-0.06383177384991046
-0.3007000000000001,-0.06255853368003192
-0.29969999999999997,-0.06153994154412909
-0.2987000000000001,-0.06004034756627216
-0.29769999999999996,-0.059304697690342335
-0.2967000000000001,-0.05750801433951374
-0.29569999999999996,-0.05701286538456098
-0.2947000000000001,-0.0558103607796757
-0.29369999999999996,-0.05473518019177826
-0.29270000000000007,-0.053334616004911885
-0.29169999999999996,-0.0522169940780185
-0.29070000000000007,-0.05138231441109813
-0.28969999999999996,-0.05029298671020205
-0.28870000000000007,-0.04910462921831542
-0.28769999999999996,-0.04804359574341665
-0.28670000000000007,-0.047336240093484125
-0.28569999999999995,-0.046232765279589395
-0.28470000000000006,-0.04500196644870682
-0.28369999999999995,-0.044464376154758095
-0.28270000000000006,-0.04361554937483908
-0.28169999999999995,-0.0423847505439565
-0.28070000000000006,-0.04133786418205637
-0.27969999999999995,-0.0406729498711198
-0.27870000000000006,-0.04009291823817514
-0.27769999999999995,-0.039074326102272315
-0.27670000000000006,-0.038154763757360044
-0.27569999999999995,-0.03716446584745452
-0.27470000000000006,-0.03671175823149771
-0.27369999999999994,-0.03593366701657193
-0.27270000000000005,-0.03470286818568935
-0.27169999999999994,-0.034278454795729836
-0.27070000000000005,-0.033358892450817565
-0.26969999999999994,-0.03251006567089854
-0.26870000000000005,-0.03195832826395118
-0.26769999999999994,-0.031166089936026757
-0.26670000000000005,-0.03051532273808884
-0.26569999999999994,-0.029567466167179264
-0.26470000000000005,-0.028860110517246747
-0.26369999999999993,-0.028336667336296688
-0.26270000000000004,-0.02743125210438306
-0.26169999999999993,-0.02682292624544109
-0.26070000000000004,-0.026398512855481584
-0.25969999999999993,-0.025309185154585506
-0.25870000000000004,-0.025181861137597652
-0.25769999999999993,-0.02423400456668808
-0.25670000000000004,-0.023512501803756906
-0.2556999999999999,-0.022946617283810897
-0.25470000000000004,-0.02238073276386488
-0.2536999999999999,-0.021461170418952607
-0.25270000000000004,-0.021333846401964753
-0.2516999999999999,-0.02052746096104168
-0.25070000000000003,-0.020103047571082173
-0.24969999999999992,-0.019579604390132108
-0.24870000000000003,-0.01885810162720094
-0.24769999999999992,-0.01820733442926302
-0.24670000000000003,-0.017754626813306213
-0.24569999999999992,-0.017641449909317007
-0.24470000000000003,-0.01691994714638584
-0.24369999999999992,-0.016311621287443873
-0.24270000000000003,-0.015604265637511355
-0.24169999999999991,-0.015646706976507305
-0.24070000000000003,-0.014599820614607179
-0.2396999999999999,-0.014415908145624722
-0.23870000000000002,-0.013871244295176685
-0.2376999999999999,-0.013605278570802059
-0.23670000000000002,-0.01325725959103526
-0.23570000000000013,-0.012698448627588569
-0.23470000000000002,-0.012474924242209893
-0.23370000000000013,-0.012027875471452542
-0.23270000000000002,-0.01137286413961503
-0.23170000000000013,-0.010604675903788316
-0.23070000000000002,-0.010576381677791015
-0.22970000000000013,-0.00997654408664824
-0.22870000000000001,-0.009655404621578876
-0.22770000000000012,-0.009236650076818825
-0.2267,-0.00894380483774676
-0.22570000000000012,-0.008484023665290623
-0.2247,-0.007896918475846634
-0.22370000000000012,-0.008051122007531924
-0.2227,-0.007254639545707908
-0.22170000000000012,-0.006892473452942458
-0.2207,-0.006794858373251771
-0.21970000000000012,-0.006431277569186457
-0.2187,-0.0059983759114277556
-0.21770000000000012,-0.00578899863904773
-0.2167,-0.005426832546282281
-0.2157000000000001,-0.00499393088852358
-0.2147,-0.0047562593901462535
-0.2137000000000001,-0.0040446596063141394
-0.2127,-0.004170568912002128
-0.2117000000000001,-0.0036824935135486908
-0.2107,-0.0034999957558661007
-0.2097000000000001,-0.003123682550102001
-0.2087,-0.002886011051724675
-0.2077000000000001,-0.0025931658126526124
-0.2067,-0.002383788540272587
-0.2057000000000001,-0.0022309997198871625
-0.2047,-0.0015604265637511356
-0.2037000000000001,-0.0015321323377538347
-0.2027,-0.001309173836895105
-0.2017000000000001,-0.0012813040242877637
-0.2007,-0.0005275458437196721
-0.1997000000000001,-0.0003461798550769745
-0.1987,-0.00017867803717295413
-0.1977000000000001,-1.1166316289834733e-05
-0.19669999999999999,0.0004075783254911171
-0.1957000000000001,0.00044945377996712213
-0.19469999999999998,0.00026794632019443794
-0.1937000000000001,0.0012449459438812322
-0.19269999999999998,0.0009519592336791832
-0.1917000000000001,0.0013567081365705703
-0.1907000000000001,0.0014401761032626073
-0.1897000000000002,0.0018037569073279217
-0.1887000000000001,0.0022366585650866228
-0.1877000000000002,0.002096602146399984
-0.1867000000000001,0.0025563833188561214
-0.1857000000000002,0.0025563833188561214
-0.1847000000000001,0.002543650917157336
-0.1837000000000002,0.002877522783925485
-0.18270000000000008,0.0031293413953014607
-0.1817000000000002,0.0032962773286855356
-0.18070000000000008,0.0034080395213748733
-0.1797000000000002,0.0035198017140642113
-0.17870000000000008,0.003840941179133575
-0.1777000000000002,0.004022024225516299
-0.17670000000000008,0.004050318451513601
-0.1757000000000002,0.004483220109272302
-0.17470000000000008,0.004343163690585663
-0.1737000000000002,0.004692597381652327
-0.17270000000000008,0.0046232765279589395
-0.17170000000000019,0.0048595333150364016
-0.17070000000000007,0.005208967006103065
-0.16970000000000018,0.004692597381652327
-0.16870000000000007,0.0053900500524857895
-0.16770000000000018,0.005613574437864466
-0.16670000000000007,0.005473518019177827
-0.16570000000000018,0.005767777969549754
-0.16470000000000007,0.00593471390293383
-0.16370000000000018,0.006004034756627216
-0.16270000000000007,0.006115796949316554
-0.16170000000000018,0.006088917434619118
-0.16070000000000007,0.006548698607075255
-0.15970000000000018,0.006227559142005892
-0.15870000000000006,0.00674392876645663
-0.15770000000000017,0.006855690959145968
-0.15670000000000006,0.006800517218451231
-0.15570000000000017,0.007024041603829908
-0.15470000000000006,0.007176830424215331
-0.15370000000000017,0.007260298390907369
-0.15270000000000006,0.007036774005528692
-0.15170000000000017,0.0069533060388366555
-0.15070000000000006,0.007400354809594008
-0.14970000000000017,0.007762520902359457
-0.14870000000000005,0.007483822776286044
-0.14770000000000016,0.007638026307971333
-0.14670000000000005,0.007581437855976732
-0.14570000000000016,0.007888430208047444
-0.14470000000000005,0.008168543045420721
-0.14370000000000016,0.008195422560118158
-0.14270000000000005,0.008390652719499533
-0.14170000000000016,0.008390652719499533
-0.14070000000000005,0.00861417710487821
-0.13970000000000016,0.00860002999187956
-0.13870000000000005,0.008544856251184821
-0.13770000000000016,0.008725939297567546
-0.13670000000000004,0.008461388284492785
-0.13570000000000015,0.008865995716254184
-0.13470000000000004,0.008907022343950272
-0.13370000000000015,0.00906122587563556
-0.13270000000000004,0.009396512453703574
-0.13170000000000015,0.009479980420395611
-0.13070000000000004,0.009242308922018284
-0.12970000000000015,0.009563448387087647
-0.12870000000000004,0.0095775955000863
-0.12770000000000015,0.009563448387087647
-0.12670000000000003,0.009620036839082248
-0.12570000000000014,0.009744531433470371
-0.12470000000000003,0.009912882078154312
-0.12370000000000014,0.010191580204227724
-0.12270000000000003,0.010219874430225024
-0.12170000000000014,0.010108112237535688
-0.12070000000000003,0.00987044073915836
-0.11970000000000014,0.010331636622914362
-0.11870000000000003,0.010303342396917062
-0.11770000000000014,0.010136406463532989
-0.11670000000000003,0.010429251702605051
-0.11570000000000014,0.010429251702605051
-0.11470000000000002,0.010526866782295738
-0.11370000000000013,0.0108197120213678
-0.11270000000000002,0.011057383519745126
-0.11170000000000013,0.010777270682371849
-0.11070000000000024,0.010707949828678464
-0.10970000000000013,0.011183292825433113
-0.10870000000000024,0.011112557260439863
-0.10770000000000013,0.011559606031197215
-0.10670000000000024,0.01135022875881719
-0.10570000000000013,0.011419549612510575
-0.10470000000000024,0.011419549612510575
-0.10370000000000013,0.011517164692201263
-0.10270000000000024,0.011504432290502478
-0.10170000000000012,0.011657221110887902
-0.10070000000000023,0.011504432290502478
-0.09970000000000012,0.011797277529574539
-0.09870000000000023,0.011921772123962664
-0.09770000000000012,0.012047681429650653
-0.09670000000000023,0.011866598383267929
-0.09570000000000012,0.012104269881645254
-0.09470000000000023,0.012187737848337292
-0.09370000000000012,0.012299500041026628
-0.09270000000000023,0.012047681429650653
-0.09170000000000011,0.01232779426702393
-0.09070000000000022,0.01232779426702393
-0.08970000000000011,0.012397115120717317
-0.08870000000000022,0.012578198167100041
-0.08770000000000011,0.012801722552478717
-0.08670000000000022,0.012815869665477366
-0.08570000000000011,0.012661666133792078
-0.08470000000000022,0.012773428326481416
-0.08370000000000011,0.01309456779155078
-0.08270000000000022,0.013011099824858742
-0.0817000000000001,0.013165303356544032
-0.08070000000000022,0.013039394050856043
-0.0797000000000001,0.012858311004473318
-0.07870000000000021,0.01310871490454943
-0.0777000000000001,0.013303945063930806
-0.07670000000000021,0.013220477097238767
-0.0757000000000001,0.013165303356544032
-0.07470000000000021,0.013275650837933504
-0.0737000000000001,0.013485028110313529
-0.07270000000000021,0.013415707256620142
-0.0717000000000001,0.013862756027377495
-0.07070000000000021,0.013793435173684107
-0.0697000000000001,0.013374680628924057
-0.0687000000000002,0.013974518220066835
-0.0677000000000001,0.01401554484776292
-0.0667000000000002,0.013891050253374797
-0.06570000000000009,0.013960371107068182
-0.0647000000000002,0.013862756027377495
-0.06370000000000009,0.014113159927453607
-0.0627000000000002,0.014086280412756171
-0.06170000000000009,0.014217848563643616
-0.0607000000000002,0.014161260111649017
-0.059700000000000086,0.014175407224647668
-0.058700000000000196,0.014345172580631472
-0.057700000000000085,0.014642261953603129
-0.056700000000000195,0.014472496597619325
-0.05570000000000008,0.014599820614607179
-0.05470000000000019,0.014868615761581536
-0.05370000000000008,0.014896909987578835
-0.05270000000000019,0.014628114840604478
-0.05170000000000008,0.015109116682558592
-0.05070000000000019,0.014755438857592333
-0.04970000000000008,0.014981792665570736
-0.04870000000000019,0.01501008689156804
-0.047700000000000076,0.015109116682558592
-0.046700000000000186,0.015193999360550494
-0.045700000000000074,0.015349617603535646
-0.044700000000000184,0.015151558021554544
-0.04370000000000007,0.01543450028152755
-0.04270000000000018,0.015264734925543746
-0.04170000000000007,0.015519382959519455
-0.04070000000000018,0.015717442541500558
-0.03970000000000007,0.015618412750510005
-0.03870000000000018,0.015957943462477614
-0.03770000000000007,0.01588720789748436
-0.03670000000000018,0.015703295428501907
-0.035700000000000065,0.016042826140469518
-0.034700000000000175,0.016071120366466816
-0.03370000000000006,0.01625503283544927
-0.03270000000000017,0.01629747417444522
-0.03170000000000006,0.016226738609451972
-0.03070000000000017,0.016339915513441175
-0.02970000000000006,0.01648138664342768
-0.02870000000000017,0.01656626932141958
-0.027700000000000058,0.016410651078434424
-0.026700000000000168,0.01656626932141958
-0.025700000000000056,0.016637004886412832
-0.024700000000000166,0.016792623129397985
-0.023700000000000054,0.01687750580738989
-0.022700000000000164,0.016679446225408782
-0.021700000000000053,0.01693409425938449
-0.020700000000000163,0.017146300954364244
-0.01970000000000005,0.016948241372383138
-0.01870000000000016,0.017174595180361543
-0.01770000000000005,0.0172453307453548
-0.01670000000000016,0.0173302134233467
-0.015700000000000047,0.01734436053634535
-0.014700000000000157,0.01728777208435075
-0.013700000000000045,0.01774047970030756
-0.012700000000000156,0.0173868018753413
-0.011700000000000044,0.017641449909317007
-0.010700000000000154,0.017995127734283266
-0.009700000000000042,0.017924392169290013
-0.008700000000000152,0.01820733442926302
-0.00770000000000004,0.01820733442926302
-0.00670000000000015,0.017980980621284618
-0.005700000000000038,0.018080010412275173
-0.0047000000000001485,0.018306364220253574
-0.0037000000000000366,0.01847612957623738
-0.0027000000000001467,0.018377099785246823
-0.0017000000000000348,0.018688336271217135
-0.000700000000000145,0.01856101225422928
0.00029999999999996696,0.018716630497214438
0.0012999999999998568,0.018744924723211737
0.0022999999999999687,0.018957131418191494
0.0032999999999998586,0.018985425644188793
0.0042999999999999705,0.019070308322180696
0.00529999999999986,0.019169338113171244
0.006299999999999972,0.01933910346915505
0.007299999999999862,0.019169338113171244
0.008299999999999974,0.019310809243157753
0.009299999999999864,0.01969278129412131
0.010299999999999976,0.0191551910001726
0.011299999999999866,0.019466427486142905
0.012299999999999978,0.019579604390132108
0.013299999999999867,0.014203701450644968
0.012299999999999978,0.01086215336036375
0.011299999999999866,0.009256456035016935
0.010299999999999976,0.008418946945496834
0.009299999999999864,0.0070650682315259936
0.008299999999999974,0.006479377753381868
0.007299999999999862,0.00580880459724584
0.006299999999999972,0.004735038720648278
0.00529999999999986,0.004650156042656376
0.0042999999999999705,0.0038267940661349245
0.0032999999999998586,0.0035763901660588126
0.0022999999999999687,0.0026412659968480237
0.0012999999999998568,0.0025705304318547717
0.00029999999999996696,0.0019565457277133454
-0.000700000000000145,0.0016495533756426327
-0.0017000000000000348,0.0011892063186665497
-0.0027000000000001467,0.0008542026828585092
-0.0037000000000000366,0.0003516972291464481
-0.0047000000000001485,1.6750181790402034e-05
-0.005700000000000038,-0.00015080822456561293
-0.00670000000000015,-0.00044379493476766205
-0.00770000000000004,-0.0008346796669203716
-0.008700000000000152,-0.0008904192921350541
-0.009700000000000042,-0.001615600304445872
-0.010700000000000154,-0.0016721887564404734
-0.011700000000000044,-0.002188558380891212
-0.012700000000000156,-0.002202705493889862
-0.013700000000000045,-0.0026907808923432998
-0.014700000000000157,-0.002859131537027239
-0.015700000000000047,-0.0028308373110299385
-0.01670000000000016,-0.0032637389687886396
-0.01770000000000005,-0.0035282899818634018
-0.01870000000000016,-0.003918750300626152
-0.01970000000000005,-0.004003632978618054
-0.020700000000000163,-0.00407295383231144
-0.021700000000000053,-0.004532735004767577
-0.022700000000000164,-0.0045893234567621795
-0.023700000000000054,-0.004924610034830193
-0.024700000000000166,-0.004812847842140855
-0.025700000000000056,-0.005412685433283631
-0.026700000000000168,-0.005245749499899557
-0.027700000000000058,-0.005440979659280931
-0.02870000000000017,-0.005733824898352994
-0.02970000000000006,-0.006026670137425056
-0.03070000000000017,-0.0061525794431130446
-0.03170000000000006,-0.006305368263498468
-0.03270000000000017,-0.0064737189081824085
-0.03370000000000006,-0.006487866021181058
-0.034700000000000175,-0.006835885000947857
-0.035700000000000065,-0.007045262273327883
-0.03670000000000018,-0.007087703612323834
-0.03770000000000007,-0.0074923110440852335
-0.03870000000000018,-0.007394695964394547
-0.03970000000000007,-0.007744129655461212
-0.04070000000000018,-0.007911065588845285
-0.04170000000000007,-0.007868624249849333
-0.04270000000000018,-0.008232205053914648
-0.04370000000000007,-0.00814873708722261
-0.044700000000000184,-0.008175616601920047
-0.045700000000000074,-0.00852505029298671
-0.046700000000000186,-0.0086226653726774
-0.047700000000000076,-0.008706133339369435
-0.04870000000000019,-0.008776868904362687
-0.04970000000000008,-0.00906971414343475
-0.05070000000000019,-0.009209770562121388
-0.05170000000000008,-0.009348412269508161
-0.05270000000000019,-0.009683698847576177
-0.05370000000000008,-0.009738872588270914
-0.05470000000000019,-0.010144894731332177
-0.05570000000000008,-0.009795461040265515
-0.056700000000000195,-0.01004727965164149
-0.057700000000000085,-0.01004727965164149
-0.058700000000000196,-0.010269389325720302
-0.059700000000000086,-0.010549502163093579
-0.0607000000000002,-0.010381151518409638
-0.06170000000000009,-0.010883374029861727
-0.0627000000000002,-0.010995136222551065
-0.06370000000000009,-0.010856494515164291
-0.0647000000000002,-0.010939962481856328
-0.06570000000000009,-0.011470479219305718
-0.0667000000000002,-0.011218660607929741
-0.0677000000000001,-0.011358717026616378
-0.0687000000000002,-0.011582241411995054
-0.0697000000000001,-0.011261101946925691
-0.07070000000000021,-0.011694003604684393
-0.0717000000000001,-0.01176332445837778
-0.07270000000000021,-0.011818498199072516
-0.0737000000000001,-0.01233628253482312
-0.07470000000000021,-0.011986848843756457
-0.0757000000000001,-0.012112758149444444
-0.07670000000000021,-0.012503218468207193
-0.0777000000000001,-0.012545659807203145
-0.07870000000000021,-0.012767769481281955
-0.0797000000000001,-0.012712595740587218
-0.08070000000000022,-0.012838505046275208
-0.0817000000000001,-0.012712595740587218
-0.08270000000000022,-0.013074761833352669
-0.08370000000000011,-0.013410048411420683
-0.08470000000000022,-0.013159644511344572
-0.08570000000000011,-0.01310305605934997
-0.08670000000000022,-0.013564251943105973
-0.08770000000000011,-0.013340727557727295
-0.08870000000000022,-0.013647719909798009
-0.08970000000000011,-0.01391227092287277
-0.09070000000000022,-0.014135795308251445
-0.09170000000000011,-0.01394056514887007
-0.09270000000000023,-0.01405232734155941
-0.09370000000000012,-0.014121648195252797
-0.09470000000000023,-0.014316878354634173
-0.09570000000000012,-0.01430273124163552
-0.09670000000000023,-0.014359319693630123
-0.09770000000000012,-0.014458349484620674
-0.09870000000000023,-0.014783733083589632
-0.09970000000000012,-0.014529085049613928
-0.10070000000000023,-0.014925204213576137
-0.10170000000000012,-0.014911057100577486
-0.10270000000000024,-0.014967645552572089
-0.10370000000000013,-0.01503838111756534
-0.10470000000000024,-0.015193999360550494
-0.10570000000000013,-0.015250587812545097
-0.10670000000000024,-0.015533530072518101
-0.10770000000000013,-0.015745736767497857
-0.10870000000000024,-0.015590118524512706
-0.10970000000000013,-0.015660854089505957
-0.11070000000000024,-0.01584476655848841
-0.11170000000000013,-0.015929649236480315
-0.11270000000000002,-0.015901355010483013
-0.11370000000000013,-0.016410651078434424
-0.11470000000000002,-0.016099414592464115
-0.11570000000000014,-0.01615600304445872
-0.11670000000000003,-0.016311621287443873
-0.11770000000000014,-0.01656626932141958
-0.11870000000000003,-0.01650968086942498
-0.11970000000000014,-0.01648138664342768
-0.12070000000000003,-0.016806770242396636
-0.12170000000000014,-0.016778476016399334
-0.12270000000000003,-0.01683506446839394
-0.12370000000000014,-0.017259477858353446
-0.12470000000000003,-0.017160448067362895
-0.12570000000000014,-0.017217036519357496
-0.12670000000000003,-0.017372654762342652
-0.12770000000000015,-0.01772633258730891
-0.12870000000000004,-0.017627302796318356
-0.12970000000000015,-0.017570714344323755
-0.13070000000000004,-0.017825362378299462
-0.13170000000000015,-0.01785365660429676
-0.13270000000000004,-0.017980980621284618
-0.13370000000000015,-0.018023421960280565
-0.13470000000000004,-0.01816489309026707
-0.13570000000000015,-0.018263922881257624
-0.13670000000000004,-0.018391246898245478
-0.13770000000000016,-0.018645894932221182
-0.13870000000000005,-0.018419541124242777
-0.13970000000000016,-0.018787366062207687
-0.14070000000000005,-0.0191551910001726
-0.14170000000000016,-0.0191551910001726
-0.14270000000000005,-0.019056161209182042
-0.14370000000000016,-0.019169338113171244
-0.14470000000000005,-0.01928251501716045
-0.14570000000000016,-0.019622045729128058
-0.14670000000000005,-0.019664487068124008
-0.14770000000000016,-0.019480574599141553
-0.14870000000000005,-0.01969278129412131
-0.14970000000000017,-0.019848399537106463
-0.15070000000000006,-0.019834252424107815
-0.15170000000000017,-0.02032940137906058
-0.15270000000000006,-0.02008890045808352
-0.15370000000000017,-0.02045672539604843
-0.15470000000000006,-0.02078210899501739
-0.15570000000000017,-0.020173783136075422
-0.15670000000000006,-0.020838697447011986
-0.15770000000000017,-0.02085284456001064
-0.15870000000000006,-0.020626490752032236
-0.15970000000000018,-0.021036757028993096
-0.16070000000000007,-0.021135786819983647
-0.16170000000000018,-0.021362140627962056
-0.16270000000000007,-0.0211782281589796
-0.16370000000000018,-0.021432876192955305
-0.16470000000000007,-0.021687524226931015
-0.16570000000000018,-0.021843142469916164
-0.16670000000000007,-0.022097790503891875
-0.16770000000000018,-0.022140231842887825
-0.16870000000000007,-0.022225114520879725
-0.16970000000000018,-0.022154378955886473
-0.17070000000000007,-0.022592939458844635
-0.17170000000000019,-0.02279099904082574
-0.17270000000000008,-0.02270611636283384
-0.1737000000000002,-0.022946617283810897
-0.17470000000000008,-0.023073941300798748
-0.1757000000000002,-0.022890028831816296
-0.17670000000000008,-0.023286147995778505
-0.1777000000000002,-0.023342736447773106
-0.17870000000000008,-0.023583237368750162
-0.1797000000000002,-0.023696414272739365
-0.18070000000000008,-0.023837885402725866
-0.1817000000000002,-0.02417741611469348
-0.18270000000000008,-0.024318887244679982
-0.1837000000000002,-0.024403769922671882
-0.1847000000000001,-0.024700859295643543
-0.1857000000000002,-0.02465841795664759
-0.1867000000000001,-0.02467256506964624
-0.1877000000000002,-0.025040390007611147
-0.1887000000000001,-0.025266743815589552
-0.1897000000000002,-0.025337479380582808
-0.1907000000000001,-0.025677010092550415
-0.1917000000000001,-0.025860922561532867
-0.19269999999999998,-0.025974099465522073
-0.1937000000000001,-0.026115570595508578
-0.19469999999999998,-0.02632777729048833
-0.1957000000000001,-0.02655413109846674
-0.19669999999999999,-0.02662486666345999
-0.1977000000000001,-0.026794632019443793
-0.1987,-0.027247339635400606
-0.1997000000000001,-0.027120015618412752
-0.2007,-0.027572723234369562
-0.2017000000000001,-0.02774248859035337
-0.2027,-0.028039577963325023
-0.2037000000000001,-0.028082019302320977
-0.2047,-0.028718639387260245
-0.2057000000000001,-0.028690345161262943
-0.2067,-0.029100611438223806
-0.2077000000000001,-0.029157199890218404
-0.2087,-0.029298671020204912
-0.2097000000000001,-0.02982211420115497
-0.2107,-0.029624054619173872
-0.2117000000000001,-0.030161644913122586
-0.2127,-0.030204086252118532
-0.2137000000000001,-0.030642646755076695
-0.2147,-0.031166089936026757
-0.2157000000000001,-0.03133585529201056
-0.2167,-0.03177441579496872
-0.21770000000000012,-0.03181685713396468
-0.2187,-0.03228371186292014
-0.21970000000000012,-0.032326153201916084
-0.2207,-0.03259494834889044
-0.22170000000000012,-0.033274009772825665
-0.2227,-0.03341548090281216
-0.22370000000000012,-0.03376915872777843
-0.2247,-0.033896482744766275
-0.22570000000000012,-0.03443407303871499
-0.2267,-0.03470286818568935
-0.22770000000000012,-0.03495751621966506
-0.22870000000000001,-0.03525460559263671
-0.22970000000000013,-0.035664871869597575
-0.23070000000000002,-0.036202462163546285
-0.23170000000000013,-0.03635808040653144
-0.23270000000000002,-0.036485404423519295
-0.23370000000000013,-0.03716446584745452
-0.23470000000000002,-0.03770205614140323
-0.23570000000000013,-0.037885968610385685
-0.23670000000000002,-0.03832452911334384
-0.2376999999999999,-0.038706501164307405
-0.23870000000000002,-0.03910262032826961
-0.2396999999999999,-0.03955532794422643
-0.24070000000000003,-0.04012121246417244
-0.24169999999999991,-0.040545625854131954
-0.24270000000000003,-0.04091345079209686
-0.24369999999999992,-0.04173398334601858
-0.24470000000000003,-0.04197448426699564
-0.24569999999999992,-0.042299867865964604
-0.24670000000000003,-0.04300722351589712
-0.24769999999999992,-0.04379946184382154
-0.24870000000000003,-0.04394093297380804
-0.24969999999999992,-0.04463414151074191
-0.25070000000000003,-0.04501611356170547
-0.2516999999999999,-0.04545467406466363
-0.25270000000000004,-0.0461195883756002
-0.2536999999999999,-0.04719476896349762
-0.25470000000000004,-0.04732209298048548
-0.2556999999999999,-0.04788797750043149
-0.25670000000000004,-0.04865192160235861
-0.25769999999999993,-0.04914707055731138
-0.25870000000000004,-0.04962807239926549
-0.25969999999999993,-0.050590076083173716
-0.26070000000000004,-0.051184254829117024
-0.26169999999999993,-0.051721845123065734
-0.26270000000000004,-0.052316023869009055
-0.26369999999999993,-0.05327802755291729
-0.26470000000000005,-0.05371658805587544
-0.26569999999999994,-0.05435320814081471
-0.26670000000000005,-0.055428388728712134
-0.26769999999999994,-0.05595183190966221
-0.26870000000000005,-0.05688554136757313
-0.26969999999999994,-0.057649485469500245
-0.27070000000000005,-0.058682224718401725
-0.27169999999999994,-0.05944616882032884
-0.27270000000000005,-0.059757405306299145
-0.27369999999999994,-0.06117211660616418
-0.27470000000000006,-0.06124285217115744
-0.27569999999999995,-0.06258682790602922
-0.27670000000000006,-0.06357712581593475
-0.27769999999999995,-0.06441180548285513
-0.27870000000000006,-0.0653030736017701
-0.27969999999999995,-0.06644898975466076
-0.28070000000000006,-0.0672978165345798
-0.28169999999999995,-0.06834470289647993
-0.28270000000000006,-0.06883985185143268
-0.28369999999999995,-0.06990088532633146
-0.28470000000000006,-0.07086288901023968
-0.28569999999999995,-0.07195221671113576
-0.28670000000000007,-0.07299910307303589
-0.28769999999999996,-0.0738196356269576
-0.28870000000000007,-0.07509287579683614
-0.28969999999999996,-0.07618220349773222
-0.29070000000000007,-0.07720079563363505
-0.29169999999999996,-0.07829012333453113
-0.29270000000000007,-0.07998777689436919
-0.29369999999999996,-0.08090733923928145
-0.2947000000000001,-0.08196837271418023
-0.29569999999999996,-0.08341137824004256
-0.2967000000000001,-0.08431679347195618
-0.29769999999999996,-0.08561832786783201
-0.2987000000000001,-0.08720280452368086
-0.29969999999999997,-0.08812236686859314
-0.3007000000000001,-0.08942390126446896
-0.30169999999999997,-0.09007466846240689
-0.3027000000000001,-0.09212599984721119
-0.30369999999999997,-0.09305970930512211
-0.3047000000000001,-0.09441783215299256
-0.30569999999999997,-0.09535154161090346
-0.3067000000000001,-0.09692187115375367
-0.3077,-0.09873270161758091
-0.3087000000000001,-0.1003313253864284
-0.3097,-0.10149138865231773
-0.3107000000000001,-0.10270804037020166
-0.3117,-0.10425007568705455
-0.3127000000000001,-0.10593358213389395
-0.3137,-0.10710779251278192
-0.3147000000000001,-0.10850835669964831
-0.3157,-0.11041821695446612
-0.3167000000000001,-0.11238466566127853
-0.3177,-0.11396914231712736
-0.3187000000000001,-0.11568094298996405
-0.3197,-0.11726541964581289
-0.3207000000000001,-0.11933089814361585
-0.3217,-0.12118416994643905
-0.3227000000000001,-0.12268376392429597
-0.3237,-0.12452288861412053
-0.3247000000000001,-0.1262205421739586
-0.3257,-0.12817284376777233
-0.3267000000000001,-0.1302666164915726
-0.3277,-0.13236038921537283
-0.3287000000000001,-0.133973160097219
-0.3297,-0.13571325499605294
-0.3307000000000001,-0.13765140947686808
-0.3317,-0.1391792976807223
-0.3327000000000001,-0.14120233483952932
-0.3337,-0.1433102546763282
-0.3347000000000001,-0.14514937936615277
-0.3357,-0.14755438857592332
-0.3367000000000001,-0.14925204213576138
-0.3377,-0.1513741090855589
-0.3387000000000001,-0.15392058942531597
-0.3397,-0.15575971411514053
-0.3407000000000001,-0.15802325219492458
-0.3417,-0.16000384801473563
-0.3427000000000001,-0.1624088572245062
-0.3437,-0.16523827982423628
-0.3447000000000001,-0.16721887564404736
-0.3457,-0.1694824137238314
-0.3467000000000001,-0.17174595180361546
-0.3477,-0.17429243214337253
-0.3487000000000001,-0.1771218547431026
-0.3497,-0.17938539282288665
-0.3507000000000001,-0.18249775768258975
-0.3517,-0.18391246898245475
-0.3527000000000001,-0.18660042045219835
-0.3537,-0.18957131418191492
-0.3547000000000001,-0.19155191000172597
-0.3557,-0.19381544808151
-0.35670000000000013,-0.19692781294121312
-0.3577,-0.19961576441095666
-0.35870000000000013,-0.20244518701068673
-0.3597,-0.20470872509047083
-0.36070000000000013,-0.2079625610801604
-0.3617,-0.21079198367989047
-0.3626999999999999,-0.21305552175967452
-0.3637,-0.2161678866193776
-0.3646999999999999,-0.21885583808912115
-0.3657,-0.22210967407881074
-0.3666999999999999,-0.22564645232847336
-0.3677,-0.2281929326682304
-0.3686999999999999,-0.23201265317786599
-0.36970000000000003,-0.23498354690758255
-0.3706999999999999,-0.23795444063729917
-0.37170000000000003,-0.24106680549700227
-0.3726999999999999,-0.24488652600663782
-0.37370000000000003,-0.24842330425630044
-0.3746999999999999,-0.25068684233608446
-0.37570000000000003,-0.25436509171573357
-0.3766999999999999,-0.2580433410953827
-0.37770000000000004,-0.26129717708507233
-0.3786999999999999,-0.26412659968480234
-0.37970000000000004,-0.26766337793446493
-0.3806999999999999,-0.2706342716641816
-0.38170000000000004,-0.27459546330380363
-0.38269999999999993,-0.2777078281635067
-0.38370000000000004,-0.28294225997300737
-0.38469999999999993,-0.28633756709268343
-0.38570000000000004,-0.29029875873230554
-0.38669999999999993,-0.2818104909331153
-0.38570000000000004,-0.27219045409403303
-0.38469999999999993,-0.2662486666345999
-0.38370000000000004,-0.2608727636951128
-0.38269999999999993,-0.25493097623567956
-0.38170000000000004,-0.24983801555616547
-0.3806999999999999,-0.24502799713662435
-0.37970000000000004,-0.24120827662698877
-0.3786999999999999,-0.23724708498736666
-0.37770000000000004,-0.23229559543783898
-0.3766999999999999,-0.22805146153824393
-0.37570000000000003,-0.22409026989862182
-0.3746999999999999,-0.2199876071290132
-0.37370000000000003,-0.2160264154893911
-0.3726999999999999,-0.21291405062968802
-0.37170000000000003,-0.20937727238002546
-0.3706999999999999,-0.2065478497802954
-0.36970000000000003,-0.20301107153063278
-0.3686999999999999,-0.19975723554094318
-0.3677,-0.19607898616129407
-0.3666999999999999,-0.1933910346915505
-0.3657,-0.19084455435179343
-0.3646999999999999,-0.18702483384215784
-0.3637,-0.18419541124242778
-0.3626999999999999,-0.18094157525273818
-0.3617,-0.17782921039303512
-0.36070000000000013,-0.17485831666331855
-0.3597,-0.17217036519357498
-0.35870000000000013,-0.16863358694391237
-0.3577,-0.16608710660415532
-0.35670000000000013,-0.16325768400442522
-0.3557,-0.16042826140469515
-0.3547000000000001,-0.15759883880496509
-0.3537,-0.155052358465208
-0.3527000000000001,-0.15236440699546444
-0.3517,-0.1498179266557074
-0.3507000000000001,-0.14769585970590982
-0.3497,-0.14430055258623375
-0.3487000000000001,-0.1424614278964092
-0.3477,-0.140325213833613
-0.3467000000000001,-0.13772214504186134
-0.3457,-0.13585472612603947
-0.3447000000000001,-0.1334214226902716
-0.3437,-0.1311437374974889
-0.3427000000000001,-0.12879531673971292
-0.3417,-0.12637616041694374
-0.3407000000000001,-0.12465021263110838
-0.3397,-0.12194811404836617
-0.3387000000000001,-0.12026460760152678
-0.3377,-0.11807180508673595
-0.3367000000000001,-0.11600632658893299
-0.3357,-0.11412476056011249
-0.3347000000000001,-0.11228563587028798
-0.3337,-0.11044651118046342
-0.3327000000000001,-0.10864982782963481
-0.3317,-0.1064004368628494
-0.3307000000000001,-0.10457545928602352
-0.3297,-0.1027221874832003
-0.3287000000000001,-0.10133577040933257
-0.3277,-0.09973714664048508
-0.3267000000000001,-0.09803949308064704
-0.3257,-0.0966813702327766
-0.3247000000000001,-0.09461589173497365
-0.3237,-0.09260700168916529
-0.3227000000000001,-0.09175817490924627
-0.3217,-0.08980587331543252
-0.3207000000000001,-0.08805163130359987
-0.3197,-0.08653789021274429
-0.3187000000000001,-0.0847977953139103
-0.3177,-0.0832840542230547
-0.3167000000000001,-0.08179860735819641
-0.3157,-0.08028486626734083
-0.3147000000000001,-0.0789550376454677
-0.3137,-0.07754032634560266
-0.3127000000000001,-0.07616805638473358
-0.3117,-0.07486652198885775
-0.3107000000000001,-0.07321130976801564
-0.3097,-0.07196636382413442
-0.3087000000000001,-0.07031115160329232
-0.3077,-0.06946232482337329
-0.3067000000000001,-0.06773637703753796
-0.30569999999999997,-0.06715634540459328
-0.3047000000000001,-0.0652181909237782
-0.30369999999999997,-0.0640439805448902
-0.3027000000000001,-0.06309612397398062
-0.30169999999999997,-0.061511647318131794
-0.3007000000000001,-0.06028084848724922
-0.29969999999999997,-0.059304697690342335
-0.2987000000000001,-0.05786169216448
-0.29769999999999996,-0.05685724714157582
-0.2967000000000001,-0.05576791944067974
-0.29569999999999996,-0.05472103307877962
-0.2947000000000001,-0.053858059185861944
-0.29369999999999996,-0.05265555458097666
-0.29270000000000007,-0.05150963842808598
-0.29169999999999996,-0.05050519340518181
-0.29070000000000007,-0.049189511896307325
-0.28969999999999996,-0.04842556779438021
-0.28870000000000007,-0.04730794586748682
-0.28769999999999996,-0.046529854652561056
-0.28670000000000007,-0.045327350047675775
-0.28569999999999995,-0.0442946107987743
-0.28470000000000006,-0.043474078244852575
-0.28369999999999995,-0.04234230920496055
-0.28270000000000006,-0.04159251221603208
-0.28169999999999995,-0.04043244895014275
-0.28070000000000006,-0.03941385681423992
-0.27969999999999995,-0.03880553095529796
-0.27870000000000006,-0.03734837831643697
-0.27769999999999995,-0.036923964926477454
-0.27670000000000006,-0.03614587371155169
-0.27569999999999995,-0.035198017140642114
-0.27470000000000006,-0.03453310282970555
-0.27369999999999994,-0.03386818851876898
-0.27270000000000005,-0.03279300793087155
-0.27169999999999994,-0.03204321094194308
-0.27070000000000005,-0.03167538600397817
-0.26969999999999994,-0.03082655922405915
-0.26870000000000005,-0.029963585331141473
-0.26769999999999994,-0.029624054619173872
-0.26670000000000005,-0.028166901980312884
-0.26569999999999994,-0.027572723234369562
-0.26470000000000005,-0.02730392808739521
-0.26369999999999993,-0.026101423482509926
-0.26270000000000004,-0.025860922561532867
-0.26169999999999993,-0.0251111255726044
-0.26070000000000004,-0.024460358374666487
-0.25969999999999993,-0.023682267159740714
-0.25870000000000004,-0.023172971091789302
-0.25769999999999993,-0.022635380797840585
-0.25670000000000004,-0.021814848243918866
-0.2556999999999999,-0.021461170418952607
-0.25470000000000004,-0.021022609915994445
-0.2536999999999999,-0.019989870667092968
-0.25270000000000004,-0.01959375150313076
-0.2516999999999999,-0.019042014096183394
-0.25070000000000003,-0.018759071836210388
-0.24969999999999992,-0.017924392169290013
-0.24870000000000003,-0.017556567231325104
-0.24769999999999992,-0.016948241372383138
-0.24670000000000003,-0.01662285777341418
-0.24569999999999992,-0.016127708818461418
-0.24470000000000003,-0.01573158965449921
-0.24369999999999992,-0.014769585970590984
-0.24270000000000003,-0.014529085049613928
-0.24169999999999991,-0.01400988600256346
-0.24070000000000003,-0.013480783976413935
-0.2396999999999999,-0.013047882318655234
-0.23870000000000002,-0.012614980660896532
-0.2376999999999999,-0.012084463923447144
-0.23670000000000002,-0.01160912092669249
-0.23570000000000013,-0.011413890767311117
-0.23470000000000002,-0.010618823016786965
-0.23370000000000013,-0.010702290983479001
-0.23270000000000002,-0.010102453392336227
-0.23170000000000013,-0.009683698847576177
-0.23070000000000002,-0.009390853608504115
-0.22970000000000013,-0.009167329223125438
-0.22870000000000001,-0.008455729439293324
-0.22770000000000012,-0.007953506927841237
-0.2267,-0.007911065588845285
-0.22570000000000012,-0.007464016818087934
-0.2247,-0.007018382758630448
-0.22370000000000012,-0.006724122808258519
-0.2227,-0.006417130456187806
-0.22170000000000012,-0.006026670137425056
-0.2207,-0.005747972011351644
-0.21970000000000012,-0.005091545968214267
-0.2187,-0.004896315808832892
-0.21770000000000012,-0.004715232762450167
-0.2167,-0.004296478217690116
-0.2157000000000001,-0.00407295383231144
-0.2147,-0.00366834640055004
-0.2137000000000001,-0.00327788608178729
-0.2127,-0.002983626131415362
-0.2117000000000001,-0.0025648715866553114
-0.2107,-0.0025648715866553114
-0.2097000000000001,-0.0023003205735805496
-0.2087,-0.002119237527197825
-0.2077000000000001,-0.0019240073678164498
-0.2067,-0.0013790605751084377
-0.2057000000000001,-0.0010997965645150795
-0.2047,-0.0010719267519077383
-0.2037000000000001,-0.0006253023945403462
-0.2027,-0.0006671778490163513
-0.2017000000000001,-0.00027629311686364164
-0.2007,-0.00024842330425630044
-0.1997000000000001,0.00029595760393176567
-0.1987,0.0005051934051818046
-0.1977000000000001,0.0005470688596578097
-0.19669999999999999,0.0009798290462865243
-0.1957000000000001,0.0010495743133698708
-0.19469999999999998,0.0011193195804532169
-0.1937000000000001,0.0015519382959519451
-0.19269999999999998,0.001691994714638584
-0.1917000000000001,0.0018306364220253574
-0.1907000000000001,0.001775462681330621
-0.1897000000000002,0.0024318887244679983
-0.1887000000000001,0.0024318887244679983
-0.1877000000000002,0.002347006046476096
-0.1867000000000001,0.0027388810765387114
-0.1857000000000002,0.002934111235920086
-0.1847000000000001,0.002934111235920086
-0.1837000000000002,0.0034915074880669107
-0.18270000000000008,0.003548095940061512
-0.1817000000000002,0.0035905372790574633
-0.18070000000000008,0.003812646953136274
-0.1797000000000002,0.004078612677510901
-0.17870000000000008,0.004009291823817514
-0.1777000000000002,0.004357310803584313
-0.17670000000000008,0.004483220109272302
-0.1757000000000002,0.004594982301961639
-0.17470000000000008,0.004371457916582963
-0.1737000000000002,0.00484538620203775
-0.17270000000000008,0.004636008929657725
-0.17170000000000019,0.0049571483947270885
-0.17070000000000007,0.00540419716548444
-0.16970000000000018,0.005571133098868514
-0.16870000000000007,0.005670162889859067
-0.16770000000000018,0.005739483743552453
-0.16670000000000007,0.00580880459724584
-0.16570000000000018,0.00578051037124854
-0.16470000000000007,0.006367615560692531
-0.16370000000000018,0.006213412029007242
-0.16270000000000007,0.0063110271086979286
-0.16170000000000018,0.006465230640383217
-0.16070000000000007,0.006591139946071206
-0.15970000000000018,0.006925011812839355
-0.15870000000000006,0.006465230640383217
-0.15770000000000017,0.006981600264833956
-0.15670000000000006,0.006995747377832606
-0.15570000000000017,0.007107509570521945
-0.15470000000000006,0.007442796148589959
-0.15370000000000017,0.007483822776286044
-0.15270000000000006,0.007190977537213981
-0.15170000000000017,0.007609732081974032
-0.15070000000000006,0.007762520902359457
-0.14970000000000017,0.008223716786115458
-0.14870000000000005,0.007916724434044745
-0.14770000000000016,0.008042633739732736
-0.14670000000000005,0.008056780852731385
-0.14570000000000016,0.008266158125111408
-0.14470000000000005,0.008796674862560798
-0.14370000000000016,0.008628324217876859
-0.14270000000000005,0.008418946945496834
-0.14170000000000016,0.008656618443874161
-0.14070000000000005,0.00853070913818617
-0.13970000000000016,0.008809407264259583
-0.13870000000000005,0.009298897374012887
-0.13770000000000016,0.008823554377258232
-0.13670000000000004,0.009075372988634211
-0.13570000000000015,0.00908952010163286
-0.13470000000000004,0.00910366721463151
-0.13370000000000015,0.009298897374012887
-0.13270000000000004,0.009075372988634211
-0.13170000000000015,0.009605889726083599
-0.13070000000000004,0.009494127533394263
-0.12970000000000015,0.009605889726083599
-0.12870000000000004,0.010024644270843649
-0.12770000000000015,0.010010497157845
-0.12670000000000003,0.00984214651316106
-0.12570000000000014,0.009912882078154312
-0.12470000000000003,0.010051523785541087
-0.12370000000000014,0.010205727317226375
-0.12270000000000003,0.00984214651316106
-0.12170000000000014,0.010079818011538386
-0.12070000000000003,0.010331636622914362
-0.11970000000000014,0.01026090105792111
-0.11870000000000003,0.010415104589606402
-0.11770000000000014,0.010679655602681162
-0.11670000000000003,0.010638628974985076
-0.11570000000000014,0.010624481861986425
-0.11470000000000002,0.010429251702605051
-0.11370000000000013,0.01080556490836915
-0.11270000000000002,0.010959768440054439
-0.11170000000000013,0.010889032875061187
-0.11070000000000024,0.011043236406746476
-0.10970000000000013,0.011071530632743777
-0.10870000000000024,0.011238466566127852
-0.10770000000000013,0.011224319453129203
-0.10670000000000024,0.01135022875881719
-0.10570000000000013,0.011014942180749176
-0.10470000000000024,0.011504432290502478
-0.10370000000000013,0.011602047370193167
-0.10270000000000024,0.011336081645818539
-0.10170000000000012,0.011699662449883852
-0.10070000000000023,0.011559606031197215
-0.09970000000000012,0.012020801914953217
-0.09870000000000023,0.011628926884890601
-0.09770000000000012,0.01213114939634269
-0.09670000000000023,0.01185245127026928
-0.09570000000000012,0.012061828542649302
-0.09470000000000023,0.01213114939634269
-0.09370000000000012,0.012480583087409354
-0.09270000000000023,0.012090122768646605
-0.09170000000000011,0.012299500041026628
-0.09070000000000022,0.01214529650934134
-0.08970000000000011,0.012773428326481416
-0.08870000000000022,0.012411262233715966
-0.08770000000000011,0.012830016778476018
-0.08670000000000022,0.012927631858166705
-0.08570000000000011,0.012830016778476018
-0.08470000000000022,0.012858311004473318
-0.08370000000000011,0.013234624210237416
-0.08270000000000022,0.012871043406172103
-0.0817000000000001,0.01308042067855213
-0.08070000000000022,0.013067688276853345
-0.0797000000000001,0.013220477097238767
-0.07870000000000021,0.012871043406172103
-0.0777000000000001,0.013387413030622844
-0.07670000000000021,0.013374680628924057
-0.0757000000000001,0.013346386402926756
-0.07470000000000021,0.013555763675306783
-0.0737000000000001,0.01366752586799612
-0.07270000000000021,0.013596790303002869
-0.0717000000000001,0.013472295708614744
-0.07070000000000021,0.013569910788305434
-0.0697000000000001,0.013862756027377495
-0.0687000000000002,0.013722699608690856
-0.0677000000000001,0.014029691960761568
-0.0667000000000002,0.014127307040452258
-0.06570000000000009,0.013694405382693555
-0.0647000000000002,0.014086280412756171
-0.06370000000000009,0.014113159927453607
-0.0627000000000002,0.014203701450644968
-0.06170000000000009,0.014175407224647668
-0.0607000000000002,0.014057986186758867
-0.059700000000000086,0.014486643710617976
-0.058700000000000196,0.014543232162612576
-0.057700000000000085,0.014458349484620674
-0.056700000000000195,0.014712997518596381
-0.05570000000000008,0.014684703292599082
-0.05470000000000019,0.014684703292599082
-0.05370000000000008,0.015137410908555892
-0.05270000000000019,0.014783733083589632
-0.05170000000000008,0.014967645552572089
-0.05070000000000019,0.014882762874580187
-0.04970000000000008,0.014939351326574786
-0.04870000000000019,0.015392058942531598
-0.047700000000000076,0.014925204213576137
-0.046700000000000186,0.015533530072518101
-0.045700000000000074,0.015179852247551842
-0.044700000000000184,0.015278882038542396
-0.04370000000000007,0.015519382959519455
-0.04270000000000018,0.015448647394526203
-0.04170000000000007,0.015632559863508654
-0.04070000000000018,0.015632559863508654
-0.03970000000000007,0.015660854089505957
-0.03870000000000018,0.01585891367148706
-0.03770000000000007,0.01581647233249111
-0.03670000000000018,0.01614185593146007
-0.035700000000000065,0.015986237688474913
-0.034700000000000175,0.015873060784485714
-0.03370000000000006,0.01615600304445872
-0.03270000000000017,0.016127708818461418
-0.03170000000000006,0.016226738609451972
-0.03070000000000017,0.015986237688474913
-0.02970000000000006,0.01650968086942498
-0.02870000000000017,0.01656626932141958
-0.027700000000000058,0.01648138664342768
-0.026700000000000168,0.016792623129397985
-0.025700000000000056,0.01666529911241013
-0.024700000000000166,0.016693593338407434
-0.023700000000000054,0.01697653559838044
-0.022700000000000164,0.016792623129397985
-0.021700000000000053,0.017118006728366945
-0.020700000000000163,0.016948241372383138
-0.01970000000000005,0.017118006728366945
-0.01870000000000016,0.01703312405037504
-0.01770000000000005,0.017174595180361543
-0.01670000000000016,0.01728777208435075
-0.015700000000000047,0.017231183632356147
-0.014700000000000157,0.01748583166633185
-0.013700000000000045,0.01731606631034805
-0.012700000000000156,0.0173868018753413
-0.011700000000000044,0.017556567231325104
-0.010700000000000154,0.01765559702231566
-0.009700000000000042,0.018051716186277867
-0.008700000000000152,0.017952686395287316
-0.00770000000000004,0.018009274847281917
-0.00670000000000015,0.017995127734283266
-0.005700000000000038,0.01813659886426977
-0.0047000000000001485,0.017966833508285963
-0.0037000000000000366,0.01813659886426977
-0.0027000000000001467,0.018348805559249524
-0.0017000000000000348,0.018278069994256275
-0.000700000000000145,0.018377099785246823
0.00029999999999996696,0.01847612957623738
0.0012999999999998568,0.01856101225422928
0.0022999999999999687,0.018886395853198238
0.0032999999999998586,0.01851857091523333
0.0042999999999999705,0.019126896774175294
0.00529999999999986,0.019141043887173945
0.006299999999999972,0.018716630497214438
0.007299999999999862,0.019027866983184743
0.008299999999999974,0.01892883719219419
0.009299999999999864,0.01928251501716045
0.010299999999999976,0.0193249563561564
0.011299999999999866,0.0191834852261699
0.012299999999999978,0.019537163051136158
