June 25, 2026   10:58:08
Cyclic Voltammetry
File: c:/users/guazh/data/20260623_doe_duplica2/2026-06-24-exp5\exp5-2026-06-25t10_53_10-h2koh\exp5_cv_50mvs_efin_-1400mv.bin
Data Source:  Experiment
Instrument Model:  CHI760E
Header: CV ran at 50 mVs
Note: 

Init E (V) = -1
High E (V) = -1
Low E (V) = -1.4
Final E (V) = -1
Init P/N = N
Scan Rate (V/s) = 0.05
Segment = 7
Sample Interval (V) = 0.001
Quiet Time (sec) = 60
Sensitivity (A/V) = 0.001
Comp R (ohm) = 2.0

Results:

Channel 1:
Segment 1:

Segment 2:

Segment 3:

Segment 4:

Segment 5:

Segment 6:

Segment 7:

Potential/V, Current/A

-1.000, -1.544e-5
-1.001, -1.488e-5
-1.002, -1.440e-5
-1.003, -1.394e-5
-1.004, -1.359e-5
-1.005, -1.319e-5
-1.006, -1.287e-5
-1.007, -1.254e-5
-1.008, -1.221e-5
-1.009, -1.193e-5
-1.010, -1.155e-5
-1.011, -1.115e-5
-1.012, -1.082e-5
-1.013, -1.051e-5
-1.014, -1.018e-5
-1.015, -9.882e-6
-1.016, -9.581e-6
-1.017, -9.215e-6
-1.018, -8.912e-6
-1.019, -8.680e-6
-1.020, -8.312e-6
-1.021, -8.004e-6
-1.022, -7.706e-6
-1.023, -7.392e-6
-1.024, -7.025e-6
-1.025, -6.692e-6
-1.026, -6.391e-6
-1.027, -6.095e-6
-1.028, -5.724e-6
-1.029, -5.434e-6
-1.030, -5.123e-6
-1.031, -4.827e-6
-1.032, -4.531e-6
-1.033, -4.226e-6
-1.034, -3.932e-6
-1.035, -3.664e-6
-1.036, -3.357e-6
-1.037, -3.052e-6
-1.038, -2.750e-6
-1.039, -2.447e-6
-1.040, -2.159e-6
-1.041, -1.886e-6
-1.042, -1.571e-6
-1.043, -1.262e-6
-1.044, -9.789e-7
-1.045, -6.750e-7
-1.046, -3.781e-7
-1.047, -7.321e-8
-1.048, 2.208e-7
-1.049, 5.454e-7
-1.050, 8.394e-7
-1.051, 1.150e-6
-1.052, 1.463e-6
-1.053, 1.749e-6
-1.054, 2.043e-6
-1.055, 2.346e-6
-1.056, 2.654e-6
-1.057, 2.973e-6
-1.058, 3.269e-6
-1.059, 3.554e-6
-1.060, 3.878e-6
-1.061, 4.190e-6
-1.062, 4.495e-6
-1.063, 4.811e-6
-1.064, 5.112e-6
-1.065, 5.414e-6
-1.066, 5.699e-6
-1.067, 6.020e-6
-1.068, 6.336e-6
-1.069, 6.675e-6
-1.070, 6.975e-6
-1.071, 7.285e-6
-1.072, 7.617e-6
-1.073, 7.950e-6
-1.074, 8.266e-6
-1.075, 8.588e-6
-1.076, 8.869e-6
-1.077, 9.151e-6
-1.078, 9.473e-6
-1.079, 9.695e-6
-1.080, 1.002e-5
-1.081, 1.029e-5
-1.082, 1.064e-5
-1.083, 1.094e-5
-1.084, 1.125e-5
-1.085, 1.155e-5
-1.086, 1.184e-5
-1.087, 1.219e-5
-1.088, 1.248e-5
-1.089, 1.278e-5
-1.090, 1.306e-5
-1.091, 1.341e-5
-1.092, 1.371e-5
-1.093, 1.406e-5
-1.094, 1.441e-5
-1.095, 1.474e-5
-1.096, 1.501e-5
-1.097, 1.534e-5
-1.098, 1.565e-5
-1.099, 1.599e-5
-1.100, 1.633e-5
-1.101, 1.663e-5
-1.102, 1.690e-5
-1.103, 1.726e-5
-1.104, 1.760e-5
-1.105, 1.793e-5
-1.106, 1.823e-5
-1.107, 1.855e-5
-1.108, 1.891e-5
-1.109, 1.928e-5
-1.110, 1.954e-5
-1.111, 1.983e-5
-1.112, 2.017e-5
-1.113, 2.051e-5
-1.114, 2.085e-5
-1.115, 2.116e-5
-1.116, 2.138e-5
-1.117, 2.177e-5
-1.118, 2.225e-5
-1.119, 2.264e-5
-1.120, 2.292e-5
-1.121, 2.330e-5
-1.122, 2.370e-5
-1.123, 2.403e-5
-1.124, 2.439e-5
-1.125, 2.478e-5
-1.126, 2.520e-5
-1.127, 2.559e-5
-1.128, 2.584e-5
-1.129, 2.617e-5
-1.130, 2.650e-5
-1.131, 2.684e-5
-1.132, 2.731e-5
-1.133, 2.771e-5
-1.134, 2.798e-5
-1.135, 2.840e-5
-1.136, 2.890e-5
-1.137, 2.921e-5
-1.138, 2.974e-5
-1.139, 3.014e-5
-1.140, 3.046e-5
-1.141, 3.065e-5
-1.142, 3.098e-5
-1.143, 3.141e-5
-1.144, 3.171e-5
-1.145, 3.211e-5
-1.146, 3.242e-5
-1.147, 3.295e-5
-1.148, 3.305e-5
-1.149, 3.363e-5
-1.150, 3.390e-5
-1.151, 3.429e-5
-1.152, 3.464e-5
-1.153, 3.508e-5
-1.154, 3.544e-5
-1.155, 3.608e-5
-1.156, 3.637e-5
-1.157, 3.658e-5
-1.158, 3.702e-5
-1.159, 3.731e-5
-1.160, 3.777e-5
-1.161, 3.826e-5
-1.162, 3.865e-5
-1.163, 3.893e-5
-1.164, 3.921e-5
-1.165, 3.968e-5
-1.166, 4.021e-5
-1.167, 4.062e-5
-1.168, 4.115e-5
-1.169, 4.153e-5
-1.170, 4.211e-5
-1.171, 4.224e-5
-1.172, 4.300e-5
-1.173, 4.346e-5
-1.174, 4.351e-5
-1.175, 4.391e-5
-1.176, 4.433e-5
-1.177, 4.492e-5
-1.178, 4.547e-5
-1.179, 4.592e-5
-1.180, 4.626e-5
-1.181, 4.657e-5
-1.182, 4.703e-5
-1.183, 4.761e-5
-1.184, 4.820e-5
-1.185, 4.854e-5
-1.186, 4.899e-5
-1.187, 4.937e-5
-1.188, 4.970e-5
-1.189, 5.010e-5
-1.190, 5.048e-5
-1.191, 5.083e-5
-1.192, 5.152e-5
-1.193, 5.218e-5
-1.194, 5.257e-5
-1.195, 5.305e-5
-1.196, 5.367e-5
-1.197, 5.403e-5
-1.198, 5.446e-5
-1.199, 5.498e-5
-1.200, 5.541e-5
-1.201, 5.571e-5
-1.202, 5.615e-5
-1.203, 5.661e-5
-1.204, 5.710e-5
-1.205, 5.788e-5
-1.206, 5.829e-5
-1.207, 5.876e-5
-1.208, 5.936e-5
-1.209, 5.963e-5
-1.210, 6.013e-5
-1.211, 6.074e-5
-1.212, 6.139e-5
-1.213, 6.173e-5
-1.214, 6.228e-5
-1.215, 6.275e-5
-1.216, 6.310e-5
-1.217, 6.363e-5
-1.218, 6.411e-5
-1.219, 6.485e-5
-1.220, 6.539e-5
-1.221, 6.587e-5
-1.222, 6.625e-5
-1.223, 6.676e-5
-1.224, 6.746e-5
-1.225, 6.789e-5
-1.226, 6.802e-5
-1.227, 6.840e-5
-1.228, 6.913e-5
-1.229, 6.997e-5
-1.230, 7.081e-5
-1.231, 7.144e-5
-1.232, 7.216e-5
-1.233, 7.241e-5
-1.234, 7.266e-5
-1.235, 7.335e-5
-1.236, 7.389e-5
-1.237, 7.476e-5
-1.238, 7.561e-5
-1.239, 7.578e-5
-1.240, 7.690e-5
-1.241, 7.749e-5
-1.242, 7.817e-5
-1.243, 7.820e-5
-1.244, 7.847e-5
-1.245, 7.916e-5
-1.246, 7.976e-5
-1.247, 8.047e-5
-1.248, 8.099e-5
-1.249, 8.150e-5
-1.250, 8.233e-5
-1.251, 8.250e-5
-1.252, 8.326e-5
-1.253, 8.398e-5
-1.254, 8.429e-5
-1.255, 8.487e-5
-1.256, 8.503e-5
-1.257, 8.596e-5
-1.258, 8.709e-5
-1.259, 8.730e-5
-1.260, 8.774e-5
-1.261, 8.852e-5
-1.262, 8.908e-5
-1.263, 8.927e-5
-1.264, 8.974e-5
-1.265, 9.007e-5
-1.266, 9.097e-5
-1.267, 9.161e-5
-1.268, 9.197e-5
-1.269, 9.274e-5
-1.270, 9.341e-5
-1.271, 9.404e-5
-1.272, 9.517e-5
-1.273, 9.578e-5
-1.274, 9.664e-5
-1.275, 9.736e-5
-1.276, 9.736e-5
-1.277, 9.784e-5
-1.278, 9.854e-5
-1.279, 9.898e-5
-1.280, 9.992e-5
-1.281, 1.009e-4
-1.282, 1.015e-4
-1.283, 1.019e-4
-1.284, 1.026e-4
-1.285, 1.033e-4
-1.286, 1.038e-4
-1.287, 1.043e-4
-1.288, 1.051e-4
-1.289, 1.060e-4
-1.290, 1.066e-4
-1.291, 1.070e-4
-1.292, 1.075e-4
-1.293, 1.082e-4
-1.294, 1.087e-4
-1.295, 1.093e-4
-1.296, 1.095e-4
-1.297, 1.103e-4
-1.298, 1.111e-4
-1.299, 1.119e-4
-1.300, 1.129e-4
-1.301, 1.131e-4
-1.302, 1.136e-4
-1.303, 1.142e-4
-1.304, 1.146e-4
-1.305, 1.155e-4
-1.306, 1.163e-4
-1.307, 1.172e-4
-1.308, 1.177e-4
-1.309, 1.182e-4
-1.310, 1.191e-4
-1.311, 1.195e-4
-1.312, 1.200e-4
-1.313, 1.205e-4
-1.314, 1.213e-4
-1.315, 1.219e-4
-1.316, 1.226e-4
-1.317, 1.230e-4
-1.318, 1.241e-4
-1.319, 1.249e-4
-1.320, 1.261e-4
-1.321, 1.268e-4
-1.322, 1.276e-4
-1.323, 1.283e-4
-1.324, 1.290e-4
-1.325, 1.297e-4
-1.326, 1.301e-4
-1.327, 1.307e-4
-1.328, 1.317e-4
-1.329, 1.326e-4
-1.330, 1.330e-4
-1.331, 1.340e-4
-1.332, 1.348e-4
-1.333, 1.360e-4
-1.334, 1.366e-4
-1.335, 1.378e-4
-1.336, 1.382e-4
-1.337, 1.389e-4
-1.338, 1.397e-4
-1.339, 1.405e-4
-1.340, 1.414e-4
-1.341, 1.424e-4
-1.342, 1.437e-4
-1.343, 1.449e-4
-1.344, 1.457e-4
-1.345, 1.463e-4
-1.346, 1.464e-4
-1.347, 1.471e-4
-1.348, 1.482e-4
-1.349, 1.483e-4
-1.350, 1.492e-4
-1.351, 1.498e-4
-1.352, 1.511e-4
-1.353, 1.523e-4
-1.354, 1.533e-4
-1.355, 1.539e-4
-1.356, 1.548e-4
-1.357, 1.556e-4
-1.358, 1.563e-4
-1.359, 1.572e-4
-1.360, 1.580e-4
-1.361, 1.595e-4
-1.362, 1.607e-4
-1.363, 1.619e-4
-1.364, 1.630e-4
-1.365, 1.641e-4
-1.366, 1.647e-4
-1.367, 1.656e-4
-1.368, 1.664e-4
-1.369, 1.691e-4
-1.370, 1.697e-4
-1.371, 1.701e-4
-1.372, 1.708e-4
-1.373, 1.710e-4
-1.374, 1.724e-4
-1.375, 1.729e-4
-1.376, 1.731e-4
-1.377, 1.738e-4
-1.378, 1.740e-4
-1.379, 1.752e-4
-1.380, 1.766e-4
-1.381, 1.777e-4
-1.382, 1.789e-4
-1.383, 1.800e-4
-1.384, 1.808e-4
-1.385, 1.819e-4
-1.386, 1.827e-4
-1.387, 1.837e-4
-1.388, 1.854e-4
-1.389, 1.861e-4
-1.390, 1.870e-4
-1.391, 1.882e-4
-1.392, 1.891e-4
-1.393, 1.903e-4
-1.394, 1.920e-4
-1.395, 1.929e-4
-1.396, 1.930e-4
-1.397, 1.941e-4
-1.398, 1.950e-4
-1.399, 1.961e-4
-1.400, 1.953e-4
-1.399, 1.928e-4
-1.398, 1.905e-4
-1.397, 1.888e-4
-1.396, 1.870e-4
-1.395, 1.856e-4
-1.394, 1.842e-4
-1.393, 1.832e-4
-1.392, 1.809e-4
-1.391, 1.798e-4
-1.390, 1.778e-4
-1.389, 1.763e-4
-1.388, 1.750e-4
-1.387, 1.732e-4
-1.386, 1.718e-4
-1.385, 1.701e-4
-1.384, 1.688e-4
-1.383, 1.678e-4
-1.382, 1.667e-4
-1.381, 1.651e-4
-1.380, 1.628e-4
-1.379, 1.611e-4
-1.378, 1.597e-4
-1.377, 1.583e-4
-1.376, 1.571e-4
-1.375, 1.558e-4
-1.374, 1.547e-4
-1.373, 1.533e-4
-1.372, 1.519e-4
-1.371, 1.507e-4
-1.370, 1.495e-4
-1.369, 1.482e-4
-1.368, 1.461e-4
-1.367, 1.452e-4
-1.366, 1.437e-4
-1.365, 1.419e-4
-1.364, 1.411e-4
-1.363, 1.396e-4
-1.362, 1.382e-4
-1.361, 1.369e-4
-1.360, 1.357e-4
-1.359, 1.343e-4
-1.358, 1.335e-4
-1.357, 1.323e-4
-1.356, 1.308e-4
-1.355, 1.297e-4
-1.354, 1.284e-4
-1.353, 1.275e-4
-1.352, 1.267e-4
-1.351, 1.254e-4
-1.350, 1.242e-4
-1.349, 1.231e-4
-1.348, 1.219e-4
-1.347, 1.205e-4
-1.346, 1.192e-4
-1.345, 1.182e-4
-1.344, 1.169e-4
-1.343, 1.161e-4
-1.342, 1.151e-4
-1.341, 1.141e-4
-1.340, 1.131e-4
-1.339, 1.114e-4
-1.338, 1.106e-4
-1.337, 1.096e-4
-1.336, 1.082e-4
-1.335, 1.072e-4
-1.334, 1.063e-4
-1.333, 1.059e-4
-1.332, 1.052e-4
-1.331, 1.043e-4
-1.330, 1.031e-4
-1.329, 1.022e-4
-1.328, 1.012e-4
-1.327, 9.986e-5
-1.326, 9.920e-5
-1.325, 9.843e-5
-1.324, 9.738e-5
-1.323, 9.637e-5
-1.322, 9.525e-5
-1.321, 9.439e-5
-1.320, 9.336e-5
-1.319, 9.269e-5
-1.318, 9.147e-5
-1.317, 9.038e-5
-1.316, 8.938e-5
-1.315, 8.835e-5
-1.314, 8.723e-5
-1.313, 8.649e-5
-1.312, 8.593e-5
-1.311, 8.486e-5
-1.310, 8.411e-5
-1.309, 8.320e-5
-1.308, 8.223e-5
-1.307, 8.120e-5
-1.306, 8.039e-5
-1.305, 7.955e-5
-1.304, 7.870e-5
-1.303, 7.788e-5
-1.302, 7.758e-5
-1.301, 7.677e-5
-1.300, 7.583e-5
-1.299, 7.492e-5
-1.298, 7.429e-5
-1.297, 7.370e-5
-1.296, 7.261e-5
-1.295, 7.169e-5
-1.294, 7.074e-5
-1.293, 6.982e-5
-1.292, 6.884e-5
-1.291, 6.828e-5
-1.290, 6.726e-5
-1.289, 6.629e-5
-1.288, 6.560e-5
-1.287, 6.481e-5
-1.286, 6.395e-5
-1.285, 6.330e-5
-1.284, 6.256e-5
-1.283, 6.175e-5
-1.282, 6.100e-5
-1.281, 6.025e-5
-1.280, 5.965e-5
-1.279, 5.889e-5
-1.278, 5.811e-5
-1.277, 5.742e-5
-1.276, 5.670e-5
-1.275, 5.585e-5
-1.274, 5.528e-5
-1.273, 5.451e-5
-1.272, 5.379e-5
-1.271, 5.284e-5
-1.270, 5.223e-5
-1.269, 5.160e-5
-1.268, 5.080e-5
-1.267, 5.011e-5
-1.266, 4.946e-5
-1.265, 4.898e-5
-1.264, 4.832e-5
-1.263, 4.764e-5
-1.262, 4.690e-5
-1.261, 4.619e-5
-1.260, 4.532e-5
-1.259, 4.461e-5
-1.258, 4.406e-5
-1.257, 4.340e-5
-1.256, 4.283e-5
-1.255, 4.215e-5
-1.254, 4.163e-5
-1.253, 4.094e-5
-1.252, 4.007e-5
-1.251, 3.935e-5
-1.250, 3.873e-5
-1.249, 3.817e-5
-1.248, 3.765e-5
-1.247, 3.700e-5
-1.246, 3.631e-5
-1.245, 3.570e-5
-1.244, 3.505e-5
-1.243, 3.456e-5
-1.242, 3.398e-5
-1.241, 3.333e-5
-1.240, 3.287e-5
-1.239, 3.227e-5
-1.238, 3.177e-5
-1.237, 3.120e-5
-1.236, 3.060e-5
-1.235, 3.007e-5
-1.234, 2.959e-5
-1.233, 2.909e-5
-1.232, 2.849e-5
-1.231, 2.793e-5
-1.230, 2.744e-5
-1.229, 2.681e-5
-1.228, 2.625e-5
-1.227, 2.571e-5
-1.226, 2.515e-5
-1.225, 2.463e-5
-1.224, 2.407e-5
-1.223, 2.353e-5
-1.222, 2.302e-5
-1.221, 2.248e-5
-1.220, 2.200e-5
-1.219, 2.150e-5
-1.218, 2.093e-5
-1.217, 2.046e-5
-1.216, 1.994e-5
-1.215, 1.941e-5
-1.214, 1.896e-5
-1.213, 1.848e-5
-1.212, 1.792e-5
-1.211, 1.741e-5
-1.210, 1.694e-5
-1.209, 1.643e-5
-1.208, 1.592e-5
-1.207, 1.546e-5
-1.206, 1.500e-5
-1.205, 1.453e-5
-1.204, 1.403e-5
-1.203, 1.352e-5
-1.202, 1.306e-5
-1.201, 1.257e-5
-1.200, 1.211e-5
-1.199, 1.163e-5
-1.198, 1.116e-5
-1.197, 1.069e-5
-1.196, 1.020e-5
-1.195, 9.740e-6
-1.194, 9.271e-6
-1.193, 8.833e-6
-1.192, 8.381e-6
-1.191, 7.917e-6
-1.190, 7.469e-6
-1.189, 7.050e-6
-1.188, 6.558e-6
-1.187, 6.131e-6
-1.186, 5.678e-6
-1.185, 5.204e-6
-1.184, 4.786e-6
-1.183, 4.340e-6
-1.182, 3.904e-6
-1.181, 3.474e-6
-1.180, 3.032e-6
-1.179, 2.598e-6
-1.178, 2.155e-6
-1.177, 1.697e-6
-1.176, 1.298e-6
-1.175, 8.424e-7
-1.174, 4.309e-7
-1.173, 1.855e-8
-1.172, -4.254e-7
-1.171, -8.398e-7
-1.170, -1.259e-6
-1.169, -1.696e-6
-1.168, -2.095e-6
-1.167, -2.531e-6
-1.166, -2.932e-6
-1.165, -3.345e-6
-1.164, -3.780e-6
-1.163, -4.175e-6
-1.162, -4.584e-6
-1.161, -5.007e-6
-1.160, -5.419e-6
-1.159, -5.842e-6
-1.158, -6.253e-6
-1.157, -6.627e-6
-1.156, -7.036e-6
-1.155, -7.448e-6
-1.154, -7.858e-6
-1.153, -8.268e-6
-1.152, -8.671e-6
-1.151, -9.073e-6
-1.150, -9.489e-6
-1.149, -9.892e-6
-1.148, -1.027e-5
-1.147, -1.066e-5
-1.146, -1.107e-5
-1.145, -1.150e-5
-1.144, -1.191e-5
-1.143, -1.230e-5
-1.142, -1.271e-5
-1.141, -1.308e-5
-1.140, -1.344e-5
-1.139, -1.386e-5
-1.138, -1.424e-5
-1.137, -1.465e-5
-1.136, -1.505e-5
-1.135, -1.544e-5
-1.134, -1.584e-5
-1.133, -1.622e-5
-1.132, -1.664e-5
-1.131, -1.704e-5
-1.130, -1.746e-5
-1.129, -1.785e-5
-1.128, -1.826e-5
-1.127, -1.859e-5
-1.126, -1.903e-5
-1.125, -1.941e-5
-1.124, -1.971e-5
-1.123, -2.011e-5
-1.122, -2.053e-5
-1.121, -2.094e-5
-1.120, -2.139e-5
-1.119, -2.181e-5
-1.118, -2.221e-5
-1.117, -2.253e-5
-1.116, -2.288e-5
-1.115, -2.328e-5
-1.114, -2.366e-5
-1.113, -2.404e-5
-1.112, -2.445e-5
-1.111, -2.478e-5
-1.110, -2.519e-5
-1.109, -2.558e-5
-1.108, -2.598e-5
-1.107, -2.640e-5
-1.106, -2.681e-5
-1.105, -2.720e-5
-1.104, -2.756e-5
-1.103, -2.782e-5
-1.102, -2.826e-5
-1.101, -2.877e-5
-1.100, -2.919e-5
-1.099, -2.952e-5
-1.098, -2.986e-5
-1.097, -3.017e-5
-1.096, -3.055e-5
-1.095, -3.096e-5
-1.094, -3.133e-5
-1.093, -3.165e-5
-1.092, -3.210e-5
-1.091, -3.244e-5
-1.090, -3.291e-5
-1.089, -3.317e-5
-1.088, -3.361e-5
-1.087, -3.401e-5
-1.086, -3.434e-5
-1.085, -3.477e-5
-1.084, -3.507e-5
-1.083, -3.543e-5
-1.082, -3.577e-5
-1.081, -3.613e-5
-1.080, -3.658e-5
-1.079, -3.691e-5
-1.078, -3.729e-5
-1.077, -3.773e-5
-1.076, -3.813e-5
-1.075, -3.857e-5
-1.074, -3.890e-5
-1.073, -3.930e-5
-1.072, -3.973e-5
-1.071, -4.011e-5
-1.070, -4.047e-5
-1.069, -4.083e-5
-1.068, -4.116e-5
-1.067, -4.161e-5
-1.066, -4.197e-5
-1.065, -4.227e-5
-1.064, -4.274e-5
-1.063, -4.310e-5
-1.062, -4.361e-5
-1.061, -4.389e-5
-1.060, -4.425e-5
-1.059, -4.462e-5
-1.058, -4.500e-5
-1.057, -4.539e-5
-1.056, -4.568e-5
-1.055, -4.600e-5
-1.054, -4.630e-5
-1.053, -4.668e-5
-1.052, -4.703e-5
-1.051, -4.744e-5
-1.050, -4.797e-5
-1.049, -4.840e-5
-1.048, -4.875e-5
-1.047, -4.906e-5
-1.046, -4.930e-5
-1.045, -4.975e-5
-1.044, -5.018e-5
-1.043, -5.036e-5
-1.042, -5.080e-5
-1.041, -5.114e-5
-1.040, -5.152e-5
-1.039, -5.193e-5
-1.038, -5.218e-5
-1.037, -5.257e-5
-1.036, -5.289e-5
-1.035, -5.338e-5
-1.034, -5.374e-5
-1.033, -5.425e-5
-1.032, -5.453e-5
-1.031, -5.491e-5
-1.030, -5.531e-5
-1.029, -5.556e-5
-1.028, -5.594e-5
-1.027, -5.638e-5
-1.026, -5.667e-5
-1.025, -5.708e-5
-1.024, -5.730e-5
-1.023, -5.763e-5
-1.022, -5.817e-5
-1.021, -5.848e-5
-1.020, -5.878e-5
-1.019, -5.909e-5
-1.018, -5.942e-5
-1.017, -5.977e-5
-1.016, -6.013e-5
-1.015, -6.036e-5
-1.014, -6.071e-5
-1.013, -6.104e-5
-1.012, -6.147e-5
-1.011, -6.180e-5
-1.010, -6.214e-5
-1.009, -6.245e-5
-1.008, -6.279e-5
-1.007, -6.305e-5
-1.006, -6.327e-5
-1.005, -6.357e-5
-1.004, -6.379e-5
-1.003, -6.408e-5
-1.002, -6.460e-5
-1.001, -6.507e-5
-1.000, -6.412e-5
-1.001, -6.258e-5
-1.002, -6.147e-5
-1.003, -6.045e-5
-1.004, -5.936e-5
-1.005, -5.822e-5
-1.006, -5.735e-5
-1.007, -5.638e-5
-1.008, -5.547e-5
-1.009, -5.465e-5
-1.010, -5.383e-5
-1.011, -5.302e-5
-1.012, -5.221e-5
-1.013, -5.140e-5
-1.014, -5.072e-5
-1.015, -4.992e-5
-1.016, -4.938e-5
-1.017, -4.848e-5
-1.018, -4.779e-5
-1.019, -4.699e-5
-1.020, -4.624e-5
-1.021, -4.572e-5
-1.022, -4.508e-5
-1.023, -4.457e-5
-1.024, -4.392e-5
-1.025, -4.329e-5
-1.026, -4.261e-5
-1.027, -4.191e-5
-1.028, -4.130e-5
-1.029, -4.079e-5
-1.030, -4.013e-5
-1.031, -3.945e-5
-1.032, -3.869e-5
-1.033, -3.818e-5
-1.034, -3.753e-5
-1.035, -3.702e-5
-1.036, -3.638e-5
-1.037, -3.588e-5
-1.038, -3.543e-5
-1.039, -3.481e-5
-1.040, -3.428e-5
-1.041, -3.377e-5
-1.042, -3.322e-5
-1.043, -3.269e-5
-1.044, -3.208e-5
-1.045, -3.155e-5
-1.046, -3.099e-5
-1.047, -3.053e-5
-1.048, -2.999e-5
-1.049, -2.954e-5
-1.050, -2.907e-5
-1.051, -2.862e-5
-1.052, -2.807e-5
-1.053, -2.761e-5
-1.054, -2.709e-5
-1.055, -2.658e-5
-1.056, -2.608e-5
-1.057, -2.562e-5
-1.058, -2.518e-5
-1.059, -2.475e-5
-1.060, -2.435e-5
-1.061, -2.385e-5
-1.062, -2.341e-5
-1.063, -2.296e-5
-1.064, -2.249e-5
-1.065, -2.205e-5
-1.066, -2.155e-5
-1.067, -2.113e-5
-1.068, -2.069e-5
-1.069, -2.025e-5
-1.070, -1.981e-5
-1.071, -1.939e-5
-1.072, -1.896e-5
-1.073, -1.855e-5
-1.074, -1.813e-5
-1.075, -1.769e-5
-1.076, -1.728e-5
-1.077, -1.685e-5
-1.078, -1.640e-5
-1.079, -1.597e-5
-1.080, -1.557e-5
-1.081, -1.515e-5
-1.082, -1.475e-5
-1.083, -1.436e-5
-1.084, -1.399e-5
-1.085, -1.355e-5
-1.086, -1.317e-5
-1.087, -1.273e-5
-1.088, -1.234e-5
-1.089, -1.194e-5
-1.090, -1.152e-5
-1.091, -1.113e-5
-1.092, -1.072e-5
-1.093, -1.031e-5
-1.094, -9.922e-6
-1.095, -9.499e-6
-1.096, -9.113e-6
-1.097, -8.729e-6
-1.098, -8.327e-6
-1.099, -7.957e-6
-1.100, -7.566e-6
-1.101, -7.183e-6
-1.102, -6.804e-6
-1.103, -6.423e-6
-1.104, -6.030e-6
-1.105, -5.677e-6
-1.106, -5.262e-6
-1.107, -4.877e-6
-1.108, -4.489e-6
-1.109, -4.140e-6
-1.110, -3.737e-6
-1.111, -3.354e-6
-1.112, -2.982e-6
-1.113, -2.606e-6
-1.114, -2.217e-6
-1.115, -1.856e-6
-1.116, -1.458e-6
-1.117, -1.098e-6
-1.118, -7.096e-7
-1.119, -3.435e-7
-1.120, 2.743e-8
-1.121, 4.112e-7
-1.122, 7.851e-7
-1.123, 1.155e-6
-1.124, 1.529e-6
-1.125, 1.906e-6
-1.126, 2.278e-6
-1.127, 2.666e-6
-1.128, 3.038e-6
-1.129, 3.414e-6
-1.130, 3.789e-6
-1.131, 4.172e-6
-1.132, 4.541e-6
-1.133, 4.906e-6
-1.134, 5.281e-6
-1.135, 5.650e-6
-1.136, 6.037e-6
-1.137, 6.413e-6
-1.138, 6.785e-6
-1.139, 7.168e-6
-1.140, 7.538e-6
-1.141, 7.930e-6
-1.142, 8.297e-6
-1.143, 8.671e-6
-1.144, 9.015e-6
-1.145, 9.425e-6
-1.146, 9.805e-6
-1.147, 1.017e-5
-1.148, 1.053e-5
-1.149, 1.092e-5
-1.150, 1.129e-5
-1.151, 1.163e-5
-1.152, 1.203e-5
-1.153, 1.239e-5
-1.154, 1.277e-5
-1.155, 1.313e-5
-1.156, 1.354e-5
-1.157, 1.397e-5
-1.158, 1.434e-5
-1.159, 1.471e-5
-1.160, 1.507e-5
-1.161, 1.546e-5
-1.162, 1.585e-5
-1.163, 1.620e-5
-1.164, 1.660e-5
-1.165, 1.699e-5
-1.166, 1.739e-5
-1.167, 1.777e-5
-1.168, 1.819e-5
-1.169, 1.861e-5
-1.170, 1.904e-5
-1.171, 1.935e-5
-1.172, 1.978e-5
-1.173, 2.021e-5
-1.174, 2.059e-5
-1.175, 2.099e-5
-1.176, 2.140e-5
-1.177, 2.180e-5
-1.178, 2.218e-5
-1.179, 2.259e-5
-1.180, 2.303e-5
-1.181, 2.342e-5
-1.182, 2.379e-5
-1.183, 2.419e-5
-1.184, 2.461e-5
-1.185, 2.505e-5
-1.186, 2.542e-5
-1.187, 2.586e-5
-1.188, 2.628e-5
-1.189, 2.667e-5
-1.190, 2.710e-5
-1.191, 2.752e-5
-1.192, 2.790e-5
-1.193, 2.835e-5
-1.194, 2.874e-5
-1.195, 2.918e-5
-1.196, 2.965e-5
-1.197, 3.014e-5
-1.198, 3.055e-5
-1.199, 3.098e-5
-1.200, 3.142e-5
-1.201, 3.183e-5
-1.202, 3.230e-5
-1.203, 3.271e-5
-1.204, 3.315e-5
-1.205, 3.363e-5
-1.206, 3.409e-5
-1.207, 3.448e-5
-1.208, 3.497e-5
-1.209, 3.546e-5
-1.210, 3.588e-5
-1.211, 3.630e-5
-1.212, 3.674e-5
-1.213, 3.717e-5
-1.214, 3.763e-5
-1.215, 3.807e-5
-1.216, 3.851e-5
-1.217, 3.899e-5
-1.218, 3.941e-5
-1.219, 3.998e-5
-1.220, 4.041e-5
-1.221, 4.092e-5
-1.222, 4.143e-5
-1.223, 4.181e-5
-1.224, 4.228e-5
-1.225, 4.276e-5
-1.226, 4.324e-5
-1.227, 4.373e-5
-1.228, 4.422e-5
-1.229, 4.475e-5
-1.230, 4.528e-5
-1.231, 4.577e-5
-1.232, 4.615e-5
-1.233, 4.664e-5
-1.234, 4.708e-5
-1.235, 4.753e-5
-1.236, 4.804e-5
-1.237, 4.847e-5
-1.238, 4.903e-5
-1.239, 4.954e-5
-1.240, 5.005e-5
-1.241, 5.057e-5
-1.242, 5.109e-5
-1.243, 5.168e-5
-1.244, 5.222e-5
-1.245, 5.288e-5
-1.246, 5.332e-5
-1.247, 5.382e-5
-1.248, 5.432e-5
-1.249, 5.488e-5
-1.250, 5.548e-5
-1.251, 5.589e-5
-1.252, 5.635e-5
-1.253, 5.689e-5
-1.254, 5.750e-5
-1.255, 5.808e-5
-1.256, 5.858e-5
-1.257, 5.907e-5
-1.258, 5.970e-5
-1.259, 6.016e-5
-1.260, 6.066e-5
-1.261, 6.121e-5
-1.262, 6.178e-5
-1.263, 6.229e-5
-1.264, 6.286e-5
-1.265, 6.341e-5
-1.266, 6.404e-5
-1.267, 6.459e-5
-1.268, 6.518e-5
-1.269, 6.568e-5
-1.270, 6.629e-5
-1.271, 6.685e-5
-1.272, 6.739e-5
-1.273, 6.797e-5
-1.274, 6.862e-5
-1.275, 6.916e-5
-1.276, 6.962e-5
-1.277, 7.025e-5
-1.278, 7.106e-5
-1.279, 7.155e-5
-1.280, 7.216e-5
-1.281, 7.282e-5
-1.282, 7.359e-5
-1.283, 7.411e-5
-1.284, 7.453e-5
-1.285, 7.532e-5
-1.286, 7.594e-5
-1.287, 7.660e-5
-1.288, 7.735e-5
-1.289, 7.799e-5
-1.290, 7.851e-5
-1.291, 7.905e-5
-1.292, 7.968e-5
-1.293, 8.047e-5
-1.294, 8.119e-5
-1.295, 8.191e-5
-1.296, 8.233e-5
-1.297, 8.292e-5
-1.298, 8.367e-5
-1.299, 8.393e-5
-1.300, 8.448e-5
-1.301, 8.510e-5
-1.302, 8.574e-5
-1.303, 8.632e-5
-1.304, 8.682e-5
-1.305, 8.736e-5
-1.306, 8.804e-5
-1.307, 8.880e-5
-1.308, 8.939e-5
-1.309, 9.009e-5
-1.310, 9.091e-5
-1.311, 9.151e-5
-1.312, 9.221e-5
-1.313, 9.297e-5
-1.314, 9.383e-5
-1.315, 9.457e-5
-1.316, 9.485e-5
-1.317, 9.534e-5
-1.318, 9.609e-5
-1.319, 9.667e-5
-1.320, 9.715e-5
-1.321, 9.757e-5
-1.322, 9.836e-5
-1.323, 9.894e-5
-1.324, 9.975e-5
-1.325, 1.005e-4
-1.326, 1.010e-4
-1.327, 1.020e-4
-1.328, 1.028e-4
-1.329, 1.033e-4
-1.330, 1.042e-4
-1.331, 1.052e-4
-1.332, 1.059e-4
-1.333, 1.066e-4
-1.334, 1.074e-4
-1.335, 1.080e-4
-1.336, 1.085e-4
-1.337, 1.092e-4
-1.338, 1.100e-4
-1.339, 1.109e-4
-1.340, 1.117e-4
-1.341, 1.126e-4
-1.342, 1.133e-4
-1.343, 1.135e-4
-1.344, 1.141e-4
-1.345, 1.149e-4
-1.346, 1.160e-4
-1.347, 1.168e-4
-1.348, 1.174e-4
-1.349, 1.184e-4
-1.350, 1.193e-4
-1.351, 1.202e-4
-1.352, 1.208e-4
-1.353, 1.216e-4
-1.354, 1.223e-4
-1.355, 1.234e-4
-1.356, 1.243e-4
-1.357, 1.256e-4
-1.358, 1.266e-4
-1.359, 1.279e-4
-1.360, 1.284e-4
-1.361, 1.294e-4
-1.362, 1.303e-4
-1.363, 1.306e-4
-1.364, 1.319e-4
-1.365, 1.332e-4
-1.366, 1.342e-4
-1.367, 1.350e-4
-1.368, 1.355e-4
-1.369, 1.360e-4
-1.370, 1.367e-4
-1.371, 1.380e-4
-1.372, 1.387e-4
-1.373, 1.392e-4
-1.374, 1.401e-4
-1.375, 1.411e-4
-1.376, 1.415e-4
-1.377, 1.426e-4
-1.378, 1.434e-4
-1.379, 1.447e-4
-1.380, 1.453e-4
-1.381, 1.460e-4
-1.382, 1.469e-4
-1.383, 1.481e-4
-1.384, 1.490e-4
-1.385, 1.504e-4
-1.386, 1.512e-4
-1.387, 1.524e-4
-1.388, 1.529e-4
-1.389, 1.541e-4
-1.390, 1.553e-4
-1.391, 1.562e-4
-1.392, 1.568e-4
-1.393, 1.583e-4
-1.394, 1.591e-4
-1.395, 1.599e-4
-1.396, 1.609e-4
-1.397, 1.622e-4
-1.398, 1.633e-4
-1.399, 1.638e-4
-1.400, 1.624e-4
-1.399, 1.603e-4
-1.398, 1.585e-4
-1.397, 1.567e-4
-1.396, 1.551e-4
-1.395, 1.537e-4
-1.394, 1.518e-4
-1.393, 1.506e-4
-1.392, 1.495e-4
-1.391, 1.480e-4
-1.390, 1.465e-4
-1.389, 1.450e-4
-1.388, 1.438e-4
-1.387, 1.423e-4
-1.386, 1.408e-4
-1.385, 1.392e-4
-1.384, 1.379e-4
-1.383, 1.366e-4
-1.382, 1.358e-4
-1.381, 1.349e-4
-1.380, 1.336e-4
-1.379, 1.321e-4
-1.378, 1.312e-4
-1.377, 1.298e-4
-1.376, 1.291e-4
-1.375, 1.287e-4
-1.374, 1.276e-4
-1.373, 1.263e-4
-1.372, 1.251e-4
-1.371, 1.239e-4
-1.370, 1.223e-4
-1.369, 1.210e-4
-1.368, 1.199e-4
-1.367, 1.187e-4
-1.366, 1.174e-4
-1.365, 1.165e-4
-1.364, 1.155e-4
-1.363, 1.142e-4
-1.362, 1.131e-4
-1.361, 1.120e-4
-1.360, 1.110e-4
-1.359, 1.099e-4
-1.358, 1.086e-4
-1.357, 1.076e-4
-1.356, 1.067e-4
-1.355, 1.056e-4
-1.354, 1.047e-4
-1.353, 1.040e-4
-1.352, 1.034e-4
-1.351, 1.018e-4
-1.350, 1.009e-4
-1.349, 1.000e-4
-1.348, 9.910e-5
-1.347, 9.818e-5
-1.346, 9.730e-5
-1.345, 9.626e-5
-1.344, 9.506e-5
-1.343, 9.418e-5
-1.342, 9.316e-5
-1.341, 9.222e-5
-1.340, 9.150e-5
-1.339, 9.087e-5
-1.338, 9.014e-5
-1.337, 8.926e-5
-1.336, 8.831e-5
-1.335, 8.726e-5
-1.334, 8.602e-5
-1.333, 8.521e-5
-1.332, 8.455e-5
-1.331, 8.344e-5
-1.330, 8.255e-5
-1.329, 8.143e-5
-1.328, 8.048e-5
-1.327, 7.956e-5
-1.326, 7.890e-5
-1.325, 7.795e-5
-1.324, 7.697e-5
-1.323, 7.606e-5
-1.322, 7.548e-5
-1.321, 7.475e-5
-1.320, 7.383e-5
-1.319, 7.293e-5
-1.318, 7.194e-5
-1.317, 7.119e-5
-1.316, 7.021e-5
-1.315, 6.942e-5
-1.314, 6.868e-5
-1.313, 6.791e-5
-1.312, 6.718e-5
-1.311, 6.639e-5
-1.310, 6.563e-5
-1.309, 6.460e-5
-1.308, 6.388e-5
-1.307, 6.331e-5
-1.306, 6.252e-5
-1.305, 6.177e-5
-1.304, 6.094e-5
-1.303, 5.982e-5
-1.302, 5.902e-5
-1.301, 5.823e-5
-1.300, 5.754e-5
-1.299, 5.666e-5
-1.298, 5.588e-5
-1.297, 5.525e-5
-1.296, 5.448e-5
-1.295, 5.398e-5
-1.294, 5.319e-5
-1.293, 5.244e-5
-1.292, 5.176e-5
-1.291, 5.114e-5
-1.290, 5.038e-5
-1.289, 4.967e-5
-1.288, 4.898e-5
-1.287, 4.838e-5
-1.286, 4.749e-5
-1.285, 4.678e-5
-1.284, 4.614e-5
-1.283, 4.549e-5
-1.282, 4.482e-5
-1.281, 4.409e-5
-1.280, 4.350e-5
-1.279, 4.298e-5
-1.278, 4.236e-5
-1.277, 4.168e-5
-1.276, 4.110e-5
-1.275, 4.054e-5
-1.274, 3.991e-5
-1.273, 3.939e-5
-1.272, 3.880e-5
-1.271, 3.813e-5
-1.270, 3.750e-5
-1.269, 3.683e-5
-1.268, 3.630e-5
-1.267, 3.564e-5
-1.266, 3.502e-5
-1.265, 3.448e-5
-1.264, 3.380e-5
-1.263, 3.321e-5
-1.262, 3.265e-5
-1.261, 3.204e-5
-1.260, 3.144e-5
-1.259, 3.080e-5
-1.258, 3.023e-5
-1.257, 2.968e-5
-1.256, 2.914e-5
-1.255, 2.870e-5
-1.254, 2.810e-5
-1.253, 2.754e-5
-1.252, 2.696e-5
-1.251, 2.643e-5
-1.250, 2.594e-5
-1.249, 2.536e-5
-1.248, 2.475e-5
-1.247, 2.418e-5
-1.246, 2.367e-5
-1.245, 2.313e-5
-1.244, 2.255e-5
-1.243, 2.207e-5
-1.242, 2.161e-5
-1.241, 2.109e-5
-1.240, 2.056e-5
-1.239, 2.008e-5
-1.238, 1.953e-5
-1.237, 1.902e-5
-1.236, 1.851e-5
-1.235, 1.797e-5
-1.234, 1.744e-5
-1.233, 1.693e-5
-1.232, 1.636e-5
-1.231, 1.586e-5
-1.230, 1.536e-5
-1.229, 1.486e-5
-1.228, 1.443e-5
-1.227, 1.392e-5
-1.226, 1.343e-5
-1.225, 1.294e-5
-1.224, 1.251e-5
-1.223, 1.199e-5
-1.222, 1.150e-5
-1.221, 1.101e-5
-1.220, 1.055e-5
-1.219, 1.012e-5
-1.218, 9.678e-6
-1.217, 9.224e-6
-1.216, 8.774e-6
-1.215, 8.300e-6
-1.214, 7.824e-6
-1.213, 7.375e-6
-1.212, 6.898e-6
-1.211, 6.450e-6
-1.210, 6.014e-6
-1.209, 5.561e-6
-1.208, 5.107e-6
-1.207, 4.645e-6
-1.206, 4.201e-6
-1.205, 3.742e-6
-1.204, 3.303e-6
-1.203, 2.829e-6
-1.202, 2.421e-6
-1.201, 1.972e-6
-1.200, 1.520e-6
-1.199, 1.107e-6
-1.198, 6.411e-7
-1.197, 2.336e-7
-1.196, -2.143e-7
-1.195, -6.425e-7
-1.194, -1.053e-6
-1.193, -1.524e-6
-1.192, -1.928e-6
-1.191, -2.348e-6
-1.190, -2.803e-6
-1.189, -3.194e-6
-1.188, -3.622e-6
-1.187, -4.056e-6
-1.186, -4.459e-6
-1.185, -4.903e-6
-1.184, -5.299e-6
-1.183, -5.728e-6
-1.182, -6.144e-6
-1.181, -6.548e-6
-1.180, -6.976e-6
-1.179, -7.390e-6
-1.178, -7.785e-6
-1.177, -8.214e-6
-1.176, -8.609e-6
-1.175, -9.042e-6
-1.174, -9.447e-6
-1.173, -9.861e-6
-1.172, -1.024e-5
-1.171, -1.066e-5
-1.170, -1.105e-5
-1.169, -1.145e-5
-1.168, -1.187e-5
-1.167, -1.227e-5
-1.166, -1.266e-5
-1.165, -1.310e-5
-1.164, -1.349e-5
-1.163, -1.390e-5
-1.162, -1.429e-5
-1.161, -1.470e-5
-1.160, -1.510e-5
-1.159, -1.550e-5
-1.158, -1.586e-5
-1.157, -1.628e-5
-1.156, -1.664e-5
-1.155, -1.706e-5
-1.154, -1.748e-5
-1.153, -1.784e-5
-1.152, -1.825e-5
-1.151, -1.860e-5
-1.150, -1.900e-5
-1.149, -1.939e-5
-1.148, -1.980e-5
-1.147, -2.023e-5
-1.146, -2.064e-5
-1.145, -2.099e-5
-1.144, -2.142e-5
-1.143, -2.186e-5
-1.142, -2.232e-5
-1.141, -2.274e-5
-1.140, -2.311e-5
-1.139, -2.350e-5
-1.138, -2.385e-5
-1.137, -2.427e-5
-1.136, -2.473e-5
-1.135, -2.505e-5
-1.134, -2.547e-5
-1.133, -2.588e-5
-1.132, -2.630e-5
-1.131, -2.667e-5
-1.130, -2.699e-5
-1.129, -2.737e-5
-1.128, -2.776e-5
-1.127, -2.815e-5
-1.126, -2.858e-5
-1.125, -2.895e-5
-1.124, -2.937e-5
-1.123, -2.980e-5
-1.122, -3.012e-5
-1.121, -3.048e-5
-1.120, -3.084e-5
-1.119, -3.123e-5
-1.118, -3.164e-5
-1.117, -3.198e-5
-1.116, -3.237e-5
-1.115, -3.281e-5
-1.114, -3.322e-5
-1.113, -3.354e-5
-1.112, -3.389e-5
-1.111, -3.428e-5
-1.110, -3.464e-5
-1.109, -3.505e-5
-1.108, -3.549e-5
-1.107, -3.591e-5
-1.106, -3.632e-5
-1.105, -3.666e-5
-1.104, -3.706e-5
-1.103, -3.747e-5
-1.102, -3.786e-5
-1.101, -3.816e-5
-1.100, -3.857e-5
-1.099, -3.899e-5
-1.098, -3.940e-5
-1.097, -3.983e-5
-1.096, -4.027e-5
-1.095, -4.062e-5
-1.094, -4.097e-5
-1.093, -4.140e-5
-1.092, -4.178e-5
-1.091, -4.213e-5
-1.090, -4.260e-5
-1.089, -4.290e-5
-1.088, -4.327e-5
-1.087, -4.363e-5
-1.086, -4.410e-5
-1.085, -4.444e-5
-1.084, -4.481e-5
-1.083, -4.524e-5
-1.082, -4.553e-5
-1.081, -4.595e-5
-1.080, -4.633e-5
-1.079, -4.671e-5
-1.078, -4.710e-5
-1.077, -4.749e-5
-1.076, -4.788e-5
-1.075, -4.828e-5
-1.074, -4.862e-5
-1.073, -4.903e-5
-1.072, -4.941e-5
-1.071, -4.985e-5
-1.070, -5.022e-5
-1.069, -5.055e-5
-1.068, -5.089e-5
-1.067, -5.132e-5
-1.066, -5.160e-5
-1.065, -5.201e-5
-1.064, -5.247e-5
-1.063, -5.289e-5
-1.062, -5.324e-5
-1.061, -5.365e-5
-1.060, -5.407e-5
-1.059, -5.444e-5
-1.058, -5.478e-5
-1.057, -5.520e-5
-1.056, -5.554e-5
-1.055, -5.592e-5
-1.054, -5.618e-5
-1.053, -5.654e-5
-1.052, -5.693e-5
-1.051, -5.738e-5
-1.050, -5.782e-5
-1.049, -5.818e-5
-1.048, -5.865e-5
-1.047, -5.901e-5
-1.046, -5.945e-5
-1.045, -5.981e-5
-1.044, -6.015e-5
-1.043, -6.058e-5
-1.042, -6.100e-5
-1.041, -6.130e-5
-1.040, -6.153e-5
-1.039, -6.192e-5
-1.038, -6.223e-5
-1.037, -6.267e-5
-1.036, -6.298e-5
-1.035, -6.329e-5
-1.034, -6.367e-5
-1.033, -6.413e-5
-1.032, -6.452e-5
-1.031, -6.483e-5
-1.030, -6.520e-5
-1.029, -6.542e-5
-1.028, -6.569e-5
-1.027, -6.601e-5
-1.026, -6.648e-5
-1.025, -6.707e-5
-1.024, -6.749e-5
-1.023, -6.775e-5
-1.022, -6.803e-5
-1.021, -6.841e-5
-1.020, -6.872e-5
-1.019, -6.906e-5
-1.018, -6.930e-5
-1.017, -6.974e-5
-1.016, -7.006e-5
-1.015, -7.047e-5
-1.014, -7.061e-5
-1.013, -7.097e-5
-1.012, -7.133e-5
-1.011, -7.164e-5
-1.010, -7.198e-5
-1.009, -7.208e-5
-1.008, -7.252e-5
-1.007, -7.281e-5
-1.006, -7.330e-5
-1.005, -7.373e-5
-1.004, -7.409e-5
-1.003, -7.446e-5
-1.002, -7.470e-5
-1.001, -7.505e-5
-1.000, -7.417e-5
-1.001, -7.259e-5
-1.002, -7.129e-5
-1.003, -7.024e-5
-1.004, -6.922e-5
-1.005, -6.827e-5
-1.006, -6.727e-5
-1.007, -6.630e-5
-1.008, -6.529e-5
-1.009, -6.432e-5
-1.010, -6.343e-5
-1.011, -6.252e-5
-1.012, -6.150e-5
-1.013, -6.077e-5
-1.014, -5.998e-5
-1.015, -5.914e-5
-1.016, -5.830e-5
-1.017, -5.750e-5
-1.018, -5.685e-5
-1.019, -5.597e-5
-1.020, -5.512e-5
-1.021, -5.439e-5
-1.022, -5.361e-5
-1.023, -5.291e-5
-1.024, -5.217e-5
-1.025, -5.145e-5
-1.026, -5.081e-5
-1.027, -5.016e-5
-1.028, -4.953e-5
-1.029, -4.887e-5
-1.030, -4.828e-5
-1.031, -4.754e-5
-1.032, -4.686e-5
-1.033, -4.623e-5
-1.034, -4.556e-5
-1.035, -4.494e-5
-1.036, -4.439e-5
-1.037, -4.389e-5
-1.038, -4.330e-5
-1.039, -4.277e-5
-1.040, -4.220e-5
-1.041, -4.161e-5
-1.042, -4.109e-5
-1.043, -4.048e-5
-1.044, -3.997e-5
-1.045, -3.939e-5
-1.046, -3.871e-5
-1.047, -3.804e-5
-1.048, -3.754e-5
-1.049, -3.700e-5
-1.050, -3.640e-5
-1.051, -3.600e-5
-1.052, -3.553e-5
-1.053, -3.504e-5
-1.054, -3.450e-5
-1.055, -3.396e-5
-1.056, -3.348e-5
-1.057, -3.295e-5
-1.058, -3.242e-5
-1.059, -3.198e-5
-1.060, -3.147e-5
-1.061, -3.095e-5
-1.062, -3.047e-5
-1.063, -2.996e-5
-1.064, -2.943e-5
-1.065, -2.896e-5
-1.066, -2.847e-5
-1.067, -2.798e-5
-1.068, -2.753e-5
-1.069, -2.703e-5
-1.070, -2.654e-5
-1.071, -2.604e-5
-1.072, -2.560e-5
-1.073, -2.508e-5
-1.074, -2.465e-5
-1.075, -2.422e-5
-1.076, -2.377e-5
-1.077, -2.334e-5
-1.078, -2.289e-5
-1.079, -2.247e-5
-1.080, -2.202e-5
-1.081, -2.158e-5
-1.082, -2.115e-5
-1.083, -2.068e-5
-1.084, -2.030e-5
-1.085, -1.982e-5
-1.086, -1.938e-5
-1.087, -1.899e-5
-1.088, -1.857e-5
-1.089, -1.816e-5
-1.090, -1.776e-5
-1.091, -1.733e-5
-1.092, -1.689e-5
-1.093, -1.648e-5
-1.094, -1.606e-5
-1.095, -1.560e-5
-1.096, -1.521e-5
-1.097, -1.487e-5
-1.098, -1.442e-5
-1.099, -1.400e-5
-1.100, -1.359e-5
-1.101, -1.317e-5
-1.102, -1.273e-5
-1.103, -1.240e-5
-1.104, -1.198e-5
-1.105, -1.158e-5
-1.106, -1.115e-5
-1.107, -1.077e-5
-1.108, -1.038e-5
-1.109, -9.942e-6
-1.110, -9.552e-6
-1.111, -9.175e-6
-1.112, -8.798e-6
-1.113, -8.424e-6
-1.114, -8.021e-6
-1.115, -7.651e-6
-1.116, -7.265e-6
-1.117, -6.851e-6
-1.118, -6.482e-6
-1.119, -6.106e-6
-1.120, -5.705e-6
-1.121, -5.342e-6
-1.122, -4.940e-6
-1.123, -4.559e-6
-1.124, -4.187e-6
-1.125, -3.832e-6
-1.126, -3.436e-6
-1.127, -3.031e-6
-1.128, -2.662e-6
-1.129, -2.287e-6
-1.130, -1.918e-6
-1.131, -1.519e-6
-1.132, -1.143e-6
-1.133, -7.589e-7
-1.134, -3.958e-7
-1.135, 5.722e-9
-1.136, 3.599e-7
-1.137, 7.496e-7
-1.138, 1.124e-6
-1.139, 1.497e-6
-1.140, 1.884e-6
-1.141, 2.244e-6
-1.142, 2.627e-6
-1.143, 2.999e-6
-1.144, 3.391e-6
-1.145, 3.761e-6
-1.146, 4.122e-6
-1.147, 4.512e-6
-1.148, 4.879e-6
-1.149, 5.260e-6
-1.150, 5.650e-6
-1.151, 6.041e-6
-1.152, 6.414e-6
-1.153, 6.791e-6
-1.154, 7.169e-6
-1.155, 7.545e-6
-1.156, 7.918e-6
-1.157, 8.291e-6
-1.158, 8.691e-6
-1.159, 9.066e-6
-1.160, 9.446e-6
-1.161, 9.838e-6
-1.162, 1.019e-5
-1.163, 1.058e-5
-1.164, 1.097e-5
-1.165, 1.137e-5
-1.166, 1.173e-5
-1.167, 1.214e-5
-1.168, 1.251e-5
-1.169, 1.292e-5
-1.170, 1.332e-5
-1.171, 1.369e-5
-1.172, 1.412e-5
-1.173, 1.449e-5
-1.174, 1.489e-5
-1.175, 1.530e-5
-1.176, 1.567e-5
-1.177, 1.606e-5
-1.178, 1.645e-5
-1.179, 1.686e-5
-1.180, 1.724e-5
-1.181, 1.763e-5
-1.182, 1.803e-5
-1.183, 1.846e-5
-1.184, 1.883e-5
-1.185, 1.927e-5
-1.186, 1.968e-5
-1.187, 2.006e-5
-1.188, 2.047e-5
-1.189, 2.084e-5
-1.190, 2.123e-5
-1.191, 2.164e-5
-1.192, 2.208e-5
-1.193, 2.243e-5
-1.194, 2.287e-5
-1.195, 2.329e-5
-1.196, 2.369e-5
-1.197, 2.411e-5
-1.198, 2.454e-5
-1.199, 2.493e-5
-1.200, 2.537e-5
-1.201, 2.575e-5
-1.202, 2.616e-5
-1.203, 2.662e-5
-1.204, 2.707e-5
-1.205, 2.749e-5
-1.206, 2.790e-5
-1.207, 2.834e-5
-1.208, 2.876e-5
-1.209, 2.919e-5
-1.210, 2.956e-5
-1.211, 3.000e-5
-1.212, 3.042e-5
-1.213, 3.082e-5
-1.214, 3.127e-5
-1.215, 3.167e-5
-1.216, 3.212e-5
-1.217, 3.254e-5
-1.218, 3.303e-5
-1.219, 3.346e-5
-1.220, 3.390e-5
-1.221, 3.437e-5
-1.222, 3.485e-5
-1.223, 3.535e-5
-1.224, 3.575e-5
-1.225, 3.612e-5
-1.226, 3.664e-5
-1.227, 3.700e-5
-1.228, 3.747e-5
-1.229, 3.795e-5
-1.230, 3.844e-5
-1.231, 3.895e-5
-1.232, 3.938e-5
-1.233, 3.987e-5
-1.234, 4.043e-5
-1.235, 4.082e-5
-1.236, 4.132e-5
-1.237, 4.177e-5
-1.238, 4.225e-5
-1.239, 4.280e-5
-1.240, 4.330e-5
-1.241, 4.369e-5
-1.242, 4.420e-5
-1.243, 4.469e-5
-1.244, 4.517e-5
-1.245, 4.563e-5
-1.246, 4.618e-5
-1.247, 4.671e-5
-1.248, 4.728e-5
-1.249, 4.777e-5
-1.250, 4.820e-5
-1.251, 4.873e-5
-1.252, 4.916e-5
-1.253, 4.969e-5
-1.254, 5.020e-5
-1.255, 5.068e-5
-1.256, 5.110e-5
-1.257, 5.165e-5
-1.258, 5.215e-5
-1.259, 5.261e-5
-1.260, 5.324e-5
-1.261, 5.384e-5
-1.262, 5.429e-5
-1.263, 5.484e-5
-1.264, 5.535e-5
-1.265, 5.599e-5
-1.266, 5.656e-5
-1.267, 5.713e-5
-1.268, 5.762e-5
-1.269, 5.811e-5
-1.270, 5.866e-5
-1.271, 5.933e-5
-1.272, 5.979e-5
-1.273, 6.023e-5
-1.274, 6.072e-5
-1.275, 6.134e-5
-1.276, 6.191e-5
-1.277, 6.249e-5
-1.278, 6.309e-5
-1.279, 6.366e-5
-1.280, 6.409e-5
-1.281, 6.465e-5
-1.282, 6.516e-5
-1.283, 6.565e-5
-1.284, 6.622e-5
-1.285, 6.677e-5
-1.286, 6.733e-5
-1.287, 6.802e-5
-1.288, 6.862e-5
-1.289, 6.915e-5
-1.290, 6.975e-5
-1.291, 7.032e-5
-1.292, 7.094e-5
-1.293, 7.137e-5
-1.294, 7.179e-5
-1.295, 7.235e-5
-1.296, 7.296e-5
-1.297, 7.370e-5
-1.298, 7.429e-5
-1.299, 7.499e-5
-1.300, 7.565e-5
-1.301, 7.625e-5
-1.302, 7.683e-5
-1.303, 7.738e-5
-1.304, 7.792e-5
-1.305, 7.876e-5
-1.306, 7.935e-5
-1.307, 8.004e-5
-1.308, 8.074e-5
-1.309, 8.110e-5
-1.310, 8.176e-5
-1.311, 8.231e-5
-1.312, 8.294e-5
-1.313, 8.369e-5
-1.314, 8.431e-5
-1.315, 8.491e-5
-1.316, 8.559e-5
-1.317, 8.623e-5
-1.318, 8.689e-5
-1.319, 8.750e-5
-1.320, 8.790e-5
-1.321, 8.837e-5
-1.322, 8.908e-5
-1.323, 8.985e-5
-1.324, 9.047e-5
-1.325, 9.117e-5
-1.326, 9.189e-5
-1.327, 9.277e-5
-1.328, 9.348e-5
-1.329, 9.414e-5
-1.330, 9.465e-5
-1.331, 9.538e-5
-1.332, 9.595e-5
-1.333, 9.654e-5
-1.334, 9.713e-5
-1.335, 9.781e-5
-1.336, 9.843e-5
-1.337, 9.929e-5
-1.338, 9.977e-5
-1.339, 1.003e-4
-1.340, 1.010e-4
-1.341, 1.018e-4
-1.342, 1.024e-4
-1.343, 1.033e-4
-1.344, 1.041e-4
-1.345, 1.047e-4
-1.346, 1.055e-4
-1.347, 1.065e-4
-1.348, 1.071e-4
-1.349, 1.077e-4
-1.350, 1.086e-4
-1.351, 1.094e-4
-1.352, 1.104e-4
-1.353, 1.115e-4
-1.354, 1.126e-4
-1.355, 1.132e-4
-1.356, 1.136e-4
-1.357, 1.143e-4
-1.358, 1.153e-4
-1.359, 1.161e-4
-1.360, 1.167e-4
-1.361, 1.172e-4
-1.362, 1.178e-4
-1.363, 1.185e-4
-1.364, 1.190e-4
-1.365, 1.201e-4
-1.366, 1.212e-4
-1.367, 1.220e-4
-1.368, 1.229e-4
-1.369, 1.237e-4
-1.370, 1.246e-4
-1.371, 1.255e-4
-1.372, 1.264e-4
-1.373, 1.272e-4
-1.374, 1.287e-4
-1.375, 1.292e-4
-1.376, 1.298e-4
-1.377, 1.306e-4
-1.378, 1.311e-4
-1.379, 1.320e-4
-1.380, 1.329e-4
-1.381, 1.339e-4
-1.382, 1.350e-4
-1.383, 1.362e-4
-1.384, 1.369e-4
-1.385, 1.377e-4
-1.386, 1.383e-4
-1.387, 1.394e-4
-1.388, 1.404e-4
-1.389, 1.417e-4
-1.390, 1.425e-4
-1.391, 1.428e-4
-1.392, 1.439e-4
-1.393, 1.446e-4
-1.394, 1.456e-4
-1.395, 1.465e-4
-1.396, 1.474e-4
-1.397, 1.486e-4
-1.398, 1.498e-4
-1.399, 1.505e-4
-1.400, 1.496e-4
-1.399, 1.474e-4
-1.398, 1.462e-4
-1.397, 1.451e-4
-1.396, 1.433e-4
-1.395, 1.419e-4
-1.394, 1.406e-4
-1.393, 1.394e-4
-1.392, 1.379e-4
-1.391, 1.359e-4
-1.390, 1.343e-4
-1.389, 1.328e-4
-1.388, 1.319e-4
-1.387, 1.310e-4
-1.386, 1.303e-4
-1.385, 1.291e-4
-1.384, 1.274e-4
-1.383, 1.265e-4
-1.382, 1.251e-4
-1.381, 1.236e-4
-1.380, 1.225e-4
-1.379, 1.214e-4
-1.378, 1.201e-4
-1.377, 1.185e-4
-1.376, 1.171e-4
-1.375, 1.161e-4
-1.374, 1.149e-4
-1.373, 1.138e-4
-1.372, 1.129e-4
-1.371, 1.120e-4
-1.370, 1.107e-4
-1.369, 1.096e-4
-1.368, 1.084e-4
-1.367, 1.075e-4
-1.366, 1.066e-4
-1.365, 1.055e-4
-1.364, 1.047e-4
-1.363, 1.035e-4
-1.362, 1.025e-4
-1.361, 1.013e-4
-1.360, 1.003e-4
-1.359, 9.916e-5
-1.358, 9.827e-5
-1.357, 9.740e-5
-1.356, 9.634e-5
-1.355, 9.569e-5
-1.354, 9.431e-5
-1.353, 9.346e-5
-1.352, 9.256e-5
-1.351, 9.152e-5
-1.350, 9.073e-5
-1.349, 8.978e-5
-1.348, 8.847e-5
-1.347, 8.717e-5
-1.346, 8.640e-5
-1.345, 8.532e-5
-1.344, 8.417e-5
-1.343, 8.335e-5
-1.342, 8.258e-5
-1.341, 8.189e-5
-1.340, 8.123e-5
-1.339, 8.041e-5
-1.338, 7.941e-5
-1.337, 7.850e-5
-1.336, 7.775e-5
-1.335, 7.701e-5
-1.334, 7.616e-5
-1.333, 7.530e-5
-1.332, 7.450e-5
-1.331, 7.361e-5
-1.330, 7.273e-5
-1.329, 7.185e-5
-1.328, 7.096e-5
-1.327, 7.030e-5
-1.326, 6.957e-5
-1.325, 6.878e-5
-1.324, 6.791e-5
-1.323, 6.724e-5
-1.322, 6.628e-5
-1.321, 6.542e-5
-1.320, 6.440e-5
-1.319, 6.362e-5
-1.318, 6.289e-5
-1.317, 6.223e-5
-1.316, 6.157e-5
-1.315, 6.090e-5
-1.314, 6.036e-5
-1.313, 5.960e-5
-1.312, 5.874e-5
-1.311, 5.802e-5
-1.310, 5.720e-5
-1.309, 5.661e-5
-1.308, 5.596e-5
-1.307, 5.524e-5
-1.306, 5.453e-5
-1.305, 5.360e-5
-1.304, 5.284e-5
-1.303, 5.225e-5
-1.302, 5.145e-5
-1.301, 5.070e-5
-1.300, 4.990e-5
-1.299, 4.930e-5
-1.298, 4.847e-5
-1.297, 4.787e-5
-1.296, 4.717e-5
-1.295, 4.650e-5
-1.294, 4.585e-5
-1.293, 4.529e-5
-1.292, 4.454e-5
-1.291, 4.391e-5
-1.290, 4.328e-5
-1.289, 4.253e-5
-1.288, 4.200e-5
-1.287, 4.140e-5
-1.286, 4.066e-5
-1.285, 4.007e-5
-1.284, 3.942e-5
-1.283, 3.882e-5
-1.282, 3.827e-5
-1.281, 3.766e-5
-1.280, 3.702e-5
-1.279, 3.644e-5
-1.278, 3.576e-5
-1.277, 3.509e-5
-1.276, 3.440e-5
-1.275, 3.383e-5
-1.274, 3.332e-5
-1.273, 3.276e-5
-1.272, 3.225e-5
-1.271, 3.160e-5
-1.270, 3.104e-5
-1.269, 3.054e-5
-1.268, 3.000e-5
-1.267, 2.942e-5
-1.266, 2.882e-5
-1.265, 2.827e-5
-1.264, 2.771e-5
-1.263, 2.719e-5
-1.262, 2.654e-5
-1.261, 2.600e-5
-1.260, 2.548e-5
-1.259, 2.494e-5
-1.258, 2.443e-5
-1.257, 2.398e-5
-1.256, 2.349e-5
-1.255, 2.292e-5
-1.254, 2.236e-5
-1.253, 2.192e-5
-1.252, 2.140e-5
-1.251, 2.084e-5
-1.250, 2.031e-5
-1.249, 1.980e-5
-1.248, 1.927e-5
-1.247, 1.879e-5
-1.246, 1.830e-5
-1.245, 1.779e-5
-1.244, 1.734e-5
-1.243, 1.687e-5
-1.242, 1.638e-5
-1.241, 1.592e-5
-1.240, 1.538e-5
-1.239, 1.490e-5
-1.238, 1.444e-5
-1.237, 1.389e-5
-1.236, 1.344e-5
-1.235, 1.290e-5
-1.234, 1.245e-5
-1.233, 1.197e-5
-1.232, 1.151e-5
-1.231, 1.104e-5
-1.230, 1.058e-5
-1.229, 1.008e-5
-1.228, 9.653e-6
-1.227, 9.172e-6
-1.226, 8.735e-6
-1.225, 8.241e-6
-1.224, 7.808e-6
-1.223, 7.358e-6
-1.222, 6.885e-6
-1.221, 6.464e-6
-1.220, 5.987e-6
-1.219, 5.564e-6
-1.218, 5.102e-6
-1.217, 4.678e-6
-1.216, 4.229e-6
-1.215, 3.782e-6
-1.214, 3.348e-6
-1.213, 2.921e-6
-1.212, 2.475e-6
-1.211, 2.047e-6
-1.210, 1.603e-6
-1.209, 1.170e-6
-1.208, 7.348e-7
-1.207, 3.165e-7
-1.206, -1.215e-7
-1.205, -5.359e-7
-1.204, -9.799e-7
-1.203, -1.416e-6
-1.202, -1.831e-6
-1.201, -2.260e-6
-1.200, -2.666e-6
-1.199, -3.092e-6
-1.198, -3.513e-6
-1.197, -3.915e-6
-1.196, -4.340e-6
-1.195, -4.746e-6
-1.194, -5.172e-6
-1.193, -5.583e-6
-1.192, -5.986e-6
-1.191, -6.416e-6
-1.190, -6.818e-6
-1.189, -7.223e-6
-1.188, -7.634e-6
-1.187, -8.023e-6
-1.186, -8.449e-6
-1.185, -8.840e-6
-1.184, -9.252e-6
-1.183, -9.644e-6
-1.182, -1.004e-5
-1.181, -1.046e-5
-1.180, -1.088e-5
-1.179, -1.125e-5
-1.178, -1.167e-5
-1.177, -1.205e-5
-1.176, -1.244e-5
-1.175, -1.281e-5
-1.174, -1.325e-5
-1.173, -1.362e-5
-1.172, -1.402e-5
-1.171, -1.440e-5
-1.170, -1.478e-5
-1.169, -1.518e-5
-1.168, -1.560e-5
-1.167, -1.599e-5
-1.166, -1.638e-5
-1.165, -1.676e-5
-1.164, -1.709e-5
-1.163, -1.744e-5
-1.162, -1.784e-5
-1.161, -1.825e-5
-1.160, -1.860e-5
-1.159, -1.899e-5
-1.158, -1.940e-5
-1.157, -1.982e-5
-1.156, -2.018e-5
-1.155, -2.061e-5
-1.154, -2.099e-5
-1.153, -2.139e-5
-1.152, -2.179e-5
-1.151, -2.220e-5
-1.150, -2.262e-5
-1.149, -2.297e-5
-1.148, -2.338e-5
-1.147, -2.373e-5
-1.146, -2.414e-5
-1.145, -2.450e-5
-1.144, -2.485e-5
-1.143, -2.526e-5
-1.142, -2.562e-5
-1.141, -2.601e-5
-1.140, -2.644e-5
-1.139, -2.680e-5
-1.138, -2.719e-5
-1.137, -2.752e-5
-1.136, -2.793e-5
-1.135, -2.832e-5
-1.134, -2.865e-5
-1.133, -2.905e-5
-1.132, -2.939e-5
-1.131, -2.975e-5
-1.130, -3.017e-5
-1.129, -3.062e-5
-1.128, -3.091e-5
-1.127, -3.133e-5
-1.126, -3.177e-5
-1.125, -3.221e-5
-1.124, -3.259e-5
-1.123, -3.301e-5
-1.122, -3.334e-5
-1.121, -3.371e-5
-1.120, -3.404e-5
-1.119, -3.439e-5
-1.118, -3.480e-5
-1.117, -3.517e-5
-1.116, -3.561e-5
-1.115, -3.600e-5
-1.114, -3.643e-5
-1.113, -3.682e-5
-1.112, -3.723e-5
-1.111, -3.759e-5
-1.110, -3.792e-5
-1.109, -3.836e-5
-1.108, -3.873e-5
-1.107, -3.907e-5
-1.106, -3.952e-5
-1.105, -3.991e-5
-1.104, -4.026e-5
-1.103, -4.054e-5
-1.102, -4.101e-5
-1.101, -4.146e-5
-1.100, -4.180e-5
-1.099, -4.219e-5
-1.098, -4.253e-5
-1.097, -4.284e-5
-1.096, -4.323e-5
-1.095, -4.369e-5
-1.094, -4.410e-5
-1.093, -4.445e-5
-1.092, -4.490e-5
-1.091, -4.536e-5
-1.090, -4.572e-5
-1.089, -4.598e-5
-1.088, -4.641e-5
-1.087, -4.669e-5
-1.086, -4.705e-5
-1.085, -4.743e-5
-1.084, -4.775e-5
-1.083, -4.817e-5
-1.082, -4.846e-5
-1.081, -4.900e-5
-1.080, -4.935e-5
-1.079, -4.967e-5
-1.078, -4.997e-5
-1.077, -5.042e-5
-1.076, -5.089e-5
-1.075, -5.126e-5
-1.074, -5.150e-5
-1.073, -5.194e-5
-1.072, -5.225e-5
-1.071, -5.263e-5
-1.070, -5.305e-5
-1.069, -5.341e-5
-1.068, -5.384e-5
-1.067, -5.423e-5
-1.066, -5.459e-5
-1.065, -5.496e-5
-1.064, -5.526e-5
-1.063, -5.565e-5
-1.062, -5.599e-5
-1.061, -5.636e-5
-1.060, -5.675e-5
-1.059, -5.719e-5
-1.058, -5.760e-5
-1.057, -5.790e-5
-1.056, -5.834e-5
-1.055, -5.873e-5
-1.054, -5.903e-5
-1.053, -5.933e-5
-1.052, -5.965e-5
-1.051, -6.012e-5
-1.050, -6.053e-5
-1.049, -6.086e-5
-1.048, -6.117e-5
-1.047, -6.161e-5
-1.046, -6.207e-5
-1.045, -6.256e-5
-1.044, -6.283e-5
-1.043, -6.315e-5
-1.042, -6.353e-5
-1.041, -6.391e-5
-1.040, -6.428e-5
-1.039, -6.463e-5
-1.038, -6.503e-5
-1.037, -6.535e-5
-1.036, -6.579e-5
-1.035, -6.595e-5
-1.034, -6.641e-5
-1.033, -6.672e-5
-1.032, -6.714e-5
-1.031, -6.754e-5
-1.030, -6.784e-5
-1.029, -6.843e-5
-1.028, -6.875e-5
-1.027, -6.900e-5
-1.026, -6.942e-5
-1.025, -6.969e-5
-1.024, -6.999e-5
-1.023, -7.044e-5
-1.022, -7.089e-5
-1.021, -7.133e-5
-1.020, -7.175e-5
-1.019, -7.196e-5
-1.018, -7.251e-5
-1.017, -7.296e-5
-1.016, -7.329e-5
-1.015, -7.355e-5
-1.014, -7.389e-5
-1.013, -7.438e-5
-1.012, -7.466e-5
-1.011, -7.491e-5
-1.010, -7.537e-5
-1.009, -7.578e-5
-1.008, -7.602e-5
-1.007, -7.642e-5
-1.006, -7.678e-5
-1.005, -7.702e-5
-1.004, -7.744e-5
-1.003, -7.784e-5
-1.002, -7.791e-5
-1.001, -7.826e-5
