June 29, 2026   17:26:27
Cyclic Voltammetry
File: c:/users/guazh/data/20260623_doe_duplica2/2026-06-24-exp43\exp43-2026-06-29t17_17_55-arkoh\exp43_cv_50mvs_efin_-1500mv.bin
Data Source:  Experiment
Instrument Model:  CHI760E
Header: CV ran at 50 mVs
Note: 

Init E (V) = -1
High E (V) = -1
Low E (V) = -1.5
Final E (V) = -1
Init P/N = N
Scan Rate (V/s) = 0.05
Segment = 7
Sample Interval (V) = 0.001
Quiet Time (sec) = 60
Sensitivity (A/V) = 0.001
Comp R (ohm) = 1.6

Results:

Channel 1:
Segment 1:

Segment 2:

Segment 3:
Ep = -1.333V
ip = 1.198e-5A
Ah = 6.141e-5C

Segment 4:

Segment 5:
Ep = -1.330V
ip = 1.550e-6A
Ah = 4.356e-5C

Segment 6:

Segment 7:

Potential/V, Current/A

-1.000, 6.802e-6
-1.001, 1.126e-5
-1.002, 1.249e-5
-1.003, 1.323e-5
-1.004, 1.404e-5
-1.005, 1.459e-5
-1.006, 1.505e-5
-1.007, 1.554e-5
-1.008, 1.590e-5
-1.009, 1.629e-5
-1.010, 1.677e-5
-1.011, 1.702e-5
-1.012, 1.736e-5
-1.013, 1.756e-5
-1.014, 1.793e-5
-1.015, 1.825e-5
-1.016, 1.833e-5
-1.017, 1.858e-5
-1.018, 1.889e-5
-1.019, 1.913e-5
-1.020, 1.934e-5
-1.021, 1.951e-5
-1.022, 1.961e-5
-1.023, 1.993e-5
-1.024, 2.012e-5
-1.025, 2.028e-5
-1.026, 2.044e-5
-1.027, 2.058e-5
-1.028, 2.082e-5
-1.029, 2.101e-5
-1.030, 2.112e-5
-1.031, 2.137e-5
-1.032, 2.136e-5
-1.033, 2.162e-5
-1.034, 2.189e-5
-1.035, 2.196e-5
-1.036, 2.210e-5
-1.037, 2.232e-5
-1.038, 2.238e-5
-1.039, 2.262e-5
-1.040, 2.279e-5
-1.041, 2.292e-5
-1.042, 2.310e-5
-1.043, 2.314e-5
-1.044, 2.350e-5
-1.045, 2.354e-5
-1.046, 2.371e-5
-1.047, 2.391e-5
-1.048, 2.399e-5
-1.049, 2.422e-5
-1.050, 2.446e-5
-1.051, 2.455e-5
-1.052, 2.471e-5
-1.053, 2.488e-5
-1.054, 2.508e-5
-1.055, 2.541e-5
-1.056, 2.538e-5
-1.057, 2.557e-5
-1.058, 2.585e-5
-1.059, 2.598e-5
-1.060, 2.623e-5
-1.061, 2.637e-5
-1.062, 2.660e-5
-1.063, 2.676e-5
-1.064, 2.706e-5
-1.065, 2.728e-5
-1.066, 2.749e-5
-1.067, 2.763e-5
-1.068, 2.790e-5
-1.069, 2.816e-5
-1.070, 2.829e-5
-1.071, 2.865e-5
-1.072, 2.880e-5
-1.073, 2.905e-5
-1.074, 2.935e-5
-1.075, 2.966e-5
-1.076, 2.988e-5
-1.077, 3.000e-5
-1.078, 3.027e-5
-1.079, 3.061e-5
-1.080, 3.088e-5
-1.081, 3.109e-5
-1.082, 3.152e-5
-1.083, 3.159e-5
-1.084, 3.205e-5
-1.085, 3.222e-5
-1.086, 3.252e-5
-1.087, 3.298e-5
-1.088, 3.317e-5
-1.089, 3.340e-5
-1.090, 3.397e-5
-1.091, 3.418e-5
-1.092, 3.450e-5
-1.093, 3.483e-5
-1.094, 3.519e-5
-1.095, 3.567e-5
-1.096, 3.578e-5
-1.097, 3.622e-5
-1.098, 3.658e-5
-1.099, 3.687e-5
-1.100, 3.727e-5
-1.101, 3.756e-5
-1.102, 3.806e-5
-1.103, 3.847e-5
-1.104, 3.873e-5
-1.105, 3.928e-5
-1.106, 3.978e-5
-1.107, 3.994e-5
-1.108, 4.052e-5
-1.109, 4.078e-5
-1.110, 4.120e-5
-1.111, 4.179e-5
-1.112, 4.198e-5
-1.113, 4.253e-5
-1.114, 4.312e-5
-1.115, 4.349e-5
-1.116, 4.400e-5
-1.117, 4.453e-5
-1.118, 4.486e-5
-1.119, 4.556e-5
-1.120, 4.586e-5
-1.121, 4.644e-5
-1.122, 4.699e-5
-1.123, 4.741e-5
-1.124, 4.812e-5
-1.125, 4.856e-5
-1.126, 4.919e-5
-1.127, 4.974e-5
-1.128, 5.017e-5
-1.129, 5.084e-5
-1.130, 5.164e-5
-1.131, 5.207e-5
-1.132, 5.268e-5
-1.133, 5.333e-5
-1.134, 5.402e-5
-1.135, 5.461e-5
-1.136, 5.522e-5
-1.137, 5.594e-5
-1.138, 5.665e-5
-1.139, 5.730e-5
-1.140, 5.802e-5
-1.141, 5.882e-5
-1.142, 5.938e-5
-1.143, 6.010e-5
-1.144, 6.075e-5
-1.145, 6.164e-5
-1.146, 6.242e-5
-1.147, 6.293e-5
-1.148, 6.390e-5
-1.149, 6.453e-5
-1.150, 6.526e-5
-1.151, 6.608e-5
-1.152, 6.699e-5
-1.153, 6.776e-5
-1.154, 6.871e-5
-1.155, 6.961e-5
-1.156, 7.041e-5
-1.157, 7.111e-5
-1.158, 7.199e-5
-1.159, 7.296e-5
-1.160, 7.378e-5
-1.161, 7.467e-5
-1.162, 7.548e-5
-1.163, 7.656e-5
-1.164, 7.763e-5
-1.165, 7.841e-5
-1.166, 7.921e-5
-1.167, 8.023e-5
-1.168, 8.108e-5
-1.169, 8.228e-5
-1.170, 8.322e-5
-1.171, 8.428e-5
-1.172, 8.521e-5
-1.173, 8.623e-5
-1.174, 8.722e-5
-1.175, 8.836e-5
-1.176, 8.929e-5
-1.177, 9.036e-5
-1.178, 9.176e-5
-1.179, 9.262e-5
-1.180, 9.383e-5
-1.181, 9.527e-5
-1.182, 9.617e-5
-1.183, 9.727e-5
-1.184, 9.850e-5
-1.185, 9.945e-5
-1.186, 1.004e-4
-1.187, 1.014e-4
-1.188, 1.028e-4
-1.189, 1.040e-4
-1.190, 1.053e-4
-1.191, 1.066e-4
-1.192, 1.077e-4
-1.193, 1.086e-4
-1.194, 1.100e-4
-1.195, 1.113e-4
-1.196, 1.126e-4
-1.197, 1.137e-4
-1.198, 1.149e-4
-1.199, 1.162e-4
-1.200, 1.176e-4
-1.201, 1.188e-4
-1.202, 1.201e-4
-1.203, 1.213e-4
-1.204, 1.228e-4
-1.205, 1.242e-4
-1.206, 1.256e-4
-1.207, 1.273e-4
-1.208, 1.282e-4
-1.209, 1.298e-4
-1.210, 1.313e-4
-1.211, 1.324e-4
-1.212, 1.339e-4
-1.213, 1.351e-4
-1.214, 1.366e-4
-1.215, 1.382e-4
-1.216, 1.393e-4
-1.217, 1.407e-4
-1.218, 1.422e-4
-1.219, 1.438e-4
-1.220, 1.452e-4
-1.221, 1.466e-4
-1.222, 1.480e-4
-1.223, 1.494e-4
-1.224, 1.508e-4
-1.225, 1.521e-4
-1.226, 1.538e-4
-1.227, 1.551e-4
-1.228, 1.565e-4
-1.229, 1.581e-4
-1.230, 1.594e-4
-1.231, 1.610e-4
-1.232, 1.621e-4
-1.233, 1.637e-4
-1.234, 1.652e-4
-1.235, 1.665e-4
-1.236, 1.680e-4
-1.237, 1.693e-4
-1.238, 1.708e-4
-1.239, 1.722e-4
-1.240, 1.735e-4
-1.241, 1.750e-4
-1.242, 1.763e-4
-1.243, 1.778e-4
-1.244, 1.790e-4
-1.245, 1.803e-4
-1.246, 1.814e-4
-1.247, 1.825e-4
-1.248, 1.838e-4
-1.249, 1.854e-4
-1.250, 1.864e-4
-1.251, 1.876e-4
-1.252, 1.887e-4
-1.253, 1.900e-4
-1.254, 1.911e-4
-1.255, 1.922e-4
-1.256, 1.933e-4
-1.257, 1.941e-4
-1.258, 1.955e-4
-1.259, 1.965e-4
-1.260, 1.975e-4
-1.261, 1.980e-4
-1.262, 1.991e-4
-1.263, 2.000e-4
-1.264, 2.009e-4
-1.265, 2.018e-4
-1.266, 2.029e-4
-1.267, 2.034e-4
-1.268, 2.043e-4
-1.269, 2.049e-4
-1.270, 2.056e-4
-1.271, 2.063e-4
-1.272, 2.069e-4
-1.273, 2.077e-4
-1.274, 2.086e-4
-1.275, 2.091e-4
-1.276, 2.094e-4
-1.277, 2.101e-4
-1.278, 2.105e-4
-1.279, 2.109e-4
-1.280, 2.115e-4
-1.281, 2.118e-4
-1.282, 2.119e-4
-1.283, 2.124e-4
-1.284, 2.124e-4
-1.285, 2.127e-4
-1.286, 2.131e-4
-1.287, 2.131e-4
-1.288, 2.132e-4
-1.289, 2.134e-4
-1.290, 2.137e-4
-1.291, 2.131e-4
-1.292, 2.135e-4
-1.293, 2.136e-4
-1.294, 2.136e-4
-1.295, 2.139e-4
-1.296, 2.139e-4
-1.297, 2.137e-4
-1.298, 2.141e-4
-1.299, 2.139e-4
-1.300, 2.144e-4
-1.301, 2.146e-4
-1.302, 2.153e-4
-1.303, 2.151e-4
-1.304, 2.148e-4
-1.305, 2.153e-4
-1.306, 2.162e-4
-1.307, 2.159e-4
-1.308, 2.164e-4
-1.309, 2.165e-4
-1.310, 2.169e-4
-1.311, 2.170e-4
-1.312, 2.176e-4
-1.313, 2.177e-4
-1.314, 2.181e-4
-1.315, 2.193e-4
-1.316, 2.197e-4
-1.317, 2.204e-4
-1.318, 2.209e-4
-1.319, 2.220e-4
-1.320, 2.233e-4
-1.321, 2.236e-4
-1.322, 2.241e-4
-1.323, 2.244e-4
-1.324, 2.261e-4
-1.325, 2.270e-4
-1.326, 2.281e-4
-1.327, 2.291e-4
-1.328, 2.299e-4
-1.329, 2.310e-4
-1.330, 2.322e-4
-1.331, 2.336e-4
-1.332, 2.347e-4
-1.333, 2.358e-4
-1.334, 2.374e-4
-1.335, 2.383e-4
-1.336, 2.396e-4
-1.337, 2.409e-4
-1.338, 2.428e-4
-1.339, 2.445e-4
-1.340, 2.464e-4
-1.341, 2.484e-4
-1.342, 2.501e-4
-1.343, 2.521e-4
-1.344, 2.541e-4
-1.345, 2.559e-4
-1.346, 2.579e-4
-1.347, 2.601e-4
-1.348, 2.623e-4
-1.349, 2.641e-4
-1.350, 2.666e-4
-1.351, 2.688e-4
-1.352, 2.712e-4
-1.353, 2.739e-4
-1.354, 2.765e-4
-1.355, 2.789e-4
-1.356, 2.813e-4
-1.357, 2.838e-4
-1.358, 2.862e-4
-1.359, 2.892e-4
-1.360, 2.921e-4
-1.361, 2.949e-4
-1.362, 2.975e-4
-1.363, 3.007e-4
-1.364, 3.037e-4
-1.365, 3.067e-4
-1.366, 3.096e-4
-1.367, 3.128e-4
-1.368, 3.158e-4
-1.369, 3.192e-4
-1.370, 3.225e-4
-1.371, 3.256e-4
-1.372, 3.290e-4
-1.373, 3.324e-4
-1.374, 3.359e-4
-1.375, 3.396e-4
-1.376, 3.430e-4
-1.377, 3.465e-4
-1.378, 3.502e-4
-1.379, 3.543e-4
-1.380, 3.580e-4
-1.381, 3.614e-4
-1.382, 3.653e-4
-1.383, 3.696e-4
-1.384, 3.734e-4
-1.385, 3.773e-4
-1.386, 3.813e-4
-1.387, 3.853e-4
-1.388, 3.896e-4
-1.389, 3.933e-4
-1.390, 3.981e-4
-1.391, 4.023e-4
-1.392, 4.064e-4
-1.393, 4.110e-4
-1.394, 4.154e-4
-1.395, 4.198e-4
-1.396, 4.242e-4
-1.397, 4.286e-4
-1.398, 4.335e-4
-1.399, 4.379e-4
-1.400, 4.423e-4
-1.401, 4.470e-4
-1.402, 4.520e-4
-1.403, 4.571e-4
-1.404, 4.622e-4
-1.405, 4.668e-4
-1.406, 4.721e-4
-1.407, 4.775e-4
-1.408, 4.824e-4
-1.409, 4.874e-4
-1.410, 4.927e-4
-1.411, 4.982e-4
-1.412, 5.036e-4
-1.413, 5.085e-4
-1.414, 5.141e-4
-1.415, 5.202e-4
-1.416, 5.261e-4
-1.417, 5.318e-4
-1.418, 5.377e-4
-1.419, 5.432e-4
-1.420, 5.490e-4
-1.421, 5.553e-4
-1.422, 5.612e-4
-1.423, 5.676e-4
-1.424, 5.738e-4
-1.425, 5.796e-4
-1.426, 5.856e-4
-1.427, 5.918e-4
-1.428, 5.980e-4
-1.429, 6.046e-4
-1.430, 6.117e-4
-1.431, 6.189e-4
-1.432, 6.258e-4
-1.433, 6.326e-4
-1.434, 6.400e-4
-1.435, 6.471e-4
-1.436, 6.543e-4
-1.437, 6.617e-4
-1.438, 6.691e-4
-1.439, 6.765e-4
-1.440, 6.836e-4
-1.441, 6.910e-4
-1.442, 6.988e-4
-1.443, 7.067e-4
-1.444, 7.148e-4
-1.445, 7.231e-4
-1.446, 7.314e-4
-1.447, 7.397e-4
-1.448, 7.474e-4
-1.449, 7.561e-4
-1.450, 7.652e-4
-1.451, 7.735e-4
-1.452, 7.821e-4
-1.453, 7.911e-4
-1.454, 8.004e-4
-1.455, 8.095e-4
-1.456, 8.182e-4
-1.457, 8.273e-4
-1.458, 8.366e-4
-1.459, 8.466e-4
-1.460, 8.568e-4
-1.461, 8.660e-4
-1.462, 8.763e-4
-1.463, 8.858e-4
-1.464, 8.958e-4
-1.465, 9.052e-4
-1.466, 9.158e-4
-1.467, 9.258e-4
-1.468, 9.362e-4
-1.469, 9.475e-4
-1.470, 9.583e-4
-1.471, 9.701e-4
-1.472, 9.803e-4
-1.473, 9.917e-4
-1.474, 1.003e-3
-1.475, 1.014e-3
-1.476, 1.026e-3
-1.477, 1.037e-3
-1.478, 1.049e-3
-1.479, 1.060e-3
-1.480, 1.073e-3
-1.481, 1.086e-3
-1.482, 1.098e-3
-1.483, 1.110e-3
-1.484, 1.124e-3
-1.485, 1.137e-3
-1.486, 1.150e-3
-1.487, 1.163e-3
-1.488, 1.175e-3
-1.489, 1.189e-3
-1.490, 1.203e-3
-1.491, 1.216e-3
-1.492, 1.230e-3
-1.493, 1.245e-3
-1.494, 1.260e-3
-1.495, 1.274e-3
-1.496, 1.287e-3
-1.497, 1.303e-3
-1.498, 1.318e-3
-1.499, 1.332e-3
-1.500, 1.321e-3
-1.499, 1.297e-3
-1.498, 1.275e-3
-1.497, 1.252e-3
-1.496, 1.229e-3
-1.495, 1.208e-3
-1.494, 1.186e-3
-1.493, 1.165e-3
-1.492, 1.145e-3
-1.491, 1.126e-3
-1.490, 1.106e-3
-1.489, 1.087e-3
-1.488, 1.070e-3
-1.487, 1.052e-3
-1.486, 1.033e-3
-1.485, 1.015e-3
-1.484, 9.984e-4
-1.483, 9.814e-4
-1.482, 9.658e-4
-1.481, 9.485e-4
-1.480, 9.329e-4
-1.479, 9.182e-4
-1.478, 9.033e-4
-1.477, 8.873e-4
-1.476, 8.727e-4
-1.475, 8.583e-4
-1.474, 8.455e-4
-1.473, 8.321e-4
-1.472, 8.185e-4
-1.471, 8.052e-4
-1.470, 7.918e-4
-1.469, 7.790e-4
-1.468, 7.667e-4
-1.467, 7.553e-4
-1.466, 7.428e-4
-1.465, 7.315e-4
-1.464, 7.207e-4
-1.463, 7.090e-4
-1.462, 6.974e-4
-1.461, 6.861e-4
-1.460, 6.757e-4
-1.459, 6.655e-4
-1.458, 6.554e-4
-1.457, 6.452e-4
-1.456, 6.348e-4
-1.455, 6.250e-4
-1.454, 6.154e-4
-1.453, 6.061e-4
-1.452, 5.964e-4
-1.451, 5.869e-4
-1.450, 5.784e-4
-1.449, 5.700e-4
-1.448, 5.615e-4
-1.447, 5.528e-4
-1.446, 5.447e-4
-1.445, 5.363e-4
-1.444, 5.283e-4
-1.443, 5.206e-4
-1.442, 5.128e-4
-1.441, 5.048e-4
-1.440, 4.978e-4
-1.439, 4.907e-4
-1.438, 4.835e-4
-1.437, 4.764e-4
-1.436, 4.694e-4
-1.435, 4.623e-4
-1.434, 4.557e-4
-1.433, 4.489e-4
-1.432, 4.428e-4
-1.431, 4.364e-4
-1.430, 4.303e-4
-1.429, 4.239e-4
-1.428, 4.176e-4
-1.427, 4.113e-4
-1.426, 4.055e-4
-1.425, 3.994e-4
-1.424, 3.937e-4
-1.423, 3.885e-4
-1.422, 3.823e-4
-1.421, 3.774e-4
-1.420, 3.720e-4
-1.419, 3.663e-4
-1.418, 3.607e-4
-1.417, 3.556e-4
-1.416, 3.504e-4
-1.415, 3.451e-4
-1.414, 3.400e-4
-1.413, 3.352e-4
-1.412, 3.306e-4
-1.411, 3.257e-4
-1.410, 3.212e-4
-1.409, 3.164e-4
-1.408, 3.117e-4
-1.407, 3.073e-4
-1.406, 3.028e-4
-1.405, 2.984e-4
-1.404, 2.941e-4
-1.403, 2.899e-4
-1.402, 2.857e-4
-1.401, 2.816e-4
-1.400, 2.775e-4
-1.399, 2.735e-4
-1.398, 2.693e-4
-1.397, 2.656e-4
-1.396, 2.618e-4
-1.395, 2.582e-4
-1.394, 2.543e-4
-1.393, 2.505e-4
-1.392, 2.470e-4
-1.391, 2.433e-4
-1.390, 2.399e-4
-1.389, 2.362e-4
-1.388, 2.327e-4
-1.387, 2.292e-4
-1.386, 2.259e-4
-1.385, 2.226e-4
-1.384, 2.193e-4
-1.383, 2.159e-4
-1.382, 2.127e-4
-1.381, 2.098e-4
-1.380, 2.067e-4
-1.379, 2.035e-4
-1.378, 2.006e-4
-1.377, 1.975e-4
-1.376, 1.945e-4
-1.375, 1.915e-4
-1.374, 1.886e-4
-1.373, 1.857e-4
-1.372, 1.830e-4
-1.371, 1.802e-4
-1.370, 1.774e-4
-1.369, 1.744e-4
-1.368, 1.718e-4
-1.367, 1.691e-4
-1.366, 1.663e-4
-1.365, 1.638e-4
-1.364, 1.613e-4
-1.363, 1.586e-4
-1.362, 1.562e-4
-1.361, 1.536e-4
-1.360, 1.514e-4
-1.359, 1.489e-4
-1.358, 1.464e-4
-1.357, 1.442e-4
-1.356, 1.417e-4
-1.355, 1.394e-4
-1.354, 1.372e-4
-1.353, 1.349e-4
-1.352, 1.329e-4
-1.351, 1.307e-4
-1.350, 1.285e-4
-1.349, 1.266e-4
-1.348, 1.243e-4
-1.347, 1.223e-4
-1.346, 1.202e-4
-1.345, 1.182e-4
-1.344, 1.162e-4
-1.343, 1.141e-4
-1.342, 1.123e-4
-1.341, 1.103e-4
-1.340, 1.085e-4
-1.339, 1.065e-4
-1.338, 1.046e-4
-1.337, 1.028e-4
-1.336, 1.010e-4
-1.335, 9.933e-5
-1.334, 9.749e-5
-1.333, 9.572e-5
-1.332, 9.398e-5
-1.331, 9.237e-5
-1.330, 9.072e-5
-1.329, 8.871e-5
-1.328, 8.706e-5
-1.327, 8.546e-5
-1.326, 8.379e-5
-1.325, 8.236e-5
-1.324, 8.067e-5
-1.323, 7.913e-5
-1.322, 7.775e-5
-1.321, 7.606e-5
-1.320, 7.463e-5
-1.319, 7.314e-5
-1.318, 7.161e-5
-1.317, 7.021e-5
-1.316, 6.880e-5
-1.315, 6.741e-5
-1.314, 6.618e-5
-1.313, 6.473e-5
-1.312, 6.346e-5
-1.311, 6.222e-5
-1.310, 6.085e-5
-1.309, 5.960e-5
-1.308, 5.821e-5
-1.307, 5.692e-5
-1.306, 5.581e-5
-1.305, 5.460e-5
-1.304, 5.332e-5
-1.303, 5.214e-5
-1.302, 5.090e-5
-1.301, 4.990e-5
-1.300, 4.877e-5
-1.299, 4.758e-5
-1.298, 4.658e-5
-1.297, 4.546e-5
-1.296, 4.456e-5
-1.295, 4.346e-5
-1.294, 4.231e-5
-1.293, 4.132e-5
-1.292, 4.017e-5
-1.291, 3.920e-5
-1.290, 3.821e-5
-1.289, 3.717e-5
-1.288, 3.629e-5
-1.287, 3.540e-5
-1.286, 3.443e-5
-1.285, 3.361e-5
-1.284, 3.266e-5
-1.283, 3.162e-5
-1.282, 3.086e-5
-1.281, 2.999e-5
-1.280, 2.904e-5
-1.279, 2.832e-5
-1.278, 2.728e-5
-1.277, 2.677e-5
-1.276, 2.590e-5
-1.275, 2.499e-5
-1.274, 2.426e-5
-1.273, 2.333e-5
-1.272, 2.274e-5
-1.271, 2.204e-5
-1.270, 2.112e-5
-1.269, 2.045e-5
-1.268, 1.975e-5
-1.267, 1.895e-5
-1.266, 1.837e-5
-1.265, 1.760e-5
-1.264, 1.690e-5
-1.263, 1.621e-5
-1.262, 1.550e-5
-1.261, 1.495e-5
-1.260, 1.427e-5
-1.259, 1.350e-5
-1.258, 1.298e-5
-1.257, 1.232e-5
-1.256, 1.181e-5
-1.255, 1.108e-5
-1.254, 1.040e-5
-1.253, 9.866e-6
-1.252, 9.286e-6
-1.251, 8.699e-6
-1.250, 8.142e-6
-1.249, 7.438e-6
-1.248, 6.999e-6
-1.247, 6.423e-6
-1.246, 5.866e-6
-1.245, 5.344e-6
-1.244, 4.753e-6
-1.243, 4.076e-6
-1.242, 3.678e-6
-1.241, 3.133e-6
-1.240, 2.652e-6
-1.239, 2.144e-6
-1.238, 1.526e-6
-1.237, 1.125e-6
-1.236, 6.085e-7
-1.235, 3.729e-8
-1.234, -3.879e-7
-1.233, -9.493e-7
-1.232, -1.392e-6
-1.231, -1.847e-6
-1.230, -2.450e-6
-1.229, -3.018e-6
-1.228, -3.302e-6
-1.227, -3.918e-6
-1.226, -4.194e-6
-1.225, -4.756e-6
-1.224, -5.153e-6
-1.223, -5.694e-6
-1.222, -6.163e-6
-1.221, -6.478e-6
-1.220, -6.896e-6
-1.219, -7.499e-6
-1.218, -7.864e-6
-1.217, -8.347e-6
-1.216, -8.751e-6
-1.215, -9.113e-6
-1.214, -9.697e-6
-1.213, -1.011e-5
-1.212, -1.050e-5
-1.211, -1.098e-5
-1.210, -1.133e-5
-1.209, -1.178e-5
-1.208, -1.227e-5
-1.207, -1.259e-5
-1.206, -1.309e-5
-1.205, -1.339e-5
-1.204, -1.390e-5
-1.203, -1.450e-5
-1.202, -1.478e-5
-1.201, -1.525e-5
-1.200, -1.557e-5
-1.199, -1.612e-5
-1.198, -1.661e-5
-1.197, -1.689e-5
-1.196, -1.734e-5
-1.195, -1.780e-5
-1.194, -1.821e-5
-1.193, -1.879e-5
-1.192, -1.903e-5
-1.191, -1.948e-5
-1.190, -1.994e-5
-1.189, -2.036e-5
-1.188, -2.082e-5
-1.187, -2.126e-5
-1.186, -2.165e-5
-1.185, -2.221e-5
-1.184, -2.261e-5
-1.183, -2.303e-5
-1.182, -2.356e-5
-1.181, -2.386e-5
-1.180, -2.430e-5
-1.179, -2.481e-5
-1.178, -2.540e-5
-1.177, -2.574e-5
-1.176, -2.615e-5
-1.175, -2.658e-5
-1.174, -2.720e-5
-1.173, -2.757e-5
-1.172, -2.803e-5
-1.171, -2.858e-5
-1.170, -2.897e-5
-1.169, -2.945e-5
-1.168, -2.997e-5
-1.167, -3.041e-5
-1.166, -3.091e-5
-1.165, -3.144e-5
-1.164, -3.193e-5
-1.163, -3.257e-5
-1.162, -3.289e-5
-1.161, -3.346e-5
-1.160, -3.389e-5
-1.159, -3.441e-5
-1.158, -3.506e-5
-1.157, -3.545e-5
-1.156, -3.596e-5
-1.155, -3.666e-5
-1.154, -3.710e-5
-1.153, -3.781e-5
-1.152, -3.832e-5
-1.151, -3.876e-5
-1.150, -3.946e-5
-1.149, -3.993e-5
-1.148, -4.068e-5
-1.147, -4.112e-5
-1.146, -4.178e-5
-1.145, -4.240e-5
-1.144, -4.291e-5
-1.143, -4.363e-5
-1.142, -4.442e-5
-1.141, -4.472e-5
-1.140, -4.559e-5
-1.139, -4.623e-5
-1.138, -4.693e-5
-1.137, -4.762e-5
-1.136, -4.825e-5
-1.135, -4.896e-5
-1.134, -4.976e-5
-1.133, -5.041e-5
-1.132, -5.106e-5
-1.131, -5.184e-5
-1.130, -5.246e-5
-1.129, -5.319e-5
-1.128, -5.403e-5
-1.127, -5.473e-5
-1.126, -5.554e-5
-1.125, -5.621e-5
-1.124, -5.697e-5
-1.123, -5.789e-5
-1.122, -5.862e-5
-1.121, -5.941e-5
-1.120, -6.017e-5
-1.119, -6.109e-5
-1.118, -6.196e-5
-1.117, -6.278e-5
-1.116, -6.355e-5
-1.115, -6.470e-5
-1.114, -6.544e-5
-1.113, -6.637e-5
-1.112, -6.724e-5
-1.111, -6.812e-5
-1.110, -6.922e-5
-1.109, -7.004e-5
-1.108, -7.101e-5
-1.107, -7.190e-5
-1.106, -7.281e-5
-1.105, -7.386e-5
-1.104, -7.473e-5
-1.103, -7.569e-5
-1.102, -7.673e-5
-1.101, -7.765e-5
-1.100, -7.851e-5
-1.099, -7.974e-5
-1.098, -8.080e-5
-1.097, -8.193e-5
-1.096, -8.276e-5
-1.095, -8.375e-5
-1.094, -8.496e-5
-1.093, -8.587e-5
-1.092, -8.700e-5
-1.091, -8.806e-5
-1.090, -8.895e-5
-1.089, -9.007e-5
-1.088, -9.098e-5
-1.087, -9.209e-5
-1.086, -9.308e-5
-1.085, -9.410e-5
-1.084, -9.520e-5
-1.083, -9.626e-5
-1.082, -9.730e-5
-1.081, -9.827e-5
-1.080, -9.923e-5
-1.079, -1.003e-4
-1.078, -1.016e-4
-1.077, -1.025e-4
-1.076, -1.035e-4
-1.075, -1.045e-4
-1.074, -1.055e-4
-1.073, -1.064e-4
-1.072, -1.073e-4
-1.071, -1.083e-4
-1.070, -1.096e-4
-1.069, -1.106e-4
-1.068, -1.114e-4
-1.067, -1.125e-4
-1.066, -1.132e-4
-1.065, -1.141e-4
-1.064, -1.149e-4
-1.063, -1.162e-4
-1.062, -1.173e-4
-1.061, -1.180e-4
-1.060, -1.194e-4
-1.059, -1.205e-4
-1.058, -1.212e-4
-1.057, -1.223e-4
-1.056, -1.229e-4
-1.055, -1.239e-4
-1.054, -1.247e-4
-1.053, -1.257e-4
-1.052, -1.269e-4
-1.051, -1.272e-4
-1.050, -1.278e-4
-1.049, -1.287e-4
-1.048, -1.294e-4
-1.047, -1.304e-4
-1.046, -1.313e-4
-1.045, -1.319e-4
-1.044, -1.325e-4
-1.043, -1.333e-4
-1.042, -1.340e-4
-1.041, -1.348e-4
-1.040, -1.354e-4
-1.039, -1.363e-4
-1.038, -1.368e-4
-1.037, -1.377e-4
-1.036, -1.384e-4
-1.035, -1.389e-4
-1.034, -1.396e-4
-1.033, -1.405e-4
-1.032, -1.409e-4
-1.031, -1.415e-4
-1.030, -1.417e-4
-1.029, -1.424e-4
-1.028, -1.427e-4
-1.027, -1.435e-4
-1.026, -1.435e-4
-1.025, -1.444e-4
-1.024, -1.445e-4
-1.023, -1.450e-4
-1.022, -1.457e-4
-1.021, -1.459e-4
-1.020, -1.462e-4
-1.019, -1.471e-4
-1.018, -1.475e-4
-1.017, -1.478e-4
-1.016, -1.481e-4
-1.015, -1.486e-4
-1.014, -1.490e-4
-1.013, -1.490e-4
-1.012, -1.492e-4
-1.011, -1.495e-4
-1.010, -1.500e-4
-1.009, -1.504e-4
-1.008, -1.507e-4
-1.007, -1.511e-4
-1.006, -1.513e-4
-1.005, -1.514e-4
-1.004, -1.516e-4
-1.003, -1.519e-4
-1.002, -1.522e-4
-1.001, -1.525e-4
-1.000, -1.326e-4
-1.001, -1.197e-4
-1.002, -1.128e-4
-1.003, -1.065e-4
-1.004, -1.007e-4
-1.005, -9.593e-5
-1.006, -9.104e-5
-1.007, -8.655e-5
-1.008, -8.248e-5
-1.009, -7.869e-5
-1.010, -7.511e-5
-1.011, -7.171e-5
-1.012, -6.827e-5
-1.013, -6.543e-5
-1.014, -6.245e-5
-1.015, -5.921e-5
-1.016, -5.660e-5
-1.017, -5.413e-5
-1.018, -5.151e-5
-1.019, -4.928e-5
-1.020, -4.698e-5
-1.021, -4.506e-5
-1.022, -4.292e-5
-1.023, -4.098e-5
-1.024, -3.908e-5
-1.025, -3.722e-5
-1.026, -3.521e-5
-1.027, -3.397e-5
-1.028, -3.225e-5
-1.029, -3.063e-5
-1.030, -2.914e-5
-1.031, -2.781e-5
-1.032, -2.653e-5
-1.033, -2.505e-5
-1.034, -2.356e-5
-1.035, -2.244e-5
-1.036, -2.111e-5
-1.037, -1.994e-5
-1.038, -1.892e-5
-1.039, -1.735e-5
-1.040, -1.651e-5
-1.041, -1.530e-5
-1.042, -1.438e-5
-1.043, -1.344e-5
-1.044, -1.218e-5
-1.045, -1.131e-5
-1.046, -1.055e-5
-1.047, -9.581e-6
-1.048, -8.673e-6
-1.049, -7.674e-6
-1.050, -6.641e-6
-1.051, -5.946e-6
-1.052, -5.092e-6
-1.053, -4.354e-6
-1.054, -3.615e-6
-1.055, -2.697e-6
-1.056, -2.063e-6
-1.057, -1.421e-6
-1.058, -5.616e-7
-1.059, 1.468e-7
-1.060, 8.946e-7
-1.061, 1.592e-6
-1.062, 2.168e-6
-1.063, 2.955e-6
-1.064, 3.410e-6
-1.065, 4.062e-6
-1.066, 4.725e-6
-1.067, 5.280e-6
-1.068, 5.932e-6
-1.069, 6.543e-6
-1.070, 7.071e-6
-1.071, 7.872e-6
-1.072, 8.176e-6
-1.073, 8.846e-6
-1.074, 9.437e-6
-1.075, 1.004e-5
-1.076, 1.060e-5
-1.077, 1.102e-5
-1.078, 1.154e-5
-1.079, 1.220e-5
-1.080, 1.260e-5
-1.081, 1.317e-5
-1.082, 1.371e-5
-1.083, 1.410e-5
-1.084, 1.466e-5
-1.085, 1.515e-5
-1.086, 1.559e-5
-1.087, 1.617e-5
-1.088, 1.656e-5
-1.089, 1.707e-5
-1.090, 1.756e-5
-1.091, 1.801e-5
-1.092, 1.847e-5
-1.093, 1.891e-5
-1.094, 1.937e-5
-1.095, 1.989e-5
-1.096, 2.041e-5
-1.097, 2.072e-5
-1.098, 2.125e-5
-1.099, 2.174e-5
-1.100, 2.216e-5
-1.101, 2.261e-5
-1.102, 2.301e-5
-1.103, 2.354e-5
-1.104, 2.388e-5
-1.105, 2.438e-5
-1.106, 2.496e-5
-1.107, 2.524e-5
-1.108, 2.571e-5
-1.109, 2.626e-5
-1.110, 2.657e-5
-1.111, 2.715e-5
-1.112, 2.748e-5
-1.113, 2.793e-5
-1.114, 2.847e-5
-1.115, 2.887e-5
-1.116, 2.940e-5
-1.117, 2.975e-5
-1.118, 3.021e-5
-1.119, 3.074e-5
-1.120, 3.115e-5
-1.121, 3.163e-5
-1.122, 3.213e-5
-1.123, 3.249e-5
-1.124, 3.318e-5
-1.125, 3.361e-5
-1.126, 3.407e-5
-1.127, 3.456e-5
-1.128, 3.491e-5
-1.129, 3.547e-5
-1.130, 3.608e-5
-1.131, 3.656e-5
-1.132, 3.708e-5
-1.133, 3.745e-5
-1.134, 3.791e-5
-1.135, 3.851e-5
-1.136, 3.906e-5
-1.137, 3.961e-5
-1.138, 4.014e-5
-1.139, 4.058e-5
-1.140, 4.129e-5
-1.141, 4.172e-5
-1.142, 4.212e-5
-1.143, 4.270e-5
-1.144, 4.328e-5
-1.145, 4.387e-5
-1.146, 4.447e-5
-1.147, 4.491e-5
-1.148, 4.555e-5
-1.149, 4.600e-5
-1.150, 4.669e-5
-1.151, 4.734e-5
-1.152, 4.779e-5
-1.153, 4.836e-5
-1.154, 4.905e-5
-1.155, 4.956e-5
-1.156, 5.032e-5
-1.157, 5.090e-5
-1.158, 5.135e-5
-1.159, 5.208e-5
-1.160, 5.251e-5
-1.161, 5.329e-5
-1.162, 5.400e-5
-1.163, 5.458e-5
-1.164, 5.534e-5
-1.165, 5.599e-5
-1.166, 5.658e-5
-1.167, 5.728e-5
-1.168, 5.785e-5
-1.169, 5.866e-5
-1.170, 5.942e-5
-1.171, 5.997e-5
-1.172, 6.057e-5
-1.173, 6.137e-5
-1.174, 6.207e-5
-1.175, 6.295e-5
-1.176, 6.353e-5
-1.177, 6.445e-5
-1.178, 6.510e-5
-1.179, 6.572e-5
-1.180, 6.657e-5
-1.181, 6.730e-5
-1.182, 6.801e-5
-1.183, 6.873e-5
-1.184, 6.952e-5
-1.185, 7.022e-5
-1.186, 7.108e-5
-1.187, 7.160e-5
-1.188, 7.254e-5
-1.189, 7.346e-5
-1.190, 7.411e-5
-1.191, 7.499e-5
-1.192, 7.556e-5
-1.193, 7.645e-5
-1.194, 7.732e-5
-1.195, 7.812e-5
-1.196, 7.902e-5
-1.197, 7.969e-5
-1.198, 8.049e-5
-1.199, 8.146e-5
-1.200, 8.233e-5
-1.201, 8.317e-5
-1.202, 8.401e-5
-1.203, 8.478e-5
-1.204, 8.573e-5
-1.205, 8.654e-5
-1.206, 8.746e-5
-1.207, 8.827e-5
-1.208, 8.886e-5
-1.209, 8.984e-5
-1.210, 9.076e-5
-1.211, 9.170e-5
-1.212, 9.252e-5
-1.213, 9.330e-5
-1.214, 9.416e-5
-1.215, 9.508e-5
-1.216, 9.591e-5
-1.217, 9.659e-5
-1.218, 9.758e-5
-1.219, 9.846e-5
-1.220, 9.927e-5
-1.221, 1.001e-4
-1.222, 1.010e-4
-1.223, 1.020e-4
-1.224, 1.028e-4
-1.225, 1.038e-4
-1.226, 1.046e-4
-1.227, 1.054e-4
-1.228, 1.064e-4
-1.229, 1.074e-4
-1.230, 1.080e-4
-1.231, 1.090e-4
-1.232, 1.098e-4
-1.233, 1.106e-4
-1.234, 1.117e-4
-1.235, 1.124e-4
-1.236, 1.132e-4
-1.237, 1.137e-4
-1.238, 1.145e-4
-1.239, 1.153e-4
-1.240, 1.161e-4
-1.241, 1.166e-4
-1.242, 1.176e-4
-1.243, 1.183e-4
-1.244, 1.190e-4
-1.245, 1.196e-4
-1.246, 1.201e-4
-1.247, 1.207e-4
-1.248, 1.213e-4
-1.249, 1.220e-4
-1.250, 1.227e-4
-1.251, 1.230e-4
-1.252, 1.235e-4
-1.253, 1.241e-4
-1.254, 1.243e-4
-1.255, 1.248e-4
-1.256, 1.251e-4
-1.257, 1.254e-4
-1.258, 1.259e-4
-1.259, 1.262e-4
-1.260, 1.265e-4
-1.261, 1.265e-4
-1.262, 1.268e-4
-1.263, 1.270e-4
-1.264, 1.272e-4
-1.265, 1.274e-4
-1.266, 1.273e-4
-1.267, 1.274e-4
-1.268, 1.275e-4
-1.269, 1.275e-4
-1.270, 1.274e-4
-1.271, 1.275e-4
-1.272, 1.274e-4
-1.273, 1.272e-4
-1.274, 1.272e-4
-1.275, 1.272e-4
-1.276, 1.271e-4
-1.277, 1.268e-4
-1.278, 1.265e-4
-1.279, 1.264e-4
-1.280, 1.262e-4
-1.281, 1.258e-4
-1.282, 1.258e-4
-1.283, 1.255e-4
-1.284, 1.253e-4
-1.285, 1.251e-4
-1.286, 1.250e-4
-1.287, 1.249e-4
-1.288, 1.245e-4
-1.289, 1.245e-4
-1.290, 1.243e-4
-1.291, 1.240e-4
-1.292, 1.239e-4
-1.293, 1.237e-4
-1.294, 1.234e-4
-1.295, 1.236e-4
-1.296, 1.232e-4
-1.297, 1.231e-4
-1.298, 1.232e-4
-1.299, 1.231e-4
-1.300, 1.230e-4
-1.301, 1.231e-4
-1.302, 1.232e-4
-1.303, 1.231e-4
-1.304, 1.230e-4
-1.305, 1.232e-4
-1.306, 1.235e-4
-1.307, 1.236e-4
-1.308, 1.238e-4
-1.309, 1.241e-4
-1.310, 1.243e-4
-1.311, 1.245e-4
-1.312, 1.246e-4
-1.313, 1.249e-4
-1.314, 1.255e-4
-1.315, 1.258e-4
-1.316, 1.264e-4
-1.317, 1.270e-4
-1.318, 1.272e-4
-1.319, 1.281e-4
-1.320, 1.288e-4
-1.321, 1.296e-4
-1.322, 1.303e-4
-1.323, 1.308e-4
-1.324, 1.317e-4
-1.325, 1.325e-4
-1.326, 1.332e-4
-1.327, 1.342e-4
-1.328, 1.349e-4
-1.329, 1.359e-4
-1.330, 1.372e-4
-1.331, 1.382e-4
-1.332, 1.391e-4
-1.333, 1.399e-4
-1.334, 1.413e-4
-1.335, 1.427e-4
-1.336, 1.437e-4
-1.337, 1.449e-4
-1.338, 1.462e-4
-1.339, 1.476e-4
-1.340, 1.487e-4
-1.341, 1.502e-4
-1.342, 1.515e-4
-1.343, 1.531e-4
-1.344, 1.545e-4
-1.345, 1.560e-4
-1.346, 1.578e-4
-1.347, 1.594e-4
-1.348, 1.611e-4
-1.349, 1.627e-4
-1.350, 1.646e-4
-1.351, 1.663e-4
-1.352, 1.681e-4
-1.353, 1.698e-4
-1.354, 1.717e-4
-1.355, 1.735e-4
-1.356, 1.755e-4
-1.357, 1.774e-4
-1.358, 1.795e-4
-1.359, 1.817e-4
-1.360, 1.838e-4
-1.361, 1.862e-4
-1.362, 1.885e-4
-1.363, 1.906e-4
-1.364, 1.930e-4
-1.365, 1.954e-4
-1.366, 1.978e-4
-1.367, 2.004e-4
-1.368, 2.026e-4
-1.369, 2.050e-4
-1.370, 2.077e-4
-1.371, 2.103e-4
-1.372, 2.130e-4
-1.373, 2.158e-4
-1.374, 2.187e-4
-1.375, 2.216e-4
-1.376, 2.244e-4
-1.377, 2.272e-4
-1.378, 2.303e-4
-1.379, 2.331e-4
-1.380, 2.362e-4
-1.381, 2.391e-4
-1.382, 2.425e-4
-1.383, 2.459e-4
-1.384, 2.491e-4
-1.385, 2.527e-4
-1.386, 2.562e-4
-1.387, 2.592e-4
-1.388, 2.623e-4
-1.389, 2.661e-4
-1.390, 2.699e-4
-1.391, 2.736e-4
-1.392, 2.771e-4
-1.393, 2.806e-4
-1.394, 2.846e-4
-1.395, 2.883e-4
-1.396, 2.923e-4
-1.397, 2.960e-4
-1.398, 2.998e-4
-1.399, 3.040e-4
-1.400, 3.082e-4
-1.401, 3.123e-4
-1.402, 3.164e-4
-1.403, 3.201e-4
-1.404, 3.248e-4
-1.405, 3.290e-4
-1.406, 3.337e-4
-1.407, 3.380e-4
-1.408, 3.420e-4
-1.409, 3.467e-4
-1.410, 3.515e-4
-1.411, 3.565e-4
-1.412, 3.611e-4
-1.413, 3.659e-4
-1.414, 3.708e-4
-1.415, 3.759e-4
-1.416, 3.809e-4
-1.417, 3.861e-4
-1.418, 3.909e-4
-1.419, 3.959e-4
-1.420, 4.012e-4
-1.421, 4.064e-4
-1.422, 4.116e-4
-1.423, 4.175e-4
-1.424, 4.228e-4
-1.425, 4.286e-4
-1.426, 4.336e-4
-1.427, 4.395e-4
-1.428, 4.456e-4
-1.429, 4.512e-4
-1.430, 4.569e-4
-1.431, 4.633e-4
-1.432, 4.688e-4
-1.433, 4.750e-4
-1.434, 4.812e-4
-1.435, 4.878e-4
-1.436, 4.944e-4
-1.437, 5.007e-4
-1.438, 5.067e-4
-1.439, 5.134e-4
-1.440, 5.198e-4
-1.441, 5.266e-4
-1.442, 5.335e-4
-1.443, 5.402e-4
-1.444, 5.478e-4
-1.445, 5.546e-4
-1.446, 5.612e-4
-1.447, 5.687e-4
-1.448, 5.760e-4
-1.449, 5.838e-4
-1.450, 5.908e-4
-1.451, 5.986e-4
-1.452, 6.064e-4
-1.453, 6.142e-4
-1.454, 6.223e-4
-1.455, 6.297e-4
-1.456, 6.374e-4
-1.457, 6.456e-4
-1.458, 6.538e-4
-1.459, 6.623e-4
-1.460, 6.707e-4
-1.461, 6.797e-4
-1.462, 6.886e-4
-1.463, 6.972e-4
-1.464, 7.058e-4
-1.465, 7.148e-4
-1.466, 7.243e-4
-1.467, 7.329e-4
-1.468, 7.423e-4
-1.469, 7.517e-4
-1.470, 7.611e-4
-1.471, 7.709e-4
-1.472, 7.808e-4
-1.473, 7.906e-4
-1.474, 8.011e-4
-1.475, 8.109e-4
-1.476, 8.212e-4
-1.477, 8.316e-4
-1.478, 8.418e-4
-1.479, 8.522e-4
-1.480, 8.631e-4
-1.481, 8.742e-4
-1.482, 8.857e-4
-1.483, 8.967e-4
-1.484, 9.079e-4
-1.485, 9.194e-4
-1.486, 9.312e-4
-1.487, 9.427e-4
-1.488, 9.542e-4
-1.489, 9.672e-4
-1.490, 9.809e-4
-1.491, 9.924e-4
-1.492, 1.004e-3
-1.493, 1.017e-3
-1.494, 1.030e-3
-1.495, 1.043e-3
-1.496, 1.057e-3
-1.497, 1.071e-3
-1.498, 1.086e-3
-1.499, 1.098e-3
-1.500, 1.088e-3
-1.499, 1.067e-3
-1.498, 1.049e-3
-1.497, 1.030e-3
-1.496, 1.013e-3
-1.495, 9.944e-4
-1.494, 9.771e-4
-1.493, 9.603e-4
-1.492, 9.440e-4
-1.491, 9.279e-4
-1.490, 9.118e-4
-1.489, 8.961e-4
-1.488, 8.816e-4
-1.487, 8.670e-4
-1.486, 8.525e-4
-1.485, 8.388e-4
-1.484, 8.246e-4
-1.483, 8.108e-4
-1.482, 7.968e-4
-1.481, 7.838e-4
-1.480, 7.719e-4
-1.479, 7.603e-4
-1.478, 7.474e-4
-1.477, 7.351e-4
-1.476, 7.240e-4
-1.475, 7.125e-4
-1.474, 7.021e-4
-1.473, 6.911e-4
-1.472, 6.809e-4
-1.471, 6.694e-4
-1.470, 6.595e-4
-1.469, 6.484e-4
-1.468, 6.380e-4
-1.467, 6.293e-4
-1.466, 6.199e-4
-1.465, 6.102e-4
-1.464, 6.012e-4
-1.463, 5.920e-4
-1.462, 5.828e-4
-1.461, 5.742e-4
-1.460, 5.657e-4
-1.459, 5.569e-4
-1.458, 5.483e-4
-1.457, 5.410e-4
-1.456, 5.332e-4
-1.455, 5.248e-4
-1.454, 5.174e-4
-1.453, 5.100e-4
-1.452, 5.027e-4
-1.451, 4.954e-4
-1.450, 4.881e-4
-1.449, 4.813e-4
-1.448, 4.742e-4
-1.447, 4.670e-4
-1.446, 4.597e-4
-1.445, 4.538e-4
-1.444, 4.473e-4
-1.443, 4.409e-4
-1.442, 4.340e-4
-1.441, 4.283e-4
-1.440, 4.224e-4
-1.439, 4.165e-4
-1.438, 4.101e-4
-1.437, 4.045e-4
-1.436, 3.987e-4
-1.435, 3.932e-4
-1.434, 3.870e-4
-1.433, 3.820e-4
-1.432, 3.762e-4
-1.431, 3.708e-4
-1.430, 3.656e-4
-1.429, 3.606e-4
-1.428, 3.558e-4
-1.427, 3.501e-4
-1.426, 3.455e-4
-1.425, 3.409e-4
-1.424, 3.361e-4
-1.423, 3.312e-4
-1.422, 3.267e-4
-1.421, 3.220e-4
-1.420, 3.175e-4
-1.419, 3.132e-4
-1.418, 3.083e-4
-1.417, 3.038e-4
-1.416, 2.998e-4
-1.415, 2.956e-4
-1.414, 2.918e-4
-1.413, 2.877e-4
-1.412, 2.834e-4
-1.411, 2.797e-4
-1.410, 2.757e-4
-1.409, 2.717e-4
-1.408, 2.681e-4
-1.407, 2.641e-4
-1.406, 2.601e-4
-1.405, 2.563e-4
-1.404, 2.524e-4
-1.403, 2.491e-4
-1.402, 2.453e-4
-1.401, 2.419e-4
-1.400, 2.384e-4
-1.399, 2.351e-4
-1.398, 2.316e-4
-1.397, 2.283e-4
-1.396, 2.250e-4
-1.395, 2.217e-4
-1.394, 2.186e-4
-1.393, 2.156e-4
-1.392, 2.122e-4
-1.391, 2.090e-4
-1.390, 2.061e-4
-1.389, 2.031e-4
-1.388, 2.002e-4
-1.387, 1.973e-4
-1.386, 1.944e-4
-1.385, 1.917e-4
-1.384, 1.888e-4
-1.383, 1.857e-4
-1.382, 1.828e-4
-1.381, 1.804e-4
-1.380, 1.778e-4
-1.379, 1.750e-4
-1.378, 1.724e-4
-1.377, 1.696e-4
-1.376, 1.676e-4
-1.375, 1.648e-4
-1.374, 1.623e-4
-1.373, 1.600e-4
-1.372, 1.575e-4
-1.371, 1.550e-4
-1.370, 1.527e-4
-1.369, 1.502e-4
-1.368, 1.482e-4
-1.367, 1.459e-4
-1.366, 1.435e-4
-1.365, 1.414e-4
-1.364, 1.392e-4
-1.363, 1.369e-4
-1.362, 1.349e-4
-1.361, 1.328e-4
-1.360, 1.309e-4
-1.359, 1.288e-4
-1.358, 1.267e-4
-1.357, 1.247e-4
-1.356, 1.226e-4
-1.355, 1.209e-4
-1.354, 1.188e-4
-1.353, 1.170e-4
-1.352, 1.151e-4
-1.351, 1.133e-4
-1.350, 1.114e-4
-1.349, 1.096e-4
-1.348, 1.079e-4
-1.347, 1.059e-4
-1.346, 1.042e-4
-1.345, 1.025e-4
-1.344, 1.008e-4
-1.343, 9.921e-5
-1.342, 9.724e-5
-1.341, 9.581e-5
-1.340, 9.422e-5
-1.339, 9.242e-5
-1.338, 9.083e-5
-1.337, 8.923e-5
-1.336, 8.778e-5
-1.335, 8.634e-5
-1.334, 8.460e-5
-1.333, 8.315e-5
-1.332, 8.164e-5
-1.331, 8.012e-5
-1.330, 7.863e-5
-1.329, 7.723e-5
-1.328, 7.587e-5
-1.327, 7.447e-5
-1.326, 7.298e-5
-1.325, 7.173e-5
-1.324, 7.035e-5
-1.323, 6.898e-5
-1.322, 6.761e-5
-1.321, 6.623e-5
-1.320, 6.520e-5
-1.319, 6.381e-5
-1.318, 6.261e-5
-1.317, 6.127e-5
-1.316, 6.015e-5
-1.315, 5.887e-5
-1.314, 5.778e-5
-1.313, 5.651e-5
-1.312, 5.533e-5
-1.311, 5.426e-5
-1.310, 5.310e-5
-1.309, 5.202e-5
-1.308, 5.097e-5
-1.307, 4.969e-5
-1.306, 4.860e-5
-1.305, 4.757e-5
-1.304, 4.652e-5
-1.303, 4.552e-5
-1.302, 4.438e-5
-1.301, 4.354e-5
-1.300, 4.263e-5
-1.299, 4.148e-5
-1.298, 4.063e-5
-1.297, 3.947e-5
-1.296, 3.859e-5
-1.295, 3.769e-5
-1.294, 3.674e-5
-1.293, 3.594e-5
-1.292, 3.500e-5
-1.291, 3.404e-5
-1.290, 3.323e-5
-1.289, 3.232e-5
-1.288, 3.151e-5
-1.287, 3.061e-5
-1.286, 2.972e-5
-1.285, 2.912e-5
-1.284, 2.821e-5
-1.283, 2.739e-5
-1.282, 2.665e-5
-1.281, 2.577e-5
-1.280, 2.504e-5
-1.279, 2.432e-5
-1.278, 2.351e-5
-1.277, 2.281e-5
-1.276, 2.200e-5
-1.275, 2.131e-5
-1.274, 2.064e-5
-1.273, 1.995e-5
-1.272, 1.925e-5
-1.271, 1.854e-5
-1.270, 1.788e-5
-1.269, 1.730e-5
-1.268, 1.660e-5
-1.267, 1.586e-5
-1.266, 1.528e-5
-1.265, 1.465e-5
-1.264, 1.404e-5
-1.263, 1.350e-5
-1.262, 1.277e-5
-1.261, 1.219e-5
-1.260, 1.163e-5
-1.259, 1.099e-5
-1.258, 1.051e-5
-1.257, 9.791e-6
-1.256, 9.234e-6
-1.255, 8.706e-6
-1.254, 8.164e-6
-1.253, 7.654e-6
-1.252, 7.058e-6
-1.251, 6.470e-6
-1.250, 6.115e-6
-1.249, 5.453e-6
-1.248, 5.013e-6
-1.247, 4.463e-6
-1.246, 3.861e-6
-1.245, 3.521e-6
-1.244, 2.968e-6
-1.243, 2.451e-6
-1.242, 1.976e-6
-1.241, 1.438e-6
-1.240, 1.056e-6
-1.239, 6.115e-7
-1.238, 4.617e-8
-1.237, -3.633e-7
-1.236, -8.684e-7
-1.235, -1.384e-6
-1.234, -1.715e-6
-1.233, -2.197e-6
-1.232, -2.644e-6
-1.231, -3.042e-6
-1.230, -3.583e-6
-1.229, -4.144e-6
-1.228, -4.367e-6
-1.227, -4.905e-6
-1.226, -5.279e-6
-1.225, -5.671e-6
-1.224, -6.027e-6
-1.223, -6.480e-6
-1.222, -7.032e-6
-1.221, -7.357e-6
-1.220, -7.709e-6
-1.219, -8.228e-6
-1.218, -8.502e-6
-1.217, -9.058e-6
-1.216, -9.397e-6
-1.215, -9.707e-6
-1.214, -1.031e-5
-1.213, -1.051e-5
-1.212, -1.099e-5
-1.211, -1.148e-5
-1.210, -1.171e-5
-1.209, -1.216e-5
-1.208, -1.245e-5
-1.207, -1.282e-5
-1.206, -1.336e-5
-1.205, -1.367e-5
-1.204, -1.398e-5
-1.203, -1.446e-5
-1.202, -1.486e-5
-1.201, -1.539e-5
-1.200, -1.559e-5
-1.199, -1.599e-5
-1.198, -1.643e-5
-1.197, -1.679e-5
-1.196, -1.718e-5
-1.195, -1.754e-5
-1.194, -1.790e-5
-1.193, -1.832e-5
-1.192, -1.870e-5
-1.191, -1.909e-5
-1.190, -1.954e-5
-1.189, -1.987e-5
-1.188, -2.019e-5
-1.187, -2.080e-5
-1.186, -2.100e-5
-1.185, -2.149e-5
-1.184, -2.181e-5
-1.183, -2.217e-5
-1.182, -2.266e-5
-1.181, -2.308e-5
-1.180, -2.343e-5
-1.179, -2.380e-5
-1.178, -2.427e-5
-1.177, -2.468e-5
-1.176, -2.510e-5
-1.175, -2.544e-5
-1.174, -2.591e-5
-1.173, -2.622e-5
-1.172, -2.672e-5
-1.171, -2.729e-5
-1.170, -2.749e-5
-1.169, -2.797e-5
-1.168, -2.834e-5
-1.167, -2.883e-5
-1.166, -2.932e-5
-1.165, -2.967e-5
-1.164, -3.010e-5
-1.163, -3.060e-5
-1.162, -3.103e-5
-1.161, -3.157e-5
-1.160, -3.189e-5
-1.159, -3.240e-5
-1.158, -3.293e-5
-1.157, -3.337e-5
-1.156, -3.384e-5
-1.155, -3.434e-5
-1.154, -3.473e-5
-1.153, -3.533e-5
-1.152, -3.584e-5
-1.151, -3.636e-5
-1.150, -3.686e-5
-1.149, -3.726e-5
-1.148, -3.781e-5
-1.147, -3.836e-5
-1.146, -3.898e-5
-1.145, -3.940e-5
-1.144, -3.984e-5
-1.143, -4.033e-5
-1.142, -4.104e-5
-1.141, -4.150e-5
-1.140, -4.201e-5
-1.139, -4.269e-5
-1.138, -4.311e-5
-1.137, -4.390e-5
-1.136, -4.432e-5
-1.135, -4.495e-5
-1.134, -4.552e-5
-1.133, -4.602e-5
-1.132, -4.664e-5
-1.131, -4.735e-5
-1.130, -4.797e-5
-1.129, -4.857e-5
-1.128, -4.914e-5
-1.127, -4.992e-5
-1.126, -5.073e-5
-1.125, -5.125e-5
-1.124, -5.184e-5
-1.123, -5.270e-5
-1.122, -5.336e-5
-1.121, -5.403e-5
-1.120, -5.466e-5
-1.119, -5.546e-5
-1.118, -5.632e-5
-1.117, -5.692e-5
-1.116, -5.764e-5
-1.115, -5.843e-5
-1.114, -5.906e-5
-1.113, -6.000e-5
-1.112, -6.066e-5
-1.111, -6.145e-5
-1.110, -6.218e-5
-1.109, -6.300e-5
-1.108, -6.378e-5
-1.107, -6.474e-5
-1.106, -6.559e-5
-1.105, -6.639e-5
-1.104, -6.708e-5
-1.103, -6.792e-5
-1.102, -6.877e-5
-1.101, -6.955e-5
-1.100, -7.040e-5
-1.099, -7.140e-5
-1.098, -7.207e-5
-1.097, -7.299e-5
-1.096, -7.363e-5
-1.095, -7.457e-5
-1.094, -7.549e-5
-1.093, -7.634e-5
-1.092, -7.731e-5
-1.091, -7.826e-5
-1.090, -7.909e-5
-1.089, -7.994e-5
-1.088, -8.063e-5
-1.087, -8.162e-5
-1.086, -8.254e-5
-1.085, -8.351e-5
-1.084, -8.448e-5
-1.083, -8.533e-5
-1.082, -8.631e-5
-1.081, -8.723e-5
-1.080, -8.793e-5
-1.079, -8.894e-5
-1.078, -8.989e-5
-1.077, -9.067e-5
-1.076, -9.168e-5
-1.075, -9.263e-5
-1.074, -9.338e-5
-1.073, -9.438e-5
-1.072, -9.520e-5
-1.071, -9.612e-5
-1.070, -9.707e-5
-1.069, -9.795e-5
-1.068, -9.871e-5
-1.067, -9.982e-5
-1.066, -1.006e-4
-1.065, -1.016e-4
-1.064, -1.024e-4
-1.063, -1.034e-4
-1.062, -1.045e-4
-1.061, -1.050e-4
-1.060, -1.059e-4
-1.059, -1.068e-4
-1.058, -1.078e-4
-1.057, -1.086e-4
-1.056, -1.092e-4
-1.055, -1.099e-4
-1.054, -1.107e-4
-1.053, -1.117e-4
-1.052, -1.126e-4
-1.051, -1.135e-4
-1.050, -1.143e-4
-1.049, -1.152e-4
-1.048, -1.158e-4
-1.047, -1.167e-4
-1.046, -1.178e-4
-1.045, -1.183e-4
-1.044, -1.191e-4
-1.043, -1.199e-4
-1.042, -1.207e-4
-1.041, -1.215e-4
-1.040, -1.220e-4
-1.039, -1.232e-4
-1.038, -1.241e-4
-1.037, -1.246e-4
-1.036, -1.252e-4
-1.035, -1.258e-4
-1.034, -1.263e-4
-1.033, -1.271e-4
-1.032, -1.278e-4
-1.031, -1.285e-4
-1.030, -1.294e-4
-1.029, -1.295e-4
-1.028, -1.300e-4
-1.027, -1.310e-4
-1.026, -1.317e-4
-1.025, -1.323e-4
-1.024, -1.332e-4
-1.023, -1.337e-4
-1.022, -1.342e-4
-1.021, -1.345e-4
-1.020, -1.352e-4
-1.019, -1.360e-4
-1.018, -1.361e-4
-1.017, -1.370e-4
-1.016, -1.375e-4
-1.015, -1.380e-4
-1.014, -1.387e-4
-1.013, -1.390e-4
-1.012, -1.397e-4
-1.011, -1.402e-4
-1.010, -1.406e-4
-1.009, -1.411e-4
-1.008, -1.413e-4
-1.007, -1.418e-4
-1.006, -1.424e-4
-1.005, -1.430e-4
-1.004, -1.437e-4
-1.003, -1.443e-4
-1.002, -1.446e-4
-1.001, -1.450e-4
-1.000, -1.257e-4
-1.001, -1.136e-4
-1.002, -1.071e-4
-1.003, -1.014e-4
-1.004, -9.638e-5
-1.005, -9.122e-5
-1.006, -8.670e-5
-1.007, -8.240e-5
-1.008, -7.862e-5
-1.009, -7.490e-5
-1.010, -7.134e-5
-1.011, -6.809e-5
-1.012, -6.489e-5
-1.013, -6.197e-5
-1.014, -5.935e-5
-1.015, -5.651e-5
-1.016, -5.419e-5
-1.017, -5.165e-5
-1.018, -4.933e-5
-1.019, -4.734e-5
-1.020, -4.511e-5
-1.021, -4.307e-5
-1.022, -4.100e-5
-1.023, -3.916e-5
-1.024, -3.736e-5
-1.025, -3.563e-5
-1.026, -3.398e-5
-1.027, -3.228e-5
-1.028, -3.069e-5
-1.029, -2.937e-5
-1.030, -2.790e-5
-1.031, -2.636e-5
-1.032, -2.512e-5
-1.033, -2.380e-5
-1.034, -2.254e-5
-1.035, -2.125e-5
-1.036, -1.989e-5
-1.037, -1.879e-5
-1.038, -1.775e-5
-1.039, -1.644e-5
-1.040, -1.539e-5
-1.041, -1.431e-5
-1.042, -1.330e-5
-1.043, -1.247e-5
-1.044, -1.141e-5
-1.045, -1.055e-5
-1.046, -9.581e-6
-1.047, -8.686e-6
-1.048, -7.937e-6
-1.049, -7.123e-6
-1.050, -6.117e-6
-1.051, -5.358e-6
-1.052, -4.537e-6
-1.053, -3.817e-6
-1.054, -3.121e-6
-1.055, -2.206e-6
-1.056, -1.569e-6
-1.057, -8.447e-7
-1.058, -1.302e-8
-1.059, 5.296e-7
-1.060, 1.287e-6
-1.061, 1.942e-6
-1.062, 2.544e-6
-1.063, 3.201e-6
-1.064, 3.754e-6
-1.065, 4.364e-6
-1.066, 5.075e-6
-1.067, 5.580e-6
-1.068, 6.192e-6
-1.069, 6.672e-6
-1.070, 7.236e-6
-1.071, 7.977e-6
-1.072, 8.468e-6
-1.073, 8.986e-6
-1.074, 9.531e-6
-1.075, 1.016e-5
-1.076, 1.066e-5
-1.077, 1.116e-5
-1.078, 1.156e-5
-1.079, 1.216e-5
-1.080, 1.257e-5
-1.081, 1.304e-5
-1.082, 1.369e-5
-1.083, 1.396e-5
-1.084, 1.450e-5
-1.085, 1.500e-5
-1.086, 1.536e-5
-1.087, 1.594e-5
-1.088, 1.635e-5
-1.089, 1.666e-5
-1.090, 1.729e-5
-1.091, 1.768e-5
-1.092, 1.821e-5
-1.093, 1.853e-5
-1.094, 1.895e-5
-1.095, 1.942e-5
-1.096, 1.990e-5
-1.097, 2.025e-5
-1.098, 2.071e-5
-1.099, 2.106e-5
-1.100, 2.157e-5
-1.101, 2.196e-5
-1.102, 2.236e-5
-1.103, 2.290e-5
-1.104, 2.323e-5
-1.105, 2.364e-5
-1.106, 2.415e-5
-1.107, 2.452e-5
-1.108, 2.502e-5
-1.109, 2.531e-5
-1.110, 2.575e-5
-1.111, 2.626e-5
-1.112, 2.657e-5
-1.113, 2.702e-5
-1.114, 2.749e-5
-1.115, 2.779e-5
-1.116, 2.840e-5
-1.117, 2.874e-5
-1.118, 2.910e-5
-1.119, 2.965e-5
-1.120, 3.003e-5
-1.121, 3.055e-5
-1.122, 3.108e-5
-1.123, 3.123e-5
-1.124, 3.173e-5
-1.125, 3.219e-5
-1.126, 3.271e-5
-1.127, 3.316e-5
-1.128, 3.354e-5
-1.129, 3.402e-5
-1.130, 3.451e-5
-1.131, 3.486e-5
-1.132, 3.545e-5
-1.133, 3.589e-5
-1.134, 3.627e-5
-1.135, 3.684e-5
-1.136, 3.731e-5
-1.137, 3.778e-5
-1.138, 3.835e-5
-1.139, 3.866e-5
-1.140, 3.925e-5
-1.141, 3.976e-5
-1.142, 4.031e-5
-1.143, 4.082e-5
-1.144, 4.127e-5
-1.145, 4.173e-5
-1.146, 4.243e-5
-1.147, 4.288e-5
-1.148, 4.339e-5
-1.149, 4.388e-5
-1.150, 4.442e-5
-1.151, 4.507e-5
-1.152, 4.549e-5
-1.153, 4.603e-5
-1.154, 4.659e-5
-1.155, 4.708e-5
-1.156, 4.781e-5
-1.157, 4.834e-5
-1.158, 4.889e-5
-1.159, 4.950e-5
-1.160, 4.996e-5
-1.161, 5.056e-5
-1.162, 5.123e-5
-1.163, 5.177e-5
-1.164, 5.239e-5
-1.165, 5.296e-5
-1.166, 5.363e-5
-1.167, 5.427e-5
-1.168, 5.470e-5
-1.169, 5.538e-5
-1.170, 5.604e-5
-1.171, 5.657e-5
-1.172, 5.736e-5
-1.173, 5.790e-5
-1.174, 5.850e-5
-1.175, 5.913e-5
-1.176, 5.971e-5
-1.177, 6.047e-5
-1.178, 6.121e-5
-1.179, 6.172e-5
-1.180, 6.248e-5
-1.181, 6.319e-5
-1.182, 6.392e-5
-1.183, 6.465e-5
-1.184, 6.510e-5
-1.185, 6.588e-5
-1.186, 6.659e-5
-1.187, 6.722e-5
-1.188, 6.798e-5
-1.189, 6.866e-5
-1.190, 6.941e-5
-1.191, 7.021e-5
-1.192, 7.086e-5
-1.193, 7.150e-5
-1.194, 7.227e-5
-1.195, 7.296e-5
-1.196, 7.366e-5
-1.197, 7.447e-5
-1.198, 7.505e-5
-1.199, 7.595e-5
-1.200, 7.658e-5
-1.201, 7.736e-5
-1.202, 7.819e-5
-1.203, 7.892e-5
-1.204, 7.967e-5
-1.205, 8.040e-5
-1.206, 8.112e-5
-1.207, 8.208e-5
-1.208, 8.266e-5
-1.209, 8.342e-5
-1.210, 8.434e-5
-1.211, 8.496e-5
-1.212, 8.575e-5
-1.213, 8.646e-5
-1.214, 8.724e-5
-1.215, 8.806e-5
-1.216, 8.865e-5
-1.217, 8.959e-5
-1.218, 9.031e-5
-1.219, 9.090e-5
-1.220, 9.192e-5
-1.221, 9.273e-5
-1.222, 9.345e-5
-1.223, 9.420e-5
-1.224, 9.476e-5
-1.225, 9.552e-5
-1.226, 9.631e-5
-1.227, 9.714e-5
-1.228, 9.796e-5
-1.229, 9.878e-5
-1.230, 9.944e-5
-1.231, 1.001e-4
-1.232, 1.008e-4
-1.233, 1.015e-4
-1.234, 1.021e-4
-1.235, 1.029e-4
-1.236, 1.035e-4
-1.237, 1.041e-4
-1.238, 1.048e-4
-1.239, 1.055e-4
-1.240, 1.060e-4
-1.241, 1.066e-4
-1.242, 1.072e-4
-1.243, 1.077e-4
-1.244, 1.083e-4
-1.245, 1.089e-4
-1.246, 1.092e-4
-1.247, 1.098e-4
-1.248, 1.102e-4
-1.249, 1.106e-4
-1.250, 1.110e-4
-1.251, 1.115e-4
-1.252, 1.119e-4
-1.253, 1.121e-4
-1.254, 1.125e-4
-1.255, 1.128e-4
-1.256, 1.130e-4
-1.257, 1.133e-4
-1.258, 1.135e-4
-1.259, 1.135e-4
-1.260, 1.138e-4
-1.261, 1.139e-4
-1.262, 1.143e-4
-1.263, 1.143e-4
-1.264, 1.144e-4
-1.265, 1.143e-4
-1.266, 1.143e-4
-1.267, 1.144e-4
-1.268, 1.145e-4
-1.269, 1.144e-4
-1.270, 1.144e-4
-1.271, 1.143e-4
-1.272, 1.141e-4
-1.273, 1.139e-4
-1.274, 1.139e-4
-1.275, 1.139e-4
-1.276, 1.138e-4
-1.277, 1.135e-4
-1.278, 1.130e-4
-1.279, 1.129e-4
-1.280, 1.128e-4
-1.281, 1.125e-4
-1.282, 1.123e-4
-1.283, 1.119e-4
-1.284, 1.118e-4
-1.285, 1.117e-4
-1.286, 1.115e-4
-1.287, 1.114e-4
-1.288, 1.109e-4
-1.289, 1.107e-4
-1.290, 1.107e-4
-1.291, 1.105e-4
-1.292, 1.104e-4
-1.293, 1.102e-4
-1.294, 1.100e-4
-1.295, 1.101e-4
-1.296, 1.100e-4
-1.297, 1.098e-4
-1.298, 1.097e-4
-1.299, 1.096e-4
-1.300, 1.098e-4
-1.301, 1.097e-4
-1.302, 1.097e-4
-1.303, 1.098e-4
-1.304, 1.096e-4
-1.305, 1.096e-4
-1.306, 1.099e-4
-1.307, 1.100e-4
-1.308, 1.101e-4
-1.309, 1.103e-4
-1.310, 1.106e-4
-1.311, 1.109e-4
-1.312, 1.111e-4
-1.313, 1.114e-4
-1.314, 1.117e-4
-1.315, 1.121e-4
-1.316, 1.126e-4
-1.317, 1.129e-4
-1.318, 1.131e-4
-1.319, 1.141e-4
-1.320, 1.145e-4
-1.321, 1.149e-4
-1.322, 1.155e-4
-1.323, 1.160e-4
-1.324, 1.167e-4
-1.325, 1.174e-4
-1.326, 1.179e-4
-1.327, 1.189e-4
-1.328, 1.196e-4
-1.329, 1.205e-4
-1.330, 1.211e-4
-1.331, 1.220e-4
-1.332, 1.228e-4
-1.333, 1.239e-4
-1.334, 1.246e-4
-1.335, 1.258e-4
-1.336, 1.271e-4
-1.337, 1.278e-4
-1.338, 1.291e-4
-1.339, 1.299e-4
-1.340, 1.307e-4
-1.341, 1.322e-4
-1.342, 1.336e-4
-1.343, 1.349e-4
-1.344, 1.361e-4
-1.345, 1.374e-4
-1.346, 1.390e-4
-1.347, 1.403e-4
-1.348, 1.418e-4
-1.349, 1.433e-4
-1.350, 1.448e-4
-1.351, 1.464e-4
-1.352, 1.480e-4
-1.353, 1.497e-4
-1.354, 1.513e-4
-1.355, 1.530e-4
-1.356, 1.547e-4
-1.357, 1.568e-4
-1.358, 1.587e-4
-1.359, 1.605e-4
-1.360, 1.624e-4
-1.361, 1.645e-4
-1.362, 1.666e-4
-1.363, 1.684e-4
-1.364, 1.706e-4
-1.365, 1.728e-4
-1.366, 1.751e-4
-1.367, 1.774e-4
-1.368, 1.794e-4
-1.369, 1.818e-4
-1.370, 1.842e-4
-1.371, 1.865e-4
-1.372, 1.889e-4
-1.373, 1.914e-4
-1.374, 1.938e-4
-1.375, 1.964e-4
-1.376, 1.989e-4
-1.377, 2.017e-4
-1.378, 2.043e-4
-1.379, 2.069e-4
-1.380, 2.100e-4
-1.381, 2.126e-4
-1.382, 2.157e-4
-1.383, 2.186e-4
-1.384, 2.213e-4
-1.385, 2.241e-4
-1.386, 2.279e-4
-1.387, 2.305e-4
-1.388, 2.337e-4
-1.389, 2.369e-4
-1.390, 2.401e-4
-1.391, 2.437e-4
-1.392, 2.468e-4
-1.393, 2.502e-4
-1.394, 2.538e-4
-1.395, 2.573e-4
-1.396, 2.607e-4
-1.397, 2.642e-4
-1.398, 2.679e-4
-1.399, 2.717e-4
-1.400, 2.753e-4
-1.401, 2.791e-4
-1.402, 2.829e-4
-1.403, 2.865e-4
-1.404, 2.902e-4
-1.405, 2.942e-4
-1.406, 2.982e-4
-1.407, 3.024e-4
-1.408, 3.064e-4
-1.409, 3.106e-4
-1.410, 3.148e-4
-1.411, 3.188e-4
-1.412, 3.232e-4
-1.413, 3.274e-4
-1.414, 3.318e-4
-1.415, 3.366e-4
-1.416, 3.413e-4
-1.417, 3.459e-4
-1.418, 3.507e-4
-1.419, 3.554e-4
-1.420, 3.601e-4
-1.421, 3.647e-4
-1.422, 3.697e-4
-1.423, 3.748e-4
-1.424, 3.797e-4
-1.425, 3.849e-4
-1.426, 3.902e-4
-1.427, 3.957e-4
-1.428, 4.011e-4
-1.429, 4.064e-4
-1.430, 4.116e-4
-1.431, 4.174e-4
-1.432, 4.229e-4
-1.433, 4.285e-4
-1.434, 4.343e-4
-1.435, 4.401e-4
-1.436, 4.459e-4
-1.437, 4.517e-4
-1.438, 4.576e-4
-1.439, 4.639e-4
-1.440, 4.700e-4
-1.441, 4.762e-4
-1.442, 4.827e-4
-1.443, 4.898e-4
-1.444, 4.960e-4
-1.445, 5.026e-4
-1.446, 5.093e-4
-1.447, 5.161e-4
-1.448, 5.225e-4
-1.449, 5.298e-4
-1.450, 5.365e-4
-1.451, 5.434e-4
-1.452, 5.502e-4
-1.453, 5.576e-4
-1.454, 5.651e-4
-1.455, 5.724e-4
-1.456, 5.798e-4
-1.457, 5.869e-4
-1.458, 5.948e-4
-1.459, 6.031e-4
-1.460, 6.119e-4
-1.461, 6.189e-4
-1.462, 6.271e-4
-1.463, 6.356e-4
-1.464, 6.440e-4
-1.465, 6.518e-4
-1.466, 6.606e-4
-1.467, 6.691e-4
-1.468, 6.781e-4
-1.469, 6.861e-4
-1.470, 6.944e-4
-1.471, 7.047e-4
-1.472, 7.146e-4
-1.473, 7.242e-4
-1.474, 7.337e-4
-1.475, 7.420e-4
-1.476, 7.518e-4
-1.477, 7.607e-4
-1.478, 7.715e-4
-1.479, 7.826e-4
-1.480, 7.920e-4
-1.481, 8.027e-4
-1.482, 8.130e-4
-1.483, 8.236e-4
-1.484, 8.350e-4
-1.485, 8.458e-4
-1.486, 8.569e-4
-1.487, 8.676e-4
-1.488, 8.780e-4
-1.489, 8.884e-4
-1.490, 9.022e-4
-1.491, 9.144e-4
-1.492, 9.263e-4
-1.493, 9.385e-4
-1.494, 9.502e-4
-1.495, 9.617e-4
-1.496, 9.736e-4
-1.497, 9.865e-4
-1.498, 9.998e-4
-1.499, 1.013e-3
-1.500, 1.004e-3
-1.499, 9.854e-4
-1.498, 9.669e-4
-1.497, 9.489e-4
-1.496, 9.310e-4
-1.495, 9.151e-4
-1.494, 8.995e-4
-1.493, 8.842e-4
-1.492, 8.681e-4
-1.491, 8.538e-4
-1.490, 8.386e-4
-1.489, 8.242e-4
-1.488, 8.104e-4
-1.487, 7.963e-4
-1.486, 7.815e-4
-1.485, 7.691e-4
-1.484, 7.562e-4
-1.483, 7.445e-4
-1.482, 7.323e-4
-1.481, 7.203e-4
-1.480, 7.086e-4
-1.479, 6.966e-4
-1.478, 6.851e-4
-1.477, 6.744e-4
-1.476, 6.639e-4
-1.475, 6.534e-4
-1.474, 6.424e-4
-1.473, 6.322e-4
-1.472, 6.222e-4
-1.471, 6.123e-4
-1.470, 6.015e-4
-1.469, 5.931e-4
-1.468, 5.836e-4
-1.467, 5.745e-4
-1.466, 5.666e-4
-1.465, 5.581e-4
-1.464, 5.497e-4
-1.463, 5.411e-4
-1.462, 5.325e-4
-1.461, 5.245e-4
-1.460, 5.166e-4
-1.459, 5.086e-4
-1.458, 5.011e-4
-1.457, 4.932e-4
-1.456, 4.858e-4
-1.455, 4.776e-4
-1.454, 4.718e-4
-1.453, 4.643e-4
-1.452, 4.572e-4
-1.451, 4.494e-4
-1.450, 4.434e-4
-1.449, 4.370e-4
-1.448, 4.306e-4
-1.447, 4.243e-4
-1.446, 4.178e-4
-1.445, 4.120e-4
-1.444, 4.058e-4
-1.443, 3.999e-4
-1.442, 3.943e-4
-1.441, 3.881e-4
-1.440, 3.825e-4
-1.439, 3.768e-4
-1.438, 3.709e-4
-1.437, 3.657e-4
-1.436, 3.604e-4
-1.435, 3.552e-4
-1.434, 3.500e-4
-1.433, 3.448e-4
-1.432, 3.398e-4
-1.431, 3.351e-4
-1.430, 3.300e-4
-1.429, 3.255e-4
-1.428, 3.205e-4
-1.427, 3.158e-4
-1.426, 3.115e-4
-1.425, 3.071e-4
-1.424, 3.028e-4
-1.423, 2.984e-4
-1.422, 2.941e-4
-1.421, 2.900e-4
-1.420, 2.858e-4
-1.419, 2.816e-4
-1.418, 2.778e-4
-1.417, 2.739e-4
-1.416, 2.701e-4
-1.415, 2.659e-4
-1.414, 2.622e-4
-1.413, 2.586e-4
-1.412, 2.550e-4
-1.411, 2.512e-4
-1.410, 2.478e-4
-1.409, 2.443e-4
-1.408, 2.407e-4
-1.407, 2.372e-4
-1.406, 2.337e-4
-1.405, 2.306e-4
-1.404, 2.273e-4
-1.403, 2.241e-4
-1.402, 2.208e-4
-1.401, 2.177e-4
-1.400, 2.147e-4
-1.399, 2.118e-4
-1.398, 2.086e-4
-1.397, 2.056e-4
-1.396, 2.025e-4
-1.395, 1.997e-4
-1.394, 1.972e-4
-1.393, 1.943e-4
-1.392, 1.915e-4
-1.391, 1.886e-4
-1.390, 1.859e-4
-1.389, 1.833e-4
-1.388, 1.805e-4
-1.387, 1.779e-4
-1.386, 1.753e-4
-1.385, 1.727e-4
-1.384, 1.704e-4
-1.383, 1.678e-4
-1.382, 1.655e-4
-1.381, 1.631e-4
-1.380, 1.605e-4
-1.379, 1.582e-4
-1.378, 1.560e-4
-1.377, 1.536e-4
-1.376, 1.513e-4
-1.375, 1.492e-4
-1.374, 1.469e-4
-1.373, 1.448e-4
-1.372, 1.426e-4
-1.371, 1.401e-4
-1.370, 1.383e-4
-1.369, 1.361e-4
-1.368, 1.342e-4
-1.367, 1.322e-4
-1.366, 1.300e-4
-1.365, 1.281e-4
-1.364, 1.262e-4
-1.363, 1.244e-4
-1.362, 1.225e-4
-1.361, 1.204e-4
-1.360, 1.186e-4
-1.359, 1.168e-4
-1.358, 1.148e-4
-1.357, 1.131e-4
-1.356, 1.112e-4
-1.355, 1.094e-4
-1.354, 1.076e-4
-1.353, 1.059e-4
-1.352, 1.044e-4
-1.351, 1.027e-4
-1.350, 1.009e-4
-1.349, 9.928e-5
-1.348, 9.769e-5
-1.347, 9.595e-5
-1.346, 9.437e-5
-1.345, 9.289e-5
-1.344, 9.129e-5
-1.343, 8.976e-5
-1.342, 8.831e-5
-1.341, 8.674e-5
-1.340, 8.516e-5
-1.339, 8.376e-5
-1.338, 8.219e-5
-1.337, 8.078e-5
-1.336, 7.930e-5
-1.335, 7.791e-5
-1.334, 7.647e-5
-1.333, 7.519e-5
-1.332, 7.381e-5
-1.331, 7.250e-5
-1.330, 7.121e-5
-1.329, 6.976e-5
-1.328, 6.851e-5
-1.327, 6.714e-5
-1.326, 6.585e-5
-1.325, 6.467e-5
-1.324, 6.337e-5
-1.323, 6.215e-5
-1.322, 6.102e-5
-1.321, 5.972e-5
-1.320, 5.856e-5
-1.319, 5.745e-5
-1.318, 5.611e-5
-1.317, 5.507e-5
-1.316, 5.383e-5
-1.315, 5.268e-5
-1.314, 5.180e-5
-1.313, 5.062e-5
-1.312, 4.957e-5
-1.311, 4.851e-5
-1.310, 4.745e-5
-1.309, 4.641e-5
-1.308, 4.540e-5
-1.307, 4.436e-5
-1.306, 4.335e-5
-1.305, 4.243e-5
-1.304, 4.158e-5
-1.303, 4.054e-5
-1.302, 3.956e-5
-1.301, 3.864e-5
-1.300, 3.778e-5
-1.299, 3.682e-5
-1.298, 3.597e-5
-1.297, 3.505e-5
-1.296, 3.421e-5
-1.295, 3.334e-5
-1.294, 3.252e-5
-1.293, 3.173e-5
-1.292, 3.089e-5
-1.291, 3.000e-5
-1.290, 2.926e-5
-1.289, 2.853e-5
-1.288, 2.769e-5
-1.287, 2.688e-5
-1.286, 2.605e-5
-1.285, 2.535e-5
-1.284, 2.466e-5
-1.283, 2.393e-5
-1.282, 2.317e-5
-1.281, 2.238e-5
-1.280, 2.162e-5
-1.279, 2.107e-5
-1.278, 2.029e-5
-1.277, 1.970e-5
-1.276, 1.894e-5
-1.275, 1.824e-5
-1.274, 1.768e-5
-1.273, 1.700e-5
-1.272, 1.643e-5
-1.271, 1.576e-5
-1.270, 1.509e-5
-1.269, 1.456e-5
-1.268, 1.398e-5
-1.267, 1.321e-5
-1.266, 1.272e-5
-1.265, 1.210e-5
-1.264, 1.159e-5
-1.263, 1.105e-5
-1.262, 1.040e-5
-1.261, 9.827e-6
-1.260, 9.336e-6
-1.259, 8.777e-6
-1.258, 8.301e-6
-1.257, 7.740e-6
-1.256, 7.200e-6
-1.255, 6.726e-6
-1.254, 6.127e-6
-1.253, 5.719e-6
-1.252, 5.223e-6
-1.251, 4.652e-6
-1.250, 4.187e-6
-1.249, 3.728e-6
-1.248, 3.310e-6
-1.247, 2.768e-6
-1.246, 2.239e-6
-1.245, 1.882e-6
-1.244, 1.436e-6
-1.243, 8.937e-7
-1.242, 4.822e-7
-1.241, -1.184e-9
-1.240, -3.721e-7
-1.239, -7.490e-7
-1.238, -1.300e-6
-1.237, -1.682e-6
-1.236, -2.141e-6
-1.235, -2.569e-6
-1.234, -2.968e-6
-1.233, -3.385e-6
-1.232, -3.698e-6
-1.231, -4.185e-6
-1.230, -4.637e-6
-1.229, -5.180e-6
-1.228, -5.358e-6
-1.227, -5.877e-6
-1.226, -6.170e-6
-1.225, -6.611e-6
-1.224, -6.956e-6
-1.223, -7.292e-6
-1.222, -7.792e-6
-1.221, -8.119e-6
-1.220, -8.521e-6
-1.219, -8.909e-6
-1.218, -9.188e-6
-1.217, -9.726e-6
-1.216, -1.001e-5
-1.215, -1.032e-5
-1.214, -1.078e-5
-1.213, -1.104e-5
-1.212, -1.144e-5
-1.211, -1.188e-5
-1.210, -1.224e-5
-1.209, -1.260e-5
-1.208, -1.291e-5
-1.207, -1.325e-5
-1.206, -1.375e-5
-1.205, -1.404e-5
-1.204, -1.436e-5
-1.203, -1.476e-5
-1.202, -1.513e-5
-1.201, -1.553e-5
-1.200, -1.583e-5
-1.199, -1.617e-5
-1.198, -1.657e-5
-1.197, -1.691e-5
-1.196, -1.727e-5
-1.195, -1.770e-5
-1.194, -1.798e-5
-1.193, -1.837e-5
-1.192, -1.870e-5
-1.191, -1.904e-5
-1.190, -1.952e-5
-1.189, -1.980e-5
-1.188, -2.012e-5
-1.187, -2.065e-5
-1.186, -2.091e-5
-1.185, -2.135e-5
-1.184, -2.164e-5
-1.183, -2.201e-5
-1.182, -2.248e-5
-1.181, -2.283e-5
-1.180, -2.320e-5
-1.179, -2.358e-5
-1.178, -2.404e-5
-1.177, -2.446e-5
-1.176, -2.472e-5
-1.175, -2.507e-5
-1.174, -2.554e-5
-1.173, -2.585e-5
-1.172, -2.624e-5
-1.171, -2.677e-5
-1.170, -2.702e-5
-1.169, -2.756e-5
-1.168, -2.791e-5
-1.167, -2.828e-5
-1.166, -2.884e-5
-1.165, -2.912e-5
-1.164, -2.951e-5
-1.163, -3.001e-5
-1.162, -3.037e-5
-1.161, -3.091e-5
-1.160, -3.123e-5
-1.159, -3.170e-5
-1.158, -3.218e-5
-1.157, -3.256e-5
-1.156, -3.304e-5
-1.155, -3.353e-5
-1.154, -3.382e-5
-1.153, -3.450e-5
-1.152, -3.486e-5
-1.151, -3.537e-5
-1.150, -3.591e-5
-1.149, -3.625e-5
-1.148, -3.668e-5
-1.147, -3.735e-5
-1.146, -3.779e-5
-1.145, -3.831e-5
-1.144, -3.871e-5
-1.143, -3.924e-5
-1.142, -3.982e-5
-1.141, -4.031e-5
-1.140, -4.083e-5
-1.139, -4.145e-5
-1.138, -4.185e-5
-1.137, -4.242e-5
-1.136, -4.299e-5
-1.135, -4.357e-5
-1.134, -4.410e-5
-1.133, -4.467e-5
-1.132, -4.525e-5
-1.131, -4.594e-5
-1.130, -4.642e-5
-1.129, -4.703e-5
-1.128, -4.753e-5
-1.127, -4.809e-5
-1.126, -4.893e-5
-1.125, -4.953e-5
-1.124, -5.006e-5
-1.123, -5.077e-5
-1.122, -5.133e-5
-1.121, -5.209e-5
-1.120, -5.261e-5
-1.119, -5.324e-5
-1.118, -5.407e-5
-1.117, -5.458e-5
-1.116, -5.541e-5
-1.115, -5.618e-5
-1.114, -5.671e-5
-1.113, -5.749e-5
-1.112, -5.813e-5
-1.111, -5.896e-5
-1.110, -5.978e-5
-1.109, -6.019e-5
-1.108, -6.095e-5
-1.107, -6.181e-5
-1.106, -6.260e-5
-1.105, -6.340e-5
-1.104, -6.406e-5
-1.103, -6.484e-5
-1.102, -6.556e-5
-1.101, -6.647e-5
-1.100, -6.713e-5
-1.099, -6.804e-5
-1.098, -6.862e-5
-1.097, -6.964e-5
-1.096, -7.031e-5
-1.095, -7.114e-5
-1.094, -7.196e-5
-1.093, -7.268e-5
-1.092, -7.355e-5
-1.091, -7.443e-5
-1.090, -7.516e-5
-1.089, -7.592e-5
-1.088, -7.671e-5
-1.087, -7.754e-5
-1.086, -7.831e-5
-1.085, -7.911e-5
-1.084, -7.994e-5
-1.083, -8.077e-5
-1.082, -8.156e-5
-1.081, -8.269e-5
-1.080, -8.346e-5
-1.079, -8.402e-5
-1.078, -8.491e-5
-1.077, -8.573e-5
-1.076, -8.663e-5
-1.075, -8.755e-5
-1.074, -8.835e-5
-1.073, -8.951e-5
-1.072, -9.020e-5
-1.071, -9.097e-5
-1.070, -9.182e-5
-1.069, -9.238e-5
-1.068, -9.339e-5
-1.067, -9.425e-5
-1.066, -9.511e-5
-1.065, -9.577e-5
-1.064, -9.673e-5
-1.063, -9.740e-5
-1.062, -9.818e-5
-1.061, -9.923e-5
-1.060, -1.002e-4
-1.059, -1.010e-4
-1.058, -1.016e-4
-1.057, -1.026e-4
-1.056, -1.034e-4
-1.055, -1.043e-4
-1.054, -1.049e-4
-1.053, -1.054e-4
-1.052, -1.062e-4
-1.051, -1.070e-4
-1.050, -1.079e-4
-1.049, -1.088e-4
-1.048, -1.095e-4
-1.047, -1.104e-4
-1.046, -1.112e-4
-1.045, -1.119e-4
-1.044, -1.126e-4
-1.043, -1.139e-4
-1.042, -1.144e-4
-1.041, -1.152e-4
-1.040, -1.160e-4
-1.039, -1.167e-4
-1.038, -1.174e-4
-1.037, -1.176e-4
-1.036, -1.184e-4
-1.035, -1.193e-4
-1.034, -1.199e-4
-1.033, -1.207e-4
-1.032, -1.214e-4
-1.031, -1.222e-4
-1.030, -1.229e-4
-1.029, -1.237e-4
-1.028, -1.243e-4
-1.027, -1.246e-4
-1.026, -1.253e-4
-1.025, -1.259e-4
-1.024, -1.264e-4
-1.023, -1.272e-4
-1.022, -1.279e-4
-1.021, -1.284e-4
-1.020, -1.290e-4
-1.019, -1.297e-4
-1.018, -1.302e-4
-1.017, -1.309e-4
-1.016, -1.316e-4
-1.015, -1.325e-4
-1.014, -1.327e-4
-1.013, -1.330e-4
-1.012, -1.337e-4
-1.011, -1.344e-4
-1.010, -1.350e-4
-1.009, -1.356e-4
-1.008, -1.358e-4
-1.007, -1.366e-4
-1.006, -1.374e-4
-1.005, -1.375e-4
-1.004, -1.383e-4
-1.003, -1.388e-4
-1.002, -1.396e-4
-1.001, -1.397e-4
