June 27, 2026   01:22:14
Linear Sweep Voltammetry
File: c:/users/guazh/data/20260623_doe_duplica2/2026-06-24-exp19\pre-regen-2026-06-27t01_19_09-lsvinphos\pre-regen_lsv_50mvs_efin_-1900mv.bin
Data Source:  Experiment
Instrument Model:  CHI760E
Header: LSV ran at 50 mVs with Efin at -1900mV
Note: 

Init E (V) = -0.6
Final E (V) = -1.9
Scan Rate (V/s) = 0.05
Sample Interval (V) = 0.001
Quiet Time (sec) = 2
Sensitivity (A/V) = 1e-4
Comp R (ohm) = 9.8

Results:

Channel 1:
Ep = -1.830V
ip = 6.922e-4A
Ah = 9.575e-4C

Potential/V, Current/A

-0.600, 1.557e-6
-0.601, 1.622e-6
-0.602, 1.652e-6
-0.603, 1.675e-6
-0.604, 1.697e-6
-0.605, 1.718e-6
-0.606, 1.737e-6
-0.607, 1.758e-6
-0.608, 1.776e-6
-0.609, 1.795e-6
-0.610, 1.814e-6
-0.611, 1.832e-6
-0.612, 1.852e-6
-0.613, 1.871e-6
-0.614, 1.890e-6
-0.615, 1.910e-6
-0.616, 1.927e-6
-0.617, 1.947e-6
-0.618, 1.965e-6
-0.619, 1.985e-6
-0.620, 2.003e-6
-0.621, 2.023e-6
-0.622, 2.043e-6
-0.623, 2.063e-6
-0.624, 2.082e-6
-0.625, 2.103e-6
-0.626, 2.121e-6
-0.627, 2.142e-6
-0.628, 2.161e-6
-0.629, 2.180e-6
-0.630, 2.200e-6
-0.631, 2.220e-6
-0.632, 2.239e-6
-0.633, 2.260e-6
-0.634, 2.280e-6
-0.635, 2.300e-6
-0.636, 2.321e-6
-0.637, 2.342e-6
-0.638, 2.364e-6
-0.639, 2.387e-6
-0.640, 2.409e-6
-0.641, 2.430e-6
-0.642, 2.452e-6
-0.643, 2.472e-6
-0.644, 2.495e-6
-0.645, 2.516e-6
-0.646, 2.541e-6
-0.647, 2.564e-6
-0.648, 2.586e-6
-0.649, 2.610e-6
-0.650, 2.633e-6
-0.651, 2.656e-6
-0.652, 2.680e-6
-0.653, 2.704e-6
-0.654, 2.728e-6
-0.655, 2.751e-6
-0.656, 2.776e-6
-0.657, 2.801e-6
-0.658, 2.825e-6
-0.659, 2.850e-6
-0.660, 2.875e-6
-0.661, 2.898e-6
-0.662, 2.926e-6
-0.663, 2.950e-6
-0.664, 2.976e-6
-0.665, 3.001e-6
-0.666, 3.028e-6
-0.667, 3.055e-6
-0.668, 3.081e-6
-0.669, 3.108e-6
-0.670, 3.134e-6
-0.671, 3.162e-6
-0.672, 3.189e-6
-0.673, 3.215e-6
-0.674, 3.242e-6
-0.675, 3.269e-6
-0.676, 3.296e-6
-0.677, 3.325e-6
-0.678, 3.354e-6
-0.679, 3.383e-6
-0.680, 3.412e-6
-0.681, 3.440e-6
-0.682, 3.469e-6
-0.683, 3.498e-6
-0.684, 3.527e-6
-0.685, 3.555e-6
-0.686, 3.585e-6
-0.687, 3.614e-6
-0.688, 3.644e-6
-0.689, 3.674e-6
-0.690, 3.704e-6
-0.691, 3.735e-6
-0.692, 3.766e-6
-0.693, 3.796e-6
-0.694, 3.828e-6
-0.695, 3.859e-6
-0.696, 3.889e-6
-0.697, 3.921e-6
-0.698, 3.950e-6
-0.699, 3.983e-6
-0.700, 4.014e-6
-0.701, 4.046e-6
-0.702, 4.077e-6
-0.703, 4.108e-6
-0.704, 4.141e-6
-0.705, 4.172e-6
-0.706, 4.203e-6
-0.707, 4.234e-6
-0.708, 4.267e-6
-0.709, 4.300e-6
-0.710, 4.332e-6
-0.711, 4.365e-6
-0.712, 4.398e-6
-0.713, 4.431e-6
-0.714, 4.465e-6
-0.715, 4.498e-6
-0.716, 4.533e-6
-0.717, 4.568e-6
-0.718, 4.602e-6
-0.719, 4.636e-6
-0.720, 4.669e-6
-0.721, 4.703e-6
-0.722, 4.737e-6
-0.723, 4.770e-6
-0.724, 4.805e-6
-0.725, 4.839e-6
-0.726, 4.872e-6
-0.727, 4.906e-6
-0.728, 4.941e-6
-0.729, 4.976e-6
-0.730, 5.011e-6
-0.731, 5.046e-6
-0.732, 5.082e-6
-0.733, 5.115e-6
-0.734, 5.151e-6
-0.735, 5.184e-6
-0.736, 5.220e-6
-0.737, 5.254e-6
-0.738, 5.290e-6
-0.739, 5.324e-6
-0.740, 5.359e-6
-0.741, 5.393e-6
-0.742, 5.428e-6
-0.743, 5.461e-6
-0.744, 5.498e-6
-0.745, 5.533e-6
-0.746, 5.567e-6
-0.747, 5.602e-6
-0.748, 5.636e-6
-0.749, 5.670e-6
-0.750, 5.704e-6
-0.751, 5.738e-6
-0.752, 5.774e-6
-0.753, 5.809e-6
-0.754, 5.842e-6
-0.755, 5.876e-6
-0.756, 5.908e-6
-0.757, 5.940e-6
-0.758, 5.973e-6
-0.759, 6.006e-6
-0.760, 6.040e-6
-0.761, 6.073e-6
-0.762, 6.107e-6
-0.763, 6.139e-6
-0.764, 6.172e-6
-0.765, 6.201e-6
-0.766, 6.232e-6
-0.767, 6.263e-6
-0.768, 6.297e-6
-0.769, 6.331e-6
-0.770, 6.360e-6
-0.771, 6.394e-6
-0.772, 6.424e-6
-0.773, 6.454e-6
-0.774, 6.486e-6
-0.775, 6.516e-6
-0.776, 6.546e-6
-0.777, 6.577e-6
-0.778, 6.606e-6
-0.779, 6.637e-6
-0.780, 6.665e-6
-0.781, 6.695e-6
-0.782, 6.723e-6
-0.783, 6.750e-6
-0.784, 6.780e-6
-0.785, 6.808e-6
-0.786, 6.835e-6
-0.787, 6.862e-6
-0.788, 6.888e-6
-0.789, 6.915e-6
-0.790, 6.941e-6
-0.791, 6.965e-6
-0.792, 6.992e-6
-0.793, 7.016e-6
-0.794, 7.041e-6
-0.795, 7.066e-6
-0.796, 7.091e-6
-0.797, 7.114e-6
-0.798, 7.138e-6
-0.799, 7.161e-6
-0.800, 7.183e-6
-0.801, 7.206e-6
-0.802, 7.227e-6
-0.803, 7.248e-6
-0.804, 7.268e-6
-0.805, 7.289e-6
-0.806, 7.310e-6
-0.807, 7.330e-6
-0.808, 7.349e-6
-0.809, 7.369e-6
-0.810, 7.386e-6
-0.811, 7.404e-6
-0.812, 7.422e-6
-0.813, 7.440e-6
-0.814, 7.457e-6
-0.815, 7.474e-6
-0.816, 7.491e-6
-0.817, 7.506e-6
-0.818, 7.521e-6
-0.819, 7.540e-6
-0.820, 7.556e-6
-0.821, 7.569e-6
-0.822, 7.583e-6
-0.823, 7.596e-6
-0.824, 7.610e-6
-0.825, 7.622e-6
-0.826, 7.633e-6
-0.827, 7.645e-6
-0.828, 7.657e-6
-0.829, 7.667e-6
-0.830, 7.677e-6
-0.831, 7.688e-6
-0.832, 7.698e-6
-0.833, 7.707e-6
-0.834, 7.716e-6
-0.835, 7.725e-6
-0.836, 7.734e-6
-0.837, 7.741e-6
-0.838, 7.748e-6
-0.839, 7.755e-6
-0.840, 7.762e-6
-0.841, 7.768e-6
-0.842, 7.772e-6
-0.843, 7.778e-6
-0.844, 7.783e-6
-0.845, 7.787e-6
-0.846, 7.792e-6
-0.847, 7.797e-6
-0.848, 7.800e-6
-0.849, 7.803e-6
-0.850, 7.806e-6
-0.851, 7.810e-6
-0.852, 7.811e-6
-0.853, 7.813e-6
-0.854, 7.815e-6
-0.855, 7.814e-6
-0.856, 7.817e-6
-0.857, 7.818e-6
-0.858, 7.816e-6
-0.859, 7.818e-6
-0.860, 7.818e-6
-0.861, 7.817e-6
-0.862, 7.815e-6
-0.863, 7.814e-6
-0.864, 7.814e-6
-0.865, 7.811e-6
-0.866, 7.809e-6
-0.867, 7.807e-6
-0.868, 7.805e-6
-0.869, 7.801e-6
-0.870, 7.799e-6
-0.871, 7.798e-6
-0.872, 7.794e-6
-0.873, 7.791e-6
-0.874, 7.787e-6
-0.875, 7.783e-6
-0.876, 7.779e-6
-0.877, 7.774e-6
-0.878, 7.770e-6
-0.879, 7.765e-6
-0.880, 7.760e-6
-0.881, 7.756e-6
-0.882, 7.749e-6
-0.883, 7.744e-6
-0.884, 7.740e-6
-0.885, 7.733e-6
-0.886, 7.728e-6
-0.887, 7.721e-6
-0.888, 7.715e-6
-0.889, 7.708e-6
-0.890, 7.702e-6
-0.891, 7.696e-6
-0.892, 7.688e-6
-0.893, 7.681e-6
-0.894, 7.676e-6
-0.895, 7.668e-6
-0.896, 7.661e-6
-0.897, 7.655e-6
-0.898, 7.648e-6
-0.899, 7.640e-6
-0.900, 7.632e-6
-0.901, 7.626e-6
-0.902, 7.619e-6
-0.903, 7.610e-6
-0.904, 7.603e-6
-0.905, 7.596e-6
-0.906, 7.588e-6
-0.907, 7.580e-6
-0.908, 7.572e-6
-0.909, 7.564e-6
-0.910, 7.557e-6
-0.911, 7.549e-6
-0.912, 7.542e-6
-0.913, 7.534e-6
-0.914, 7.526e-6
-0.915, 7.520e-6
-0.916, 7.512e-6
-0.917, 7.503e-6
-0.918, 7.497e-6
-0.919, 7.488e-6
-0.920, 7.480e-6
-0.921, 7.473e-6
-0.922, 7.464e-6
-0.923, 7.457e-6
-0.924, 7.448e-6
-0.925, 7.441e-6
-0.926, 7.434e-6
-0.927, 7.426e-6
-0.928, 7.419e-6
-0.929, 7.411e-6
-0.930, 7.402e-6
-0.931, 7.397e-6
-0.932, 7.388e-6
-0.933, 7.381e-6
-0.934, 7.374e-6
-0.935, 7.367e-6
-0.936, 7.360e-6
-0.937, 7.352e-6
-0.938, 7.346e-6
-0.939, 7.338e-6
-0.940, 7.331e-6
-0.941, 7.325e-6
-0.942, 7.317e-6
-0.943, 7.311e-6
-0.944, 7.303e-6
-0.945, 7.296e-6
-0.946, 7.289e-6
-0.947, 7.283e-6
-0.948, 7.277e-6
-0.949, 7.270e-6
-0.950, 7.264e-6
-0.951, 7.259e-6
-0.952, 7.252e-6
-0.953, 7.246e-6
-0.954, 7.240e-6
-0.955, 7.233e-6
-0.956, 7.228e-6
-0.957, 7.222e-6
-0.958, 7.216e-6
-0.959, 7.209e-6
-0.960, 7.205e-6
-0.961, 7.201e-6
-0.962, 7.193e-6
-0.963, 7.187e-6
-0.964, 7.183e-6
-0.965, 7.177e-6
-0.966, 7.172e-6
-0.967, 7.167e-6
-0.968, 7.162e-6
-0.969, 7.157e-6
-0.970, 7.151e-6
-0.971, 7.148e-6
-0.972, 7.143e-6
-0.973, 7.140e-6
-0.974, 7.135e-6
-0.975, 7.130e-6
-0.976, 7.127e-6
-0.977, 7.122e-6
-0.978, 7.118e-6
-0.979, 7.114e-6
-0.980, 7.110e-6
-0.981, 7.107e-6
-0.982, 7.103e-6
-0.983, 7.099e-6
-0.984, 7.095e-6
-0.985, 7.092e-6
-0.986, 7.090e-6
-0.987, 7.087e-6
-0.988, 7.084e-6
-0.989, 7.081e-6
-0.990, 7.078e-6
-0.991, 7.076e-6
-0.992, 7.073e-6
-0.993, 7.073e-6
-0.994, 7.070e-6
-0.995, 7.068e-6
-0.996, 7.067e-6
-0.997, 7.065e-6
-0.998, 7.065e-6
-0.999, 7.062e-6
-1.000, 7.061e-6
-1.001, 7.061e-6
-1.002, 7.060e-6
-1.003, 7.060e-6
-1.004, 7.060e-6
-1.005, 7.059e-6
-1.006, 7.059e-6
-1.007, 7.059e-6
-1.008, 7.060e-6
-1.009, 7.059e-6
-1.010, 7.060e-6
-1.011, 7.062e-6
-1.012, 7.063e-6
-1.013, 7.063e-6
-1.014, 7.066e-6
-1.015, 7.067e-6
-1.016, 7.069e-6
-1.017, 7.071e-6
-1.018, 7.073e-6
-1.019, 7.075e-6
-1.020, 7.078e-6
-1.021, 7.082e-6
-1.022, 7.084e-6
-1.023, 7.089e-6
-1.024, 7.094e-6
-1.025, 7.098e-6
-1.026, 7.102e-6
-1.027, 7.107e-6
-1.028, 7.111e-6
-1.029, 7.115e-6
-1.030, 7.120e-6
-1.031, 7.126e-6
-1.032, 7.131e-6
-1.033, 7.138e-6
-1.034, 7.144e-6
-1.035, 7.150e-6
-1.036, 7.158e-6
-1.037, 7.164e-6
-1.038, 7.173e-6
-1.039, 7.180e-6
-1.040, 7.187e-6
-1.041, 7.197e-6
-1.042, 7.203e-6
-1.043, 7.214e-6
-1.044, 7.222e-6
-1.045, 7.232e-6
-1.046, 7.242e-6
-1.047, 7.251e-6
-1.048, 7.262e-6
-1.049, 7.272e-6
-1.050, 7.284e-6
-1.051, 7.296e-6
-1.052, 7.307e-6
-1.053, 7.319e-6
-1.054, 7.333e-6
-1.055, 7.344e-6
-1.056, 7.358e-6
-1.057, 7.371e-6
-1.058, 7.384e-6
-1.059, 7.397e-6
-1.060, 7.412e-6
-1.061, 7.428e-6
-1.062, 7.443e-6
-1.063, 7.460e-6
-1.064, 7.476e-6
-1.065, 7.494e-6
-1.066, 7.510e-6
-1.067, 7.526e-6
-1.068, 7.544e-6
-1.069, 7.561e-6
-1.070, 7.580e-6
-1.071, 7.600e-6
-1.072, 7.618e-6
-1.073, 7.638e-6
-1.074, 7.657e-6
-1.075, 7.677e-6
-1.076, 7.701e-6
-1.077, 7.719e-6
-1.078, 7.743e-6
-1.079, 7.762e-6
-1.080, 7.785e-6
-1.081, 7.808e-6
-1.082, 7.830e-6
-1.083, 7.854e-6
-1.084, 7.878e-6
-1.085, 7.901e-6
-1.086, 7.926e-6
-1.087, 7.951e-6
-1.088, 7.977e-6
-1.089, 8.002e-6
-1.090, 8.027e-6
-1.091, 8.054e-6
-1.092, 8.080e-6
-1.093, 8.107e-6
-1.094, 8.134e-6
-1.095, 8.162e-6
-1.096, 8.192e-6
-1.097, 8.222e-6
-1.098, 8.252e-6
-1.099, 8.283e-6
-1.100, 8.312e-6
-1.101, 8.343e-6
-1.102, 8.373e-6
-1.103, 8.403e-6
-1.104, 8.432e-6
-1.105, 8.467e-6
-1.106, 8.499e-6
-1.107, 8.530e-6
-1.108, 8.564e-6
-1.109, 8.595e-6
-1.110, 8.627e-6
-1.111, 8.659e-6
-1.112, 8.693e-6
-1.113, 8.728e-6
-1.114, 8.763e-6
-1.115, 8.799e-6
-1.116, 8.834e-6
-1.117, 8.867e-6
-1.118, 8.902e-6
-1.119, 8.936e-6
-1.120, 8.975e-6
-1.121, 9.012e-6
-1.122, 9.049e-6
-1.123, 9.087e-6
-1.124, 9.121e-6
-1.125, 9.160e-6
-1.126, 9.199e-6
-1.127, 9.238e-6
-1.128, 9.277e-6
-1.129, 9.317e-6
-1.130, 9.355e-6
-1.131, 9.392e-6
-1.132, 9.430e-6
-1.133, 9.471e-6
-1.134, 9.512e-6
-1.135, 9.551e-6
-1.136, 9.593e-6
-1.137, 9.631e-6
-1.138, 9.671e-6
-1.139, 9.713e-6
-1.140, 9.755e-6
-1.141, 9.796e-6
-1.142, 9.839e-6
-1.143, 9.879e-6
-1.144, 9.919e-6
-1.145, 9.963e-6
-1.146, 1.001e-5
-1.147, 1.005e-5
-1.148, 1.009e-5
-1.149, 1.013e-5
-1.150, 1.017e-5
-1.151, 1.021e-5
-1.152, 1.025e-5
-1.153, 1.030e-5
-1.154, 1.034e-5
-1.155, 1.038e-5
-1.156, 1.043e-5
-1.157, 1.047e-5
-1.158, 1.051e-5
-1.159, 1.056e-5
-1.160, 1.060e-5
-1.161, 1.064e-5
-1.162, 1.069e-5
-1.163, 1.073e-5
-1.164, 1.078e-5
-1.165, 1.082e-5
-1.166, 1.087e-5
-1.167, 1.091e-5
-1.168, 1.096e-5
-1.169, 1.100e-5
-1.170, 1.105e-5
-1.171, 1.109e-5
-1.172, 1.114e-5
-1.173, 1.118e-5
-1.174, 1.123e-5
-1.175, 1.128e-5
-1.176, 1.132e-5
-1.177, 1.137e-5
-1.178, 1.142e-5
-1.179, 1.147e-5
-1.180, 1.152e-5
-1.181, 1.157e-5
-1.182, 1.161e-5
-1.183, 1.167e-5
-1.184, 1.172e-5
-1.185, 1.177e-5
-1.186, 1.182e-5
-1.187, 1.187e-5
-1.188, 1.192e-5
-1.189, 1.198e-5
-1.190, 1.203e-5
-1.191, 1.207e-5
-1.192, 1.212e-5
-1.193, 1.218e-5
-1.194, 1.223e-5
-1.195, 1.229e-5
-1.196, 1.235e-5
-1.197, 1.241e-5
-1.198, 1.247e-5
-1.199, 1.253e-5
-1.200, 1.260e-5
-1.201, 1.266e-5
-1.202, 1.272e-5
-1.203, 1.279e-5
-1.204, 1.286e-5
-1.205, 1.293e-5
-1.206, 1.300e-5
-1.207, 1.307e-5
-1.208, 1.313e-5
-1.209, 1.321e-5
-1.210, 1.328e-5
-1.211, 1.335e-5
-1.212, 1.343e-5
-1.213, 1.350e-5
-1.214, 1.358e-5
-1.215, 1.366e-5
-1.216, 1.373e-5
-1.217, 1.381e-5
-1.218, 1.389e-5
-1.219, 1.397e-5
-1.220, 1.406e-5
-1.221, 1.414e-5
-1.222, 1.422e-5
-1.223, 1.431e-5
-1.224, 1.440e-5
-1.225, 1.448e-5
-1.226, 1.457e-5
-1.227, 1.466e-5
-1.228, 1.476e-5
-1.229, 1.485e-5
-1.230, 1.495e-5
-1.231, 1.504e-5
-1.232, 1.514e-5
-1.233, 1.524e-5
-1.234, 1.534e-5
-1.235, 1.544e-5
-1.236, 1.554e-5
-1.237, 1.565e-5
-1.238, 1.576e-5
-1.239, 1.586e-5
-1.240, 1.597e-5
-1.241, 1.608e-5
-1.242, 1.620e-5
-1.243, 1.631e-5
-1.244, 1.643e-5
-1.245, 1.654e-5
-1.246, 1.666e-5
-1.247, 1.678e-5
-1.248, 1.690e-5
-1.249, 1.702e-5
-1.250, 1.715e-5
-1.251, 1.727e-5
-1.252, 1.740e-5
-1.253, 1.753e-5
-1.254, 1.766e-5
-1.255, 1.779e-5
-1.256, 1.792e-5
-1.257, 1.805e-5
-1.258, 1.819e-5
-1.259, 1.832e-5
-1.260, 1.846e-5
-1.261, 1.861e-5
-1.262, 1.875e-5
-1.263, 1.889e-5
-1.264, 1.904e-5
-1.265, 1.918e-5
-1.266, 1.933e-5
-1.267, 1.948e-5
-1.268, 1.963e-5
-1.269, 1.978e-5
-1.270, 1.994e-5
-1.271, 2.008e-5
-1.272, 2.024e-5
-1.273, 2.039e-5
-1.274, 2.055e-5
-1.275, 2.071e-5
-1.276, 2.087e-5
-1.277, 2.103e-5
-1.278, 2.119e-5
-1.279, 2.135e-5
-1.280, 2.151e-5
-1.281, 2.168e-5
-1.282, 2.184e-5
-1.283, 2.200e-5
-1.284, 2.216e-5
-1.285, 2.233e-5
-1.286, 2.249e-5
-1.287, 2.266e-5
-1.288, 2.283e-5
-1.289, 2.299e-5
-1.290, 2.316e-5
-1.291, 2.332e-5
-1.292, 2.349e-5
-1.293, 2.366e-5
-1.294, 2.383e-5
-1.295, 2.400e-5
-1.296, 2.417e-5
-1.297, 2.433e-5
-1.298, 2.450e-5
-1.299, 2.466e-5
-1.300, 2.483e-5
-1.301, 2.500e-5
-1.302, 2.516e-5
-1.303, 2.533e-5
-1.304, 2.549e-5
-1.305, 2.565e-5
-1.306, 2.582e-5
-1.307, 2.598e-5
-1.308, 2.614e-5
-1.309, 2.630e-5
-1.310, 2.646e-5
-1.311, 2.662e-5
-1.312, 2.678e-5
-1.313, 2.694e-5
-1.314, 2.709e-5
-1.315, 2.725e-5
-1.316, 2.741e-5
-1.317, 2.756e-5
-1.318, 2.772e-5
-1.319, 2.786e-5
-1.320, 2.801e-5
-1.321, 2.816e-5
-1.322, 2.831e-5
-1.323, 2.845e-5
-1.324, 2.860e-5
-1.325, 2.875e-5
-1.326, 2.889e-5
-1.327, 2.903e-5
-1.328, 2.917e-5
-1.329, 2.931e-5
-1.330, 2.945e-5
-1.331, 2.959e-5
-1.332, 2.973e-5
-1.333, 2.986e-5
-1.334, 2.999e-5
-1.335, 3.012e-5
-1.336, 3.025e-5
-1.337, 3.038e-5
-1.338, 3.051e-5
-1.339, 3.064e-5
-1.340, 3.077e-5
-1.341, 3.089e-5
-1.342, 3.102e-5
-1.343, 3.114e-5
-1.344, 3.126e-5
-1.345, 3.138e-5
-1.346, 3.150e-5
-1.347, 3.161e-5
-1.348, 3.173e-5
-1.349, 3.185e-5
-1.350, 3.197e-5
-1.351, 3.208e-5
-1.352, 3.220e-5
-1.353, 3.231e-5
-1.354, 3.242e-5
-1.355, 3.253e-5
-1.356, 3.264e-5
-1.357, 3.275e-5
-1.358, 3.286e-5
-1.359, 3.296e-5
-1.360, 3.307e-5
-1.361, 3.318e-5
-1.362, 3.328e-5
-1.363, 3.338e-5
-1.364, 3.349e-5
-1.365, 3.359e-5
-1.366, 3.369e-5
-1.367, 3.379e-5
-1.368, 3.389e-5
-1.369, 3.399e-5
-1.370, 3.409e-5
-1.371, 3.419e-5
-1.372, 3.429e-5
-1.373, 3.438e-5
-1.374, 3.448e-5
-1.375, 3.458e-5
-1.376, 3.467e-5
-1.377, 3.477e-5
-1.378, 3.487e-5
-1.379, 3.496e-5
-1.380, 3.506e-5
-1.381, 3.515e-5
-1.382, 3.525e-5
-1.383, 3.535e-5
-1.384, 3.545e-5
-1.385, 3.554e-5
-1.386, 3.564e-5
-1.387, 3.573e-5
-1.388, 3.582e-5
-1.389, 3.592e-5
-1.390, 3.602e-5
-1.391, 3.611e-5
-1.392, 3.621e-5
-1.393, 3.631e-5
-1.394, 3.640e-5
-1.395, 3.650e-5
-1.396, 3.660e-5
-1.397, 3.670e-5
-1.398, 3.680e-5
-1.399, 3.689e-5
-1.400, 3.700e-5
-1.401, 3.710e-5
-1.402, 3.720e-5
-1.403, 3.730e-5
-1.404, 3.740e-5
-1.405, 3.750e-5
-1.406, 3.761e-5
-1.407, 3.771e-5
-1.408, 3.782e-5
-1.409, 3.792e-5
-1.410, 3.803e-5
-1.411, 3.814e-5
-1.412, 3.825e-5
-1.413, 3.836e-5
-1.414, 3.847e-5
-1.415, 3.858e-5
-1.416, 3.870e-5
-1.417, 3.881e-5
-1.418, 3.892e-5
-1.419, 3.904e-5
-1.420, 3.916e-5
-1.421, 3.928e-5
-1.422, 3.940e-5
-1.423, 3.952e-5
-1.424, 3.964e-5
-1.425, 3.977e-5
-1.426, 3.990e-5
-1.427, 4.002e-5
-1.428, 4.015e-5
-1.429, 4.028e-5
-1.430, 4.041e-5
-1.431, 4.054e-5
-1.432, 4.067e-5
-1.433, 4.081e-5
-1.434, 4.095e-5
-1.435, 4.109e-5
-1.436, 4.122e-5
-1.437, 4.137e-5
-1.438, 4.151e-5
-1.439, 4.165e-5
-1.440, 4.179e-5
-1.441, 4.194e-5
-1.442, 4.209e-5
-1.443, 4.224e-5
-1.444, 4.239e-5
-1.445, 4.254e-5
-1.446, 4.270e-5
-1.447, 4.286e-5
-1.448, 4.301e-5
-1.449, 4.317e-5
-1.450, 4.333e-5
-1.451, 4.350e-5
-1.452, 4.365e-5
-1.453, 4.381e-5
-1.454, 4.398e-5
-1.455, 4.415e-5
-1.456, 4.432e-5
-1.457, 4.450e-5
-1.458, 4.467e-5
-1.459, 4.485e-5
-1.460, 4.503e-5
-1.461, 4.521e-5
-1.462, 4.539e-5
-1.463, 4.557e-5
-1.464, 4.576e-5
-1.465, 4.595e-5
-1.466, 4.613e-5
-1.467, 4.633e-5
-1.468, 4.652e-5
-1.469, 4.671e-5
-1.470, 4.691e-5
-1.471, 4.711e-5
-1.472, 4.731e-5
-1.473, 4.752e-5
-1.474, 4.772e-5
-1.475, 4.793e-5
-1.476, 4.814e-5
-1.477, 4.835e-5
-1.478, 4.857e-5
-1.479, 4.878e-5
-1.480, 4.900e-5
-1.481, 4.922e-5
-1.482, 4.944e-5
-1.483, 4.966e-5
-1.484, 4.988e-5
-1.485, 5.012e-5
-1.486, 5.035e-5
-1.487, 5.058e-5
-1.488, 5.082e-5
-1.489, 5.105e-5
-1.490, 5.129e-5
-1.491, 5.153e-5
-1.492, 5.177e-5
-1.493, 5.202e-5
-1.494, 5.226e-5
-1.495, 5.252e-5
-1.496, 5.277e-5
-1.497, 5.303e-5
-1.498, 5.328e-5
-1.499, 5.354e-5
-1.500, 5.380e-5
-1.501, 5.407e-5
-1.502, 5.434e-5
-1.503, 5.461e-5
-1.504, 5.488e-5
-1.505, 5.516e-5
-1.506, 5.543e-5
-1.507, 5.573e-5
-1.508, 5.601e-5
-1.509, 5.630e-5
-1.510, 5.659e-5
-1.511, 5.688e-5
-1.512, 5.718e-5
-1.513, 5.748e-5
-1.514, 5.778e-5
-1.515, 5.809e-5
-1.516, 5.840e-5
-1.517, 5.871e-5
-1.518, 5.903e-5
-1.519, 5.934e-5
-1.520, 5.966e-5
-1.521, 5.999e-5
-1.522, 6.032e-5
-1.523, 6.065e-5
-1.524, 6.099e-5
-1.525, 6.133e-5
-1.526, 6.167e-5
-1.527, 6.202e-5
-1.528, 6.237e-5
-1.529, 6.274e-5
-1.530, 6.310e-5
-1.531, 6.347e-5
-1.532, 6.384e-5
-1.533, 6.421e-5
-1.534, 6.459e-5
-1.535, 6.498e-5
-1.536, 6.537e-5
-1.537, 6.575e-5
-1.538, 6.615e-5
-1.539, 6.656e-5
-1.540, 6.696e-5
-1.541, 6.737e-5
-1.542, 6.780e-5
-1.543, 6.822e-5
-1.544, 6.865e-5
-1.545, 6.908e-5
-1.546, 6.952e-5
-1.547, 6.996e-5
-1.548, 7.040e-5
-1.549, 7.086e-5
-1.550, 7.133e-5
-1.551, 7.181e-5
-1.552, 7.228e-5
-1.553, 7.276e-5
-1.554, 7.325e-5
-1.555, 7.374e-5
-1.556, 7.424e-5
-1.557, 7.475e-5
-1.558, 7.526e-5
-1.559, 7.577e-5
-1.560, 7.631e-5
-1.561, 7.684e-5
-1.562, 7.738e-5
-1.563, 7.793e-5
-1.564, 7.849e-5
-1.565, 7.906e-5
-1.566, 7.964e-5
-1.567, 8.022e-5
-1.568, 8.081e-5
-1.569, 8.141e-5
-1.570, 8.201e-5
-1.571, 8.263e-5
-1.572, 8.325e-5
-1.573, 8.388e-5
-1.574, 8.452e-5
-1.575, 8.517e-5
-1.576, 8.583e-5
-1.577, 8.650e-5
-1.578, 8.718e-5
-1.579, 8.788e-5
-1.580, 8.858e-5
-1.581, 8.930e-5
-1.582, 9.002e-5
-1.583, 9.074e-5
-1.584, 9.147e-5
-1.585, 9.222e-5
-1.586, 9.298e-5
-1.587, 9.376e-5
-1.588, 9.455e-5
-1.589, 9.535e-5
-1.590, 9.616e-5
-1.591, 9.697e-5
-1.592, 9.780e-5
-1.593, 9.864e-5
-1.594, 9.950e-5
-1.595, 1.004e-4
-1.596, 1.012e-4
-1.597, 1.021e-4
-1.598, 1.030e-4
-1.599, 1.040e-4
-1.600, 1.049e-4
-1.601, 1.058e-4
-1.602, 1.068e-4
-1.603, 1.078e-4
-1.604, 1.087e-4
-1.605, 1.097e-4
-1.606, 1.107e-4
-1.607, 1.118e-4
-1.608, 1.128e-4
-1.609, 1.139e-4
-1.610, 1.149e-4
-1.611, 1.160e-4
-1.612, 1.171e-4
-1.613, 1.182e-4
-1.614, 1.194e-4
-1.615, 1.205e-4
-1.616, 1.217e-4
-1.617, 1.228e-4
-1.618, 1.240e-4
-1.619, 1.252e-4
-1.620, 1.265e-4
-1.621, 1.277e-4
-1.622, 1.290e-4
-1.623, 1.302e-4
-1.624, 1.315e-4
-1.625, 1.328e-4
-1.626, 1.342e-4
-1.627, 1.355e-4
-1.628, 1.369e-4
-1.629, 1.382e-4
-1.630, 1.396e-4
-1.631, 1.410e-4
-1.632, 1.425e-4
-1.633, 1.439e-4
-1.634, 1.454e-4
-1.635, 1.469e-4
-1.636, 1.484e-4
-1.637, 1.499e-4
-1.638, 1.515e-4
-1.639, 1.531e-4
-1.640, 1.547e-4
-1.641, 1.563e-4
-1.642, 1.579e-4
-1.643, 1.596e-4
-1.644, 1.612e-4
-1.645, 1.629e-4
-1.646, 1.646e-4
-1.647, 1.664e-4
-1.648, 1.681e-4
-1.649, 1.699e-4
-1.650, 1.717e-4
-1.651, 1.735e-4
-1.652, 1.753e-4
-1.653, 1.772e-4
-1.654, 1.791e-4
-1.655, 1.810e-4
-1.656, 1.829e-4
-1.657, 1.849e-4
-1.658, 1.868e-4
-1.659, 1.888e-4
-1.660, 1.909e-4
-1.661, 1.929e-4
-1.662, 1.950e-4
-1.663, 1.971e-4
-1.664, 1.992e-4
-1.665, 2.013e-4
-1.666, 2.035e-4
-1.667, 2.057e-4
-1.668, 2.079e-4
-1.669, 2.101e-4
-1.670, 2.124e-4
-1.671, 2.147e-4
-1.672, 2.171e-4
-1.673, 2.194e-4
-1.674, 2.218e-4
-1.675, 2.242e-4
-1.676, 2.266e-4
-1.677, 2.291e-4
-1.678, 2.315e-4
-1.679, 2.340e-4
-1.680, 2.366e-4
-1.681, 2.392e-4
-1.682, 2.417e-4
-1.683, 2.444e-4
-1.684, 2.470e-4
-1.685, 2.497e-4
-1.686, 2.524e-4
-1.687, 2.552e-4
-1.688, 2.579e-4
-1.689, 2.607e-4
-1.690, 2.635e-4
-1.691, 2.664e-4
-1.692, 2.693e-4
-1.693, 2.722e-4
-1.694, 2.752e-4
-1.695, 2.782e-4
-1.696, 2.812e-4
-1.697, 2.842e-4
-1.698, 2.873e-4
-1.699, 2.904e-4
-1.700, 2.936e-4
-1.701, 2.967e-4
-1.702, 2.999e-4
-1.703, 3.032e-4
-1.704, 3.064e-4
-1.705, 3.097e-4
-1.706, 3.131e-4
-1.707, 3.164e-4
-1.708, 3.198e-4
-1.709, 3.232e-4
-1.710, 3.267e-4
-1.711, 3.302e-4
-1.712, 3.337e-4
-1.713, 3.373e-4
-1.714, 3.410e-4
-1.715, 3.446e-4
-1.716, 3.483e-4
-1.717, 3.520e-4
-1.718, 3.557e-4
-1.719, 3.595e-4
-1.720, 3.633e-4
-1.721, 3.671e-4
-1.722, 3.710e-4
-1.723, 3.749e-4
-1.724, 3.789e-4
-1.725, 3.829e-4
-1.726, 3.869e-4
-1.727, 3.909e-4
-1.728, 3.950e-4
-1.729, 3.992e-4
-1.730, 4.033e-4
-1.731, 4.076e-4
-1.732, 4.118e-4
-1.733, 4.161e-4
-1.734, 4.204e-4
-1.735, 4.248e-4
-1.736, 4.292e-4
-1.737, 4.337e-4
-1.738, 4.381e-4
-1.739, 4.427e-4
-1.740, 4.472e-4
-1.741, 4.518e-4
-1.742, 4.564e-4
-1.743, 4.611e-4
-1.744, 4.658e-4
-1.745, 4.705e-4
-1.746, 4.753e-4
-1.747, 4.801e-4
-1.748, 4.850e-4
-1.749, 4.899e-4
-1.750, 4.948e-4
-1.751, 4.998e-4
-1.752, 5.048e-4
-1.753, 5.099e-4
-1.754, 5.150e-4
-1.755, 5.201e-4
-1.756, 5.253e-4
-1.757, 5.306e-4
-1.758, 5.358e-4
-1.759, 5.411e-4
-1.760, 5.465e-4
-1.761, 5.518e-4
-1.762, 5.572e-4
-1.763, 5.627e-4
-1.764, 5.682e-4
-1.765, 5.737e-4
-1.766, 5.793e-4
-1.767, 5.849e-4
-1.768, 5.906e-4
-1.769, 5.963e-4
-1.770, 6.021e-4
-1.771, 6.078e-4
-1.772, 6.136e-4
-1.773, 6.195e-4
-1.774, 6.254e-4
-1.775, 6.314e-4
-1.776, 6.373e-4
-1.777, 6.433e-4
-1.778, 6.494e-4
-1.779, 6.555e-4
-1.780, 6.616e-4
-1.781, 6.678e-4
-1.782, 6.741e-4
-1.783, 6.803e-4
-1.784, 6.866e-4
-1.785, 6.929e-4
-1.786, 6.993e-4
-1.787, 7.057e-4
-1.788, 7.121e-4
-1.789, 7.186e-4
-1.790, 7.251e-4
-1.791, 7.317e-4
-1.792, 7.383e-4
-1.793, 7.449e-4
-1.794, 7.516e-4
-1.795, 7.583e-4
-1.796, 7.651e-4
-1.797, 7.719e-4
-1.798, 7.787e-4
-1.799, 7.856e-4
-1.800, 7.925e-4
-1.801, 7.994e-4
-1.802, 8.063e-4
-1.803, 8.133e-4
-1.804, 8.204e-4
-1.805, 8.275e-4
-1.806, 8.346e-4
-1.807, 8.417e-4
-1.808, 8.489e-4
-1.809, 8.561e-4
-1.810, 8.634e-4
-1.811, 8.707e-4
-1.812, 8.781e-4
-1.813, 8.854e-4
-1.814, 8.928e-4
-1.815, 9.003e-4
-1.816, 9.078e-4
-1.817, 9.153e-4
-1.818, 9.229e-4
-1.819, 9.304e-4
-1.820, 9.381e-4
-1.821, 9.457e-4
-1.822, 9.534e-4
-1.823, 9.611e-4
-1.824, 9.689e-4
-1.825, 9.767e-4
-1.826, 9.846e-4
-1.827, 9.925e-4
-1.828, 1.000e-3
-1.829, 1.008e-3
-1.830, 1.011e-3
-1.831, 1.011e-3
-1.832, 1.011e-3
-1.833, 1.011e-3
-1.834, 1.011e-3
-1.835, 1.011e-3
-1.836, 1.011e-3
-1.837, 1.011e-3
-1.838, 1.011e-3
-1.839, 1.011e-3
-1.840, 1.011e-3
-1.841, 1.011e-3
-1.842, 1.011e-3
-1.843, 1.011e-3
-1.844, 1.011e-3
-1.845, 1.011e-3
-1.846, 1.011e-3
-1.847, 1.011e-3
-1.848, 1.011e-3
-1.849, 1.011e-3
-1.850, 1.011e-3
-1.851, 1.011e-3
-1.852, 1.011e-3
-1.853, 1.011e-3
-1.854, 1.011e-3
-1.855, 1.011e-3
-1.856, 1.011e-3
-1.857, 1.011e-3
-1.858, 1.011e-3
-1.859, 1.011e-3
-1.860, 1.011e-3
-1.861, 1.011e-3
-1.862, 1.011e-3
-1.863, 1.011e-3
-1.864, 1.011e-3
-1.865, 1.011e-3
-1.866, 1.011e-3
-1.867, 1.011e-3
-1.868, 1.011e-3
-1.869, 1.011e-3
-1.870, 1.011e-3
-1.871, 1.011e-3
-1.872, 1.011e-3
-1.873, 1.011e-3
-1.874, 1.011e-3
-1.875, 1.011e-3
-1.876, 1.011e-3
-1.877, 1.011e-3
-1.878, 1.011e-3
-1.879, 1.011e-3
-1.880, 1.011e-3
-1.881, 1.011e-3
-1.882, 1.011e-3
-1.883, 1.011e-3
-1.884, 1.011e-3
-1.885, 1.011e-3
-1.886, 1.011e-3
-1.887, 1.011e-3
-1.888, 1.011e-3
-1.889, 1.011e-3
-1.890, 1.011e-3
-1.891, 1.011e-3
-1.892, 1.011e-3
-1.893, 1.011e-3
-1.894, 1.011e-3
-1.895, 1.011e-3
-1.896, 1.011e-3
-1.897, 1.011e-3
-1.898, 1.011e-3
-1.899, 1.011e-3
