June 30, 2026   17:25:12
Cyclic Voltammetry
File: c:/users/guazh/data/20260623_doe_duplica2/2026-06-24-exp52\exp52-2026-06-30t17_20_17-h2koh\exp52_cv_50mvs_efin_-1400mv.bin
Data Source:  Experiment
Instrument Model:  CHI760E
Header: CV ran at 50 mVs
Note: 

Init E (V) = -1
High E (V) = -1
Low E (V) = -1.4
Final E (V) = -1
Init P/N = N
Scan Rate (V/s) = 0.05
Segment = 7
Sample Interval (V) = 0.001
Quiet Time (sec) = 60
Sensitivity (A/V) = 0.001
Comp R (ohm) = 1.9

Results:

Channel 1:
Segment 1:

Segment 2:

Segment 3:

Segment 4:

Segment 5:

Segment 6:

Segment 7:

Potential/V, Current/A

-1.000, 5.430e-6
-1.001, 9.628e-6
-1.002, 1.177e-5
-1.003, 1.326e-5
-1.004, 1.441e-5
-1.005, 1.534e-5
-1.006, 1.626e-5
-1.007, 1.702e-5
-1.008, 1.765e-5
-1.009, 1.831e-5
-1.010, 1.888e-5
-1.011, 1.934e-5
-1.012, 1.990e-5
-1.013, 2.039e-5
-1.014, 2.074e-5
-1.015, 2.119e-5
-1.016, 2.152e-5
-1.017, 2.187e-5
-1.018, 2.233e-5
-1.019, 2.259e-5
-1.020, 2.296e-5
-1.021, 2.325e-5
-1.022, 2.353e-5
-1.023, 2.385e-5
-1.024, 2.419e-5
-1.025, 2.435e-5
-1.026, 2.462e-5
-1.027, 2.485e-5
-1.028, 2.512e-5
-1.029, 2.537e-5
-1.030, 2.562e-5
-1.031, 2.580e-5
-1.032, 2.598e-5
-1.033, 2.623e-5
-1.034, 2.645e-5
-1.035, 2.656e-5
-1.036, 2.681e-5
-1.037, 2.694e-5
-1.038, 2.719e-5
-1.039, 2.738e-5
-1.040, 2.749e-5
-1.041, 2.765e-5
-1.042, 2.789e-5
-1.043, 2.795e-5
-1.044, 2.821e-5
-1.045, 2.831e-5
-1.046, 2.846e-5
-1.047, 2.869e-5
-1.048, 2.877e-5
-1.049, 2.896e-5
-1.050, 2.909e-5
-1.051, 2.919e-5
-1.052, 2.942e-5
-1.053, 2.951e-5
-1.054, 2.968e-5
-1.055, 2.981e-5
-1.056, 2.987e-5
-1.057, 3.010e-5
-1.058, 3.024e-5
-1.059, 3.037e-5
-1.060, 3.049e-5
-1.061, 3.062e-5
-1.062, 3.082e-5
-1.063, 3.094e-5
-1.064, 3.109e-5
-1.065, 3.121e-5
-1.066, 3.134e-5
-1.067, 3.148e-5
-1.068, 3.164e-5
-1.069, 3.180e-5
-1.070, 3.192e-5
-1.071, 3.204e-5
-1.072, 3.220e-5
-1.073, 3.232e-5
-1.074, 3.253e-5
-1.075, 3.269e-5
-1.076, 3.278e-5
-1.077, 3.299e-5
-1.078, 3.309e-5
-1.079, 3.330e-5
-1.080, 3.339e-5
-1.081, 3.355e-5
-1.082, 3.372e-5
-1.083, 3.389e-5
-1.084, 3.407e-5
-1.085, 3.422e-5
-1.086, 3.435e-5
-1.087, 3.463e-5
-1.088, 3.473e-5
-1.089, 3.491e-5
-1.090, 3.509e-5
-1.091, 3.523e-5
-1.092, 3.550e-5
-1.093, 3.563e-5
-1.094, 3.586e-5
-1.095, 3.602e-5
-1.096, 3.618e-5
-1.097, 3.642e-5
-1.098, 3.660e-5
-1.099, 3.683e-5
-1.100, 3.702e-5
-1.101, 3.719e-5
-1.102, 3.743e-5
-1.103, 3.767e-5
-1.104, 3.786e-5
-1.105, 3.807e-5
-1.106, 3.833e-5
-1.107, 3.854e-5
-1.108, 3.878e-5
-1.109, 3.900e-5
-1.110, 3.921e-5
-1.111, 3.946e-5
-1.112, 3.974e-5
-1.113, 3.990e-5
-1.114, 4.022e-5
-1.115, 4.045e-5
-1.116, 4.068e-5
-1.117, 4.101e-5
-1.118, 4.123e-5
-1.119, 4.148e-5
-1.120, 4.173e-5
-1.121, 4.200e-5
-1.122, 4.231e-5
-1.123, 4.255e-5
-1.124, 4.286e-5
-1.125, 4.313e-5
-1.126, 4.339e-5
-1.127, 4.374e-5
-1.128, 4.397e-5
-1.129, 4.429e-5
-1.130, 4.460e-5
-1.131, 4.487e-5
-1.132, 4.521e-5
-1.133, 4.552e-5
-1.134, 4.579e-5
-1.135, 4.609e-5
-1.136, 4.638e-5
-1.137, 4.671e-5
-1.138, 4.709e-5
-1.139, 4.738e-5
-1.140, 4.767e-5
-1.141, 4.796e-5
-1.142, 4.833e-5
-1.143, 4.871e-5
-1.144, 4.902e-5
-1.145, 4.934e-5
-1.146, 4.966e-5
-1.147, 5.001e-5
-1.148, 5.037e-5
-1.149, 5.071e-5
-1.150, 5.104e-5
-1.151, 5.138e-5
-1.152, 5.172e-5
-1.153, 5.214e-5
-1.154, 5.247e-5
-1.155, 5.273e-5
-1.156, 5.314e-5
-1.157, 5.350e-5
-1.158, 5.390e-5
-1.159, 5.424e-5
-1.160, 5.460e-5
-1.161, 5.493e-5
-1.162, 5.528e-5
-1.163, 5.569e-5
-1.164, 5.604e-5
-1.165, 5.645e-5
-1.166, 5.675e-5
-1.167, 5.719e-5
-1.168, 5.756e-5
-1.169, 5.802e-5
-1.170, 5.834e-5
-1.171, 5.867e-5
-1.172, 5.907e-5
-1.173, 5.946e-5
-1.174, 5.987e-5
-1.175, 6.022e-5
-1.176, 6.057e-5
-1.177, 6.107e-5
-1.178, 6.149e-5
-1.179, 6.184e-5
-1.180, 6.222e-5
-1.181, 6.258e-5
-1.182, 6.296e-5
-1.183, 6.338e-5
-1.184, 6.377e-5
-1.185, 6.416e-5
-1.186, 6.457e-5
-1.187, 6.497e-5
-1.188, 6.540e-5
-1.189, 6.578e-5
-1.190, 6.616e-5
-1.191, 6.662e-5
-1.192, 6.698e-5
-1.193, 6.746e-5
-1.194, 6.789e-5
-1.195, 6.827e-5
-1.196, 6.869e-5
-1.197, 6.910e-5
-1.198, 6.957e-5
-1.199, 7.002e-5
-1.200, 7.038e-5
-1.201, 7.084e-5
-1.202, 7.130e-5
-1.203, 7.176e-5
-1.204, 7.226e-5
-1.205, 7.265e-5
-1.206, 7.311e-5
-1.207, 7.365e-5
-1.208, 7.412e-5
-1.209, 7.458e-5
-1.210, 7.507e-5
-1.211, 7.554e-5
-1.212, 7.609e-5
-1.213, 7.664e-5
-1.214, 7.716e-5
-1.215, 7.773e-5
-1.216, 7.824e-5
-1.217, 7.883e-5
-1.218, 7.950e-5
-1.219, 8.015e-5
-1.220, 8.077e-5
-1.221, 8.142e-5
-1.222, 8.210e-5
-1.223, 8.286e-5
-1.224, 8.355e-5
-1.225, 8.437e-5
-1.226, 8.516e-5
-1.227, 8.607e-5
-1.228, 8.708e-5
-1.229, 8.818e-5
-1.230, 8.922e-5
-1.231, 9.041e-5
-1.232, 9.171e-5
-1.233, 9.321e-5
-1.234, 9.480e-5
-1.235, 9.647e-5
-1.236, 9.836e-5
-1.237, 1.004e-4
-1.238, 1.025e-4
-1.239, 1.048e-4
-1.240, 1.072e-4
-1.241, 1.098e-4
-1.242, 1.125e-4
-1.243, 1.152e-4
-1.244, 1.180e-4
-1.245, 1.209e-4
-1.246, 1.239e-4
-1.247, 1.270e-4
-1.248, 1.300e-4
-1.249, 1.331e-4
-1.250, 1.363e-4
-1.251, 1.395e-4
-1.252, 1.428e-4
-1.253, 1.461e-4
-1.254, 1.494e-4
-1.255, 1.528e-4
-1.256, 1.562e-4
-1.257, 1.597e-4
-1.258, 1.633e-4
-1.259, 1.669e-4
-1.260, 1.706e-4
-1.261, 1.743e-4
-1.262, 1.782e-4
-1.263, 1.820e-4
-1.264, 1.859e-4
-1.265, 1.900e-4
-1.266, 1.940e-4
-1.267, 1.982e-4
-1.268, 2.025e-4
-1.269, 2.067e-4
-1.270, 2.111e-4
-1.271, 2.155e-4
-1.272, 2.201e-4
-1.273, 2.248e-4
-1.274, 2.295e-4
-1.275, 2.343e-4
-1.276, 2.392e-4
-1.277, 2.442e-4
-1.278, 2.494e-4
-1.279, 2.545e-4
-1.280, 2.598e-4
-1.281, 2.650e-4
-1.282, 2.706e-4
-1.283, 2.764e-4
-1.284, 2.820e-4
-1.285, 2.877e-4
-1.286, 2.935e-4
-1.287, 2.996e-4
-1.288, 3.056e-4
-1.289, 3.117e-4
-1.290, 3.177e-4
-1.291, 3.238e-4
-1.292, 3.304e-4
-1.293, 3.367e-4
-1.294, 3.433e-4
-1.295, 3.501e-4
-1.296, 3.568e-4
-1.297, 3.637e-4
-1.298, 3.704e-4
-1.299, 3.779e-4
-1.300, 3.850e-4
-1.301, 3.920e-4
-1.302, 3.992e-4
-1.303, 4.072e-4
-1.304, 4.146e-4
-1.305, 4.220e-4
-1.306, 4.295e-4
-1.307, 4.376e-4
-1.308, 4.465e-4
-1.309, 4.547e-4
-1.310, 4.631e-4
-1.311, 4.717e-4
-1.312, 4.794e-4
-1.313, 4.887e-4
-1.314, 4.986e-4
-1.315, 5.079e-4
-1.316, 5.171e-4
-1.317, 5.262e-4
-1.318, 5.359e-4
-1.319, 5.457e-4
-1.320, 5.564e-4
-1.321, 5.671e-4
-1.322, 5.773e-4
-1.323, 5.882e-4
-1.324, 5.996e-4
-1.325, 6.108e-4
-1.326, 6.211e-4
-1.327, 6.326e-4
-1.328, 6.448e-4
-1.329, 6.575e-4
-1.330, 6.698e-4
-1.331, 6.821e-4
-1.332, 6.936e-4
-1.333, 7.069e-4
-1.334, 7.202e-4
-1.335, 7.342e-4
-1.336, 7.474e-4
-1.337, 7.614e-4
-1.338, 7.744e-4
-1.339, 7.898e-4
-1.340, 8.046e-4
-1.341, 8.197e-4
-1.342, 8.329e-4
-1.343, 8.489e-4
-1.344, 8.654e-4
-1.345, 8.823e-4
-1.346, 8.998e-4
-1.347, 9.184e-4
-1.348, 9.351e-4
-1.349, 9.525e-4
-1.350, 9.705e-4
-1.351, 9.901e-4
-1.352, 1.011e-3
-1.353, 1.033e-3
-1.354, 1.054e-3
-1.355, 1.075e-3
-1.356, 1.097e-3
-1.357, 1.121e-3
-1.358, 1.146e-3
-1.359, 1.172e-3
-1.360, 1.198e-3
-1.361, 1.226e-3
-1.362, 1.254e-3
-1.363, 1.283e-3
-1.364, 1.312e-3
-1.365, 1.341e-3
-1.366, 1.372e-3
-1.367, 1.404e-3
-1.368, 1.437e-3
-1.369, 1.469e-3
-1.370, 1.502e-3
-1.371, 1.536e-3
-1.372, 1.570e-3
-1.373, 1.605e-3
-1.374, 1.641e-3
-1.375, 1.677e-3
-1.376, 1.714e-3
-1.377, 1.751e-3
-1.378, 1.787e-3
-1.379, 1.824e-3
-1.380, 1.863e-3
-1.381, 1.900e-3
-1.382, 1.938e-3
-1.383, 1.976e-3
-1.384, 2.014e-3
-1.385, 2.054e-3
-1.386, 2.094e-3
-1.387, 2.134e-3
-1.388, 2.173e-3
-1.389, 2.214e-3
-1.390, 2.254e-3
-1.391, 2.294e-3
-1.392, 2.335e-3
-1.393, 2.378e-3
-1.394, 2.419e-3
-1.395, 2.459e-3
-1.396, 2.503e-3
-1.397, 2.545e-3
-1.398, 2.590e-3
-1.399, 2.631e-3
-1.400, 2.621e-3
-1.399, 2.554e-3
-1.398, 2.489e-3
-1.397, 2.422e-3
-1.396, 2.357e-3
-1.395, 2.291e-3
-1.394, 2.226e-3
-1.393, 2.161e-3
-1.392, 2.097e-3
-1.391, 2.038e-3
-1.390, 1.985e-3
-1.389, 1.923e-3
-1.388, 1.865e-3
-1.387, 1.806e-3
-1.386, 1.753e-3
-1.385, 1.698e-3
-1.384, 1.642e-3
-1.383, 1.590e-3
-1.382, 1.543e-3
-1.381, 1.495e-3
-1.380, 1.444e-3
-1.379, 1.398e-3
-1.378, 1.352e-3
-1.377, 1.309e-3
-1.376, 1.265e-3
-1.375, 1.228e-3
-1.374, 1.186e-3
-1.373, 1.149e-3
-1.372, 1.109e-3
-1.371, 1.075e-3
-1.370, 1.037e-3
-1.369, 1.001e-3
-1.368, 9.689e-4
-1.367, 9.389e-4
-1.366, 9.077e-4
-1.365, 8.778e-4
-1.364, 8.480e-4
-1.363, 8.204e-4
-1.362, 7.937e-4
-1.361, 7.670e-4
-1.360, 7.427e-4
-1.359, 7.164e-4
-1.358, 6.929e-4
-1.357, 6.710e-4
-1.356, 6.486e-4
-1.355, 6.268e-4
-1.354, 6.052e-4
-1.353, 5.864e-4
-1.352, 5.672e-4
-1.351, 5.490e-4
-1.350, 5.296e-4
-1.349, 5.131e-4
-1.348, 4.961e-4
-1.347, 4.797e-4
-1.346, 4.640e-4
-1.345, 4.493e-4
-1.344, 4.347e-4
-1.343, 4.206e-4
-1.342, 4.070e-4
-1.341, 3.941e-4
-1.340, 3.814e-4
-1.339, 3.690e-4
-1.338, 3.572e-4
-1.337, 3.458e-4
-1.336, 3.349e-4
-1.335, 3.242e-4
-1.334, 3.135e-4
-1.333, 3.038e-4
-1.332, 2.942e-4
-1.331, 2.850e-4
-1.330, 2.761e-4
-1.329, 2.672e-4
-1.328, 2.590e-4
-1.327, 2.509e-4
-1.326, 2.429e-4
-1.325, 2.353e-4
-1.324, 2.277e-4
-1.323, 2.205e-4
-1.322, 2.137e-4
-1.321, 2.069e-4
-1.320, 2.005e-4
-1.319, 1.940e-4
-1.318, 1.879e-4
-1.317, 1.822e-4
-1.316, 1.764e-4
-1.315, 1.706e-4
-1.314, 1.651e-4
-1.313, 1.596e-4
-1.312, 1.548e-4
-1.311, 1.498e-4
-1.310, 1.448e-4
-1.309, 1.401e-4
-1.308, 1.354e-4
-1.307, 1.310e-4
-1.306, 1.267e-4
-1.305, 1.223e-4
-1.304, 1.182e-4
-1.303, 1.143e-4
-1.302, 1.103e-4
-1.301, 1.067e-4
-1.300, 1.027e-4
-1.299, 9.885e-5
-1.298, 9.538e-5
-1.297, 9.176e-5
-1.296, 8.843e-5
-1.295, 8.515e-5
-1.294, 8.161e-5
-1.293, 7.834e-5
-1.292, 7.523e-5
-1.291, 7.217e-5
-1.290, 6.923e-5
-1.289, 6.602e-5
-1.288, 6.326e-5
-1.287, 6.032e-5
-1.286, 5.748e-5
-1.285, 5.483e-5
-1.284, 5.200e-5
-1.283, 4.922e-5
-1.282, 4.678e-5
-1.281, 4.414e-5
-1.280, 4.157e-5
-1.279, 3.902e-5
-1.278, 3.638e-5
-1.277, 3.397e-5
-1.276, 3.162e-5
-1.275, 2.913e-5
-1.274, 2.678e-5
-1.273, 2.438e-5
-1.272, 2.253e-5
-1.271, 2.023e-5
-1.270, 1.779e-5
-1.269, 1.560e-5
-1.268, 1.340e-5
-1.267, 1.112e-5
-1.266, 9.156e-6
-1.265, 6.902e-6
-1.264, 4.901e-6
-1.263, 2.816e-6
-1.262, 6.598e-7
-1.261, -1.158e-6
-1.260, -3.151e-6
-1.259, -5.440e-6
-1.258, -7.286e-6
-1.257, -9.187e-6
-1.256, -1.099e-5
-1.255, -1.289e-5
-1.254, -1.488e-5
-1.253, -1.659e-5
-1.252, -1.828e-5
-1.251, -2.024e-5
-1.250, -2.207e-5
-1.249, -2.414e-5
-1.248, -2.583e-5
-1.247, -2.751e-5
-1.246, -2.922e-5
-1.245, -3.089e-5
-1.244, -3.268e-5
-1.243, -3.446e-5
-1.242, -3.599e-5
-1.241, -3.767e-5
-1.240, -3.911e-5
-1.239, -4.088e-5
-1.238, -4.266e-5
-1.237, -4.403e-5
-1.236, -4.556e-5
-1.235, -4.721e-5
-1.234, -4.874e-5
-1.233, -5.037e-5
-1.232, -5.168e-5
-1.231, -5.316e-5
-1.230, -5.477e-5
-1.229, -5.667e-5
-1.228, -5.783e-5
-1.227, -5.917e-5
-1.226, -6.047e-5
-1.225, -6.207e-5
-1.224, -6.320e-5
-1.223, -6.448e-5
-1.222, -6.584e-5
-1.221, -6.698e-5
-1.220, -6.844e-5
-1.219, -6.979e-5
-1.218, -7.105e-5
-1.217, -7.238e-5
-1.216, -7.331e-5
-1.215, -7.454e-5
-1.214, -7.586e-5
-1.213, -7.690e-5
-1.212, -7.798e-5
-1.211, -7.925e-5
-1.210, -8.012e-5
-1.209, -8.155e-5
-1.208, -8.247e-5
-1.207, -8.356e-5
-1.206, -8.448e-5
-1.205, -8.531e-5
-1.204, -8.646e-5
-1.203, -8.752e-5
-1.202, -8.835e-5
-1.201, -8.915e-5
-1.200, -8.990e-5
-1.199, -9.088e-5
-1.198, -9.184e-5
-1.197, -9.241e-5
-1.196, -9.325e-5
-1.195, -9.424e-5
-1.194, -9.488e-5
-1.193, -9.566e-5
-1.192, -9.618e-5
-1.191, -9.694e-5
-1.190, -9.768e-5
-1.189, -9.838e-5
-1.188, -9.900e-5
-1.187, -9.970e-5
-1.186, -1.001e-4
-1.185, -1.008e-4
-1.184, -1.014e-4
-1.183, -1.018e-4
-1.182, -1.024e-4
-1.181, -1.027e-4
-1.180, -1.033e-4
-1.179, -1.039e-4
-1.178, -1.046e-4
-1.177, -1.051e-4
-1.176, -1.052e-4
-1.175, -1.059e-4
-1.174, -1.065e-4
-1.173, -1.068e-4
-1.172, -1.071e-4
-1.171, -1.077e-4
-1.170, -1.081e-4
-1.169, -1.086e-4
-1.168, -1.090e-4
-1.167, -1.094e-4
-1.166, -1.098e-4
-1.165, -1.101e-4
-1.164, -1.105e-4
-1.163, -1.110e-4
-1.162, -1.113e-4
-1.161, -1.117e-4
-1.160, -1.119e-4
-1.159, -1.125e-4
-1.158, -1.130e-4
-1.157, -1.132e-4
-1.156, -1.136e-4
-1.155, -1.140e-4
-1.154, -1.144e-4
-1.153, -1.148e-4
-1.152, -1.150e-4
-1.151, -1.154e-4
-1.150, -1.161e-4
-1.149, -1.165e-4
-1.148, -1.170e-4
-1.147, -1.174e-4
-1.146, -1.177e-4
-1.145, -1.182e-4
-1.144, -1.188e-4
-1.143, -1.190e-4
-1.142, -1.197e-4
-1.141, -1.200e-4
-1.140, -1.204e-4
-1.139, -1.212e-4
-1.138, -1.215e-4
-1.137, -1.221e-4
-1.136, -1.225e-4
-1.135, -1.230e-4
-1.134, -1.236e-4
-1.133, -1.240e-4
-1.132, -1.246e-4
-1.131, -1.252e-4
-1.130, -1.259e-4
-1.129, -1.266e-4
-1.128, -1.271e-4
-1.127, -1.276e-4
-1.126, -1.280e-4
-1.125, -1.287e-4
-1.124, -1.295e-4
-1.123, -1.301e-4
-1.122, -1.304e-4
-1.121, -1.313e-4
-1.120, -1.320e-4
-1.119, -1.325e-4
-1.118, -1.332e-4
-1.117, -1.337e-4
-1.116, -1.345e-4
-1.115, -1.353e-4
-1.114, -1.358e-4
-1.113, -1.368e-4
-1.112, -1.373e-4
-1.111, -1.379e-4
-1.110, -1.383e-4
-1.109, -1.388e-4
-1.108, -1.395e-4
-1.107, -1.401e-4
-1.106, -1.406e-4
-1.105, -1.415e-4
-1.104, -1.421e-4
-1.103, -1.426e-4
-1.102, -1.432e-4
-1.101, -1.436e-4
-1.100, -1.442e-4
-1.099, -1.450e-4
-1.098, -1.453e-4
-1.097, -1.460e-4
-1.096, -1.464e-4
-1.095, -1.469e-4
-1.094, -1.476e-4
-1.093, -1.479e-4
-1.092, -1.483e-4
-1.091, -1.488e-4
-1.090, -1.489e-4
-1.089, -1.495e-4
-1.088, -1.498e-4
-1.087, -1.499e-4
-1.086, -1.504e-4
-1.085, -1.506e-4
-1.084, -1.509e-4
-1.083, -1.511e-4
-1.082, -1.512e-4
-1.081, -1.514e-4
-1.080, -1.514e-4
-1.079, -1.515e-4
-1.078, -1.517e-4
-1.077, -1.515e-4
-1.076, -1.515e-4
-1.075, -1.514e-4
-1.074, -1.514e-4
-1.073, -1.514e-4
-1.072, -1.510e-4
-1.071, -1.509e-4
-1.070, -1.506e-4
-1.069, -1.504e-4
-1.068, -1.500e-4
-1.067, -1.496e-4
-1.066, -1.491e-4
-1.065, -1.487e-4
-1.064, -1.481e-4
-1.063, -1.477e-4
-1.062, -1.471e-4
-1.061, -1.464e-4
-1.060, -1.456e-4
-1.059, -1.451e-4
-1.058, -1.443e-4
-1.057, -1.435e-4
-1.056, -1.426e-4
-1.055, -1.417e-4
-1.054, -1.411e-4
-1.053, -1.400e-4
-1.052, -1.393e-4
-1.051, -1.384e-4
-1.050, -1.371e-4
-1.049, -1.364e-4
-1.048, -1.349e-4
-1.047, -1.338e-4
-1.046, -1.329e-4
-1.045, -1.318e-4
-1.044, -1.309e-4
-1.043, -1.297e-4
-1.042, -1.283e-4
-1.041, -1.274e-4
-1.040, -1.262e-4
-1.039, -1.250e-4
-1.038, -1.240e-4
-1.037, -1.227e-4
-1.036, -1.217e-4
-1.035, -1.204e-4
-1.034, -1.195e-4
-1.033, -1.187e-4
-1.032, -1.172e-4
-1.031, -1.163e-4
-1.030, -1.152e-4
-1.029, -1.141e-4
-1.028, -1.133e-4
-1.027, -1.123e-4
-1.026, -1.112e-4
-1.025, -1.104e-4
-1.024, -1.097e-4
-1.023, -1.088e-4
-1.022, -1.078e-4
-1.021, -1.070e-4
-1.020, -1.061e-4
-1.019, -1.056e-4
-1.018, -1.048e-4
-1.017, -1.040e-4
-1.016, -1.033e-4
-1.015, -1.026e-4
-1.014, -1.021e-4
-1.013, -1.014e-4
-1.012, -1.007e-4
-1.011, -1.003e-4
-1.010, -9.960e-5
-1.009, -9.927e-5
-1.008, -9.883e-5
-1.007, -9.818e-5
-1.006, -9.787e-5
-1.005, -9.735e-5
-1.004, -9.704e-5
-1.003, -9.674e-5
-1.002, -9.614e-5
-1.001, -9.598e-5
-1.000, -7.390e-5
-1.001, -6.179e-5
-1.002, -5.560e-5
-1.003, -5.081e-5
-1.004, -4.659e-5
-1.005, -4.304e-5
-1.006, -3.993e-5
-1.007, -3.703e-5
-1.008, -3.417e-5
-1.009, -3.177e-5
-1.010, -2.928e-5
-1.011, -2.736e-5
-1.012, -2.527e-5
-1.013, -2.325e-5
-1.014, -2.141e-5
-1.015, -1.966e-5
-1.016, -1.812e-5
-1.017, -1.666e-5
-1.018, -1.489e-5
-1.019, -1.358e-5
-1.020, -1.216e-5
-1.021, -1.098e-5
-1.022, -9.674e-6
-1.023, -8.311e-6
-1.024, -7.155e-6
-1.025, -6.043e-6
-1.026, -4.981e-6
-1.027, -4.119e-6
-1.028, -2.877e-6
-1.029, -1.952e-6
-1.030, -9.256e-7
-1.031, -1.697e-8
-1.032, 6.855e-7
-1.033, 1.701e-6
-1.034, 2.698e-6
-1.035, 3.380e-6
-1.036, 4.112e-6
-1.037, 4.945e-6
-1.038, 5.762e-6
-1.039, 6.623e-6
-1.040, 7.236e-6
-1.041, 7.770e-6
-1.042, 8.675e-6
-1.043, 9.277e-6
-1.044, 1.001e-5
-1.045, 1.065e-5
-1.046, 1.121e-5
-1.047, 1.184e-5
-1.048, 1.255e-5
-1.049, 1.313e-5
-1.050, 1.379e-5
-1.051, 1.421e-5
-1.052, 1.486e-5
-1.053, 1.549e-5
-1.054, 1.594e-5
-1.055, 1.661e-5
-1.056, 1.706e-5
-1.057, 1.743e-5
-1.058, 1.825e-5
-1.059, 1.858e-5
-1.060, 1.921e-5
-1.061, 1.951e-5
-1.062, 2.004e-5
-1.063, 2.069e-5
-1.064, 2.116e-5
-1.065, 2.146e-5
-1.066, 2.208e-5
-1.067, 2.236e-5
-1.068, 2.300e-5
-1.069, 2.347e-5
-1.070, 2.380e-5
-1.071, 2.432e-5
-1.072, 2.456e-5
-1.073, 2.520e-5
-1.074, 2.563e-5
-1.075, 2.611e-5
-1.076, 2.640e-5
-1.077, 2.681e-5
-1.078, 2.725e-5
-1.079, 2.782e-5
-1.080, 2.811e-5
-1.081, 2.839e-5
-1.082, 2.889e-5
-1.083, 2.932e-5
-1.084, 2.974e-5
-1.085, 3.021e-5
-1.086, 3.039e-5
-1.087, 3.091e-5
-1.088, 3.130e-5
-1.089, 3.176e-5
-1.090, 3.217e-5
-1.091, 3.240e-5
-1.092, 3.282e-5
-1.093, 3.331e-5
-1.094, 3.377e-5
-1.095, 3.419e-5
-1.096, 3.444e-5
-1.097, 3.474e-5
-1.098, 3.540e-5
-1.099, 3.577e-5
-1.100, 3.615e-5
-1.101, 3.650e-5
-1.102, 3.679e-5
-1.103, 3.745e-5
-1.104, 3.772e-5
-1.105, 3.826e-5
-1.106, 3.863e-5
-1.107, 3.892e-5
-1.108, 3.931e-5
-1.109, 3.998e-5
-1.110, 4.030e-5
-1.111, 4.074e-5
-1.112, 4.098e-5
-1.113, 4.155e-5
-1.114, 4.211e-5
-1.115, 4.250e-5
-1.116, 4.281e-5
-1.117, 4.333e-5
-1.118, 4.379e-5
-1.119, 4.437e-5
-1.120, 4.467e-5
-1.121, 4.519e-5
-1.122, 4.563e-5
-1.123, 4.604e-5
-1.124, 4.669e-5
-1.125, 4.707e-5
-1.126, 4.752e-5
-1.127, 4.809e-5
-1.128, 4.852e-5
-1.129, 4.900e-5
-1.130, 4.965e-5
-1.131, 5.004e-5
-1.132, 5.048e-5
-1.133, 5.110e-5
-1.134, 5.175e-5
-1.135, 5.223e-5
-1.136, 5.261e-5
-1.137, 5.311e-5
-1.138, 5.378e-5
-1.139, 5.429e-5
-1.140, 5.483e-5
-1.141, 5.535e-5
-1.142, 5.583e-5
-1.143, 5.661e-5
-1.144, 5.706e-5
-1.145, 5.768e-5
-1.146, 5.827e-5
-1.147, 5.867e-5
-1.148, 5.936e-5
-1.149, 6.011e-5
-1.150, 6.060e-5
-1.151, 6.118e-5
-1.152, 6.172e-5
-1.153, 6.237e-5
-1.154, 6.314e-5
-1.155, 6.365e-5
-1.156, 6.425e-5
-1.157, 6.482e-5
-1.158, 6.542e-5
-1.159, 6.631e-5
-1.160, 6.675e-5
-1.161, 6.738e-5
-1.162, 6.803e-5
-1.163, 6.857e-5
-1.164, 6.943e-5
-1.165, 7.004e-5
-1.166, 7.056e-5
-1.167, 7.131e-5
-1.168, 7.182e-5
-1.169, 7.267e-5
-1.170, 7.330e-5
-1.171, 7.384e-5
-1.172, 7.460e-5
-1.173, 7.519e-5
-1.174, 7.589e-5
-1.175, 7.660e-5
-1.176, 7.721e-5
-1.177, 7.795e-5
-1.178, 7.862e-5
-1.179, 7.942e-5
-1.180, 7.997e-5
-1.181, 8.054e-5
-1.182, 8.117e-5
-1.183, 8.198e-5
-1.184, 8.258e-5
-1.185, 8.327e-5
-1.186, 8.395e-5
-1.187, 8.455e-5
-1.188, 8.518e-5
-1.189, 8.605e-5
-1.190, 8.656e-5
-1.191, 8.712e-5
-1.192, 8.792e-5
-1.193, 8.857e-5
-1.194, 8.942e-5
-1.195, 8.990e-5
-1.196, 9.072e-5
-1.197, 9.124e-5
-1.198, 9.199e-5
-1.199, 9.293e-5
-1.200, 9.345e-5
-1.201, 9.394e-5
-1.202, 9.477e-5
-1.203, 9.555e-5
-1.204, 9.627e-5
-1.205, 9.701e-5
-1.206, 9.753e-5
-1.207, 9.849e-5
-1.208, 9.910e-5
-1.209, 1.001e-4
-1.210, 1.006e-4
-1.211, 1.015e-4
-1.212, 1.021e-4
-1.213, 1.030e-4
-1.214, 1.037e-4
-1.215, 1.047e-4
-1.216, 1.054e-4
-1.217, 1.063e-4
-1.218, 1.071e-4
-1.219, 1.080e-4
-1.220, 1.089e-4
-1.221, 1.097e-4
-1.222, 1.105e-4
-1.223, 1.117e-4
-1.224, 1.126e-4
-1.225, 1.136e-4
-1.226, 1.144e-4
-1.227, 1.153e-4
-1.228, 1.166e-4
-1.229, 1.176e-4
-1.230, 1.185e-4
-1.231, 1.198e-4
-1.232, 1.206e-4
-1.233, 1.216e-4
-1.234, 1.230e-4
-1.235, 1.240e-4
-1.236, 1.252e-4
-1.237, 1.263e-4
-1.238, 1.275e-4
-1.239, 1.290e-4
-1.240, 1.301e-4
-1.241, 1.312e-4
-1.242, 1.325e-4
-1.243, 1.339e-4
-1.244, 1.352e-4
-1.245, 1.366e-4
-1.246, 1.379e-4
-1.247, 1.393e-4
-1.248, 1.407e-4
-1.249, 1.421e-4
-1.250, 1.438e-4
-1.251, 1.452e-4
-1.252, 1.467e-4
-1.253, 1.483e-4
-1.254, 1.499e-4
-1.255, 1.516e-4
-1.256, 1.530e-4
-1.257, 1.546e-4
-1.258, 1.565e-4
-1.259, 1.581e-4
-1.260, 1.599e-4
-1.261, 1.616e-4
-1.262, 1.633e-4
-1.263, 1.653e-4
-1.264, 1.670e-4
-1.265, 1.689e-4
-1.266, 1.710e-4
-1.267, 1.727e-4
-1.268, 1.748e-4
-1.269, 1.768e-4
-1.270, 1.788e-4
-1.271, 1.810e-4
-1.272, 1.829e-4
-1.273, 1.851e-4
-1.274, 1.875e-4
-1.275, 1.895e-4
-1.276, 1.918e-4
-1.277, 1.940e-4
-1.278, 1.964e-4
-1.279, 1.990e-4
-1.280, 2.014e-4
-1.281, 2.038e-4
-1.282, 2.062e-4
-1.283, 2.087e-4
-1.284, 2.115e-4
-1.285, 2.141e-4
-1.286, 2.167e-4
-1.287, 2.195e-4
-1.288, 2.223e-4
-1.289, 2.251e-4
-1.290, 2.282e-4
-1.291, 2.312e-4
-1.292, 2.341e-4
-1.293, 2.374e-4
-1.294, 2.404e-4
-1.295, 2.434e-4
-1.296, 2.467e-4
-1.297, 2.499e-4
-1.298, 2.535e-4
-1.299, 2.569e-4
-1.300, 2.603e-4
-1.301, 2.639e-4
-1.302, 2.674e-4
-1.303, 2.712e-4
-1.304, 2.749e-4
-1.305, 2.787e-4
-1.306, 2.826e-4
-1.307, 2.863e-4
-1.308, 2.905e-4
-1.309, 2.944e-4
-1.310, 2.986e-4
-1.311, 3.029e-4
-1.312, 3.070e-4
-1.313, 3.114e-4
-1.314, 3.160e-4
-1.315, 3.205e-4
-1.316, 3.252e-4
-1.317, 3.295e-4
-1.318, 3.341e-4
-1.319, 3.398e-4
-1.320, 3.453e-4
-1.321, 3.502e-4
-1.322, 3.552e-4
-1.323, 3.607e-4
-1.324, 3.661e-4
-1.325, 3.717e-4
-1.326, 3.776e-4
-1.327, 3.834e-4
-1.328, 3.895e-4
-1.329, 3.947e-4
-1.330, 4.008e-4
-1.331, 4.080e-4
-1.332, 4.152e-4
-1.333, 4.218e-4
-1.334, 4.290e-4
-1.335, 4.362e-4
-1.336, 4.437e-4
-1.337, 4.512e-4
-1.338, 4.593e-4
-1.339, 4.674e-4
-1.340, 4.761e-4
-1.341, 4.849e-4
-1.342, 4.937e-4
-1.343, 5.030e-4
-1.344, 5.130e-4
-1.345, 5.227e-4
-1.346, 5.330e-4
-1.347, 5.436e-4
-1.348, 5.550e-4
-1.349, 5.663e-4
-1.350, 5.783e-4
-1.351, 5.906e-4
-1.352, 6.032e-4
-1.353, 6.162e-4
-1.354, 6.302e-4
-1.355, 6.444e-4
-1.356, 6.592e-4
-1.357, 6.742e-4
-1.358, 6.900e-4
-1.359, 7.063e-4
-1.360, 7.232e-4
-1.361, 7.406e-4
-1.362, 7.588e-4
-1.363, 7.770e-4
-1.364, 7.960e-4
-1.365, 8.153e-4
-1.366, 8.356e-4
-1.367, 8.565e-4
-1.368, 8.777e-4
-1.369, 8.997e-4
-1.370, 9.222e-4
-1.371, 9.446e-4
-1.372, 9.687e-4
-1.373, 9.922e-4
-1.374, 1.017e-3
-1.375, 1.043e-3
-1.376, 1.068e-3
-1.377, 1.094e-3
-1.378, 1.121e-3
-1.379, 1.148e-3
-1.380, 1.177e-3
-1.381, 1.205e-3
-1.382, 1.233e-3
-1.383, 1.261e-3
-1.384, 1.292e-3
-1.385, 1.323e-3
-1.386, 1.355e-3
-1.387, 1.387e-3
-1.388, 1.420e-3
-1.389, 1.453e-3
-1.390, 1.491e-3
-1.391, 1.525e-3
-1.392, 1.558e-3
-1.393, 1.590e-3
-1.394, 1.626e-3
-1.395, 1.667e-3
-1.396, 1.709e-3
-1.397, 1.747e-3
-1.398, 1.785e-3
-1.399, 1.824e-3
-1.400, 1.810e-3
-1.399, 1.765e-3
-1.398, 1.724e-3
-1.397, 1.690e-3
-1.396, 1.649e-3
-1.395, 1.604e-3
-1.394, 1.566e-3
-1.393, 1.532e-3
-1.392, 1.491e-3
-1.391, 1.450e-3
-1.390, 1.411e-3
-1.389, 1.376e-3
-1.388, 1.341e-3
-1.387, 1.305e-3
-1.386, 1.272e-3
-1.385, 1.239e-3
-1.384, 1.207e-3
-1.383, 1.175e-3
-1.382, 1.144e-3
-1.381, 1.114e-3
-1.380, 1.085e-3
-1.379, 1.057e-3
-1.378, 1.029e-3
-1.377, 1.002e-3
-1.376, 9.758e-4
-1.375, 9.500e-4
-1.374, 9.247e-4
-1.373, 9.012e-4
-1.372, 8.777e-4
-1.371, 8.545e-4
-1.370, 8.321e-4
-1.369, 8.102e-4
-1.368, 7.894e-4
-1.367, 7.687e-4
-1.366, 7.487e-4
-1.365, 7.295e-4
-1.364, 7.100e-4
-1.363, 6.917e-4
-1.362, 6.774e-4
-1.361, 6.581e-4
-1.360, 6.414e-4
-1.359, 6.248e-4
-1.358, 6.082e-4
-1.357, 5.930e-4
-1.356, 5.778e-4
-1.355, 5.629e-4
-1.354, 5.482e-4
-1.353, 5.337e-4
-1.352, 5.220e-4
-1.351, 5.096e-4
-1.350, 4.968e-4
-1.349, 4.837e-4
-1.348, 4.706e-4
-1.347, 4.598e-4
-1.346, 4.488e-4
-1.345, 4.375e-4
-1.344, 4.264e-4
-1.343, 4.159e-4
-1.342, 4.060e-4
-1.341, 3.955e-4
-1.340, 3.861e-4
-1.339, 3.765e-4
-1.338, 3.664e-4
-1.337, 3.582e-4
-1.336, 3.499e-4
-1.335, 3.407e-4
-1.334, 3.322e-4
-1.333, 3.239e-4
-1.332, 3.161e-4
-1.331, 3.089e-4
-1.330, 3.013e-4
-1.329, 2.934e-4
-1.328, 2.864e-4
-1.327, 2.790e-4
-1.326, 2.724e-4
-1.325, 2.655e-4
-1.324, 2.591e-4
-1.323, 2.524e-4
-1.322, 2.462e-4
-1.321, 2.393e-4
-1.320, 2.332e-4
-1.319, 2.282e-4
-1.318, 2.221e-4
-1.317, 2.165e-4
-1.316, 2.110e-4
-1.315, 2.056e-4
-1.314, 2.005e-4
-1.313, 1.947e-4
-1.312, 1.899e-4
-1.311, 1.849e-4
-1.310, 1.799e-4
-1.309, 1.753e-4
-1.308, 1.703e-4
-1.307, 1.656e-4
-1.306, 1.612e-4
-1.305, 1.565e-4
-1.304, 1.523e-4
-1.303, 1.477e-4
-1.302, 1.434e-4
-1.301, 1.394e-4
-1.300, 1.353e-4
-1.299, 1.313e-4
-1.298, 1.272e-4
-1.297, 1.232e-4
-1.296, 1.197e-4
-1.295, 1.158e-4
-1.294, 1.122e-4
-1.293, 1.082e-4
-1.292, 1.045e-4
-1.291, 1.012e-4
-1.290, 9.780e-5
-1.289, 9.422e-5
-1.288, 9.079e-5
-1.287, 8.732e-5
-1.286, 8.402e-5
-1.285, 8.086e-5
-1.284, 7.752e-5
-1.283, 7.421e-5
-1.282, 7.120e-5
-1.281, 6.802e-5
-1.280, 6.476e-5
-1.279, 6.198e-5
-1.278, 5.873e-5
-1.277, 5.598e-5
-1.276, 5.310e-5
-1.275, 5.025e-5
-1.274, 4.748e-5
-1.273, 4.444e-5
-1.272, 4.167e-5
-1.271, 3.915e-5
-1.270, 3.634e-5
-1.269, 3.386e-5
-1.268, 3.092e-5
-1.267, 2.829e-5
-1.266, 2.588e-5
-1.265, 2.331e-5
-1.264, 2.104e-5
-1.263, 1.840e-5
-1.262, 1.573e-5
-1.261, 1.360e-5
-1.260, 1.098e-5
-1.259, 8.337e-6
-1.258, 6.033e-6
-1.257, 3.443e-6
-1.256, 1.476e-6
-1.255, -9.957e-7
-1.254, -3.350e-6
-1.253, -5.533e-6
-1.252, -8.079e-6
-1.251, -1.026e-5
-1.250, -1.245e-5
-1.249, -1.469e-5
-1.248, -1.692e-5
-1.247, -1.905e-5
-1.246, -2.112e-5
-1.245, -2.297e-5
-1.244, -2.519e-5
-1.243, -2.747e-5
-1.242, -2.947e-5
-1.241, -3.155e-5
-1.240, -3.334e-5
-1.239, -3.519e-5
-1.238, -3.741e-5
-1.237, -3.926e-5
-1.236, -4.116e-5
-1.235, -4.314e-5
-1.234, -4.486e-5
-1.233, -4.690e-5
-1.232, -4.849e-5
-1.231, -5.010e-5
-1.230, -5.208e-5
-1.229, -5.420e-5
-1.228, -5.585e-5
-1.227, -5.805e-5
-1.226, -5.935e-5
-1.225, -6.117e-5
-1.224, -6.244e-5
-1.223, -6.450e-5
-1.222, -6.605e-5
-1.221, -6.737e-5
-1.220, -6.900e-5
-1.219, -7.075e-5
-1.218, -7.235e-5
-1.217, -7.421e-5
-1.216, -7.515e-5
-1.215, -7.668e-5
-1.214, -7.836e-5
-1.213, -7.966e-5
-1.212, -8.092e-5
-1.211, -8.233e-5
-1.210, -8.341e-5
-1.209, -8.482e-5
-1.208, -8.569e-5
-1.207, -8.680e-5
-1.206, -8.790e-5
-1.205, -8.863e-5
-1.204, -8.985e-5
-1.203, -9.091e-5
-1.202, -9.184e-5
-1.201, -9.256e-5
-1.200, -9.305e-5
-1.199, -9.406e-5
-1.198, -9.529e-5
-1.197, -9.562e-5
-1.196, -9.632e-5
-1.195, -9.695e-5
-1.194, -9.764e-5
-1.193, -9.844e-5
-1.192, -9.878e-5
-1.191, -9.935e-5
-1.190, -9.985e-5
-1.189, -1.004e-4
-1.188, -1.011e-4
-1.187, -1.015e-4
-1.186, -1.018e-4
-1.185, -1.023e-4
-1.184, -1.024e-4
-1.183, -1.031e-4
-1.182, -1.036e-4
-1.181, -1.038e-4
-1.180, -1.041e-4
-1.179, -1.045e-4
-1.178, -1.050e-4
-1.177, -1.053e-4
-1.176, -1.053e-4
-1.175, -1.055e-4
-1.174, -1.059e-4
-1.173, -1.060e-4
-1.172, -1.066e-4
-1.171, -1.066e-4
-1.170, -1.066e-4
-1.169, -1.067e-4
-1.168, -1.070e-4
-1.167, -1.070e-4
-1.166, -1.067e-4
-1.165, -1.071e-4
-1.164, -1.070e-4
-1.163, -1.074e-4
-1.162, -1.076e-4
-1.161, -1.071e-4
-1.160, -1.073e-4
-1.159, -1.070e-4
-1.158, -1.070e-4
-1.157, -1.068e-4
-1.156, -1.064e-4
-1.155, -1.062e-4
-1.154, -1.060e-4
-1.153, -1.060e-4
-1.152, -1.058e-4
-1.151, -1.054e-4
-1.150, -1.054e-4
-1.149, -1.049e-4
-1.148, -1.048e-4
-1.147, -1.047e-4
-1.146, -1.042e-4
-1.145, -1.040e-4
-1.144, -1.036e-4
-1.143, -1.034e-4
-1.142, -1.034e-4
-1.141, -1.028e-4
-1.140, -1.027e-4
-1.139, -1.026e-4
-1.138, -1.023e-4
-1.137, -1.022e-4
-1.136, -1.016e-4
-1.135, -1.014e-4
-1.134, -1.013e-4
-1.133, -1.010e-4
-1.132, -1.010e-4
-1.131, -1.007e-4
-1.130, -1.003e-4
-1.129, -1.002e-4
-1.128, -9.997e-5
-1.127, -9.982e-5
-1.126, -9.962e-5
-1.125, -9.934e-5
-1.124, -9.913e-5
-1.123, -9.915e-5
-1.122, -9.899e-5
-1.121, -9.871e-5
-1.120, -9.848e-5
-1.119, -9.837e-5
-1.118, -9.846e-5
-1.117, -9.815e-5
-1.116, -9.792e-5
-1.115, -9.803e-5
-1.114, -9.766e-5
-1.113, -9.783e-5
-1.112, -9.765e-5
-1.111, -9.735e-5
-1.110, -9.740e-5
-1.109, -9.715e-5
-1.108, -9.724e-5
-1.107, -9.748e-5
-1.106, -9.719e-5
-1.105, -9.719e-5
-1.104, -9.707e-5
-1.103, -9.710e-5
-1.102, -9.729e-5
-1.101, -9.700e-5
-1.100, -9.695e-5
-1.099, -9.705e-5
-1.098, -9.693e-5
-1.097, -9.704e-5
-1.096, -9.688e-5
-1.095, -9.668e-5
-1.094, -9.692e-5
-1.093, -9.674e-5
-1.092, -9.680e-5
-1.091, -9.660e-5
-1.090, -9.643e-5
-1.089, -9.650e-5
-1.088, -9.634e-5
-1.087, -9.626e-5
-1.086, -9.624e-5
-1.085, -9.583e-5
-1.084, -9.580e-5
-1.083, -9.592e-5
-1.082, -9.566e-5
-1.081, -9.553e-5
-1.080, -9.525e-5
-1.079, -9.513e-5
-1.078, -9.508e-5
-1.077, -9.487e-5
-1.076, -9.470e-5
-1.075, -9.451e-5
-1.074, -9.427e-5
-1.073, -9.417e-5
-1.072, -9.385e-5
-1.071, -9.345e-5
-1.070, -9.334e-5
-1.069, -9.289e-5
-1.068, -9.283e-5
-1.067, -9.267e-5
-1.066, -9.211e-5
-1.065, -9.185e-5
-1.064, -9.158e-5
-1.063, -9.141e-5
-1.062, -9.129e-5
-1.061, -9.059e-5
-1.060, -9.018e-5
-1.059, -8.979e-5
-1.058, -8.963e-5
-1.057, -8.951e-5
-1.056, -8.895e-5
-1.055, -8.851e-5
-1.054, -8.828e-5
-1.053, -8.775e-5
-1.052, -8.756e-5
-1.051, -8.722e-5
-1.050, -8.677e-5
-1.049, -8.658e-5
-1.048, -8.604e-5
-1.047, -8.573e-5
-1.046, -8.553e-5
-1.045, -8.496e-5
-1.044, -8.471e-5
-1.043, -8.453e-5
-1.042, -8.412e-5
-1.041, -8.386e-5
-1.040, -8.320e-5
-1.039, -8.299e-5
-1.038, -8.302e-5
-1.037, -8.266e-5
-1.036, -8.224e-5
-1.035, -8.194e-5
-1.034, -8.160e-5
-1.033, -8.159e-5
-1.032, -8.125e-5
-1.031, -8.101e-5
-1.030, -8.081e-5
-1.029, -8.047e-5
-1.028, -8.031e-5
-1.027, -8.027e-5
-1.026, -7.988e-5
-1.025, -7.974e-5
-1.024, -7.992e-5
-1.023, -7.978e-5
-1.022, -7.958e-5
-1.021, -7.937e-5
-1.020, -7.902e-5
-1.019, -7.914e-5
-1.018, -7.895e-5
-1.017, -7.912e-5
-1.016, -7.893e-5
-1.015, -7.877e-5
-1.014, -7.882e-5
-1.013, -7.869e-5
-1.012, -7.872e-5
-1.011, -7.876e-5
-1.010, -7.830e-5
-1.009, -7.884e-5
-1.008, -7.881e-5
-1.007, -7.876e-5
-1.006, -7.873e-5
-1.005, -7.887e-5
-1.004, -7.868e-5
-1.003, -7.879e-5
-1.002, -7.869e-5
-1.001, -7.909e-5
-1.000, -5.428e-5
-1.001, -4.327e-5
-1.002, -3.840e-5
-1.003, -3.477e-5
-1.004, -3.152e-5
-1.005, -2.878e-5
-1.006, -2.623e-5
-1.007, -2.394e-5
-1.008, -2.206e-5
-1.009, -2.014e-5
-1.010, -1.812e-5
-1.011, -1.665e-5
-1.012, -1.503e-5
-1.013, -1.378e-5
-1.014, -1.228e-5
-1.015, -1.079e-5
-1.016, -9.621e-6
-1.017, -8.567e-6
-1.018, -7.331e-6
-1.019, -6.311e-6
-1.020, -5.186e-6
-1.021, -4.257e-6
-1.022, -3.384e-6
-1.023, -2.395e-6
-1.024, -1.454e-6
-1.025, -6.287e-7
-1.026, 3.668e-7
-1.027, 8.808e-7
-1.028, 1.614e-6
-1.029, 2.365e-6
-1.030, 3.250e-6
-1.031, 3.957e-6
-1.032, 4.427e-6
-1.033, 5.030e-6
-1.034, 5.802e-6
-1.035, 6.377e-6
-1.036, 7.018e-6
-1.037, 7.674e-6
-1.038, 7.953e-6
-1.039, 8.708e-6
-1.040, 9.204e-6
-1.041, 9.689e-6
-1.042, 1.021e-5
-1.043, 1.057e-5
-1.044, 1.120e-5
-1.045, 1.176e-5
-1.046, 1.209e-5
-1.047, 1.268e-5
-1.048, 1.286e-5
-1.049, 1.337e-5
-1.050, 1.410e-5
-1.051, 1.422e-5
-1.052, 1.476e-5
-1.053, 1.505e-5
-1.054, 1.550e-5
-1.055, 1.615e-5
-1.056, 1.638e-5
-1.057, 1.671e-5
-1.058, 1.707e-5
-1.059, 1.741e-5
-1.060, 1.792e-5
-1.061, 1.821e-5
-1.062, 1.850e-5
-1.063, 1.893e-5
-1.064, 1.926e-5
-1.065, 1.956e-5
-1.066, 2.004e-5
-1.067, 2.036e-5
-1.068, 2.058e-5
-1.069, 2.093e-5
-1.070, 2.134e-5
-1.071, 2.174e-5
-1.072, 2.186e-5
-1.073, 2.218e-5
-1.074, 2.259e-5
-1.075, 2.303e-5
-1.076, 2.335e-5
-1.077, 2.360e-5
-1.078, 2.371e-5
-1.079, 2.435e-5
-1.080, 2.459e-5
-1.081, 2.490e-5
-1.082, 2.521e-5
-1.083, 2.532e-5
-1.084, 2.567e-5
-1.085, 2.604e-5
-1.086, 2.633e-5
-1.087, 2.669e-5
-1.088, 2.677e-5
-1.089, 2.709e-5
-1.090, 2.753e-5
-1.091, 2.772e-5
-1.092, 2.814e-5
-1.093, 2.832e-5
-1.094, 2.861e-5
-1.095, 2.913e-5
-1.096, 2.928e-5
-1.097, 2.943e-5
-1.098, 2.988e-5
-1.099, 3.014e-5
-1.100, 3.052e-5
-1.101, 3.079e-5
-1.102, 3.103e-5
-1.103, 3.145e-5
-1.104, 3.154e-5
-1.105, 3.201e-5
-1.106, 3.244e-5
-1.107, 3.250e-5
-1.108, 3.289e-5
-1.109, 3.318e-5
-1.110, 3.358e-5
-1.111, 3.384e-5
-1.112, 3.409e-5
-1.113, 3.437e-5
-1.114, 3.489e-5
-1.115, 3.501e-5
-1.116, 3.550e-5
-1.117, 3.565e-5
-1.118, 3.602e-5
-1.119, 3.645e-5
-1.120, 3.667e-5
-1.121, 3.696e-5
-1.122, 3.738e-5
-1.123, 3.754e-5
-1.124, 3.793e-5
-1.125, 3.834e-5
-1.126, 3.868e-5
-1.127, 3.896e-5
-1.128, 3.924e-5
-1.129, 3.945e-5
-1.130, 4.010e-5
-1.131, 4.024e-5
-1.132, 4.059e-5
-1.133, 4.090e-5
-1.134, 4.126e-5
-1.135, 4.181e-5
-1.136, 4.196e-5
-1.137, 4.222e-5
-1.138, 4.271e-5
-1.139, 4.284e-5
-1.140, 4.340e-5
-1.141, 4.375e-5
-1.142, 4.398e-5
-1.143, 4.439e-5
-1.144, 4.468e-5
-1.145, 4.508e-5
-1.146, 4.565e-5
-1.147, 4.567e-5
-1.148, 4.593e-5
-1.149, 4.653e-5
-1.150, 4.685e-5
-1.151, 4.732e-5
-1.152, 4.739e-5
-1.153, 4.779e-5
-1.154, 4.832e-5
-1.155, 4.865e-5
-1.156, 4.901e-5
-1.157, 4.936e-5
-1.158, 4.955e-5
-1.159, 5.010e-5
-1.160, 5.038e-5
-1.161, 5.080e-5
-1.162, 5.130e-5
-1.163, 5.136e-5
-1.164, 5.193e-5
-1.165, 5.237e-5
-1.166, 5.270e-5
-1.167, 5.316e-5
-1.168, 5.334e-5
-1.169, 5.376e-5
-1.170, 5.444e-5
-1.171, 5.471e-5
-1.172, 5.506e-5
-1.173, 5.542e-5
-1.174, 5.586e-5
-1.175, 5.654e-5
-1.176, 5.678e-5
-1.177, 5.735e-5
-1.178, 5.768e-5
-1.179, 5.806e-5
-1.180, 5.859e-5
-1.181, 5.913e-5
-1.182, 5.952e-5
-1.183, 5.993e-5
-1.184, 6.054e-5
-1.185, 6.102e-5
-1.186, 6.169e-5
-1.187, 6.200e-5
-1.188, 6.248e-5
-1.189, 6.308e-5
-1.190, 6.368e-5
-1.191, 6.440e-5
-1.192, 6.480e-5
-1.193, 6.525e-5
-1.194, 6.597e-5
-1.195, 6.654e-5
-1.196, 6.719e-5
-1.197, 6.792e-5
-1.198, 6.831e-5
-1.199, 6.909e-5
-1.200, 6.975e-5
-1.201, 7.045e-5
-1.202, 7.135e-5
-1.203, 7.179e-5
-1.204, 7.249e-5
-1.205, 7.332e-5
-1.206, 7.404e-5
-1.207, 7.500e-5
-1.208, 7.547e-5
-1.209, 7.626e-5
-1.210, 7.725e-5
-1.211, 7.794e-5
-1.212, 7.890e-5
-1.213, 7.962e-5
-1.214, 8.040e-5
-1.215, 8.158e-5
-1.216, 8.238e-5
-1.217, 8.324e-5
-1.218, 8.413e-5
-1.219, 8.497e-5
-1.220, 8.627e-5
-1.221, 8.719e-5
-1.222, 8.815e-5
-1.223, 8.920e-5
-1.224, 9.005e-5
-1.225, 9.111e-5
-1.226, 9.237e-5
-1.227, 9.329e-5
-1.228, 9.440e-5
-1.229, 9.573e-5
-1.230, 9.677e-5
-1.231, 9.807e-5
-1.232, 9.905e-5
-1.233, 1.001e-4
-1.234, 1.016e-4
-1.235, 1.026e-4
-1.236, 1.040e-4
-1.237, 1.053e-4
-1.238, 1.063e-4
-1.239, 1.078e-4
-1.240, 1.090e-4
-1.241, 1.105e-4
-1.242, 1.119e-4
-1.243, 1.131e-4
-1.244, 1.145e-4
-1.245, 1.160e-4
-1.246, 1.175e-4
-1.247, 1.191e-4
-1.248, 1.202e-4
-1.249, 1.219e-4
-1.250, 1.235e-4
-1.251, 1.250e-4
-1.252, 1.267e-4
-1.253, 1.280e-4
-1.254, 1.297e-4
-1.255, 1.315e-4
-1.256, 1.331e-4
-1.257, 1.349e-4
-1.258, 1.365e-4
-1.259, 1.383e-4
-1.260, 1.401e-4
-1.261, 1.420e-4
-1.262, 1.437e-4
-1.263, 1.456e-4
-1.264, 1.474e-4
-1.265, 1.494e-4
-1.266, 1.515e-4
-1.267, 1.534e-4
-1.268, 1.554e-4
-1.269, 1.573e-4
-1.270, 1.595e-4
-1.271, 1.619e-4
-1.272, 1.638e-4
-1.273, 1.659e-4
-1.274, 1.683e-4
-1.275, 1.705e-4
-1.276, 1.729e-4
-1.277, 1.753e-4
-1.278, 1.775e-4
-1.279, 1.800e-4
-1.280, 1.825e-4
-1.281, 1.852e-4
-1.282, 1.879e-4
-1.283, 1.905e-4
-1.284, 1.930e-4
-1.285, 1.955e-4
-1.286, 1.987e-4
-1.287, 2.010e-4
-1.288, 2.039e-4
-1.289, 2.070e-4
-1.290, 2.104e-4
-1.291, 2.129e-4
-1.292, 2.162e-4
-1.293, 2.192e-4
-1.294, 2.227e-4
-1.295, 2.260e-4
-1.296, 2.290e-4
-1.297, 2.324e-4
-1.298, 2.363e-4
-1.299, 2.398e-4
-1.300, 2.436e-4
-1.301, 2.471e-4
-1.302, 2.507e-4
-1.303, 2.545e-4
-1.304, 2.586e-4
-1.305, 2.628e-4
-1.306, 2.670e-4
-1.307, 2.710e-4
-1.308, 2.752e-4
-1.309, 2.797e-4
-1.310, 2.842e-4
-1.311, 2.889e-4
-1.312, 2.934e-4
-1.313, 2.982e-4
-1.314, 3.032e-4
-1.315, 3.080e-4
-1.316, 3.131e-4
-1.317, 3.183e-4
-1.318, 3.235e-4
-1.319, 3.292e-4
-1.320, 3.347e-4
-1.321, 3.404e-4
-1.322, 3.461e-4
-1.323, 3.519e-4
-1.324, 3.579e-4
-1.325, 3.641e-4
-1.326, 3.703e-4
-1.327, 3.770e-4
-1.328, 3.833e-4
-1.329, 3.899e-4
-1.330, 3.968e-4
-1.331, 4.038e-4
-1.332, 4.110e-4
-1.333, 4.182e-4
-1.334, 4.255e-4
-1.335, 4.334e-4
-1.336, 4.409e-4
-1.337, 4.489e-4
-1.338, 4.568e-4
-1.339, 4.649e-4
-1.340, 4.740e-4
-1.341, 4.823e-4
-1.342, 4.915e-4
-1.343, 5.004e-4
-1.344, 5.096e-4
-1.345, 5.193e-4
-1.346, 5.293e-4
-1.347, 5.392e-4
-1.348, 5.495e-4
-1.349, 5.602e-4
-1.350, 5.711e-4
-1.351, 5.825e-4
-1.352, 5.934e-4
-1.353, 6.049e-4
-1.354, 6.170e-4
-1.355, 6.299e-4
-1.356, 6.430e-4
-1.357, 6.560e-4
-1.358, 6.690e-4
-1.359, 6.828e-4
-1.360, 6.973e-4
-1.361, 7.124e-4
-1.362, 7.276e-4
-1.363, 7.428e-4
-1.364, 7.594e-4
-1.365, 7.756e-4
-1.366, 7.925e-4
-1.367, 8.099e-4
-1.368, 8.282e-4
-1.369, 8.470e-4
-1.370, 8.663e-4
-1.371, 8.858e-4
-1.372, 9.061e-4
-1.373, 9.267e-4
-1.374, 9.485e-4
-1.375, 9.704e-4
-1.376, 9.928e-4
-1.377, 1.016e-3
-1.378, 1.040e-3
-1.379, 1.064e-3
-1.380, 1.089e-3
-1.381, 1.115e-3
-1.382, 1.140e-3
-1.383, 1.167e-3
-1.384, 1.195e-3
-1.385, 1.224e-3
-1.386, 1.252e-3
-1.387, 1.281e-3
-1.388, 1.310e-3
-1.389, 1.341e-3
-1.390, 1.373e-3
-1.391, 1.405e-3
-1.392, 1.436e-3
-1.393, 1.469e-3
-1.394, 1.502e-3
-1.395, 1.537e-3
-1.396, 1.571e-3
-1.397, 1.607e-3
-1.398, 1.643e-3
-1.399, 1.680e-3
-1.400, 1.670e-3
-1.399, 1.636e-3
-1.398, 1.605e-3
-1.397, 1.574e-3
-1.396, 1.542e-3
-1.395, 1.511e-3
-1.394, 1.479e-3
-1.393, 1.449e-3
-1.392, 1.420e-3
-1.391, 1.390e-3
-1.390, 1.360e-3
-1.389, 1.330e-3
-1.388, 1.302e-3
-1.387, 1.274e-3
-1.386, 1.245e-3
-1.385, 1.219e-3
-1.384, 1.193e-3
-1.383, 1.166e-3
-1.382, 1.140e-3
-1.381, 1.115e-3
-1.380, 1.090e-3
-1.379, 1.066e-3
-1.378, 1.043e-3
-1.377, 1.020e-3
-1.376, 9.969e-4
-1.375, 9.750e-4
-1.374, 9.532e-4
-1.373, 9.323e-4
-1.372, 9.113e-4
-1.371, 8.914e-4
-1.370, 8.718e-4
-1.369, 8.523e-4
-1.368, 8.332e-4
-1.367, 8.149e-4
-1.366, 7.964e-4
-1.365, 7.792e-4
-1.364, 7.621e-4
-1.363, 7.453e-4
-1.362, 7.285e-4
-1.361, 7.120e-4
-1.360, 6.967e-4
-1.359, 6.816e-4
-1.358, 6.662e-4
-1.357, 6.512e-4
-1.356, 6.368e-4
-1.355, 6.228e-4
-1.354, 6.096e-4
-1.353, 5.959e-4
-1.352, 5.828e-4
-1.351, 5.699e-4
-1.350, 5.576e-4
-1.349, 5.453e-4
-1.348, 5.334e-4
-1.347, 5.215e-4
-1.346, 5.103e-4
-1.345, 4.989e-4
-1.344, 4.884e-4
-1.343, 4.776e-4
-1.342, 4.668e-4
-1.341, 4.566e-4
-1.340, 4.466e-4
-1.339, 4.368e-4
-1.338, 4.276e-4
-1.337, 4.179e-4
-1.336, 4.088e-4
-1.335, 3.998e-4
-1.334, 3.912e-4
-1.333, 3.826e-4
-1.332, 3.740e-4
-1.331, 3.653e-4
-1.330, 3.575e-4
-1.329, 3.497e-4
-1.328, 3.425e-4
-1.327, 3.342e-4
-1.326, 3.261e-4
-1.325, 3.195e-4
-1.324, 3.131e-4
-1.323, 3.058e-4
-1.322, 2.989e-4
-1.321, 2.914e-4
-1.320, 2.857e-4
-1.319, 2.788e-4
-1.318, 2.726e-4
-1.317, 2.660e-4
-1.316, 2.597e-4
-1.315, 2.536e-4
-1.314, 2.476e-4
-1.313, 2.417e-4
-1.312, 2.362e-4
-1.311, 2.304e-4
-1.310, 2.244e-4
-1.309, 2.196e-4
-1.308, 2.140e-4
-1.307, 2.085e-4
-1.306, 2.030e-4
-1.305, 1.979e-4
-1.304, 1.929e-4
-1.303, 1.882e-4
-1.302, 1.827e-4
-1.301, 1.781e-4
-1.300, 1.733e-4
-1.299, 1.687e-4
-1.298, 1.642e-4
-1.297, 1.594e-4
-1.296, 1.549e-4
-1.295, 1.504e-4
-1.294, 1.454e-4
-1.293, 1.416e-4
-1.292, 1.373e-4
-1.291, 1.332e-4
-1.290, 1.292e-4
-1.289, 1.250e-4
-1.288, 1.215e-4
-1.287, 1.172e-4
-1.286, 1.127e-4
-1.285, 1.092e-4
-1.284, 1.056e-4
-1.283, 1.013e-4
-1.282, 9.858e-5
-1.281, 9.430e-5
-1.280, 9.082e-5
-1.279, 8.763e-5
-1.278, 8.387e-5
-1.277, 8.073e-5
-1.276, 7.689e-5
-1.275, 7.357e-5
-1.274, 7.038e-5
-1.273, 6.682e-5
-1.272, 6.371e-5
-1.271, 6.050e-5
-1.270, 5.719e-5
-1.269, 5.436e-5
-1.268, 5.120e-5
-1.267, 4.802e-5
-1.266, 4.503e-5
-1.265, 4.197e-5
-1.264, 3.928e-5
-1.263, 3.617e-5
-1.262, 3.323e-5
-1.261, 3.046e-5
-1.260, 2.770e-5
-1.259, 2.493e-5
-1.258, 2.237e-5
-1.257, 1.933e-5
-1.256, 1.681e-5
-1.255, 1.415e-5
-1.254, 1.158e-5
-1.253, 9.178e-6
-1.252, 6.486e-6
-1.251, 3.800e-6
-1.250, 1.428e-6
-1.249, -1.102e-6
-1.248, -3.192e-6
-1.247, -5.684e-6
-1.246, -8.322e-6
-1.245, -1.027e-5
-1.244, -1.266e-5
-1.243, -1.497e-5
-1.242, -1.700e-5
-1.241, -1.936e-5
-1.240, -2.135e-5
-1.239, -2.327e-5
-1.238, -2.549e-5
-1.237, -2.764e-5
-1.236, -2.969e-5
-1.235, -3.181e-5
-1.234, -3.353e-5
-1.233, -3.565e-5
-1.232, -3.737e-5
-1.231, -3.944e-5
-1.230, -4.137e-5
-1.229, -4.337e-5
-1.228, -4.513e-5
-1.227, -4.707e-5
-1.226, -4.892e-5
-1.225, -5.091e-5
-1.224, -5.248e-5
-1.223, -5.423e-5
-1.222, -5.596e-5
-1.221, -5.734e-5
-1.220, -5.898e-5
-1.219, -6.072e-5
-1.218, -6.221e-5
-1.217, -6.426e-5
-1.216, -6.561e-5
-1.215, -6.729e-5
-1.214, -6.879e-5
-1.213, -6.999e-5
-1.212, -7.173e-5
-1.211, -7.316e-5
-1.210, -7.430e-5
-1.209, -7.570e-5
-1.208, -7.671e-5
-1.207, -7.797e-5
-1.206, -7.922e-5
-1.205, -7.988e-5
-1.204, -8.082e-5
-1.203, -8.186e-5
-1.202, -8.262e-5
-1.201, -8.383e-5
-1.200, -8.440e-5
-1.199, -8.496e-5
-1.198, -8.589e-5
-1.197, -8.668e-5
-1.196, -8.733e-5
-1.195, -8.822e-5
-1.194, -8.829e-5
-1.193, -8.904e-5
-1.192, -8.949e-5
-1.191, -9.024e-5
-1.190, -9.086e-5
-1.189, -9.117e-5
-1.188, -9.169e-5
-1.187, -9.232e-5
-1.186, -9.265e-5
-1.185, -9.326e-5
-1.184, -9.336e-5
-1.183, -9.383e-5
-1.182, -9.434e-5
-1.181, -9.461e-5
-1.180, -9.481e-5
-1.179, -9.504e-5
-1.178, -9.551e-5
-1.177, -9.596e-5
-1.176, -9.596e-5
-1.175, -9.625e-5
-1.174, -9.647e-5
-1.173, -9.640e-5
-1.172, -9.650e-5
-1.171, -9.686e-5
-1.170, -9.673e-5
-1.169, -9.677e-5
-1.168, -9.657e-5
-1.167, -9.670e-5
-1.166, -9.703e-5
-1.165, -9.685e-5
-1.164, -9.665e-5
-1.163, -9.671e-5
-1.162, -9.643e-5
-1.161, -9.661e-5
-1.160, -9.615e-5
-1.159, -9.589e-5
-1.158, -9.595e-5
-1.157, -9.546e-5
-1.156, -9.559e-5
-1.155, -9.541e-5
-1.154, -9.495e-5
-1.153, -9.468e-5
-1.152, -9.443e-5
-1.151, -9.415e-5
-1.150, -9.401e-5
-1.149, -9.340e-5
-1.148, -9.304e-5
-1.147, -9.289e-5
-1.146, -9.246e-5
-1.145, -9.225e-5
-1.144, -9.151e-5
-1.143, -9.117e-5
-1.142, -9.122e-5
-1.141, -9.073e-5
-1.140, -9.035e-5
-1.139, -9.010e-5
-1.138, -8.952e-5
-1.137, -8.937e-5
-1.136, -8.880e-5
-1.135, -8.853e-5
-1.134, -8.830e-5
-1.133, -8.766e-5
-1.132, -8.744e-5
-1.131, -8.738e-5
-1.130, -8.690e-5
-1.129, -8.663e-5
-1.128, -8.595e-5
-1.127, -8.576e-5
-1.126, -8.584e-5
-1.125, -8.535e-5
-1.124, -8.488e-5
-1.123, -8.494e-5
-1.122, -8.443e-5
-1.121, -8.450e-5
-1.120, -8.403e-5
-1.119, -8.377e-5
-1.118, -8.365e-5
-1.117, -8.342e-5
-1.116, -8.316e-5
-1.115, -8.305e-5
-1.114, -8.260e-5
-1.113, -8.263e-5
-1.112, -8.232e-5
-1.111, -8.221e-5
-1.110, -8.218e-5
-1.109, -8.171e-5
-1.108, -8.167e-5
-1.107, -8.149e-5
-1.106, -8.137e-5
-1.105, -8.146e-5
-1.104, -8.094e-5
-1.103, -8.087e-5
-1.102, -8.091e-5
-1.101, -8.059e-5
-1.100, -8.057e-5
-1.099, -8.038e-5
-1.098, -7.999e-5
-1.097, -7.995e-5
-1.096, -7.988e-5
-1.095, -7.983e-5
-1.094, -7.960e-5
-1.093, -7.905e-5
-1.092, -7.915e-5
-1.091, -7.923e-5
-1.090, -7.900e-5
-1.089, -7.883e-5
-1.088, -7.852e-5
-1.087, -7.826e-5
-1.086, -7.834e-5
-1.085, -7.796e-5
-1.084, -7.778e-5
-1.083, -7.766e-5
-1.082, -7.727e-5
-1.081, -7.754e-5
-1.080, -7.714e-5
-1.079, -7.689e-5
-1.078, -7.686e-5
-1.077, -7.647e-5
-1.076, -7.654e-5
-1.075, -7.633e-5
-1.074, -7.586e-5
-1.073, -7.575e-5
-1.072, -7.539e-5
-1.071, -7.530e-5
-1.070, -7.519e-5
-1.069, -7.466e-5
-1.068, -7.453e-5
-1.067, -7.438e-5
-1.066, -7.415e-5
-1.065, -7.401e-5
-1.064, -7.353e-5
-1.063, -7.338e-5
-1.062, -7.318e-5
-1.061, -7.301e-5
-1.060, -7.278e-5
-1.059, -7.249e-5
-1.058, -7.214e-5
-1.057, -7.205e-5
-1.056, -7.192e-5
-1.055, -7.161e-5
-1.054, -7.153e-5
-1.053, -7.118e-5
-1.052, -7.094e-5
-1.051, -7.092e-5
-1.050, -7.077e-5
-1.049, -7.050e-5
-1.048, -7.023e-5
-1.047, -7.003e-5
-1.046, -7.019e-5
-1.045, -6.984e-5
-1.044, -6.959e-5
-1.043, -6.962e-5
-1.042, -6.930e-5
-1.041, -6.946e-5
-1.040, -6.925e-5
-1.039, -6.895e-5
-1.038, -6.901e-5
-1.037, -6.881e-5
-1.036, -6.874e-5
-1.035, -6.885e-5
-1.034, -6.860e-5
-1.033, -6.872e-5
-1.032, -6.837e-5
-1.031, -6.853e-5
-1.030, -6.845e-5
-1.029, -6.821e-5
-1.028, -6.820e-5
-1.027, -6.834e-5
-1.026, -6.834e-5
-1.025, -6.850e-5
-1.024, -6.840e-5
-1.023, -6.822e-5
-1.022, -6.847e-5
-1.021, -6.844e-5
-1.020, -6.855e-5
-1.019, -6.863e-5
-1.018, -6.850e-5
-1.017, -6.883e-5
-1.016, -6.875e-5
-1.015, -6.899e-5
-1.014, -6.913e-5
-1.013, -6.889e-5
-1.012, -6.909e-5
-1.011, -6.929e-5
-1.010, -6.933e-5
-1.009, -6.970e-5
-1.008, -6.955e-5
-1.007, -6.963e-5
-1.006, -6.997e-5
-1.005, -6.998e-5
-1.004, -7.016e-5
-1.003, -7.034e-5
-1.002, -7.021e-5
-1.001, -7.085e-5
