June 29, 2026   04:06:25
Cyclic Voltammetry
File: c:/users/guazh/data/20260623_doe_duplica2/2026-06-24-exp38\exp38-2026-06-29t03_45_05-arkoh\exp38_cv_50mvs_efin_-1900mv.bin
Data Source:  Experiment
Instrument Model:  CHI760E
Header: CV ran at 50 mVs
Note: 

Init E (V) = -1
High E (V) = -1
Low E (V) = -1.9
Final E (V) = -1
Init P/N = N
Scan Rate (V/s) = 0.05
Segment = 7
Sample Interval (V) = 0.001
Quiet Time (sec) = 60
Sensitivity (A/V) = 0.001
Comp R (ohm) = 1.7

Results:

Channel 1:
Segment 1:

Segment 2:

Segment 3:

Segment 4:

Segment 5:

Segment 6:

Segment 7:

Potential/V, Current/A

-1.000, 8.662e-8
-1.001, 1.646e-7
-1.002, 2.129e-7
-1.003, 2.415e-7
-1.004, 2.751e-7
-1.005, 3.066e-7
-1.006, 3.204e-7
-1.007, 3.451e-7
-1.008, 3.540e-7
-1.009, 3.727e-7
-1.010, 3.846e-7
-1.011, 4.142e-7
-1.012, 4.161e-7
-1.013, 4.448e-7
-1.014, 4.536e-7
-1.015, 4.724e-7
-1.016, 4.803e-7
-1.017, 4.911e-7
-1.018, 4.921e-7
-1.019, 5.227e-7
-1.020, 5.059e-7
-1.021, 5.355e-7
-1.022, 5.513e-7
-1.023, 5.592e-7
-1.024, 5.730e-7
-1.025, 5.799e-7
-1.026, 6.164e-7
-1.027, 6.095e-7
-1.028, 6.233e-7
-1.029, 6.332e-7
-1.030, 6.293e-7
-1.031, 6.490e-7
-1.032, 6.490e-7
-1.033, 6.766e-7
-1.034, 6.727e-7
-1.035, 6.825e-7
-1.036, 6.845e-7
-1.037, 7.032e-7
-1.038, 7.072e-7
-1.039, 7.279e-7
-1.040, 7.269e-7
-1.041, 7.319e-7
-1.042, 7.486e-7
-1.043, 7.348e-7
-1.044, 7.565e-7
-1.045, 7.654e-7
-1.046, 7.654e-7
-1.047, 7.684e-7
-1.048, 7.891e-7
-1.049, 7.950e-7
-1.050, 8.118e-7
-1.051, 8.157e-7
-1.052, 8.059e-7
-1.053, 8.276e-7
-1.054, 8.236e-7
-1.055, 8.453e-7
-1.056, 8.483e-7
-1.057, 8.542e-7
-1.058, 8.542e-7
-1.059, 8.838e-7
-1.060, 8.769e-7
-1.061, 8.868e-7
-1.062, 8.848e-7
-1.063, 8.907e-7
-1.064, 9.025e-7
-1.065, 9.055e-7
-1.066, 9.331e-7
-1.067, 9.193e-7
-1.068, 9.321e-7
-1.069, 9.331e-7
-1.070, 9.489e-7
-1.071, 9.529e-7
-1.072, 9.548e-7
-1.073, 9.548e-7
-1.074, 9.726e-7
-1.075, 9.686e-7
-1.076, 9.894e-7
-1.077, 1.002e-6
-1.078, 9.884e-7
-1.079, 1.009e-6
-1.080, 1.002e-6
-1.081, 1.025e-6
-1.082, 1.015e-6
-1.083, 1.035e-6
-1.084, 1.043e-6
-1.085, 1.050e-6
-1.086, 1.052e-6
-1.087, 1.049e-6
-1.088, 1.069e-6
-1.089, 1.061e-6
-1.090, 1.073e-6
-1.091, 1.080e-6
-1.092, 1.084e-6
-1.093, 1.093e-6
-1.094, 1.091e-6
-1.095, 1.112e-6
-1.096, 1.098e-6
-1.097, 1.108e-6
-1.098, 1.115e-6
-1.099, 1.118e-6
-1.100, 1.134e-6
-1.101, 1.166e-6
-1.102, 1.152e-6
-1.103, 1.166e-6
-1.104, 1.165e-6
-1.105, 1.159e-6
-1.106, 1.168e-6
-1.107, 1.181e-6
-1.108, 1.169e-6
-1.109, 1.189e-6
-1.110, 1.200e-6
-1.111, 1.207e-6
-1.112, 1.199e-6
-1.113, 1.204e-6
-1.114, 1.219e-6
-1.115, 1.219e-6
-1.116, 1.233e-6
-1.117, 1.236e-6
-1.118, 1.246e-6
-1.119, 1.247e-6
-1.120, 1.254e-6
-1.121, 1.263e-6
-1.122, 1.268e-6
-1.123, 1.260e-6
-1.124, 1.269e-6
-1.125, 1.262e-6
-1.126, 1.281e-6
-1.127, 1.298e-6
-1.128, 1.290e-6
-1.129, 1.302e-6
-1.130, 1.314e-6
-1.131, 1.311e-6
-1.132, 1.317e-6
-1.133, 1.323e-6
-1.134, 1.326e-6
-1.135, 1.318e-6
-1.136, 1.347e-6
-1.137, 1.349e-6
-1.138, 1.347e-6
-1.139, 1.364e-6
-1.140, 1.365e-6
-1.141, 1.371e-6
-1.142, 1.378e-6
-1.143, 1.360e-6
-1.144, 1.370e-6
-1.145, 1.396e-6
-1.146, 1.394e-6
-1.147, 1.398e-6
-1.148, 1.399e-6
-1.149, 1.410e-6
-1.150, 1.416e-6
-1.151, 1.411e-6
-1.152, 1.448e-6
-1.153, 1.445e-6
-1.154, 1.448e-6
-1.155, 1.445e-6
-1.156, 1.459e-6
-1.157, 1.453e-6
-1.158, 1.459e-6
-1.159, 1.469e-6
-1.160, 1.483e-6
-1.161, 1.483e-6
-1.162, 1.488e-6
-1.163, 1.480e-6
-1.164, 1.489e-6
-1.165, 1.511e-6
-1.166, 1.511e-6
-1.167, 1.538e-6
-1.168, 1.519e-6
-1.169, 1.524e-6
-1.170, 1.532e-6
-1.171, 1.548e-6
-1.172, 1.550e-6
-1.173, 1.560e-6
-1.174, 1.553e-6
-1.175, 1.548e-6
-1.176, 1.569e-6
-1.177, 1.572e-6
-1.178, 1.588e-6
-1.179, 1.581e-6
-1.180, 1.602e-6
-1.181, 1.598e-6
-1.182, 1.608e-6
-1.183, 1.614e-6
-1.184, 1.619e-6
-1.185, 1.634e-6
-1.186, 1.639e-6
-1.187, 1.646e-6
-1.188, 1.640e-6
-1.189, 1.665e-6
-1.190, 1.655e-6
-1.191, 1.684e-6
-1.192, 1.671e-6
-1.193, 1.691e-6
-1.194, 1.689e-6
-1.195, 1.698e-6
-1.196, 1.710e-6
-1.197, 1.706e-6
-1.198, 1.725e-6
-1.199, 1.723e-6
-1.200, 1.754e-6
-1.201, 1.734e-6
-1.202, 1.753e-6
-1.203, 1.757e-6
-1.204, 1.773e-6
-1.205, 1.777e-6
-1.206, 1.788e-6
-1.207, 1.798e-6
-1.208, 1.797e-6
-1.209, 1.818e-6
-1.210, 1.826e-6
-1.211, 1.837e-6
-1.212, 1.835e-6
-1.213, 1.832e-6
-1.214, 1.845e-6
-1.215, 1.874e-6
-1.216, 1.871e-6
-1.217, 1.882e-6
-1.218, 1.914e-6
-1.219, 1.912e-6
-1.220, 1.906e-6
-1.221, 1.934e-6
-1.222, 1.949e-6
-1.223, 1.942e-6
-1.224, 1.969e-6
-1.225, 1.962e-6
-1.226, 1.992e-6
-1.227, 1.978e-6
-1.228, 2.004e-6
-1.229, 2.035e-6
-1.230, 2.036e-6
-1.231, 2.056e-6
-1.232, 2.045e-6
-1.233, 2.079e-6
-1.234, 2.078e-6
-1.235, 2.101e-6
-1.236, 2.108e-6
-1.237, 2.124e-6
-1.238, 2.126e-6
-1.239, 2.155e-6
-1.240, 2.163e-6
-1.241, 2.194e-6
-1.242, 2.226e-6
-1.243, 2.219e-6
-1.244, 2.249e-6
-1.245, 2.230e-6
-1.246, 2.261e-6
-1.247, 2.285e-6
-1.248, 2.290e-6
-1.249, 2.320e-6
-1.250, 2.337e-6
-1.251, 2.343e-6
-1.252, 2.355e-6
-1.253, 2.382e-6
-1.254, 2.410e-6
-1.255, 2.427e-6
-1.256, 2.442e-6
-1.257, 2.452e-6
-1.258, 2.464e-6
-1.259, 2.498e-6
-1.260, 2.501e-6
-1.261, 2.547e-6
-1.262, 2.556e-6
-1.263, 2.578e-6
-1.264, 2.607e-6
-1.265, 2.612e-6
-1.266, 2.651e-6
-1.267, 2.643e-6
-1.268, 2.693e-6
-1.269, 2.724e-6
-1.270, 2.727e-6
-1.271, 2.759e-6
-1.272, 2.777e-6
-1.273, 2.803e-6
-1.274, 2.828e-6
-1.275, 2.851e-6
-1.276, 2.870e-6
-1.277, 2.897e-6
-1.278, 2.916e-6
-1.279, 2.960e-6
-1.280, 2.987e-6
-1.281, 3.027e-6
-1.282, 3.038e-6
-1.283, 3.057e-6
-1.284, 3.099e-6
-1.285, 3.132e-6
-1.286, 3.178e-6
-1.287, 3.208e-6
-1.288, 3.218e-6
-1.289, 3.263e-6
-1.290, 3.293e-6
-1.291, 3.351e-6
-1.292, 3.351e-6
-1.293, 3.391e-6
-1.294, 3.426e-6
-1.295, 3.453e-6
-1.296, 3.504e-6
-1.297, 3.526e-6
-1.298, 3.555e-6
-1.299, 3.602e-6
-1.300, 3.642e-6
-1.301, 3.652e-6
-1.302, 3.707e-6
-1.303, 3.739e-6
-1.304, 3.790e-6
-1.305, 3.834e-6
-1.306, 3.892e-6
-1.307, 3.905e-6
-1.308, 3.950e-6
-1.309, 4.011e-6
-1.310, 4.059e-6
-1.311, 4.081e-6
-1.312, 4.124e-6
-1.313, 4.166e-6
-1.314, 4.174e-6
-1.315, 4.239e-6
-1.316, 4.275e-6
-1.317, 4.304e-6
-1.318, 4.411e-6
-1.319, 4.432e-6
-1.320, 4.447e-6
-1.321, 4.523e-6
-1.322, 4.564e-6
-1.323, 4.577e-6
-1.324, 4.673e-6
-1.325, 4.734e-6
-1.326, 4.735e-6
-1.327, 4.813e-6
-1.328, 4.836e-6
-1.329, 4.915e-6
-1.330, 4.936e-6
-1.331, 4.992e-6
-1.332, 5.061e-6
-1.333, 5.097e-6
-1.334, 5.205e-6
-1.335, 5.241e-6
-1.336, 5.325e-6
-1.337, 5.411e-6
-1.338, 5.444e-6
-1.339, 5.422e-6
-1.340, 5.469e-6
-1.341, 5.542e-6
-1.342, 5.584e-6
-1.343, 5.676e-6
-1.344, 5.741e-6
-1.345, 5.808e-6
-1.346, 5.852e-6
-1.347, 5.919e-6
-1.348, 5.955e-6
-1.349, 6.001e-6
-1.350, 6.055e-6
-1.351, 6.192e-6
-1.352, 6.213e-6
-1.353, 6.271e-6
-1.354, 6.360e-6
-1.355, 6.477e-6
-1.356, 6.472e-6
-1.357, 6.549e-6
-1.358, 6.607e-6
-1.359, 6.577e-6
-1.360, 6.578e-6
-1.361, 6.646e-6
-1.362, 6.700e-6
-1.363, 6.789e-6
-1.364, 7.033e-6
-1.365, 6.911e-6
-1.366, 7.053e-6
-1.367, 7.082e-6
-1.368, 7.102e-6
-1.369, 7.334e-6
-1.370, 7.426e-6
-1.371, 7.521e-6
-1.372, 7.626e-6
-1.373, 7.688e-6
-1.374, 7.724e-6
-1.375, 7.794e-6
-1.376, 7.933e-6
-1.377, 7.991e-6
-1.378, 8.052e-6
-1.379, 8.100e-6
-1.380, 8.191e-6
-1.381, 8.244e-6
-1.382, 8.342e-6
-1.383, 8.422e-6
-1.384, 8.469e-6
-1.385, 8.533e-6
-1.386, 8.434e-6
-1.387, 8.421e-6
-1.388, 8.488e-6
-1.389, 8.580e-6
-1.390, 8.866e-6
-1.391, 9.023e-6
-1.392, 9.037e-6
-1.393, 9.054e-6
-1.394, 9.087e-6
-1.395, 9.239e-6
-1.396, 9.399e-6
-1.397, 9.517e-6
-1.398, 9.620e-6
-1.399, 9.710e-6
-1.400, 9.818e-6
-1.401, 9.895e-6
-1.402, 9.640e-6
-1.403, 9.736e-6
-1.404, 9.804e-6
-1.405, 9.983e-6
-1.406, 1.010e-5
-1.407, 1.014e-5
-1.408, 1.023e-5
-1.409, 1.027e-5
-1.410, 1.034e-5
-1.411, 1.047e-5
-1.412, 1.064e-5
-1.413, 1.075e-5
-1.414, 1.077e-5
-1.415, 1.089e-5
-1.416, 1.102e-5
-1.417, 1.114e-5
-1.418, 1.121e-5
-1.419, 1.126e-5
-1.420, 1.129e-5
-1.421, 1.148e-5
-1.422, 1.159e-5
-1.423, 1.177e-5
-1.424, 1.183e-5
-1.425, 1.192e-5
-1.426, 1.188e-5
-1.427, 1.201e-5
-1.428, 1.212e-5
-1.429, 1.216e-5
-1.430, 1.229e-5
-1.431, 1.239e-5
-1.432, 1.254e-5
-1.433, 1.263e-5
-1.434, 1.277e-5
-1.435, 1.254e-5
-1.436, 1.269e-5
-1.437, 1.287e-5
-1.438, 1.296e-5
-1.439, 1.313e-5
-1.440, 1.325e-5
-1.441, 1.336e-5
-1.442, 1.343e-5
-1.443, 1.347e-5
-1.444, 1.368e-5
-1.445, 1.375e-5
-1.446, 1.389e-5
-1.447, 1.395e-5
-1.448, 1.412e-5
-1.449, 1.422e-5
-1.450, 1.435e-5
-1.451, 1.440e-5
-1.452, 1.451e-5
-1.453, 1.465e-5
-1.454, 1.473e-5
-1.455, 1.437e-5
-1.456, 1.464e-5
-1.457, 1.480e-5
-1.458, 1.484e-5
-1.459, 1.498e-5
-1.460, 1.511e-5
-1.461, 1.538e-5
-1.462, 1.550e-5
-1.463, 1.569e-5
-1.464, 1.574e-5
-1.465, 1.587e-5
-1.466, 1.604e-5
-1.467, 1.619e-5
-1.468, 1.623e-5
-1.469, 1.643e-5
-1.470, 1.658e-5
-1.471, 1.667e-5
-1.472, 1.681e-5
-1.473, 1.694e-5
-1.474, 1.706e-5
-1.475, 1.682e-5
-1.476, 1.692e-5
-1.477, 1.698e-5
-1.478, 1.731e-5
-1.479, 1.743e-5
-1.480, 1.772e-5
-1.481, 1.762e-5
-1.482, 1.765e-5
-1.483, 1.790e-5
-1.484, 1.816e-5
-1.485, 1.828e-5
-1.486, 1.851e-5
-1.487, 1.874e-5
-1.488, 1.873e-5
-1.489, 1.879e-5
-1.490, 1.986e-5
-1.491, 2.025e-5
-1.492, 2.055e-5
-1.493, 2.074e-5
-1.494, 2.086e-5
-1.495, 2.087e-5
-1.496, 2.055e-5
-1.497, 2.063e-5
-1.498, 2.077e-5
-1.499, 2.094e-5
-1.500, 2.125e-5
-1.501, 2.141e-5
-1.502, 2.160e-5
-1.503, 2.174e-5
-1.504, 2.211e-5
-1.505, 2.221e-5
-1.506, 2.241e-5
-1.507, 2.240e-5
-1.508, 2.259e-5
-1.509, 2.285e-5
-1.510, 2.308e-5
-1.511, 2.338e-5
-1.512, 2.362e-5
-1.513, 2.338e-5
-1.514, 2.353e-5
-1.515, 2.375e-5
-1.516, 2.398e-5
-1.517, 2.433e-5
-1.518, 2.455e-5
-1.519, 2.486e-5
-1.520, 2.498e-5
-1.521, 2.500e-5
-1.522, 2.533e-5
-1.523, 2.564e-5
-1.524, 2.590e-5
-1.525, 2.614e-5
-1.526, 2.579e-5
-1.527, 2.610e-5
-1.528, 2.642e-5
-1.529, 2.657e-5
-1.530, 2.682e-5
-1.531, 2.710e-5
-1.532, 2.751e-5
-1.533, 2.776e-5
-1.534, 2.808e-5
-1.535, 2.805e-5
-1.536, 2.776e-5
-1.537, 2.831e-5
-1.538, 2.866e-5
-1.539, 2.898e-5
-1.540, 2.929e-5
-1.541, 2.955e-5
-1.542, 2.986e-5
-1.543, 3.038e-5
-1.544, 3.087e-5
-1.545, 3.119e-5
-1.546, 3.071e-5
-1.547, 3.123e-5
-1.548, 3.158e-5
-1.549, 3.191e-5
-1.550, 3.208e-5
-1.551, 3.248e-5
-1.552, 3.301e-5
-1.553, 3.347e-5
-1.554, 3.398e-5
-1.555, 3.337e-5
-1.556, 3.385e-5
-1.557, 3.445e-5
-1.558, 3.487e-5
-1.559, 3.508e-5
-1.560, 3.552e-5
-1.561, 3.609e-5
-1.562, 3.669e-5
-1.563, 3.698e-5
-1.564, 3.676e-5
-1.565, 3.728e-5
-1.566, 3.798e-5
-1.567, 3.854e-5
-1.568, 3.915e-5
-1.569, 3.985e-5
-1.570, 3.997e-5
-1.571, 4.083e-5
-1.572, 4.137e-5
-1.573, 4.199e-5
-1.574, 4.175e-5
-1.575, 4.243e-5
-1.576, 4.318e-5
-1.577, 4.346e-5
-1.578, 4.422e-5
-1.579, 4.502e-5
-1.580, 4.578e-5
-1.581, 4.559e-5
-1.582, 4.632e-5
-1.583, 4.721e-5
-1.584, 4.794e-5
-1.585, 4.876e-5
-1.586, 4.881e-5
-1.587, 4.908e-5
-1.588, 4.998e-5
-1.589, 5.087e-5
-1.590, 5.179e-5
-1.591, 5.274e-5
-1.592, 5.306e-5
-1.593, 5.320e-5
-1.594, 5.418e-5
-1.595, 5.524e-5
-1.596, 5.670e-5
-1.597, 5.768e-5
-1.598, 5.768e-5
-1.599, 5.820e-5
-1.600, 5.927e-5
-1.601, 6.055e-5
-1.602, 6.171e-5
-1.603, 6.323e-5
-1.604, 6.416e-5
-1.605, 6.393e-5
-1.606, 6.483e-5
-1.607, 6.641e-5
-1.608, 6.770e-5
-1.609, 6.937e-5
-1.610, 7.022e-5
-1.611, 7.033e-5
-1.612, 7.208e-5
-1.613, 7.369e-5
-1.614, 7.529e-5
-1.615, 7.615e-5
-1.616, 7.650e-5
-1.617, 7.861e-5
-1.618, 8.072e-5
-1.619, 8.260e-5
-1.620, 8.310e-5
-1.621, 8.432e-5
-1.622, 8.648e-5
-1.623, 8.881e-5
-1.624, 9.017e-5
-1.625, 8.981e-5
-1.626, 9.207e-5
-1.627, 9.497e-5
-1.628, 9.717e-5
-1.629, 9.728e-5
-1.630, 9.893e-5
-1.631, 1.010e-4
-1.632, 1.034e-4
-1.633, 1.061e-4
-1.634, 1.060e-4
-1.635, 1.079e-4
-1.636, 1.104e-4
-1.637, 1.141e-4
-1.638, 1.153e-4
-1.639, 1.161e-4
-1.640, 1.200e-4
-1.641, 1.236e-4
-1.642, 1.247e-4
-1.643, 1.263e-4
-1.644, 1.304e-4
-1.645, 1.339e-4
-1.646, 1.347e-4
-1.647, 1.381e-4
-1.648, 1.420e-4
-1.649, 1.447e-4
-1.650, 1.452e-4
-1.651, 1.480e-4
-1.652, 1.507e-4
-1.653, 1.512e-4
-1.654, 1.556e-4
-1.655, 1.614e-4
-1.656, 1.617e-4
-1.657, 1.660e-4
-1.658, 1.670e-4
-1.659, 1.722e-4
-1.660, 1.765e-4
-1.661, 1.788e-4
-1.662, 1.843e-4
-1.663, 1.860e-4
-1.664, 1.899e-4
-1.665, 1.943e-4
-1.666, 1.974e-4
-1.667, 2.037e-4
-1.668, 2.064e-4
-1.669, 2.104e-4
-1.670, 2.170e-4
-1.671, 2.193e-4
-1.672, 2.263e-4
-1.673, 2.295e-4
-1.674, 2.342e-4
-1.675, 2.399e-4
-1.676, 2.441e-4
-1.677, 2.510e-4
-1.678, 2.541e-4
-1.679, 2.629e-4
-1.680, 2.673e-4
-1.681, 2.767e-4
-1.682, 2.784e-4
-1.683, 2.876e-4
-1.684, 2.904e-4
-1.685, 2.983e-4
-1.686, 3.026e-4
-1.687, 3.114e-4
-1.688, 3.173e-4
-1.689, 3.231e-4
-1.690, 3.304e-4
-1.691, 3.369e-4
-1.692, 3.440e-4
-1.693, 3.516e-4
-1.694, 3.600e-4
-1.695, 3.656e-4
-1.696, 3.746e-4
-1.697, 3.813e-4
-1.698, 3.880e-4
-1.699, 3.945e-4
-1.700, 4.033e-4
-1.701, 4.112e-4
-1.702, 4.199e-4
-1.703, 4.250e-4
-1.704, 4.353e-4
-1.705, 4.444e-4
-1.706, 4.500e-4
-1.707, 4.581e-4
-1.708, 4.672e-4
-1.709, 4.742e-4
-1.710, 4.812e-4
-1.711, 4.902e-4
-1.712, 4.981e-4
-1.713, 5.059e-4
-1.714, 5.164e-4
-1.715, 5.275e-4
-1.716, 5.380e-4
-1.717, 5.481e-4
-1.718, 5.560e-4
-1.719, 5.683e-4
-1.720, 5.788e-4
-1.721, 5.899e-4
-1.722, 5.962e-4
-1.723, 6.091e-4
-1.724, 6.173e-4
-1.725, 6.288e-4
-1.726, 6.420e-4
-1.727, 6.546e-4
-1.728, 6.676e-4
-1.729, 6.807e-4
-1.730, 6.918e-4
-1.731, 7.086e-4
-1.732, 7.215e-4
-1.733, 7.348e-4
-1.734, 7.492e-4
-1.735, 7.618e-4
-1.736, 7.777e-4
-1.737, 7.913e-4
-1.738, 8.039e-4
-1.739, 8.172e-4
-1.740, 8.313e-4
-1.741, 8.458e-4
-1.742, 8.643e-4
-1.743, 8.831e-4
-1.744, 9.018e-4
-1.745, 9.155e-4
-1.746, 9.337e-4
-1.747, 9.519e-4
-1.748, 9.687e-4
-1.749, 9.853e-4
-1.750, 1.003e-3
-1.751, 1.021e-3
-1.752, 1.041e-3
-1.753, 1.062e-3
-1.754, 1.083e-3
-1.755, 1.103e-3
-1.756, 1.130e-3
-1.757, 1.156e-3
-1.758, 1.180e-3
-1.759, 1.199e-3
-1.760, 1.226e-3
-1.761, 1.252e-3
-1.762, 1.277e-3
-1.763, 1.306e-3
-1.764, 1.329e-3
-1.765, 1.353e-3
-1.766, 1.378e-3
-1.767, 1.406e-3
-1.768, 1.436e-3
-1.769, 1.461e-3
-1.770, 1.489e-3
-1.771, 1.518e-3
-1.772, 1.550e-3
-1.773, 1.581e-3
-1.774, 1.614e-3
-1.775, 1.643e-3
-1.776, 1.679e-3
-1.777, 1.711e-3
-1.778, 1.744e-3
-1.779, 1.778e-3
-1.780, 1.814e-3
-1.781, 1.846e-3
-1.782, 1.886e-3
-1.783, 1.921e-3
-1.784, 1.957e-3
-1.785, 1.992e-3
-1.786, 2.033e-3
-1.787, 2.069e-3
-1.788, 2.108e-3
-1.789, 2.149e-3
-1.790, 2.189e-3
-1.791, 2.230e-3
-1.792, 2.276e-3
-1.793, 2.319e-3
-1.794, 2.378e-3
-1.795, 2.423e-3
-1.796, 2.472e-3
-1.797, 2.521e-3
-1.798, 2.569e-3
-1.799, 2.609e-3
-1.800, 2.652e-3
-1.801, 2.698e-3
-1.802, 2.755e-3
-1.803, 2.809e-3
-1.804, 2.863e-3
-1.805, 2.909e-3
-1.806, 2.958e-3
-1.807, 3.010e-3
-1.808, 3.063e-3
-1.809, 3.117e-3
-1.810, 3.172e-3
-1.811, 3.229e-3
-1.812, 3.285e-3
-1.813, 3.342e-3
-1.814, 3.395e-3
-1.815, 3.449e-3
-1.816, 3.507e-3
-1.817, 3.559e-3
-1.818, 3.621e-3
-1.819, 3.677e-3
-1.820, 3.742e-3
-1.821, 3.807e-3
-1.822, 3.870e-3
-1.823, 3.932e-3
-1.824, 3.992e-3
-1.825, 4.051e-3
-1.826, 4.107e-3
-1.827, 4.172e-3
-1.828, 4.231e-3
-1.829, 4.306e-3
-1.830, 4.366e-3
-1.831, 4.428e-3
-1.832, 4.493e-3
-1.833, 4.553e-3
-1.834, 4.622e-3
-1.835, 4.687e-3
-1.836, 4.754e-3
-1.837, 4.817e-3
-1.838, 4.877e-3
-1.839, 4.946e-3
-1.840, 5.012e-3
-1.841, 5.078e-3
-1.842, 5.141e-3
-1.843, 5.209e-3
-1.844, 5.267e-3
-1.845, 5.337e-3
-1.846, 5.411e-3
-1.847, 5.479e-3
-1.848, 5.536e-3
-1.849, 5.602e-3
-1.850, 5.665e-3
-1.851, 5.733e-3
-1.852, 5.795e-3
-1.853, 5.870e-3
-1.854, 5.943e-3
-1.855, 6.012e-3
-1.856, 6.072e-3
-1.857, 6.135e-3
-1.858, 6.209e-3
-1.859, 6.278e-3
-1.860, 6.348e-3
-1.861, 6.410e-3
-1.862, 6.470e-3
-1.863, 6.539e-3
-1.864, 6.612e-3
-1.865, 6.678e-3
-1.866, 6.742e-3
-1.867, 6.819e-3
-1.868, 6.886e-3
-1.869, 6.944e-3
-1.870, 7.009e-3
-1.871, 7.069e-3
-1.872, 7.157e-3
-1.873, 7.229e-3
-1.874, 7.287e-3
-1.875, 7.350e-3
-1.876, 7.409e-3
-1.877, 7.467e-3
-1.878, 7.531e-3
-1.879, 7.604e-3
-1.880, 7.676e-3
-1.881, 7.734e-3
-1.882, 7.812e-3
-1.883, 7.878e-3
-1.884, 7.950e-3
-1.885, 8.010e-3
-1.886, 8.086e-3
-1.887, 8.158e-3
-1.888, 8.233e-3
-1.889, 8.288e-3
-1.890, 8.332e-3
-1.891, 8.372e-3
-1.892, 8.436e-3
-1.893, 8.479e-3
-1.894, 8.541e-3
-1.895, 8.608e-3
-1.896, 8.671e-3
-1.897, 8.731e-3
-1.898, 8.837e-3
-1.899, 8.905e-3
-1.900, 8.928e-3
-1.899, 8.894e-3
-1.898, 8.831e-3
-1.897, 8.774e-3
-1.896, 8.702e-3
-1.895, 8.619e-3
-1.894, 8.568e-3
-1.893, 8.501e-3
-1.892, 8.439e-3
-1.891, 8.385e-3
-1.890, 8.306e-3
-1.889, 8.237e-3
-1.888, 8.172e-3
-1.887, 8.083e-3
-1.886, 8.024e-3
-1.885, 7.965e-3
-1.884, 7.906e-3
-1.883, 7.836e-3
-1.882, 7.755e-3
-1.881, 7.692e-3
-1.880, 7.614e-3
-1.879, 7.588e-3
-1.878, 7.546e-3
-1.877, 7.464e-3
-1.876, 7.402e-3
-1.875, 7.335e-3
-1.874, 7.274e-3
-1.873, 7.233e-3
-1.872, 7.190e-3
-1.871, 7.140e-3
-1.870, 7.114e-3
-1.869, 7.068e-3
-1.868, 7.026e-3
-1.867, 6.969e-3
-1.866, 6.948e-3
-1.865, 6.879e-3
-1.864, 6.808e-3
-1.863, 6.728e-3
-1.862, 6.676e-3
-1.861, 6.615e-3
-1.860, 6.555e-3
-1.859, 6.498e-3
-1.858, 6.437e-3
-1.857, 6.381e-3
-1.856, 6.309e-3
-1.855, 6.250e-3
-1.854, 6.200e-3
-1.853, 6.159e-3
-1.852, 6.127e-3
-1.851, 6.081e-3
-1.850, 6.040e-3
-1.849, 5.989e-3
-1.848, 5.933e-3
-1.847, 5.873e-3
-1.846, 5.819e-3
-1.845, 5.761e-3
-1.844, 5.725e-3
-1.843, 5.692e-3
-1.842, 5.638e-3
-1.841, 5.595e-3
-1.840, 5.560e-3
-1.839, 5.517e-3
-1.838, 5.474e-3
-1.837, 5.428e-3
-1.836, 5.371e-3
-1.835, 5.316e-3
-1.834, 5.276e-3
-1.833, 5.232e-3
-1.832, 5.176e-3
-1.831, 5.126e-3
-1.830, 5.076e-3
-1.829, 5.023e-3
-1.828, 4.971e-3
-1.827, 4.916e-3
-1.826, 4.873e-3
-1.825, 4.818e-3
-1.824, 4.753e-3
-1.823, 4.700e-3
-1.822, 4.652e-3
-1.821, 4.604e-3
-1.820, 4.549e-3
-1.819, 4.516e-3
-1.818, 4.458e-3
-1.817, 4.412e-3
-1.816, 4.357e-3
-1.815, 4.307e-3
-1.814, 4.278e-3
-1.813, 4.249e-3
-1.812, 4.205e-3
-1.811, 4.186e-3
-1.810, 4.153e-3
-1.809, 4.112e-3
-1.808, 4.068e-3
-1.807, 4.027e-3
-1.806, 3.985e-3
-1.805, 3.937e-3
-1.804, 3.901e-3
-1.803, 3.856e-3
-1.802, 3.817e-3
-1.801, 3.770e-3
-1.800, 3.730e-3
-1.799, 3.687e-3
-1.798, 3.649e-3
-1.797, 3.609e-3
-1.796, 3.575e-3
-1.795, 3.525e-3
-1.794, 3.490e-3
-1.793, 3.454e-3
-1.792, 3.428e-3
-1.791, 3.386e-3
-1.790, 3.339e-3
-1.789, 3.300e-3
-1.788, 3.255e-3
-1.787, 3.218e-3
-1.786, 3.180e-3
-1.785, 3.136e-3
-1.784, 3.091e-3
-1.783, 3.050e-3
-1.782, 3.013e-3
-1.781, 2.974e-3
-1.780, 2.943e-3
-1.779, 2.905e-3
-1.778, 2.874e-3
-1.777, 2.845e-3
-1.776, 2.809e-3
-1.775, 2.770e-3
-1.774, 2.732e-3
-1.773, 2.698e-3
-1.772, 2.662e-3
-1.771, 2.631e-3
-1.770, 2.595e-3
-1.769, 2.563e-3
-1.768, 2.529e-3
-1.767, 2.497e-3
-1.766, 2.464e-3
-1.765, 2.427e-3
-1.764, 2.396e-3
-1.763, 2.360e-3
-1.762, 2.332e-3
-1.761, 2.302e-3
-1.760, 2.267e-3
-1.759, 2.233e-3
-1.758, 2.218e-3
-1.757, 2.185e-3
-1.756, 2.148e-3
-1.755, 2.119e-3
-1.754, 2.089e-3
-1.753, 2.057e-3
-1.752, 2.025e-3
-1.751, 2.000e-3
-1.750, 1.967e-3
-1.749, 1.939e-3
-1.748, 1.910e-3
-1.747, 1.882e-3
-1.746, 1.855e-3
-1.745, 1.828e-3
-1.744, 1.800e-3
-1.743, 1.771e-3
-1.742, 1.742e-3
-1.741, 1.712e-3
-1.740, 1.690e-3
-1.739, 1.664e-3
-1.738, 1.641e-3
-1.737, 1.618e-3
-1.736, 1.594e-3
-1.735, 1.569e-3
-1.734, 1.545e-3
-1.733, 1.526e-3
-1.732, 1.502e-3
-1.731, 1.482e-3
-1.730, 1.457e-3
-1.729, 1.434e-3
-1.728, 1.411e-3
-1.727, 1.387e-3
-1.726, 1.367e-3
-1.725, 1.344e-3
-1.724, 1.319e-3
-1.723, 1.299e-3
-1.722, 1.281e-3
-1.721, 1.263e-3
-1.720, 1.243e-3
-1.719, 1.226e-3
-1.718, 1.209e-3
-1.717, 1.189e-3
-1.716, 1.169e-3
-1.715, 1.151e-3
-1.714, 1.135e-3
-1.713, 1.118e-3
-1.712, 1.098e-3
-1.711, 1.082e-3
-1.710, 1.068e-3
-1.709, 1.050e-3
-1.708, 1.036e-3
-1.707, 1.017e-3
-1.706, 1.000e-3
-1.705, 9.824e-4
-1.704, 9.696e-4
-1.703, 9.539e-4
-1.702, 9.378e-4
-1.701, 9.248e-4
-1.700, 9.085e-4
-1.699, 8.937e-4
-1.698, 8.786e-4
-1.697, 8.644e-4
-1.696, 8.465e-4
-1.695, 8.331e-4
-1.694, 8.183e-4
-1.693, 8.054e-4
-1.692, 7.954e-4
-1.691, 7.785e-4
-1.690, 7.657e-4
-1.689, 7.536e-4
-1.688, 7.427e-4
-1.687, 7.319e-4
-1.686, 7.172e-4
-1.685, 7.060e-4
-1.684, 6.957e-4
-1.683, 6.833e-4
-1.682, 6.702e-4
-1.681, 6.608e-4
-1.680, 6.477e-4
-1.679, 6.411e-4
-1.678, 6.295e-4
-1.677, 6.215e-4
-1.676, 6.076e-4
-1.675, 5.987e-4
-1.674, 5.868e-4
-1.673, 5.773e-4
-1.672, 5.671e-4
-1.671, 5.568e-4
-1.670, 5.462e-4
-1.669, 5.349e-4
-1.668, 5.271e-4
-1.667, 5.185e-4
-1.666, 5.101e-4
-1.665, 4.991e-4
-1.664, 4.931e-4
-1.663, 4.828e-4
-1.662, 4.741e-4
-1.661, 4.659e-4
-1.660, 4.579e-4
-1.659, 4.501e-4
-1.658, 4.413e-4
-1.657, 4.349e-4
-1.656, 4.261e-4
-1.655, 4.194e-4
-1.654, 4.120e-4
-1.653, 4.032e-4
-1.652, 3.976e-4
-1.651, 3.902e-4
-1.650, 3.825e-4
-1.649, 3.743e-4
-1.648, 3.672e-4
-1.647, 3.604e-4
-1.646, 3.557e-4
-1.645, 3.502e-4
-1.644, 3.444e-4
-1.643, 3.392e-4
-1.642, 3.315e-4
-1.641, 3.244e-4
-1.640, 3.194e-4
-1.639, 3.133e-4
-1.638, 3.089e-4
-1.637, 3.021e-4
-1.636, 2.967e-4
-1.635, 2.902e-4
-1.634, 2.857e-4
-1.633, 2.818e-4
-1.632, 2.755e-4
-1.631, 2.706e-4
-1.630, 2.666e-4
-1.629, 2.599e-4
-1.628, 2.554e-4
-1.627, 2.518e-4
-1.626, 2.462e-4
-1.625, 2.415e-4
-1.624, 2.378e-4
-1.623, 2.327e-4
-1.622, 2.282e-4
-1.621, 2.243e-4
-1.620, 2.199e-4
-1.619, 2.153e-4
-1.618, 2.119e-4
-1.617, 2.079e-4
-1.616, 2.033e-4
-1.615, 1.987e-4
-1.614, 1.952e-4
-1.613, 1.924e-4
-1.612, 1.875e-4
-1.611, 1.842e-4
-1.610, 1.806e-4
-1.609, 1.776e-4
-1.608, 1.747e-4
-1.607, 1.710e-4
-1.606, 1.674e-4
-1.605, 1.651e-4
-1.604, 1.615e-4
-1.603, 1.571e-4
-1.602, 1.548e-4
-1.601, 1.524e-4
-1.600, 1.492e-4
-1.599, 1.459e-4
-1.598, 1.432e-4
-1.597, 1.403e-4
-1.596, 1.380e-4
-1.595, 1.350e-4
-1.594, 1.323e-4
-1.593, 1.300e-4
-1.592, 1.279e-4
-1.591, 1.254e-4
-1.590, 1.226e-4
-1.589, 1.197e-4
-1.588, 1.174e-4
-1.587, 1.151e-4
-1.586, 1.136e-4
-1.585, 1.115e-4
-1.584, 1.083e-4
-1.583, 1.066e-4
-1.582, 1.047e-4
-1.581, 1.034e-4
-1.580, 1.011e-4
-1.579, 9.844e-5
-1.578, 9.641e-5
-1.577, 9.479e-5
-1.576, 9.312e-5
-1.575, 9.125e-5
-1.574, 8.930e-5
-1.573, 8.753e-5
-1.572, 8.595e-5
-1.571, 8.408e-5
-1.570, 8.240e-5
-1.569, 8.065e-5
-1.568, 7.908e-5
-1.567, 7.761e-5
-1.566, 7.570e-5
-1.565, 7.428e-5
-1.564, 7.280e-5
-1.563, 7.169e-5
-1.562, 7.044e-5
-1.561, 6.851e-5
-1.560, 6.736e-5
-1.559, 6.614e-5
-1.558, 6.505e-5
-1.557, 6.398e-5
-1.556, 6.277e-5
-1.555, 6.137e-5
-1.554, 5.981e-5
-1.553, 5.847e-5
-1.552, 5.759e-5
-1.551, 5.637e-5
-1.550, 5.551e-5
-1.549, 5.461e-5
-1.548, 5.445e-5
-1.547, 5.267e-5
-1.546, 5.100e-5
-1.545, 5.017e-5
-1.544, 4.905e-5
-1.543, 4.800e-5
-1.542, 4.686e-5
-1.541, 4.588e-5
-1.540, 4.520e-5
-1.539, 4.432e-5
-1.538, 4.336e-5
-1.537, 4.234e-5
-1.536, 4.150e-5
-1.535, 4.087e-5
-1.534, 4.011e-5
-1.533, 3.937e-5
-1.532, 3.865e-5
-1.531, 3.780e-5
-1.530, 3.702e-5
-1.529, 3.617e-5
-1.528, 3.536e-5
-1.527, 3.465e-5
-1.526, 3.395e-5
-1.525, 3.355e-5
-1.524, 3.270e-5
-1.523, 3.206e-5
-1.522, 3.149e-5
-1.521, 3.065e-5
-1.520, 2.999e-5
-1.519, 2.931e-5
-1.518, 2.894e-5
-1.517, 2.844e-5
-1.516, 2.784e-5
-1.515, 2.720e-5
-1.514, 2.668e-5
-1.513, 2.618e-5
-1.512, 2.570e-5
-1.511, 2.518e-5
-1.510, 2.463e-5
-1.509, 2.400e-5
-1.508, 2.336e-5
-1.507, 2.284e-5
-1.506, 2.253e-5
-1.505, 2.220e-5
-1.504, 2.176e-5
-1.503, 2.132e-5
-1.502, 2.094e-5
-1.501, 2.053e-5
-1.500, 2.023e-5
-1.499, 1.969e-5
-1.498, 1.929e-5
-1.497, 1.896e-5
-1.496, 1.859e-5
-1.495, 1.809e-5
-1.494, 1.769e-5
-1.493, 1.733e-5
-1.492, 1.713e-5
-1.491, 1.675e-5
-1.490, 1.637e-5
-1.489, 1.604e-5
-1.488, 1.573e-5
-1.487, 1.560e-5
-1.486, 1.518e-5
-1.485, 1.491e-5
-1.484, 1.460e-5
-1.483, 1.437e-5
-1.482, 1.408e-5
-1.481, 1.379e-5
-1.480, 1.341e-5
-1.479, 1.306e-5
-1.478, 1.280e-5
-1.477, 1.259e-5
-1.476, 1.228e-5
-1.475, 1.203e-5
-1.474, 1.174e-5
-1.473, 1.147e-5
-1.472, 1.121e-5
-1.471, 1.100e-5
-1.470, 1.074e-5
-1.469, 1.048e-5
-1.468, 1.027e-5
-1.467, 1.008e-5
-1.466, 9.821e-6
-1.465, 9.633e-6
-1.464, 9.417e-6
-1.463, 9.258e-6
-1.462, 9.061e-6
-1.461, 8.911e-6
-1.460, 8.694e-6
-1.459, 8.693e-6
-1.458, 8.423e-6
-1.457, 8.206e-6
-1.456, 8.063e-6
-1.455, 7.863e-6
-1.454, 7.609e-6
-1.453, 7.485e-6
-1.452, 7.351e-6
-1.451, 7.188e-6
-1.450, 7.023e-6
-1.449, 6.849e-6
-1.448, 6.709e-6
-1.447, 6.555e-6
-1.446, 6.399e-6
-1.445, 6.279e-6
-1.444, 6.154e-6
-1.443, 5.996e-6
-1.442, 5.869e-6
-1.441, 5.754e-6
-1.440, 5.605e-6
-1.439, 5.494e-6
-1.438, 5.349e-6
-1.437, 5.247e-6
-1.436, 5.113e-6
-1.435, 5.010e-6
-1.434, 4.849e-6
-1.433, 4.746e-6
-1.432, 4.648e-6
-1.431, 4.493e-6
-1.430, 4.404e-6
-1.429, 4.294e-6
-1.428, 4.206e-6
-1.427, 4.116e-6
-1.426, 4.041e-6
-1.425, 3.932e-6
-1.424, 3.830e-6
-1.423, 3.762e-6
-1.422, 3.634e-6
-1.421, 3.586e-6
-1.420, 3.488e-6
-1.419, 3.399e-6
-1.418, 3.312e-6
-1.417, 3.253e-6
-1.416, 3.161e-6
-1.415, 3.088e-6
-1.414, 3.000e-6
-1.413, 2.941e-6
-1.412, 2.867e-6
-1.411, 2.783e-6
-1.410, 2.692e-6
-1.409, 2.615e-6
-1.408, 2.550e-6
-1.407, 2.502e-6
-1.406, 2.397e-6
-1.405, 2.370e-6
-1.404, 2.281e-6
-1.403, 2.231e-6
-1.402, 2.195e-6
-1.401, 2.116e-6
-1.400, 2.079e-6
-1.399, 2.004e-6
-1.398, 1.951e-6
-1.397, 1.920e-6
-1.396, 1.852e-6
-1.395, 1.786e-6
-1.394, 1.753e-6
-1.393, 1.704e-6
-1.392, 1.641e-6
-1.391, 1.633e-6
-1.390, 1.573e-6
-1.389, 1.520e-6
-1.388, 1.501e-6
-1.387, 1.425e-6
-1.386, 1.389e-6
-1.385, 1.335e-6
-1.384, 1.316e-6
-1.383, 1.265e-6
-1.382, 1.211e-6
-1.381, 1.180e-6
-1.380, 1.156e-6
-1.379, 1.140e-6
-1.378, 1.094e-6
-1.377, 1.074e-6
-1.376, 1.013e-6
-1.375, 9.834e-7
-1.374, 9.726e-7
-1.373, 9.282e-7
-1.372, 9.075e-7
-1.371, 8.621e-7
-1.370, 8.354e-7
-1.369, 7.911e-7
-1.368, 7.822e-7
-1.367, 7.506e-7
-1.366, 7.190e-7
-1.365, 7.062e-7
-1.364, 6.707e-7
-1.363, 6.214e-7
-1.362, 6.125e-7
-1.361, 6.519e-7
-1.360, 5.641e-7
-1.359, 5.533e-7
-1.358, 5.385e-7
-1.357, 4.734e-7
-1.356, 4.901e-7
-1.355, 4.329e-7
-1.354, 4.250e-7
-1.353, 4.083e-7
-1.352, 3.885e-7
-1.351, 3.579e-7
-1.350, 3.550e-7
-1.349, 3.362e-7
-1.348, 3.145e-7
-1.347, 2.820e-7
-1.346, 2.662e-7
-1.345, 2.514e-7
-1.344, 2.188e-7
-1.343, 2.238e-7
-1.342, 1.754e-7
-1.341, 1.665e-7
-1.340, 1.675e-7
-1.339, 1.448e-7
-1.338, 1.192e-7
-1.337, 1.064e-7
-1.336, 1.073e-7
-1.335, 9.846e-8
-1.334, 6.886e-8
-1.333, 6.196e-8
-1.332, 4.519e-8
-1.331, 2.151e-8
-1.330, 1.362e-8
-1.329, -1.894e-8
-1.328, -1.401e-8
-1.327, -3.275e-8
-1.326, -3.966e-8
-1.325, -5.446e-8
-1.324, -7.321e-8
-1.323, -9.491e-8
-1.322, -9.491e-8
-1.321, -1.156e-7
-1.320, -9.096e-8
-1.319, -1.383e-7
-1.318, -1.502e-7
-1.317, -1.235e-7
-1.316, -1.827e-7
-1.315, -1.659e-7
-1.314, -1.807e-7
-1.313, -2.005e-7
-1.312, -1.926e-7
-1.311, -2.123e-7
-1.310, -2.222e-7
-1.309, -2.399e-7
-1.308, -2.439e-7
-1.307, -2.656e-7
-1.306, -2.587e-7
-1.305, -2.646e-7
-1.304, -2.755e-7
-1.303, -3.070e-7
-1.302, -2.981e-7
-1.301, -3.060e-7
-1.300, -3.248e-7
-1.299, -3.248e-7
-1.298, -3.238e-7
-1.297, -3.228e-7
-1.296, -3.337e-7
-1.295, -3.445e-7
-1.294, -3.307e-7
-1.293, -3.564e-7
-1.292, -3.583e-7
-1.291, -3.702e-7
-1.290, -3.731e-7
-1.289, -3.909e-7
-1.288, -3.771e-7
-1.287, -3.800e-7
-1.286, -4.116e-7
-1.285, -3.968e-7
-1.284, -4.126e-7
-1.283, -4.264e-7
-1.282, -3.998e-7
-1.281, -4.373e-7
-1.280, -4.353e-7
-1.279, -4.294e-7
-1.278, -4.511e-7
-1.277, -4.461e-7
-1.276, -4.521e-7
-1.275, -4.669e-7
-1.274, -4.787e-7
-1.273, -4.915e-7
-1.272, -4.777e-7
-1.271, -4.698e-7
-1.270, -4.747e-7
-1.269, -5.063e-7
-1.268, -5.093e-7
-1.267, -5.241e-7
-1.266, -5.191e-7
-1.265, -5.103e-7
-1.264, -5.211e-7
-1.263, -5.369e-7
-1.262, -5.349e-7
-1.261, -5.290e-7
-1.260, -5.409e-7
-1.259, -5.458e-7
-1.258, -5.478e-7
-1.257, -5.547e-7
-1.256, -5.478e-7
-1.255, -5.655e-7
-1.254, -5.734e-7
-1.253, -5.724e-7
-1.252, -5.813e-7
-1.251, -5.941e-7
-1.250, -5.783e-7
-1.249, -5.961e-7
-1.248, -5.981e-7
-1.247, -6.079e-7
-1.246, -6.070e-7
-1.245, -5.981e-7
-1.244, -6.109e-7
-1.243, -6.099e-7
-1.242, -6.287e-7
-1.241, -6.287e-7
-1.240, -6.227e-7
-1.239, -6.287e-7
-1.238, -6.484e-7
-1.237, -6.198e-7
-1.236, -6.504e-7
-1.235, -6.366e-7
-1.234, -6.563e-7
-1.233, -6.464e-7
-1.232, -6.494e-7
-1.231, -6.592e-7
-1.230, -6.474e-7
-1.229, -6.898e-7
-1.228, -6.780e-7
-1.227, -6.938e-7
-1.226, -6.780e-7
-1.225, -6.977e-7
-1.224, -7.056e-7
-1.223, -6.928e-7
-1.222, -7.017e-7
-1.221, -6.987e-7
-1.220, -7.115e-7
-1.219, -7.056e-7
-1.218, -7.086e-7
-1.217, -7.066e-7
-1.216, -7.293e-7
-1.215, -7.352e-7
-1.214, -7.352e-7
-1.213, -7.470e-7
-1.212, -7.253e-7
-1.211, -7.392e-7
-1.210, -7.431e-7
-1.209, -7.540e-7
-1.208, -7.411e-7
-1.207, -7.678e-7
-1.206, -7.549e-7
-1.205, -7.678e-7
-1.204, -7.697e-7
-1.203, -7.727e-7
-1.202, -7.885e-7
-1.201, -7.845e-7
-1.200, -7.954e-7
-1.199, -7.905e-7
-1.198, -7.924e-7
-1.197, -7.914e-7
-1.196, -7.974e-7
-1.195, -7.984e-7
-1.194, -8.201e-7
-1.193, -8.062e-7
-1.192, -8.299e-7
-1.191, -8.250e-7
-1.190, -8.299e-7
-1.189, -8.309e-7
-1.188, -8.309e-7
-1.187, -8.487e-7
-1.186, -8.447e-7
-1.185, -8.546e-7
-1.184, -8.635e-7
-1.183, -8.753e-7
-1.182, -8.536e-7
-1.181, -8.418e-7
-1.180, -8.585e-7
-1.179, -8.694e-7
-1.178, -8.733e-7
-1.177, -8.950e-7
-1.176, -8.862e-7
-1.175, -8.990e-7
-1.174, -9.079e-7
-1.173, -8.921e-7
-1.172, -9.118e-7
-1.171, -9.197e-7
-1.170, -9.059e-7
-1.169, -9.246e-7
-1.168, -9.197e-7
-1.167, -9.217e-7
-1.166, -9.404e-7
-1.165, -9.207e-7
-1.164, -9.503e-7
-1.163, -9.394e-7
-1.162, -9.394e-7
-1.161, -9.602e-7
-1.160, -9.513e-7
-1.159, -9.750e-7
-1.158, -9.750e-7
-1.157, -9.720e-7
-1.156, -9.789e-7
-1.155, -9.907e-7
-1.154, -9.888e-7
-1.153, -9.759e-7
-1.152, -9.878e-7
-1.151, -1.003e-6
-1.150, -1.014e-6
-1.149, -1.009e-6
-1.148, -1.049e-6
-1.147, -1.022e-6
-1.146, -1.022e-6
-1.145, -1.038e-6
-1.144, -1.049e-6
-1.143, -1.033e-6
-1.142, -1.037e-6
-1.141, -1.049e-6
-1.140, -1.065e-6
-1.139, -1.066e-6
-1.138, -1.071e-6
-1.137, -1.080e-6
-1.136, -1.066e-6
-1.135, -1.101e-6
-1.134, -1.085e-6
-1.133, -1.103e-6
-1.132, -1.091e-6
-1.131, -1.112e-6
-1.130, -1.124e-6
-1.129, -1.125e-6
-1.128, -1.134e-6
-1.127, -1.144e-6
-1.126, -1.142e-6
-1.125, -1.145e-6
-1.124, -1.160e-6
-1.123, -1.156e-6
-1.122, -1.174e-6
-1.121, -1.180e-6
-1.120, -1.183e-6
-1.119, -1.183e-6
-1.118, -1.203e-6
-1.117, -1.188e-6
-1.116, -1.215e-6
-1.115, -1.204e-6
-1.114, -1.219e-6
-1.113, -1.223e-6
-1.112, -1.243e-6
-1.111, -1.241e-6
-1.110, -1.240e-6
-1.109, -1.244e-6
-1.108, -1.251e-6
-1.107, -1.258e-6
-1.106, -1.267e-6
-1.105, -1.284e-6
-1.104, -1.287e-6
-1.103, -1.291e-6
-1.102, -1.304e-6
-1.101, -1.310e-6
-1.100, -1.315e-6
-1.099, -1.325e-6
-1.098, -1.333e-6
-1.097, -1.345e-6
-1.096, -1.342e-6
-1.095, -1.334e-6
-1.094, -1.359e-6
-1.093, -1.366e-6
-1.092, -1.388e-6
-1.091, -1.375e-6
-1.090, -1.372e-6
-1.089, -1.384e-6
-1.088, -1.409e-6
-1.087, -1.410e-6
-1.086, -1.429e-6
-1.085, -1.423e-6
-1.084, -1.430e-6
-1.083, -1.434e-6
-1.082, -1.440e-6
-1.081, -1.456e-6
-1.080, -1.469e-6
-1.079, -1.467e-6
-1.078, -1.457e-6
-1.077, -1.496e-6
-1.076, -1.491e-6
-1.075, -1.511e-6
-1.074, -1.508e-6
-1.073, -1.527e-6
-1.072, -1.524e-6
-1.071, -1.536e-6
-1.070, -1.557e-6
-1.069, -1.549e-6
-1.068, -1.559e-6
-1.067, -1.572e-6
-1.066, -1.572e-6
-1.065, -1.575e-6
-1.064, -1.593e-6
-1.063, -1.597e-6
-1.062, -1.599e-6
-1.061, -1.594e-6
-1.060, -1.627e-6
-1.059, -1.633e-6
-1.058, -1.640e-6
-1.057, -1.651e-6
-1.056, -1.656e-6
-1.055, -1.657e-6
-1.054, -1.677e-6
-1.053, -1.662e-6
-1.052, -1.686e-6
-1.051, -1.691e-6
-1.050, -1.694e-6
-1.049, -1.718e-6
-1.048, -1.724e-6
-1.047, -1.742e-6
-1.046, -1.728e-6
-1.045, -1.744e-6
-1.044, -1.755e-6
-1.043, -1.753e-6
-1.042, -1.774e-6
-1.041, -1.772e-6
-1.040, -1.786e-6
-1.039, -1.805e-6
-1.038, -1.804e-6
-1.037, -1.818e-6
-1.036, -1.814e-6
-1.035, -1.829e-6
-1.034, -1.845e-6
-1.033, -1.845e-6
-1.032, -1.847e-6
-1.031, -1.863e-6
-1.030, -1.874e-6
-1.029, -1.886e-6
-1.028, -1.889e-6
-1.027, -1.909e-6
-1.026, -1.909e-6
-1.025, -1.905e-6
-1.024, -1.954e-6
-1.023, -1.959e-6
-1.022, -1.952e-6
-1.021, -1.964e-6
-1.020, -1.963e-6
-1.019, -2.002e-6
-1.018, -1.997e-6
-1.017, -2.021e-6
-1.016, -2.013e-6
-1.015, -2.019e-6
-1.014, -2.030e-6
-1.013, -2.046e-6
-1.012, -2.061e-6
-1.011, -2.067e-6
-1.010, -2.118e-6
-1.009, -2.093e-6
-1.008, -2.122e-6
-1.007, -2.160e-6
-1.006, -2.155e-6
-1.005, -2.139e-6
-1.004, -2.159e-6
-1.003, -2.156e-6
-1.002, -2.164e-6
-1.001, -2.169e-6
-1.000, -1.875e-6
-1.001, -1.633e-6
-1.002, -1.484e-6
-1.003, -1.366e-6
-1.004, -1.261e-6
-1.005, -1.171e-6
-1.006, -1.083e-6
-1.007, -9.888e-7
-1.008, -9.128e-7
-1.009, -8.427e-7
-1.010, -7.865e-7
-1.011, -7.283e-7
-1.012, -6.642e-7
-1.013, -6.079e-7
-1.014, -5.685e-7
-1.015, -5.132e-7
-1.016, -4.698e-7
-1.017, -4.284e-7
-1.018, -3.692e-7
-1.019, -3.376e-7
-1.020, -3.110e-7
-1.021, -2.656e-7
-1.022, -2.320e-7
-1.023, -2.044e-7
-1.024, -1.511e-7
-1.025, -1.215e-7
-1.026, -1.107e-7
-1.027, -7.222e-8
-1.028, -4.459e-8
-1.029, -1.204e-8
-1.030, 1.362e-8
-1.031, 3.137e-8
-1.032, 5.604e-8
-1.033, 9.254e-8
-1.034, 1.221e-7
-1.035, 1.330e-7
-1.036, 1.281e-7
-1.037, 2.011e-7
-1.038, 1.892e-7
-1.039, 2.208e-7
-1.040, 2.415e-7
-1.041, 2.376e-7
-1.042, 2.839e-7
-1.043, 2.997e-7
-1.044, 3.145e-7
-1.045, 3.244e-7
-1.046, 3.471e-7
-1.047, 3.579e-7
-1.048, 3.885e-7
-1.049, 3.905e-7
-1.050, 4.280e-7
-1.051, 4.329e-7
-1.052, 4.536e-7
-1.053, 4.517e-7
-1.054, 4.763e-7
-1.055, 4.714e-7
-1.056, 5.049e-7
-1.057, 5.345e-7
-1.058, 5.197e-7
-1.059, 5.345e-7
-1.060, 5.454e-7
-1.061, 5.631e-7
-1.062, 5.868e-7
-1.063, 6.085e-7
-1.064, 6.125e-7
-1.065, 6.312e-7
-1.066, 6.105e-7
-1.067, 6.450e-7
-1.068, 6.460e-7
-1.069, 6.559e-7
-1.070, 6.588e-7
-1.071, 6.875e-7
-1.072, 6.786e-7
-1.073, 7.052e-7
-1.074, 7.230e-7
-1.075, 7.309e-7
-1.076, 7.368e-7
-1.077, 7.526e-7
-1.078, 7.526e-7
-1.079, 7.634e-7
-1.080, 7.802e-7
-1.081, 7.782e-7
-1.082, 7.940e-7
-1.083, 8.118e-7
-1.084, 8.266e-7
-1.085, 8.187e-7
-1.086, 8.325e-7
-1.087, 8.552e-7
-1.088, 8.581e-7
-1.089, 8.650e-7
-1.090, 8.720e-7
-1.091, 8.650e-7
-1.092, 8.927e-7
-1.093, 9.055e-7
-1.094, 9.094e-7
-1.095, 9.262e-7
-1.096, 9.035e-7
-1.097, 9.144e-7
-1.098, 9.390e-7
-1.099, 9.548e-7
-1.100, 9.302e-7
-1.101, 9.509e-7
-1.102, 9.755e-7
-1.103, 9.696e-7
-1.104, 9.844e-7
-1.105, 9.785e-7
-1.106, 9.815e-7
-1.107, 1.003e-6
-1.108, 1.010e-6
-1.109, 1.014e-6
-1.110, 1.015e-6
-1.111, 1.019e-6
-1.112, 1.035e-6
-1.113, 1.032e-6
-1.114, 1.056e-6
-1.115, 1.056e-6
-1.116, 1.057e-6
-1.117, 1.070e-6
-1.118, 1.069e-6
-1.119, 1.088e-6
-1.120, 1.076e-6
-1.121, 1.092e-6
-1.122, 1.095e-6
-1.123, 1.102e-6
-1.124, 1.118e-6
-1.125, 1.110e-6
-1.126, 1.113e-6
-1.127, 1.121e-6
-1.128, 1.146e-6
-1.129, 1.140e-6
-1.130, 1.139e-6
-1.131, 1.159e-6
-1.132, 1.171e-6
-1.133, 1.168e-6
-1.134, 1.185e-6
-1.135, 1.174e-6
-1.136, 1.196e-6
-1.137, 1.206e-6
-1.138, 1.183e-6
-1.139, 1.224e-6
-1.140, 1.218e-6
-1.141, 1.210e-6
-1.142, 1.234e-6
-1.143, 1.243e-6
-1.144, 1.220e-6
-1.145, 1.257e-6
-1.146, 1.249e-6
-1.147, 1.282e-6
-1.148, 1.248e-6
-1.149, 1.272e-6
-1.150, 1.274e-6
-1.151, 1.283e-6
-1.152, 1.299e-6
-1.153, 1.289e-6
-1.154, 1.312e-6
-1.155, 1.290e-6
-1.156, 1.306e-6
-1.157, 1.318e-6
-1.158, 1.333e-6
-1.159, 1.340e-6
-1.160, 1.339e-6
-1.161, 1.337e-6
-1.162, 1.348e-6
-1.163, 1.347e-6
-1.164, 1.372e-6
-1.165, 1.365e-6
-1.166, 1.376e-6
-1.167, 1.382e-6
-1.168, 1.383e-6
-1.169, 1.386e-6
-1.170, 1.382e-6
-1.171, 1.399e-6
-1.172, 1.400e-6
-1.173, 1.412e-6
-1.174, 1.409e-6
-1.175, 1.433e-6
-1.176, 1.430e-6
-1.177, 1.437e-6
-1.178, 1.454e-6
-1.179, 1.454e-6
-1.180, 1.448e-6
-1.181, 1.445e-6
-1.182, 1.470e-6
-1.183, 1.452e-6
-1.184, 1.483e-6
-1.185, 1.473e-6
-1.186, 1.491e-6
-1.187, 1.471e-6
-1.188, 1.495e-6
-1.189, 1.513e-6
-1.190, 1.505e-6
-1.191, 1.506e-6
-1.192, 1.533e-6
-1.193, 1.521e-6
-1.194, 1.529e-6
-1.195, 1.527e-6
-1.196, 1.538e-6
-1.197, 1.546e-6
-1.198, 1.558e-6
-1.199, 1.561e-6
-1.200, 1.550e-6
-1.201, 1.564e-6
-1.202, 1.560e-6
-1.203, 1.577e-6
-1.204, 1.596e-6
-1.205, 1.609e-6
-1.206, 1.587e-6
-1.207, 1.607e-6
-1.208, 1.609e-6
-1.209, 1.609e-6
-1.210, 1.619e-6
-1.211, 1.631e-6
-1.212, 1.622e-6
-1.213, 1.638e-6
-1.214, 1.659e-6
-1.215, 1.650e-6
-1.216, 1.656e-6
-1.217, 1.664e-6
-1.218, 1.672e-6
-1.219, 1.684e-6
-1.220, 1.686e-6
-1.221, 1.695e-6
-1.222, 1.715e-6
-1.223, 1.707e-6
-1.224, 1.726e-6
-1.225, 1.721e-6
-1.226, 1.736e-6
-1.227, 1.736e-6
-1.228, 1.745e-6
-1.229, 1.766e-6
-1.230, 1.759e-6
-1.231, 1.785e-6
-1.232, 1.787e-6
-1.233, 1.781e-6
-1.234, 1.804e-6
-1.235, 1.811e-6
-1.236, 1.790e-6
-1.237, 1.818e-6
-1.238, 1.799e-6
-1.239, 1.826e-6
-1.240, 1.826e-6
-1.241, 1.834e-6
-1.242, 1.844e-6
-1.243, 1.868e-6
-1.244, 1.865e-6
-1.245, 1.863e-6
-1.246, 1.873e-6
-1.247, 1.902e-6
-1.248, 1.899e-6
-1.249, 1.911e-6
-1.250, 1.905e-6
-1.251, 1.921e-6
-1.252, 1.937e-6
-1.253, 1.934e-6
-1.254, 1.959e-6
-1.255, 1.957e-6
-1.256, 1.961e-6
-1.257, 1.976e-6
-1.258, 1.982e-6
-1.259, 1.973e-6
-1.260, 2.004e-6
-1.261, 2.005e-6
-1.262, 2.029e-6
-1.263, 2.031e-6
-1.264, 2.048e-6
-1.265, 2.033e-6
-1.266, 2.060e-6
-1.267, 2.073e-6
-1.268, 2.085e-6
-1.269, 2.090e-6
-1.270, 2.104e-6
-1.271, 2.105e-6
-1.272, 2.123e-6
-1.273, 2.140e-6
-1.274, 2.151e-6
-1.275, 2.159e-6
-1.276, 2.160e-6
-1.277, 2.188e-6
-1.278, 2.195e-6
-1.279, 2.208e-6
-1.280, 2.217e-6
-1.281, 2.240e-6
-1.282, 2.236e-6
-1.283, 2.257e-6
-1.284, 2.278e-6
-1.285, 2.276e-6
-1.286, 2.290e-6
-1.287, 2.336e-6
-1.288, 2.319e-6
-1.289, 2.329e-6
-1.290, 2.347e-6
-1.291, 2.368e-6
-1.292, 2.384e-6
-1.293, 2.404e-6
-1.294, 2.429e-6
-1.295, 2.426e-6
-1.296, 2.439e-6
-1.297, 2.472e-6
-1.298, 2.467e-6
-1.299, 2.490e-6
-1.300, 2.513e-6
-1.301, 2.502e-6
-1.302, 2.529e-6
-1.303, 2.553e-6
-1.304, 2.576e-6
-1.305, 2.585e-6
-1.306, 2.603e-6
-1.307, 2.625e-6
-1.308, 2.649e-6
-1.309, 2.667e-6
-1.310, 2.678e-6
-1.311, 2.712e-6
-1.312, 2.729e-6
-1.313, 2.743e-6
-1.314, 2.764e-6
-1.315, 2.783e-6
-1.316, 2.804e-6
-1.317, 2.819e-6
-1.318, 2.845e-6
-1.319, 2.867e-6
-1.320, 2.890e-6
-1.321, 2.905e-6
-1.322, 2.939e-6
-1.323, 2.942e-6
-1.324, 2.980e-6
-1.325, 2.998e-6
-1.326, 3.019e-6
-1.327, 3.044e-6
-1.328, 3.074e-6
-1.329, 3.096e-6
-1.330, 3.122e-6
-1.331, 3.144e-6
-1.332, 3.192e-6
-1.333, 3.176e-6
-1.334, 3.242e-6
-1.335, 3.233e-6
-1.336, 3.275e-6
-1.337, 3.311e-6
-1.338, 3.337e-6
-1.339, 3.369e-6
-1.340, 3.396e-6
-1.341, 3.438e-6
-1.342, 3.459e-6
-1.343, 3.511e-6
-1.344, 3.542e-6
-1.345, 3.556e-6
-1.346, 3.600e-6
-1.347, 3.652e-6
-1.348, 3.660e-6
-1.349, 3.720e-6
-1.350, 3.744e-6
-1.351, 3.811e-6
-1.352, 3.798e-6
-1.353, 3.858e-6
-1.354, 3.886e-6
-1.355, 3.921e-6
-1.356, 3.971e-6
-1.357, 3.998e-6
-1.358, 4.040e-6
-1.359, 4.073e-6
-1.360, 4.124e-6
-1.361, 4.144e-6
-1.362, 4.185e-6
-1.363, 4.251e-6
-1.364, 4.286e-6
-1.365, 4.293e-6
-1.366, 4.357e-6
-1.367, 4.393e-6
-1.368, 4.449e-6
-1.369, 4.500e-6
-1.370, 4.556e-6
-1.371, 4.594e-6
-1.372, 4.646e-6
-1.373, 4.712e-6
-1.374, 4.762e-6
-1.375, 4.785e-6
-1.376, 4.875e-6
-1.377, 4.902e-6
-1.378, 4.952e-6
-1.379, 5.017e-6
-1.380, 5.045e-6
-1.381, 5.119e-6
-1.382, 5.178e-6
-1.383, 5.202e-6
-1.384, 5.317e-6
-1.385, 5.371e-6
-1.386, 5.416e-6
-1.387, 5.489e-6
-1.388, 5.538e-6
-1.389, 5.616e-6
-1.390, 5.644e-6
-1.391, 5.730e-6
-1.392, 5.803e-6
-1.393, 5.845e-6
-1.394, 5.899e-6
-1.395, 5.959e-6
-1.396, 6.029e-6
-1.397, 6.122e-6
-1.398, 6.169e-6
-1.399, 6.272e-6
-1.400, 6.313e-6
-1.401, 6.404e-6
-1.402, 6.446e-6
-1.403, 6.537e-6
-1.404, 6.624e-6
-1.405, 6.679e-6
-1.406, 6.739e-6
-1.407, 6.843e-6
-1.408, 6.927e-6
-1.409, 7.007e-6
-1.410, 7.079e-6
-1.411, 7.138e-6
-1.412, 7.203e-6
-1.413, 7.281e-6
-1.414, 7.388e-6
-1.415, 7.495e-6
-1.416, 7.599e-6
-1.417, 7.676e-6
-1.418, 7.789e-6
-1.419, 7.820e-6
-1.420, 7.889e-6
-1.421, 8.027e-6
-1.422, 8.108e-6
-1.423, 8.195e-6
-1.424, 8.266e-6
-1.425, 8.357e-6
-1.426, 8.474e-6
-1.427, 8.542e-6
-1.428, 8.668e-6
-1.429, 8.819e-6
-1.430, 8.941e-6
-1.431, 9.032e-6
-1.432, 9.159e-6
-1.433, 9.205e-6
-1.434, 9.331e-6
-1.435, 9.398e-6
-1.436, 9.470e-6
-1.437, 9.538e-6
-1.438, 9.647e-6
-1.439, 9.700e-6
-1.440, 9.851e-6
-1.441, 9.982e-6
-1.442, 1.004e-5
-1.443, 1.018e-5
-1.444, 1.034e-5
-1.445, 1.052e-5
-1.446, 1.063e-5
-1.447, 1.085e-5
-1.448, 1.093e-5
-1.449, 1.109e-5
-1.450, 1.121e-5
-1.451, 1.141e-5
-1.452, 1.147e-5
-1.453, 1.160e-5
-1.454, 1.178e-5
-1.455, 1.191e-5
-1.456, 1.213e-5
-1.457, 1.219e-5
-1.458, 1.223e-5
-1.459, 1.239e-5
-1.460, 1.254e-5
-1.461, 1.267e-5
-1.462, 1.289e-5
-1.463, 1.305e-5
-1.464, 1.323e-5
-1.465, 1.335e-5
-1.466, 1.350e-5
-1.467, 1.364e-5
-1.468, 1.373e-5
-1.469, 1.389e-5
-1.470, 1.408e-5
-1.471, 1.419e-5
-1.472, 1.434e-5
-1.473, 1.446e-5
-1.474, 1.468e-5
-1.475, 1.488e-5
-1.476, 1.505e-5
-1.477, 1.523e-5
-1.478, 1.537e-5
-1.479, 1.549e-5
-1.480, 1.568e-5
-1.481, 1.589e-5
-1.482, 1.608e-5
-1.483, 1.626e-5
-1.484, 1.636e-5
-1.485, 1.659e-5
-1.486, 1.690e-5
-1.487, 1.699e-5
-1.488, 1.708e-5
-1.489, 1.725e-5
-1.490, 1.757e-5
-1.491, 1.771e-5
-1.492, 1.793e-5
-1.493, 1.814e-5
-1.494, 1.837e-5
-1.495, 1.867e-5
-1.496, 1.880e-5
-1.497, 1.897e-5
-1.498, 1.928e-5
-1.499, 1.955e-5
-1.500, 1.969e-5
-1.501, 1.988e-5
-1.502, 2.013e-5
-1.503, 2.045e-5
-1.504, 2.059e-5
-1.505, 2.088e-5
-1.506, 2.120e-5
-1.507, 2.141e-5
-1.508, 2.173e-5
-1.509, 2.193e-5
-1.510, 2.201e-5
-1.511, 2.231e-5
-1.512, 2.246e-5
-1.513, 2.274e-5
-1.514, 2.305e-5
-1.515, 2.326e-5
-1.516, 2.355e-5
-1.517, 2.388e-5
-1.518, 2.399e-5
-1.519, 2.419e-5
-1.520, 2.459e-5
-1.521, 2.501e-5
-1.522, 2.530e-5
-1.523, 2.559e-5
-1.524, 2.605e-5
-1.525, 2.634e-5
-1.526, 2.671e-5
-1.527, 2.703e-5
-1.528, 2.725e-5
-1.529, 2.749e-5
-1.530, 2.781e-5
-1.531, 2.797e-5
-1.532, 2.851e-5
-1.533, 2.861e-5
-1.534, 2.888e-5
-1.535, 2.933e-5
-1.536, 2.972e-5
-1.537, 3.015e-5
-1.538, 3.051e-5
-1.539, 3.099e-5
-1.540, 3.140e-5
-1.541, 3.190e-5
-1.542, 3.226e-5
-1.543, 3.275e-5
-1.544, 3.329e-5
-1.545, 3.365e-5
-1.546, 3.391e-5
-1.547, 3.419e-5
-1.548, 3.439e-5
-1.549, 3.481e-5
-1.550, 3.519e-5
-1.551, 3.566e-5
-1.552, 3.626e-5
-1.553, 3.676e-5
-1.554, 3.721e-5
-1.555, 3.770e-5
-1.556, 3.826e-5
-1.557, 3.872e-5
-1.558, 3.931e-5
-1.559, 3.975e-5
-1.560, 4.040e-5
-1.561, 4.106e-5
-1.562, 4.166e-5
-1.563, 4.177e-5
-1.564, 4.230e-5
-1.565, 4.279e-5
-1.566, 4.332e-5
-1.567, 4.407e-5
-1.568, 4.465e-5
-1.569, 4.537e-5
-1.570, 4.604e-5
-1.571, 4.686e-5
-1.572, 4.753e-5
-1.573, 4.816e-5
-1.574, 4.887e-5
-1.575, 4.974e-5
-1.576, 5.019e-5
-1.577, 5.115e-5
-1.578, 5.183e-5
-1.579, 5.264e-5
-1.580, 5.336e-5
-1.581, 5.402e-5
-1.582, 5.484e-5
-1.583, 5.535e-5
-1.584, 5.610e-5
-1.585, 5.720e-5
-1.586, 5.847e-5
-1.587, 5.921e-5
-1.588, 6.025e-5
-1.589, 6.136e-5
-1.590, 6.233e-5
-1.591, 6.353e-5
-1.592, 6.455e-5
-1.593, 6.586e-5
-1.594, 6.691e-5
-1.595, 6.768e-5
-1.596, 6.880e-5
-1.597, 6.988e-5
-1.598, 7.114e-5
-1.599, 7.220e-5
-1.600, 7.297e-5
-1.601, 7.356e-5
-1.602, 7.480e-5
-1.603, 7.561e-5
-1.604, 7.685e-5
-1.605, 7.837e-5
-1.606, 8.070e-5
-1.607, 8.167e-5
-1.608, 8.284e-5
-1.609, 8.495e-5
-1.610, 8.686e-5
-1.611, 8.764e-5
-1.612, 8.947e-5
-1.613, 9.135e-5
-1.614, 9.208e-5
-1.615, 9.382e-5
-1.616, 9.585e-5
-1.617, 9.793e-5
-1.618, 1.003e-4
-1.619, 1.016e-4
-1.620, 1.033e-4
-1.621, 1.045e-4
-1.622, 1.069e-4
-1.623, 1.091e-4
-1.624, 1.114e-4
-1.625, 1.139e-4
-1.626, 1.151e-4
-1.627, 1.179e-4
-1.628, 1.206e-4
-1.629, 1.230e-4
-1.630, 1.245e-4
-1.631, 1.269e-4
-1.632, 1.285e-4
-1.633, 1.307e-4
-1.634, 1.329e-4
-1.635, 1.356e-4
-1.636, 1.381e-4
-1.637, 1.410e-4
-1.638, 1.434e-4
-1.639, 1.464e-4
-1.640, 1.490e-4
-1.641, 1.511e-4
-1.642, 1.549e-4
-1.643, 1.571e-4
-1.644, 1.607e-4
-1.645, 1.637e-4
-1.646, 1.666e-4
-1.647, 1.696e-4
-1.648, 1.724e-4
-1.649, 1.763e-4
-1.650, 1.806e-4
-1.651, 1.851e-4
-1.652, 1.846e-4
-1.653, 1.876e-4
-1.654, 1.926e-4
-1.655, 1.955e-4
-1.656, 2.007e-4
-1.657, 2.037e-4
-1.658, 2.074e-4
-1.659, 2.105e-4
-1.660, 2.166e-4
-1.661, 2.220e-4
-1.662, 2.249e-4
-1.663, 2.288e-4
-1.664, 2.317e-4
-1.665, 2.383e-4
-1.666, 2.425e-4
-1.667, 2.478e-4
-1.668, 2.524e-4
-1.669, 2.568e-4
-1.670, 2.612e-4
-1.671, 2.670e-4
-1.672, 2.727e-4
-1.673, 2.777e-4
-1.674, 2.835e-4
-1.675, 2.881e-4
-1.676, 2.934e-4
-1.677, 2.969e-4
-1.678, 3.039e-4
-1.679, 3.078e-4
-1.680, 3.142e-4
-1.681, 3.206e-4
-1.682, 3.273e-4
-1.683, 3.318e-4
-1.684, 3.388e-4
-1.685, 3.448e-4
-1.686, 3.493e-4
-1.687, 3.566e-4
-1.688, 3.647e-4
-1.689, 3.717e-4
-1.690, 3.785e-4
-1.691, 3.852e-4
-1.692, 3.925e-4
-1.693, 3.983e-4
-1.694, 4.032e-4
-1.695, 4.137e-4
-1.696, 4.208e-4
-1.697, 4.277e-4
-1.698, 4.392e-4
-1.699, 4.442e-4
-1.700, 4.542e-4
-1.701, 4.631e-4
-1.702, 4.713e-4
-1.703, 4.812e-4
-1.704, 4.906e-4
-1.705, 4.975e-4
-1.706, 5.075e-4
-1.707, 5.157e-4
-1.708, 5.231e-4
-1.709, 5.329e-4
-1.710, 5.416e-4
-1.711, 5.510e-4
-1.712, 5.633e-4
-1.713, 5.732e-4
-1.714, 5.837e-4
-1.715, 5.961e-4
-1.716, 6.029e-4
-1.717, 6.139e-4
-1.718, 6.258e-4
-1.719, 6.363e-4
-1.720, 6.508e-4
-1.721, 6.590e-4
-1.722, 6.712e-4
-1.723, 6.832e-4
-1.724, 6.953e-4
-1.725, 7.058e-4
-1.726, 7.213e-4
-1.727, 7.363e-4
-1.728, 7.472e-4
-1.729, 7.609e-4
-1.730, 7.746e-4
-1.731, 7.908e-4
-1.732, 8.033e-4
-1.733, 8.227e-4
-1.734, 8.354e-4
-1.735, 8.489e-4
-1.736, 8.629e-4
-1.737, 8.789e-4
-1.738, 8.958e-4
-1.739, 9.114e-4
-1.740, 9.318e-4
-1.741, 9.478e-4
-1.742, 9.648e-4
-1.743, 9.831e-4
-1.744, 1.002e-3
-1.745, 1.021e-3
-1.746, 1.042e-3
-1.747, 1.064e-3
-1.748, 1.086e-3
-1.749, 1.112e-3
-1.750, 1.134e-3
-1.751, 1.153e-3
-1.752, 1.175e-3
-1.753, 1.198e-3
-1.754, 1.221e-3
-1.755, 1.245e-3
-1.756, 1.269e-3
-1.757, 1.295e-3
-1.758, 1.315e-3
-1.759, 1.345e-3
-1.760, 1.367e-3
-1.761, 1.393e-3
-1.762, 1.421e-3
-1.763, 1.447e-3
-1.764, 1.477e-3
-1.765, 1.506e-3
-1.766, 1.537e-3
-1.767, 1.574e-3
-1.768, 1.604e-3
-1.769, 1.636e-3
-1.770, 1.669e-3
-1.771, 1.705e-3
-1.772, 1.735e-3
-1.773, 1.772e-3
-1.774, 1.805e-3
-1.775, 1.837e-3
-1.776, 1.873e-3
-1.777, 1.910e-3
-1.778, 1.945e-3
-1.779, 1.983e-3
-1.780, 2.019e-3
-1.781, 2.060e-3
-1.782, 2.100e-3
-1.783, 2.146e-3
-1.784, 2.189e-3
-1.785, 2.232e-3
-1.786, 2.272e-3
-1.787, 2.321e-3
-1.788, 2.363e-3
-1.789, 2.409e-3
-1.790, 2.452e-3
-1.791, 2.500e-3
-1.792, 2.549e-3
-1.793, 2.595e-3
-1.794, 2.643e-3
-1.795, 2.691e-3
-1.796, 2.744e-3
-1.797, 2.791e-3
-1.798, 2.842e-3
-1.799, 2.893e-3
-1.800, 2.944e-3
-1.801, 2.996e-3
-1.802, 3.050e-3
-1.803, 3.103e-3
-1.804, 3.158e-3
-1.805, 3.208e-3
-1.806, 3.265e-3
-1.807, 3.327e-3
-1.808, 3.387e-3
-1.809, 3.438e-3
-1.810, 3.498e-3
-1.811, 3.556e-3
-1.812, 3.617e-3
-1.813, 3.675e-3
-1.814, 3.734e-3
-1.815, 3.795e-3
-1.816, 3.854e-3
-1.817, 3.913e-3
-1.818, 3.978e-3
-1.819, 4.045e-3
-1.820, 4.120e-3
-1.821, 4.182e-3
-1.822, 4.242e-3
-1.823, 4.306e-3
-1.824, 4.380e-3
-1.825, 4.441e-3
-1.826, 4.507e-3
-1.827, 4.569e-3
-1.828, 4.632e-3
-1.829, 4.700e-3
-1.830, 4.768e-3
-1.831, 4.832e-3
-1.832, 4.909e-3
-1.833, 4.974e-3
-1.834, 5.043e-3
-1.835, 5.113e-3
-1.836, 5.187e-3
-1.837, 5.251e-3
-1.838, 5.318e-3
-1.839, 5.377e-3
-1.840, 5.445e-3
-1.841, 5.510e-3
-1.842, 5.577e-3
-1.843, 5.644e-3
-1.844, 5.724e-3
-1.845, 5.792e-3
-1.846, 5.861e-3
-1.847, 5.934e-3
-1.848, 6.004e-3
-1.849, 6.069e-3
-1.850, 6.131e-3
-1.851, 6.208e-3
-1.852, 6.284e-3
-1.853, 6.342e-3
-1.854, 6.407e-3
-1.855, 6.469e-3
-1.856, 6.540e-3
-1.857, 6.602e-3
-1.858, 6.670e-3
-1.859, 6.763e-3
-1.860, 6.853e-3
-1.861, 6.933e-3
-1.862, 6.983e-3
-1.863, 7.023e-3
-1.864, 7.095e-3
-1.865, 7.217e-3
-1.866, 7.280e-3
-1.867, 7.346e-3
-1.868, 7.413e-3
-1.869, 7.468e-3
-1.870, 7.545e-3
-1.871, 7.656e-3
-1.872, 7.694e-3
-1.873, 7.732e-3
-1.874, 7.804e-3
-1.875, 7.907e-3
-1.876, 8.012e-3
-1.877, 8.095e-3
-1.878, 8.147e-3
-1.879, 8.187e-3
-1.880, 8.283e-3
-1.881, 8.340e-3
-1.882, 8.411e-3
-1.883, 8.431e-3
-1.884, 8.482e-3
-1.885, 8.544e-3
-1.886, 8.673e-3
-1.887, 8.745e-3
-1.888, 8.825e-3
-1.889, 8.927e-3
-1.890, 8.994e-3
-1.891, 9.014e-3
-1.892, 9.047e-3
-1.893, 9.124e-3
-1.894, 9.199e-3
-1.895, 9.294e-3
-1.896, 9.378e-3
-1.897, 9.489e-3
-1.898, 9.546e-3
-1.899, 9.608e-3
-1.900, 9.658e-3
-1.899, 9.575e-3
-1.898, 9.486e-3
-1.897, 9.440e-3
-1.896, 9.383e-3
-1.895, 9.328e-3
-1.894, 9.276e-3
-1.893, 9.237e-3
-1.892, 9.159e-3
-1.891, 9.094e-3
-1.890, 9.029e-3
-1.889, 8.946e-3
-1.888, 8.922e-3
-1.887, 8.838e-3
-1.886, 8.761e-3
-1.885, 8.681e-3
-1.884, 8.595e-3
-1.883, 8.537e-3
-1.882, 8.487e-3
-1.881, 8.414e-3
-1.880, 8.348e-3
-1.879, 8.294e-3
-1.878, 8.219e-3
-1.877, 8.143e-3
-1.876, 8.065e-3
-1.875, 7.976e-3
-1.874, 7.905e-3
-1.873, 7.818e-3
-1.872, 7.765e-3
-1.871, 7.751e-3
-1.870, 7.685e-3
-1.869, 7.638e-3
-1.868, 7.599e-3
-1.867, 7.521e-3
-1.866, 7.451e-3
-1.865, 7.357e-3
-1.864, 7.342e-3
-1.863, 7.314e-3
-1.862, 7.278e-3
-1.861, 7.235e-3
-1.860, 7.175e-3
-1.859, 7.130e-3
-1.858, 7.063e-3
-1.857, 6.996e-3
-1.856, 6.936e-3
-1.855, 6.876e-3
-1.854, 6.832e-3
-1.853, 6.774e-3
-1.852, 6.722e-3
-1.851, 6.665e-3
-1.850, 6.606e-3
-1.849, 6.543e-3
-1.848, 6.492e-3
-1.847, 6.437e-3
-1.846, 6.385e-3
-1.845, 6.344e-3
-1.844, 6.299e-3
-1.843, 6.245e-3
-1.842, 6.177e-3
-1.841, 6.124e-3
-1.840, 6.082e-3
-1.839, 6.035e-3
-1.838, 5.992e-3
-1.837, 5.948e-3
-1.836, 5.898e-3
-1.835, 5.841e-3
-1.834, 5.793e-3
-1.833, 5.731e-3
-1.832, 5.671e-3
-1.831, 5.616e-3
-1.830, 5.565e-3
-1.829, 5.507e-3
-1.828, 5.436e-3
-1.827, 5.371e-3
-1.826, 5.315e-3
-1.825, 5.276e-3
-1.824, 5.229e-3
-1.823, 5.201e-3
-1.822, 5.142e-3
-1.821, 5.086e-3
-1.820, 5.030e-3
-1.819, 4.975e-3
-1.818, 4.916e-3
-1.817, 4.860e-3
-1.816, 4.807e-3
-1.815, 4.768e-3
-1.814, 4.741e-3
-1.813, 4.698e-3
-1.812, 4.636e-3
-1.811, 4.575e-3
-1.810, 4.520e-3
-1.809, 4.464e-3
-1.808, 4.404e-3
-1.807, 4.361e-3
-1.806, 4.308e-3
-1.805, 4.262e-3
-1.804, 4.221e-3
-1.803, 4.179e-3
-1.802, 4.153e-3
-1.801, 4.114e-3
-1.800, 4.074e-3
-1.799, 4.025e-3
-1.798, 3.979e-3
-1.797, 3.942e-3
-1.796, 3.906e-3
-1.795, 3.865e-3
-1.794, 3.820e-3
-1.793, 3.774e-3
-1.792, 3.729e-3
-1.791, 3.689e-3
-1.790, 3.655e-3
-1.789, 3.618e-3
-1.788, 3.578e-3
-1.787, 3.539e-3
-1.786, 3.501e-3
-1.785, 3.452e-3
-1.784, 3.410e-3
-1.783, 3.363e-3
-1.782, 3.314e-3
-1.781, 3.274e-3
-1.780, 3.232e-3
-1.779, 3.194e-3
-1.778, 3.158e-3
-1.777, 3.116e-3
-1.776, 3.077e-3
-1.775, 3.031e-3
-1.774, 2.985e-3
-1.773, 2.945e-3
-1.772, 2.911e-3
-1.771, 2.884e-3
-1.770, 2.846e-3
-1.769, 2.809e-3
-1.768, 2.771e-3
-1.767, 2.730e-3
-1.766, 2.690e-3
-1.765, 2.654e-3
-1.764, 2.621e-3
-1.763, 2.586e-3
-1.762, 2.553e-3
-1.761, 2.517e-3
-1.760, 2.480e-3
-1.759, 2.443e-3
-1.758, 2.404e-3
-1.757, 2.368e-3
-1.756, 2.333e-3
-1.755, 2.297e-3
-1.754, 2.259e-3
-1.753, 2.220e-3
-1.752, 2.188e-3
-1.751, 2.155e-3
-1.750, 2.125e-3
-1.749, 2.093e-3
-1.748, 2.060e-3
-1.747, 2.028e-3
-1.746, 1.996e-3
-1.745, 1.966e-3
-1.744, 1.933e-3
-1.743, 1.904e-3
-1.742, 1.875e-3
-1.741, 1.848e-3
-1.740, 1.817e-3
-1.739, 1.790e-3
-1.738, 1.760e-3
-1.737, 1.738e-3
-1.736, 1.716e-3
-1.735, 1.692e-3
-1.734, 1.671e-3
-1.733, 1.647e-3
-1.732, 1.622e-3
-1.731, 1.597e-3
-1.730, 1.584e-3
-1.729, 1.563e-3
-1.728, 1.532e-3
-1.727, 1.505e-3
-1.726, 1.482e-3
-1.725, 1.458e-3
-1.724, 1.434e-3
-1.723, 1.411e-3
-1.722, 1.389e-3
-1.721, 1.366e-3
-1.720, 1.341e-3
-1.719, 1.321e-3
-1.718, 1.299e-3
-1.717, 1.279e-3
-1.716, 1.258e-3
-1.715, 1.237e-3
-1.714, 1.217e-3
-1.713, 1.197e-3
-1.712, 1.176e-3
-1.711, 1.158e-3
-1.710, 1.139e-3
-1.709, 1.119e-3
-1.708, 1.101e-3
-1.707, 1.083e-3
-1.706, 1.064e-3
-1.705, 1.043e-3
-1.704, 1.025e-3
-1.703, 1.010e-3
-1.702, 9.938e-4
-1.701, 9.762e-4
-1.700, 9.577e-4
-1.699, 9.402e-4
-1.698, 9.225e-4
-1.697, 9.081e-4
-1.696, 8.921e-4
-1.695, 8.772e-4
-1.694, 8.628e-4
-1.693, 8.503e-4
-1.692, 8.368e-4
-1.691, 8.189e-4
-1.690, 8.069e-4
-1.689, 7.885e-4
-1.688, 7.755e-4
-1.687, 7.713e-4
-1.686, 7.562e-4
-1.685, 7.432e-4
-1.684, 7.314e-4
-1.683, 7.181e-4
-1.682, 7.056e-4
-1.681, 6.933e-4
-1.680, 6.803e-4
-1.679, 6.667e-4
-1.678, 6.567e-4
-1.677, 6.452e-4
-1.676, 6.333e-4
-1.675, 6.227e-4
-1.674, 6.108e-4
-1.673, 6.003e-4
-1.672, 5.907e-4
-1.671, 5.804e-4
-1.670, 5.678e-4
-1.669, 5.581e-4
-1.668, 5.483e-4
-1.667, 5.382e-4
-1.666, 5.288e-4
-1.665, 5.207e-4
-1.664, 5.094e-4
-1.663, 5.022e-4
-1.662, 4.930e-4
-1.661, 4.837e-4
-1.660, 4.751e-4
-1.659, 4.664e-4
-1.658, 4.575e-4
-1.657, 4.510e-4
-1.656, 4.415e-4
-1.655, 4.332e-4
-1.654, 4.238e-4
-1.653, 4.186e-4
-1.652, 4.107e-4
-1.651, 4.023e-4
-1.650, 3.955e-4
-1.649, 3.880e-4
-1.648, 3.822e-4
-1.647, 3.758e-4
-1.646, 3.684e-4
-1.645, 3.592e-4
-1.644, 3.516e-4
-1.643, 3.462e-4
-1.642, 3.404e-4
-1.641, 3.340e-4
-1.640, 3.270e-4
-1.639, 3.193e-4
-1.638, 3.135e-4
-1.637, 3.082e-4
-1.636, 3.019e-4
-1.635, 2.966e-4
-1.634, 2.923e-4
-1.633, 2.853e-4
-1.632, 2.812e-4
-1.631, 2.757e-4
-1.630, 2.698e-4
-1.629, 2.657e-4
-1.628, 2.602e-4
-1.627, 2.570e-4
-1.626, 2.518e-4
-1.625, 2.462e-4
-1.624, 2.425e-4
-1.623, 2.384e-4
-1.622, 2.332e-4
-1.621, 2.286e-4
-1.620, 2.242e-4
-1.619, 2.194e-4
-1.618, 2.158e-4
-1.617, 2.115e-4
-1.616, 2.076e-4
-1.615, 2.030e-4
-1.614, 1.988e-4
-1.613, 1.945e-4
-1.612, 1.912e-4
-1.611, 1.875e-4
-1.610, 1.837e-4
-1.609, 1.807e-4
-1.608, 1.775e-4
-1.607, 1.742e-4
-1.606, 1.711e-4
-1.605, 1.675e-4
-1.604, 1.636e-4
-1.603, 1.605e-4
-1.602, 1.580e-4
-1.601, 1.548e-4
-1.600, 1.521e-4
-1.599, 1.484e-4
-1.598, 1.461e-4
-1.597, 1.443e-4
-1.596, 1.411e-4
-1.595, 1.380e-4
-1.594, 1.356e-4
-1.593, 1.331e-4
-1.592, 1.309e-4
-1.591, 1.278e-4
-1.590, 1.243e-4
-1.589, 1.220e-4
-1.588, 1.201e-4
-1.587, 1.181e-4
-1.586, 1.155e-4
-1.585, 1.135e-4
-1.584, 1.111e-4
-1.583, 1.092e-4
-1.582, 1.073e-4
-1.581, 1.050e-4
-1.580, 1.029e-4
-1.579, 1.007e-4
-1.578, 9.866e-5
-1.577, 9.690e-5
-1.576, 9.510e-5
-1.575, 9.323e-5
-1.574, 9.119e-5
-1.573, 8.916e-5
-1.572, 8.749e-5
-1.571, 8.552e-5
-1.570, 8.370e-5
-1.569, 8.223e-5
-1.568, 8.017e-5
-1.567, 7.868e-5
-1.566, 7.728e-5
-1.565, 7.592e-5
-1.564, 7.443e-5
-1.563, 7.287e-5
-1.562, 7.159e-5
-1.561, 7.020e-5
-1.560, 6.841e-5
-1.559, 6.685e-5
-1.558, 6.605e-5
-1.557, 6.477e-5
-1.556, 6.359e-5
-1.555, 6.222e-5
-1.554, 6.060e-5
-1.553, 5.935e-5
-1.552, 5.822e-5
-1.551, 5.708e-5
-1.550, 5.610e-5
-1.549, 5.530e-5
-1.548, 5.402e-5
-1.547, 5.314e-5
-1.546, 5.186e-5
-1.545, 5.043e-5
-1.544, 4.966e-5
-1.543, 4.848e-5
-1.542, 4.744e-5
-1.541, 4.660e-5
-1.540, 4.576e-5
-1.539, 4.494e-5
-1.538, 4.406e-5
-1.537, 4.307e-5
-1.536, 4.201e-5
-1.535, 4.110e-5
-1.534, 4.020e-5
-1.533, 3.956e-5
-1.532, 3.875e-5
-1.531, 3.813e-5
-1.530, 3.730e-5
-1.529, 3.674e-5
-1.528, 3.608e-5
-1.527, 3.531e-5
-1.526, 3.473e-5
-1.525, 3.406e-5
-1.524, 3.351e-5
-1.523, 3.253e-5
-1.522, 3.158e-5
-1.521, 3.101e-5
-1.520, 3.055e-5
-1.519, 3.009e-5
-1.518, 2.940e-5
-1.517, 2.866e-5
-1.516, 2.809e-5
-1.515, 2.757e-5
-1.514, 2.700e-5
-1.513, 2.647e-5
-1.512, 2.593e-5
-1.511, 2.556e-5
-1.510, 2.497e-5
-1.509, 2.448e-5
-1.508, 2.404e-5
-1.507, 2.354e-5
-1.506, 2.308e-5
-1.505, 2.256e-5
-1.504, 2.217e-5
-1.503, 2.171e-5
-1.502, 2.119e-5
-1.501, 2.075e-5
-1.500, 2.052e-5
-1.499, 2.011e-5
-1.498, 1.964e-5
-1.497, 1.928e-5
-1.496, 1.887e-5
-1.495, 1.850e-5
-1.494, 1.807e-5
-1.493, 1.781e-5
-1.492, 1.737e-5
-1.491, 1.694e-5
-1.490, 1.673e-5
-1.489, 1.625e-5
-1.488, 1.602e-5
-1.487, 1.577e-5
-1.486, 1.538e-5
-1.485, 1.517e-5
-1.484, 1.486e-5
-1.483, 1.452e-5
-1.482, 1.420e-5
-1.481, 1.387e-5
-1.480, 1.364e-5
-1.479, 1.338e-5
-1.478, 1.309e-5
-1.477, 1.279e-5
-1.476, 1.252e-5
-1.475, 1.228e-5
-1.474, 1.201e-5
-1.473, 1.177e-5
-1.472, 1.153e-5
-1.471, 1.125e-5
-1.470, 1.109e-5
-1.469, 1.082e-5
-1.468, 1.059e-5
-1.467, 1.036e-5
-1.466, 1.013e-5
-1.465, 9.994e-6
-1.464, 9.735e-6
-1.463, 9.515e-6
-1.462, 9.309e-6
-1.461, 9.145e-6
-1.460, 9.009e-6
-1.459, 8.774e-6
-1.458, 8.489e-6
-1.457, 8.340e-6
-1.456, 8.144e-6
-1.455, 8.036e-6
-1.454, 7.899e-6
-1.453, 7.729e-6
-1.452, 7.548e-6
-1.451, 7.370e-6
-1.450, 7.248e-6
-1.449, 7.072e-6
-1.448, 6.917e-6
-1.447, 6.762e-6
-1.446, 6.660e-6
-1.445, 6.529e-6
-1.444, 6.378e-6
-1.443, 6.255e-6
-1.442, 6.139e-6
-1.441, 6.003e-6
-1.440, 5.867e-6
-1.439, 5.748e-6
-1.438, 5.662e-6
-1.437, 5.537e-6
-1.436, 5.415e-6
-1.435, 5.242e-6
-1.434, 5.147e-6
-1.433, 4.986e-6
-1.432, 4.923e-6
-1.431, 4.791e-6
-1.430, 4.710e-6
-1.429, 4.596e-6
-1.428, 4.448e-6
-1.427, 4.361e-6
-1.426, 4.269e-6
-1.425, 4.172e-6
-1.424, 4.092e-6
-1.423, 4.031e-6
-1.422, 3.977e-6
-1.421, 3.873e-6
-1.420, 3.819e-6
-1.419, 3.655e-6
-1.418, 3.533e-6
-1.417, 3.458e-6
-1.416, 3.383e-6
-1.415, 3.319e-6
-1.414, 3.246e-6
-1.413, 3.174e-6
-1.412, 3.102e-6
-1.411, 3.045e-6
-1.410, 2.978e-6
-1.409, 2.891e-6
-1.408, 2.834e-6
-1.407, 2.768e-6
-1.406, 2.668e-6
-1.405, 2.632e-6
-1.404, 2.563e-6
-1.403, 2.494e-6
-1.402, 2.441e-6
-1.401, 2.373e-6
-1.400, 2.309e-6
-1.399, 2.258e-6
-1.398, 2.240e-6
-1.397, 2.159e-6
-1.396, 2.111e-6
-1.395, 2.044e-6
-1.394, 2.002e-6
-1.393, 1.953e-6
-1.392, 1.915e-6
-1.391, 1.831e-6
-1.390, 1.812e-6
-1.389, 1.762e-6
-1.388, 1.700e-6
-1.387, 1.682e-6
-1.386, 1.623e-6
-1.385, 1.574e-6
-1.384, 1.533e-6
-1.383, 1.487e-6
-1.382, 1.461e-6
-1.381, 1.428e-6
-1.380, 1.358e-6
-1.379, 1.323e-6
-1.378, 1.302e-6
-1.377, 1.281e-6
-1.376, 1.246e-6
-1.375, 1.216e-6
-1.374, 1.154e-6
-1.373, 1.169e-6
-1.372, 1.105e-6
-1.371, 1.082e-6
-1.370, 1.035e-6
-1.369, 1.015e-6
-1.368, 9.696e-7
-1.367, 9.667e-7
-1.366, 9.085e-7
-1.365, 8.789e-7
-1.364, 8.798e-7
-1.363, 8.414e-7
-1.362, 8.216e-7
-1.361, 7.871e-7
-1.360, 7.812e-7
-1.359, 7.388e-7
-1.358, 7.457e-7
-1.357, 6.894e-7
-1.356, 6.687e-7
-1.355, 6.302e-7
-1.354, 6.223e-7
-1.353, 5.957e-7
-1.352, 5.849e-7
-1.351, 5.602e-7
-1.350, 5.118e-7
-1.349, 5.227e-7
-1.348, 4.941e-7
-1.347, 4.882e-7
-1.346, 4.645e-7
-1.345, 4.369e-7
-1.344, 4.250e-7
-1.343, 4.092e-7
-1.342, 3.856e-7
-1.341, 3.836e-7
-1.340, 3.589e-7
-1.339, 3.579e-7
-1.338, 3.155e-7
-1.337, 3.135e-7
-1.336, 2.869e-7
-1.335, 2.751e-7
-1.334, 2.642e-7
-1.333, 2.474e-7
-1.332, 2.425e-7
-1.331, 2.139e-7
-1.330, 1.744e-7
-1.329, 2.099e-7
-1.328, 2.001e-7
-1.327, 1.705e-7
-1.326, 1.557e-7
-1.325, 1.438e-7
-1.324, 1.290e-7
-1.323, 1.241e-7
-1.322, 1.221e-7
-1.321, 1.034e-7
-1.320, 9.353e-8
-1.319, 7.774e-8
-1.318, 5.111e-8
-1.317, 6.393e-8
-1.316, 3.532e-8
-1.315, 3.039e-8
-1.314, 2.052e-8
-1.313, 1.953e-8
-1.312, -2.171e-9
-1.311, 1.657e-8
-1.310, 5.722e-9
-1.309, 8.682e-9
-1.308, -1.500e-8
-1.307, -3.769e-8
-1.306, -3.473e-8
-1.305, -3.769e-8
-1.304, -3.966e-8
-1.303, -5.545e-8
-1.302, -6.235e-8
-1.301, -6.827e-8
-1.300, -7.518e-8
-1.299, -8.406e-8
-1.298, -7.123e-8
-1.297, -1.028e-7
-1.296, -9.787e-8
-1.295, -9.886e-8
-1.294, -1.215e-7
-1.293, -1.186e-7
-1.292, -1.294e-7
-1.291, -1.433e-7
-1.290, -1.255e-7
-1.289, -1.571e-7
-1.288, -1.373e-7
-1.287, -1.433e-7
-1.286, -1.729e-7
-1.285, -1.788e-7
-1.284, -1.837e-7
-1.283, -1.867e-7
-1.282, -2.005e-7
-1.281, -1.857e-7
-1.280, -2.103e-7
-1.279, -1.985e-7
-1.278, -2.261e-7
-1.277, -2.074e-7
-1.276, -2.261e-7
-1.275, -2.330e-7
-1.274, -2.281e-7
-1.273, -2.459e-7
-1.272, -2.399e-7
-1.271, -2.646e-7
-1.270, -2.587e-7
-1.269, -2.666e-7
-1.268, -2.656e-7
-1.267, -2.804e-7
-1.266, -2.824e-7
-1.265, -2.903e-7
-1.264, -2.764e-7
-1.263, -2.942e-7
-1.262, -2.991e-7
-1.261, -2.952e-7
-1.260, -3.159e-7
-1.259, -3.149e-7
-1.258, -3.189e-7
-1.257, -3.189e-7
-1.256, -3.337e-7
-1.255, -3.287e-7
-1.254, -3.445e-7
-1.253, -3.475e-7
-1.252, -3.297e-7
-1.251, -3.297e-7
-1.250, -3.514e-7
-1.249, -3.475e-7
-1.248, -3.662e-7
-1.247, -3.662e-7
-1.246, -3.771e-7
-1.245, -3.445e-7
-1.244, -3.702e-7
-1.243, -3.741e-7
-1.242, -3.820e-7
-1.241, -3.771e-7
-1.240, -3.741e-7
-1.239, -3.929e-7
-1.238, -4.086e-7
-1.237, -3.929e-7
-1.236, -3.958e-7
-1.235, -4.017e-7
-1.234, -3.998e-7
-1.233, -4.126e-7
-1.232, -3.879e-7
-1.231, -4.126e-7
-1.230, -4.086e-7
-1.229, -4.452e-7
-1.228, -4.432e-7
-1.227, -4.333e-7
-1.226, -4.530e-7
-1.225, -4.501e-7
-1.224, -4.511e-7
-1.223, -4.452e-7
-1.222, -4.629e-7
-1.221, -4.609e-7
-1.220, -4.757e-7
-1.219, -4.639e-7
-1.218, -4.747e-7
-1.217, -4.649e-7
-1.216, -4.688e-7
-1.215, -4.797e-7
-1.214, -4.688e-7
-1.213, -4.846e-7
-1.212, -4.777e-7
-1.211, -5.024e-7
-1.210, -4.886e-7
-1.209, -5.004e-7
-1.208, -4.974e-7
-1.207, -4.994e-7
-1.206, -4.955e-7
-1.205, -5.063e-7
-1.204, -5.073e-7
-1.203, -5.339e-7
-1.202, -5.093e-7
-1.201, -5.113e-7
-1.200, -5.251e-7
-1.199, -5.280e-7
-1.198, -5.369e-7
-1.197, -5.142e-7
-1.196, -5.507e-7
-1.195, -5.330e-7
-1.194, -5.428e-7
-1.193, -5.418e-7
-1.192, -5.369e-7
-1.191, -5.507e-7
-1.190, -5.478e-7
-1.189, -5.734e-7
-1.188, -5.596e-7
-1.187, -5.803e-7
-1.186, -5.635e-7
-1.185, -5.852e-7
-1.184, -5.704e-7
-1.183, -5.882e-7
-1.182, -5.645e-7
-1.181, -6.010e-7
-1.180, -5.941e-7
-1.179, -6.089e-7
-1.178, -5.971e-7
-1.177, -6.218e-7
-1.176, -6.119e-7
-1.175, -6.227e-7
-1.174, -6.346e-7
-1.173, -6.296e-7
-1.172, -6.267e-7
-1.171, -6.277e-7
-1.170, -6.306e-7
-1.169, -6.287e-7
-1.168, -6.583e-7
-1.167, -6.494e-7
-1.166, -6.612e-7
-1.165, -6.661e-7
-1.164, -6.701e-7
-1.163, -6.711e-7
-1.162, -6.800e-7
-1.161, -6.750e-7
-1.160, -6.888e-7
-1.159, -6.997e-7
-1.158, -7.096e-7
-1.157, -6.948e-7
-1.156, -7.036e-7
-1.155, -7.145e-7
-1.154, -7.165e-7
-1.153, -7.362e-7
-1.152, -7.323e-7
-1.151, -7.480e-7
-1.150, -7.372e-7
-1.149, -7.470e-7
-1.148, -7.480e-7
-1.147, -7.510e-7
-1.146, -7.658e-7
-1.145, -7.688e-7
-1.144, -7.766e-7
-1.143, -7.668e-7
-1.142, -7.964e-7
-1.141, -8.072e-7
-1.140, -8.062e-7
-1.139, -8.092e-7
-1.138, -8.201e-7
-1.137, -8.358e-7
-1.136, -8.309e-7
-1.135, -8.299e-7
-1.134, -8.497e-7
-1.133, -8.418e-7
-1.132, -8.566e-7
-1.131, -8.506e-7
-1.130, -8.664e-7
-1.129, -8.852e-7
-1.128, -8.832e-7
-1.127, -8.852e-7
-1.126, -9.019e-7
-1.125, -9.108e-7
-1.124, -9.177e-7
-1.123, -9.217e-7
-1.122, -9.335e-7
-1.121, -9.444e-7
-1.120, -9.572e-7
-1.119, -9.602e-7
-1.118, -9.641e-7
-1.117, -9.671e-7
-1.116, -9.779e-7
-1.115, -9.878e-7
-1.114, -1.006e-6
-1.113, -1.001e-6
-1.112, -1.015e-6
-1.111, -1.028e-6
-1.110, -1.035e-6
-1.109, -1.034e-6
-1.108, -1.048e-6
-1.107, -1.064e-6
-1.106, -1.062e-6
-1.105, -1.067e-6
-1.104, -1.056e-6
-1.103, -1.087e-6
-1.102, -1.094e-6
-1.101, -1.108e-6
-1.100, -1.123e-6
-1.099, -1.132e-6
-1.098, -1.131e-6
-1.097, -1.145e-6
-1.096, -1.154e-6
-1.095, -1.140e-6
-1.094, -1.177e-6
-1.093, -1.160e-6
-1.092, -1.188e-6
-1.091, -1.194e-6
-1.090, -1.188e-6
-1.089, -1.209e-6
-1.088, -1.215e-6
-1.087, -1.235e-6
-1.086, -1.240e-6
-1.085, -1.255e-6
-1.084, -1.254e-6
-1.083, -1.275e-6
-1.082, -1.269e-6
-1.081, -1.271e-6
-1.080, -1.282e-6
-1.079, -1.292e-6
-1.078, -1.312e-6
-1.077, -1.330e-6
-1.076, -1.344e-6
-1.075, -1.350e-6
-1.074, -1.362e-6
-1.073, -1.373e-6
-1.072, -1.384e-6
-1.071, -1.384e-6
-1.070, -1.405e-6
-1.069, -1.397e-6
-1.068, -1.401e-6
-1.067, -1.412e-6
-1.066, -1.422e-6
-1.065, -1.452e-6
-1.064, -1.446e-6
-1.063, -1.465e-6
-1.062, -1.481e-6
-1.061, -1.489e-6
-1.060, -1.476e-6
-1.059, -1.495e-6
-1.058, -1.517e-6
-1.057, -1.516e-6
-1.056, -1.531e-6
-1.055, -1.533e-6
-1.054, -1.558e-6
-1.053, -1.558e-6
-1.052, -1.562e-6
-1.051, -1.590e-6
-1.050, -1.589e-6
-1.049, -1.602e-6
-1.048, -1.619e-6
-1.047, -1.620e-6
-1.046, -1.633e-6
-1.045, -1.624e-6
-1.044, -1.661e-6
-1.043, -1.665e-6
-1.042, -1.684e-6
-1.041, -1.703e-6
-1.040, -1.695e-6
-1.039, -1.702e-6
-1.038, -1.731e-6
-1.037, -1.740e-6
-1.036, -1.759e-6
-1.035, -1.769e-6
-1.034, -1.778e-6
-1.033, -1.792e-6
-1.032, -1.793e-6
-1.031, -1.809e-6
-1.030, -1.827e-6
-1.029, -1.824e-6
-1.028, -1.839e-6
-1.027, -1.874e-6
-1.026, -1.868e-6
-1.025, -1.892e-6
-1.024, -1.903e-6
-1.023, -1.916e-6
-1.022, -1.935e-6
-1.021, -1.942e-6
-1.020, -1.959e-6
-1.019, -1.960e-6
-1.018, -1.987e-6
-1.017, -1.982e-6
-1.016, -2.009e-6
-1.015, -2.030e-6
-1.014, -2.046e-6
-1.013, -2.047e-6
-1.012, -2.070e-6
-1.011, -2.089e-6
-1.010, -2.101e-6
-1.009, -2.102e-6
-1.008, -2.102e-6
-1.007, -2.129e-6
-1.006, -2.144e-6
-1.005, -2.161e-6
-1.004, -2.169e-6
-1.003, -2.188e-6
-1.002, -2.188e-6
-1.001, -2.224e-6
-1.000, -1.908e-6
-1.001, -1.666e-6
-1.002, -1.495e-6
-1.003, -1.341e-6
-1.004, -1.230e-6
-1.005, -1.115e-6
-1.006, -1.021e-6
-1.007, -9.158e-7
-1.008, -8.319e-7
-1.009, -7.480e-7
-1.010, -6.790e-7
-1.011, -5.892e-7
-1.012, -5.310e-7
-1.013, -4.639e-7
-1.014, -4.096e-7
-1.015, -3.396e-7
-1.016, -3.001e-7
-1.017, -2.577e-7
-1.018, -1.877e-7
-1.019, -1.561e-7
-1.020, -1.038e-7
-1.021, -7.222e-8
-1.022, -2.486e-8
-1.023, 3.749e-9
-1.024, 4.913e-8
-1.025, 1.192e-7
-1.026, 1.389e-7
-1.027, 1.695e-7
-1.028, 2.030e-7
-1.029, 2.090e-7
-1.030, 2.504e-7
-1.031, 2.721e-7
-1.032, 3.195e-7
-1.033, 3.422e-7
-1.034, 3.579e-7
-1.035, 3.935e-7
-1.036, 4.122e-7
-1.037, 4.457e-7
-1.038, 4.576e-7
-1.039, 4.872e-7
-1.040, 5.059e-7
-1.041, 5.355e-7
-1.042, 5.483e-7
-1.043, 5.710e-7
-1.044, 5.908e-7
-1.045, 6.046e-7
-1.046, 6.362e-7
-1.047, 6.598e-7
-1.048, 6.549e-7
-1.049, 6.786e-7
-1.050, 7.082e-7
-1.051, 7.102e-7
-1.052, 7.388e-7
-1.053, 7.447e-7
-1.054, 7.753e-7
-1.055, 7.881e-7
-1.056, 8.197e-7
-1.057, 8.059e-7
-1.058, 8.384e-7
-1.059, 8.463e-7
-1.060, 8.591e-7
-1.061, 8.789e-7
-1.062, 8.868e-7
-1.063, 9.124e-7
-1.064, 8.986e-7
-1.065, 9.341e-7
-1.066, 9.311e-7
-1.067, 9.440e-7
-1.068, 9.686e-7
-1.069, 9.825e-7
-1.070, 9.894e-7
-1.071, 9.953e-7
-1.072, 9.913e-7
-1.073, 1.026e-6
-1.074, 1.015e-6
-1.075, 1.040e-6
-1.076, 1.061e-6
-1.077, 1.053e-6
-1.078, 1.078e-6
-1.079, 1.067e-6
-1.080, 1.087e-6
-1.081, 1.092e-6
-1.082, 1.100e-6
-1.083, 1.108e-6
-1.084, 1.123e-6
-1.085, 1.118e-6
-1.086, 1.137e-6
-1.087, 1.154e-6
-1.088, 1.163e-6
-1.089, 1.174e-6
-1.090, 1.171e-6
-1.091, 1.175e-6
-1.092, 1.184e-6
-1.093, 1.197e-6
-1.094, 1.197e-6
-1.095, 1.217e-6
-1.096, 1.196e-6
-1.097, 1.229e-6
-1.098, 1.229e-6
-1.099, 1.239e-6
-1.100, 1.261e-6
-1.101, 1.258e-6
-1.102, 1.283e-6
-1.103, 1.286e-6
-1.104, 1.287e-6
-1.105, 1.293e-6
-1.106, 1.296e-6
-1.107, 1.300e-6
-1.108, 1.319e-6
-1.109, 1.301e-6
-1.110, 1.323e-6
-1.111, 1.322e-6
-1.112, 1.336e-6
-1.113, 1.337e-6
-1.114, 1.349e-6
-1.115, 1.355e-6
-1.116, 1.366e-6
-1.117, 1.371e-6
-1.118, 1.365e-6
-1.119, 1.386e-6
-1.120, 1.389e-6
-1.121, 1.422e-6
-1.122, 1.397e-6
-1.123, 1.413e-6
-1.124, 1.410e-6
-1.125, 1.418e-6
-1.126, 1.421e-6
-1.127, 1.451e-6
-1.128, 1.454e-6
-1.129, 1.451e-6
-1.130, 1.459e-6
-1.131, 1.453e-6
-1.132, 1.479e-6
-1.133, 1.469e-6
-1.134, 1.478e-6
-1.135, 1.479e-6
-1.136, 1.478e-6
-1.137, 1.487e-6
-1.138, 1.507e-6
-1.139, 1.510e-6
-1.140, 1.504e-6
-1.141, 1.522e-6
-1.142, 1.534e-6
-1.143, 1.545e-6
-1.144, 1.536e-6
-1.145, 1.533e-6
-1.146, 1.539e-6
-1.147, 1.556e-6
-1.148, 1.564e-6
-1.149, 1.572e-6
-1.150, 1.579e-6
-1.151, 1.569e-6
-1.152, 1.585e-6
-1.153, 1.592e-6
-1.154, 1.600e-6
-1.155, 1.610e-6
-1.156, 1.611e-6
-1.157, 1.606e-6
-1.158, 1.635e-6
-1.159, 1.630e-6
-1.160, 1.640e-6
-1.161, 1.643e-6
-1.162, 1.644e-6
-1.163, 1.665e-6
-1.164, 1.658e-6
-1.165, 1.676e-6
-1.166, 1.670e-6
-1.167, 1.686e-6
-1.168, 1.680e-6
-1.169, 1.693e-6
-1.170, 1.693e-6
-1.171, 1.703e-6
-1.172, 1.712e-6
-1.173, 1.715e-6
-1.174, 1.732e-6
-1.175, 1.721e-6
-1.176, 1.721e-6
-1.177, 1.737e-6
-1.178, 1.737e-6
-1.179, 1.744e-6
-1.180, 1.753e-6
-1.181, 1.749e-6
-1.182, 1.757e-6
-1.183, 1.782e-6
-1.184, 1.788e-6
-1.185, 1.794e-6
-1.186, 1.770e-6
-1.187, 1.800e-6
-1.188, 1.782e-6
-1.189, 1.788e-6
-1.190, 1.810e-6
-1.191, 1.813e-6
-1.192, 1.800e-6
-1.193, 1.816e-6
-1.194, 1.823e-6
-1.195, 1.838e-6
-1.196, 1.827e-6
-1.197, 1.855e-6
-1.198, 1.844e-6
-1.199, 1.841e-6
-1.200, 1.861e-6
-1.201, 1.863e-6
-1.202, 1.891e-6
-1.203, 1.878e-6
-1.204, 1.889e-6
-1.205, 1.879e-6
-1.206, 1.899e-6
-1.207, 1.906e-6
-1.208, 1.903e-6
-1.209, 1.913e-6
-1.210, 1.918e-6
-1.211, 1.918e-6
-1.212, 1.919e-6
-1.213, 1.922e-6
-1.214, 1.951e-6
-1.215, 1.951e-6
-1.216, 1.943e-6
-1.217, 1.964e-6
-1.218, 1.964e-6
-1.219, 1.956e-6
-1.220, 1.981e-6
-1.221, 1.981e-6
-1.222, 2.008e-6
-1.223, 1.989e-6
-1.224, 2.003e-6
-1.225, 2.001e-6
-1.226, 2.007e-6
-1.227, 2.020e-6
-1.228, 2.014e-6
-1.229, 2.052e-6
-1.230, 2.037e-6
-1.231, 2.061e-6
-1.232, 2.060e-6
-1.233, 2.065e-6
-1.234, 2.075e-6
-1.235, 2.083e-6
-1.236, 2.086e-6
-1.237, 2.100e-6
-1.238, 2.105e-6
-1.239, 2.111e-6
-1.240, 2.120e-6
-1.241, 2.114e-6
-1.242, 2.138e-6
-1.243, 2.144e-6
-1.244, 2.157e-6
-1.245, 2.156e-6
-1.246, 2.156e-6
-1.247, 2.164e-6
-1.248, 2.159e-6
-1.249, 2.173e-6
-1.250, 2.182e-6
-1.251, 2.181e-6
-1.252, 2.213e-6
-1.253, 2.223e-6
-1.254, 2.217e-6
-1.255, 2.221e-6
-1.256, 2.246e-6
-1.257, 2.255e-6
-1.258, 2.262e-6
-1.259, 2.269e-6
-1.260, 2.297e-6
-1.261, 2.297e-6
-1.262, 2.310e-6
-1.263, 2.305e-6
-1.264, 2.320e-6
-1.265, 2.332e-6
-1.266, 2.321e-6
-1.267, 2.351e-6
-1.268, 2.363e-6
-1.269, 2.360e-6
-1.270, 2.378e-6
-1.271, 2.387e-6
-1.272, 2.384e-6
-1.273, 2.423e-6
-1.274, 2.413e-6
-1.275, 2.427e-6
-1.276, 2.435e-6
-1.277, 2.458e-6
-1.278, 2.460e-6
-1.279, 2.483e-6
-1.280, 2.508e-6
-1.281, 2.503e-6
-1.282, 2.531e-6
-1.283, 2.509e-6
-1.284, 2.521e-6
-1.285, 2.535e-6
-1.286, 2.573e-6
-1.287, 2.579e-6
-1.288, 2.579e-6
-1.289, 2.605e-6
-1.290, 2.616e-6
-1.291, 2.620e-6
-1.292, 2.659e-6
-1.293, 2.664e-6
-1.294, 2.678e-6
-1.295, 2.695e-6
-1.296, 2.702e-6
-1.297, 2.720e-6
-1.298, 2.741e-6
-1.299, 2.741e-6
-1.300, 2.771e-6
-1.301, 2.777e-6
-1.302, 2.801e-6
-1.303, 2.824e-6
-1.304, 2.833e-6
-1.305, 2.874e-6
-1.306, 2.883e-6
-1.307, 2.901e-6
-1.308, 2.923e-6
-1.309, 2.902e-6
-1.310, 2.930e-6
-1.311, 2.962e-6
-1.312, 2.983e-6
-1.313, 3.006e-6
-1.314, 3.018e-6
-1.315, 3.049e-6
-1.316, 3.056e-6
-1.317, 3.091e-6
-1.318, 3.084e-6
-1.319, 3.118e-6
-1.320, 3.135e-6
-1.321, 3.160e-6
-1.322, 3.201e-6
-1.323, 3.211e-6
-1.324, 3.231e-6
-1.325, 3.273e-6
-1.326, 3.297e-6
-1.327, 3.307e-6
-1.328, 3.333e-6
-1.329, 3.357e-6
-1.330, 3.375e-6
-1.331, 3.398e-6
-1.332, 3.429e-6
-1.333, 3.446e-6
-1.334, 3.493e-6
-1.335, 3.526e-6
-1.336, 3.549e-6
-1.337, 3.581e-6
-1.338, 3.577e-6
-1.339, 3.617e-6
-1.340, 3.634e-6
-1.341, 3.674e-6
-1.342, 3.707e-6
-1.343, 3.711e-6
-1.344, 3.745e-6
-1.345, 3.791e-6
-1.346, 3.827e-6
-1.347, 3.860e-6
-1.348, 3.876e-6
-1.349, 3.939e-6
-1.350, 3.971e-6
-1.351, 4.003e-6
-1.352, 4.034e-6
-1.353, 4.044e-6
-1.354, 4.119e-6
-1.355, 4.134e-6
-1.356, 4.177e-6
-1.357, 4.199e-6
-1.358, 4.233e-6
-1.359, 4.283e-6
-1.360, 4.309e-6
-1.361, 4.372e-6
-1.362, 4.409e-6
-1.363, 4.436e-6
-1.364, 4.484e-6
-1.365, 4.515e-6
-1.366, 4.561e-6
-1.367, 4.595e-6
-1.368, 4.635e-6
-1.369, 4.678e-6
-1.370, 4.727e-6
-1.371, 4.792e-6
-1.372, 4.830e-6
-1.373, 4.880e-6
-1.374, 4.891e-6
-1.375, 4.959e-6
-1.376, 5.022e-6
-1.377, 5.096e-6
-1.378, 5.134e-6
-1.379, 5.188e-6
-1.380, 5.252e-6
-1.381, 5.302e-6
-1.382, 5.361e-6
-1.383, 5.407e-6
-1.384, 5.447e-6
-1.385, 5.506e-6
-1.386, 5.554e-6
-1.387, 5.607e-6
-1.388, 5.667e-6
-1.389, 5.716e-6
-1.390, 5.781e-6
-1.391, 5.841e-6
-1.392, 5.890e-6
-1.393, 5.953e-6
-1.394, 6.002e-6
-1.395, 6.075e-6
-1.396, 6.152e-6
-1.397, 6.224e-6
-1.398, 6.300e-6
-1.399, 6.400e-6
-1.400, 6.471e-6
-1.401, 6.547e-6
-1.402, 6.616e-6
-1.403, 6.678e-6
-1.404, 6.743e-6
-1.405, 6.862e-6
-1.406, 6.955e-6
-1.407, 7.013e-6
-1.408, 7.083e-6
-1.409, 7.172e-6
-1.410, 7.289e-6
-1.411, 7.351e-6
-1.412, 7.447e-6
-1.413, 7.499e-6
-1.414, 7.603e-6
-1.415, 7.686e-6
-1.416, 7.795e-6
-1.417, 7.911e-6
-1.418, 7.986e-6
-1.419, 8.098e-6
-1.420, 8.181e-6
-1.421, 8.253e-6
-1.422, 8.334e-6
-1.423, 8.404e-6
-1.424, 8.506e-6
-1.425, 8.581e-6
-1.426, 8.720e-6
-1.427, 8.817e-6
-1.428, 8.919e-6
-1.429, 9.001e-6
-1.430, 9.104e-6
-1.431, 9.220e-6
-1.432, 9.266e-6
-1.433, 9.370e-6
-1.434, 9.485e-6
-1.435, 9.605e-6
-1.436, 9.762e-6
-1.437, 9.877e-6
-1.438, 9.984e-6
-1.439, 1.009e-5
-1.440, 1.022e-5
-1.441, 1.033e-5
-1.442, 1.042e-5
-1.443, 1.051e-5
-1.444, 1.063e-5
-1.445, 1.082e-5
-1.446, 1.098e-5
-1.447, 1.110e-5
-1.448, 1.125e-5
-1.449, 1.133e-5
-1.450, 1.145e-5
-1.451, 1.159e-5
-1.452, 1.173e-5
-1.453, 1.197e-5
-1.454, 1.205e-5
-1.455, 1.222e-5
-1.456, 1.233e-5
-1.457, 1.250e-5
-1.458, 1.265e-5
-1.459, 1.273e-5
-1.460, 1.304e-5
-1.461, 1.307e-5
-1.462, 1.320e-5
-1.463, 1.337e-5
-1.464, 1.361e-5
-1.465, 1.356e-5
-1.466, 1.386e-5
-1.467, 1.400e-5
-1.468, 1.412e-5
-1.469, 1.428e-5
-1.470, 1.431e-5
-1.471, 1.447e-5
-1.472, 1.466e-5
-1.473, 1.481e-5
-1.474, 1.497e-5
-1.475, 1.515e-5
-1.476, 1.536e-5
-1.477, 1.557e-5
-1.478, 1.562e-5
-1.479, 1.588e-5
-1.480, 1.615e-5
-1.481, 1.633e-5
-1.482, 1.655e-5
-1.483, 1.662e-5
-1.484, 1.684e-5
-1.485, 1.703e-5
-1.486, 1.721e-5
-1.487, 1.736e-5
-1.488, 1.764e-5
-1.489, 1.776e-5
-1.490, 1.782e-5
-1.491, 1.806e-5
-1.492, 1.823e-5
-1.493, 1.850e-5
-1.494, 1.865e-5
-1.495, 1.900e-5
-1.496, 1.923e-5
-1.497, 1.939e-5
-1.498, 1.974e-5
-1.499, 2.019e-5
-1.500, 2.049e-5
-1.501, 2.074e-5
-1.502, 2.081e-5
-1.503, 2.118e-5
-1.504, 2.157e-5
-1.505, 2.191e-5
-1.506, 2.219e-5
-1.507, 2.249e-5
-1.508, 2.236e-5
-1.509, 2.242e-5
-1.510, 2.271e-5
-1.511, 2.319e-5
-1.512, 2.360e-5
-1.513, 2.385e-5
-1.514, 2.397e-5
-1.515, 2.423e-5
-1.516, 2.457e-5
-1.517, 2.499e-5
-1.518, 2.529e-5
-1.519, 2.530e-5
-1.520, 2.567e-5
-1.521, 2.615e-5
-1.522, 2.649e-5
-1.523, 2.681e-5
-1.524, 2.731e-5
-1.525, 2.752e-5
-1.526, 2.782e-5
-1.527, 2.810e-5
-1.528, 2.866e-5
-1.529, 2.886e-5
-1.530, 2.947e-5
-1.531, 2.952e-5
-1.532, 2.993e-5
-1.533, 3.045e-5
-1.534, 3.063e-5
-1.535, 3.076e-5
-1.536, 3.151e-5
-1.537, 3.191e-5
-1.538, 3.213e-5
-1.539, 3.262e-5
-1.540, 3.297e-5
-1.541, 3.322e-5
-1.542, 3.362e-5
-1.543, 3.403e-5
-1.544, 3.461e-5
-1.545, 3.518e-5
-1.546, 3.588e-5
-1.547, 3.642e-5
-1.548, 3.685e-5
-1.549, 3.725e-5
-1.550, 3.766e-5
-1.551, 3.836e-5
-1.552, 3.888e-5
-1.553, 3.939e-5
-1.554, 3.998e-5
-1.555, 4.050e-5
-1.556, 4.103e-5
-1.557, 4.148e-5
-1.558, 4.183e-5
-1.559, 4.206e-5
-1.560, 4.237e-5
-1.561, 4.304e-5
-1.562, 4.361e-5
-1.563, 4.408e-5
-1.564, 4.478e-5
-1.565, 4.558e-5
-1.566, 4.600e-5
-1.567, 4.673e-5
-1.568, 4.771e-5
-1.569, 4.856e-5
-1.570, 4.975e-5
-1.571, 5.045e-5
-1.572, 5.020e-5
-1.573, 5.112e-5
-1.574, 5.158e-5
-1.575, 5.256e-5
-1.576, 5.342e-5
-1.577, 5.512e-5
-1.578, 5.554e-5
-1.579, 5.582e-5
-1.580, 5.620e-5
-1.581, 5.761e-5
-1.582, 5.870e-5
-1.583, 5.931e-5
-1.584, 6.019e-5
-1.585, 6.089e-5
-1.586, 6.176e-5
-1.587, 6.319e-5
-1.588, 6.433e-5
-1.589, 6.523e-5
-1.590, 6.633e-5
-1.591, 6.735e-5
-1.592, 6.828e-5
-1.593, 6.926e-5
-1.594, 7.057e-5
-1.595, 7.181e-5
-1.596, 7.309e-5
-1.597, 7.444e-5
-1.598, 7.580e-5
-1.599, 7.683e-5
-1.600, 7.782e-5
-1.601, 7.852e-5
-1.602, 8.021e-5
-1.603, 8.185e-5
-1.604, 8.301e-5
-1.605, 8.454e-5
-1.606, 8.584e-5
-1.607, 8.674e-5
-1.608, 8.840e-5
-1.609, 9.013e-5
-1.610, 9.115e-5
-1.611, 9.294e-5
-1.612, 9.536e-5
-1.613, 9.716e-5
-1.614, 9.778e-5
-1.615, 9.979e-5
-1.616, 1.013e-4
-1.617, 1.032e-4
-1.618, 1.051e-4
-1.619, 1.078e-4
-1.620, 1.101e-4
-1.621, 1.116e-4
-1.622, 1.133e-4
-1.623, 1.154e-4
-1.624, 1.179e-4
-1.625, 1.192e-4
-1.626, 1.214e-4
-1.627, 1.225e-4
-1.628, 1.246e-4
-1.629, 1.271e-4
-1.630, 1.298e-4
-1.631, 1.311e-4
-1.632, 1.341e-4
-1.633, 1.366e-4
-1.634, 1.392e-4
-1.635, 1.413e-4
-1.636, 1.433e-4
-1.637, 1.463e-4
-1.638, 1.512e-4
-1.639, 1.512e-4
-1.640, 1.546e-4
-1.641, 1.589e-4
-1.642, 1.598e-4
-1.643, 1.643e-4
-1.644, 1.688e-4
-1.645, 1.693e-4
-1.646, 1.735e-4
-1.647, 1.764e-4
-1.648, 1.788e-4
-1.649, 1.827e-4
-1.650, 1.885e-4
-1.651, 1.896e-4
-1.652, 1.929e-4
-1.653, 1.984e-4
-1.654, 2.024e-4
-1.655, 2.046e-4
-1.656, 2.079e-4
-1.657, 2.112e-4
-1.658, 2.167e-4
-1.659, 2.205e-4
-1.660, 2.242e-4
-1.661, 2.285e-4
-1.662, 2.348e-4
-1.663, 2.371e-4
-1.664, 2.419e-4
-1.665, 2.459e-4
-1.666, 2.514e-4
-1.667, 2.564e-4
-1.668, 2.619e-4
-1.669, 2.659e-4
-1.670, 2.694e-4
-1.671, 2.744e-4
-1.672, 2.795e-4
-1.673, 2.847e-4
-1.674, 2.896e-4
-1.675, 2.962e-4
-1.676, 2.999e-4
-1.677, 3.061e-4
-1.678, 3.147e-4
-1.679, 3.187e-4
-1.680, 3.254e-4
-1.681, 3.311e-4
-1.682, 3.395e-4
-1.683, 3.445e-4
-1.684, 3.490e-4
-1.685, 3.565e-4
-1.686, 3.625e-4
-1.687, 3.704e-4
-1.688, 3.770e-4
-1.689, 3.846e-4
-1.690, 3.906e-4
-1.691, 3.972e-4
-1.692, 4.057e-4
-1.693, 4.121e-4
-1.694, 4.208e-4
-1.695, 4.288e-4
-1.696, 4.359e-4
-1.697, 4.438e-4
-1.698, 4.519e-4
-1.699, 4.591e-4
-1.700, 4.668e-4
-1.701, 4.756e-4
-1.702, 4.849e-4
-1.703, 4.933e-4
-1.704, 5.011e-4
-1.705, 5.094e-4
-1.706, 5.186e-4
-1.707, 5.287e-4
-1.708, 5.393e-4
-1.709, 5.469e-4
-1.710, 5.595e-4
-1.711, 5.694e-4
-1.712, 5.780e-4
-1.713, 5.909e-4
-1.714, 6.023e-4
-1.715, 6.126e-4
-1.716, 6.242e-4
-1.717, 6.369e-4
-1.718, 6.484e-4
-1.719, 6.607e-4
-1.720, 6.740e-4
-1.721, 6.867e-4
-1.722, 6.969e-4
-1.723, 7.118e-4
-1.724, 7.230e-4
-1.725, 7.361e-4
-1.726, 7.512e-4
-1.727, 7.634e-4
-1.728, 7.770e-4
-1.729, 7.919e-4
-1.730, 8.065e-4
-1.731, 8.237e-4
-1.732, 8.387e-4
-1.733, 8.559e-4
-1.734, 8.733e-4
-1.735, 8.885e-4
-1.736, 9.066e-4
-1.737, 9.248e-4
-1.738, 9.424e-4
-1.739, 9.606e-4
-1.740, 9.758e-4
-1.741, 9.955e-4
-1.742, 1.015e-3
-1.743, 1.036e-3
-1.744, 1.057e-3
-1.745, 1.080e-3
-1.746, 1.100e-3
-1.747, 1.124e-3
-1.748, 1.145e-3
-1.749, 1.169e-3
-1.750, 1.194e-3
-1.751, 1.221e-3
-1.752, 1.242e-3
-1.753, 1.264e-3
-1.754, 1.287e-3
-1.755, 1.316e-3
-1.756, 1.347e-3
-1.757, 1.372e-3
-1.758, 1.400e-3
-1.759, 1.429e-3
-1.760, 1.457e-3
-1.761, 1.488e-3
-1.762, 1.515e-3
-1.763, 1.544e-3
-1.764, 1.575e-3
-1.765, 1.609e-3
-1.766, 1.639e-3
-1.767, 1.669e-3
-1.768, 1.701e-3
-1.769, 1.736e-3
-1.770, 1.769e-3
-1.771, 1.806e-3
-1.772, 1.843e-3
-1.773, 1.877e-3
-1.774, 1.917e-3
-1.775, 1.954e-3
-1.776, 1.991e-3
-1.777, 2.032e-3
-1.778, 2.074e-3
-1.779, 2.114e-3
-1.780, 2.159e-3
-1.781, 2.203e-3
-1.782, 2.253e-3
-1.783, 2.294e-3
-1.784, 2.337e-3
-1.785, 2.384e-3
-1.786, 2.431e-3
-1.787, 2.479e-3
-1.788, 2.526e-3
-1.789, 2.573e-3
-1.790, 2.620e-3
-1.791, 2.668e-3
-1.792, 2.720e-3
-1.793, 2.774e-3
-1.794, 2.826e-3
-1.795, 2.881e-3
-1.796, 2.932e-3
-1.797, 2.982e-3
-1.798, 3.036e-3
-1.799, 3.089e-3
-1.800, 3.145e-3
-1.801, 3.203e-3
-1.802, 3.261e-3
-1.803, 3.319e-3
-1.804, 3.379e-3
-1.805, 3.436e-3
-1.806, 3.495e-3
-1.807, 3.557e-3
-1.808, 3.612e-3
-1.809, 3.678e-3
-1.810, 3.742e-3
-1.811, 3.814e-3
-1.812, 3.875e-3
-1.813, 3.939e-3
-1.814, 3.999e-3
-1.815, 4.065e-3
-1.816, 4.130e-3
-1.817, 4.196e-3
-1.818, 4.260e-3
-1.819, 4.329e-3
-1.820, 4.392e-3
-1.821, 4.459e-3
-1.822, 4.518e-3
-1.823, 4.589e-3
-1.824, 4.663e-3
-1.825, 4.730e-3
-1.826, 4.806e-3
-1.827, 4.871e-3
-1.828, 4.937e-3
-1.829, 5.011e-3
-1.830, 5.076e-3
-1.831, 5.143e-3
-1.832, 5.212e-3
-1.833, 5.287e-3
-1.834, 5.361e-3
-1.835, 5.432e-3
-1.836, 5.501e-3
-1.837, 5.568e-3
-1.838, 5.634e-3
-1.839, 5.700e-3
-1.840, 5.775e-3
-1.841, 5.845e-3
-1.842, 5.913e-3
-1.843, 5.979e-3
-1.844, 6.056e-3
-1.845, 6.130e-3
-1.846, 6.200e-3
-1.847, 6.270e-3
-1.848, 6.339e-3
-1.849, 6.413e-3
-1.850, 6.482e-3
-1.851, 6.555e-3
-1.852, 6.622e-3
-1.853, 6.691e-3
-1.854, 6.764e-3
-1.855, 6.831e-3
-1.856, 6.905e-3
-1.857, 6.974e-3
-1.858, 7.030e-3
-1.859, 7.091e-3
-1.860, 7.158e-3
-1.861, 7.243e-3
-1.862, 7.325e-3
-1.863, 7.400e-3
-1.864, 7.460e-3
-1.865, 7.515e-3
-1.866, 7.566e-3
-1.867, 7.637e-3
-1.868, 7.719e-3
-1.869, 7.805e-3
-1.870, 7.871e-3
-1.871, 7.931e-3
-1.872, 7.997e-3
-1.873, 8.085e-3
-1.874, 8.168e-3
-1.875, 8.238e-3
-1.876, 8.316e-3
-1.877, 8.393e-3
-1.878, 8.449e-3
-1.879, 8.533e-3
-1.880, 8.601e-3
-1.881, 8.682e-3
-1.882, 8.752e-3
-1.883, 8.814e-3
-1.884, 8.869e-3
-1.885, 8.921e-3
-1.886, 8.975e-3
-1.887, 9.046e-3
-1.888, 9.140e-3
-1.889, 9.224e-3
-1.890, 9.291e-3
-1.891, 9.353e-3
-1.892, 9.424e-3
-1.893, 9.508e-3
-1.894, 9.557e-3
-1.895, 9.614e-3
-1.896, 9.703e-3
-1.897, 9.782e-3
-1.898, 9.843e-3
-1.899, 9.921e-3
-1.900, 9.970e-3
-1.899, 9.928e-3
-1.898, 9.873e-3
-1.897, 9.810e-3
-1.896, 9.720e-3
-1.895, 9.638e-3
-1.894, 9.555e-3
-1.893, 9.501e-3
-1.892, 9.429e-3
-1.891, 9.359e-3
-1.890, 9.342e-3
-1.889, 9.272e-3
-1.888, 9.175e-3
-1.887, 9.108e-3
-1.886, 9.023e-3
-1.885, 8.950e-3
-1.884, 8.894e-3
-1.883, 8.844e-3
-1.882, 8.838e-3
-1.881, 8.842e-3
-1.880, 8.757e-3
-1.879, 8.658e-3
-1.878, 8.569e-3
-1.877, 8.471e-3
-1.876, 8.392e-3
-1.875, 8.333e-3
-1.874, 8.297e-3
-1.873, 8.255e-3
-1.872, 8.190e-3
-1.871, 8.106e-3
-1.870, 8.016e-3
-1.869, 7.925e-3
-1.868, 7.867e-3
-1.867, 7.802e-3
-1.866, 7.776e-3
-1.865, 7.701e-3
-1.864, 7.642e-3
-1.863, 7.599e-3
-1.862, 7.543e-3
-1.861, 7.491e-3
-1.860, 7.413e-3
-1.859, 7.352e-3
-1.858, 7.284e-3
-1.857, 7.205e-3
-1.856, 7.189e-3
-1.855, 7.111e-3
-1.854, 7.033e-3
-1.853, 6.978e-3
-1.852, 6.947e-3
-1.851, 6.884e-3
-1.850, 6.817e-3
-1.849, 6.768e-3
-1.848, 6.729e-3
-1.847, 6.648e-3
-1.846, 6.593e-3
-1.845, 6.526e-3
-1.844, 6.447e-3
-1.843, 6.381e-3
-1.842, 6.336e-3
-1.841, 6.273e-3
-1.840, 6.214e-3
-1.839, 6.141e-3
-1.838, 6.068e-3
-1.837, 6.017e-3
-1.836, 5.961e-3
-1.835, 5.915e-3
-1.834, 5.864e-3
-1.833, 5.804e-3
-1.832, 5.735e-3
-1.831, 5.686e-3
-1.830, 5.621e-3
-1.829, 5.561e-3
-1.828, 5.509e-3
-1.827, 5.450e-3
-1.826, 5.412e-3
-1.825, 5.374e-3
-1.824, 5.305e-3
-1.823, 5.236e-3
-1.822, 5.170e-3
-1.821, 5.121e-3
-1.820, 5.069e-3
-1.819, 5.018e-3
-1.818, 4.983e-3
-1.817, 4.920e-3
-1.816, 4.866e-3
-1.815, 4.817e-3
-1.814, 4.776e-3
-1.813, 4.729e-3
-1.812, 4.688e-3
-1.811, 4.655e-3
-1.810, 4.606e-3
-1.809, 4.559e-3
-1.808, 4.503e-3
-1.807, 4.452e-3
-1.806, 4.400e-3
-1.805, 4.359e-3
-1.804, 4.313e-3
-1.803, 4.272e-3
-1.802, 4.222e-3
-1.801, 4.234e-3
-1.800, 4.189e-3
-1.799, 4.139e-3
-1.798, 4.091e-3
-1.797, 4.045e-3
-1.796, 4.000e-3
-1.795, 3.960e-3
-1.794, 3.914e-3
-1.793, 3.875e-3
-1.792, 3.822e-3
-1.791, 3.781e-3
-1.790, 3.736e-3
-1.789, 3.695e-3
-1.788, 3.642e-3
-1.787, 3.592e-3
-1.786, 3.541e-3
-1.785, 3.498e-3
-1.784, 3.448e-3
-1.783, 3.408e-3
-1.782, 3.366e-3
-1.781, 3.322e-3
-1.780, 3.280e-3
-1.779, 3.231e-3
-1.778, 3.186e-3
-1.777, 3.140e-3
-1.776, 3.100e-3
-1.775, 3.063e-3
-1.774, 3.029e-3
-1.773, 2.994e-3
-1.772, 2.964e-3
-1.771, 2.923e-3
-1.770, 2.880e-3
-1.769, 2.840e-3
-1.768, 2.797e-3
-1.767, 2.754e-3
-1.766, 2.722e-3
-1.765, 2.685e-3
-1.764, 2.653e-3
-1.763, 2.621e-3
-1.762, 2.588e-3
-1.761, 2.550e-3
-1.760, 2.509e-3
-1.759, 2.473e-3
-1.758, 2.456e-3
-1.757, 2.445e-3
-1.756, 2.411e-3
-1.755, 2.371e-3
-1.754, 2.335e-3
-1.753, 2.301e-3
-1.752, 2.270e-3
-1.751, 2.236e-3
-1.750, 2.212e-3
-1.749, 2.179e-3
-1.748, 2.148e-3
-1.747, 2.113e-3
-1.746, 2.082e-3
-1.745, 2.050e-3
-1.744, 2.016e-3
-1.743, 1.983e-3
-1.742, 1.952e-3
-1.741, 1.922e-3
-1.740, 1.892e-3
-1.739, 1.862e-3
-1.738, 1.830e-3
-1.737, 1.801e-3
-1.736, 1.771e-3
-1.735, 1.737e-3
-1.734, 1.708e-3
-1.733, 1.684e-3
-1.732, 1.654e-3
-1.731, 1.629e-3
-1.730, 1.604e-3
-1.729, 1.576e-3
-1.728, 1.550e-3
-1.727, 1.524e-3
-1.726, 1.499e-3
-1.725, 1.473e-3
-1.724, 1.449e-3
-1.723, 1.427e-3
-1.722, 1.422e-3
-1.721, 1.396e-3
-1.720, 1.372e-3
-1.719, 1.350e-3
-1.718, 1.328e-3
-1.717, 1.308e-3
-1.716, 1.284e-3
-1.715, 1.264e-3
-1.714, 1.246e-3
-1.713, 1.227e-3
-1.712, 1.207e-3
-1.711, 1.185e-3
-1.710, 1.162e-3
-1.709, 1.145e-3
-1.708, 1.127e-3
-1.707, 1.108e-3
-1.706, 1.088e-3
-1.705, 1.070e-3
-1.704, 1.050e-3
-1.703, 1.035e-3
-1.702, 1.018e-3
-1.701, 9.992e-4
-1.700, 9.807e-4
-1.699, 9.634e-4
-1.698, 9.454e-4
-1.697, 9.287e-4
-1.696, 9.122e-4
-1.695, 9.011e-4
-1.694, 8.829e-4
-1.693, 8.677e-4
-1.692, 8.509e-4
-1.691, 8.435e-4
-1.690, 8.251e-4
-1.689, 8.114e-4
-1.688, 7.960e-4
-1.687, 7.829e-4
-1.686, 7.748e-4
-1.685, 7.593e-4
-1.684, 7.437e-4
-1.683, 7.321e-4
-1.682, 7.134e-4
-1.681, 7.000e-4
-1.680, 6.849e-4
-1.679, 6.750e-4
-1.678, 6.610e-4
-1.677, 6.509e-4
-1.676, 6.383e-4
-1.675, 6.253e-4
-1.674, 6.138e-4
-1.673, 6.058e-4
-1.672, 5.971e-4
-1.671, 5.863e-4
-1.670, 5.754e-4
-1.669, 5.677e-4
-1.668, 5.552e-4
-1.667, 5.455e-4
-1.666, 5.367e-4
-1.665, 5.263e-4
-1.664, 5.146e-4
-1.663, 5.060e-4
-1.662, 4.977e-4
-1.661, 4.876e-4
-1.660, 4.802e-4
-1.659, 4.695e-4
-1.658, 4.615e-4
-1.657, 4.531e-4
-1.656, 4.444e-4
-1.655, 4.358e-4
-1.654, 4.289e-4
-1.653, 4.193e-4
-1.652, 4.126e-4
-1.651, 4.033e-4
-1.650, 3.964e-4
-1.649, 3.908e-4
-1.648, 3.822e-4
-1.647, 3.719e-4
-1.646, 3.681e-4
-1.645, 3.589e-4
-1.644, 3.529e-4
-1.643, 3.460e-4
-1.642, 3.389e-4
-1.641, 3.338e-4
-1.640, 3.274e-4
-1.639, 3.234e-4
-1.638, 3.177e-4
-1.637, 3.109e-4
-1.636, 3.041e-4
-1.635, 2.977e-4
-1.634, 2.931e-4
-1.633, 2.864e-4
-1.632, 2.816e-4
-1.631, 2.760e-4
-1.630, 2.700e-4
-1.629, 2.642e-4
-1.628, 2.580e-4
-1.627, 2.528e-4
-1.626, 2.493e-4
-1.625, 2.453e-4
-1.624, 2.400e-4
-1.623, 2.356e-4
-1.622, 2.318e-4
-1.621, 2.272e-4
-1.620, 2.232e-4
-1.619, 2.182e-4
-1.618, 2.137e-4
-1.617, 2.095e-4
-1.616, 2.049e-4
-1.615, 2.004e-4
-1.614, 1.985e-4
-1.613, 1.961e-4
-1.612, 1.918e-4
-1.611, 1.878e-4
-1.610, 1.845e-4
-1.609, 1.812e-4
-1.608, 1.776e-4
-1.607, 1.749e-4
-1.606, 1.715e-4
-1.605, 1.679e-4
-1.604, 1.641e-4
-1.603, 1.602e-4
-1.602, 1.575e-4
-1.601, 1.532e-4
-1.600, 1.504e-4
-1.599, 1.478e-4
-1.598, 1.453e-4
-1.597, 1.427e-4
-1.596, 1.401e-4
-1.595, 1.365e-4
-1.594, 1.341e-4
-1.593, 1.323e-4
-1.592, 1.297e-4
-1.591, 1.264e-4
-1.590, 1.243e-4
-1.589, 1.223e-4
-1.588, 1.198e-4
-1.587, 1.169e-4
-1.586, 1.147e-4
-1.585, 1.123e-4
-1.584, 1.103e-4
-1.583, 1.078e-4
-1.582, 1.058e-4
-1.581, 1.037e-4
-1.580, 1.019e-4
-1.579, 9.995e-5
-1.578, 9.789e-5
-1.577, 9.627e-5
-1.576, 9.415e-5
-1.575, 9.226e-5
-1.574, 9.033e-5
-1.573, 8.850e-5
-1.572, 8.653e-5
-1.571, 8.483e-5
-1.570, 8.352e-5
-1.569, 8.216e-5
-1.568, 8.075e-5
-1.567, 7.877e-5
-1.566, 7.668e-5
-1.565, 7.526e-5
-1.564, 7.362e-5
-1.563, 7.219e-5
-1.562, 7.073e-5
-1.561, 6.931e-5
-1.560, 6.800e-5
-1.559, 6.666e-5
-1.558, 6.559e-5
-1.557, 6.430e-5
-1.556, 6.326e-5
-1.555, 6.197e-5
-1.554, 6.044e-5
-1.553, 5.919e-5
-1.552, 5.802e-5
-1.551, 5.714e-5
-1.550, 5.607e-5
-1.549, 5.471e-5
-1.548, 5.381e-5
-1.547, 5.271e-5
-1.546, 5.151e-5
-1.545, 5.036e-5
-1.544, 4.925e-5
-1.543, 4.843e-5
-1.542, 4.727e-5
-1.541, 4.642e-5
-1.540, 4.562e-5
-1.539, 4.488e-5
-1.538, 4.408e-5
-1.537, 4.313e-5
-1.536, 4.219e-5
-1.535, 4.123e-5
-1.534, 4.038e-5
-1.533, 3.968e-5
-1.532, 3.888e-5
-1.531, 3.801e-5
-1.530, 3.729e-5
-1.529, 3.651e-5
-1.528, 3.582e-5
-1.527, 3.524e-5
-1.526, 3.451e-5
-1.525, 3.402e-5
-1.524, 3.335e-5
-1.523, 3.267e-5
-1.522, 3.190e-5
-1.521, 3.131e-5
-1.520, 3.065e-5
-1.519, 2.999e-5
-1.518, 2.927e-5
-1.517, 2.870e-5
-1.516, 2.814e-5
-1.515, 2.763e-5
-1.514, 2.716e-5
-1.513, 2.660e-5
-1.512, 2.608e-5
-1.511, 2.568e-5
-1.510, 2.507e-5
-1.509, 2.453e-5
-1.508, 2.415e-5
-1.507, 2.368e-5
-1.506, 2.328e-5
-1.505, 2.280e-5
-1.504, 2.222e-5
-1.503, 2.180e-5
-1.502, 2.134e-5
-1.501, 2.090e-5
-1.500, 2.045e-5
-1.499, 2.011e-5
-1.498, 1.975e-5
-1.497, 1.938e-5
-1.496, 1.898e-5
-1.495, 1.860e-5
-1.494, 1.825e-5
-1.493, 1.790e-5
-1.492, 1.753e-5
-1.491, 1.712e-5
-1.490, 1.678e-5
-1.489, 1.649e-5
-1.488, 1.614e-5
-1.487, 1.582e-5
-1.486, 1.552e-5
-1.485, 1.515e-5
-1.484, 1.491e-5
-1.483, 1.457e-5
-1.482, 1.421e-5
-1.481, 1.393e-5
-1.480, 1.363e-5
-1.479, 1.348e-5
-1.478, 1.314e-5
-1.477, 1.288e-5
-1.476, 1.263e-5
-1.475, 1.237e-5
-1.474, 1.216e-5
-1.473, 1.188e-5
-1.472, 1.166e-5
-1.471, 1.141e-5
-1.470, 1.118e-5
-1.469, 1.099e-5
-1.468, 1.076e-5
-1.467, 1.055e-5
-1.466, 1.033e-5
-1.465, 1.011e-5
-1.464, 9.927e-6
-1.463, 9.694e-6
-1.462, 9.520e-6
-1.461, 9.296e-6
-1.460, 9.119e-6
-1.459, 8.953e-6
-1.458, 8.741e-6
-1.457, 8.551e-6
-1.456, 8.364e-6
-1.455, 8.199e-6
-1.454, 8.020e-6
-1.453, 7.814e-6
-1.452, 7.630e-6
-1.451, 7.524e-6
-1.450, 7.362e-6
-1.449, 7.219e-6
-1.448, 7.068e-6
-1.447, 6.913e-6
-1.446, 6.764e-6
-1.445, 6.619e-6
-1.444, 6.473e-6
-1.443, 6.363e-6
-1.442, 6.221e-6
-1.441, 6.077e-6
-1.440, 5.945e-6
-1.439, 5.829e-6
-1.438, 5.708e-6
-1.437, 5.609e-6
-1.436, 5.492e-6
-1.435, 5.295e-6
-1.434, 5.216e-6
-1.433, 5.071e-6
-1.432, 4.967e-6
-1.431, 4.858e-6
-1.430, 4.781e-6
-1.429, 4.689e-6
-1.428, 4.576e-6
-1.427, 4.477e-6
-1.426, 4.380e-6
-1.425, 4.292e-6
-1.424, 4.243e-6
-1.423, 4.125e-6
-1.422, 3.988e-6
-1.421, 3.907e-6
-1.420, 3.821e-6
-1.419, 3.747e-6
-1.418, 3.658e-6
-1.417, 3.572e-6
-1.416, 3.499e-6
-1.415, 3.430e-6
-1.414, 3.329e-6
-1.413, 3.276e-6
-1.412, 3.180e-6
-1.411, 3.125e-6
-1.410, 3.062e-6
-1.409, 2.996e-6
-1.408, 2.934e-6
-1.407, 2.842e-6
-1.406, 2.767e-6
-1.405, 2.706e-6
-1.404, 2.645e-6
-1.403, 2.569e-6
-1.402, 2.521e-6
-1.401, 2.436e-6
-1.400, 2.377e-6
-1.399, 2.336e-6
-1.398, 2.295e-6
-1.397, 2.228e-6
-1.396, 2.159e-6
-1.395, 2.125e-6
-1.394, 2.078e-6
-1.393, 2.032e-6
-1.392, 1.995e-6
-1.391, 1.922e-6
-1.390, 1.875e-6
-1.389, 1.859e-6
-1.388, 1.791e-6
-1.387, 1.772e-6
-1.386, 1.698e-6
-1.385, 1.666e-6
-1.384, 1.628e-6
-1.383, 1.572e-6
-1.382, 1.521e-6
-1.381, 1.492e-6
-1.380, 1.479e-6
-1.379, 1.435e-6
-1.378, 1.401e-6
-1.377, 1.367e-6
-1.376, 1.327e-6
-1.375, 1.274e-6
-1.374, 1.250e-6
-1.373, 1.234e-6
-1.372, 1.197e-6
-1.371, 1.165e-6
-1.370, 1.127e-6
-1.369, 1.089e-6
-1.368, 1.073e-6
-1.367, 1.038e-6
-1.366, 1.001e-6
-1.365, 9.815e-7
-1.364, 9.538e-7
-1.363, 9.242e-7
-1.362, 8.986e-7
-1.361, 8.858e-7
-1.360, 8.354e-7
-1.359, 8.443e-7
-1.358, 7.950e-7
-1.357, 7.595e-7
-1.356, 7.713e-7
-1.355, 7.240e-7
-1.354, 6.954e-7
-1.353, 6.648e-7
-1.352, 6.588e-7
-1.351, 6.519e-7
-1.350, 5.957e-7
-1.349, 5.809e-7
-1.348, 5.760e-7
-1.347, 5.375e-7
-1.346, 5.493e-7
-1.345, 4.990e-7
-1.344, 4.921e-7
-1.343, 4.753e-7
-1.342, 4.694e-7
-1.341, 4.231e-7
-1.340, 4.191e-7
-1.339, 4.033e-7
-1.338, 3.727e-7
-1.337, 3.570e-7
-1.336, 3.629e-7
-1.335, 3.461e-7
-1.334, 3.195e-7
-1.333, 3.165e-7
-1.332, 2.948e-7
-1.331, 2.770e-7
-1.330, 2.731e-7
-1.329, 2.573e-7
-1.328, 2.395e-7
-1.327, 2.188e-7
-1.326, 2.060e-7
-1.325, 1.981e-7
-1.324, 1.892e-7
-1.323, 1.764e-7
-1.322, 1.537e-7
-1.321, 1.300e-7
-1.320, 1.567e-7
-1.319, 1.330e-7
-1.318, 1.389e-7
-1.317, 9.452e-8
-1.316, 7.676e-8
-1.315, 7.873e-8
-1.314, 6.393e-8
-1.313, 6.689e-8
-1.312, 4.913e-8
-1.311, 6.196e-8
-1.310, 2.348e-8
-1.309, 4.223e-8
-1.308, 1.756e-8
-1.307, 8.682e-9
-1.306, 8.682e-9
-1.305, 1.776e-9
-1.304, -1.894e-8
-1.303, -2.289e-8
-1.302, -2.980e-8
-1.301, -3.571e-8
-1.300, -4.755e-8
-1.299, -7.419e-8
-1.298, -4.953e-8
-1.297, -7.419e-8
-1.296, -7.222e-8
-1.295, -8.899e-8
-1.294, -7.321e-8
-1.293, -1.146e-7
-1.292, -1.067e-7
-1.291, -1.028e-7
-1.290, -1.255e-7
-1.289, -1.176e-7
-1.288, -1.314e-7
-1.287, -1.472e-7
-1.286, -1.551e-7
-1.285, -1.511e-7
-1.284, -1.600e-7
-1.283, -1.640e-7
-1.282, -1.620e-7
-1.281, -1.630e-7
-1.280, -1.798e-7
-1.279, -2.024e-7
-1.278, -1.886e-7
-1.277, -2.054e-7
-1.276, -2.064e-7
-1.275, -2.360e-7
-1.274, -2.084e-7
-1.273, -2.212e-7
-1.272, -2.340e-7
-1.271, -2.232e-7
-1.270, -2.449e-7
-1.269, -2.291e-7
-1.268, -2.449e-7
-1.267, -2.557e-7
-1.266, -2.666e-7
-1.265, -2.686e-7
-1.264, -2.755e-7
-1.263, -2.784e-7
-1.262, -2.824e-7
-1.261, -2.764e-7
-1.260, -2.962e-7
-1.259, -2.883e-7
-1.258, -2.903e-7
-1.257, -3.149e-7
-1.256, -3.139e-7
-1.255, -3.169e-7
-1.254, -3.169e-7
-1.253, -3.248e-7
-1.252, -3.366e-7
-1.251, -3.208e-7
-1.250, -3.287e-7
-1.249, -3.376e-7
-1.248, -3.544e-7
-1.247, -3.623e-7
-1.246, -3.662e-7
-1.245, -3.475e-7
-1.244, -3.514e-7
-1.243, -3.692e-7
-1.242, -3.573e-7
-1.241, -3.682e-7
-1.240, -3.721e-7
-1.239, -3.702e-7
-1.238, -3.800e-7
-1.237, -3.741e-7
-1.236, -3.909e-7
-1.235, -3.869e-7
-1.234, -3.820e-7
-1.233, -3.998e-7
-1.232, -4.156e-7
-1.231, -4.254e-7
-1.230, -4.027e-7
-1.229, -4.294e-7
-1.228, -4.412e-7
-1.227, -4.284e-7
-1.226, -4.392e-7
-1.225, -4.382e-7
-1.224, -4.333e-7
-1.223, -4.491e-7
-1.222, -4.521e-7
-1.221, -4.521e-7
-1.220, -4.491e-7
-1.219, -4.540e-7
-1.218, -4.560e-7
-1.217, -4.767e-7
-1.216, -4.777e-7
-1.215, -4.797e-7
-1.214, -4.797e-7
-1.213, -4.807e-7
-1.212, -4.856e-7
-1.211, -4.846e-7
-1.210, -4.777e-7
-1.209, -4.955e-7
-1.208, -4.974e-7
-1.207, -5.043e-7
-1.206, -5.034e-7
-1.205, -5.083e-7
-1.204, -5.073e-7
-1.203, -5.152e-7
-1.202, -5.320e-7
-1.201, -5.201e-7
-1.200, -5.399e-7
-1.199, -5.468e-7
-1.198, -5.438e-7
-1.197, -5.487e-7
-1.196, -5.458e-7
-1.195, -5.685e-7
-1.194, -5.685e-7
-1.193, -5.685e-7
-1.192, -5.783e-7
-1.191, -5.665e-7
-1.190, -5.833e-7
-1.189, -5.734e-7
-1.188, -5.872e-7
-1.187, -6.000e-7
-1.186, -5.813e-7
-1.185, -5.833e-7
-1.184, -6.070e-7
-1.183, -6.089e-7
-1.182, -6.198e-7
-1.181, -6.099e-7
-1.180, -6.139e-7
-1.179, -6.188e-7
-1.178, -6.523e-7
-1.177, -6.385e-7
-1.176, -6.366e-7
-1.175, -6.533e-7
-1.174, -6.484e-7
-1.173, -6.592e-7
-1.172, -6.740e-7
-1.171, -6.701e-7
-1.170, -6.740e-7
-1.169, -6.671e-7
-1.168, -6.819e-7
-1.167, -6.908e-7
-1.166, -7.066e-7
-1.165, -7.145e-7
-1.164, -6.977e-7
-1.163, -7.066e-7
-1.162, -7.214e-7
-1.161, -7.224e-7
-1.160, -7.244e-7
-1.159, -7.165e-7
-1.158, -7.332e-7
-1.157, -7.510e-7
-1.156, -7.323e-7
-1.155, -7.342e-7
-1.154, -7.431e-7
-1.153, -7.470e-7
-1.152, -7.490e-7
-1.151, -7.500e-7
-1.150, -7.678e-7
-1.149, -7.707e-7
-1.148, -7.618e-7
-1.147, -7.836e-7
-1.146, -8.072e-7
-1.145, -7.826e-7
-1.144, -7.905e-7
-1.143, -8.112e-7
-1.142, -8.141e-7
-1.141, -8.102e-7
-1.140, -8.270e-7
-1.139, -8.299e-7
-1.138, -8.477e-7
-1.137, -8.339e-7
-1.136, -8.536e-7
-1.135, -8.477e-7
-1.134, -8.497e-7
-1.133, -8.516e-7
-1.132, -8.645e-7
-1.131, -8.645e-7
-1.130, -8.802e-7
-1.129, -8.714e-7
-1.128, -8.941e-7
-1.127, -8.921e-7
-1.126, -9.167e-7
-1.125, -9.276e-7
-1.124, -9.296e-7
-1.123, -9.345e-7
-1.122, -9.473e-7
-1.121, -9.444e-7
-1.120, -9.434e-7
-1.119, -9.641e-7
-1.118, -9.602e-7
-1.117, -9.680e-7
-1.116, -9.898e-7
-1.115, -9.799e-7
-1.114, -9.957e-7
-1.113, -1.007e-6
-1.112, -1.006e-6
-1.111, -1.021e-6
-1.110, -1.039e-6
-1.109, -1.025e-6
-1.108, -1.044e-6
-1.107, -1.059e-6
-1.106, -1.063e-6
-1.105, -1.069e-6
-1.104, -1.082e-6
-1.103, -1.081e-6
-1.102, -1.102e-6
-1.101, -1.107e-6
-1.100, -1.112e-6
-1.099, -1.135e-6
-1.098, -1.136e-6
-1.097, -1.140e-6
-1.096, -1.139e-6
-1.095, -1.135e-6
-1.094, -1.146e-6
-1.093, -1.165e-6
-1.092, -1.182e-6
-1.091, -1.178e-6
-1.090, -1.184e-6
-1.089, -1.192e-6
-1.088, -1.211e-6
-1.087, -1.229e-6
-1.086, -1.221e-6
-1.085, -1.226e-6
-1.084, -1.254e-6
-1.083, -1.241e-6
-1.082, -1.278e-6
-1.081, -1.289e-6
-1.080, -1.290e-6
-1.079, -1.300e-6
-1.078, -1.295e-6
-1.077, -1.314e-6
-1.076, -1.327e-6
-1.075, -1.359e-6
-1.074, -1.320e-6
-1.073, -1.368e-6
-1.072, -1.359e-6
-1.071, -1.375e-6
-1.070, -1.390e-6
-1.069, -1.406e-6
-1.068, -1.400e-6
-1.067, -1.420e-6
-1.066, -1.440e-6
-1.065, -1.432e-6
-1.064, -1.448e-6
-1.063, -1.466e-6
-1.062, -1.467e-6
-1.061, -1.486e-6
-1.060, -1.501e-6
-1.059, -1.514e-6
-1.058, -1.524e-6
-1.057, -1.524e-6
-1.056, -1.534e-6
-1.055, -1.550e-6
-1.054, -1.571e-6
-1.053, -1.562e-6
-1.052, -1.597e-6
-1.051, -1.596e-6
-1.050, -1.603e-6
-1.049, -1.628e-6
-1.048, -1.630e-6
-1.047, -1.658e-6
-1.046, -1.663e-6
-1.045, -1.669e-6
-1.044, -1.682e-6
-1.043, -1.688e-6
-1.042, -1.704e-6
-1.041, -1.718e-6
-1.040, -1.752e-6
-1.039, -1.735e-6
-1.038, -1.754e-6
-1.037, -1.779e-6
-1.036, -1.795e-6
-1.035, -1.802e-6
-1.034, -1.832e-6
-1.033, -1.834e-6
-1.032, -1.843e-6
-1.031, -1.887e-6
-1.030, -1.883e-6
-1.029, -1.889e-6
-1.028, -1.901e-6
-1.027, -1.927e-6
-1.026, -1.924e-6
-1.025, -1.957e-6
-1.024, -1.984e-6
-1.023, -1.989e-6
-1.022, -2.003e-6
-1.021, -2.007e-6
-1.020, -2.029e-6
-1.019, -2.056e-6
-1.018, -2.091e-6
-1.017, -2.081e-6
-1.016, -2.095e-6
-1.015, -2.105e-6
-1.014, -2.135e-6
-1.013, -2.158e-6
-1.012, -2.174e-6
-1.011, -2.185e-6
-1.010, -2.220e-6
-1.009, -2.214e-6
-1.008, -2.241e-6
-1.007, -2.238e-6
-1.006, -2.273e-6
-1.005, -2.289e-6
-1.004, -2.302e-6
-1.003, -2.310e-6
-1.002, -2.332e-6
-1.001, -2.362e-6
