Potential V vs RHE, Current mA cm-2
0.013299999999999867,0.025705304318547718
0.012299999999999978,0.024035944984706972
0.011299999999999866,0.0230597941878001
0.010299999999999976,0.022635380797840585
0.009299999999999864,0.0230597941878001
0.008299999999999974,0.020824550334013342
0.007299999999999862,0.021107492593986348
0.006299999999999972,0.02124896372397285
0.00529999999999986,0.020400136944053827
0.0042999999999999705,0.020541608074040336
0.0032999999999998586,0.019565457277133456
0.0022999999999999687,0.01928251501716045
0.0012999999999998568,0.017754626813306213
0.00029999999999996696,0.019013719870186095
-0.000700000000000145,0.018730777610213082
-0.0017000000000000348,0.01691994714638584
-0.0027000000000001467,0.016778476016399334
-0.0037000000000000366,0.01803756907327922
-0.0047000000000001485,0.0173302134233467
-0.005700000000000038,0.017896097943292714
-0.00670000000000015,0.01706141827637234
-0.00770000000000004,0.0173302134233467
-0.008700000000000152,0.017896097943292714
-0.009700000000000042,0.01608526747946547
-0.010700000000000154,0.015519382959519455
-0.011700000000000044,0.014543232162612576
-0.012700000000000156,0.01580232521949246
-0.013700000000000045,0.015943796349478963
-0.014700000000000157,0.013427024947019063
-0.015700000000000047,0.015377911829532949
-0.01670000000000016,0.014124477617852528
-0.01770000000000005,0.014826174422585584
-0.01870000000000016,0.014684703292599082
-0.01970000000000005,0.013985835910465752
-0.020700000000000163,0.014967645552572089
-0.021700000000000053,0.013705723073092474
-0.022700000000000164,0.014401761032626074
-0.023700000000000054,0.012170761312738912
-0.024700000000000166,0.013567081365705703
-0.025700000000000056,0.014684703292599082
-0.026700000000000168,0.013427024947019063
-0.027700000000000058,0.013286968528332426
-0.02870000000000017,0.012868213983572373
-0.02970000000000006,0.012589515857498962
-0.03070000000000017,0.012449459438812323
-0.03170000000000006,0.011611950349292221
-0.03270000000000017,0.012589515857498962
-0.03370000000000006,0.013008270402259013
-0.034700000000000175,0.012589515857498962
-0.035700000000000065,0.013427024947019063
-0.03670000000000018,0.011611950349292221
-0.03770000000000007,0.012449459438812323
-0.03870000000000018,0.01133325222321881
-0.03970000000000007,0.012310817731425549
-0.04070000000000018,0.011752006767978862
-0.04170000000000007,0.011752006767978862
-0.04270000000000018,0.012449459438812323
-0.04370000000000007,0.011752006767978862
-0.044700000000000184,0.011473308641905449
-0.045700000000000074,0.011473308641905449
-0.046700000000000186,0.011752006767978862
-0.047700000000000076,0.011611950349292221
-0.04870000000000019,0.011054554097145397
-0.04970000000000008,0.010635799552385347
-0.05070000000000019,0.009938346881551883
-0.05170000000000008,0.009658234044178605
-0.05270000000000019,0.009658234044178605
-0.05370000000000008,0.012030704894052273
-0.05470000000000019,0.010495743133698707
-0.05570000000000008,0.010914497678458758
-0.056700000000000195,0.010217045007625295
-0.057700000000000085,0.011054554097145397
-0.058700000000000196,0.011193195804532171
-0.059700000000000086,0.010076988588938657
-0.0607000000000002,0.011752006767978862
-0.06170000000000009,0.009938346881551883
-0.0627000000000002,0.009938346881551883
-0.06370000000000009,0.010076988588938657
-0.0647000000000002,0.009100837792031781
-0.06570000000000009,0.011611950349292221
-0.0667000000000002,0.010076988588938657
-0.0677000000000001,0.011054554097145397
-0.0687000000000002,0.009379535918105194
-0.0697000000000001,0.009239479499418555
-0.07070000000000021,0.009798290462865246
-0.0717000000000001,0.009658234044178605
-0.07270000000000021,0.010495743133698707
-0.0737000000000001,0.009658234044178605
-0.07470000000000021,0.008401970409898454
-0.0757000000000001,0.009658234044178605
-0.07670000000000021,0.007983215865138404
-0.0777000000000001,0.008960781373345144
-0.07870000000000021,0.008401970409898454
-0.0797000000000001,0.009379535918105194
-0.08070000000000022,0.008960781373345144
-0.0817000000000001,0.00812327228382504
-0.08270000000000022,0.009100837792031781
-0.08370000000000011,0.008682083247271731
-0.08470000000000022,0.009938346881551883
-0.08570000000000011,0.008820724954658504
-0.08670000000000022,0.008960781373345144
-0.08770000000000011,0.007285763194304939
-0.08870000000000022,0.007983215865138404
-0.08970000000000011,0.00812327228382504
-0.09070000000000022,0.00826332870251168
-0.09170000000000011,0.00826332870251168
-0.09270000000000023,0.00854202682858509
-0.09370000000000012,0.00784457415775163
-0.09470000000000023,0.008960781373345144
-0.09570000000000012,0.008682083247271731
-0.09670000000000023,0.008820724954658504
-0.09770000000000012,0.007983215865138404
-0.09870000000000023,0.007285763194304939
-0.09970000000000012,0.008820724954658504
-0.10070000000000023,0.009100837792031781
-0.10170000000000012,0.00854202682858509
-0.10270000000000024,0.00812327228382504
-0.10370000000000013,0.008682083247271731
-0.10470000000000024,0.009100837792031781
-0.10570000000000013,0.009519592336791833
-0.10670000000000024,0.00770451773906499
-0.10770000000000013,0.006867008649544888
-0.10870000000000024,0.007564461320378351
-0.10970000000000013,0.00812327228382504
-0.11070000000000024,0.007983215865138404
-0.11170000000000013,0.007564461320378351
-0.11270000000000002,0.00812327228382504
-0.11370000000000013,0.0071457067756183
-0.11470000000000002,0.007007065068231527
-0.11570000000000014,0.00672695223085825
-0.11670000000000003,0.0071457067756183
-0.11770000000000014,0.007007065068231527
-0.11870000000000003,0.007564461320378351
-0.11970000000000014,0.006308197686098199
-0.12070000000000003,0.00854202682858509
-0.12170000000000014,0.0064482541047848375
-0.12270000000000003,0.006867008649544888
-0.12370000000000014,0.007007065068231527
-0.12470000000000003,0.007285763194304939
-0.12570000000000014,0.007285763194304939
-0.12670000000000003,0.0061695559787114254
-0.12770000000000015,0.006867008649544888
-0.12870000000000004,0.00672695223085825
-0.12970000000000015,0.007285763194304939
-0.13070000000000004,0.007285763194304939
-0.13170000000000015,0.005889443141338148
-0.13270000000000004,0.006029499560024787
-0.13370000000000015,0.006308197686098199
-0.13470000000000004,0.00672695223085825
-0.13570000000000015,0.0061695559787114254
-0.13670000000000004,0.005610745015264736
-0.13770000000000016,0.00770451773906499
-0.13870000000000005,0.005470688596578096
-0.13970000000000016,0.005191990470504684
-0.14070000000000005,0.0061695559787114254
-0.14170000000000016,0.004913292344431272
-0.14270000000000005,0.0061695559787114254
-0.14370000000000016,0.0064482541047848375
-0.14470000000000005,0.006029499560024787
-0.14570000000000016,0.005470688596578096
-0.14670000000000005,0.005750801433951375
-0.14770000000000016,0.006867008649544888
-0.14870000000000005,0.006029499560024787
-0.14970000000000017,0.005889443141338148
-0.15070000000000006,0.005750801433951375
-0.15170000000000017,0.005332046889191323
-0.15270000000000006,0.006029499560024787
-0.15370000000000017,0.004354481380984583
-0.15470000000000006,0.004633179507057995
-0.15570000000000017,0.005191990470504684
-0.15670000000000006,0.0061695559787114254
-0.15770000000000017,0.006029499560024787
-0.15870000000000006,0.005191990470504684
-0.15970000000000018,0.004215839673597809
-0.16070000000000007,0.005750801433951375
-0.16170000000000018,0.004913292344431272
-0.16270000000000007,0.0061695559787114254
-0.16370000000000018,0.006029499560024787
-0.16470000000000007,0.004075783254911171
-0.16570000000000018,0.004633179507057995
-0.16670000000000007,0.0036570287101511194
-0.16770000000000018,0.004354481380984583
-0.16870000000000007,0.0044945377996712214
-0.16970000000000018,0.005051934051818046
-0.17070000000000007,0.004075783254911171
-0.17170000000000019,0.0036570287101511194
-0.17270000000000008,0.003516972291464481
-0.1737000000000002,0.004075783254911171
-0.17470000000000008,0.004633179507057995
-0.1757000000000002,0.0047732359257446335
-0.17670000000000008,0.003797085128837758
-0.1777000000000002,0.0033783305840777073
-0.17870000000000008,0.0036570287101511194
-0.1797000000000002,0.003516972291464481
-0.18070000000000008,0.002679463201944379
-0.1817000000000002,0.002679463201944379
-0.18270000000000008,0.003935726836224532
-0.1837000000000002,0.003516972291464481
-0.1847000000000001,0.004075783254911171
-0.1857000000000002,0.003238274165391069
-0.1867000000000001,0.003797085128837758
-0.1877000000000002,0.0022607086571843284
-0.1887000000000001,0.003516972291464481
-0.1897000000000002,0.0025408214945576058
-0.1907000000000001,0.002959576039317657
-0.1917000000000001,0.002122066949797555
-0.19269999999999998,0.0019820105311109163
-0.1937000000000001,0.002679463201944379
-0.19469999999999998,0.002819519620631018
-0.1957000000000001,0.0036570287101511194
-0.19669999999999999,0.002819519620631018
-0.1977000000000001,0.0018419541124242776
-0.1987,0.0010048694362941356
-0.1997000000000001,0.0025408214945576058
-0.2007,0.0022607086571843284
-0.2017000000000001,0.002679463201944379
-0.2027,0.0007257468968307638
-0.2037000000000001,0.0012841334468874936
-0.2047,0.002122066949797555
-0.2057000000000001,0.0017033124050375042
-0.2067,0.0008653789021274429
-0.2077000000000001,0.002400765075870967
-0.2087,0.0012841334468874936
-0.2097000000000001,0.0010048694362941356
-0.2107,0.0015632559863508655
-0.2117000000000001,0.0018419541124242776
-0.2127,0.001423199567664227
-0.2137000000000001,0.0015632559863508655
-0.2147,0.0008653789021274429
-0.2157000000000001,0.0007257468968307638
-0.2167,-0.0013678843558395041
-0.21770000000000012,0.00030713382320069946
-0.2187,-0.00011166316289834735
-0.21970000000000012,-0.0006700072716160814
-0.2207,-0.0006700072716160814
-0.22170000000000012,0.00016750181790402036
-0.2227,-0.00025125272685603054
-0.22370000000000012,-0.0020654784978029537
-0.2247,-0.0010886203452461457
-0.22570000000000012,2.7912253946337174e-05
-0.2267,-0.0026242894612496428
-0.22770000000000012,-0.0017867803717295414
-0.22870000000000001,-0.0023441766238763663
-0.22970000000000013,-0.002205534916489592
-0.23070000000000002,-0.0005303752663194022
-0.23170000000000013,-0.0020654784978029537
-0.23270000000000002,-0.0015080822456561291
-0.23370000000000013,-0.0016467239530429027
-0.23470000000000002,-0.0023441766238763663
-0.23570000000000013,-0.0017867803717295414
-0.23670000000000002,-0.0029029875873230553
-0.2376999999999999,-0.0023441766238763663
-0.23870000000000002,-0.0029029875873230553
-0.2396999999999999,-0.002205534916489592
-0.24070000000000003,-0.0020654784978029537
-0.24169999999999991,-0.0038805530955297956
-0.24270000000000003,-0.0023441766238763663
-0.24369999999999992,-0.0031816857133964674
-0.24470000000000003,-0.0034617985507697452
-0.24569999999999992,-0.0030430440060096936
-0.24670000000000003,-0.004159251221603208
-0.24769999999999992,-0.004578005766363259
-0.24870000000000003,-0.0034617985507697452
-0.24969999999999992,-0.004299307640289847
-0.25070000000000003,-0.00499676031112331
-0.2516999999999999,-0.005834269400643411
-0.25270000000000004,-0.004019194802916569
-0.2536999999999999,-0.005136816729809948
-0.25470000000000004,-0.006112967526716823
-0.2556999999999999,-0.005834269400643411
-0.25670000000000004,-0.005555571274569999
-0.25769999999999993,-0.004856703892436672
-0.25870000000000004,-0.006253023945403462
-0.25969999999999993,-0.0054155148558833605
-0.26070000000000004,-0.0056942129819567725
-0.26169999999999993,-0.007649343998370253
-0.26270000000000004,-0.006253023945403462
-0.26369999999999993,-0.008068098543130304
-0.26470000000000005,-0.007369231160996976
-0.26569999999999994,-0.005834269400643411
-0.26670000000000005,-0.009184305758723818
-0.26769999999999994,-0.008625494795277128
-0.26870000000000005,-0.008765551213963767
-0.26969999999999994,-0.008346796669203717
-0.27070000000000005,-0.00848543837659049
-0.27169999999999994,-0.009741702010870643
-0.27270000000000005,-0.008068098543130304
-0.27369999999999994,-0.01002181484824392
-0.27470000000000006,-0.010160456555630692
-0.27569999999999995,-0.010160456555630692
-0.27670000000000006,-0.009741702010870643
-0.27769999999999995,-0.009741702010870643
-0.27870000000000006,-0.01044056939300397
-0.27969999999999995,-0.010997965645150794
-0.28070000000000006,-0.010719267519077383
-0.28169999999999995,-0.01085932393776402
-0.28270000000000006,-0.011416720189910844
-0.28369999999999995,-0.013231794787637688
-0.28470000000000006,-0.012394285698117586
-0.28569999999999995,-0.012254229279430947
-0.28670000000000007,-0.012254229279430947
-0.28769999999999996,-0.012394285698117586
-0.28870000000000007,-0.01406930387715779
-0.28969999999999996,-0.01365054933239774
-0.29070000000000007,-0.013929247458471152
-0.29169999999999996,-0.014203701450644968
-0.29270000000000007,-0.01588720789748436
-0.29369999999999996,-0.015321323377538347
-0.2947000000000001,-0.01546279450752485
-0.29569999999999996,-0.01615600304445872
-0.2967000000000001,-0.01615600304445872
-0.29769999999999996,-0.016721887564404736
-0.2987000000000001,-0.01769803836131161
-0.29969999999999997,-0.017556567231325104
-0.3007000000000001,-0.016028679027470863
-0.30169999999999997,-0.018391246898245478
-0.3027000000000001,-0.017980980621284618
-0.30369999999999997,-0.018391246898245478
-0.3047000000000001,-0.018957131418191494
-0.30569999999999997,-0.01950886882513886
-0.3067000000000001,-0.020626490752032236
-0.3077,-0.019240073678164497
-0.3087000000000001,-0.020909433012005242
-0.3097,-0.021885583808912118
-0.3107000000000001,-0.021333846401964753
-0.3117,-0.022437321215859483
-0.3127000000000001,-0.021885583808912118
-0.3137,-0.022578792345845984
-0.3147000000000001,-0.0230032057358055
-0.3157,-0.02355494314275286
-0.3167000000000001,-0.02397935653271237
-0.3177,-0.02426229879268538
-0.3187000000000001,-0.02621460038649913
-0.3197,-0.025931658126526123
-0.3207000000000001,-0.027332222313392506
-0.3217,-0.026766337793446494
-0.3227000000000001,-0.027190751183406005
-0.3237,-0.028860110517246747
-0.3247000000000001,-0.028860110517246747
-0.3257,-0.029001581647233248
-0.3267000000000001,-0.030260674704113137
-0.3277,-0.03040214583409964
-0.3287000000000001,-0.029567466167179264
-0.3297,-0.030953883241047007
-0.3307000000000001,-0.03166123889097952
-0.3317,-0.03402380676175413
-0.3327000000000001,-0.03388233563176763
-0.3337,-0.035282899818634014
-0.3347000000000001,-0.03304765596484726
-0.3357,-0.034731162411686646
-0.3367000000000001,-0.036117579485554385
-0.3377,-0.03709373028246127
-0.3387000000000001,-0.03625905061554088
-0.3397,-0.03737667254243427
-0.3407000000000001,-0.03891870785928716
-0.3417,-0.039046031876275006
-0.3427000000000001,-0.03947044526623452
-0.3437,-0.041012480583087416
-0.3447000000000001,-0.041988631379994285
-0.3457,-0.04170568912002128
-0.3467000000000001,-0.04323357732387552
-0.3477,-0.043106253306887665
-0.3487000000000001,-0.04365799071383503
-0.3497,-0.04491708377071492
-0.3507000000000001,-0.04505855490070142
-0.3517,-0.04546882117766228
-0.3527000000000001,-0.04715232762450167
-0.3537,-0.046444971974569156
-0.3547000000000001,-0.04756259390146254
-0.3557,-0.048269949551395054
-0.35670000000000013,-0.050080780015222294
-0.3577,-0.05077398855215617
-0.35870000000000013,-0.05189161047904954
-0.3597,-0.052584819015983414
-0.36070000000000013,-0.05329217466591593
-0.3617,-0.054268325462822814
-0.3626999999999999,-0.054268325462822814
-0.3637,-0.055796213666677044
-0.3646999999999999,-0.05538594738971618
-0.3657,-0.05733824898352994
-0.3666999999999999,-0.059149079447357186
-0.3677,-0.05900760831737068
-0.3686999999999999,-0.060408172504237065
-0.36970000000000003,-0.06221900296806432
-0.3706999999999999,-0.06305368263498468
-0.37170000000000003,-0.06431277569186457
-0.3726999999999999,-0.0637610382849172
-0.37370000000000003,-0.06571333987873097
-0.3746999999999999,-0.06697243293561084
-0.37570000000000003,-0.06599628213870397
-0.3766999999999999,-0.06697243293561084
-0.37770000000000004,-0.06711390406559734
-0.3786999999999999,-0.06975941419634496
-0.37970000000000004,-0.07059409386326533
-0.3806999999999999,-0.0715702446601722
-0.38170000000000004,-0.07240492432709257
-0.38269999999999993,-0.07449869705089282
-0.38370000000000004,-0.07548899496079836
-0.38469999999999993,-0.0756163189777862
-0.38570000000000004,-0.0767339409046796
-0.38669999999999993,-0.07799303396155947
-0.38770000000000004,-0.07896918475846634
-0.38869999999999993,-0.07953506927841236
-0.38970000000000005,-0.08022827781534624
-0.39069999999999994,-0.08022827781534624
-0.39170000000000005,-0.08106295748226659
-0.39269999999999994,-0.0812044286122531
-0.39370000000000005,-0.08315673020606687
-0.39469999999999994,-0.0849675606698941
-0.39570000000000005,-0.08581638744981313
-0.39669999999999994,-0.08791016017361337
-0.39770000000000005,-0.08720280452368086
-0.39869999999999994,-0.08888631097052026
-0.39970000000000006,-0.08902778210050676
-0.40069999999999995,-0.09250797189817477
-0.40170000000000006,-0.09557789541888188
-0.40269999999999995,-0.09516762914192102
-0.40370000000000006,-0.09655404621578875
-0.40469999999999995,-0.09767166814268213
-0.40570000000000006,-0.09907223232954852
-0.40669999999999995,-0.10004838312645539
-0.40770000000000006,-0.10214215585025564
-0.40869999999999995,-0.10354272003712203
-0.40970000000000006,-0.10507060824097628
-0.41069999999999995,-0.10507060824097628
-0.41170000000000007,-0.10576381677791014
-0.41269999999999996,-0.10730585209476304
-0.41370000000000007,-0.11121045528239053
-0.41469999999999996,-0.11009283335549715
-0.41570000000000007,-0.11135192641237703
-0.41669999999999996,-0.1134456991361773
-0.41770000000000007,-0.11413890767311115
-0.41869999999999996,-0.11401158365612331
-0.4197000000000001,-0.11720883119381828
-0.42069999999999996,-0.11875086651067117
-0.4217000000000001,-0.12042022584451192
-0.42269999999999996,-0.12210373229135131
-0.4237000000000001,-0.12377309162519207
-0.42469999999999997,-0.12419750501515157
-0.4257000000000001,-0.12629127773895182
-0.42669999999999997,-0.1272674285358587
-0.4277000000000001,-0.1297714675366198
-0.42869999999999997,-0.1311720317234862
-0.4297000000000001,-0.13200671139040657
-0.43069999999999997,-0.13284139105732695
-0.4317000000000001,-0.13438342637417983
-0.4327,-0.13633572796799356
-0.4337000000000001,-0.13871244295176685
-0.4347,-0.1423199567664227
-0.4357000000000001,-0.1423199567664227
-0.4367,-0.1433102546763282
-0.4377000000000001,-0.14500790823616627
-0.4387,-0.1467055617960043
-0.4397000000000001,-0.14953498439573437
-0.4407,-0.15052528230563988
-0.4417000000000001,-0.15151558021554543
-0.4427,-0.15193999360550495
-0.4437000000000001,-0.15462794507524852
-0.4447,-0.15575971411514053
-0.4457000000000001,-0.1587306078448571
-0.4467,-0.16127708818461417
-0.4477000000000001,-0.1618429727045602
-0.4487,-0.16438945304431726
-0.4497000000000001,-0.1655212220842093
-0.4507,-0.16792623129397988
-0.4517000000000001,-0.16919947146385841
-0.4527,-0.17089712502369644
-0.4537000000000001,-0.17217036519357498
-0.4547,-0.1737265476234265
-0.4557000000000001,-0.17641449909317006
-0.4567,-0.17853656604296764
-0.4577000000000001,-0.1808001041227517
-0.4587,-0.1849027668923603
-0.4597000000000001,-0.1843368823724143
-0.4607,-0.18744924723211737
-0.4617000000000001,-0.18688336271217135
-0.4627,-0.18886395853198237
-0.4637000000000001,-0.19013719870186094
-0.4647,-0.193532505821537
-0.4657000000000001,-0.19523015938137506
-0.4667,-0.19834252424107812
-0.4677000000000001,-0.2008890045808352
-0.4687,-0.20272812927065975
-0.4697000000000001,-0.20569902300037635
-0.4707,-0.20725520543022788
-0.4717000000000001,-0.20966021463999845
-0.4727,-0.21135786819983648
-0.4737000000000001,-0.21447023305953958
-0.4747,-0.21630935774936413
-0.4757000000000001,-0.21942172260906717
-0.4767,-0.2195631937390537
-0.4777000000000001,-0.22309997198871628
-0.4787,-0.22663675023837887
-0.4797000000000001,-0.2284758749282034
-0.4807,-0.22875881718817642
-0.48170000000000013,-0.23286147995778506
-0.4827,-0.23328589334774452
-0.48370000000000013,-0.2388032674172182
-0.4847,-0.24106680549700227
-0.48570000000000013,-0.2429059301868268
-0.4867,-0.24531093939659734
-0.4876999999999999,-0.24672565069646235
-0.4887,-0.25295038041586854
-0.4896999999999999,-0.2540821494557606
-0.4907,-0.2584677544853422
-0.4916999999999999,-0.26016540804518024
-0.4927,-0.2624289461249643
-0.4936999999999999,-0.26412659968480234
-0.49470000000000003,-0.2666730800245595
-0.4956999999999999,-0.27035132940420853
-0.49670000000000003,-0.2728978097439656
-0.4976999999999999,-0.2767175302536012
-0.49870000000000003,-0.2805372507632368
-0.4996999999999999,-0.28379108675292636
-0.5007,-0.28732786500258894
-0.5016999999999999,-0.2888840474324405
-0.5027,-0.2949673060218601
-0.5036999999999999,-0.3011920357412663
-0.5047,-0.30529469851087493
-0.5056999999999999,-0.30204086252118534
-0.5067,-0.30784117885063195
-0.5076999999999999,-0.308407063370578
-0.5087,-0.31293413953014615
-0.5096999999999999,-0.31576356212987616
-0.5107,-0.3219882918492823
-0.5116999999999999,-0.3248177144490124
-0.5127,-0.328920377218621
-0.5136999999999999,-0.33316451111821616
-0.5147,-0.33613540484793275
-0.5156999999999999,-0.3419357211773794
-0.5167,-0.3423601345673389
-0.5176999999999999,-0.3405210098775144
-0.5187,-0.34377484586720397
-0.5196999999999999,-0.35240458479638065
-0.5207,-0.3570731320859353
-0.5216999999999999,-0.36075138146558433
-0.5227,-0.3692396492647746
-0.5236999999999999,-0.37518143672420773
-0.5247,-0.38084028192366787
-0.5257,-0.38862119407292556
-0.5267000000000001,-0.3937141547524397
-0.5277,-0.3951288660523047
-0.5287000000000001,-0.39979741334185936
-0.5297,-0.40064624012177835
-0.5307000000000001,-0.406446556451225
-0.5317,-0.4081442100110631
-0.5327000000000001,-0.4159251221603208
-0.5337,-0.42144249622979446
-0.5347000000000001,-0.42837458159913316
-0.5357,-0.4371457916582963
-0.5367000000000001,-0.44195581007783746
-0.5377,-0.4515758469169197
-0.5387000000000001,-0.45822499002628536
-0.5397,-0.4619032394059345
-0.5407000000000001,-0.4661473733055296
-0.5417,-0.4740697565847738
-0.5427000000000001,-0.4832653800338965
-0.5437,-0.48567038924366707
-0.5447000000000001,-0.48651921602358617
-0.5457,-0.49670513738261435
-0.5467000000000001,-0.5009492712822095
-0.5477,-0.505617818571764
-0.5487000000000001,-0.5125499039411028
-0.5497,-0.518774633660509
-0.5507000000000001,-0.5274043725896858
-0.5517,-0.5343364579590244
-0.5527000000000001,-0.5408441299384036
-0.5537,-0.5483420998276882
-0.5547000000000001,-0.559518319096622
-0.5557,-0.5637624529962171
-0.5567000000000001,-0.5694212981956773
-0.5577,-0.5800316329446651
-0.5587000000000001,-0.5893687275237742
-0.5597,-0.6018181869625866
-0.5607000000000001,-0.6087502723319252
-0.5617,-0.6219070874206701
-0.5627000000000001,-0.6303953552198603
-0.5637,-0.6458157083883892
-0.5647000000000001,-0.6554357452274714
-0.5657,-0.6697243293561084
-0.5667000000000001,-0.6715634540459329
-0.5677,-0.6762320013354877
-0.5687000000000001,-0.6823152599249072
-0.5697,-0.695472075013652
-0.5707000000000001,-0.712024197222073
-0.5717,-0.7246151277908718
-0.5727000000000001,-0.736498702709738
-0.5737,-0.7389037119195087
-0.5747000000000001,-0.753050824918159
-0.5757,-0.7674808801767823
-0.5767000000000001,-0.7831841756052842
-0.5777,-0.8032730760633678
-0.5787000000000001,-0.8031316049333813
-0.5797,-0.8082245656128955
-0.5807000000000001,-0.8360943782202367
-0.5817,-0.8554759230283877
-0.5827000000000001,-0.871320689586876
-0.5837,-0.8737256987966467
-0.5847000000000001,-0.8843360335456344
-0.5857,-0.9051322896536503
-0.5867000000000001,-0.9250797189817473
-0.5877,-0.9419147834501415
-0.5887000000000001,-0.9515348202892236
-0.5897,-0.976292268036862
-0.5907000000000001,-0.9915711500754043
-0.5917,-0.9987861777047158
-0.5927000000000001,-1.0099623969736498
-0.5937,-1.0324563066415038
-0.5947000000000001,-1.0483010731999922
-0.5957,-1.0638628974985076
-0.5967000000000001,-1.0734829343375898
-0.5977,-1.1024845159848229
-0.5987000000000001,-1.1273834348624476
-0.5997,-1.1442184993308417
-0.6007000000000001,-1.1551117763398024
-0.6017,-1.1759080324478186
-0.6027000000000001,-1.1957139906459289
-0.6037,-1.2141052375441745
-0.6047000000000001,-1.2385797430318397
-0.6057,-1.2644689598193697
-0.6067000000000001,-1.2977146753661983
-0.6077,-1.3098811925450375
-0.6087000000000001,-1.3306774486530535
-0.6097,-1.3538787139708401
-0.6107000000000001,-1.370996720699207
-0.6117,-1.409476868055536
-0.6126999999999999,-1.4387613919627424
-0.6137,-1.4642261953603128
-0.6146999999999999,-1.4840321535584236
-0.6157,-1.5222293586547795
-0.6166999999999999,-1.54769416205235
-0.6177,-1.583061944548976
-0.6186999999999999,-1.6198444383454669
-0.6197,-1.6481386643427678
-0.6206999999999999,-1.6651151999411482
-0.6217,-1.694824137238314
-0.6226999999999999,-1.7330213423346699
-0.6237,-1.776877392630486
-0.6246999999999999,-1.813659886426977
-0.6257,-1.8306364220253575
-0.6266999999999999,-1.8645894932221183
-0.6277,-1.9296662130159101
-0.6286999999999999,-1.9692781294121309
-0.6297,-1.9706928407119961
-0.6306999999999999,-2.007475334508487
-0.6317,-2.0598196526034935
-0.6326999999999999,-2.116408104598095
-0.6337,-2.1432876192955304
-0.6346999999999999,-2.1687524226931014
-0.6357,-2.2196820294882422
-0.6366999999999999,-2.280514615382439
-0.6377,-2.310223552679605
-0.6386999999999999,-2.3441766238763657
-0.6397,-2.4163269001694827
-0.6406999999999999,-2.4771594860636794
-0.6417,-2.5012095781613843
-0.6426999999999999,-2.546480339757066
-0.6437,-2.618630616050183
-0.6446999999999999,-2.6808779132442444
-0.6457,-2.719075118340601
-0.6466999999999999,-2.772834147735472
-0.6477,-2.8294225997300737
-0.6486999999999999,-2.88742576302454
-0.6497,-2.972308441016442
-0.6507,-2.990699687914687
-0.6517000000000001,-3.0586058303082093
-0.6527,-3.1166089936026755
-0.6537000000000001,-3.174612156897142
-0.6547,-3.2368594540912037
-0.6557000000000001,-3.2962773286855356
-0.6567,-3.3755011614779775
-0.6577000000000001,-3.447651437771094
-0.6587,-3.4844339315675854
-0.6597000000000001,-3.5169722914644814
-0.6607,-3.6004402581565187
-0.6617000000000001,-3.699470049147071
-0.6627,-3.7503996559422124
-0.6637000000000001,-3.8366970452339793
-0.6647,-3.910262032826961
-0.6657000000000001,-3.9979741334185936
-0.6667,-4.06163614191252
-0.6677000000000001,-4.108321614808066
-0.6687,-4.22715736399673
-0.6697000000000001,-4.303551774189442
-0.6707,-4.353066669684718
-0.6717000000000001,-4.463414151074191
-0.6727,-4.570932209863933
-0.6737000000000001,-4.645911908756781
-0.6747,-4.749185833646928
-0.6757000000000001,-4.836897934238561
-0.6767,-4.964221951226414
-0.6777000000000001,-5.066081164816696
-0.6787,-5.1467197089090035
-0.6797000000000001,-5.223114119101715
-0.6807,-5.337705734390783
-0.6817000000000001,-5.443809081880661
-0.6827,-5.540009450271484
-0.6837000000000001,-5.680065868958122
-0.6847,-5.7974869068469195
-0.6857000000000001,-5.938958036833425
-0.6867,-6.042231961723571
-0.6877000000000001,-6.17380011261102
-0.6887,-6.289806439199953
-0.6897000000000001,-6.39590978668983
-0.6907,-6.55860158617431
-0.6917000000000001,-6.6760226240631075
-0.6927,-6.780711260253121
-0.6937000000000001,-6.865593938245023
-0.6947,-7.035359294228828
-0.6957000000000001,-7.210783495412092
-0.6967,-7.36215760449765
-0.6977000000000001,-7.5743642994774065
-0.6987,-7.687541203466609
-0.6997000000000001,-7.817694643054193
-0.7007,-7.970483463439617
-0.7017000000000001,-8.12044286122531
-0.7027,-8.23786389911411
-0.7037000000000001,-8.404799832498183
-0.7047,-8.566076920682798
-0.7057000000000001,-8.762721791364037
-0.7067,-8.969269641144333
-0.7077000000000001,-9.168743934425303
-0.7087,-9.359729959907083
-0.7097000000000001,-9.549301274088998
-0.7107,-9.714822496173207
-0.7117000000000001,-9.895905542555932
-0.7127,-10.109526948835553
-0.7137000000000001,-10.359930848911663
-0.7147,-10.572137543891419
-0.7157000000000001,-10.798491351869824
-0.7167,-11.020601025948634
-0.7177000000000001,-11.186122248032843
-0.7187,-11.450673261107607
-0.7197000000000001,-11.675612357786147
-0.7207,-11.957139906459291
-0.7217000000000001,-12.172176024038777
-0.7227,-12.459362417911377
-0.7237000000000001,-12.706936895387761
-0.7247,-12.998367423159957
-0.7257000000000001,-13.244527189336473
-0.7267,-13.52746944930948
-0.7277000000000001,-13.850023625678709
-0.7287,-14.175407224647667
-0.7297000000000001,-14.430055258623375
-0.7307,-14.67055617960043
-0.7317000000000001,-15.03838111756534
-0.7327,-15.349617603535648
-0.7337000000000001,-15.717442541500558
-0.7347,-16.071120366466815
-0.7357000000000001,-16.396503965435777
-0.7367,-16.736034677403385
-0.7376999999999999,-17.07556538937099
-0.7387,-17.429243214337255
-0.7396999999999999,-17.797068152302163
-0.7407,-18.164893090267068
-0.7416999999999999,-18.561012254229283
-0.7427,-18.97127853119014
-0.7436999999999999,-19.452280373144255
-0.7447,-19.876693763103766
-0.7456999999999999,-20.315254266061928
-0.7467,-20.73966765602144
-0.7476999999999999,-21.22066949797555
-0.7487,-21.68752422693101
-0.7496999999999999,-22.182673181883775
-0.7507,-22.63538079784059
-0.7516999999999999,-23.144676865792
-0.7527,-23.58323736875016
-0.7536999999999999,-24.050092097705623
-0.7547,-24.57353527865569
-0.7556999999999999,-25.1394197986017
-0.7567,-25.648715866553115
-0.7576999999999999,-26.18630616050183
-0.7587,-26.752190680447846
-0.7596999999999999,-27.289780974396557
-0.7607,-27.841518381343924
-0.7616999999999999,-28.435697127287238
-0.7627,-29.001581647233255
-0.7636999999999999,-29.567466167179266
-0.7647,-30.21823336511718
-0.7656999999999999,-30.88314767605375
-0.7667,-31.54806198699032
-0.7676999999999999,-32.170534958930936
-0.7687,-32.8354492698675
-0.7696999999999999,-33.50036358080407
-0.7707,-34.207719230736586
-0.7716999999999999,-34.84433931567585
-0.7727,-35.594136304604326
-0.7736999999999999,-36.27319772853954
-0.7747,-37.00884760446935
-0.7757,-37.716203254401876
-0.7767000000000001,-38.46600024333035
-0.7777,-39.173355893262865
-0.7787000000000001,-39.96559422118728
-0.7797,-40.715391210115754
-0.7807000000000001,-41.43689397304693
-0.7817,-42.073514057986195
-0.7827000000000001,-42.85160527291196
-0.7837,-43.61554937483908
-0.7847000000000001,-44.45022904175945
-0.7857,-45.27076159568118
-0.7867000000000001,-46.077147036604245
-0.7877,-46.91182670352462
-0.7887000000000001,-47.70406503144903
-0.7897,-48.49630335937346
-0.7907000000000001,-49.33098302629383
-0.7917,-50.1656626932142
-0.7927000000000001,-51.085225038126474
-0.7937,-51.976493157041446
-0.7947000000000001,-52.853614162957776
-0.7957,-53.74488228187274
-0.7967000000000001,-54.62200328778906
-0.7977,-55.442535841710786
-0.7987000000000001,-56.27721550863116
-0.7997,-57.182630740544774
-0.8007000000000001,-58.116340198455696
-0.8017,-59.050049656366625
-0.8027000000000001,-59.9696120012789
-0.8037,-60.86088012019388
-0.8047000000000001,-61.709706900112906
-0.8057,-62.629269245025185
-0.8067000000000001,-63.59127292893339
-0.8077,-64.53912949984297
-0.8087000000000001,-65.45869184475525
-0.8097,-66.44898975466076
-0.8107000000000001,-67.41099343856901
-0.8117,-68.41543846147317
-0.8127000000000001,-69.39158925838004
-0.8137,-70.33944582928963
-0.8147000000000001,-71.28730240019921
-0.8157,-72.27760031010472
-0.8167000000000001,-73.2254568810143
-0.8177,-74.15916633892522
-0.8187000000000001,-75.09287579683615
-0.8197,-76.05487948074436
-0.8207000000000001,-76.98858893865528
-0.8217,-77.99303396155948
-0.8227000000000001,-78.91259630647174
-0.8237,-79.94533555537322
-0.8247000000000001,-80.9497805782774
-0.8257,-81.89763714918698
-0.8267000000000001,-82.8596408330952
-0.8277,-83.79335029100612
-0.8287000000000001,-84.7129126359184
-0.8297,-85.80224033681448
-0.8307000000000001,-86.9057151507092
-0.8317,-87.81113038262282
-0.8327000000000001,-88.7023985015378
-0.8337,-89.62196084645008
-0.8347000000000001,-90.65470009535156
-0.8357,-91.61670377925978
-0.8367000000000001,-92.59285457616664
-0.8377,-93.56900537307352
-0.8387000000000001,-94.4602734919885
-0.8397,-95.45057140189402
-0.8407000000000001,-96.2852510688144
-0.8417,-97.86972772466324
-0.8427000000000001,-99.39761592851748
-0.8437,-100.26058982143515
-0.8447000000000001,-101.19429927934607
-0.8457,-102.1563029632543
-0.8467000000000001,-103.00512974317333
-0.8477,-103.79736807109774
-0.8487000000000001,-104.85840154599651
-0.8497,-105.99017058588855
-0.8507000000000001,-106.99461560879273
-0.8517,-108.0556490836915
-0.8527000000000001,-108.96106431560513
-0.8537,-109.55524306154844
-0.8547000000000001,-110.60212942344857
-0.8557,-111.5358388813595
-0.8567000000000001,-112.72419637324612
-0.8577,-113.77108273514627
-0.8587000000000001,-114.70479219305719
-0.8597,-115.440442068987
-0.8607000000000001,-116.52976976988306
-0.8617,-117.30786098480884
-0.8626999999999999,-118.2274233297211
-0.8637,-119.20357412662798
-0.8646999999999999,-120.03825379354835
-0.8657,-121.04269881645253
-0.8666999999999999,-122.03299672635806
-0.8677,-123.1647657662501
-0.8686999999999999,-124.28238769314346
-0.8697,-125.1312144730625
-0.8706999999999999,-125.90930568798828
-0.8717,-126.51763154693022
-0.8726999999999999,-127.22498719686273
-0.8737,-128.5265215927386
-0.8746999999999999,-129.47437816364814
-0.8757,-130.73347122052803
-0.8766999999999999,-131.7945046954268
-0.8777,-132.36038921537283
-0.8786999999999999,-132.99700930031207
-0.8797,-133.81754185423384
-0.8806999999999999,-134.77954553814206
-0.8817,-135.86887323903812
-0.8826999999999999,-137.11381918291934
-0.8837,-137.45334989488697
-0.8846999999999999,-137.5806739118748
-0.8857,-138.78317851676007
-0.8866999999999999,-139.3773572627034
-0.8857,-138.6700016127709
-0.8846999999999999,-137.67970370286537
-0.8837,-136.76014135795307
-0.8826999999999999,-135.81228478704352
-0.8817,-134.07218988820952
-0.8806999999999999,-132.64333147534586
-0.8797,-132.0067113904066
-0.8786999999999999,-130.95982502850646
-0.8777,-131.12959038449023
-0.8766999999999999,-129.92708577960497
-0.8757,-129.2338772426711
-0.8746999999999999,-127.84746016880335
-0.8737,-126.85716225889782
-0.8726999999999999,-125.62636342801528
-0.8717,-124.62191840511109
-0.8706999999999999,-123.71650317319745
-0.8697,-122.89597061927573
-0.8686999999999999,-121.97640827436345
-0.8677,-120.88708057346739
-0.8666999999999999,-120.74560944348087
-0.8657,-120.23631337552946
-0.8646999999999999,-118.82160207566443
-0.8637,-117.73227437476834
-0.8626999999999999,-117.0390658378345
-0.8617,-116.02047370193165
-0.8607000000000001,-115.2140882610086
-0.8597,-114.3228201420936
-0.8587000000000001,-113.27593378019348
-0.8577,-112.46954833927042
-0.8567000000000001,-112.05928206230955
-0.8557,-111.21045528239053
-0.8547000000000001,-110.4748054064607
-0.8537,-109.55524306154844
-0.8527000000000001,-108.69226916863077
-0.8517,-107.97076640569959
-0.8507000000000001,-106.69752623582107
-0.8497,-106.0609061508818
-0.8487000000000001,-105.56575719592904
-0.8477,-105.4101389529439
-0.8467000000000001,-104.05201610507345
-0.8457,-102.70804037020166
-0.8447000000000001,-101.54797710431234
-0.8437,-100.670856098396
-0.8427000000000001,-100.00594178745945
-0.8417,-98.80343718257416
-0.8407000000000001,-98.29414111462276
-0.8397,-97.23310763972397
-0.8387000000000001,-96.31354529481169
-0.8377,-95.11104068992641
-0.8367000000000001,-94.26221391000739
-0.8357,-93.56900537307352
-0.8347000000000001,-92.578707463168
-0.8337,-91.60255666626112
-0.8327000000000001,-91.05081925931376
-0.8317,-90.51322896536506
-0.8307000000000001,-89.86246176742712
-0.8297,-89.15510611749461
-0.8287000000000001,-87.95260151260933
-0.8277,-86.7076555687281
-0.8267000000000001,-85.95785857979962
-0.8257,-85.39197405985361
-0.8247000000000001,-84.7129126359184
-0.8237,-84.28849924595887
-0.8227000000000001,-83.49626091803447
-0.8217,-82.6615812511141
-0.8207000000000001,-81.91178426218562
-0.8197,-81.33175262924095
-0.8187000000000001,-80.61024986630979
-0.8177,-79.84630576438266
-0.8167000000000001,-79.0399203234596
-0.8157,-78.16279931754329
-0.8147000000000001,-77.35641387662021
-0.8137,-76.53588132269847
-0.8127000000000001,-76.18220349773222
-0.8117,-75.65876031678216
-0.8107000000000001,-74.7391979718699
-0.8097,-73.83378273995626
-0.8087000000000001,-73.23960399401295
-0.8077,-72.78689637805614
-0.8067000000000001,-72.40492432709259
-0.8057,-71.81074558114926
-0.8047000000000001,-71.17412549621
-0.8037,-70.67897654125723
-0.8027000000000001,-69.75941419634496
-0.8017,-69.0944998854084
-0.8007000000000001,-68.44373268747047
-0.7997,-68.21737887949207
-0.7987000000000001,-67.56661168155415
-0.7977,-66.54801954565133
-0.7967000000000001,-65.65675142673635
-0.7957,-64.85036598581328
-0.7947000000000001,-64.1288632228821
-0.7937,-63.64786138092801
-0.7927000000000001,-63.280036442963095
-0.7917,-62.58682790602922
-0.7907000000000001,-61.780442465106155
-0.7897,-61.03064547617768
-0.7887000000000001,-60.23840714825326
-0.7877,-59.502757272323436
-0.7867000000000001,-58.86613718738417
-0.7857,-58.116340198455696
-0.7847000000000001,-57.394837435524536
-0.7837,-57.111895175551524
-0.7827000000000001,-56.89968848057178
-0.7817,-56.164038604641945
-0.7807000000000001,-55.49912429370539
-0.7797,-54.76347441777557
-0.7787000000000001,-54.08441299384035
-0.7777,-53.37705734390783
-0.7767000000000001,-52.76873148496586
-0.7757,-52.1886998520212
-0.7747,-51.53793265408329
-0.7736999999999999,-50.98619524713592
-0.7727,-50.3637222751953
-0.7716999999999999,-49.69880796425874
-0.7707,-49.13292344431272
-0.7696999999999999,-48.32653800338966
-0.7687,-47.70406503144903
-0.7676999999999999,-47.095739172507066
-0.7667,-46.515707539562406
-0.7656999999999999,-45.90738168062044
-0.7647,-45.31320293467712
-0.7636999999999999,-44.71902418873381
-0.7627,-44.591700171745956
-0.7616999999999999,-44.110698329791845
-0.7607,-43.58725514884178
-0.7596999999999999,-43.148694645883616
-0.7587,-42.653545690930855
-0.7576999999999999,-42.087661170984845
-0.7567,-41.53592376403748
-0.7556999999999999,-40.97003924409146
-0.7547,-40.29097782015624
-0.7536999999999999,-39.68265196121428
-0.7527,-39.159208780264215
-0.7516999999999999,-38.791383842299304
-0.7507,-38.22549932235329
-0.7496999999999999,-37.617173463411326
-0.7487,-37.05128894346531
-0.7476999999999999,-36.54199287551389
-0.7467,-35.96196124256923
-0.7456999999999999,-35.367782496625914
-0.7447,-34.8301922026772
-0.7436999999999999,-34.36333747372174
-0.7427,-33.839894292771675
-0.7416999999999999,-33.41548090281216
-0.7407,-32.8354492698675
-0.7396999999999999,-32.31200608891744
-0.7387,-31.816857133964678
-0.7376999999999999,-31.350002405009217
-0.7367,-30.854853450056453
-0.7357000000000001,-30.387998721100992
-0.7347,-30.161644913122586
-0.7337000000000001,-30.10505646112798
-0.7327,-29.567466167179266
-0.7317000000000001,-29.128905664221104
-0.7307,-28.746933613257543
-0.7297000000000001,-28.294225997300735
-0.7287,-27.813224155346617
-0.7277000000000001,-27.332222313392506
-0.7267,-26.86536758443705
-0.7257000000000001,-26.469248420474838
-0.7247,-26.087276369511276
-0.7237000000000001,-25.677010092550415
-0.7227,-25.252596702590903
-0.7217000000000001,-24.828183312631392
-0.7207,-24.40376992267188
-0.7197000000000001,-23.993503645711023
-0.7187,-23.56909025575151
-0.7177000000000001,-23.24370665678255
-0.7167,-22.84758749282034
-0.7157000000000001,-22.479762554855434
-0.7147,-22.055349164895922
-0.7137000000000001,-21.786554017921564
-0.7127,-21.390434853959356
-0.7117000000000001,-21.022609915994444
-0.7107,-20.69722631702549
-0.7097000000000001,-20.315254266061928
-0.7087,-19.947429328097016
-0.7077000000000001,-19.622045729128057
-0.7067,-19.28251501716045
-0.7057000000000001,-18.95713141819149
-0.7047,-18.617600706223882
-0.7037000000000001,-18.27806999425627
-0.7027,-17.966833508285966
-0.7017000000000001,-17.669744135314307
-0.7007,-17.386801875341302
-0.6997000000000001,-17.07556538937099
-0.6987,-16.806770242396635
-0.6977000000000001,-16.55212220842093
-0.6967,-16.410651078434423
-0.6957000000000001,-16.11356170546277
-0.6947,-15.816472332491113
-0.6937000000000001,-15.4769416205235
-0.6927,-15.193999360550496
-0.6917000000000001,-14.882762874580186
-0.6907,-14.61396772760583
-0.6897000000000001,-14.359319693630123
-0.6887,-14.08062156755671
-0.6877000000000001,-13.861341316077631
-0.6867,-13.632158085499492
-0.6857000000000001,-13.449660327816902
-0.6847,-13.197841716440928
-0.6837000000000001,-12.978561464961846
-0.6827,-12.714010451887084
-0.6817000000000001,-12.542830384603414
-0.6807,-12.300914752326493
-0.6797000000000001,-12.085878634747008
-0.6787,-11.86659838326793
-0.6777000000000001,-11.630341596190465
-0.6767,-11.436526148108957
-0.6757000000000001,-11.246954833927042
-0.6747,-11.071530632743777
-0.6737000000000001,-10.832444423066585
-0.6727,-10.638628974985076
-0.6717000000000001,-10.441984104303836
-0.6707,-10.245339233622596
-0.6697000000000001,-10.02464427084365
-0.6687,-9.873270161758091
-0.6677000000000001,-9.700675383174557
-0.6667,-9.498371667293856
-0.6657000000000001,-9.337094579109243
-0.6647,-9.172988068324898
-0.6637000000000001,-9.01029626884042
-0.6627,-8.83911620155675
-0.6617000000000001,-8.669350845572946
-0.6607,-8.530709138186172
-0.6597000000000001,-8.383579163000208
-0.6587,-8.236449187814243
-0.6577000000000001,-8.0723426770299
-0.6567,-7.89550376454677
-0.6557000000000001,-7.7582767684598615
-0.6547,-7.616805638473357
-0.6537000000000001,-7.465431529387798
-0.6527,-7.31688684290197
-0.6517000000000001,-7.185318692014522
-0.6507,-7.046676984627748
-0.6497,-6.933500080638546
-0.6486999999999999,-6.783540682852851
-0.6477,-6.627922439867697
-0.6466999999999999,-6.521819092377819
-0.6457,-6.40156863188929
-0.6446999999999999,-6.265756347102247
-0.6437,-6.163897133511965
-0.6426999999999999,-6.015352447026135
-0.6417,-5.929055057734368
-0.6406999999999999,-5.788998639047731
-0.6397,-5.684310002857718
-0.6386999999999999,-5.579621366667705
-0.6377,-5.490494554776207
-0.6366999999999999,-5.391464763785655
-0.6357,-5.2910202614952375
-0.6346999999999999,-5.180672780105764
-0.6337,-5.088716545614537
-0.6326999999999999,-5.020810403221016
-0.6317,-4.927439457429923
-0.6306999999999999,-4.85387446983694
-0.6297,-4.767577080545174
-0.6286999999999999,-4.681279691253407
-0.6277,-4.575176343763529
-0.6266999999999999,-4.494537799671222
-0.6257,-4.402581565179994
-0.6246999999999999,-4.317698887188092
-0.6237,-4.237060343095785
-0.6226999999999999,-4.155007087703612
-0.6217,-4.067294987111981
-0.6206999999999999,-4.009291823817514
-0.6197,-3.9173355893262864
-0.6186999999999999,-3.838111756533844
-0.6177,-3.7716203254401877
-0.6166999999999999,-3.683908224848555
-0.6157,-3.6117579485554394
-0.6146999999999999,-3.5381929609624567
-0.6137,-3.4717015298688
-0.6126999999999999,-3.3910629857764927
-0.6117,-3.314668575583781
-0.6107000000000001,-3.2609095461889095
-0.6097,-3.1915886924955226
-0.6087000000000001,-3.1321708179011907
-0.6077,-3.0628499642078046
-0.6067000000000001,-2.999187955713878
-0.6057,-2.9397700811195464
-0.6047000000000001,-2.88742576302454
-0.6037,-2.8308373110299385
-0.6027000000000001,-2.770004725135742
-0.6017,-2.7105868505414104
-0.6007000000000001,-2.663901377645864
-0.5997,-2.6073129256512626
-0.5987000000000001,-2.5606274527557162
-0.5977,-2.50828313466071
-0.5967000000000001,-2.4403769922671885
-0.5957,-2.389447385472047
-0.5947000000000001,-2.3569090255751513
-0.5937,-2.3116382639794697
-0.5927000000000001,-2.2592939458844636
-0.5917,-2.2182673181883774
-0.5907000000000001,-2.1729965565926963
-0.5897,-2.1192375271978254
-0.5887000000000001,-2.0753814769020087
-0.5877,-2.0343548492059225
-0.5867000000000001,-1.993328221509837
-0.5857,-1.9508868825138854
-0.5847000000000001,-1.9070308322180693
-0.5837,-1.8744924723211736
-0.5827000000000001,-1.8334658446250875
-0.5817,-1.7910245056291363
-0.5807000000000001,-1.7641449909317006
-0.5797,-1.7245330745354797
-0.5787000000000001,-1.690580003338719
-0.5777,-1.655212220842093
-0.5767000000000001,-1.6198444383454669
-0.5757,-1.5915502123481662
-0.5747000000000001,-1.5575971411514054
-0.5737,-1.5236440699546445
-0.5727000000000001,-1.4925204213576138
-0.5717,-1.4543232162612578
-0.5707000000000001,-1.4345172580631471
-0.5697,-1.4108915793554009
-0.5687000000000001,-1.3837291223979924
-0.5677,-1.3569910788305433
-0.5667000000000001,-1.3313848043029861
-0.5657,-1.2978561464961846
-0.5647000000000001,-1.2722498719686275
-0.5637,-1.249614491170787
-0.5627000000000001,-1.2200470250036075
-0.5617,-1.1944407504760506
-0.5607000000000001,-1.1713809562882502
-0.5597,-1.1452087972407472
-0.5587000000000001,-1.1229978298328662
-0.5577,-1.0964012573954034
-0.5567000000000001,-1.0790003084070634
-0.5557,-1.0583455234290338
-0.5547000000000001,-1.0341539602013416
-0.5537,-1.0119429927934607
-0.5527000000000001,-0.9893076119956202
-0.5517,-0.9683698847576176
-0.5507000000000001,-0.9492712822094397
-0.5497,-0.9335679867809377
-0.5487000000000001,-0.9172988068324897
-0.5477,-0.8946634260346491
-0.5467000000000001,-0.8766965925263633
-0.5457,-0.8605688837079019
-0.5447000000000001,-0.8442997037594538
-0.5437,-0.8273231681610735
-0.5427000000000001,-0.8070927965730035
-0.5417,-0.7896918475846634
-0.5407000000000001,-0.7703103027765125
-0.5397,-0.7574364299477406
-0.5387000000000001,-0.7413087211292793
-0.5377,-0.7270201370006424
-0.5367000000000001,-0.7101850725322485
-0.5357,-0.6968867863135171
-0.5347000000000001,-0.6827396733148667
-0.5337,-0.6704316850060409
-0.5327000000000001,-0.6526063226277414
-0.5317,-0.6410056899688481
-0.5307000000000001,-0.6278488748801032
-0.5297,-0.6112967526716824
-0.5287000000000001,-0.5967252262830725
-0.5277,-0.5863978337940576
-0.5267000000000001,-0.57578749904507
-0.5257,-0.5643283375161632
-0.5247,-0.5513129935574048
-0.5236999999999999,-0.5411270721983766
-0.5227,-0.5293849684094968
-0.5216999999999999,-0.5186331625305225
-0.5207,-0.5084472411714941
-0.5196999999999999,-0.4950074838227763
-0.5187,-0.48651921602358617
-0.5176999999999999,-0.4749185833646928
-0.5167,-0.46402530635573197
-0.5156999999999999,-0.4544052695166497
-0.5147,-0.443794934767662
-0.5136999999999999,-0.43573108035843133
-0.5127,-0.4280916393391601
-0.5116999999999999,-0.41847160250007787
-0.5107,-0.4072953832311441
-0.5096999999999999,-0.39696799074212924
-0.5087,-0.3904603187627501
-0.5076999999999999,-0.37942557062380283
-0.5067,-0.37291789864442365
-0.5056999999999999,-0.3637222751953009
-0.5047,-0.35594136304604324
-0.5036999999999999,-0.34787750863681255
-0.5027,-0.33698423162785174
-0.5016999999999999,-0.3311839152984051
-0.5007,-0.3259494834889044
-0.4996999999999999,-0.31930034037953875
-0.49870000000000003,-0.31123648597030806
-0.4976999999999999,-0.3044458717309559
-0.49670000000000003,-0.2958161328017792
-0.4956999999999999,-0.2915719989021841
-0.49470000000000003,-0.28350814449295336
-0.4936999999999999,-0.2764345879936282
-0.4927,-0.27176604070407356
-0.4916999999999999,-0.2639851285548159
-0.4907,-0.2574774565754367
-0.4896999999999999,-0.251960082505963
-0.4887,-0.24842330425630044
-0.4876999999999999,-0.2423400456668808
-0.4867,-0.23738855611735316
-0.48570000000000013,-0.2307394130079875
-0.4847,-0.22578792345845985
-0.48370000000000013,-0.2202705493889862
-0.4827,-0.2157434732294181
-0.48170000000000013,-0.21135786819983648
-0.4807,-0.2041428405705248
-0.4797000000000001,-0.20131341797079472
-0.4787,-0.1965033995512536
-0.4777000000000001,-0.19183485226169897
-0.4767,-0.18532718028231981
-0.4757000000000001,-0.18292217107254924
-0.4747,-0.17924392169290015
-0.4737000000000001,-0.1731606631034805
-0.4727,-0.17075565389370992
-0.4717000000000001,-0.16537975095422278
-0.4707,-0.16099414592464115
-0.4697000000000001,-0.15646706976507307
-0.4687,-0.15193999360550495
-0.4677000000000001,-0.14896909987578838
-0.4667,-0.14741291744593682
-0.4657000000000001,-0.1421784856364362
-0.4647,-0.13899538521173985
-0.4637000000000001,-0.13493516378112722
-0.4627,-0.1327140670403391
-0.4617000000000001,-0.1296299964066333
-0.4607,-0.12517365581205844
-0.4597000000000001,-0.12251399856831217
-0.4587,-0.11735030232380478
-0.4577000000000001,-0.11539800072999104
-0.4567,-0.1135871702661638
-0.4557000000000001,-0.11065871787544318
-0.4547,-0.10618823016786964
-0.4537000000000001,-0.10423592857405589
-0.4527,-0.10074159166338927
-0.4517000000000001,-0.0997654408664824
-0.4507,-0.09529495315890889
-0.4497000000000001,-0.09376706495505463
-0.4487,-0.0906971414343475
-0.4477000000000001,-0.08776868904362688
-0.4467,-0.0863681248567605
-0.4457000000000001,-0.08203910827917348
-0.4447,-0.0814873708722261
-0.4437000000000001,-0.07980386442538671
-0.4427,-0.0771583542946391
-0.4417000000000001,-0.07422990190391847
-0.4407,-0.07268786658706558
-0.4397000000000001,-0.06975941419634496
-0.4387,-0.06599628213870397
-0.4377000000000001,-0.06502013134179709
-0.4367,-0.0636195671549307
-0.4357000000000001,-0.061808736691103455
-0.4347,-0.05998375911427755
-0.4337000000000001,-0.058031457520463806
-0.4327,-0.05440979659280931
-0.4317000000000001,-0.053150703535929426
-0.43069999999999997,-0.05133987307210218
-0.4297000000000001,-0.049939308885235796
-0.42869999999999997,-0.04756259390146254
-0.4277000000000001,-0.046317647957581295
-0.42669999999999997,-0.044775612640728414
-0.4257000000000001,-0.0443511992507689
-0.42469999999999997,-0.04323357732387552
-0.4237000000000001,-0.039611916396221025
-0.42269999999999996,-0.03821135220935464
-0.4217000000000001,-0.037801085932393785
-0.42069999999999996,-0.03458969128170015
-0.4197000000000001,-0.03193003403795388
-0.41869999999999996,-0.030543616964086147
-0.41770000000000007,-0.03040214583409964
-0.41669999999999996,-0.028449844240285887
-0.41570000000000007,-0.026907808923433
-0.41469999999999996,-0.025931658126526123
-0.41370000000000007,-0.024403769922671882
-0.41269999999999996,-0.023837885402725866
-0.41170000000000007,-0.02355494314275286
-0.41069999999999995,-0.021050904141991744
-0.40970000000000006,-0.019933282215098366
-0.40869999999999995,-0.01965033995512536
-0.40770000000000006,-0.017556567231325104
-0.40669999999999995,-0.016721887564404736
-0.40570000000000006,-0.014486643710617976
-0.40469999999999995,-0.015321323377538347
-0.40370000000000006,-0.013231794787637688
-0.40269999999999995,-0.012254229279430947
-0.40170000000000006,-0.012254229279430947
-0.40069999999999995,-0.009741702010870643
-0.39970000000000006,-0.009322947466110591
-0.39869999999999994,-0.007649343998370253
-0.39770000000000005,-0.006531722071476874
-0.39669999999999994,-0.006393080364090101
-0.39570000000000005,-0.006112967526716823
-0.39469999999999994,-0.00443794934767662
-0.39370000000000005,-0.0029029875873230553
-0.39269999999999994,-0.0020654784978029537
-0.39170000000000005,-0.0020654784978029537
-0.39069999999999994,-0.0017867803717295414
-0.38970000000000005,-0.0010886203452461457
-0.38869999999999993,0.0015632559863508655
-0.38770000000000004,0.00044662435736739204
-0.38669999999999993,0.0015632559863508655
-0.38570000000000004,0.0030982177467044304
-0.38469999999999993,0.004633179507057995
-0.38370000000000004,0.004075783254911171
-0.38269999999999993,0.003238274165391069
-0.38170000000000004,0.0044945377996712214
-0.3806999999999999,0.006029499560024787
-0.37970000000000004,0.006029499560024787
-0.3786999999999999,0.008401970409898454
-0.37770000000000004,0.00812327228382504
-0.3766999999999999,0.007983215865138404
-0.37570000000000003,0.010357101426311934
-0.3746999999999999,0.009938346881551883
-0.37370000000000003,0.010217045007625295
-0.3726999999999999,0.012170761312738912
-0.37170000000000003,0.011054554097145397
-0.3706999999999999,0.011611950349292221
-0.36970000000000003,0.013008270402259013
-0.3686999999999999,0.013567081365705703
-0.3677,0.013985835910465752
-0.3666999999999999,0.013567081365705703
-0.3657,0.016212591496453318
-0.3646999999999999,0.013705723073092474
-0.3637,0.0173302134233467
-0.3626999999999999,0.01691994714638584
-0.3617,0.01580232521949246
-0.36070000000000013,0.01706141827637234
-0.3597,0.016212591496453318
-0.35870000000000013,0.017896097943292714
-0.3577,0.017613155683319705
-0.35670000000000013,0.017471684553333203
-0.3557,0.019848399537106463
-0.3547000000000001,0.01928251501716045
-0.3537,0.020966021463999843
-0.3527000000000001,0.020541608074040336
-0.3517,0.019848399537106463
-0.3507000000000001,0.02208364339089322
-0.3497,0.02124896372397285
-0.3487000000000001,0.022493909667854084
-0.3477,0.020966021463999843
-0.3467000000000001,0.023342736447773106
-0.3457,0.022635380797840585
-0.3447000000000001,0.02124896372397285
-0.3437,0.023753002724733966
-0.3427000000000001,0.0230597941878001
-0.3417,0.02277685192782709
-0.3407000000000001,0.024460358374666487
-0.3397,0.02389447385472047
-0.3387000000000001,0.023753002724733966
-0.3377,0.02389447385472047
-0.3367000000000001,0.02543650917157336
-0.3357,0.025846775448534223
-0.3347000000000001,0.024460358374666487
-0.3337,0.02612971770850723
-0.3327000000000001,0.025988246578520724
-0.3317,0.02515356691160035
-0.3307000000000001,0.027105868505414105
-0.3297,0.02738881076538711
-0.3287000000000001,0.027940548172334476
-0.3277,0.027247339635400606
-0.3267000000000001,0.027247339635400606
-0.3257,0.02738881076538711
-0.3247000000000001,0.027799077042347967
-0.3237,0.028775227839254847
-0.3227000000000001,0.028633756709268345
-0.3217,0.028223490432307482
-0.3207000000000001,0.028223490432307482
-0.3197,0.029341112359200863
-0.3187000000000001,0.029058170099227856
-0.3177,0.029624054619173872
-0.3167000000000001,0.028916698969241348
-0.3157,0.031151942823028106
-0.3147000000000001,0.029058170099227856
-0.3137,0.029199641229214358
-0.3127000000000001,0.030034320896134725
-0.3117,0.030317263156107735
-0.3107000000000001,0.03157635621298762
-0.3097,0.029341112359200863
-0.3087000000000001,0.0308690005630551
-0.3077,0.030458734286094236
-0.3067000000000001,0.0307275294330686
-0.30569999999999997,0.030317263156107735
-0.3047000000000001,0.0307275294330686
-0.30369999999999997,0.03184515135996198
-0.3027000000000001,0.03184515135996198
-0.30169999999999997,0.031434885083001116
-0.3007000000000001,0.0307275294330686
-0.29969999999999997,0.030458734286094236
-0.2987000000000001,0.03282130215686885
-0.29769999999999996,0.031434885083001116
-0.2967000000000001,0.03184515135996198
-0.29569999999999996,0.032552507009894496
-0.2947000000000001,0.03241103587990799
-0.29369999999999996,0.03198662248994848
-0.29270000000000007,0.03282130215686885
-0.29169999999999996,0.032693978139880994
-0.29070000000000007,0.03381160006677438
-0.28969999999999996,0.03241103587990799
-0.28870000000000007,0.03464627973369475
-0.28769999999999996,0.03324571554682836
-0.28670000000000007,0.03241103587990799
-0.28569999999999995,0.03241103587990799
-0.28470000000000006,0.03352865780680137
-0.28369999999999995,0.03157635621298762
-0.28270000000000006,0.03381160006677438
-0.28169999999999995,0.03352865780680137
-0.28070000000000006,0.03352865780680137
-0.27969999999999995,0.032693978139880994
-0.27870000000000006,0.03617416793754899
-0.27769999999999995,0.03408039521374873
-0.27670000000000006,0.03338718667681487
-0.27569999999999995,0.03436333747372174
-0.27470000000000006,0.03393892408376223
-0.27369999999999994,0.03367012893678788
-0.27270000000000005,0.03450480860370824
-0.27169999999999994,0.03450480860370824
-0.27070000000000005,0.03408039521374873
-0.26969999999999994,0.03296277328685536
-0.26870000000000005,0.03548095940061512
-0.26769999999999994,0.033104244416841865
-0.26670000000000005,0.03562243053060162
-0.26569999999999994,0.0350565460106556
-0.26470000000000005,0.036032696807562485
-0.26369999999999993,0.03562243053060162
-0.26270000000000004,0.03478775086368125
-0.26169999999999993,0.0350565460106556
-0.26070000000000004,0.03533948827062862
-0.25969999999999993,0.03436333747372174
-0.25870000000000004,0.03478775086368125
-0.25769999999999993,0.035198017140642114
-0.25670000000000004,0.0350565460106556
-0.2556999999999999,0.036457110197522
-0.25470000000000004,0.03548095940061512
-0.2536999999999999,0.036032696807562485
-0.25270000000000004,0.0350565460106556
-0.2516999999999999,0.03548095940061512
-0.25070000000000003,0.03617416793754899
-0.24969999999999992,0.03450480860370824
-0.24870000000000003,0.03590537279057463
-0.24769999999999992,0.03576390166058813
-0.24670000000000003,0.03533948827062862
-0.24569999999999992,0.036740052457495
-0.24470000000000003,0.03617416793754899
-0.24369999999999992,0.03576390166058813
-0.24270000000000003,0.03533948827062862
-0.24169999999999991,0.036457110197522
-0.24070000000000003,0.03631563906753549
-0.2396999999999999,0.03631563906753549
-0.23870000000000002,0.037433260994428876
-0.2376999999999999,0.0350565460106556
-0.23670000000000002,0.036881523587481514
-0.23570000000000013,0.03826794066134924
-0.23470000000000002,0.03617416793754899
-0.23370000000000013,0.037291789864442364
-0.23270000000000002,0.03590537279057463
-0.23170000000000013,0.03548095940061512
-0.23070000000000002,0.037150318734455866
-0.22970000000000013,0.0350565460106556
-0.22870000000000001,0.03617416793754899
-0.22770000000000012,0.03576390166058813
-0.2267,0.037150318734455866
-0.22570000000000012,0.037291789864442364
-0.2247,0.036740052457495
-0.22370000000000012,0.036740052457495
-0.2227,0.036740052457495
-0.22170000000000012,0.038409411791335744
-0.2207,0.036598581327508505
-0.21970000000000012,0.03590537279057463
-0.2187,0.036740052457495
-0.21770000000000012,0.037150318734455866
-0.2167,0.036032696807562485
-0.2157000000000001,0.038126469531362735
-0.2147,0.03700884760446936
-0.2137000000000001,0.038692354051308754
-0.2127,0.038692354051308754
-0.2117000000000001,0.03826794066134924
-0.2107,0.037433260994428876
-0.2097000000000001,0.03826794066134924
-0.2087,0.03938556258824262
-0.2077000000000001,0.038692354051308754
-0.2067,0.037433260994428876
-0.2057000000000001,0.03883382518129525
-0.2047,0.037433260994428876
-0.2037000000000001,0.03826794066134924
-0.2027,0.03897529631128176
-0.2017000000000001,0.03897529631128176
-0.2007,0.03966850484821563
-0.1997000000000001,0.038126469531362735
-0.1987,0.03910262032826961
-0.1977000000000001,0.03966850484821563
-0.19669999999999999,0.03855088292132225
-0.1957000000000001,0.039527033718229125
-0.19469999999999998,0.03910262032826961
-0.1937000000000001,0.03855088292132225
-0.19269999999999998,0.039244091458256115
-0.1917000000000001,0.038692354051308754
-0.1907000000000001,0.03883382518129525
-0.1897000000000002,0.03855088292132225
-0.1887000000000001,0.03995144710818864
-0.1877000000000002,0.038409411791335744
-0.1867000000000001,0.040361713385149496
-0.1857000000000002,0.038692354051308754
-0.1847000000000001,0.038126469531362735
-0.1837000000000002,0.03897529631128176
-0.18270000000000008,0.038692354051308754
-0.1817000000000002,0.04009291823817514
-0.18070000000000008,0.03966850484821563
-0.1797000000000002,0.038692354051308754
-0.17870000000000008,0.038126469531362735
-0.1777000000000002,0.03980997597820213
-0.17670000000000008,0.03995144710818864
-0.1757000000000002,0.040361713385149496
-0.17470000000000008,0.04009291823817514
-0.1737000000000002,0.03966850484821563
-0.17270000000000008,0.03980997597820213
-0.17170000000000019,0.03938556258824262
-0.17070000000000007,0.040220242255163
-0.16970000000000018,0.03966850484821563
-0.16870000000000007,0.03966850484821563
-0.16770000000000018,0.04078612677510901
-0.16670000000000007,0.03966850484821563
-0.16570000000000018,0.03980997597820213
-0.16470000000000007,0.040644655645122506
-0.16370000000000018,0.04190374870200239
-0.16270000000000007,0.040644655645122506
-0.16170000000000018,0.040503184515136
-0.16070000000000007,0.04078612677510901
-0.15970000000000018,0.040503184515136
-0.15870000000000006,0.040927597905095515
-0.15770000000000017,0.040644655645122506
-0.15670000000000006,0.04147933531204288
-0.15570000000000017,0.04133786418205637
-0.15470000000000006,0.03980997597820213
-0.15370000000000017,0.04119639305206987
-0.15270000000000006,0.040361713385149496
-0.15170000000000017,0.04204521983198889
-0.15070000000000006,0.04147933531204288
-0.14970000000000017,0.041620806442029375
-0.14870000000000005,0.040644655645122506
-0.14770000000000016,0.04078612677510901
-0.14670000000000005,0.040927597905095515
-0.14570000000000016,0.04217254384897674
-0.14470000000000005,0.04106906903508201
-0.14370000000000016,0.04190374870200239
-0.14270000000000005,0.04106906903508201
-0.14170000000000016,0.04190374870200239
-0.14070000000000005,0.04147933531204288
-0.13970000000000016,0.040644655645122506
-0.13870000000000005,0.04147933531204288
-0.13770000000000016,0.043290165775870124
-0.13670000000000004,0.04231401497896324
-0.13570000000000015,0.04190374870200239
-0.13470000000000004,0.04357310803584313
-0.13370000000000015,0.04316284175888227
-0.13270000000000004,0.04245548610894975
-0.13170000000000015,0.04287989949890925
-0.13070000000000004,0.042738428368922755
-0.12970000000000015,0.04245548610894975
-0.12870000000000004,0.04217254384897674
-0.12770000000000015,0.042738428368922755
-0.12670000000000003,0.04357310803584313
-0.12570000000000014,0.043856050295816136
-0.12470000000000003,0.04371457916582964
-0.12370000000000014,0.04357310803584313
-0.12270000000000003,0.04357310803584313
-0.12170000000000014,0.044266316572777
-0.12070000000000003,0.043021370628895765
-0.11970000000000014,0.044138992555789146
-0.11870000000000003,0.044138992555789146
-0.11770000000000014,0.04343163690585663
-0.11670000000000003,0.04371457916582964
-0.11570000000000014,0.04259695723893625
-0.11470000000000002,0.04371457916582964
-0.11370000000000013,0.04538393849967037
-0.11270000000000002,0.043856050295816136
-0.11170000000000013,0.045256614482682526
-0.11070000000000024,0.04454925883275
-0.10970000000000013,0.04454925883275
-0.10870000000000024,0.04399752142580264
-0.10770000000000013,0.044266316572777
-0.10670000000000024,0.045115143352696015
-0.10570000000000013,0.045666880759643376
-0.10470000000000024,0.04245548610894975
-0.10370000000000013,0.04454925883275
-0.10270000000000024,0.04538393849967037
-0.10170000000000012,0.044138992555789146
-0.10070000000000023,0.04552540962965688
-0.09970000000000012,0.04497367222270952
-0.09870000000000023,0.04609129414960289
-0.09770000000000012,0.04538393849967037
-0.09670000000000023,0.046360089296577256
-0.09570000000000012,0.045256614482682526
-0.09470000000000023,0.044266316572777
-0.09370000000000012,0.04497367222270952
-0.09270000000000023,0.04594982301961639
-0.09170000000000011,0.046784502686536764
-0.09070000000000022,0.045666880759643376
-0.08970000000000011,0.0444077877027635
-0.08870000000000022,0.04609129414960289
-0.08770000000000011,0.04594982301961639
-0.08670000000000022,0.04720891607649628
-0.08570000000000011,0.04720891607649628
-0.08470000000000022,0.046784502686536764
-0.08370000000000011,0.04720891607649628
-0.08270000000000022,0.04650156042656376
-0.0817000000000001,0.04720891607649628
-0.08070000000000022,0.046360089296577256
-0.0797000000000001,0.047619182353457135
-0.07870000000000021,0.04692597381652327
-0.0777000000000001,0.04776065348344364
-0.07670000000000021,0.04706744494650977
-0.0757000000000001,0.04859533315036401
-0.07470000000000021,0.04887827541033701
-0.0737000000000001,0.0484538620203775
-0.07270000000000021,0.04747771122347064
-0.0717000000000001,0.048736804280350515
-0.07070000000000021,0.04776065348344364
-0.0697000000000001,0.047350387206482776
-0.0687000000000002,0.04832653800338965
-0.0677000000000001,0.04804359574341665
-0.0667000000000002,0.04887827541033701
-0.06570000000000009,0.048185066873403154
-0.0647000000000002,0.048736804280350515
-0.06370000000000009,0.04747771122347064
-0.0627000000000002,0.049571483947270886
-0.06170000000000009,0.05027883959720341
-0.0607000000000002,0.04971295507725739
-0.059700000000000086,0.05042031072718991
-0.058700000000000196,0.0499958973372304
-0.057700000000000085,0.049854426207243896
-0.056700000000000195,0.0484538620203775
-0.05570000000000008,0.0501373684672169
-0.05470000000000019,0.0501373684672169
-0.05370000000000008,0.0499958973372304
-0.05270000000000019,0.0499958973372304
-0.05170000000000008,0.05083057700415077
-0.05070000000000019,0.05083057700415077
-0.04970000000000008,0.05042031072718991
-0.04870000000000019,0.052514083450990165
-0.047700000000000076,0.05042031072718991
-0.046700000000000186,0.05083057700415077
-0.045700000000000074,0.05208967006103065
-0.044700000000000184,0.051113519264123775
-0.04370000000000007,0.051948198931044146
-0.04270000000000018,0.051948198931044146
-0.04170000000000007,0.052514083450990165
-0.04070000000000018,0.052782878597964523
-0.03970000000000007,0.05264140746797802
-0.03870000000000018,0.052231141191017155
-0.03770000000000007,0.05208967006103065
-0.03670000000000018,0.05349023424789704
-0.035700000000000065,0.05375902939487139
-0.034700000000000175,0.0539005005248579
-0.03370000000000006,0.053617558264884894
-0.03270000000000017,0.05460785617479042
-0.03170000000000006,0.054324913914817405
-0.03070000000000017,0.052782878597964523
-0.02970000000000006,0.054324913914817405
-0.02870000000000017,0.054876651321764766
-0.027700000000000058,0.05473518019177826
-0.026700000000000168,0.05460785617479042
-0.025700000000000056,0.05501812245175128
-0.024700000000000166,0.05460785617479042
-0.023700000000000054,0.05627721550863116
-0.022700000000000164,0.05558400697169729
-0.021700000000000053,0.05473518019177826
-0.020700000000000163,0.05515959358173778
-0.01970000000000005,0.05599427324865815
-0.01870000000000016,0.05627721550863116
-0.01770000000000005,0.05501812245175128
-0.01670000000000016,0.056828952915578525
-0.015700000000000047,0.056560157768604166
-0.014700000000000157,0.05599427324865815
-0.013700000000000045,0.05670162889859067
-0.012700000000000156,0.055711330988685144
-0.011700000000000044,0.056828952915578525
-0.010700000000000154,0.05906419676936528
-0.009700000000000042,0.05822951710244491
-0.008700000000000152,0.05920566789935178
-0.00770000000000004,0.05837098823243141
-0.00670000000000015,0.05906419676936528
-0.005700000000000038,0.05837098823243141
-0.0047000000000001485,0.05906419676936528
-0.0037000000000000366,0.06032328982624517
-0.0027000000000001467,0.05879540162239092
-0.0017000000000000348,0.0596300812893113
-0.000700000000000145,0.05920566789935178
0.00029999999999996696,0.06046476095623167
0.0012999999999998568,0.05934713902933829
0.0022999999999999687,0.06074770321620467
0.0032999999999998586,0.060606232086218174
0.0042999999999999705,0.06101649836317903
0.00529999999999986,0.06158238288312505
0.006299999999999972,0.06172385401311155
0.007299999999999862,0.06088917434619118
0.008299999999999974,0.06186532514309807
0.009299999999999864,0.06088917434619118
0.010299999999999976,0.061440911753138545
0.011299999999999866,0.062275591420058916
0.012299999999999978,0.06115796949316554
