June 29, 2026   03:53:47
Cyclic Voltammetry
File: c:/users/guazh/data/20260623_doe_duplica2/2026-06-24-exp38\exp38-2026-06-29t03_45_05-arkoh\exp38_cv_50mvs_efin_-1600mv.bin
Data Source:  Experiment
Instrument Model:  CHI760E
Header: CV ran at 50 mVs
Note: 

Init E (V) = -1
High E (V) = -1
Low E (V) = -1.6
Final E (V) = -1
Init P/N = N
Scan Rate (V/s) = 0.05
Segment = 7
Sample Interval (V) = 0.001
Quiet Time (sec) = 60
Sensitivity (A/V) = 0.001
Comp R (ohm) = 1.7

Results:

Channel 1:
Segment 1:

Segment 2:

Segment 3:

Segment 4:

Segment 5:

Segment 6:

Segment 7:

Potential/V, Current/A

-1.000, 1.478e-7
-1.001, 2.218e-7
-1.002, 2.701e-7
-1.003, 2.869e-7
-1.004, 3.145e-7
-1.005, 3.402e-7
-1.006, 3.727e-7
-1.007, 3.856e-7
-1.008, 4.053e-7
-1.009, 4.231e-7
-1.010, 4.260e-7
-1.011, 4.398e-7
-1.012, 4.625e-7
-1.013, 4.773e-7
-1.014, 4.951e-7
-1.015, 5.040e-7
-1.016, 5.128e-7
-1.017, 5.326e-7
-1.018, 5.336e-7
-1.019, 5.503e-7
-1.020, 5.641e-7
-1.021, 5.651e-7
-1.022, 5.740e-7
-1.023, 5.937e-7
-1.024, 6.125e-7
-1.025, 6.085e-7
-1.026, 6.283e-7
-1.027, 6.362e-7
-1.028, 6.440e-7
-1.029, 6.450e-7
-1.030, 6.677e-7
-1.031, 6.579e-7
-1.032, 6.776e-7
-1.033, 7.013e-7
-1.034, 7.111e-7
-1.035, 6.954e-7
-1.036, 7.190e-7
-1.037, 7.319e-7
-1.038, 7.427e-7
-1.039, 7.279e-7
-1.040, 7.516e-7
-1.041, 7.526e-7
-1.042, 7.812e-7
-1.043, 7.841e-7
-1.044, 7.871e-7
-1.045, 7.861e-7
-1.046, 7.940e-7
-1.047, 8.128e-7
-1.048, 8.216e-7
-1.049, 8.246e-7
-1.050, 8.364e-7
-1.051, 8.394e-7
-1.052, 8.453e-7
-1.053, 8.641e-7
-1.054, 8.591e-7
-1.055, 8.680e-7
-1.056, 8.818e-7
-1.057, 8.808e-7
-1.058, 8.887e-7
-1.059, 8.877e-7
-1.060, 9.065e-7
-1.061, 9.252e-7
-1.062, 9.321e-7
-1.063, 9.410e-7
-1.064, 9.420e-7
-1.065, 9.588e-7
-1.066, 9.677e-7
-1.067, 9.627e-7
-1.068, 9.854e-7
-1.069, 9.696e-7
-1.070, 9.923e-7
-1.071, 1.012e-6
-1.072, 1.015e-6
-1.073, 1.006e-6
-1.074, 1.018e-6
-1.075, 1.026e-6
-1.076, 1.052e-6
-1.077, 1.058e-6
-1.078, 1.074e-6
-1.079, 1.052e-6
-1.080, 1.079e-6
-1.081, 1.076e-6
-1.082, 1.092e-6
-1.083, 1.114e-6
-1.084, 1.108e-6
-1.085, 1.116e-6
-1.086, 1.140e-6
-1.087, 1.129e-6
-1.088, 1.158e-6
-1.089, 1.142e-6
-1.090, 1.152e-6
-1.091, 1.166e-6
-1.092, 1.155e-6
-1.093, 1.179e-6
-1.094, 1.191e-6
-1.095, 1.197e-6
-1.096, 1.217e-6
-1.097, 1.210e-6
-1.098, 1.222e-6
-1.099, 1.222e-6
-1.100, 1.236e-6
-1.101, 1.255e-6
-1.102, 1.238e-6
-1.103, 1.271e-6
-1.104, 1.257e-6
-1.105, 1.275e-6
-1.106, 1.281e-6
-1.107, 1.278e-6
-1.108, 1.315e-6
-1.109, 1.295e-6
-1.110, 1.325e-6
-1.111, 1.325e-6
-1.112, 1.325e-6
-1.113, 1.355e-6
-1.114, 1.355e-6
-1.115, 1.363e-6
-1.116, 1.359e-6
-1.117, 1.366e-6
-1.118, 1.388e-6
-1.119, 1.397e-6
-1.120, 1.398e-6
-1.121, 1.412e-6
-1.122, 1.417e-6
-1.123, 1.420e-6
-1.124, 1.422e-6
-1.125, 1.437e-6
-1.126, 1.433e-6
-1.127, 1.465e-6
-1.128, 1.470e-6
-1.129, 1.485e-6
-1.130, 1.465e-6
-1.131, 1.508e-6
-1.132, 1.491e-6
-1.133, 1.506e-6
-1.134, 1.503e-6
-1.135, 1.526e-6
-1.136, 1.530e-6
-1.137, 1.541e-6
-1.138, 1.538e-6
-1.139, 1.546e-6
-1.140, 1.559e-6
-1.141, 1.578e-6
-1.142, 1.568e-6
-1.143, 1.580e-6
-1.144, 1.579e-6
-1.145, 1.581e-6
-1.146, 1.597e-6
-1.147, 1.603e-6
-1.148, 1.611e-6
-1.149, 1.621e-6
-1.150, 1.614e-6
-1.151, 1.634e-6
-1.152, 1.640e-6
-1.153, 1.647e-6
-1.154, 1.666e-6
-1.155, 1.665e-6
-1.156, 1.672e-6
-1.157, 1.681e-6
-1.158, 1.691e-6
-1.159, 1.684e-6
-1.160, 1.698e-6
-1.161, 1.714e-6
-1.162, 1.709e-6
-1.163, 1.708e-6
-1.164, 1.711e-6
-1.165, 1.725e-6
-1.166, 1.743e-6
-1.167, 1.733e-6
-1.168, 1.735e-6
-1.169, 1.751e-6
-1.170, 1.753e-6
-1.171, 1.782e-6
-1.172, 1.775e-6
-1.173, 1.788e-6
-1.174, 1.790e-6
-1.175, 1.795e-6
-1.176, 1.796e-6
-1.177, 1.796e-6
-1.178, 1.826e-6
-1.179, 1.825e-6
-1.180, 1.826e-6
-1.181, 1.846e-6
-1.182, 1.853e-6
-1.183, 1.845e-6
-1.184, 1.865e-6
-1.185, 1.865e-6
-1.186, 1.868e-6
-1.187, 1.868e-6
-1.188, 1.877e-6
-1.189, 1.882e-6
-1.190, 1.881e-6
-1.191, 1.901e-6
-1.192, 1.886e-6
-1.193, 1.926e-6
-1.194, 1.910e-6
-1.195, 1.927e-6
-1.196, 1.919e-6
-1.197, 1.925e-6
-1.198, 1.950e-6
-1.199, 1.954e-6
-1.200, 1.953e-6
-1.201, 1.957e-6
-1.202, 1.954e-6
-1.203, 1.991e-6
-1.204, 1.996e-6
-1.205, 1.985e-6
-1.206, 2.008e-6
-1.207, 1.995e-6
-1.208, 2.021e-6
-1.209, 2.014e-6
-1.210, 2.015e-6
-1.211, 2.050e-6
-1.212, 2.039e-6
-1.213, 2.040e-6
-1.214, 2.032e-6
-1.215, 2.068e-6
-1.216, 2.058e-6
-1.217, 2.079e-6
-1.218, 2.084e-6
-1.219, 2.085e-6
-1.220, 2.094e-6
-1.221, 2.101e-6
-1.222, 2.117e-6
-1.223, 2.121e-6
-1.224, 2.133e-6
-1.225, 2.145e-6
-1.226, 2.157e-6
-1.227, 2.153e-6
-1.228, 2.161e-6
-1.229, 2.190e-6
-1.230, 2.182e-6
-1.231, 2.204e-6
-1.232, 2.208e-6
-1.233, 2.215e-6
-1.234, 2.207e-6
-1.235, 2.231e-6
-1.236, 2.240e-6
-1.237, 2.236e-6
-1.238, 2.262e-6
-1.239, 2.260e-6
-1.240, 2.275e-6
-1.241, 2.290e-6
-1.242, 2.289e-6
-1.243, 2.305e-6
-1.244, 2.330e-6
-1.245, 2.328e-6
-1.246, 2.316e-6
-1.247, 2.341e-6
-1.248, 2.358e-6
-1.249, 2.359e-6
-1.250, 2.377e-6
-1.251, 2.387e-6
-1.252, 2.408e-6
-1.253, 2.423e-6
-1.254, 2.432e-6
-1.255, 2.451e-6
-1.256, 2.468e-6
-1.257, 2.474e-6
-1.258, 2.497e-6
-1.259, 2.486e-6
-1.260, 2.522e-6
-1.261, 2.520e-6
-1.262, 2.533e-6
-1.263, 2.562e-6
-1.264, 2.563e-6
-1.265, 2.593e-6
-1.266, 2.599e-6
-1.267, 2.623e-6
-1.268, 2.627e-6
-1.269, 2.640e-6
-1.270, 2.665e-6
-1.271, 2.686e-6
-1.272, 2.684e-6
-1.273, 2.722e-6
-1.274, 2.734e-6
-1.275, 2.742e-6
-1.276, 2.772e-6
-1.277, 2.785e-6
-1.278, 2.804e-6
-1.279, 2.833e-6
-1.280, 2.855e-6
-1.281, 2.895e-6
-1.282, 2.899e-6
-1.283, 2.930e-6
-1.284, 2.955e-6
-1.285, 2.962e-6
-1.286, 2.990e-6
-1.287, 3.015e-6
-1.288, 3.040e-6
-1.289, 3.049e-6
-1.290, 3.069e-6
-1.291, 3.124e-6
-1.292, 3.138e-6
-1.293, 3.176e-6
-1.294, 3.172e-6
-1.295, 3.203e-6
-1.296, 3.245e-6
-1.297, 3.272e-6
-1.298, 3.292e-6
-1.299, 3.326e-6
-1.300, 3.369e-6
-1.301, 3.373e-6
-1.302, 3.421e-6
-1.303, 3.443e-6
-1.304, 3.454e-6
-1.305, 3.486e-6
-1.306, 3.535e-6
-1.307, 3.575e-6
-1.308, 3.612e-6
-1.309, 3.640e-6
-1.310, 3.687e-6
-1.311, 3.707e-6
-1.312, 3.760e-6
-1.313, 3.813e-6
-1.314, 3.809e-6
-1.315, 3.852e-6
-1.316, 3.894e-6
-1.317, 3.932e-6
-1.318, 3.976e-6
-1.319, 4.003e-6
-1.320, 4.071e-6
-1.321, 4.112e-6
-1.322, 4.146e-6
-1.323, 4.192e-6
-1.324, 4.208e-6
-1.325, 4.284e-6
-1.326, 4.314e-6
-1.327, 4.364e-6
-1.328, 4.410e-6
-1.329, 4.448e-6
-1.330, 4.524e-6
-1.331, 4.562e-6
-1.332, 4.593e-6
-1.333, 4.659e-6
-1.334, 4.705e-6
-1.335, 4.753e-6
-1.336, 4.806e-6
-1.337, 4.847e-6
-1.338, 4.904e-6
-1.339, 4.963e-6
-1.340, 5.031e-6
-1.341, 5.070e-6
-1.342, 5.131e-6
-1.343, 5.201e-6
-1.344, 5.272e-6
-1.345, 5.292e-6
-1.346, 5.375e-6
-1.347, 5.439e-6
-1.348, 5.507e-6
-1.349, 5.579e-6
-1.350, 5.618e-6
-1.351, 5.690e-6
-1.352, 5.751e-6
-1.353, 5.822e-6
-1.354, 5.884e-6
-1.355, 5.949e-6
-1.356, 6.033e-6
-1.357, 6.104e-6
-1.358, 6.178e-6
-1.359, 6.250e-6
-1.360, 6.297e-6
-1.361, 6.387e-6
-1.362, 6.455e-6
-1.363, 6.521e-6
-1.364, 6.631e-6
-1.365, 6.688e-6
-1.366, 6.762e-6
-1.367, 6.846e-6
-1.368, 6.915e-6
-1.369, 7.006e-6
-1.370, 7.102e-6
-1.371, 7.183e-6
-1.372, 7.265e-6
-1.373, 7.348e-6
-1.374, 7.432e-6
-1.375, 7.512e-6
-1.376, 7.601e-6
-1.377, 7.715e-6
-1.378, 7.808e-6
-1.379, 7.886e-6
-1.380, 7.982e-6
-1.381, 8.062e-6
-1.382, 8.181e-6
-1.383, 8.292e-6
-1.384, 8.372e-6
-1.385, 8.491e-6
-1.386, 8.571e-6
-1.387, 8.684e-6
-1.388, 8.779e-6
-1.389, 8.882e-6
-1.390, 8.975e-6
-1.391, 9.105e-6
-1.392, 9.184e-6
-1.393, 9.295e-6
-1.394, 9.385e-6
-1.395, 9.495e-6
-1.396, 9.629e-6
-1.397, 9.731e-6
-1.398, 9.855e-6
-1.399, 9.987e-6
-1.400, 1.010e-5
-1.401, 1.022e-5
-1.402, 1.032e-5
-1.403, 1.045e-5
-1.404, 1.058e-5
-1.405, 1.073e-5
-1.406, 1.085e-5
-1.407, 1.095e-5
-1.408, 1.110e-5
-1.409, 1.122e-5
-1.410, 1.135e-5
-1.411, 1.149e-5
-1.412, 1.164e-5
-1.413, 1.179e-5
-1.414, 1.192e-5
-1.415, 1.203e-5
-1.416, 1.220e-5
-1.417, 1.234e-5
-1.418, 1.247e-5
-1.419, 1.263e-5
-1.420, 1.276e-5
-1.421, 1.291e-5
-1.422, 1.307e-5
-1.423, 1.323e-5
-1.424, 1.339e-5
-1.425, 1.355e-5
-1.426, 1.370e-5
-1.427, 1.387e-5
-1.428, 1.402e-5
-1.429, 1.417e-5
-1.430, 1.432e-5
-1.431, 1.449e-5
-1.432, 1.470e-5
-1.433, 1.489e-5
-1.434, 1.504e-5
-1.435, 1.519e-5
-1.436, 1.538e-5
-1.437, 1.553e-5
-1.438, 1.574e-5
-1.439, 1.592e-5
-1.440, 1.609e-5
-1.441, 1.628e-5
-1.442, 1.648e-5
-1.443, 1.666e-5
-1.444, 1.685e-5
-1.445, 1.703e-5
-1.446, 1.724e-5
-1.447, 1.746e-5
-1.448, 1.766e-5
-1.449, 1.784e-5
-1.450, 1.807e-5
-1.451, 1.826e-5
-1.452, 1.844e-5
-1.453, 1.866e-5
-1.454, 1.887e-5
-1.455, 1.907e-5
-1.456, 1.930e-5
-1.457, 1.954e-5
-1.458, 1.976e-5
-1.459, 1.999e-5
-1.460, 2.022e-5
-1.461, 2.040e-5
-1.462, 2.066e-5
-1.463, 2.090e-5
-1.464, 2.112e-5
-1.465, 2.134e-5
-1.466, 2.158e-5
-1.467, 2.183e-5
-1.468, 2.209e-5
-1.469, 2.228e-5
-1.470, 2.254e-5
-1.471, 2.285e-5
-1.472, 2.308e-5
-1.473, 2.336e-5
-1.474, 2.362e-5
-1.475, 2.389e-5
-1.476, 2.416e-5
-1.477, 2.441e-5
-1.478, 2.472e-5
-1.479, 2.498e-5
-1.480, 2.527e-5
-1.481, 2.555e-5
-1.482, 2.584e-5
-1.483, 2.611e-5
-1.484, 2.639e-5
-1.485, 2.670e-5
-1.486, 2.701e-5
-1.487, 2.732e-5
-1.488, 2.760e-5
-1.489, 2.789e-5
-1.490, 2.820e-5
-1.491, 2.854e-5
-1.492, 2.886e-5
-1.493, 2.921e-5
-1.494, 2.953e-5
-1.495, 2.986e-5
-1.496, 3.021e-5
-1.497, 3.054e-5
-1.498, 3.090e-5
-1.499, 3.126e-5
-1.500, 3.160e-5
-1.501, 3.196e-5
-1.502, 3.233e-5
-1.503, 3.271e-5
-1.504, 3.306e-5
-1.505, 3.344e-5
-1.506, 3.384e-5
-1.507, 3.422e-5
-1.508, 3.462e-5
-1.509, 3.497e-5
-1.510, 3.537e-5
-1.511, 3.581e-5
-1.512, 3.624e-5
-1.513, 3.667e-5
-1.514, 3.713e-5
-1.515, 3.758e-5
-1.516, 3.797e-5
-1.517, 3.837e-5
-1.518, 3.883e-5
-1.519, 3.929e-5
-1.520, 3.976e-5
-1.521, 4.025e-5
-1.522, 4.072e-5
-1.523, 4.123e-5
-1.524, 4.173e-5
-1.525, 4.227e-5
-1.526, 4.284e-5
-1.527, 4.340e-5
-1.528, 4.396e-5
-1.529, 4.451e-5
-1.530, 4.494e-5
-1.531, 4.547e-5
-1.532, 4.601e-5
-1.533, 4.658e-5
-1.534, 4.718e-5
-1.535, 4.783e-5
-1.536, 4.849e-5
-1.537, 4.915e-5
-1.538, 4.979e-5
-1.539, 5.049e-5
-1.540, 5.142e-5
-1.541, 5.188e-5
-1.542, 5.261e-5
-1.543, 5.321e-5
-1.544, 5.382e-5
-1.545, 5.436e-5
-1.546, 5.511e-5
-1.547, 5.594e-5
-1.548, 5.678e-5
-1.549, 5.755e-5
-1.550, 5.829e-5
-1.551, 5.899e-5
-1.552, 5.985e-5
-1.553, 6.066e-5
-1.554, 6.155e-5
-1.555, 6.247e-5
-1.556, 6.326e-5
-1.557, 6.413e-5
-1.558, 6.511e-5
-1.559, 6.597e-5
-1.560, 6.686e-5
-1.561, 6.770e-5
-1.562, 6.875e-5
-1.563, 6.976e-5
-1.564, 7.081e-5
-1.565, 7.166e-5
-1.566, 7.272e-5
-1.567, 7.393e-5
-1.568, 7.503e-5
-1.569, 7.589e-5
-1.570, 7.708e-5
-1.571, 7.828e-5
-1.572, 7.934e-5
-1.573, 8.046e-5
-1.574, 8.178e-5
-1.575, 8.299e-5
-1.576, 8.986e-5
-1.577, 8.694e-5
-1.578, 8.718e-5
-1.579, 8.864e-5
-1.580, 9.028e-5
-1.581, 9.495e-5
-1.582, 9.686e-5
-1.583, 9.820e-5
-1.584, 9.956e-5
-1.585, 1.010e-4
-1.586, 1.029e-4
-1.587, 1.044e-4
-1.588, 1.060e-4
-1.589, 1.075e-4
-1.590, 1.091e-4
-1.591, 1.109e-4
-1.592, 1.125e-4
-1.593, 1.141e-4
-1.594, 1.161e-4
-1.595, 1.178e-4
-1.596, 1.195e-4
-1.597, 1.214e-4
-1.598, 1.231e-4
-1.599, 1.242e-4
-1.600, 1.206e-4
-1.599, 1.215e-4
-1.598, 1.206e-4
-1.597, 1.189e-4
-1.596, 1.157e-4
-1.595, 1.152e-4
-1.594, 1.145e-4
-1.593, 1.133e-4
-1.592, 1.117e-4
-1.591, 1.102e-4
-1.590, 1.087e-4
-1.589, 1.073e-4
-1.588, 1.056e-4
-1.587, 1.042e-4
-1.586, 1.027e-4
-1.585, 1.013e-4
-1.584, 9.993e-5
-1.583, 9.838e-5
-1.582, 9.706e-5
-1.581, 9.567e-5
-1.580, 9.428e-5
-1.579, 9.269e-5
-1.578, 9.136e-5
-1.577, 9.002e-5
-1.576, 8.867e-5
-1.575, 8.734e-5
-1.574, 8.600e-5
-1.573, 8.474e-5
-1.572, 8.355e-5
-1.571, 8.207e-5
-1.570, 8.071e-5
-1.569, 7.948e-5
-1.568, 7.836e-5
-1.567, 7.713e-5
-1.566, 7.581e-5
-1.565, 7.448e-5
-1.564, 7.330e-5
-1.563, 7.208e-5
-1.562, 7.096e-5
-1.561, 6.976e-5
-1.560, 6.865e-5
-1.559, 6.754e-5
-1.558, 6.644e-5
-1.557, 6.538e-5
-1.556, 6.436e-5
-1.555, 6.329e-5
-1.554, 6.218e-5
-1.553, 6.116e-5
-1.552, 6.013e-5
-1.551, 5.921e-5
-1.550, 5.823e-5
-1.549, 5.725e-5
-1.548, 5.625e-5
-1.547, 5.531e-5
-1.546, 5.445e-5
-1.545, 5.350e-5
-1.544, 5.257e-5
-1.543, 5.174e-5
-1.542, 5.081e-5
-1.541, 4.988e-5
-1.540, 4.901e-5
-1.539, 4.817e-5
-1.538, 4.733e-5
-1.537, 4.659e-5
-1.536, 4.582e-5
-1.535, 4.501e-5
-1.534, 4.423e-5
-1.533, 4.346e-5
-1.532, 4.270e-5
-1.531, 4.198e-5
-1.530, 4.125e-5
-1.529, 4.057e-5
-1.528, 3.983e-5
-1.527, 3.912e-5
-1.526, 3.844e-5
-1.525, 3.774e-5
-1.524, 3.704e-5
-1.523, 3.636e-5
-1.522, 3.575e-5
-1.521, 3.508e-5
-1.520, 3.449e-5
-1.519, 3.392e-5
-1.518, 3.333e-5
-1.517, 3.276e-5
-1.516, 3.216e-5
-1.515, 3.156e-5
-1.514, 3.101e-5
-1.513, 3.048e-5
-1.512, 2.991e-5
-1.511, 2.939e-5
-1.510, 2.889e-5
-1.509, 2.839e-5
-1.508, 2.784e-5
-1.507, 2.735e-5
-1.506, 2.679e-5
-1.505, 2.629e-5
-1.504, 2.582e-5
-1.503, 2.535e-5
-1.502, 2.486e-5
-1.501, 2.440e-5
-1.500, 2.399e-5
-1.499, 2.354e-5
-1.498, 2.315e-5
-1.497, 2.273e-5
-1.496, 2.227e-5
-1.495, 2.187e-5
-1.494, 2.145e-5
-1.493, 2.105e-5
-1.492, 2.070e-5
-1.491, 2.019e-5
-1.490, 1.957e-5
-1.489, 1.862e-5
-1.488, 1.841e-5
-1.487, 1.790e-5
-1.486, 1.757e-5
-1.485, 1.726e-5
-1.484, 1.692e-5
-1.483, 1.661e-5
-1.482, 1.631e-5
-1.481, 1.649e-5
-1.480, 1.647e-5
-1.479, 1.610e-5
-1.478, 1.583e-5
-1.477, 1.501e-5
-1.476, 1.459e-5
-1.475, 1.430e-5
-1.474, 1.405e-5
-1.473, 1.375e-5
-1.472, 1.352e-5
-1.471, 1.325e-5
-1.470, 1.331e-5
-1.469, 1.339e-5
-1.468, 1.315e-5
-1.467, 1.289e-5
-1.466, 1.266e-5
-1.465, 1.242e-5
-1.464, 1.220e-5
-1.463, 1.179e-5
-1.462, 1.118e-5
-1.461, 1.157e-5
-1.460, 1.076e-5
-1.459, 1.055e-5
-1.458, 1.036e-5
-1.457, 1.017e-5
-1.456, 1.051e-5
-1.455, 1.022e-5
-1.454, 1.003e-5
-1.453, 9.849e-6
-1.452, 9.647e-6
-1.451, 9.468e-6
-1.450, 9.288e-6
-1.449, 9.075e-6
-1.448, 8.916e-6
-1.447, 8.745e-6
-1.446, 8.569e-6
-1.445, 8.412e-6
-1.444, 8.231e-6
-1.443, 8.061e-6
-1.442, 7.910e-6
-1.441, 7.772e-6
-1.440, 7.313e-6
-1.439, 7.108e-6
-1.438, 6.970e-6
-1.437, 6.852e-6
-1.436, 6.717e-6
-1.435, 6.578e-6
-1.434, 6.435e-6
-1.433, 6.313e-6
-1.432, 6.202e-6
-1.431, 6.044e-6
-1.430, 5.916e-6
-1.429, 5.805e-6
-1.428, 5.700e-6
-1.427, 5.574e-6
-1.426, 5.462e-6
-1.425, 5.344e-6
-1.424, 5.231e-6
-1.423, 5.127e-6
-1.422, 5.037e-6
-1.421, 4.927e-6
-1.420, 4.835e-6
-1.419, 4.716e-6
-1.418, 4.624e-6
-1.417, 4.535e-6
-1.416, 4.454e-6
-1.415, 4.360e-6
-1.414, 4.248e-6
-1.413, 4.158e-6
-1.412, 4.075e-6
-1.411, 3.973e-6
-1.410, 3.911e-6
-1.409, 3.817e-6
-1.408, 3.728e-6
-1.407, 3.655e-6
-1.406, 3.581e-6
-1.405, 3.515e-6
-1.404, 3.418e-6
-1.403, 3.363e-6
-1.402, 3.294e-6
-1.401, 3.182e-6
-1.400, 3.147e-6
-1.399, 3.081e-6
-1.398, 2.992e-6
-1.397, 2.937e-6
-1.396, 2.892e-6
-1.395, 2.808e-6
-1.394, 2.760e-6
-1.393, 2.667e-6
-1.392, 2.618e-6
-1.391, 2.558e-6
-1.390, 2.496e-6
-1.389, 2.458e-6
-1.388, 2.377e-6
-1.387, 2.355e-6
-1.386, 2.294e-6
-1.385, 2.221e-6
-1.384, 2.202e-6
-1.383, 2.131e-6
-1.382, 2.078e-6
-1.381, 2.033e-6
-1.380, 1.975e-6
-1.379, 1.932e-6
-1.378, 1.897e-6
-1.377, 1.836e-6
-1.376, 1.794e-6
-1.375, 1.727e-6
-1.374, 1.706e-6
-1.373, 1.674e-6
-1.372, 1.640e-6
-1.371, 1.587e-6
-1.370, 1.532e-6
-1.369, 1.506e-6
-1.368, 1.465e-6
-1.367, 1.429e-6
-1.366, 1.403e-6
-1.365, 1.351e-6
-1.364, 1.314e-6
-1.363, 1.286e-6
-1.362, 1.241e-6
-1.361, 1.204e-6
-1.360, 1.196e-6
-1.359, 1.145e-6
-1.358, 1.113e-6
-1.357, 1.069e-6
-1.356, 1.031e-6
-1.355, 1.010e-6
-1.354, 9.726e-7
-1.353, 9.499e-7
-1.352, 9.321e-7
-1.351, 8.976e-7
-1.350, 8.779e-7
-1.349, 8.354e-7
-1.348, 8.276e-7
-1.347, 7.743e-7
-1.346, 7.615e-7
-1.345, 7.259e-7
-1.344, 6.875e-7
-1.343, 6.480e-7
-1.342, 6.539e-7
-1.341, 6.283e-7
-1.340, 6.075e-7
-1.339, 5.770e-7
-1.338, 5.414e-7
-1.337, 5.306e-7
-1.336, 5.069e-7
-1.335, 4.832e-7
-1.334, 4.832e-7
-1.333, 4.457e-7
-1.332, 4.171e-7
-1.331, 3.885e-7
-1.330, 3.629e-7
-1.329, 3.451e-7
-1.328, 3.352e-7
-1.327, 3.244e-7
-1.326, 2.918e-7
-1.325, 2.652e-7
-1.324, 2.543e-7
-1.323, 2.218e-7
-1.322, 2.238e-7
-1.321, 2.030e-7
-1.320, 1.843e-7
-1.319, 1.715e-7
-1.318, 1.458e-7
-1.317, 1.379e-7
-1.316, 1.192e-7
-1.315, 8.860e-8
-1.314, 7.774e-8
-1.313, 7.380e-8
-1.312, 5.111e-8
-1.311, 4.420e-8
-1.310, 1.066e-8
-1.309, 6.709e-9
-1.308, 8.682e-9
-1.307, -2.092e-8
-1.306, -5.130e-9
-1.305, -5.939e-8
-1.304, -6.038e-8
-1.303, -7.518e-8
-1.302, -9.590e-8
-1.301, -8.504e-8
-1.300, -1.196e-7
-1.299, -1.275e-7
-1.298, -1.265e-7
-1.297, -1.324e-7
-1.296, -1.521e-7
-1.295, -1.709e-7
-1.294, -1.877e-7
-1.293, -1.955e-7
-1.292, -2.172e-7
-1.291, -2.094e-7
-1.290, -2.281e-7
-1.289, -2.399e-7
-1.288, -2.330e-7
-1.287, -2.439e-7
-1.286, -2.518e-7
-1.285, -2.676e-7
-1.284, -2.764e-7
-1.283, -2.912e-7
-1.282, -3.001e-7
-1.281, -2.952e-7
-1.280, -3.189e-7
-1.279, -3.347e-7
-1.278, -3.366e-7
-1.277, -3.307e-7
-1.276, -3.741e-7
-1.275, -3.593e-7
-1.274, -3.662e-7
-1.273, -3.830e-7
-1.272, -3.968e-7
-1.271, -3.938e-7
-1.270, -4.126e-7
-1.269, -4.057e-7
-1.268, -4.215e-7
-1.267, -4.047e-7
-1.266, -4.392e-7
-1.265, -4.363e-7
-1.264, -4.353e-7
-1.263, -4.511e-7
-1.262, -4.511e-7
-1.261, -4.767e-7
-1.260, -4.807e-7
-1.259, -4.619e-7
-1.258, -4.935e-7
-1.257, -4.905e-7
-1.256, -4.777e-7
-1.255, -4.965e-7
-1.254, -5.132e-7
-1.253, -5.270e-7
-1.252, -5.201e-7
-1.251, -5.379e-7
-1.250, -5.290e-7
-1.249, -5.320e-7
-1.248, -5.537e-7
-1.247, -5.458e-7
-1.246, -5.655e-7
-1.245, -5.606e-7
-1.244, -5.576e-7
-1.243, -5.695e-7
-1.242, -5.655e-7
-1.241, -5.872e-7
-1.240, -5.951e-7
-1.239, -5.951e-7
-1.238, -6.089e-7
-1.237, -6.158e-7
-1.236, -6.099e-7
-1.235, -6.257e-7
-1.234, -6.168e-7
-1.233, -6.218e-7
-1.232, -6.218e-7
-1.231, -6.227e-7
-1.230, -6.494e-7
-1.229, -6.622e-7
-1.228, -6.760e-7
-1.227, -6.661e-7
-1.226, -6.573e-7
-1.225, -6.642e-7
-1.224, -6.681e-7
-1.223, -6.671e-7
-1.222, -6.800e-7
-1.221, -6.888e-7
-1.220, -6.888e-7
-1.219, -7.007e-7
-1.218, -6.977e-7
-1.217, -6.957e-7
-1.216, -6.977e-7
-1.215, -7.194e-7
-1.214, -7.086e-7
-1.213, -7.086e-7
-1.212, -7.273e-7
-1.211, -7.352e-7
-1.210, -7.372e-7
-1.209, -7.520e-7
-1.208, -7.323e-7
-1.207, -7.540e-7
-1.206, -7.648e-7
-1.205, -7.411e-7
-1.204, -7.500e-7
-1.203, -7.589e-7
-1.202, -7.668e-7
-1.201, -7.737e-7
-1.200, -7.796e-7
-1.199, -7.668e-7
-1.198, -7.826e-7
-1.197, -7.845e-7
-1.196, -7.826e-7
-1.195, -7.845e-7
-1.194, -7.984e-7
-1.193, -8.013e-7
-1.192, -7.993e-7
-1.191, -8.043e-7
-1.190, -8.053e-7
-1.189, -8.062e-7
-1.188, -8.191e-7
-1.187, -8.161e-7
-1.186, -8.151e-7
-1.185, -8.230e-7
-1.184, -8.210e-7
-1.183, -8.418e-7
-1.182, -8.388e-7
-1.181, -8.398e-7
-1.180, -8.447e-7
-1.179, -8.378e-7
-1.178, -8.516e-7
-1.177, -8.753e-7
-1.176, -8.664e-7
-1.175, -8.684e-7
-1.174, -8.694e-7
-1.173, -8.763e-7
-1.172, -8.704e-7
-1.171, -8.674e-7
-1.170, -8.852e-7
-1.169, -8.911e-7
-1.168, -8.901e-7
-1.167, -9.000e-7
-1.166, -8.842e-7
-1.165, -8.921e-7
-1.164, -8.941e-7
-1.163, -8.950e-7
-1.162, -9.158e-7
-1.161, -9.158e-7
-1.160, -9.197e-7
-1.159, -9.207e-7
-1.158, -9.118e-7
-1.157, -9.315e-7
-1.156, -9.296e-7
-1.155, -9.325e-7
-1.154, -9.256e-7
-1.153, -9.227e-7
-1.152, -9.562e-7
-1.151, -9.375e-7
-1.150, -9.513e-7
-1.149, -9.513e-7
-1.148, -9.542e-7
-1.147, -9.523e-7
-1.146, -9.641e-7
-1.145, -9.592e-7
-1.144, -9.750e-7
-1.143, -9.700e-7
-1.142, -9.740e-7
-1.141, -9.888e-7
-1.140, -9.848e-7
-1.139, -9.789e-7
-1.138, -9.996e-7
-1.137, -9.888e-7
-1.136, -1.003e-6
-1.135, -9.937e-7
-1.134, -1.007e-6
-1.133, -1.012e-6
-1.132, -1.014e-6
-1.131, -1.025e-6
-1.130, -1.020e-6
-1.129, -1.008e-6
-1.128, -1.036e-6
-1.127, -1.026e-6
-1.126, -1.051e-6
-1.125, -1.033e-6
-1.124, -1.044e-6
-1.123, -1.053e-6
-1.122, -1.044e-6
-1.121, -1.053e-6
-1.120, -1.053e-6
-1.119, -1.051e-6
-1.118, -1.055e-6
-1.117, -1.058e-6
-1.116, -1.072e-6
-1.115, -1.064e-6
-1.114, -1.085e-6
-1.113, -1.088e-6
-1.112, -1.078e-6
-1.111, -1.090e-6
-1.110, -1.092e-6
-1.109, -1.084e-6
-1.108, -1.105e-6
-1.107, -1.098e-6
-1.106, -1.097e-6
-1.105, -1.123e-6
-1.104, -1.091e-6
-1.103, -1.117e-6
-1.102, -1.126e-6
-1.101, -1.109e-6
-1.100, -1.127e-6
-1.099, -1.136e-6
-1.098, -1.136e-6
-1.097, -1.125e-6
-1.096, -1.136e-6
-1.095, -1.157e-6
-1.094, -1.147e-6
-1.093, -1.140e-6
-1.092, -1.156e-6
-1.091, -1.143e-6
-1.090, -1.175e-6
-1.089, -1.149e-6
-1.088, -1.168e-6
-1.087, -1.158e-6
-1.086, -1.171e-6
-1.085, -1.175e-6
-1.084, -1.177e-6
-1.083, -1.192e-6
-1.082, -1.187e-6
-1.081, -1.195e-6
-1.080, -1.189e-6
-1.079, -1.204e-6
-1.078, -1.192e-6
-1.077, -1.201e-6
-1.076, -1.199e-6
-1.075, -1.227e-6
-1.074, -1.221e-6
-1.073, -1.218e-6
-1.072, -1.230e-6
-1.071, -1.229e-6
-1.070, -1.247e-6
-1.069, -1.264e-6
-1.068, -1.241e-6
-1.067, -1.237e-6
-1.066, -1.254e-6
-1.065, -1.263e-6
-1.064, -1.249e-6
-1.063, -1.254e-6
-1.062, -1.268e-6
-1.061, -1.271e-6
-1.060, -1.283e-6
-1.059, -1.265e-6
-1.058, -1.268e-6
-1.057, -1.275e-6
-1.056, -1.297e-6
-1.055, -1.294e-6
-1.054, -1.298e-6
-1.053, -1.280e-6
-1.052, -1.305e-6
-1.051, -1.309e-6
-1.050, -1.313e-6
-1.049, -1.307e-6
-1.048, -1.321e-6
-1.047, -1.308e-6
-1.046, -1.329e-6
-1.045, -1.327e-6
-1.044, -1.345e-6
-1.043, -1.334e-6
-1.042, -1.333e-6
-1.041, -1.344e-6
-1.040, -1.334e-6
-1.039, -1.358e-6
-1.038, -1.343e-6
-1.037, -1.362e-6
-1.036, -1.365e-6
-1.035, -1.358e-6
-1.034, -1.381e-6
-1.033, -1.377e-6
-1.032, -1.378e-6
-1.031, -1.385e-6
-1.030, -1.391e-6
-1.029, -1.392e-6
-1.028, -1.386e-6
-1.027, -1.409e-6
-1.026, -1.406e-6
-1.025, -1.411e-6
-1.024, -1.416e-6
-1.023, -1.424e-6
-1.022, -1.422e-6
-1.021, -1.440e-6
-1.020, -1.450e-6
-1.019, -1.425e-6
-1.018, -1.448e-6
-1.017, -1.447e-6
-1.016, -1.457e-6
-1.015, -1.456e-6
-1.014, -1.463e-6
-1.013, -1.472e-6
-1.012, -1.458e-6
-1.011, -1.476e-6
-1.010, -1.483e-6
-1.009, -1.491e-6
-1.008, -1.486e-6
-1.007, -1.492e-6
-1.006, -1.495e-6
-1.005, -1.501e-6
-1.004, -1.497e-6
-1.003, -1.512e-6
-1.002, -1.505e-6
-1.001, -1.516e-6
-1.000, -1.235e-6
-1.001, -1.061e-6
-1.002, -9.454e-7
-1.003, -8.684e-7
-1.004, -8.092e-7
-1.005, -7.342e-7
-1.006, -6.928e-7
-1.007, -6.563e-7
-1.008, -5.981e-7
-1.009, -5.616e-7
-1.010, -5.211e-7
-1.011, -4.886e-7
-1.012, -4.590e-7
-1.013, -4.254e-7
-1.014, -3.978e-7
-1.015, -3.662e-7
-1.016, -3.485e-7
-1.017, -3.110e-7
-1.018, -2.764e-7
-1.019, -2.824e-7
-1.020, -2.468e-7
-1.021, -2.281e-7
-1.022, -1.906e-7
-1.023, -1.798e-7
-1.024, -1.630e-7
-1.025, -1.334e-7
-1.026, -1.097e-7
-1.027, -1.028e-7
-1.028, -6.433e-8
-1.029, -8.702e-8
-1.030, -4.361e-8
-1.031, -3.867e-8
-1.032, -2.289e-8
-1.033, 9.669e-9
-1.034, 3.749e-9
-1.035, 2.052e-8
-1.036, 3.532e-8
-1.037, 5.012e-8
-1.038, 8.070e-8
-1.039, 7.380e-8
-1.040, 9.649e-8
-1.041, 1.182e-7
-1.042, 1.202e-7
-1.043, 1.399e-7
-1.044, 1.537e-7
-1.045, 1.636e-7
-1.046, 1.665e-7
-1.047, 1.596e-7
-1.048, 1.961e-7
-1.049, 1.863e-7
-1.050, 2.198e-7
-1.051, 2.267e-7
-1.052, 2.326e-7
-1.053, 2.534e-7
-1.054, 2.425e-7
-1.055, 2.642e-7
-1.056, 2.682e-7
-1.057, 2.889e-7
-1.058, 2.918e-7
-1.059, 3.037e-7
-1.060, 3.175e-7
-1.061, 3.106e-7
-1.062, 3.254e-7
-1.063, 3.500e-7
-1.064, 3.431e-7
-1.065, 3.658e-7
-1.066, 3.461e-7
-1.067, 3.698e-7
-1.068, 3.895e-7
-1.069, 3.915e-7
-1.070, 3.964e-7
-1.071, 4.142e-7
-1.072, 4.122e-7
-1.073, 4.329e-7
-1.074, 4.250e-7
-1.075, 4.526e-7
-1.076, 4.546e-7
-1.077, 4.596e-7
-1.078, 4.684e-7
-1.079, 4.684e-7
-1.080, 4.793e-7
-1.081, 4.783e-7
-1.082, 5.138e-7
-1.083, 5.128e-7
-1.084, 5.040e-7
-1.085, 5.207e-7
-1.086, 5.247e-7
-1.087, 5.395e-7
-1.088, 5.414e-7
-1.089, 5.336e-7
-1.090, 5.553e-7
-1.091, 5.553e-7
-1.092, 5.740e-7
-1.093, 5.829e-7
-1.094, 5.858e-7
-1.095, 5.898e-7
-1.096, 5.868e-7
-1.097, 6.066e-7
-1.098, 6.006e-7
-1.099, 6.046e-7
-1.100, 6.154e-7
-1.101, 6.312e-7
-1.102, 6.342e-7
-1.103, 6.500e-7
-1.104, 6.638e-7
-1.105, 6.539e-7
-1.106, 6.539e-7
-1.107, 6.687e-7
-1.108, 6.736e-7
-1.109, 6.776e-7
-1.110, 6.934e-7
-1.111, 7.003e-7
-1.112, 6.944e-7
-1.113, 7.013e-7
-1.114, 7.131e-7
-1.115, 7.279e-7
-1.116, 7.328e-7
-1.117, 7.328e-7
-1.118, 7.328e-7
-1.119, 7.427e-7
-1.120, 7.536e-7
-1.121, 7.605e-7
-1.122, 7.664e-7
-1.123, 7.654e-7
-1.124, 7.792e-7
-1.125, 7.684e-7
-1.126, 7.920e-7
-1.127, 8.059e-7
-1.128, 7.930e-7
-1.129, 7.989e-7
-1.130, 8.108e-7
-1.131, 8.206e-7
-1.132, 8.177e-7
-1.133, 8.315e-7
-1.134, 8.384e-7
-1.135, 8.246e-7
-1.136, 8.591e-7
-1.137, 8.522e-7
-1.138, 8.611e-7
-1.139, 8.572e-7
-1.140, 8.641e-7
-1.141, 8.818e-7
-1.142, 8.680e-7
-1.143, 9.025e-7
-1.144, 9.085e-7
-1.145, 9.025e-7
-1.146, 9.055e-7
-1.147, 9.045e-7
-1.148, 9.144e-7
-1.149, 9.223e-7
-1.150, 9.252e-7
-1.151, 9.410e-7
-1.152, 9.321e-7
-1.153, 9.509e-7
-1.154, 9.607e-7
-1.155, 9.607e-7
-1.156, 9.578e-7
-1.157, 9.677e-7
-1.158, 9.706e-7
-1.159, 9.973e-7
-1.160, 9.795e-7
-1.161, 9.825e-7
-1.162, 9.844e-7
-1.163, 9.992e-7
-1.164, 9.933e-7
-1.165, 1.018e-6
-1.166, 1.020e-6
-1.167, 1.030e-6
-1.168, 1.033e-6
-1.169, 1.026e-6
-1.170, 1.039e-6
-1.171, 1.046e-6
-1.172, 1.052e-6
-1.173, 1.065e-6
-1.174, 1.051e-6
-1.175, 1.071e-6
-1.176, 1.052e-6
-1.177, 1.079e-6
-1.178, 1.091e-6
-1.179, 1.092e-6
-1.180, 1.097e-6
-1.181, 1.079e-6
-1.182, 1.113e-6
-1.183, 1.100e-6
-1.184, 1.126e-6
-1.185, 1.109e-6
-1.186, 1.122e-6
-1.187, 1.126e-6
-1.188, 1.127e-6
-1.189, 1.135e-6
-1.190, 1.150e-6
-1.191, 1.154e-6
-1.192, 1.159e-6
-1.193, 1.154e-6
-1.194, 1.161e-6
-1.195, 1.149e-6
-1.196, 1.193e-6
-1.197, 1.193e-6
-1.198, 1.189e-6
-1.199, 1.211e-6
-1.200, 1.210e-6
-1.201, 1.201e-6
-1.202, 1.220e-6
-1.203, 1.218e-6
-1.204, 1.211e-6
-1.205, 1.243e-6
-1.206, 1.225e-6
-1.207, 1.237e-6
-1.208, 1.249e-6
-1.209, 1.269e-6
-1.210, 1.245e-6
-1.211, 1.262e-6
-1.212, 1.276e-6
-1.213, 1.273e-6
-1.214, 1.281e-6
-1.215, 1.288e-6
-1.216, 1.293e-6
-1.217, 1.312e-6
-1.218, 1.308e-6
-1.219, 1.307e-6
-1.220, 1.334e-6
-1.221, 1.341e-6
-1.222, 1.330e-6
-1.223, 1.347e-6
-1.224, 1.327e-6
-1.225, 1.350e-6
-1.226, 1.357e-6
-1.227, 1.349e-6
-1.228, 1.376e-6
-1.229, 1.388e-6
-1.230, 1.395e-6
-1.231, 1.389e-6
-1.232, 1.396e-6
-1.233, 1.417e-6
-1.234, 1.404e-6
-1.235, 1.408e-6
-1.236, 1.430e-6
-1.237, 1.416e-6
-1.238, 1.438e-6
-1.239, 1.442e-6
-1.240, 1.435e-6
-1.241, 1.448e-6
-1.242, 1.450e-6
-1.243, 1.490e-6
-1.244, 1.494e-6
-1.245, 1.486e-6
-1.246, 1.509e-6
-1.247, 1.505e-6
-1.248, 1.520e-6
-1.249, 1.505e-6
-1.250, 1.524e-6
-1.251, 1.533e-6
-1.252, 1.530e-6
-1.253, 1.557e-6
-1.254, 1.560e-6
-1.255, 1.566e-6
-1.256, 1.577e-6
-1.257, 1.591e-6
-1.258, 1.579e-6
-1.259, 1.585e-6
-1.260, 1.613e-6
-1.261, 1.604e-6
-1.262, 1.630e-6
-1.263, 1.630e-6
-1.264, 1.632e-6
-1.265, 1.645e-6
-1.266, 1.659e-6
-1.267, 1.665e-6
-1.268, 1.680e-6
-1.269, 1.695e-6
-1.270, 1.693e-6
-1.271, 1.710e-6
-1.272, 1.719e-6
-1.273, 1.708e-6
-1.274, 1.733e-6
-1.275, 1.744e-6
-1.276, 1.748e-6
-1.277, 1.761e-6
-1.278, 1.787e-6
-1.279, 1.783e-6
-1.280, 1.819e-6
-1.281, 1.815e-6
-1.282, 1.841e-6
-1.283, 1.855e-6
-1.284, 1.863e-6
-1.285, 1.869e-6
-1.286, 1.873e-6
-1.287, 1.895e-6
-1.288, 1.881e-6
-1.289, 1.909e-6
-1.290, 1.936e-6
-1.291, 1.928e-6
-1.292, 1.956e-6
-1.293, 1.976e-6
-1.294, 1.995e-6
-1.295, 2.006e-6
-1.296, 2.008e-6
-1.297, 2.033e-6
-1.298, 2.053e-6
-1.299, 2.061e-6
-1.300, 2.058e-6
-1.301, 2.086e-6
-1.302, 2.116e-6
-1.303, 2.123e-6
-1.304, 2.135e-6
-1.305, 2.169e-6
-1.306, 2.183e-6
-1.307, 2.187e-6
-1.308, 2.208e-6
-1.309, 2.222e-6
-1.310, 2.254e-6
-1.311, 2.240e-6
-1.312, 2.285e-6
-1.313, 2.306e-6
-1.314, 2.326e-6
-1.315, 2.355e-6
-1.316, 2.358e-6
-1.317, 2.378e-6
-1.318, 2.419e-6
-1.319, 2.436e-6
-1.320, 2.452e-6
-1.321, 2.466e-6
-1.322, 2.513e-6
-1.323, 2.511e-6
-1.324, 2.541e-6
-1.325, 2.563e-6
-1.326, 2.582e-6
-1.327, 2.623e-6
-1.328, 2.629e-6
-1.329, 2.657e-6
-1.330, 2.676e-6
-1.331, 2.713e-6
-1.332, 2.762e-6
-1.333, 2.773e-6
-1.334, 2.810e-6
-1.335, 2.827e-6
-1.336, 2.843e-6
-1.337, 2.892e-6
-1.338, 2.919e-6
-1.339, 2.935e-6
-1.340, 2.964e-6
-1.341, 2.995e-6
-1.342, 3.043e-6
-1.343, 3.076e-6
-1.344, 3.118e-6
-1.345, 3.147e-6
-1.346, 3.170e-6
-1.347, 3.216e-6
-1.348, 3.240e-6
-1.349, 3.276e-6
-1.350, 3.324e-6
-1.351, 3.346e-6
-1.352, 3.408e-6
-1.353, 3.428e-6
-1.354, 3.449e-6
-1.355, 3.506e-6
-1.356, 3.546e-6
-1.357, 3.604e-6
-1.358, 3.638e-6
-1.359, 3.663e-6
-1.360, 3.714e-6
-1.361, 3.765e-6
-1.362, 3.809e-6
-1.363, 3.852e-6
-1.364, 3.885e-6
-1.365, 3.930e-6
-1.366, 3.995e-6
-1.367, 4.038e-6
-1.368, 4.081e-6
-1.369, 4.146e-6
-1.370, 4.190e-6
-1.371, 4.249e-6
-1.372, 4.292e-6
-1.373, 4.328e-6
-1.374, 4.386e-6
-1.375, 4.448e-6
-1.376, 4.501e-6
-1.377, 4.561e-6
-1.378, 4.604e-6
-1.379, 4.651e-6
-1.380, 4.727e-6
-1.381, 4.792e-6
-1.382, 4.866e-6
-1.383, 4.923e-6
-1.384, 4.967e-6
-1.385, 5.024e-6
-1.386, 5.101e-6
-1.387, 5.152e-6
-1.388, 5.216e-6
-1.389, 5.294e-6
-1.390, 5.329e-6
-1.391, 5.417e-6
-1.392, 5.490e-6
-1.393, 5.549e-6
-1.394, 5.620e-6
-1.395, 5.698e-6
-1.396, 5.764e-6
-1.397, 5.838e-6
-1.398, 5.906e-6
-1.399, 6.001e-6
-1.400, 6.072e-6
-1.401, 6.152e-6
-1.402, 6.222e-6
-1.403, 6.300e-6
-1.404, 6.367e-6
-1.405, 6.445e-6
-1.406, 6.556e-6
-1.407, 6.630e-6
-1.408, 6.694e-6
-1.409, 6.812e-6
-1.410, 6.882e-6
-1.411, 6.971e-6
-1.412, 7.065e-6
-1.413, 7.138e-6
-1.414, 7.226e-6
-1.415, 7.333e-6
-1.416, 7.411e-6
-1.417, 7.522e-6
-1.418, 7.608e-6
-1.419, 7.697e-6
-1.420, 7.788e-6
-1.421, 7.888e-6
-1.422, 7.975e-6
-1.423, 8.077e-6
-1.424, 8.173e-6
-1.425, 8.264e-6
-1.426, 8.374e-6
-1.427, 8.471e-6
-1.428, 8.586e-6
-1.429, 8.671e-6
-1.430, 8.805e-6
-1.431, 8.904e-6
-1.432, 9.015e-6
-1.433, 9.137e-6
-1.434, 9.238e-6
-1.435, 9.379e-6
-1.436, 9.483e-6
-1.437, 9.598e-6
-1.438, 9.717e-6
-1.439, 9.819e-6
-1.440, 9.952e-6
-1.441, 1.004e-5
-1.442, 1.019e-5
-1.443, 1.030e-5
-1.444, 1.042e-5
-1.445, 1.054e-5
-1.446, 1.068e-5
-1.447, 1.082e-5
-1.448, 1.095e-5
-1.449, 1.107e-5
-1.450, 1.122e-5
-1.451, 1.133e-5
-1.452, 1.227e-5
-1.453, 1.229e-5
-1.454, 1.244e-5
-1.455, 1.259e-5
-1.456, 1.273e-5
-1.457, 1.287e-5
-1.458, 1.302e-5
-1.459, 1.313e-5
-1.460, 1.330e-5
-1.461, 1.344e-5
-1.462, 1.361e-5
-1.463, 1.382e-5
-1.464, 1.388e-5
-1.465, 1.407e-5
-1.466, 1.422e-5
-1.467, 1.436e-5
-1.468, 1.454e-5
-1.469, 1.471e-5
-1.470, 1.489e-5
-1.471, 1.507e-5
-1.472, 1.528e-5
-1.473, 1.549e-5
-1.474, 1.572e-5
-1.475, 1.583e-5
-1.476, 1.605e-5
-1.477, 1.620e-5
-1.478, 1.639e-5
-1.479, 1.658e-5
-1.480, 1.672e-5
-1.481, 1.695e-5
-1.482, 1.713e-5
-1.483, 1.733e-5
-1.484, 1.755e-5
-1.485, 1.778e-5
-1.486, 1.744e-5
-1.487, 1.739e-5
-1.488, 1.756e-5
-1.489, 1.778e-5
-1.490, 1.803e-5
-1.491, 1.824e-5
-1.492, 1.845e-5
-1.493, 1.868e-5
-1.494, 1.890e-5
-1.495, 1.912e-5
-1.496, 1.937e-5
-1.497, 1.960e-5
-1.498, 1.986e-5
-1.499, 2.011e-5
-1.500, 2.036e-5
-1.501, 2.059e-5
-1.502, 2.088e-5
-1.503, 2.111e-5
-1.504, 2.139e-5
-1.505, 2.164e-5
-1.506, 2.192e-5
-1.507, 2.220e-5
-1.508, 2.247e-5
-1.509, 2.273e-5
-1.510, 2.305e-5
-1.511, 2.333e-5
-1.512, 2.363e-5
-1.513, 2.395e-5
-1.514, 2.425e-5
-1.515, 2.454e-5
-1.516, 2.486e-5
-1.517, 2.522e-5
-1.518, 2.553e-5
-1.519, 2.589e-5
-1.520, 2.624e-5
-1.521, 2.660e-5
-1.522, 2.698e-5
-1.523, 2.735e-5
-1.524, 2.774e-5
-1.525, 2.812e-5
-1.526, 2.847e-5
-1.527, 2.888e-5
-1.528, 2.924e-5
-1.529, 2.966e-5
-1.530, 3.009e-5
-1.531, 3.051e-5
-1.532, 3.091e-5
-1.533, 3.134e-5
-1.534, 3.181e-5
-1.535, 3.226e-5
-1.536, 3.271e-5
-1.537, 3.321e-5
-1.538, 3.367e-5
-1.539, 3.511e-5
-1.540, 3.623e-5
-1.541, 3.530e-5
-1.542, 3.568e-5
-1.543, 3.620e-5
-1.544, 3.675e-5
-1.545, 3.731e-5
-1.546, 3.787e-5
-1.547, 3.848e-5
-1.548, 3.903e-5
-1.549, 3.963e-5
-1.550, 4.025e-5
-1.551, 4.087e-5
-1.552, 4.151e-5
-1.553, 4.216e-5
-1.554, 4.285e-5
-1.555, 4.348e-5
-1.556, 4.423e-5
-1.557, 4.494e-5
-1.558, 4.567e-5
-1.559, 4.646e-5
-1.560, 4.717e-5
-1.561, 4.801e-5
-1.562, 4.881e-5
-1.563, 5.020e-5
-1.564, 5.272e-5
-1.565, 5.374e-5
-1.566, 5.450e-5
-1.567, 5.330e-5
-1.568, 5.488e-5
-1.569, 5.480e-5
-1.570, 5.555e-5
-1.571, 5.648e-5
-1.572, 5.748e-5
-1.573, 5.846e-5
-1.574, 5.948e-5
-1.575, 6.047e-5
-1.576, 6.297e-5
-1.577, 6.543e-5
-1.578, 6.670e-5
-1.579, 6.777e-5
-1.580, 6.803e-5
-1.581, 6.730e-5
-1.582, 6.849e-5
-1.583, 7.022e-5
-1.584, 7.321e-5
-1.585, 7.345e-5
-1.586, 7.419e-5
-1.587, 7.524e-5
-1.588, 7.660e-5
-1.589, 7.807e-5
-1.590, 7.946e-5
-1.591, 8.116e-5
-1.592, 8.441e-5
-1.593, 8.414e-5
-1.594, 8.588e-5
-1.595, 8.814e-5
-1.596, 8.901e-5
-1.597, 9.146e-5
-1.598, 9.192e-5
-1.599, 9.323e-5
-1.600, 9.470e-5
-1.599, 9.151e-5
-1.598, 9.226e-5
-1.597, 9.161e-5
-1.596, 9.043e-5
-1.595, 8.752e-5
-1.594, 8.741e-5
-1.593, 8.574e-5
-1.592, 8.424e-5
-1.591, 8.316e-5
-1.590, 8.170e-5
-1.589, 8.028e-5
-1.588, 7.863e-5
-1.587, 7.720e-5
-1.586, 7.653e-5
-1.585, 7.519e-5
-1.584, 7.384e-5
-1.583, 7.231e-5
-1.582, 7.039e-5
-1.581, 6.942e-5
-1.580, 6.853e-5
-1.579, 6.779e-5
-1.578, 6.597e-5
-1.577, 6.433e-5
-1.576, 6.412e-5
-1.575, 6.306e-5
-1.574, 6.191e-5
-1.573, 6.087e-5
-1.572, 5.982e-5
-1.571, 5.877e-5
-1.570, 5.771e-5
-1.569, 5.673e-5
-1.568, 5.569e-5
-1.567, 5.473e-5
-1.566, 5.387e-5
-1.565, 5.290e-5
-1.564, 5.193e-5
-1.563, 5.097e-5
-1.562, 5.001e-5
-1.561, 4.923e-5
-1.560, 4.839e-5
-1.559, 4.746e-5
-1.558, 4.661e-5
-1.557, 4.567e-5
-1.556, 4.477e-5
-1.555, 4.396e-5
-1.554, 4.313e-5
-1.553, 4.234e-5
-1.552, 4.159e-5
-1.551, 4.090e-5
-1.550, 4.014e-5
-1.549, 3.932e-5
-1.548, 3.863e-5
-1.547, 3.788e-5
-1.546, 3.721e-5
-1.545, 3.663e-5
-1.544, 3.587e-5
-1.543, 3.522e-5
-1.542, 3.454e-5
-1.541, 3.392e-5
-1.540, 3.330e-5
-1.539, 3.268e-5
-1.538, 3.209e-5
-1.537, 3.148e-5
-1.536, 3.088e-5
-1.535, 3.034e-5
-1.534, 2.966e-5
-1.533, 2.906e-5
-1.532, 2.850e-5
-1.531, 2.799e-5
-1.530, 2.747e-5
-1.529, 2.692e-5
-1.528, 2.647e-5
-1.527, 2.602e-5
-1.526, 2.559e-5
-1.525, 2.516e-5
-1.524, 2.478e-5
-1.523, 2.425e-5
-1.522, 2.371e-5
-1.521, 2.328e-5
-1.520, 2.291e-5
-1.519, 2.241e-5
-1.518, 2.193e-5
-1.517, 2.152e-5
-1.516, 2.114e-5
-1.515, 2.073e-5
-1.514, 2.033e-5
-1.513, 1.992e-5
-1.512, 1.955e-5
-1.511, 1.919e-5
-1.510, 1.882e-5
-1.509, 1.846e-5
-1.508, 1.814e-5
-1.507, 1.779e-5
-1.506, 1.747e-5
-1.505, 1.712e-5
-1.504, 1.678e-5
-1.503, 1.649e-5
-1.502, 1.615e-5
-1.501, 1.585e-5
-1.500, 1.558e-5
-1.499, 1.524e-5
-1.498, 1.496e-5
-1.497, 1.467e-5
-1.496, 1.440e-5
-1.495, 1.415e-5
-1.494, 1.387e-5
-1.493, 1.362e-5
-1.492, 1.333e-5
-1.491, 1.308e-5
-1.490, 1.284e-5
-1.489, 1.258e-5
-1.488, 1.237e-5
-1.487, 1.209e-5
-1.486, 1.187e-5
-1.485, 1.163e-5
-1.484, 1.140e-5
-1.483, 1.121e-5
-1.482, 1.098e-5
-1.481, 1.076e-5
-1.480, 1.058e-5
-1.479, 1.036e-5
-1.478, 1.019e-5
-1.477, 9.987e-6
-1.476, 9.806e-6
-1.475, 9.641e-6
-1.474, 9.475e-6
-1.473, 9.341e-6
-1.472, 9.131e-6
-1.471, 8.927e-6
-1.470, 8.730e-6
-1.469, 8.593e-6
-1.468, 8.408e-6
-1.467, 8.240e-6
-1.466, 8.077e-6
-1.465, 7.956e-6
-1.464, 7.763e-6
-1.463, 7.657e-6
-1.462, 7.551e-6
-1.461, 7.362e-6
-1.460, 7.207e-6
-1.459, 7.061e-6
-1.458, 6.911e-6
-1.457, 6.793e-6
-1.456, 6.677e-6
-1.455, 6.540e-6
-1.454, 6.392e-6
-1.453, 6.280e-6
-1.452, 6.147e-6
-1.451, 6.028e-6
-1.450, 5.920e-6
-1.449, 5.790e-6
-1.448, 5.660e-6
-1.447, 5.631e-6
-1.446, 5.507e-6
-1.445, 5.385e-6
-1.444, 5.292e-6
-1.443, 5.168e-6
-1.442, 5.068e-6
-1.441, 4.933e-6
-1.440, 4.851e-6
-1.439, 4.751e-6
-1.438, 4.677e-6
-1.437, 4.545e-6
-1.436, 4.474e-6
-1.435, 4.406e-6
-1.434, 4.326e-6
-1.433, 4.229e-6
-1.432, 4.134e-6
-1.431, 4.057e-6
-1.430, 3.961e-6
-1.429, 3.928e-6
-1.428, 3.823e-6
-1.427, 3.724e-6
-1.426, 3.688e-6
-1.425, 3.611e-6
-1.424, 3.563e-6
-1.423, 3.509e-6
-1.422, 3.413e-6
-1.421, 3.304e-6
-1.420, 3.231e-6
-1.419, 3.184e-6
-1.418, 3.130e-6
-1.417, 3.059e-6
-1.416, 2.990e-6
-1.415, 2.943e-6
-1.414, 2.856e-6
-1.413, 2.793e-6
-1.412, 2.749e-6
-1.411, 2.704e-6
-1.410, 2.658e-6
-1.409, 2.611e-6
-1.408, 2.521e-6
-1.407, 2.491e-6
-1.406, 2.477e-6
-1.405, 2.417e-6
-1.404, 2.332e-6
-1.403, 2.258e-6
-1.402, 2.230e-6
-1.401, 2.188e-6
-1.400, 2.128e-6
-1.399, 2.088e-6
-1.398, 2.025e-6
-1.397, 1.989e-6
-1.396, 1.943e-6
-1.395, 1.899e-6
-1.394, 1.857e-6
-1.393, 1.829e-6
-1.392, 1.787e-6
-1.391, 1.735e-6
-1.390, 1.650e-6
-1.389, 1.619e-6
-1.388, 1.620e-6
-1.387, 1.566e-6
-1.386, 1.530e-6
-1.385, 1.536e-6
-1.384, 1.490e-6
-1.383, 1.452e-6
-1.382, 1.389e-6
-1.381, 1.336e-6
-1.380, 1.291e-6
-1.379, 1.265e-6
-1.378, 1.240e-6
-1.377, 1.192e-6
-1.376, 1.162e-6
-1.375, 1.142e-6
-1.374, 1.091e-6
-1.373, 1.056e-6
-1.372, 1.001e-6
-1.371, 9.598e-7
-1.370, 9.519e-7
-1.369, 9.371e-7
-1.368, 9.104e-7
-1.367, 9.154e-7
-1.366, 8.542e-7
-1.365, 8.433e-7
-1.364, 8.236e-7
-1.363, 7.940e-7
-1.362, 7.506e-7
-1.361, 7.338e-7
-1.360, 7.259e-7
-1.359, 6.865e-7
-1.358, 6.470e-7
-1.357, 6.145e-7
-1.356, 5.612e-7
-1.355, 5.779e-7
-1.354, 5.918e-7
-1.353, 5.444e-7
-1.352, 5.296e-7
-1.351, 4.951e-7
-1.350, 4.813e-7
-1.349, 4.832e-7
-1.348, 4.645e-7
-1.347, 4.290e-7
-1.346, 4.191e-7
-1.345, 4.112e-7
-1.344, 3.944e-7
-1.343, 3.777e-7
-1.342, 3.293e-7
-1.341, 3.293e-7
-1.340, 3.066e-7
-1.339, 2.908e-7
-1.338, 2.731e-7
-1.337, 2.317e-7
-1.336, 2.198e-7
-1.335, 2.119e-7
-1.334, 2.090e-7
-1.333, 1.774e-7
-1.332, 1.399e-7
-1.331, 1.192e-7
-1.330, 1.044e-7
-1.329, 7.478e-8
-1.328, 8.366e-8
-1.327, 6.097e-8
-1.326, 4.321e-8
-1.325, 3.236e-8
-1.324, 2.940e-8
-1.323, 2.841e-8
-1.322, 1.164e-8
-1.321, -1.401e-8
-1.320, -9.077e-9
-1.319, -2.190e-8
-1.318, -3.571e-8
-1.317, -5.841e-8
-1.316, -8.603e-8
-1.315, -1.038e-7
-1.314, -1.166e-7
-1.313, -9.984e-8
-1.312, -1.137e-7
-1.311, -1.354e-7
-1.310, -1.087e-7
-1.309, -1.235e-7
-1.308, -1.640e-7
-1.307, -1.659e-7
-1.306, -1.985e-7
-1.305, -2.015e-7
-1.304, -1.985e-7
-1.303, -2.034e-7
-1.302, -2.271e-7
-1.301, -2.251e-7
-1.300, -2.094e-7
-1.299, -2.557e-7
-1.298, -2.478e-7
-1.297, -2.755e-7
-1.296, -2.774e-7
-1.295, -2.784e-7
-1.294, -2.824e-7
-1.293, -2.784e-7
-1.292, -3.070e-7
-1.291, -3.169e-7
-1.290, -3.199e-7
-1.289, -3.366e-7
-1.288, -3.199e-7
-1.287, -3.465e-7
-1.286, -3.731e-7
-1.285, -3.544e-7
-1.284, -3.514e-7
-1.283, -3.652e-7
-1.282, -3.781e-7
-1.281, -3.909e-7
-1.280, -4.086e-7
-1.279, -4.037e-7
-1.278, -4.146e-7
-1.277, -4.116e-7
-1.276, -4.432e-7
-1.275, -4.392e-7
-1.274, -4.244e-7
-1.273, -4.363e-7
-1.272, -4.560e-7
-1.271, -4.738e-7
-1.270, -4.609e-7
-1.269, -5.014e-7
-1.268, -5.034e-7
-1.267, -5.103e-7
-1.266, -5.113e-7
-1.265, -5.182e-7
-1.264, -5.172e-7
-1.263, -5.162e-7
-1.262, -5.221e-7
-1.261, -5.261e-7
-1.260, -5.438e-7
-1.259, -5.438e-7
-1.258, -5.557e-7
-1.257, -5.596e-7
-1.256, -5.734e-7
-1.255, -5.685e-7
-1.254, -5.754e-7
-1.253, -5.675e-7
-1.252, -5.754e-7
-1.251, -5.892e-7
-1.250, -5.872e-7
-1.249, -5.931e-7
-1.248, -6.070e-7
-1.247, -6.188e-7
-1.246, -5.902e-7
-1.245, -6.070e-7
-1.244, -6.227e-7
-1.243, -6.168e-7
-1.242, -6.346e-7
-1.241, -6.395e-7
-1.240, -6.336e-7
-1.239, -6.306e-7
-1.238, -6.573e-7
-1.237, -6.523e-7
-1.236, -6.612e-7
-1.235, -6.583e-7
-1.234, -6.721e-7
-1.233, -6.652e-7
-1.232, -6.750e-7
-1.231, -6.967e-7
-1.230, -7.194e-7
-1.229, -7.046e-7
-1.228, -7.184e-7
-1.227, -7.046e-7
-1.226, -7.046e-7
-1.225, -7.224e-7
-1.224, -7.263e-7
-1.223, -7.283e-7
-1.222, -7.362e-7
-1.221, -7.283e-7
-1.220, -7.342e-7
-1.219, -7.490e-7
-1.218, -7.470e-7
-1.217, -7.431e-7
-1.216, -7.658e-7
-1.215, -7.688e-7
-1.214, -7.668e-7
-1.213, -7.589e-7
-1.212, -7.648e-7
-1.211, -7.648e-7
-1.210, -7.924e-7
-1.209, -8.112e-7
-1.208, -7.826e-7
-1.207, -7.806e-7
-1.206, -8.092e-7
-1.205, -7.934e-7
-1.204, -7.816e-7
-1.203, -8.033e-7
-1.202, -8.092e-7
-1.201, -8.210e-7
-1.200, -8.309e-7
-1.199, -8.141e-7
-1.198, -8.201e-7
-1.197, -8.240e-7
-1.196, -8.339e-7
-1.195, -8.319e-7
-1.194, -8.230e-7
-1.193, -8.398e-7
-1.192, -8.497e-7
-1.191, -8.408e-7
-1.190, -8.516e-7
-1.189, -8.437e-7
-1.188, -8.516e-7
-1.187, -8.743e-7
-1.186, -8.546e-7
-1.185, -8.852e-7
-1.184, -8.773e-7
-1.183, -8.694e-7
-1.182, -8.733e-7
-1.181, -8.812e-7
-1.180, -8.832e-7
-1.179, -8.911e-7
-1.178, -8.881e-7
-1.177, -8.931e-7
-1.176, -9.237e-7
-1.175, -9.010e-7
-1.174, -9.108e-7
-1.173, -8.970e-7
-1.172, -9.187e-7
-1.171, -9.276e-7
-1.170, -9.246e-7
-1.169, -9.148e-7
-1.168, -9.266e-7
-1.167, -9.355e-7
-1.166, -9.306e-7
-1.165, -9.523e-7
-1.164, -9.532e-7
-1.163, -9.542e-7
-1.162, -9.700e-7
-1.161, -9.532e-7
-1.160, -9.641e-7
-1.159, -9.789e-7
-1.158, -9.602e-7
-1.157, -9.878e-7
-1.156, -9.562e-7
-1.155, -9.769e-7
-1.154, -9.868e-7
-1.153, -9.917e-7
-1.152, -9.927e-7
-1.151, -9.907e-7
-1.150, -1.004e-6
-1.149, -9.957e-7
-1.148, -9.858e-7
-1.147, -1.012e-6
-1.146, -9.986e-7
-1.145, -1.020e-6
-1.144, -1.032e-6
-1.143, -1.005e-6
-1.142, -1.032e-6
-1.141, -1.031e-6
-1.140, -1.038e-6
-1.139, -1.054e-6
-1.138, -1.031e-6
-1.137, -1.055e-6
-1.136, -1.031e-6
-1.135, -1.049e-6
-1.134, -1.059e-6
-1.133, -1.056e-6
-1.132, -1.072e-6
-1.131, -1.061e-6
-1.130, -1.067e-6
-1.129, -1.082e-6
-1.128, -1.079e-6
-1.127, -1.090e-6
-1.126, -1.099e-6
-1.125, -1.090e-6
-1.124, -1.101e-6
-1.123, -1.100e-6
-1.122, -1.113e-6
-1.121, -1.096e-6
-1.120, -1.123e-6
-1.119, -1.121e-6
-1.118, -1.106e-6
-1.117, -1.141e-6
-1.116, -1.118e-6
-1.115, -1.128e-6
-1.114, -1.135e-6
-1.113, -1.154e-6
-1.112, -1.153e-6
-1.111, -1.145e-6
-1.110, -1.155e-6
-1.109, -1.153e-6
-1.108, -1.179e-6
-1.107, -1.189e-6
-1.106, -1.169e-6
-1.105, -1.180e-6
-1.104, -1.175e-6
-1.103, -1.194e-6
-1.102, -1.192e-6
-1.101, -1.185e-6
-1.100, -1.199e-6
-1.099, -1.212e-6
-1.098, -1.200e-6
-1.097, -1.216e-6
-1.096, -1.220e-6
-1.095, -1.221e-6
-1.094, -1.231e-6
-1.093, -1.216e-6
-1.092, -1.244e-6
-1.091, -1.234e-6
-1.090, -1.238e-6
-1.089, -1.246e-6
-1.088, -1.239e-6
-1.087, -1.273e-6
-1.086, -1.254e-6
-1.085, -1.256e-6
-1.084, -1.265e-6
-1.083, -1.256e-6
-1.082, -1.278e-6
-1.081, -1.293e-6
-1.080, -1.283e-6
-1.079, -1.288e-6
-1.078, -1.300e-6
-1.077, -1.303e-6
-1.076, -1.308e-6
-1.075, -1.316e-6
-1.074, -1.327e-6
-1.073, -1.310e-6
-1.072, -1.340e-6
-1.071, -1.331e-6
-1.070, -1.340e-6
-1.069, -1.339e-6
-1.068, -1.346e-6
-1.067, -1.354e-6
-1.066, -1.345e-6
-1.065, -1.366e-6
-1.064, -1.365e-6
-1.063, -1.362e-6
-1.062, -1.383e-6
-1.061, -1.361e-6
-1.060, -1.379e-6
-1.059, -1.396e-6
-1.058, -1.376e-6
-1.057, -1.398e-6
-1.056, -1.399e-6
-1.055, -1.415e-6
-1.054, -1.412e-6
-1.053, -1.409e-6
-1.052, -1.428e-6
-1.051, -1.435e-6
-1.050, -1.430e-6
-1.049, -1.448e-6
-1.048, -1.430e-6
-1.047, -1.458e-6
-1.046, -1.450e-6
-1.045, -1.461e-6
-1.044, -1.472e-6
-1.043, -1.465e-6
-1.042, -1.479e-6
-1.041, -1.469e-6
-1.040, -1.476e-6
-1.039, -1.469e-6
-1.038, -1.491e-6
-1.037, -1.514e-6
-1.036, -1.498e-6
-1.035, -1.500e-6
-1.034, -1.526e-6
-1.033, -1.523e-6
-1.032, -1.519e-6
-1.031, -1.533e-6
-1.030, -1.534e-6
-1.029, -1.559e-6
-1.028, -1.540e-6
-1.027, -1.564e-6
-1.026, -1.559e-6
-1.025, -1.571e-6
-1.024, -1.582e-6
-1.023, -1.573e-6
-1.022, -1.609e-6
-1.021, -1.592e-6
-1.020, -1.601e-6
-1.019, -1.609e-6
-1.018, -1.608e-6
-1.017, -1.647e-6
-1.016, -1.620e-6
-1.015, -1.641e-6
-1.014, -1.648e-6
-1.013, -1.643e-6
-1.012, -1.659e-6
-1.011, -1.671e-6
-1.010, -1.660e-6
-1.009, -1.675e-6
-1.008, -1.671e-6
-1.007, -1.682e-6
-1.006, -1.687e-6
-1.005, -1.672e-6
-1.004, -1.697e-6
-1.003, -1.690e-6
-1.002, -1.707e-6
-1.001, -1.710e-6
-1.000, -1.428e-6
-1.001, -1.247e-6
-1.002, -1.111e-6
-1.003, -1.039e-6
-1.004, -9.473e-7
-1.005, -8.931e-7
-1.006, -8.289e-7
-1.007, -7.766e-7
-1.008, -7.283e-7
-1.009, -6.800e-7
-1.010, -6.385e-7
-1.011, -6.010e-7
-1.012, -5.497e-7
-1.013, -5.221e-7
-1.014, -4.866e-7
-1.015, -4.767e-7
-1.016, -4.304e-7
-1.017, -3.889e-7
-1.018, -3.850e-7
-1.019, -3.425e-7
-1.020, -3.268e-7
-1.021, -2.932e-7
-1.022, -2.666e-7
-1.023, -2.518e-7
-1.024, -2.192e-7
-1.025, -2.094e-7
-1.026, -1.738e-7
-1.027, -1.531e-7
-1.028, -1.492e-7
-1.029, -1.225e-7
-1.030, -9.590e-8
-1.031, -8.899e-8
-1.032, -5.939e-8
-1.033, -6.433e-8
-1.034, -2.782e-8
-1.035, -3.177e-8
-1.036, -1.401e-8
-1.037, 1.460e-8
-1.038, 2.545e-8
-1.039, 3.927e-8
-1.040, 3.828e-8
-1.041, 6.689e-8
-1.042, 7.478e-8
-1.043, 9.649e-8
-1.044, 1.152e-7
-1.045, 1.064e-7
-1.046, 1.369e-7
-1.047, 1.350e-7
-1.048, 1.379e-7
-1.049, 1.547e-7
-1.050, 1.794e-7
-1.051, 1.803e-7
-1.052, 2.030e-7
-1.053, 2.149e-7
-1.054, 2.109e-7
-1.055, 2.297e-7
-1.056, 2.425e-7
-1.057, 2.484e-7
-1.058, 2.731e-7
-1.059, 2.514e-7
-1.060, 2.869e-7
-1.061, 2.820e-7
-1.062, 2.978e-7
-1.063, 3.027e-7
-1.064, 3.126e-7
-1.065, 3.362e-7
-1.066, 3.402e-7
-1.067, 3.431e-7
-1.068, 3.451e-7
-1.069, 3.579e-7
-1.070, 3.875e-7
-1.071, 3.915e-7
-1.072, 3.875e-7
-1.073, 4.132e-7
-1.074, 4.013e-7
-1.075, 4.161e-7
-1.076, 4.398e-7
-1.077, 4.369e-7
-1.078, 4.369e-7
-1.079, 4.536e-7
-1.080, 4.536e-7
-1.081, 4.645e-7
-1.082, 4.665e-7
-1.083, 4.813e-7
-1.084, 4.822e-7
-1.085, 4.892e-7
-1.086, 4.980e-7
-1.087, 4.921e-7
-1.088, 5.178e-7
-1.089, 5.237e-7
-1.090, 5.286e-7
-1.091, 5.513e-7
-1.092, 5.503e-7
-1.093, 5.533e-7
-1.094, 5.592e-7
-1.095, 5.730e-7
-1.096, 5.868e-7
-1.097, 5.888e-7
-1.098, 5.878e-7
-1.099, 5.947e-7
-1.100, 6.115e-7
-1.101, 6.105e-7
-1.102, 6.085e-7
-1.103, 6.243e-7
-1.104, 6.302e-7
-1.105, 6.243e-7
-1.106, 6.431e-7
-1.107, 6.450e-7
-1.108, 6.470e-7
-1.109, 6.608e-7
-1.110, 6.687e-7
-1.111, 6.835e-7
-1.112, 6.825e-7
-1.113, 6.845e-7
-1.114, 7.003e-7
-1.115, 6.934e-7
-1.116, 7.092e-7
-1.117, 7.042e-7
-1.118, 7.151e-7
-1.119, 7.338e-7
-1.120, 7.378e-7
-1.121, 7.378e-7
-1.122, 7.457e-7
-1.123, 7.397e-7
-1.124, 7.545e-7
-1.125, 7.575e-7
-1.126, 7.772e-7
-1.127, 7.674e-7
-1.128, 7.851e-7
-1.129, 7.891e-7
-1.130, 8.009e-7
-1.131, 8.039e-7
-1.132, 7.999e-7
-1.133, 8.197e-7
-1.134, 8.197e-7
-1.135, 8.108e-7
-1.136, 8.236e-7
-1.137, 8.315e-7
-1.138, 8.384e-7
-1.139, 8.443e-7
-1.140, 8.522e-7
-1.141, 8.542e-7
-1.142, 8.650e-7
-1.143, 8.660e-7
-1.144, 8.729e-7
-1.145, 8.868e-7
-1.146, 8.838e-7
-1.147, 8.789e-7
-1.148, 8.907e-7
-1.149, 8.996e-7
-1.150, 9.085e-7
-1.151, 9.282e-7
-1.152, 9.134e-7
-1.153, 9.213e-7
-1.154, 9.252e-7
-1.155, 9.390e-7
-1.156, 9.469e-7
-1.157, 9.469e-7
-1.158, 9.499e-7
-1.159, 9.529e-7
-1.160, 9.765e-7
-1.161, 9.686e-7
-1.162, 9.834e-7
-1.163, 9.864e-7
-1.164, 9.864e-7
-1.165, 9.874e-7
-1.166, 9.973e-7
-1.167, 1.004e-6
-1.168, 1.008e-6
-1.169, 1.011e-6
-1.170, 1.010e-6
-1.171, 1.021e-6
-1.172, 1.039e-6
-1.173, 1.028e-6
-1.174, 1.035e-6
-1.175, 1.044e-6
-1.176, 1.027e-6
-1.177, 1.052e-6
-1.178, 1.078e-6
-1.179, 1.071e-6
-1.180, 1.080e-6
-1.181, 1.073e-6
-1.182, 1.087e-6
-1.183, 1.088e-6
-1.184, 1.110e-6
-1.185, 1.091e-6
-1.186, 1.101e-6
-1.187, 1.116e-6
-1.188, 1.103e-6
-1.189, 1.111e-6
-1.190, 1.145e-6
-1.191, 1.122e-6
-1.192, 1.131e-6
-1.193, 1.132e-6
-1.194, 1.150e-6
-1.195, 1.169e-6
-1.196, 1.142e-6
-1.197, 1.182e-6
-1.198, 1.168e-6
-1.199, 1.172e-6
-1.200, 1.173e-6
-1.201, 1.166e-6
-1.202, 1.193e-6
-1.203, 1.188e-6
-1.204, 1.195e-6
-1.205, 1.205e-6
-1.206, 1.213e-6
-1.207, 1.232e-6
-1.208, 1.211e-6
-1.209, 1.235e-6
-1.210, 1.243e-6
-1.211, 1.236e-6
-1.212, 1.249e-6
-1.213, 1.247e-6
-1.214, 1.262e-6
-1.215, 1.268e-6
-1.216, 1.271e-6
-1.217, 1.273e-6
-1.218, 1.282e-6
-1.219, 1.306e-6
-1.220, 1.294e-6
-1.221, 1.303e-6
-1.222, 1.312e-6
-1.223, 1.292e-6
-1.224, 1.317e-6
-1.225, 1.331e-6
-1.226, 1.341e-6
-1.227, 1.335e-6
-1.228, 1.332e-6
-1.229, 1.362e-6
-1.230, 1.351e-6
-1.231, 1.383e-6
-1.232, 1.398e-6
-1.233, 1.386e-6
-1.234, 1.401e-6
-1.235, 1.400e-6
-1.236, 1.408e-6
-1.237, 1.405e-6
-1.238, 1.409e-6
-1.239, 1.431e-6
-1.240, 1.418e-6
-1.241, 1.434e-6
-1.242, 1.445e-6
-1.243, 1.446e-6
-1.244, 1.453e-6
-1.245, 1.472e-6
-1.246, 1.490e-6
-1.247, 1.482e-6
-1.248, 1.481e-6
-1.249, 1.502e-6
-1.250, 1.508e-6
-1.251, 1.526e-6
-1.252, 1.518e-6
-1.253, 1.524e-6
-1.254, 1.534e-6
-1.255, 1.554e-6
-1.256, 1.575e-6
-1.257, 1.564e-6
-1.258, 1.575e-6
-1.259, 1.572e-6
-1.260, 1.593e-6
-1.261, 1.598e-6
-1.262, 1.603e-6
-1.263, 1.609e-6
-1.264, 1.621e-6
-1.265, 1.635e-6
-1.266, 1.639e-6
-1.267, 1.648e-6
-1.268, 1.657e-6
-1.269, 1.674e-6
-1.270, 1.661e-6
-1.271, 1.699e-6
-1.272, 1.690e-6
-1.273, 1.701e-6
-1.274, 1.730e-6
-1.275, 1.721e-6
-1.276, 1.728e-6
-1.277, 1.753e-6
-1.278, 1.752e-6
-1.279, 1.758e-6
-1.280, 1.805e-6
-1.281, 1.793e-6
-1.282, 1.801e-6
-1.283, 1.818e-6
-1.284, 1.830e-6
-1.285, 1.851e-6
-1.286, 1.842e-6
-1.287, 1.876e-6
-1.288, 1.873e-6
-1.289, 1.887e-6
-1.290, 1.914e-6
-1.291, 1.919e-6
-1.292, 1.939e-6
-1.293, 1.951e-6
-1.294, 1.950e-6
-1.295, 1.973e-6
-1.296, 1.985e-6
-1.297, 2.012e-6
-1.298, 2.021e-6
-1.299, 2.031e-6
-1.300, 2.061e-6
-1.301, 2.070e-6
-1.302, 2.072e-6
-1.303, 2.088e-6
-1.304, 2.115e-6
-1.305, 2.124e-6
-1.306, 2.153e-6
-1.307, 2.169e-6
-1.308, 2.169e-6
-1.309, 2.221e-6
-1.310, 2.242e-6
-1.311, 2.254e-6
-1.312, 2.263e-6
-1.313, 2.270e-6
-1.314, 2.302e-6
-1.315, 2.296e-6
-1.316, 2.331e-6
-1.317, 2.319e-6
-1.318, 2.364e-6
-1.319, 2.393e-6
-1.320, 2.406e-6
-1.321, 2.450e-6
-1.322, 2.459e-6
-1.323, 2.469e-6
-1.324, 2.513e-6
-1.325, 2.541e-6
-1.326, 2.546e-6
-1.327, 2.573e-6
-1.328, 2.579e-6
-1.329, 2.606e-6
-1.330, 2.629e-6
-1.331, 2.647e-6
-1.332, 2.665e-6
-1.333, 2.705e-6
-1.334, 2.739e-6
-1.335, 2.752e-6
-1.336, 2.775e-6
-1.337, 2.831e-6
-1.338, 2.834e-6
-1.339, 2.852e-6
-1.340, 2.892e-6
-1.341, 2.897e-6
-1.342, 2.937e-6
-1.343, 2.970e-6
-1.344, 2.990e-6
-1.345, 3.031e-6
-1.346, 3.038e-6
-1.347, 3.081e-6
-1.348, 3.119e-6
-1.349, 3.151e-6
-1.350, 3.193e-6
-1.351, 3.237e-6
-1.352, 3.244e-6
-1.353, 3.299e-6
-1.354, 3.330e-6
-1.355, 3.355e-6
-1.356, 3.396e-6
-1.357, 3.451e-6
-1.358, 3.464e-6
-1.359, 3.517e-6
-1.360, 3.539e-6
-1.361, 3.588e-6
-1.362, 3.632e-6
-1.363, 3.685e-6
-1.364, 3.706e-6
-1.365, 3.747e-6
-1.366, 3.790e-6
-1.367, 3.829e-6
-1.368, 3.863e-6
-1.369, 3.926e-6
-1.370, 3.965e-6
-1.371, 4.014e-6
-1.372, 4.066e-6
-1.373, 4.095e-6
-1.374, 4.161e-6
-1.375, 4.198e-6
-1.376, 4.258e-6
-1.377, 4.297e-6
-1.378, 4.356e-6
-1.379, 4.391e-6
-1.380, 4.439e-6
-1.381, 4.515e-6
-1.382, 4.554e-6
-1.383, 4.614e-6
-1.384, 4.669e-6
-1.385, 4.709e-6
-1.386, 4.768e-6
-1.387, 4.841e-6
-1.388, 4.910e-6
-1.389, 4.950e-6
-1.390, 5.008e-6
-1.391, 5.081e-6
-1.392, 5.122e-6
-1.393, 5.218e-6
-1.394, 5.248e-6
-1.395, 5.306e-6
-1.396, 5.403e-6
-1.397, 5.456e-6
-1.398, 5.517e-6
-1.399, 5.582e-6
-1.400, 5.640e-6
-1.401, 5.743e-6
-1.402, 5.801e-6
-1.403, 5.865e-6
-1.404, 5.937e-6
-1.405, 6.003e-6
-1.406, 6.082e-6
-1.407, 6.149e-6
-1.408, 6.265e-6
-1.409, 6.332e-6
-1.410, 6.439e-6
-1.411, 6.510e-6
-1.412, 6.547e-6
-1.413, 6.649e-6
-1.414, 6.704e-6
-1.415, 6.809e-6
-1.416, 6.866e-6
-1.417, 7.012e-6
-1.418, 7.087e-6
-1.419, 7.140e-6
-1.420, 7.240e-6
-1.421, 7.371e-6
-1.422, 7.430e-6
-1.423, 7.499e-6
-1.424, 7.521e-6
-1.425, 7.639e-6
-1.426, 7.793e-6
-1.427, 7.877e-6
-1.428, 7.954e-6
-1.429, 8.055e-6
-1.430, 8.125e-6
-1.431, 8.195e-6
-1.432, 8.305e-6
-1.433, 8.433e-6
-1.434, 8.530e-6
-1.435, 8.636e-6
-1.436, 8.756e-6
-1.437, 8.864e-6
-1.438, 8.968e-6
-1.439, 9.069e-6
-1.440, 9.191e-6
-1.441, 9.281e-6
-1.442, 9.407e-6
-1.443, 9.507e-6
-1.444, 9.612e-6
-1.445, 9.722e-6
-1.446, 9.837e-6
-1.447, 9.979e-6
-1.448, 1.010e-5
-1.449, 1.021e-5
-1.450, 1.035e-5
-1.451, 1.037e-5
-1.452, 1.050e-5
-1.453, 1.064e-5
-1.454, 1.076e-5
-1.455, 1.090e-5
-1.456, 1.104e-5
-1.457, 1.117e-5
-1.458, 1.127e-5
-1.459, 1.140e-5
-1.460, 1.154e-5
-1.461, 1.170e-5
-1.462, 1.183e-5
-1.463, 1.195e-5
-1.464, 1.213e-5
-1.465, 1.225e-5
-1.466, 1.241e-5
-1.467, 1.253e-5
-1.468, 1.269e-5
-1.469, 1.283e-5
-1.470, 1.297e-5
-1.471, 1.312e-5
-1.472, 1.327e-5
-1.473, 1.343e-5
-1.474, 1.360e-5
-1.475, 1.376e-5
-1.476, 1.391e-5
-1.477, 1.406e-5
-1.478, 1.422e-5
-1.479, 1.439e-5
-1.480, 1.457e-5
-1.481, 1.477e-5
-1.482, 1.494e-5
-1.483, 1.516e-5
-1.484, 1.529e-5
-1.485, 1.550e-5
-1.486, 1.568e-5
-1.487, 1.584e-5
-1.488, 1.603e-5
-1.489, 1.615e-5
-1.490, 1.638e-5
-1.491, 1.656e-5
-1.492, 1.675e-5
-1.493, 1.696e-5
-1.494, 1.717e-5
-1.495, 1.739e-5
-1.496, 1.759e-5
-1.497, 1.781e-5
-1.498, 1.802e-5
-1.499, 1.824e-5
-1.500, 1.845e-5
-1.501, 1.868e-5
-1.502, 1.897e-5
-1.503, 1.918e-5
-1.504, 1.944e-5
-1.505, 1.965e-5
-1.506, 1.990e-5
-1.507, 2.016e-5
-1.508, 2.042e-5
-1.509, 2.068e-5
-1.510, 2.095e-5
-1.511, 2.124e-5
-1.512, 2.151e-5
-1.513, 2.178e-5
-1.514, 2.200e-5
-1.515, 2.228e-5
-1.516, 2.263e-5
-1.517, 2.293e-5
-1.518, 2.320e-5
-1.519, 2.361e-5
-1.520, 2.382e-5
-1.521, 2.418e-5
-1.522, 2.448e-5
-1.523, 2.476e-5
-1.524, 2.506e-5
-1.525, 2.542e-5
-1.526, 2.576e-5
-1.527, 2.612e-5
-1.528, 2.649e-5
-1.529, 2.682e-5
-1.530, 2.719e-5
-1.531, 2.753e-5
-1.532, 2.791e-5
-1.533, 2.828e-5
-1.534, 2.868e-5
-1.535, 2.908e-5
-1.536, 2.949e-5
-1.537, 2.994e-5
-1.538, 3.041e-5
-1.539, 3.085e-5
-1.540, 3.130e-5
-1.541, 3.177e-5
-1.542, 3.226e-5
-1.543, 3.276e-5
-1.544, 3.325e-5
-1.545, 3.366e-5
-1.546, 3.417e-5
-1.547, 3.474e-5
-1.548, 3.530e-5
-1.549, 3.590e-5
-1.550, 3.639e-5
-1.551, 3.694e-5
-1.552, 3.749e-5
-1.553, 3.812e-5
-1.554, 3.863e-5
-1.555, 3.922e-5
-1.556, 3.983e-5
-1.557, 4.056e-5
-1.558, 4.121e-5
-1.559, 4.186e-5
-1.560, 4.260e-5
-1.561, 4.332e-5
-1.562, 4.392e-5
-1.563, 4.462e-5
-1.564, 4.542e-5
-1.565, 4.620e-5
-1.566, 4.698e-5
-1.567, 4.781e-5
-1.568, 4.860e-5
-1.569, 4.947e-5
-1.570, 5.023e-5
-1.571, 5.110e-5
-1.572, 5.194e-5
-1.573, 5.283e-5
-1.574, 5.378e-5
-1.575, 5.478e-5
-1.576, 5.577e-5
-1.577, 5.678e-5
-1.578, 5.787e-5
-1.579, 5.882e-5
-1.580, 5.989e-5
-1.581, 6.085e-5
-1.582, 6.191e-5
-1.583, 6.314e-5
-1.584, 6.439e-5
-1.585, 6.551e-5
-1.586, 6.670e-5
-1.587, 6.801e-5
-1.588, 6.927e-5
-1.589, 7.040e-5
-1.590, 7.156e-5
-1.591, 7.312e-5
-1.592, 7.443e-5
-1.593, 7.579e-5
-1.594, 7.717e-5
-1.595, 7.867e-5
-1.596, 8.032e-5
-1.597, 8.197e-5
-1.598, 8.327e-5
-1.599, 8.483e-5
-1.600, 8.452e-5
-1.599, 8.298e-5
-1.598, 8.138e-5
-1.597, 8.020e-5
-1.596, 7.897e-5
-1.595, 7.777e-5
-1.594, 7.641e-5
-1.593, 7.518e-5
-1.592, 7.399e-5
-1.591, 7.272e-5
-1.590, 7.150e-5
-1.589, 7.035e-5
-1.588, 6.906e-5
-1.587, 6.775e-5
-1.586, 6.653e-5
-1.585, 6.523e-5
-1.584, 6.403e-5
-1.583, 6.296e-5
-1.582, 6.172e-5
-1.581, 6.058e-5
-1.580, 5.957e-5
-1.579, 5.857e-5
-1.578, 5.754e-5
-1.577, 5.643e-5
-1.576, 5.540e-5
-1.575, 5.433e-5
-1.574, 5.341e-5
-1.573, 5.249e-5
-1.572, 5.151e-5
-1.571, 5.061e-5
-1.570, 4.961e-5
-1.569, 4.868e-5
-1.568, 4.786e-5
-1.567, 4.698e-5
-1.566, 4.612e-5
-1.565, 4.526e-5
-1.564, 4.421e-5
-1.563, 4.347e-5
-1.562, 4.269e-5
-1.561, 4.194e-5
-1.560, 4.115e-5
-1.559, 4.047e-5
-1.558, 3.971e-5
-1.557, 3.900e-5
-1.556, 3.818e-5
-1.555, 3.741e-5
-1.554, 3.678e-5
-1.553, 3.607e-5
-1.552, 3.542e-5
-1.551, 3.472e-5
-1.550, 3.412e-5
-1.549, 3.344e-5
-1.548, 3.279e-5
-1.547, 3.209e-5
-1.546, 3.154e-5
-1.545, 3.099e-5
-1.544, 3.045e-5
-1.543, 2.984e-5
-1.542, 2.930e-5
-1.541, 2.877e-5
-1.540, 2.822e-5
-1.539, 2.767e-5
-1.538, 2.712e-5
-1.537, 2.660e-5
-1.536, 2.606e-5
-1.535, 2.556e-5
-1.534, 2.508e-5
-1.533, 2.468e-5
-1.532, 2.411e-5
-1.531, 2.366e-5
-1.530, 2.329e-5
-1.529, 2.282e-5
-1.528, 2.239e-5
-1.527, 2.199e-5
-1.526, 2.158e-5
-1.525, 2.118e-5
-1.524, 2.075e-5
-1.523, 2.034e-5
-1.522, 1.996e-5
-1.521, 1.963e-5
-1.520, 1.923e-5
-1.519, 1.888e-5
-1.518, 1.853e-5
-1.517, 1.816e-5
-1.516, 1.783e-5
-1.515, 1.748e-5
-1.514, 1.714e-5
-1.513, 1.682e-5
-1.512, 1.652e-5
-1.511, 1.621e-5
-1.510, 1.590e-5
-1.509, 1.559e-5
-1.508, 1.527e-5
-1.507, 1.498e-5
-1.506, 1.476e-5
-1.505, 1.452e-5
-1.504, 1.419e-5
-1.503, 1.396e-5
-1.502, 1.367e-5
-1.501, 1.342e-5
-1.500, 1.317e-5
-1.499, 1.294e-5
-1.498, 1.267e-5
-1.497, 1.244e-5
-1.496, 1.221e-5
-1.495, 1.198e-5
-1.494, 1.173e-5
-1.493, 1.151e-5
-1.492, 1.130e-5
-1.491, 1.114e-5
-1.490, 1.091e-5
-1.489, 1.069e-5
-1.488, 1.049e-5
-1.487, 1.029e-5
-1.486, 1.012e-5
-1.485, 9.938e-6
-1.484, 9.730e-6
-1.483, 9.574e-6
-1.482, 9.366e-6
-1.481, 9.220e-6
-1.480, 9.025e-6
-1.479, 8.848e-6
-1.478, 8.690e-6
-1.477, 8.572e-6
-1.476, 8.411e-6
-1.475, 8.323e-6
-1.474, 8.157e-6
-1.473, 8.004e-6
-1.472, 7.831e-6
-1.471, 7.692e-6
-1.470, 7.561e-6
-1.469, 7.393e-6
-1.468, 7.248e-6
-1.467, 7.113e-6
-1.466, 7.033e-6
-1.465, 6.890e-6
-1.464, 6.757e-6
-1.463, 6.638e-6
-1.462, 6.495e-6
-1.461, 6.337e-6
-1.460, 6.238e-6
-1.459, 6.122e-6
-1.458, 5.992e-6
-1.457, 5.891e-6
-1.456, 5.769e-6
-1.455, 5.657e-6
-1.454, 5.494e-6
-1.453, 5.334e-6
-1.452, 5.212e-6
-1.451, 4.974e-6
-1.450, 4.878e-6
-1.449, 4.888e-6
-1.448, 4.832e-6
-1.447, 4.690e-6
-1.446, 4.608e-6
-1.445, 4.453e-6
-1.444, 4.385e-6
-1.443, 4.318e-6
-1.442, 4.239e-6
-1.441, 4.154e-6
-1.440, 4.076e-6
-1.439, 4.128e-6
-1.438, 4.006e-6
-1.437, 3.927e-6
-1.436, 3.860e-6
-1.435, 3.756e-6
-1.434, 3.587e-6
-1.433, 3.501e-6
-1.432, 3.375e-6
-1.431, 3.324e-6
-1.430, 3.249e-6
-1.429, 3.163e-6
-1.428, 3.093e-6
-1.427, 3.028e-6
-1.426, 2.963e-6
-1.425, 2.966e-6
-1.424, 2.903e-6
-1.423, 2.842e-6
-1.422, 2.753e-6
-1.421, 2.698e-6
-1.420, 2.657e-6
-1.419, 2.585e-6
-1.418, 2.564e-6
-1.417, 2.487e-6
-1.416, 2.453e-6
-1.415, 2.408e-6
-1.414, 2.342e-6
-1.413, 2.305e-6
-1.412, 2.230e-6
-1.411, 2.179e-6
-1.410, 2.156e-6
-1.409, 2.128e-6
-1.408, 2.070e-6
-1.407, 2.025e-6
-1.406, 1.974e-6
-1.405, 1.933e-6
-1.404, 1.905e-6
-1.403, 1.849e-6
-1.402, 1.795e-6
-1.401, 1.722e-6
-1.400, 1.688e-6
-1.399, 1.655e-6
-1.398, 1.634e-6
-1.397, 1.604e-6
-1.396, 1.560e-6
-1.395, 1.526e-6
-1.394, 1.473e-6
-1.393, 1.455e-6
-1.392, 1.390e-6
-1.391, 1.323e-6
-1.390, 1.315e-6
-1.389, 1.300e-6
-1.388, 1.296e-6
-1.387, 1.244e-6
-1.386, 1.162e-6
-1.385, 1.155e-6
-1.384, 1.113e-6
-1.383, 1.085e-6
-1.382, 1.068e-6
-1.381, 1.028e-6
-1.380, 1.019e-6
-1.379, 9.657e-7
-1.378, 9.667e-7
-1.377, 9.538e-7
-1.376, 8.927e-7
-1.375, 8.937e-7
-1.374, 8.937e-7
-1.373, 8.779e-7
-1.372, 7.999e-7
-1.371, 8.059e-7
-1.370, 8.009e-7
-1.369, 7.141e-7
-1.368, 7.279e-7
-1.367, 7.427e-7
-1.366, 6.381e-7
-1.365, 6.253e-7
-1.364, 5.740e-7
-1.363, 5.947e-7
-1.362, 5.592e-7
-1.361, 5.355e-7
-1.360, 5.207e-7
-1.359, 5.178e-7
-1.358, 5.030e-7
-1.357, 4.773e-7
-1.356, 4.694e-7
-1.355, 5.148e-7
-1.354, 5.109e-7
-1.353, 4.457e-7
-1.352, 4.349e-7
-1.351, 3.737e-7
-1.350, 3.579e-7
-1.349, 3.352e-7
-1.348, 3.185e-7
-1.347, 2.997e-7
-1.346, 3.274e-7
-1.345, 2.839e-7
-1.344, 2.652e-7
-1.343, 2.474e-7
-1.342, 2.465e-7
-1.341, 2.326e-7
-1.340, 1.961e-7
-1.339, 1.912e-7
-1.338, 1.725e-7
-1.337, 1.557e-7
-1.336, 1.241e-7
-1.335, 9.846e-8
-1.334, 8.366e-8
-1.333, 1.054e-7
-1.332, 1.202e-7
-1.331, 3.236e-8
-1.330, 4.913e-8
-1.329, 4.420e-8
-1.328, 2.151e-8
-1.327, -2.092e-8
-1.326, -8.090e-9
-1.325, -2.881e-8
-1.324, -1.204e-8
-1.323, -6.038e-8
-1.322, -6.827e-8
-1.321, -6.137e-8
-1.320, -8.110e-8
-1.319, -9.392e-8
-1.318, -9.392e-8
-1.317, -1.077e-7
-1.316, -1.354e-7
-1.315, -1.294e-7
-1.314, -1.413e-7
-1.313, -1.502e-7
-1.312, -1.699e-7
-1.311, -1.699e-7
-1.310, -2.054e-7
-1.309, -1.877e-7
-1.308, -2.182e-7
-1.307, -2.123e-7
-1.306, -2.380e-7
-1.305, -2.577e-7
-1.304, -2.498e-7
-1.303, -2.449e-7
-1.302, -2.567e-7
-1.301, -2.824e-7
-1.300, -2.804e-7
-1.299, -2.981e-7
-1.298, -2.942e-7
-1.297, -3.080e-7
-1.296, -3.218e-7
-1.295, -3.327e-7
-1.294, -3.199e-7
-1.293, -3.406e-7
-1.292, -3.682e-7
-1.291, -3.573e-7
-1.290, -3.741e-7
-1.289, -3.485e-7
-1.288, -3.425e-7
-1.287, -3.613e-7
-1.286, -4.027e-7
-1.285, -3.662e-7
-1.284, -3.919e-7
-1.283, -4.057e-7
-1.282, -4.077e-7
-1.281, -4.244e-7
-1.280, -4.205e-7
-1.279, -4.491e-7
-1.278, -4.274e-7
-1.277, -4.619e-7
-1.276, -4.728e-7
-1.275, -4.669e-7
-1.274, -4.728e-7
-1.273, -4.876e-7
-1.272, -4.738e-7
-1.271, -4.955e-7
-1.270, -4.807e-7
-1.269, -5.152e-7
-1.268, -5.103e-7
-1.267, -5.261e-7
-1.266, -5.280e-7
-1.265, -5.182e-7
-1.264, -5.517e-7
-1.263, -5.418e-7
-1.262, -5.409e-7
-1.261, -5.507e-7
-1.260, -5.438e-7
-1.259, -5.655e-7
-1.258, -5.645e-7
-1.257, -5.635e-7
-1.256, -5.823e-7
-1.255, -5.991e-7
-1.254, -5.961e-7
-1.253, -5.862e-7
-1.252, -5.931e-7
-1.251, -6.326e-7
-1.250, -6.099e-7
-1.249, -6.178e-7
-1.248, -6.435e-7
-1.247, -6.306e-7
-1.246, -6.178e-7
-1.245, -6.395e-7
-1.244, -6.444e-7
-1.243, -6.375e-7
-1.242, -6.474e-7
-1.241, -6.681e-7
-1.240, -6.602e-7
-1.239, -6.711e-7
-1.238, -6.592e-7
-1.237, -6.800e-7
-1.236, -6.809e-7
-1.235, -6.809e-7
-1.234, -6.809e-7
-1.233, -7.096e-7
-1.232, -7.086e-7
-1.231, -7.056e-7
-1.230, -7.076e-7
-1.229, -7.145e-7
-1.228, -7.234e-7
-1.227, -7.382e-7
-1.226, -7.283e-7
-1.225, -7.283e-7
-1.224, -7.520e-7
-1.223, -7.342e-7
-1.222, -7.569e-7
-1.221, -7.510e-7
-1.220, -7.569e-7
-1.219, -7.628e-7
-1.218, -7.688e-7
-1.217, -7.776e-7
-1.216, -7.895e-7
-1.215, -7.500e-7
-1.214, -7.826e-7
-1.213, -7.806e-7
-1.212, -7.826e-7
-1.211, -7.944e-7
-1.210, -7.845e-7
-1.209, -7.974e-7
-1.208, -8.053e-7
-1.207, -8.092e-7
-1.206, -8.033e-7
-1.205, -8.053e-7
-1.204, -8.309e-7
-1.203, -8.319e-7
-1.202, -8.220e-7
-1.201, -8.289e-7
-1.200, -8.201e-7
-1.199, -8.408e-7
-1.198, -8.299e-7
-1.197, -8.575e-7
-1.196, -8.427e-7
-1.195, -8.556e-7
-1.194, -8.457e-7
-1.193, -8.457e-7
-1.192, -8.427e-7
-1.191, -8.566e-7
-1.190, -8.645e-7
-1.189, -8.842e-7
-1.188, -8.615e-7
-1.187, -8.743e-7
-1.186, -8.753e-7
-1.185, -8.881e-7
-1.184, -8.773e-7
-1.183, -8.901e-7
-1.182, -9.000e-7
-1.181, -9.019e-7
-1.180, -8.862e-7
-1.179, -9.089e-7
-1.178, -9.069e-7
-1.177, -9.266e-7
-1.176, -9.246e-7
-1.175, -9.167e-7
-1.174, -9.355e-7
-1.173, -9.256e-7
-1.172, -9.167e-7
-1.171, -9.523e-7
-1.170, -9.345e-7
-1.169, -9.355e-7
-1.168, -9.335e-7
-1.167, -9.454e-7
-1.166, -9.552e-7
-1.165, -9.602e-7
-1.164, -9.592e-7
-1.163, -9.631e-7
-1.162, -9.789e-7
-1.161, -9.661e-7
-1.160, -9.720e-7
-1.159, -9.828e-7
-1.158, -9.907e-7
-1.157, -9.809e-7
-1.156, -1.001e-6
-1.155, -9.799e-7
-1.154, -9.947e-7
-1.153, -9.878e-7
-1.152, -1.012e-6
-1.151, -1.011e-6
-1.150, -1.008e-6
-1.149, -1.010e-6
-1.148, -1.022e-6
-1.147, -1.010e-6
-1.146, -1.034e-6
-1.145, -1.029e-6
-1.144, -1.013e-6
-1.143, -1.043e-6
-1.142, -1.044e-6
-1.141, -1.053e-6
-1.140, -1.055e-6
-1.139, -1.051e-6
-1.138, -1.054e-6
-1.137, -1.073e-6
-1.136, -1.070e-6
-1.135, -1.079e-6
-1.134, -1.075e-6
-1.133, -1.075e-6
-1.132, -1.064e-6
-1.131, -1.092e-6
-1.130, -1.098e-6
-1.129, -1.102e-6
-1.128, -1.091e-6
-1.127, -1.110e-6
-1.126, -1.119e-6
-1.125, -1.123e-6
-1.124, -1.119e-6
-1.123, -1.117e-6
-1.122, -1.127e-6
-1.121, -1.138e-6
-1.120, -1.136e-6
-1.119, -1.146e-6
-1.118, -1.142e-6
-1.117, -1.164e-6
-1.116, -1.158e-6
-1.115, -1.153e-6
-1.114, -1.173e-6
-1.113, -1.197e-6
-1.112, -1.187e-6
-1.111, -1.177e-6
-1.110, -1.183e-6
-1.109, -1.202e-6
-1.108, -1.196e-6
-1.107, -1.187e-6
-1.106, -1.194e-6
-1.105, -1.206e-6
-1.104, -1.224e-6
-1.103, -1.212e-6
-1.102, -1.221e-6
-1.101, -1.237e-6
-1.100, -1.220e-6
-1.099, -1.242e-6
-1.098, -1.239e-6
-1.097, -1.252e-6
-1.096, -1.257e-6
-1.095, -1.247e-6
-1.094, -1.259e-6
-1.093, -1.260e-6
-1.092, -1.274e-6
-1.091, -1.284e-6
-1.090, -1.280e-6
-1.089, -1.307e-6
-1.088, -1.292e-6
-1.087, -1.301e-6
-1.086, -1.298e-6
-1.085, -1.297e-6
-1.084, -1.321e-6
-1.083, -1.315e-6
-1.082, -1.313e-6
-1.081, -1.350e-6
-1.080, -1.338e-6
-1.079, -1.340e-6
-1.078, -1.334e-6
-1.077, -1.343e-6
-1.076, -1.355e-6
-1.075, -1.377e-6
-1.074, -1.372e-6
-1.073, -1.375e-6
-1.072, -1.375e-6
-1.071, -1.390e-6
-1.070, -1.388e-6
-1.069, -1.405e-6
-1.068, -1.404e-6
-1.067, -1.397e-6
-1.066, -1.425e-6
-1.065, -1.411e-6
-1.064, -1.433e-6
-1.063, -1.435e-6
-1.062, -1.444e-6
-1.061, -1.438e-6
-1.060, -1.450e-6
-1.059, -1.451e-6
-1.058, -1.440e-6
-1.057, -1.468e-6
-1.056, -1.479e-6
-1.055, -1.458e-6
-1.054, -1.487e-6
-1.053, -1.489e-6
-1.052, -1.490e-6
-1.051, -1.501e-6
-1.050, -1.491e-6
-1.049, -1.512e-6
-1.048, -1.512e-6
-1.047, -1.521e-6
-1.046, -1.537e-6
-1.045, -1.520e-6
-1.044, -1.553e-6
-1.043, -1.532e-6
-1.042, -1.540e-6
-1.041, -1.543e-6
-1.040, -1.569e-6
-1.039, -1.571e-6
-1.038, -1.585e-6
-1.037, -1.579e-6
-1.036, -1.600e-6
-1.035, -1.595e-6
-1.034, -1.600e-6
-1.033, -1.624e-6
-1.032, -1.629e-6
-1.031, -1.627e-6
-1.030, -1.639e-6
-1.029, -1.637e-6
-1.028, -1.646e-6
-1.027, -1.666e-6
-1.026, -1.686e-6
-1.025, -1.687e-6
-1.024, -1.694e-6
-1.023, -1.719e-6
-1.022, -1.723e-6
-1.021, -1.724e-6
-1.020, -1.706e-6
-1.019, -1.737e-6
-1.018, -1.725e-6
-1.017, -1.738e-6
-1.016, -1.765e-6
-1.015, -1.751e-6
-1.014, -1.771e-6
-1.013, -1.780e-6
-1.012, -1.776e-6
-1.011, -1.803e-6
-1.010, -1.792e-6
-1.009, -1.813e-6
-1.008, -1.799e-6
-1.007, -1.827e-6
-1.006, -1.828e-6
-1.005, -1.832e-6
-1.004, -1.834e-6
-1.003, -1.850e-6
-1.002, -1.843e-6
-1.001, -1.878e-6
