June 26, 2026   19:37:00
Cyclic Voltammetry
File: c:/users/guazh/data/20260623_doe_duplica2/2026-06-24-exp17\exp17-2026-06-26t19_16_57-arkoh\exp17_cv_sr_400mvs_efin_-1900mv.bin
Data Source:  Experiment
Instrument Model:  CHI760E
Header: CV ran at 400 mVs
Note: 

Init E (V) = -1
High E (V) = -1
Low E (V) = -1.9
Final E (V) = -1
Init P/N = N
Scan Rate (V/s) = 0.4
Segment = 3
Sample Interval (V) = 0.001
Quiet Time (sec) = 2
Sensitivity (A/V) = 0.01
Comp R (ohm) = 1.8

Results:

Channel 1:
Segment 1:

Segment 2:

Segment 3:

Potential/V, Current/A

-1.000, 1.559e-7
-1.001, 1.559e-7
-1.002, 1.559e-7
-1.003, 1.559e-7
-1.004, 1.559e-7
-1.005, 1.559e-7
-1.006, 1.559e-7
-1.007, 1.559e-7
-1.008, 1.559e-7
-1.009, 1.559e-7
-1.010, 1.559e-7
-1.011, 1.559e-7
-1.012, 1.559e-7
-1.013, 1.559e-7
-1.014, 1.559e-7
-1.015, 1.559e-7
-1.016, 1.559e-7
-1.017, 1.559e-7
-1.018, 1.559e-7
-1.019, 3.239e-6
-1.020, 3.239e-6
-1.021, 1.559e-7
-1.022, 1.559e-7
-1.023, 3.239e-6
-1.024, 3.239e-6
-1.025, 3.239e-6
-1.026, 3.239e-6
-1.027, 3.239e-6
-1.028, 3.239e-6
-1.029, 3.239e-6
-1.030, 3.239e-6
-1.031, 3.239e-6
-1.032, 3.239e-6
-1.033, 3.239e-6
-1.034, 3.239e-6
-1.035, 3.239e-6
-1.036, 3.239e-6
-1.037, 3.239e-6
-1.038, 3.239e-6
-1.039, 3.239e-6
-1.040, 3.239e-6
-1.041, 3.239e-6
-1.042, 3.239e-6
-1.043, 3.239e-6
-1.044, 3.239e-6
-1.045, 1.559e-7
-1.046, 3.239e-6
-1.047, 3.239e-6
-1.048, 3.239e-6
-1.049, 3.239e-6
-1.050, 3.239e-6
-1.051, 3.239e-6
-1.052, 3.239e-6
-1.053, 3.239e-6
-1.054, 3.239e-6
-1.055, 3.239e-6
-1.056, 3.239e-6
-1.057, 3.239e-6
-1.058, 3.239e-6
-1.059, 3.239e-6
-1.060, 3.239e-6
-1.061, 3.239e-6
-1.062, 3.239e-6
-1.063, 3.239e-6
-1.064, 3.239e-6
-1.065, 3.239e-6
-1.066, 3.239e-6
-1.067, 3.239e-6
-1.068, 3.239e-6
-1.069, 3.239e-6
-1.070, 3.239e-6
-1.071, 3.239e-6
-1.072, 3.239e-6
-1.073, 3.239e-6
-1.074, 3.239e-6
-1.075, 3.239e-6
-1.076, 3.239e-6
-1.077, 3.239e-6
-1.078, 3.239e-6
-1.079, 3.239e-6
-1.080, 3.239e-6
-1.081, 3.239e-6
-1.082, 3.239e-6
-1.083, 3.239e-6
-1.084, 3.239e-6
-1.085, 3.239e-6
-1.086, 3.239e-6
-1.087, 3.239e-6
-1.088, 3.239e-6
-1.089, 3.239e-6
-1.090, 3.239e-6
-1.091, 3.239e-6
-1.092, 3.239e-6
-1.093, 3.239e-6
-1.094, 3.239e-6
-1.095, 3.239e-6
-1.096, 3.239e-6
-1.097, 3.239e-6
-1.098, 3.239e-6
-1.099, 3.239e-6
-1.100, 3.239e-6
-1.101, 3.239e-6
-1.102, 3.239e-6
-1.103, 3.239e-6
-1.104, 3.239e-6
-1.105, 3.239e-6
-1.106, 3.239e-6
-1.107, 3.239e-6
-1.108, 3.239e-6
-1.109, 3.239e-6
-1.110, 3.239e-6
-1.111, 3.239e-6
-1.112, 3.239e-6
-1.113, 3.239e-6
-1.114, 3.239e-6
-1.115, 3.239e-6
-1.116, 3.239e-6
-1.117, 3.239e-6
-1.118, 3.239e-6
-1.119, 6.322e-6
-1.120, 3.239e-6
-1.121, 3.239e-6
-1.122, 3.239e-6
-1.123, 3.239e-6
-1.124, 6.322e-6
-1.125, 3.239e-6
-1.126, 6.322e-6
-1.127, 6.322e-6
-1.128, 3.239e-6
-1.129, 3.239e-6
-1.130, 6.322e-6
-1.131, 6.322e-6
-1.132, 3.239e-6
-1.133, 3.239e-6
-1.134, 6.322e-6
-1.135, 3.239e-6
-1.136, 3.239e-6
-1.137, 6.322e-6
-1.138, 3.239e-6
-1.139, 3.239e-6
-1.140, 3.239e-6
-1.141, 6.322e-6
-1.142, 6.322e-6
-1.143, 3.239e-6
-1.144, 6.322e-6
-1.145, 3.239e-6
-1.146, 3.239e-6
-1.147, 6.322e-6
-1.148, 6.322e-6
-1.149, 6.322e-6
-1.150, 3.239e-6
-1.151, 6.322e-6
-1.152, 6.322e-6
-1.153, 6.322e-6
-1.154, 6.322e-6
-1.155, 6.322e-6
-1.156, 6.322e-6
-1.157, 6.322e-6
-1.158, 6.322e-6
-1.159, 6.322e-6
-1.160, 6.322e-6
-1.161, 6.322e-6
-1.162, 6.322e-6
-1.163, 6.322e-6
-1.164, 6.322e-6
-1.165, 6.322e-6
-1.166, 6.322e-6
-1.167, 6.322e-6
-1.168, 6.322e-6
-1.169, 6.322e-6
-1.170, 6.322e-6
-1.171, 6.322e-6
-1.172, 3.239e-6
-1.173, 3.239e-6
-1.174, 3.239e-6
-1.175, 6.322e-6
-1.176, 6.322e-6
-1.177, 6.322e-6
-1.178, 6.322e-6
-1.179, 6.322e-6
-1.180, 6.322e-6
-1.181, 6.322e-6
-1.182, 6.322e-6
-1.183, 6.322e-6
-1.184, 6.322e-6
-1.185, 6.322e-6
-1.186, 6.322e-6
-1.187, 6.322e-6
-1.188, 6.322e-6
-1.189, 6.322e-6
-1.190, 6.322e-6
-1.191, 6.322e-6
-1.192, 6.322e-6
-1.193, 6.322e-6
-1.194, 6.322e-6
-1.195, 6.322e-6
-1.196, 6.322e-6
-1.197, 6.322e-6
-1.198, 6.322e-6
-1.199, 6.322e-6
-1.200, 6.322e-6
-1.201, 6.322e-6
-1.202, 6.322e-6
-1.203, 6.322e-6
-1.204, 6.322e-6
-1.205, 6.322e-6
-1.206, 6.322e-6
-1.207, 6.322e-6
-1.208, 6.322e-6
-1.209, 6.322e-6
-1.210, 6.322e-6
-1.211, 6.322e-6
-1.212, 6.322e-6
-1.213, 6.322e-6
-1.214, 6.322e-6
-1.215, 6.322e-6
-1.216, 6.322e-6
-1.217, 6.322e-6
-1.218, 6.322e-6
-1.219, 6.322e-6
-1.220, 6.322e-6
-1.221, 6.322e-6
-1.222, 6.322e-6
-1.223, 6.322e-6
-1.224, 6.322e-6
-1.225, 6.322e-6
-1.226, 6.322e-6
-1.227, 6.322e-6
-1.228, 6.322e-6
-1.229, 6.322e-6
-1.230, 6.322e-6
-1.231, 6.322e-6
-1.232, 6.322e-6
-1.233, 6.322e-6
-1.234, 6.322e-6
-1.235, 6.322e-6
-1.236, 6.322e-6
-1.237, 6.322e-6
-1.238, 6.322e-6
-1.239, 6.322e-6
-1.240, 6.322e-6
-1.241, 6.322e-6
-1.242, 6.322e-6
-1.243, 6.322e-6
-1.244, 6.322e-6
-1.245, 6.322e-6
-1.246, 6.322e-6
-1.247, 9.405e-6
-1.248, 6.322e-6
-1.249, 6.322e-6
-1.250, 6.322e-6
-1.251, 6.322e-6
-1.252, 6.322e-6
-1.253, 6.322e-6
-1.254, 6.322e-6
-1.255, 6.322e-6
-1.256, 6.322e-6
-1.257, 6.322e-6
-1.258, 6.322e-6
-1.259, 9.405e-6
-1.260, 6.322e-6
-1.261, 6.322e-6
-1.262, 6.322e-6
-1.263, 6.322e-6
-1.264, 6.322e-6
-1.265, 6.322e-6
-1.266, 6.322e-6
-1.267, 6.322e-6
-1.268, 6.322e-6
-1.269, 9.405e-6
-1.270, 6.322e-6
-1.271, 6.322e-6
-1.272, 6.322e-6
-1.273, 9.405e-6
-1.274, 9.405e-6
-1.275, 6.322e-6
-1.276, 9.405e-6
-1.277, 9.405e-6
-1.278, 6.322e-6
-1.279, 6.322e-6
-1.280, 9.405e-6
-1.281, 6.322e-6
-1.282, 6.322e-6
-1.283, 9.405e-6
-1.284, 6.322e-6
-1.285, 9.405e-6
-1.286, 9.405e-6
-1.287, 9.405e-6
-1.288, 9.405e-6
-1.289, 6.322e-6
-1.290, 9.405e-6
-1.291, 9.405e-6
-1.292, 9.405e-6
-1.293, 6.322e-6
-1.294, 6.322e-6
-1.295, 6.322e-6
-1.296, 9.405e-6
-1.297, 9.405e-6
-1.298, 6.322e-6
-1.299, 6.322e-6
-1.300, 9.405e-6
-1.301, 9.405e-6
-1.302, 9.405e-6
-1.303, 9.405e-6
-1.304, 9.405e-6
-1.305, 9.405e-6
-1.306, 9.405e-6
-1.307, 9.405e-6
-1.308, 9.405e-6
-1.309, 9.405e-6
-1.310, 9.405e-6
-1.311, 9.405e-6
-1.312, 9.405e-6
-1.313, 9.405e-6
-1.314, 9.405e-6
-1.315, 9.405e-6
-1.316, 6.322e-6
-1.317, 9.405e-6
-1.318, 9.405e-6
-1.319, 9.405e-6
-1.320, 9.405e-6
-1.321, 9.405e-6
-1.322, 9.405e-6
-1.323, 9.405e-6
-1.324, 9.405e-6
-1.325, 9.405e-6
-1.326, 9.405e-6
-1.327, 9.405e-6
-1.328, 9.405e-6
-1.329, 9.405e-6
-1.330, 9.405e-6
-1.331, 9.405e-6
-1.332, 9.405e-6
-1.333, 9.405e-6
-1.334, 9.405e-6
-1.335, 9.405e-6
-1.336, 9.405e-6
-1.337, 9.405e-6
-1.338, 9.405e-6
-1.339, 9.405e-6
-1.340, 9.405e-6
-1.341, 9.405e-6
-1.342, 9.405e-6
-1.343, 9.405e-6
-1.344, 9.405e-6
-1.345, 9.405e-6
-1.346, 9.405e-6
-1.347, 9.405e-6
-1.348, 9.405e-6
-1.349, 9.405e-6
-1.350, 9.405e-6
-1.351, 9.405e-6
-1.352, 9.405e-6
-1.353, 9.405e-6
-1.354, 9.405e-6
-1.355, 9.405e-6
-1.356, 9.405e-6
-1.357, 9.405e-6
-1.358, 9.405e-6
-1.359, 9.405e-6
-1.360, 9.405e-6
-1.361, 9.405e-6
-1.362, 9.405e-6
-1.363, 9.405e-6
-1.364, 1.249e-5
-1.365, 9.405e-6
-1.366, 9.405e-6
-1.367, 1.249e-5
-1.368, 9.405e-6
-1.369, 9.405e-6
-1.370, 1.249e-5
-1.371, 9.405e-6
-1.372, 9.405e-6
-1.373, 1.249e-5
-1.374, 1.249e-5
-1.375, 1.249e-5
-1.376, 1.249e-5
-1.377, 9.405e-6
-1.378, 1.249e-5
-1.379, 1.249e-5
-1.380, 1.249e-5
-1.381, 9.405e-6
-1.382, 9.405e-6
-1.383, 1.249e-5
-1.384, 1.249e-5
-1.385, 1.249e-5
-1.386, 9.405e-6
-1.387, 1.249e-5
-1.388, 1.249e-5
-1.389, 9.405e-6
-1.390, 1.249e-5
-1.391, 1.249e-5
-1.392, 1.249e-5
-1.393, 1.249e-5
-1.394, 1.249e-5
-1.395, 1.249e-5
-1.396, 1.249e-5
-1.397, 1.249e-5
-1.398, 1.249e-5
-1.399, 1.249e-5
-1.400, 1.249e-5
-1.401, 1.249e-5
-1.402, 1.249e-5
-1.403, 1.249e-5
-1.404, 1.249e-5
-1.405, 1.249e-5
-1.406, 1.249e-5
-1.407, 1.249e-5
-1.408, 1.249e-5
-1.409, 1.249e-5
-1.410, 1.249e-5
-1.411, 1.249e-5
-1.412, 1.249e-5
-1.413, 1.557e-5
-1.414, 1.249e-5
-1.415, 1.249e-5
-1.416, 1.249e-5
-1.417, 1.557e-5
-1.418, 1.249e-5
-1.419, 1.249e-5
-1.420, 1.557e-5
-1.421, 1.249e-5
-1.422, 1.249e-5
-1.423, 1.249e-5
-1.424, 1.557e-5
-1.425, 1.557e-5
-1.426, 1.557e-5
-1.427, 1.557e-5
-1.428, 1.557e-5
-1.429, 1.557e-5
-1.430, 1.557e-5
-1.431, 1.557e-5
-1.432, 1.557e-5
-1.433, 1.557e-5
-1.434, 1.557e-5
-1.435, 1.557e-5
-1.436, 1.557e-5
-1.437, 1.865e-5
-1.438, 1.865e-5
-1.439, 1.557e-5
-1.440, 1.865e-5
-1.441, 1.865e-5
-1.442, 1.865e-5
-1.443, 1.865e-5
-1.444, 1.865e-5
-1.445, 1.865e-5
-1.446, 1.865e-5
-1.447, 1.865e-5
-1.448, 1.865e-5
-1.449, 1.865e-5
-1.450, 1.865e-5
-1.451, 1.865e-5
-1.452, 1.865e-5
-1.453, 1.865e-5
-1.454, 1.865e-5
-1.455, 1.865e-5
-1.456, 1.865e-5
-1.457, 2.174e-5
-1.458, 2.174e-5
-1.459, 2.174e-5
-1.460, 2.174e-5
-1.461, 2.174e-5
-1.462, 2.174e-5
-1.463, 2.174e-5
-1.464, 2.174e-5
-1.465, 2.174e-5
-1.466, 2.482e-5
-1.467, 2.482e-5
-1.468, 2.482e-5
-1.469, 2.482e-5
-1.470, 2.482e-5
-1.471, 2.482e-5
-1.472, 2.482e-5
-1.473, 2.790e-5
-1.474, 2.482e-5
-1.475, 2.790e-5
-1.476, 2.790e-5
-1.477, 2.790e-5
-1.478, 2.790e-5
-1.479, 2.790e-5
-1.480, 2.790e-5
-1.481, 2.790e-5
-1.482, 2.790e-5
-1.483, 2.790e-5
-1.484, 3.099e-5
-1.485, 3.099e-5
-1.486, 3.099e-5
-1.487, 3.099e-5
-1.488, 3.099e-5
-1.489, 3.407e-5
-1.490, 3.407e-5
-1.491, 3.407e-5
-1.492, 3.407e-5
-1.493, 3.407e-5
-1.494, 3.407e-5
-1.495, 3.715e-5
-1.496, 3.715e-5
-1.497, 3.715e-5
-1.498, 3.715e-5
-1.499, 3.715e-5
-1.500, 4.024e-5
-1.501, 4.024e-5
-1.502, 4.024e-5
-1.503, 4.024e-5
-1.504, 4.332e-5
-1.505, 4.024e-5
-1.506, 4.332e-5
-1.507, 4.332e-5
-1.508, 4.332e-5
-1.509, 4.640e-5
-1.510, 4.640e-5
-1.511, 4.640e-5
-1.512, 4.640e-5
-1.513, 4.640e-5
-1.514, 4.949e-5
-1.515, 4.949e-5
-1.516, 4.949e-5
-1.517, 4.949e-5
-1.518, 5.257e-5
-1.519, 5.257e-5
-1.520, 5.257e-5
-1.521, 5.257e-5
-1.522, 5.565e-5
-1.523, 5.565e-5
-1.524, 5.565e-5
-1.525, 5.565e-5
-1.526, 5.873e-5
-1.527, 5.873e-5
-1.528, 6.182e-5
-1.529, 6.182e-5
-1.530, 6.182e-5
-1.531, 6.182e-5
-1.532, 6.490e-5
-1.533, 6.798e-5
-1.534, 6.798e-5
-1.535, 6.798e-5
-1.536, 6.798e-5
-1.537, 7.107e-5
-1.538, 7.107e-5
-1.539, 7.107e-5
-1.540, 7.415e-5
-1.541, 7.415e-5
-1.542, 7.415e-5
-1.543, 7.723e-5
-1.544, 7.723e-5
-1.545, 8.032e-5
-1.546, 8.032e-5
-1.547, 8.032e-5
-1.548, 8.340e-5
-1.549, 8.340e-5
-1.550, 8.648e-5
-1.551, 8.648e-5
-1.552, 8.957e-5
-1.553, 8.957e-5
-1.554, 9.265e-5
-1.555, 9.265e-5
-1.556, 9.265e-5
-1.557, 9.573e-5
-1.558, 9.573e-5
-1.559, 9.882e-5
-1.560, 1.019e-4
-1.561, 1.019e-4
-1.562, 1.050e-4
-1.563, 1.050e-4
-1.564, 1.081e-4
-1.565, 1.081e-4
-1.566, 1.081e-4
-1.567, 1.111e-4
-1.568, 1.111e-4
-1.569, 1.142e-4
-1.570, 1.173e-4
-1.571, 1.204e-4
-1.572, 1.235e-4
-1.573, 1.266e-4
-1.574, 1.266e-4
-1.575, 1.296e-4
-1.576, 1.296e-4
-1.577, 1.327e-4
-1.578, 1.327e-4
-1.579, 1.358e-4
-1.580, 1.389e-4
-1.581, 1.420e-4
-1.582, 1.420e-4
-1.583, 1.420e-4
-1.584, 1.451e-4
-1.585, 1.481e-4
-1.586, 1.543e-4
-1.587, 1.543e-4
-1.588, 1.543e-4
-1.589, 1.574e-4
-1.590, 1.605e-4
-1.591, 1.636e-4
-1.592, 1.666e-4
-1.593, 1.697e-4
-1.594, 1.728e-4
-1.595, 1.728e-4
-1.596, 1.790e-4
-1.597, 1.790e-4
-1.598, 1.821e-4
-1.599, 1.913e-4
-1.600, 1.944e-4
-1.601, 1.944e-4
-1.602, 1.975e-4
-1.603, 2.036e-4
-1.604, 2.067e-4
-1.605, 2.098e-4
-1.606, 2.129e-4
-1.607, 2.160e-4
-1.608, 2.191e-4
-1.609, 2.221e-4
-1.610, 2.252e-4
-1.611, 2.314e-4
-1.612, 2.345e-4
-1.613, 2.376e-4
-1.614, 2.406e-4
-1.615, 2.437e-4
-1.616, 2.499e-4
-1.617, 2.530e-4
-1.618, 2.561e-4
-1.619, 2.622e-4
-1.620, 2.653e-4
-1.621, 2.684e-4
-1.622, 2.746e-4
-1.623, 2.807e-4
-1.624, 2.838e-4
-1.625, 2.900e-4
-1.626, 2.931e-4
-1.627, 2.992e-4
-1.628, 3.054e-4
-1.629, 3.085e-4
-1.630, 3.146e-4
-1.631, 3.208e-4
-1.632, 3.270e-4
-1.633, 3.331e-4
-1.634, 3.393e-4
-1.635, 3.455e-4
-1.636, 3.516e-4
-1.637, 3.547e-4
-1.638, 3.609e-4
-1.639, 3.670e-4
-1.640, 3.763e-4
-1.641, 3.794e-4
-1.642, 3.855e-4
-1.643, 3.917e-4
-1.644, 4.010e-4
-1.645, 4.071e-4
-1.646, 4.133e-4
-1.647, 4.195e-4
-1.648, 4.256e-4
-1.649, 4.318e-4
-1.650, 4.410e-4
-1.651, 4.503e-4
-1.652, 4.595e-4
-1.653, 4.657e-4
-1.654, 4.750e-4
-1.655, 4.780e-4
-1.656, 4.873e-4
-1.657, 4.965e-4
-1.658, 5.027e-4
-1.659, 5.120e-4
-1.660, 5.212e-4
-1.661, 5.305e-4
-1.662, 5.397e-4
-1.663, 5.489e-4
-1.664, 5.582e-4
-1.665, 5.705e-4
-1.666, 5.798e-4
-1.667, 5.890e-4
-1.668, 5.983e-4
-1.669, 6.106e-4
-1.670, 6.199e-4
-1.671, 6.322e-4
-1.672, 6.414e-4
-1.673, 6.538e-4
-1.674, 6.630e-4
-1.675, 6.723e-4
-1.676, 6.846e-4
-1.677, 6.969e-4
-1.678, 7.093e-4
-1.679, 7.247e-4
-1.680, 7.339e-4
-1.681, 7.463e-4
-1.682, 7.586e-4
-1.683, 7.740e-4
-1.684, 7.833e-4
-1.685, 7.987e-4
-1.686, 8.141e-4
-1.687, 8.295e-4
-1.688, 8.449e-4
-1.689, 8.573e-4
-1.690, 8.727e-4
-1.691, 8.881e-4
-1.692, 9.035e-4
-1.693, 9.189e-4
-1.694, 9.343e-4
-1.695, 9.498e-4
-1.696, 9.652e-4
-1.697, 9.806e-4
-1.698, 9.991e-4
-1.699, 1.014e-3
-1.700, 1.036e-3
-1.701, 1.055e-3
-1.702, 1.070e-3
-1.703, 1.085e-3
-1.704, 1.104e-3
-1.705, 1.122e-3
-1.706, 1.141e-3
-1.707, 1.162e-3
-1.708, 1.181e-3
-1.709, 1.203e-3
-1.710, 1.221e-3
-1.711, 1.240e-3
-1.712, 1.261e-3
-1.713, 1.283e-3
-1.714, 1.301e-3
-1.715, 1.326e-3
-1.716, 1.351e-3
-1.717, 1.372e-3
-1.718, 1.394e-3
-1.719, 1.418e-3
-1.720, 1.443e-3
-1.721, 1.468e-3
-1.722, 1.495e-3
-1.723, 1.520e-3
-1.724, 1.548e-3
-1.725, 1.569e-3
-1.726, 1.597e-3
-1.727, 1.628e-3
-1.728, 1.653e-3
-1.729, 1.680e-3
-1.730, 1.711e-3
-1.731, 1.739e-3
-1.732, 1.770e-3
-1.733, 1.801e-3
-1.734, 1.832e-3
-1.735, 1.859e-3
-1.736, 1.893e-3
-1.737, 1.924e-3
-1.738, 1.955e-3
-1.739, 1.989e-3
-1.740, 2.023e-3
-1.741, 2.054e-3
-1.742, 2.084e-3
-1.743, 2.118e-3
-1.744, 2.152e-3
-1.745, 2.189e-3
-1.746, 2.226e-3
-1.747, 2.266e-3
-1.748, 2.297e-3
-1.749, 2.331e-3
-1.750, 2.371e-3
-1.751, 2.408e-3
-1.752, 2.448e-3
-1.753, 2.488e-3
-1.754, 2.525e-3
-1.755, 2.562e-3
-1.756, 2.605e-3
-1.757, 2.645e-3
-1.758, 2.686e-3
-1.759, 2.732e-3
-1.760, 2.769e-3
-1.761, 2.812e-3
-1.762, 2.864e-3
-1.763, 2.901e-3
-1.764, 2.948e-3
-1.765, 2.991e-3
-1.766, 3.034e-3
-1.767, 3.080e-3
-1.768, 3.123e-3
-1.769, 3.173e-3
-1.770, 3.219e-3
-1.771, 3.268e-3
-1.772, 3.314e-3
-1.773, 3.361e-3
-1.774, 3.413e-3
-1.775, 3.459e-3
-1.776, 3.518e-3
-1.777, 3.564e-3
-1.778, 3.617e-3
-1.779, 3.666e-3
-1.780, 3.725e-3
-1.781, 3.771e-3
-1.782, 3.826e-3
-1.783, 3.882e-3
-1.784, 3.931e-3
-1.785, 3.987e-3
-1.786, 4.042e-3
-1.787, 4.098e-3
-1.788, 4.147e-3
-1.789, 4.206e-3
-1.790, 4.261e-3
-1.791, 4.323e-3
-1.792, 4.375e-3
-1.793, 4.428e-3
-1.794, 4.489e-3
-1.795, 4.545e-3
-1.796, 4.603e-3
-1.797, 4.662e-3
-1.798, 4.717e-3
-1.799, 4.782e-3
-1.800, 4.838e-3
-1.801, 4.902e-3
-1.802, 4.958e-3
-1.803, 5.013e-3
-1.804, 5.069e-3
-1.805, 5.130e-3
-1.806, 5.189e-3
-1.807, 5.248e-3
-1.808, 5.300e-3
-1.809, 5.356e-3
-1.810, 5.417e-3
-1.811, 5.479e-3
-1.812, 5.547e-3
-1.813, 5.608e-3
-1.814, 5.670e-3
-1.815, 5.738e-3
-1.816, 5.806e-3
-1.817, 5.870e-3
-1.818, 5.941e-3
-1.819, 6.006e-3
-1.820, 6.074e-3
-1.821, 6.139e-3
-1.822, 6.216e-3
-1.823, 6.274e-3
-1.824, 6.348e-3
-1.825, 6.416e-3
-1.826, 6.496e-3
-1.827, 6.567e-3
-1.828, 6.638e-3
-1.829, 6.709e-3
-1.830, 6.783e-3
-1.831, 6.857e-3
-1.832, 6.928e-3
-1.833, 6.999e-3
-1.834, 7.067e-3
-1.835, 7.131e-3
-1.836, 7.208e-3
-1.837, 7.286e-3
-1.838, 7.350e-3
-1.839, 7.415e-3
-1.840, 7.489e-3
-1.841, 7.548e-3
-1.842, 7.615e-3
-1.843, 7.686e-3
-1.844, 7.751e-3
-1.845, 7.813e-3
-1.846, 7.884e-3
-1.847, 7.951e-3
-1.848, 8.019e-3
-1.849, 8.087e-3
-1.850, 8.152e-3
-1.851, 8.214e-3
-1.852, 8.278e-3
-1.853, 8.343e-3
-1.854, 8.408e-3
-1.855, 8.473e-3
-1.856, 8.540e-3
-1.857, 8.608e-3
-1.858, 8.676e-3
-1.859, 8.747e-3
-1.860, 8.824e-3
-1.861, 8.904e-3
-1.862, 8.981e-3
-1.863, 9.052e-3
-1.864, 9.120e-3
-1.865, 9.194e-3
-1.866, 9.265e-3
-1.867, 9.342e-3
-1.868, 9.413e-3
-1.869, 9.481e-3
-1.870, 9.555e-3
-1.871, 9.638e-3
-1.872, 9.718e-3
-1.873, 9.801e-3
-1.874, 9.882e-3
-1.875, 9.959e-3
-1.876, 1.003e-2
-1.877, 1.011e-2
-1.878, 1.019e-2
-1.879, 1.027e-2
-1.880, 1.036e-2
-1.881, 1.045e-2
-1.882, 1.053e-2
-1.883, 1.062e-2
-1.884, 1.069e-2
-1.885, 1.074e-2
-1.886, 1.082e-2
-1.887, 1.091e-2
-1.888, 1.098e-2
-1.889, 1.105e-2
-1.890, 1.113e-2
-1.891, 1.118e-2
-1.892, 1.124e-2
-1.893, 1.131e-2
-1.894, 1.136e-2
-1.895, 1.143e-2
-1.896, 1.149e-2
-1.897, 1.158e-2
-1.898, 1.169e-2
-1.899, 1.177e-2
-1.900, 1.179e-2
-1.899, 1.174e-2
-1.898, 1.169e-2
-1.897, 1.166e-2
-1.896, 1.160e-2
-1.895, 1.156e-2
-1.894, 1.151e-2
-1.893, 1.147e-2
-1.892, 1.143e-2
-1.891, 1.138e-2
-1.890, 1.133e-2
-1.889, 1.128e-2
-1.888, 1.122e-2
-1.887, 1.118e-2
-1.886, 1.113e-2
-1.885, 1.109e-2
-1.884, 1.105e-2
-1.883, 1.100e-2
-1.882, 1.094e-2
-1.881, 1.088e-2
-1.880, 1.083e-2
-1.879, 1.076e-2
-1.878, 1.069e-2
-1.877, 1.062e-2
-1.876, 1.056e-2
-1.875, 1.051e-2
-1.874, 1.045e-2
-1.873, 1.039e-2
-1.872, 1.034e-2
-1.871, 1.029e-2
-1.870, 1.023e-2
-1.869, 1.017e-2
-1.868, 1.012e-2
-1.867, 1.006e-2
-1.866, 9.996e-3
-1.865, 9.928e-3
-1.864, 9.866e-3
-1.863, 9.804e-3
-1.862, 9.749e-3
-1.861, 9.693e-3
-1.860, 9.653e-3
-1.859, 9.595e-3
-1.858, 9.542e-3
-1.857, 9.493e-3
-1.856, 9.428e-3
-1.855, 9.360e-3
-1.854, 9.302e-3
-1.853, 9.231e-3
-1.852, 9.163e-3
-1.851, 9.101e-3
-1.850, 9.055e-3
-1.849, 8.997e-3
-1.848, 8.941e-3
-1.847, 8.892e-3
-1.846, 8.824e-3
-1.845, 8.778e-3
-1.844, 8.732e-3
-1.843, 8.667e-3
-1.842, 8.587e-3
-1.841, 8.540e-3
-1.840, 8.485e-3
-1.839, 8.423e-3
-1.838, 8.362e-3
-1.837, 8.288e-3
-1.836, 8.223e-3
-1.835, 8.177e-3
-1.834, 8.118e-3
-1.833, 8.081e-3
-1.832, 8.032e-3
-1.831, 7.973e-3
-1.830, 7.911e-3
-1.829, 7.853e-3
-1.828, 7.797e-3
-1.827, 7.736e-3
-1.826, 7.674e-3
-1.825, 7.612e-3
-1.824, 7.554e-3
-1.823, 7.501e-3
-1.822, 7.446e-3
-1.821, 7.387e-3
-1.820, 7.344e-3
-1.819, 7.307e-3
-1.818, 7.270e-3
-1.817, 7.215e-3
-1.816, 7.156e-3
-1.815, 7.107e-3
-1.814, 7.054e-3
-1.813, 7.017e-3
-1.812, 6.971e-3
-1.811, 6.925e-3
-1.810, 6.885e-3
-1.809, 6.835e-3
-1.808, 6.786e-3
-1.807, 6.734e-3
-1.806, 6.687e-3
-1.805, 6.638e-3
-1.804, 6.592e-3
-1.803, 6.543e-3
-1.802, 6.499e-3
-1.801, 6.447e-3
-1.800, 6.395e-3
-1.799, 6.342e-3
-1.798, 6.293e-3
-1.797, 6.237e-3
-1.796, 6.194e-3
-1.795, 6.148e-3
-1.794, 6.095e-3
-1.793, 6.034e-3
-1.792, 5.978e-3
-1.791, 5.926e-3
-1.790, 5.877e-3
-1.789, 5.824e-3
-1.788, 5.781e-3
-1.787, 5.738e-3
-1.786, 5.692e-3
-1.785, 5.639e-3
-1.784, 5.584e-3
-1.783, 5.531e-3
-1.782, 5.476e-3
-1.781, 5.420e-3
-1.780, 5.374e-3
-1.779, 5.328e-3
-1.778, 5.288e-3
-1.777, 5.245e-3
-1.776, 5.198e-3
-1.775, 5.149e-3
-1.774, 5.100e-3
-1.773, 5.053e-3
-1.772, 5.004e-3
-1.771, 4.949e-3
-1.770, 4.902e-3
-1.769, 4.856e-3
-1.768, 4.819e-3
-1.767, 4.776e-3
-1.766, 4.736e-3
-1.765, 4.693e-3
-1.764, 4.649e-3
-1.763, 4.609e-3
-1.762, 4.569e-3
-1.761, 4.529e-3
-1.760, 4.486e-3
-1.759, 4.443e-3
-1.758, 4.397e-3
-1.757, 4.357e-3
-1.756, 4.317e-3
-1.755, 4.273e-3
-1.754, 4.239e-3
-1.753, 4.199e-3
-1.752, 4.165e-3
-1.751, 4.125e-3
-1.750, 4.088e-3
-1.749, 4.054e-3
-1.748, 4.008e-3
-1.747, 3.962e-3
-1.746, 3.916e-3
-1.745, 3.876e-3
-1.744, 3.836e-3
-1.743, 3.795e-3
-1.742, 3.758e-3
-1.741, 3.718e-3
-1.740, 3.675e-3
-1.739, 3.632e-3
-1.738, 3.598e-3
-1.737, 3.555e-3
-1.736, 3.512e-3
-1.735, 3.475e-3
-1.734, 3.441e-3
-1.733, 3.401e-3
-1.732, 3.367e-3
-1.731, 3.330e-3
-1.730, 3.293e-3
-1.729, 3.259e-3
-1.728, 3.225e-3
-1.727, 3.191e-3
-1.726, 3.163e-3
-1.725, 3.123e-3
-1.724, 3.086e-3
-1.723, 3.056e-3
-1.722, 3.025e-3
-1.721, 2.985e-3
-1.720, 2.954e-3
-1.719, 2.923e-3
-1.718, 2.886e-3
-1.717, 2.852e-3
-1.716, 2.818e-3
-1.715, 2.787e-3
-1.714, 2.750e-3
-1.713, 2.719e-3
-1.712, 2.689e-3
-1.711, 2.658e-3
-1.710, 2.627e-3
-1.709, 2.593e-3
-1.708, 2.562e-3
-1.707, 2.531e-3
-1.706, 2.504e-3
-1.705, 2.473e-3
-1.704, 2.445e-3
-1.703, 2.414e-3
-1.702, 2.383e-3
-1.701, 2.356e-3
-1.700, 2.331e-3
-1.699, 2.300e-3
-1.698, 2.269e-3
-1.697, 2.242e-3
-1.696, 2.214e-3
-1.695, 2.186e-3
-1.694, 2.164e-3
-1.693, 2.134e-3
-1.692, 2.109e-3
-1.691, 2.081e-3
-1.690, 2.057e-3
-1.689, 2.026e-3
-1.688, 2.001e-3
-1.687, 1.976e-3
-1.686, 1.949e-3
-1.685, 1.924e-3
-1.684, 1.899e-3
-1.683, 1.878e-3
-1.682, 1.850e-3
-1.681, 1.825e-3
-1.680, 1.801e-3
-1.679, 1.773e-3
-1.678, 1.751e-3
-1.677, 1.727e-3
-1.676, 1.705e-3
-1.675, 1.680e-3
-1.674, 1.659e-3
-1.673, 1.634e-3
-1.672, 1.613e-3
-1.671, 1.591e-3
-1.670, 1.566e-3
-1.669, 1.545e-3
-1.668, 1.523e-3
-1.667, 1.502e-3
-1.666, 1.480e-3
-1.665, 1.462e-3
-1.664, 1.443e-3
-1.663, 1.418e-3
-1.662, 1.400e-3
-1.661, 1.381e-3
-1.660, 1.360e-3
-1.659, 1.341e-3
-1.658, 1.323e-3
-1.657, 1.301e-3
-1.656, 1.283e-3
-1.655, 1.267e-3
-1.654, 1.246e-3
-1.653, 1.230e-3
-1.652, 1.212e-3
-1.651, 1.193e-3
-1.650, 1.178e-3
-1.649, 1.159e-3
-1.648, 1.144e-3
-1.647, 1.129e-3
-1.646, 1.110e-3
-1.645, 1.092e-3
-1.644, 1.076e-3
-1.643, 1.058e-3
-1.642, 1.042e-3
-1.641, 1.024e-3
-1.640, 1.008e-3
-1.639, 9.960e-4
-1.638, 9.775e-4
-1.637, 9.621e-4
-1.636, 9.498e-4
-1.635, 9.343e-4
-1.634, 9.158e-4
-1.633, 9.035e-4
-1.632, 8.912e-4
-1.631, 8.758e-4
-1.630, 8.603e-4
-1.629, 8.480e-4
-1.628, 8.326e-4
-1.627, 8.172e-4
-1.626, 8.048e-4
-1.625, 7.925e-4
-1.624, 7.802e-4
-1.623, 7.679e-4
-1.622, 7.524e-4
-1.621, 7.401e-4
-1.620, 7.278e-4
-1.619, 7.154e-4
-1.618, 7.031e-4
-1.617, 6.939e-4
-1.616, 6.815e-4
-1.615, 6.692e-4
-1.614, 6.569e-4
-1.613, 6.476e-4
-1.612, 6.353e-4
-1.611, 6.260e-4
-1.610, 6.137e-4
-1.609, 6.044e-4
-1.608, 5.921e-4
-1.607, 5.829e-4
-1.606, 5.736e-4
-1.605, 5.644e-4
-1.604, 5.520e-4
-1.603, 5.428e-4
-1.602, 5.335e-4
-1.601, 5.274e-4
-1.600, 5.181e-4
-1.599, 5.058e-4
-1.598, 4.996e-4
-1.597, 4.904e-4
-1.596, 4.811e-4
-1.595, 4.719e-4
-1.594, 4.626e-4
-1.593, 4.534e-4
-1.592, 4.441e-4
-1.591, 4.380e-4
-1.590, 4.287e-4
-1.589, 4.225e-4
-1.588, 4.133e-4
-1.587, 4.071e-4
-1.586, 3.979e-4
-1.585, 3.917e-4
-1.584, 3.825e-4
-1.583, 3.763e-4
-1.582, 3.701e-4
-1.581, 3.640e-4
-1.580, 3.578e-4
-1.579, 3.485e-4
-1.578, 3.424e-4
-1.577, 3.362e-4
-1.576, 3.300e-4
-1.575, 3.239e-4
-1.574, 3.177e-4
-1.573, 3.115e-4
-1.572, 3.054e-4
-1.571, 2.992e-4
-1.570, 2.931e-4
-1.569, 2.869e-4
-1.568, 2.807e-4
-1.567, 2.746e-4
-1.566, 2.715e-4
-1.565, 2.653e-4
-1.564, 2.591e-4
-1.563, 2.530e-4
-1.562, 2.499e-4
-1.561, 2.437e-4
-1.560, 2.406e-4
-1.559, 2.345e-4
-1.558, 2.283e-4
-1.557, 2.252e-4
-1.556, 2.191e-4
-1.555, 2.160e-4
-1.554, 2.098e-4
-1.553, 2.067e-4
-1.552, 2.036e-4
-1.551, 1.975e-4
-1.550, 1.944e-4
-1.549, 1.882e-4
-1.548, 1.851e-4
-1.547, 1.821e-4
-1.546, 1.790e-4
-1.545, 1.759e-4
-1.544, 1.697e-4
-1.543, 1.697e-4
-1.542, 1.636e-4
-1.541, 1.605e-4
-1.540, 1.574e-4
-1.539, 1.512e-4
-1.538, 1.512e-4
-1.537, 1.481e-4
-1.536, 1.420e-4
-1.535, 1.389e-4
-1.534, 1.358e-4
-1.533, 1.358e-4
-1.532, 1.327e-4
-1.531, 1.266e-4
-1.530, 1.235e-4
-1.529, 1.235e-4
-1.528, 1.204e-4
-1.527, 1.173e-4
-1.526, 1.142e-4
-1.525, 1.111e-4
-1.524, 1.081e-4
-1.523, 1.050e-4
-1.522, 1.019e-4
-1.521, 1.019e-4
-1.520, 9.882e-5
-1.519, 9.573e-5
-1.518, 9.265e-5
-1.517, 9.265e-5
-1.516, 8.957e-5
-1.515, 8.648e-5
-1.514, 8.648e-5
-1.513, 8.340e-5
-1.512, 8.032e-5
-1.511, 8.032e-5
-1.510, 7.723e-5
-1.509, 7.415e-5
-1.508, 7.415e-5
-1.507, 7.415e-5
-1.506, 7.107e-5
-1.505, 6.798e-5
-1.504, 6.798e-5
-1.503, 6.490e-5
-1.502, 6.490e-5
-1.501, 6.182e-5
-1.500, 6.182e-5
-1.499, 5.873e-5
-1.498, 5.565e-5
-1.497, 5.565e-5
-1.496, 5.565e-5
-1.495, 5.257e-5
-1.494, 5.257e-5
-1.493, 4.949e-5
-1.492, 4.949e-5
-1.491, 4.949e-5
-1.490, 4.640e-5
-1.489, 4.332e-5
-1.488, 4.332e-5
-1.487, 4.332e-5
-1.486, 4.024e-5
-1.485, 4.024e-5
-1.484, 4.024e-5
-1.483, 3.715e-5
-1.482, 3.715e-5
-1.481, 3.715e-5
-1.480, 3.407e-5
-1.479, 3.407e-5
-1.478, 3.407e-5
-1.477, 3.407e-5
-1.476, 3.099e-5
-1.475, 3.099e-5
-1.474, 3.099e-5
-1.473, 2.790e-5
-1.472, 2.790e-5
-1.471, 2.790e-5
-1.470, 2.790e-5
-1.469, 2.482e-5
-1.468, 2.482e-5
-1.467, 2.482e-5
-1.466, 2.482e-5
-1.465, 2.174e-5
-1.464, 2.174e-5
-1.463, 2.174e-5
-1.462, 2.174e-5
-1.461, 1.865e-5
-1.460, 1.865e-5
-1.459, 1.865e-5
-1.458, 1.865e-5
-1.457, 1.865e-5
-1.456, 1.557e-5
-1.455, 1.557e-5
-1.454, 1.557e-5
-1.453, 1.557e-5
-1.452, 1.557e-5
-1.451, 1.557e-5
-1.450, 1.249e-5
-1.449, 1.249e-5
-1.448, 1.249e-5
-1.447, 1.249e-5
-1.446, 9.405e-6
-1.445, 9.405e-6
-1.444, 9.405e-6
-1.443, 9.405e-6
-1.442, 9.405e-6
-1.441, 9.405e-6
-1.440, 9.405e-6
-1.439, 9.405e-6
-1.438, 9.405e-6
-1.437, 6.322e-6
-1.436, 6.322e-6
-1.435, 6.322e-6
-1.434, 6.322e-6
-1.433, 6.322e-6
-1.432, 6.322e-6
-1.431, 6.322e-6
-1.430, 6.322e-6
-1.429, 6.322e-6
-1.428, 6.322e-6
-1.427, 6.322e-6
-1.426, 3.239e-6
-1.425, 3.239e-6
-1.424, 3.239e-6
-1.423, 3.239e-6
-1.422, 3.239e-6
-1.421, 3.239e-6
-1.420, 3.239e-6
-1.419, 3.239e-6
-1.418, 3.239e-6
-1.417, 3.239e-6
-1.416, 3.239e-6
-1.415, 3.239e-6
-1.414, 1.559e-7
-1.413, 3.239e-6
-1.412, 1.559e-7
-1.411, 1.559e-7
-1.410, 1.559e-7
-1.409, 1.559e-7
-1.408, 1.559e-7
-1.407, 1.559e-7
-1.406, 1.559e-7
-1.405, 1.559e-7
-1.404, 1.559e-7
-1.403, 1.559e-7
-1.402, 1.559e-7
-1.401, 1.559e-7
-1.400, 1.559e-7
-1.399, 1.559e-7
-1.398, 1.559e-7
-1.397, 1.559e-7
-1.396, 1.559e-7
-1.395, 1.559e-7
-1.394, -2.927e-6
-1.393, -2.927e-6
-1.392, -2.927e-6
-1.391, -2.927e-6
-1.390, -2.927e-6
-1.389, -2.927e-6
-1.388, 1.559e-7
-1.387, 1.559e-7
-1.386, -2.927e-6
-1.385, -2.927e-6
-1.384, -2.927e-6
-1.383, -2.927e-6
-1.382, -2.927e-6
-1.381, -2.927e-6
-1.380, -2.927e-6
-1.379, -2.927e-6
-1.378, -2.927e-6
-1.377, -2.927e-6
-1.376, -2.927e-6
-1.375, -2.927e-6
-1.374, -2.927e-6
-1.373, -2.927e-6
-1.372, -2.927e-6
-1.371, -2.927e-6
-1.370, -2.927e-6
-1.369, -2.927e-6
-1.368, -2.927e-6
-1.367, -2.927e-6
-1.366, -2.927e-6
-1.365, -2.927e-6
-1.364, -2.927e-6
-1.363, -2.927e-6
-1.362, -2.927e-6
-1.361, -2.927e-6
-1.360, -2.927e-6
-1.359, -6.010e-6
-1.358, -6.010e-6
-1.357, -2.927e-6
-1.356, -2.927e-6
-1.355, -6.010e-6
-1.354, -2.927e-6
-1.353, -6.010e-6
-1.352, -2.927e-6
-1.351, -6.010e-6
-1.350, -6.010e-6
-1.349, -6.010e-6
-1.348, -6.010e-6
-1.347, -6.010e-6
-1.346, -6.010e-6
-1.345, -2.927e-6
-1.344, -6.010e-6
-1.343, -6.010e-6
-1.342, -6.010e-6
-1.341, -6.010e-6
-1.340, -6.010e-6
-1.339, -6.010e-6
-1.338, -6.010e-6
-1.337, -6.010e-6
-1.336, -6.010e-6
-1.335, -2.927e-6
-1.334, -6.010e-6
-1.333, -6.010e-6
-1.332, -6.010e-6
-1.331, -6.010e-6
-1.330, -6.010e-6
-1.329, -6.010e-6
-1.328, -6.010e-6
-1.327, -6.010e-6
-1.326, -6.010e-6
-1.325, -6.010e-6
-1.324, -6.010e-6
-1.323, -6.010e-6
-1.322, -6.010e-6
-1.321, -6.010e-6
-1.320, -6.010e-6
-1.319, -6.010e-6
-1.318, -6.010e-6
-1.317, -6.010e-6
-1.316, -6.010e-6
-1.315, -6.010e-6
-1.314, -6.010e-6
-1.313, -6.010e-6
-1.312, -6.010e-6
-1.311, -6.010e-6
-1.310, -6.010e-6
-1.309, -6.010e-6
-1.308, -6.010e-6
-1.307, -6.010e-6
-1.306, -6.010e-6
-1.305, -6.010e-6
-1.304, -6.010e-6
-1.303, -6.010e-6
-1.302, -6.010e-6
-1.301, -6.010e-6
-1.300, -6.010e-6
-1.299, -6.010e-6
-1.298, -6.010e-6
-1.297, -6.010e-6
-1.296, -6.010e-6
-1.295, -6.010e-6
-1.294, -6.010e-6
-1.293, -6.010e-6
-1.292, -6.010e-6
-1.291, -6.010e-6
-1.290, -6.010e-6
-1.289, -6.010e-6
-1.288, -6.010e-6
-1.287, -6.010e-6
-1.286, -6.010e-6
-1.285, -6.010e-6
-1.284, -6.010e-6
-1.283, -6.010e-6
-1.282, -6.010e-6
-1.281, -6.010e-6
-1.280, -6.010e-6
-1.279, -6.010e-6
-1.278, -6.010e-6
-1.277, -6.010e-6
-1.276, -6.010e-6
-1.275, -6.010e-6
-1.274, -6.010e-6
-1.273, -6.010e-6
-1.272, -6.010e-6
-1.271, -6.010e-6
-1.270, -6.010e-6
-1.269, -6.010e-6
-1.268, -6.010e-6
-1.267, -6.010e-6
-1.266, -6.010e-6
-1.265, -6.010e-6
-1.264, -6.010e-6
-1.263, -6.010e-6
-1.262, -6.010e-6
-1.261, -6.010e-6
-1.260, -6.010e-6
-1.259, -6.010e-6
-1.258, -6.010e-6
-1.257, -6.010e-6
-1.256, -6.010e-6
-1.255, -6.010e-6
-1.254, -6.010e-6
-1.253, -6.010e-6
-1.252, -6.010e-6
-1.251, -6.010e-6
-1.250, -6.010e-6
-1.249, -6.010e-6
-1.248, -6.010e-6
-1.247, -6.010e-6
-1.246, -6.010e-6
-1.245, -6.010e-6
-1.244, -6.010e-6
-1.243, -6.010e-6
-1.242, -6.010e-6
-1.241, -6.010e-6
-1.240, -6.010e-6
-1.239, -6.010e-6
-1.238, -6.010e-6
-1.237, -6.010e-6
-1.236, -6.010e-6
-1.235, -6.010e-6
-1.234, -6.010e-6
-1.233, -6.010e-6
-1.232, -6.010e-6
-1.231, -6.010e-6
-1.230, -6.010e-6
-1.229, -6.010e-6
-1.228, -6.010e-6
-1.227, -6.010e-6
-1.226, -6.010e-6
-1.225, -6.010e-6
-1.224, -6.010e-6
-1.223, -6.010e-6
-1.222, -6.010e-6
-1.221, -6.010e-6
-1.220, -6.010e-6
-1.219, -6.010e-6
-1.218, -6.010e-6
-1.217, -6.010e-6
-1.216, -6.010e-6
-1.215, -6.010e-6
-1.214, -9.093e-6
-1.213, -6.010e-6
-1.212, -6.010e-6
-1.211, -6.010e-6
-1.210, -6.010e-6
-1.209, -6.010e-6
-1.208, -6.010e-6
-1.207, -6.010e-6
-1.206, -6.010e-6
-1.205, -6.010e-6
-1.204, -6.010e-6
-1.203, -6.010e-6
-1.202, -6.010e-6
-1.201, -6.010e-6
-1.200, -6.010e-6
-1.199, -6.010e-6
-1.198, -6.010e-6
-1.197, -6.010e-6
-1.196, -6.010e-6
-1.195, -6.010e-6
-1.194, -6.010e-6
-1.193, -6.010e-6
-1.192, -6.010e-6
-1.191, -9.093e-6
-1.190, -6.010e-6
-1.189, -6.010e-6
-1.188, -6.010e-6
-1.187, -6.010e-6
-1.186, -6.010e-6
-1.185, -6.010e-6
-1.184, -6.010e-6
-1.183, -6.010e-6
-1.182, -6.010e-6
-1.181, -9.093e-6
-1.180, -6.010e-6
-1.179, -9.093e-6
-1.178, -6.010e-6
-1.177, -6.010e-6
-1.176, -9.093e-6
-1.175, -9.093e-6
-1.174, -6.010e-6
-1.173, -6.010e-6
-1.172, -9.093e-6
-1.171, -6.010e-6
-1.170, -6.010e-6
-1.169, -9.093e-6
-1.168, -9.093e-6
-1.167, -6.010e-6
-1.166, -6.010e-6
-1.165, -9.093e-6
-1.164, -6.010e-6
-1.163, -6.010e-6
-1.162, -6.010e-6
-1.161, -6.010e-6
-1.160, -6.010e-6
-1.159, -9.093e-6
-1.158, -6.010e-6
-1.157, -6.010e-6
-1.156, -9.093e-6
-1.155, -6.010e-6
-1.154, -6.010e-6
-1.153, -9.093e-6
-1.152, -9.093e-6
-1.151, -6.010e-6
-1.150, -6.010e-6
-1.149, -9.093e-6
-1.148, -9.093e-6
-1.147, -9.093e-6
-1.146, -9.093e-6
-1.145, -6.010e-6
-1.144, -9.093e-6
-1.143, -6.010e-6
-1.142, -9.093e-6
-1.141, -6.010e-6
-1.140, -6.010e-6
-1.139, -9.093e-6
-1.138, -9.093e-6
-1.137, -6.010e-6
-1.136, -9.093e-6
-1.135, -9.093e-6
-1.134, -9.093e-6
-1.133, -9.093e-6
-1.132, -9.093e-6
-1.131, -6.010e-6
-1.130, -9.093e-6
-1.129, -9.093e-6
-1.128, -9.093e-6
-1.127, -6.010e-6
-1.126, -6.010e-6
-1.125, -9.093e-6
-1.124, -6.010e-6
-1.123, -9.093e-6
-1.122, -9.093e-6
-1.121, -9.093e-6
-1.120, -9.093e-6
-1.119, -9.093e-6
-1.118, -9.093e-6
-1.117, -9.093e-6
-1.116, -9.093e-6
-1.115, -9.093e-6
-1.114, -9.093e-6
-1.113, -9.093e-6
-1.112, -9.093e-6
-1.111, -9.093e-6
-1.110, -9.093e-6
-1.109, -6.010e-6
-1.108, -9.093e-6
-1.107, -6.010e-6
-1.106, -9.093e-6
-1.105, -9.093e-6
-1.104, -6.010e-6
-1.103, -6.010e-6
-1.102, -9.093e-6
-1.101, -9.093e-6
-1.100, -9.093e-6
-1.099, -9.093e-6
-1.098, -9.093e-6
-1.097, -6.010e-6
-1.096, -9.093e-6
-1.095, -9.093e-6
-1.094, -9.093e-6
-1.093, -9.093e-6
-1.092, -9.093e-6
-1.091, -9.093e-6
-1.090, -9.093e-6
-1.089, -9.093e-6
-1.088, -9.093e-6
-1.087, -9.093e-6
-1.086, -9.093e-6
-1.085, -9.093e-6
-1.084, -9.093e-6
-1.083, -9.093e-6
-1.082, -9.093e-6
-1.081, -9.093e-6
-1.080, -9.093e-6
-1.079, -9.093e-6
-1.078, -9.093e-6
-1.077, -9.093e-6
-1.076, -9.093e-6
-1.075, -9.093e-6
-1.074, -9.093e-6
-1.073, -9.093e-6
-1.072, -9.093e-6
-1.071, -9.093e-6
-1.070, -9.093e-6
-1.069, -9.093e-6
-1.068, -9.093e-6
-1.067, -9.093e-6
-1.066, -9.093e-6
-1.065, -9.093e-6
-1.064, -9.093e-6
-1.063, -9.093e-6
-1.062, -9.093e-6
-1.061, -9.093e-6
-1.060, -9.093e-6
-1.059, -9.093e-6
-1.058, -9.093e-6
-1.057, -9.093e-6
-1.056, -9.093e-6
-1.055, -9.093e-6
-1.054, -9.093e-6
-1.053, -9.093e-6
-1.052, -9.093e-6
-1.051, -9.093e-6
-1.050, -9.093e-6
-1.049, -9.093e-6
-1.048, -9.093e-6
-1.047, -9.093e-6
-1.046, -9.093e-6
-1.045, -9.093e-6
-1.044, -9.093e-6
-1.043, -9.093e-6
-1.042, -9.093e-6
-1.041, -9.093e-6
-1.040, -9.093e-6
-1.039, -9.093e-6
-1.038, -9.093e-6
-1.037, -9.093e-6
-1.036, -9.093e-6
-1.035, -9.093e-6
-1.034, -9.093e-6
-1.033, -9.093e-6
-1.032, -1.218e-5
-1.031, -9.093e-6
-1.030, -9.093e-6
-1.029, -9.093e-6
-1.028, -1.218e-5
-1.027, -9.093e-6
-1.026, -9.093e-6
-1.025, -9.093e-6
-1.024, -9.093e-6
-1.023, -9.093e-6
-1.022, -1.218e-5
-1.021, -1.218e-5
-1.020, -1.218e-5
-1.019, -1.218e-5
-1.018, -1.218e-5
-1.017, -1.218e-5
-1.016, -1.218e-5
-1.015, -1.218e-5
-1.014, -1.218e-5
-1.013, -9.093e-6
-1.012, -1.218e-5
-1.011, -1.218e-5
-1.010, -1.218e-5
-1.009, -1.218e-5
-1.008, -1.218e-5
-1.007, -1.218e-5
-1.006, -1.218e-5
-1.005, -1.218e-5
-1.004, -1.218e-5
-1.003, -1.218e-5
-1.002, -1.218e-5
-1.001, -1.218e-5
