June 26, 2026   19:35:48
Cyclic Voltammetry
File: c:/users/guazh/data/20260623_doe_duplica2/2026-06-24-exp17\exp17-2026-06-26t19_16_57-arkoh\exp17_cv_sr_100mvs_efin_-1900mv.bin
Data Source:  Experiment
Instrument Model:  CHI760E
Header: CV ran at 100 mVs
Note: 

Init E (V) = -1
High E (V) = -1
Low E (V) = -1.9
Final E (V) = -1
Init P/N = N
Scan Rate (V/s) = 0.1
Segment = 3
Sample Interval (V) = 0.001
Quiet Time (sec) = 2
Sensitivity (A/V) = 0.01
Comp R (ohm) = 1.8

Results:

Channel 1:
Segment 1:

Segment 2:

Segment 3:

Potential/V, Current/A

-1.000, -2.409e-6
-1.001, -2.399e-6
-1.002, -2.242e-6
-1.003, -2.064e-6
-1.004, -2.242e-6
-1.005, -2.044e-6
-1.006, -1.995e-6
-1.007, -1.936e-6
-1.008, -1.877e-6
-1.009, -1.857e-6
-1.010, -1.896e-6
-1.011, -1.837e-6
-1.012, -1.827e-6
-1.013, -1.719e-6
-1.014, -1.650e-6
-1.015, -1.738e-6
-1.016, -1.659e-6
-1.017, -1.650e-6
-1.018, -1.669e-6
-1.019, -1.600e-6
-1.020, -1.590e-6
-1.021, -1.610e-6
-1.022, -1.462e-6
-1.023, -1.511e-6
-1.024, -1.413e-6
-1.025, -1.502e-6
-1.026, -1.393e-6
-1.027, -1.363e-6
-1.028, -1.373e-6
-1.029, -1.452e-6
-1.030, -1.304e-6
-1.031, -1.275e-6
-1.032, -1.285e-6
-1.033, -1.215e-6
-1.034, -1.186e-6
-1.035, -1.265e-6
-1.036, -1.225e-6
-1.037, -1.097e-6
-1.038, -1.166e-6
-1.039, -1.265e-6
-1.040, -1.196e-6
-1.041, -1.176e-6
-1.042, -1.373e-6
-1.043, -1.166e-6
-1.044, -1.038e-6
-1.045, -1.137e-6
-1.046, -1.097e-6
-1.047, -1.156e-6
-1.048, -1.087e-6
-1.049, -1.067e-6
-1.050, -1.087e-6
-1.051, -1.107e-6
-1.052, -1.206e-6
-1.053, -9.195e-7
-1.054, -9.392e-7
-1.055, -1.048e-6
-1.056, -9.688e-7
-1.057, -8.504e-7
-1.058, -1.058e-6
-1.059, -9.096e-7
-1.060, -9.096e-7
-1.061, -9.195e-7
-1.062, -9.688e-7
-1.063, -9.392e-7
-1.064, -1.018e-6
-1.065, -9.590e-7
-1.066, -8.603e-7
-1.067, -9.096e-7
-1.068, -9.294e-7
-1.069, -8.603e-7
-1.070, -8.702e-7
-1.071, -9.294e-7
-1.072, -8.208e-7
-1.073, -8.406e-7
-1.074, -8.504e-7
-1.075, -8.406e-7
-1.076, -8.800e-7
-1.077, -8.011e-7
-1.078, -7.321e-7
-1.079, -6.926e-7
-1.080, -8.208e-7
-1.081, -8.504e-7
-1.082, -7.814e-7
-1.083, -7.617e-7
-1.084, -7.715e-7
-1.085, -8.011e-7
-1.086, -7.518e-7
-1.087, -7.321e-7
-1.088, -7.222e-7
-1.089, -6.433e-7
-1.090, -6.531e-7
-1.091, -6.926e-7
-1.092, -6.827e-7
-1.093, -5.643e-7
-1.094, -6.827e-7
-1.095, -5.446e-7
-1.096, -7.123e-7
-1.097, -5.643e-7
-1.098, -5.643e-7
-1.099, -7.123e-7
-1.100, -4.755e-7
-1.101, -5.643e-7
-1.102, -5.446e-7
-1.103, -4.854e-7
-1.104, -5.051e-7
-1.105, -5.545e-7
-1.106, -6.433e-7
-1.107, -6.137e-7
-1.108, -5.051e-7
-1.109, -4.755e-7
-1.110, -5.051e-7
-1.111, -4.657e-7
-1.112, -4.854e-7
-1.113, -4.854e-7
-1.114, -4.854e-7
-1.115, -4.953e-7
-1.116, -4.459e-7
-1.117, -3.473e-7
-1.118, -2.881e-7
-1.119, -4.854e-7
-1.120, -4.558e-7
-1.121, -4.163e-7
-1.122, -4.361e-7
-1.123, -3.571e-7
-1.124, -2.980e-7
-1.125, -4.361e-7
-1.126, -2.980e-7
-1.127, -3.769e-7
-1.128, -3.670e-7
-1.129, -3.374e-7
-1.130, -2.585e-7
-1.131, -3.275e-7
-1.132, -3.670e-7
-1.133, -1.401e-7
-1.134, -1.796e-7
-1.135, -2.190e-7
-1.136, -3.473e-7
-1.137, -1.796e-7
-1.138, -2.684e-7
-1.139, -2.585e-7
-1.140, -2.289e-7
-1.141, -1.204e-7
-1.142, -2.289e-7
-1.143, -1.204e-7
-1.144, -1.598e-7
-1.145, -2.190e-7
-1.146, -2.486e-7
-1.147, -2.289e-7
-1.148, -5.130e-8
-1.149, -1.993e-7
-1.150, -2.092e-7
-1.151, -1.796e-7
-1.152, -7.103e-8
-1.153, -4.144e-8
-1.154, -1.973e-9
-1.155, -1.204e-7
-1.156, -1.204e-7
-1.157, -1.105e-7
-1.158, 2.762e-8
-1.159, 5.722e-8
-1.160, -4.144e-8
-1.161, -9.077e-8
-1.162, -1.401e-7
-1.163, 4.736e-8
-1.164, 1.164e-7
-1.165, -1.973e-9
-1.166, -3.157e-8
-1.167, -1.184e-8
-1.168, 2.348e-7
-1.169, 8.682e-8
-1.170, 8.682e-8
-1.171, 6.709e-8
-1.172, 9.669e-8
-1.173, 1.657e-7
-1.174, 1.066e-7
-1.175, 1.776e-8
-1.176, 8.682e-8
-1.177, 6.709e-8
-1.178, 2.447e-7
-1.179, 2.348e-7
-1.180, 4.736e-8
-1.181, 1.657e-7
-1.182, 1.263e-7
-1.183, 2.940e-7
-1.184, 2.348e-7
-1.185, 1.657e-7
-1.186, 2.545e-7
-1.187, 1.756e-7
-1.188, 2.743e-7
-1.189, 2.447e-7
-1.190, 2.743e-7
-1.191, 2.348e-7
-1.192, 2.545e-7
-1.193, 4.321e-7
-1.194, 3.335e-7
-1.195, 1.263e-7
-1.196, 2.743e-7
-1.197, 2.743e-7
-1.198, 3.039e-7
-1.199, 2.545e-7
-1.200, 3.137e-7
-1.201, 3.828e-7
-1.202, 2.249e-7
-1.203, 3.532e-7
-1.204, 4.321e-7
-1.205, 3.433e-7
-1.206, 4.025e-7
-1.207, 4.025e-7
-1.208, 4.815e-7
-1.209, 3.927e-7
-1.210, 3.433e-7
-1.211, 3.828e-7
-1.212, 4.716e-7
-1.213, 4.124e-7
-1.214, 4.716e-7
-1.215, 4.716e-7
-1.216, 4.519e-7
-1.217, 4.223e-7
-1.218, 5.308e-7
-1.219, 5.209e-7
-1.220, 5.604e-7
-1.221, 4.124e-7
-1.222, 4.321e-7
-1.223, 5.308e-7
-1.224, 5.111e-7
-1.225, 4.519e-7
-1.226, 5.308e-7
-1.227, 5.407e-7
-1.228, 5.703e-7
-1.229, 6.492e-7
-1.230, 6.492e-7
-1.231, 7.774e-7
-1.232, 7.774e-7
-1.233, 7.676e-7
-1.234, 6.196e-7
-1.235, 5.900e-7
-1.236, 7.380e-7
-1.237, 7.972e-7
-1.238, 6.985e-7
-1.239, 8.070e-7
-1.240, 7.478e-7
-1.241, 7.676e-7
-1.242, 7.084e-7
-1.243, 8.860e-7
-1.244, 7.873e-7
-1.245, 8.169e-7
-1.246, 8.465e-7
-1.247, 7.774e-7
-1.248, 9.156e-7
-1.249, 8.070e-7
-1.250, 8.268e-7
-1.251, 8.169e-7
-1.252, 8.268e-7
-1.253, 8.761e-7
-1.254, 9.156e-7
-1.255, 9.156e-7
-1.256, 9.353e-7
-1.257, 8.169e-7
-1.258, 8.564e-7
-1.259, 9.057e-7
-1.260, 8.564e-7
-1.261, 9.945e-7
-1.262, 9.550e-7
-1.263, 1.064e-6
-1.264, 8.860e-7
-1.265, 8.564e-7
-1.266, 8.169e-7
-1.267, 9.748e-7
-1.268, 1.083e-6
-1.269, 1.064e-6
-1.270, 9.452e-7
-1.271, 1.014e-6
-1.272, 1.014e-6
-1.273, 1.004e-6
-1.274, 1.054e-6
-1.275, 9.649e-7
-1.276, 9.452e-7
-1.277, 1.123e-6
-1.278, 1.103e-6
-1.279, 1.044e-6
-1.280, 1.123e-6
-1.281, 1.162e-6
-1.282, 1.083e-6
-1.283, 1.162e-6
-1.284, 1.192e-6
-1.285, 1.152e-6
-1.286, 1.182e-6
-1.287, 1.064e-6
-1.288, 1.172e-6
-1.289, 1.142e-6
-1.290, 9.748e-7
-1.291, 1.142e-6
-1.292, 1.162e-6
-1.293, 1.300e-6
-1.294, 1.221e-6
-1.295, 1.212e-6
-1.296, 1.379e-6
-1.297, 1.182e-6
-1.298, 1.192e-6
-1.299, 1.241e-6
-1.300, 1.251e-6
-1.301, 1.281e-6
-1.302, 1.212e-6
-1.303, 1.320e-6
-1.304, 1.458e-6
-1.305, 1.300e-6
-1.306, 1.340e-6
-1.307, 1.310e-6
-1.308, 1.478e-6
-1.309, 1.468e-6
-1.310, 1.409e-6
-1.311, 1.419e-6
-1.312, 1.537e-6
-1.313, 1.468e-6
-1.314, 1.399e-6
-1.315, 1.379e-6
-1.316, 1.389e-6
-1.317, 1.379e-6
-1.318, 1.517e-6
-1.319, 1.478e-6
-1.320, 1.537e-6
-1.321, 1.498e-6
-1.322, 1.577e-6
-1.323, 1.537e-6
-1.324, 1.606e-6
-1.325, 1.665e-6
-1.326, 1.547e-6
-1.327, 1.626e-6
-1.328, 1.725e-6
-1.329, 1.577e-6
-1.330, 1.547e-6
-1.331, 1.675e-6
-1.332, 1.685e-6
-1.333, 1.794e-6
-1.334, 1.754e-6
-1.335, 1.764e-6
-1.336, 1.646e-6
-1.337, 1.626e-6
-1.338, 1.942e-6
-1.339, 1.843e-6
-1.340, 1.813e-6
-1.341, 1.833e-6
-1.342, 1.803e-6
-1.343, 1.951e-6
-1.344, 1.882e-6
-1.345, 1.863e-6
-1.346, 1.843e-6
-1.347, 1.922e-6
-1.348, 2.109e-6
-1.349, 1.912e-6
-1.350, 2.001e-6
-1.351, 2.070e-6
-1.352, 1.951e-6
-1.353, 2.139e-6
-1.354, 2.030e-6
-1.355, 2.030e-6
-1.356, 2.228e-6
-1.357, 2.169e-6
-1.358, 2.326e-6
-1.359, 2.267e-6
-1.360, 2.178e-6
-1.361, 2.198e-6
-1.362, 2.336e-6
-1.363, 2.307e-6
-1.364, 2.445e-6
-1.365, 2.366e-6
-1.366, 2.445e-6
-1.367, 2.326e-6
-1.368, 2.455e-6
-1.369, 2.514e-6
-1.370, 2.583e-6
-1.371, 2.632e-6
-1.372, 2.534e-6
-1.373, 2.721e-6
-1.374, 2.603e-6
-1.375, 2.741e-6
-1.376, 2.849e-6
-1.377, 2.780e-6
-1.378, 2.859e-6
-1.379, 2.830e-6
-1.380, 2.711e-6
-1.381, 2.879e-6
-1.382, 2.958e-6
-1.383, 3.056e-6
-1.384, 3.116e-6
-1.385, 3.116e-6
-1.386, 3.126e-6
-1.387, 2.987e-6
-1.388, 3.303e-6
-1.389, 3.135e-6
-1.390, 3.185e-6
-1.391, 3.313e-6
-1.392, 3.234e-6
-1.393, 3.422e-6
-1.394, 3.422e-6
-1.395, 3.530e-6
-1.396, 3.648e-6
-1.397, 3.609e-6
-1.398, 3.698e-6
-1.399, 3.767e-6
-1.400, 3.737e-6
-1.401, 3.856e-6
-1.402, 3.984e-6
-1.403, 4.033e-6
-1.404, 3.974e-6
-1.405, 4.043e-6
-1.406, 3.994e-6
-1.407, 4.083e-6
-1.408, 4.329e-6
-1.409, 4.428e-6
-1.410, 4.379e-6
-1.411, 4.517e-6
-1.412, 4.497e-6
-1.413, 4.605e-6
-1.414, 4.665e-6
-1.415, 4.813e-6
-1.416, 4.882e-6
-1.417, 4.803e-6
-1.418, 5.109e-6
-1.419, 5.040e-6
-1.420, 5.049e-6
-1.421, 5.227e-6
-1.422, 5.326e-6
-1.423, 5.553e-6
-1.424, 5.493e-6
-1.425, 5.582e-6
-1.426, 5.760e-6
-1.427, 5.710e-6
-1.428, 6.085e-6
-1.429, 6.056e-6
-1.430, 6.095e-6
-1.431, 6.243e-6
-1.432, 6.302e-6
-1.433, 6.450e-6
-1.434, 6.549e-6
-1.435, 6.677e-6
-1.436, 6.796e-6
-1.437, 7.003e-6
-1.438, 7.171e-6
-1.439, 7.102e-6
-1.440, 7.496e-6
-1.441, 7.545e-6
-1.442, 7.605e-6
-1.443, 7.861e-6
-1.444, 7.940e-6
-1.445, 8.039e-6
-1.446, 8.276e-6
-1.447, 8.384e-6
-1.448, 8.631e-6
-1.449, 8.749e-6
-1.450, 8.877e-6
-1.451, 8.907e-6
-1.452, 9.114e-6
-1.453, 9.440e-6
-1.454, 9.469e-6
-1.455, 9.746e-6
-1.456, 9.973e-6
-1.457, 1.008e-5
-1.458, 1.038e-5
-1.459, 1.048e-5
-1.460, 1.083e-5
-1.461, 1.109e-5
-1.462, 1.139e-5
-1.463, 1.156e-5
-1.464, 1.161e-5
-1.465, 1.186e-5
-1.466, 1.215e-5
-1.467, 1.234e-5
-1.468, 1.272e-5
-1.469, 1.294e-5
-1.470, 1.314e-5
-1.471, 1.328e-5
-1.472, 1.367e-5
-1.473, 1.387e-5
-1.474, 1.403e-5
-1.475, 1.437e-5
-1.476, 1.463e-5
-1.477, 1.506e-5
-1.478, 1.540e-5
-1.479, 1.568e-5
-1.480, 1.625e-5
-1.481, 1.653e-5
-1.482, 1.664e-5
-1.483, 1.702e-5
-1.484, 1.723e-5
-1.485, 1.773e-5
-1.486, 1.786e-5
-1.487, 1.824e-5
-1.488, 1.864e-5
-1.489, 1.891e-5
-1.490, 1.959e-5
-1.491, 1.994e-5
-1.492, 2.054e-5
-1.493, 2.121e-5
-1.494, 2.173e-5
-1.495, 2.159e-5
-1.496, 2.189e-5
-1.497, 2.250e-5
-1.498, 2.304e-5
-1.499, 2.313e-5
-1.500, 2.361e-5
-1.501, 2.422e-5
-1.502, 2.478e-5
-1.503, 2.610e-5
-1.504, 2.672e-5
-1.505, 2.673e-5
-1.506, 2.704e-5
-1.507, 2.769e-5
-1.508, 2.842e-5
-1.509, 2.890e-5
-1.510, 2.941e-5
-1.511, 3.012e-5
-1.512, 3.085e-5
-1.513, 3.223e-5
-1.514, 3.198e-5
-1.515, 3.210e-5
-1.516, 3.301e-5
-1.517, 3.388e-5
-1.518, 3.458e-5
-1.519, 3.495e-5
-1.520, 3.596e-5
-1.521, 3.746e-5
-1.522, 3.763e-5
-1.523, 3.839e-5
-1.524, 3.894e-5
-1.525, 3.992e-5
-1.526, 4.082e-5
-1.527, 4.210e-5
-1.528, 4.227e-5
-1.529, 4.298e-5
-1.530, 4.356e-5
-1.531, 4.484e-5
-1.532, 4.619e-5
-1.533, 4.616e-5
-1.534, 4.685e-5
-1.535, 4.808e-5
-1.536, 4.900e-5
-1.537, 5.056e-5
-1.538, 5.238e-5
-1.539, 5.298e-5
-1.540, 5.324e-5
-1.541, 5.410e-5
-1.542, 5.507e-5
-1.543, 5.603e-5
-1.544, 5.788e-5
-1.545, 5.860e-5
-1.546, 5.844e-5
-1.547, 6.027e-5
-1.548, 6.173e-5
-1.549, 6.215e-5
-1.550, 6.402e-5
-1.551, 6.469e-5
-1.552, 6.550e-5
-1.553, 6.759e-5
-1.554, 6.873e-5
-1.555, 6.932e-5
-1.556, 7.102e-5
-1.557, 7.043e-5
-1.558, 7.252e-5
-1.559, 7.577e-5
-1.560, 7.529e-5
-1.561, 7.639e-5
-1.562, 7.798e-5
-1.563, 8.111e-5
-1.564, 8.062e-5
-1.565, 8.198e-5
-1.566, 8.459e-5
-1.567, 8.627e-5
-1.568, 8.686e-5
-1.569, 8.916e-5
-1.570, 9.196e-5
-1.571, 9.094e-5
-1.572, 9.227e-5
-1.573, 9.725e-5
-1.574, 9.794e-5
-1.575, 9.882e-5
-1.576, 1.016e-4
-1.577, 1.015e-4
-1.578, 1.043e-4
-1.579, 1.062e-4
-1.580, 1.090e-4
-1.581, 1.098e-4
-1.582, 1.115e-4
-1.583, 1.146e-4
-1.584, 1.157e-4
-1.585, 1.179e-4
-1.586, 1.212e-4
-1.587, 1.205e-4
-1.588, 1.233e-4
-1.589, 1.267e-4
-1.590, 1.281e-4
-1.591, 1.310e-4
-1.592, 1.350e-4
-1.593, 1.351e-4
-1.594, 1.388e-4
-1.595, 1.426e-4
-1.596, 1.423e-4
-1.597, 1.448e-4
-1.598, 1.505e-4
-1.599, 1.506e-4
-1.600, 1.555e-4
-1.601, 1.599e-4
-1.602, 1.606e-4
-1.603, 1.644e-4
-1.604, 1.692e-4
-1.605, 1.702e-4
-1.606, 1.735e-4
-1.607, 1.787e-4
-1.608, 1.818e-4
-1.609, 1.851e-4
-1.610, 1.886e-4
-1.611, 1.918e-4
-1.612, 1.961e-4
-1.613, 1.998e-4
-1.614, 2.050e-4
-1.615, 2.100e-4
-1.616, 2.129e-4
-1.617, 2.159e-4
-1.618, 2.219e-4
-1.619, 2.252e-4
-1.620, 2.300e-4
-1.621, 2.330e-4
-1.622, 2.371e-4
-1.623, 2.432e-4
-1.624, 2.451e-4
-1.625, 2.498e-4
-1.626, 2.566e-4
-1.627, 2.593e-4
-1.628, 2.661e-4
-1.629, 2.709e-4
-1.630, 2.772e-4
-1.631, 2.811e-4
-1.632, 2.873e-4
-1.633, 2.910e-4
-1.634, 2.981e-4
-1.635, 3.024e-4
-1.636, 3.080e-4
-1.637, 3.125e-4
-1.638, 3.186e-4
-1.639, 3.275e-4
-1.640, 3.322e-4
-1.641, 3.385e-4
-1.642, 3.440e-4
-1.643, 3.512e-4
-1.644, 3.584e-4
-1.645, 3.655e-4
-1.646, 3.724e-4
-1.647, 3.777e-4
-1.648, 3.875e-4
-1.649, 3.957e-4
-1.650, 4.015e-4
-1.651, 4.086e-4
-1.652, 4.155e-4
-1.653, 4.273e-4
-1.654, 4.335e-4
-1.655, 4.411e-4
-1.656, 4.486e-4
-1.657, 4.588e-4
-1.658, 4.664e-4
-1.659, 4.751e-4
-1.660, 4.840e-4
-1.661, 4.930e-4
-1.662, 4.997e-4
-1.663, 5.084e-4
-1.664, 5.233e-4
-1.665, 5.313e-4
-1.666, 5.394e-4
-1.667, 5.493e-4
-1.668, 5.598e-4
-1.669, 5.718e-4
-1.670, 5.821e-4
-1.671, 5.929e-4
-1.672, 6.016e-4
-1.673, 6.134e-4
-1.674, 6.238e-4
-1.675, 6.365e-4
-1.676, 6.474e-4
-1.677, 6.615e-4
-1.678, 6.725e-4
-1.679, 6.842e-4
-1.680, 6.968e-4
-1.681, 7.105e-4
-1.682, 7.216e-4
-1.683, 7.347e-4
-1.684, 7.481e-4
-1.685, 7.609e-4
-1.686, 7.761e-4
-1.687, 7.874e-4
-1.688, 8.028e-4
-1.689, 8.209e-4
-1.690, 8.348e-4
-1.691, 8.493e-4
-1.692, 8.628e-4
-1.693, 8.801e-4
-1.694, 8.963e-4
-1.695, 9.111e-4
-1.696, 9.281e-4
-1.697, 9.479e-4
-1.698, 9.646e-4
-1.699, 9.812e-4
-1.700, 1.001e-3
-1.701, 1.018e-3
-1.702, 1.036e-3
-1.703, 1.053e-3
-1.704, 1.073e-3
-1.705, 1.091e-3
-1.706, 1.108e-3
-1.707, 1.129e-3
-1.708, 1.148e-3
-1.709, 1.168e-3
-1.710, 1.189e-3
-1.711, 1.211e-3
-1.712, 1.230e-3
-1.713, 1.254e-3
-1.714, 1.279e-3
-1.715, 1.299e-3
-1.716, 1.322e-3
-1.717, 1.349e-3
-1.718, 1.373e-3
-1.719, 1.395e-3
-1.720, 1.420e-3
-1.721, 1.448e-3
-1.722, 1.469e-3
-1.723, 1.500e-3
-1.724, 1.523e-3
-1.725, 1.550e-3
-1.726, 1.576e-3
-1.727, 1.605e-3
-1.728, 1.631e-3
-1.729, 1.661e-3
-1.730, 1.689e-3
-1.731, 1.719e-3
-1.732, 1.747e-3
-1.733, 1.776e-3
-1.734, 1.809e-3
-1.735, 1.836e-3
-1.736, 1.870e-3
-1.737, 1.901e-3
-1.738, 1.934e-3
-1.739, 1.966e-3
-1.740, 1.998e-3
-1.741, 2.031e-3
-1.742, 2.066e-3
-1.743, 2.100e-3
-1.744, 2.134e-3
-1.745, 2.171e-3
-1.746, 2.208e-3
-1.747, 2.247e-3
-1.748, 2.283e-3
-1.749, 2.317e-3
-1.750, 2.356e-3
-1.751, 2.395e-3
-1.752, 2.431e-3
-1.753, 2.470e-3
-1.754, 2.510e-3
-1.755, 2.549e-3
-1.756, 2.587e-3
-1.757, 2.629e-3
-1.758, 2.672e-3
-1.759, 2.712e-3
-1.760, 2.755e-3
-1.761, 2.796e-3
-1.762, 2.841e-3
-1.763, 2.884e-3
-1.764, 2.928e-3
-1.765, 2.973e-3
-1.766, 3.017e-3
-1.767, 3.060e-3
-1.768, 3.104e-3
-1.769, 3.151e-3
-1.770, 3.194e-3
-1.771, 3.244e-3
-1.772, 3.291e-3
-1.773, 3.336e-3
-1.774, 3.384e-3
-1.775, 3.432e-3
-1.776, 3.481e-3
-1.777, 3.531e-3
-1.778, 3.580e-3
-1.779, 3.631e-3
-1.780, 3.682e-3
-1.781, 3.732e-3
-1.782, 3.785e-3
-1.783, 3.836e-3
-1.784, 3.886e-3
-1.785, 3.939e-3
-1.786, 3.994e-3
-1.787, 4.044e-3
-1.788, 4.095e-3
-1.789, 4.147e-3
-1.790, 4.200e-3
-1.791, 4.254e-3
-1.792, 4.308e-3
-1.793, 4.364e-3
-1.794, 4.414e-3
-1.795, 4.471e-3
-1.796, 4.529e-3
-1.797, 4.586e-3
-1.798, 4.644e-3
-1.799, 4.699e-3
-1.800, 4.760e-3
-1.801, 4.816e-3
-1.802, 4.875e-3
-1.803, 4.931e-3
-1.804, 4.984e-3
-1.805, 5.043e-3
-1.806, 5.096e-3
-1.807, 5.154e-3
-1.808, 5.215e-3
-1.809, 5.272e-3
-1.810, 5.334e-3
-1.811, 5.395e-3
-1.812, 5.452e-3
-1.813, 5.509e-3
-1.814, 5.568e-3
-1.815, 5.626e-3
-1.816, 5.697e-3
-1.817, 5.760e-3
-1.818, 5.822e-3
-1.819, 5.886e-3
-1.820, 5.948e-3
-1.821, 6.010e-3
-1.822, 6.065e-3
-1.823, 6.124e-3
-1.824, 6.179e-3
-1.825, 6.234e-3
-1.826, 6.298e-3
-1.827, 6.356e-3
-1.828, 6.418e-3
-1.829, 6.485e-3
-1.830, 6.545e-3
-1.831, 6.608e-3
-1.832, 6.674e-3
-1.833, 6.733e-3
-1.834, 6.792e-3
-1.835, 6.854e-3
-1.836, 6.920e-3
-1.837, 6.979e-3
-1.838, 7.039e-3
-1.839, 7.095e-3
-1.840, 7.157e-3
-1.841, 7.222e-3
-1.842, 7.284e-3
-1.843, 7.353e-3
-1.844, 7.418e-3
-1.845, 7.475e-3
-1.846, 7.543e-3
-1.847, 7.607e-3
-1.848, 7.664e-3
-1.849, 7.724e-3
-1.850, 7.787e-3
-1.851, 7.848e-3
-1.852, 7.918e-3
-1.853, 7.979e-3
-1.854, 8.035e-3
-1.855, 8.100e-3
-1.856, 8.164e-3
-1.857, 8.225e-3
-1.858, 8.290e-3
-1.859, 8.347e-3
-1.860, 8.403e-3
-1.861, 8.463e-3
-1.862, 8.520e-3
-1.863, 8.572e-3
-1.864, 8.638e-3
-1.865, 8.704e-3
-1.866, 8.761e-3
-1.867, 8.827e-3
-1.868, 8.898e-3
-1.869, 8.952e-3
-1.870, 9.016e-3
-1.871, 9.084e-3
-1.872, 9.142e-3
-1.873, 9.201e-3
-1.874, 9.258e-3
-1.875, 9.312e-3
-1.876, 9.373e-3
-1.877, 9.426e-3
-1.878, 9.466e-3
-1.879, 9.530e-3
-1.880, 9.586e-3
-1.881, 9.638e-3
-1.882, 9.709e-3
-1.883, 9.786e-3
-1.884, 9.843e-3
-1.885, 9.905e-3
-1.886, 9.962e-3
-1.887, 1.002e-2
-1.888, 1.007e-2
-1.889, 1.011e-2
-1.890, 1.015e-2
-1.891, 1.022e-2
-1.892, 1.027e-2
-1.893, 1.032e-2
-1.894, 1.038e-2
-1.895, 1.044e-2
-1.896, 1.049e-2
-1.897, 1.055e-2
-1.898, 1.060e-2
-1.899, 1.065e-2
-1.900, 1.068e-2
-1.899, 1.061e-2
-1.898, 1.055e-2
-1.897, 1.051e-2
-1.896, 1.044e-2
-1.895, 1.036e-2
-1.894, 1.029e-2
-1.893, 1.022e-2
-1.892, 1.015e-2
-1.891, 1.008e-2
-1.890, 1.001e-2
-1.889, 9.943e-3
-1.888, 9.880e-3
-1.887, 9.808e-3
-1.886, 9.760e-3
-1.885, 9.727e-3
-1.884, 9.661e-3
-1.883, 9.586e-3
-1.882, 9.532e-3
-1.881, 9.449e-3
-1.880, 9.380e-3
-1.879, 9.317e-3
-1.878, 9.236e-3
-1.877, 9.169e-3
-1.876, 9.109e-3
-1.875, 9.049e-3
-1.874, 9.015e-3
-1.873, 8.965e-3
-1.872, 8.895e-3
-1.871, 8.835e-3
-1.870, 8.772e-3
-1.869, 8.715e-3
-1.868, 8.658e-3
-1.867, 8.591e-3
-1.866, 8.525e-3
-1.865, 8.465e-3
-1.864, 8.404e-3
-1.863, 8.344e-3
-1.862, 8.283e-3
-1.861, 8.233e-3
-1.860, 8.162e-3
-1.859, 8.097e-3
-1.858, 8.046e-3
-1.857, 7.993e-3
-1.856, 7.960e-3
-1.855, 7.937e-3
-1.854, 7.893e-3
-1.853, 7.846e-3
-1.852, 7.783e-3
-1.851, 7.717e-3
-1.850, 7.658e-3
-1.849, 7.593e-3
-1.848, 7.525e-3
-1.847, 7.464e-3
-1.846, 7.409e-3
-1.845, 7.374e-3
-1.844, 7.340e-3
-1.843, 7.308e-3
-1.842, 7.253e-3
-1.841, 7.192e-3
-1.840, 7.136e-3
-1.839, 7.069e-3
-1.838, 6.999e-3
-1.837, 6.942e-3
-1.836, 6.881e-3
-1.835, 6.831e-3
-1.834, 6.799e-3
-1.833, 6.778e-3
-1.832, 6.746e-3
-1.831, 6.705e-3
-1.830, 6.652e-3
-1.829, 6.590e-3
-1.828, 6.536e-3
-1.827, 6.476e-3
-1.826, 6.421e-3
-1.825, 6.367e-3
-1.824, 6.316e-3
-1.823, 6.280e-3
-1.822, 6.229e-3
-1.821, 6.171e-3
-1.820, 6.119e-3
-1.819, 6.101e-3
-1.818, 6.063e-3
-1.817, 6.026e-3
-1.816, 5.988e-3
-1.815, 5.956e-3
-1.814, 5.906e-3
-1.813, 5.855e-3
-1.812, 5.801e-3
-1.811, 5.748e-3
-1.810, 5.703e-3
-1.809, 5.648e-3
-1.808, 5.592e-3
-1.807, 5.541e-3
-1.806, 5.489e-3
-1.805, 5.440e-3
-1.804, 5.400e-3
-1.803, 5.356e-3
-1.802, 5.332e-3
-1.801, 5.292e-3
-1.800, 5.248e-3
-1.799, 5.197e-3
-1.798, 5.153e-3
-1.797, 5.112e-3
-1.796, 5.085e-3
-1.795, 5.033e-3
-1.794, 4.987e-3
-1.793, 4.952e-3
-1.792, 4.918e-3
-1.791, 4.874e-3
-1.790, 4.824e-3
-1.789, 4.786e-3
-1.788, 4.752e-3
-1.787, 4.723e-3
-1.786, 4.675e-3
-1.785, 4.639e-3
-1.784, 4.594e-3
-1.783, 4.553e-3
-1.782, 4.510e-3
-1.781, 4.471e-3
-1.780, 4.429e-3
-1.779, 4.388e-3
-1.778, 4.342e-3
-1.777, 4.299e-3
-1.776, 4.258e-3
-1.775, 4.219e-3
-1.774, 4.186e-3
-1.773, 4.153e-3
-1.772, 4.115e-3
-1.771, 4.089e-3
-1.770, 4.047e-3
-1.769, 4.022e-3
-1.768, 3.989e-3
-1.767, 3.950e-3
-1.766, 3.909e-3
-1.765, 3.872e-3
-1.764, 3.837e-3
-1.763, 3.794e-3
-1.762, 3.757e-3
-1.761, 3.729e-3
-1.760, 3.689e-3
-1.759, 3.653e-3
-1.758, 3.616e-3
-1.757, 3.589e-3
-1.756, 3.555e-3
-1.755, 3.518e-3
-1.754, 3.479e-3
-1.753, 3.451e-3
-1.752, 3.437e-3
-1.751, 3.401e-3
-1.750, 3.368e-3
-1.749, 3.336e-3
-1.748, 3.303e-3
-1.747, 3.268e-3
-1.746, 3.237e-3
-1.745, 3.202e-3
-1.744, 3.166e-3
-1.743, 3.138e-3
-1.742, 3.111e-3
-1.741, 3.079e-3
-1.740, 3.045e-3
-1.739, 3.011e-3
-1.738, 2.980e-3
-1.737, 2.948e-3
-1.736, 2.915e-3
-1.735, 2.878e-3
-1.734, 2.842e-3
-1.733, 2.809e-3
-1.732, 2.778e-3
-1.731, 2.750e-3
-1.730, 2.720e-3
-1.729, 2.692e-3
-1.728, 2.666e-3
-1.727, 2.642e-3
-1.726, 2.614e-3
-1.725, 2.587e-3
-1.724, 2.557e-3
-1.723, 2.530e-3
-1.722, 2.499e-3
-1.721, 2.468e-3
-1.720, 2.436e-3
-1.719, 2.406e-3
-1.718, 2.380e-3
-1.717, 2.352e-3
-1.716, 2.321e-3
-1.715, 2.296e-3
-1.714, 2.270e-3
-1.713, 2.242e-3
-1.712, 2.216e-3
-1.711, 2.191e-3
-1.710, 2.167e-3
-1.709, 2.142e-3
-1.708, 2.116e-3
-1.707, 2.095e-3
-1.706, 2.069e-3
-1.705, 2.044e-3
-1.704, 2.019e-3
-1.703, 1.999e-3
-1.702, 1.976e-3
-1.701, 1.950e-3
-1.700, 1.927e-3
-1.699, 1.901e-3
-1.698, 1.877e-3
-1.697, 1.854e-3
-1.696, 1.830e-3
-1.695, 1.808e-3
-1.694, 1.791e-3
-1.693, 1.767e-3
-1.692, 1.748e-3
-1.691, 1.724e-3
-1.690, 1.699e-3
-1.689, 1.677e-3
-1.688, 1.657e-3
-1.687, 1.634e-3
-1.686, 1.611e-3
-1.685, 1.591e-3
-1.684, 1.569e-3
-1.683, 1.550e-3
-1.682, 1.532e-3
-1.681, 1.510e-3
-1.680, 1.490e-3
-1.679, 1.472e-3
-1.678, 1.452e-3
-1.677, 1.434e-3
-1.676, 1.414e-3
-1.675, 1.396e-3
-1.674, 1.376e-3
-1.673, 1.358e-3
-1.672, 1.338e-3
-1.671, 1.321e-3
-1.670, 1.300e-3
-1.669, 1.285e-3
-1.668, 1.265e-3
-1.667, 1.246e-3
-1.666, 1.230e-3
-1.665, 1.211e-3
-1.664, 1.198e-3
-1.663, 1.179e-3
-1.662, 1.163e-3
-1.661, 1.148e-3
-1.660, 1.128e-3
-1.659, 1.114e-3
-1.658, 1.095e-3
-1.657, 1.081e-3
-1.656, 1.065e-3
-1.655, 1.049e-3
-1.654, 1.037e-3
-1.653, 1.020e-3
-1.652, 1.005e-3
-1.651, 9.910e-4
-1.650, 9.750e-4
-1.649, 9.607e-4
-1.648, 9.465e-4
-1.647, 9.301e-4
-1.646, 9.168e-4
-1.645, 9.035e-4
-1.644, 8.889e-4
-1.643, 8.756e-4
-1.642, 8.630e-4
-1.641, 8.505e-4
-1.640, 8.364e-4
-1.639, 8.241e-4
-1.638, 8.097e-4
-1.637, 7.990e-4
-1.636, 7.868e-4
-1.635, 7.723e-4
-1.634, 7.607e-4
-1.633, 7.478e-4
-1.632, 7.370e-4
-1.631, 7.258e-4
-1.630, 7.138e-4
-1.629, 7.033e-4
-1.628, 6.931e-4
-1.627, 6.811e-4
-1.626, 6.695e-4
-1.625, 6.592e-4
-1.624, 6.490e-4
-1.623, 6.366e-4
-1.622, 6.282e-4
-1.621, 6.200e-4
-1.620, 6.082e-4
-1.619, 5.965e-4
-1.618, 5.878e-4
-1.617, 5.790e-4
-1.616, 5.696e-4
-1.615, 5.600e-4
-1.614, 5.512e-4
-1.613, 5.414e-4
-1.612, 5.331e-4
-1.611, 5.245e-4
-1.610, 5.157e-4
-1.609, 5.059e-4
-1.608, 4.974e-4
-1.607, 4.904e-4
-1.606, 4.816e-4
-1.605, 4.750e-4
-1.604, 4.665e-4
-1.603, 4.585e-4
-1.602, 4.504e-4
-1.601, 4.422e-4
-1.600, 4.339e-4
-1.599, 4.261e-4
-1.598, 4.192e-4
-1.597, 4.120e-4
-1.596, 4.060e-4
-1.595, 3.983e-4
-1.594, 3.910e-4
-1.593, 3.849e-4
-1.592, 3.770e-4
-1.591, 3.707e-4
-1.590, 3.653e-4
-1.589, 3.593e-4
-1.588, 3.519e-4
-1.587, 3.443e-4
-1.586, 3.385e-4
-1.585, 3.320e-4
-1.584, 3.268e-4
-1.583, 3.213e-4
-1.582, 3.157e-4
-1.581, 3.099e-4
-1.580, 3.036e-4
-1.579, 2.982e-4
-1.578, 2.928e-4
-1.577, 2.881e-4
-1.576, 2.830e-4
-1.575, 2.778e-4
-1.574, 2.719e-4
-1.573, 2.673e-4
-1.572, 2.619e-4
-1.571, 2.569e-4
-1.570, 2.520e-4
-1.569, 2.479e-4
-1.568, 2.437e-4
-1.567, 2.390e-4
-1.566, 2.340e-4
-1.565, 2.295e-4
-1.564, 2.252e-4
-1.563, 2.206e-4
-1.562, 2.175e-4
-1.561, 2.128e-4
-1.560, 2.089e-4
-1.559, 2.051e-4
-1.558, 2.015e-4
-1.557, 1.975e-4
-1.556, 1.932e-4
-1.555, 1.896e-4
-1.554, 1.858e-4
-1.553, 1.823e-4
-1.552, 1.784e-4
-1.551, 1.751e-4
-1.550, 1.713e-4
-1.549, 1.685e-4
-1.548, 1.653e-4
-1.547, 1.623e-4
-1.546, 1.585e-4
-1.545, 1.554e-4
-1.544, 1.523e-4
-1.543, 1.492e-4
-1.542, 1.456e-4
-1.541, 1.432e-4
-1.540, 1.405e-4
-1.539, 1.370e-4
-1.538, 1.347e-4
-1.537, 1.319e-4
-1.536, 1.289e-4
-1.535, 1.264e-4
-1.534, 1.239e-4
-1.533, 1.216e-4
-1.532, 1.189e-4
-1.531, 1.166e-4
-1.530, 1.138e-4
-1.529, 1.116e-4
-1.528, 1.093e-4
-1.527, 1.070e-4
-1.526, 1.047e-4
-1.525, 1.027e-4
-1.524, 1.003e-4
-1.523, 9.823e-5
-1.522, 9.596e-5
-1.521, 9.404e-5
-1.520, 9.222e-5
-1.519, 9.026e-5
-1.518, 8.823e-5
-1.517, 8.616e-5
-1.516, 8.432e-5
-1.515, 8.225e-5
-1.514, 8.050e-5
-1.513, 7.873e-5
-1.512, 7.706e-5
-1.511, 7.517e-5
-1.510, 7.346e-5
-1.509, 7.186e-5
-1.508, 7.035e-5
-1.507, 6.871e-5
-1.506, 6.704e-5
-1.505, 6.526e-5
-1.504, 6.398e-5
-1.503, 6.246e-5
-1.502, 6.109e-5
-1.501, 5.951e-5
-1.500, 5.822e-5
-1.499, 5.692e-5
-1.498, 5.556e-5
-1.497, 5.417e-5
-1.496, 5.311e-5
-1.495, 5.163e-5
-1.494, 5.034e-5
-1.493, 4.925e-5
-1.492, 4.800e-5
-1.491, 4.684e-5
-1.490, 4.574e-5
-1.489, 4.454e-5
-1.488, 4.364e-5
-1.487, 4.255e-5
-1.486, 4.139e-5
-1.485, 4.038e-5
-1.484, 3.938e-5
-1.483, 3.856e-5
-1.482, 3.744e-5
-1.481, 3.660e-5
-1.480, 3.550e-5
-1.479, 3.473e-5
-1.478, 3.378e-5
-1.477, 3.287e-5
-1.476, 3.205e-5
-1.475, 3.124e-5
-1.474, 3.030e-5
-1.473, 2.965e-5
-1.472, 2.874e-5
-1.471, 2.794e-5
-1.470, 2.714e-5
-1.469, 2.640e-5
-1.468, 2.576e-5
-1.467, 2.517e-5
-1.466, 2.432e-5
-1.465, 2.354e-5
-1.464, 2.304e-5
-1.463, 2.228e-5
-1.462, 2.166e-5
-1.461, 2.101e-5
-1.460, 2.037e-5
-1.459, 1.978e-5
-1.458, 1.925e-5
-1.457, 1.862e-5
-1.456, 1.797e-5
-1.455, 1.751e-5
-1.454, 1.702e-5
-1.453, 1.675e-5
-1.452, 1.606e-5
-1.451, 1.555e-5
-1.450, 1.515e-5
-1.449, 1.460e-5
-1.448, 1.432e-5
-1.447, 1.379e-5
-1.446, 1.322e-5
-1.445, 1.285e-5
-1.444, 1.239e-5
-1.443, 1.210e-5
-1.442, 1.167e-5
-1.441, 1.126e-5
-1.440, 1.082e-5
-1.439, 1.054e-5
-1.438, 1.033e-5
-1.437, 9.963e-6
-1.436, 9.548e-6
-1.435, 9.163e-6
-1.434, 8.848e-6
-1.433, 8.443e-6
-1.432, 8.187e-6
-1.431, 7.930e-6
-1.430, 7.555e-6
-1.429, 7.368e-6
-1.428, 7.111e-6
-1.427, 6.786e-6
-1.426, 6.500e-6
-1.425, 6.233e-6
-1.424, 5.997e-6
-1.423, 5.789e-6
-1.422, 5.553e-6
-1.421, 5.306e-6
-1.420, 5.049e-6
-1.419, 4.941e-6
-1.418, 4.714e-6
-1.417, 4.448e-6
-1.416, 4.231e-6
-1.415, 4.161e-6
-1.414, 3.865e-6
-1.413, 3.856e-6
-1.412, 3.491e-6
-1.411, 3.313e-6
-1.410, 3.224e-6
-1.409, 2.958e-6
-1.408, 2.859e-6
-1.407, 2.691e-6
-1.406, 2.405e-6
-1.405, 2.346e-6
-1.404, 2.218e-6
-1.403, 2.080e-6
-1.402, 1.764e-6
-1.401, 1.843e-6
-1.400, 1.527e-6
-1.399, 1.458e-6
-1.398, 1.399e-6
-1.397, 1.251e-6
-1.396, 1.103e-6
-1.395, 8.761e-7
-1.394, 7.972e-7
-1.393, 7.577e-7
-1.392, 5.111e-7
-1.391, 4.716e-7
-1.390, 3.828e-7
-1.389, 3.236e-7
-1.388, 1.263e-7
-1.387, 1.362e-7
-1.386, -1.184e-8
-1.385, -1.401e-7
-1.384, -3.670e-7
-1.383, -2.980e-7
-1.382, -3.670e-7
-1.381, -5.841e-7
-1.380, -5.446e-7
-1.379, -6.630e-7
-1.378, -6.827e-7
-1.377, -8.504e-7
-1.376, -9.096e-7
-1.375, -1.048e-6
-1.374, -1.146e-6
-1.373, -1.107e-6
-1.372, -1.344e-6
-1.371, -1.255e-6
-1.370, -1.354e-6
-1.369, -1.462e-6
-1.368, -1.324e-6
-1.367, -1.521e-6
-1.366, -1.699e-6
-1.365, -1.807e-6
-1.364, -1.699e-6
-1.363, -1.758e-6
-1.362, -1.857e-6
-1.361, -1.906e-6
-1.360, -1.926e-6
-1.359, -1.946e-6
-1.358, -1.985e-6
-1.357, -2.192e-6
-1.356, -2.094e-6
-1.355, -2.281e-6
-1.354, -2.370e-6
-1.353, -2.251e-6
-1.352, -2.281e-6
-1.351, -2.468e-6
-1.350, -2.538e-6
-1.349, -2.370e-6
-1.348, -2.429e-6
-1.347, -2.518e-6
-1.346, -2.518e-6
-1.345, -2.725e-6
-1.344, -2.764e-6
-1.343, -2.666e-6
-1.342, -2.636e-6
-1.341, -2.853e-6
-1.340, -2.834e-6
-1.339, -2.903e-6
-1.338, -2.853e-6
-1.337, -2.922e-6
-1.336, -2.903e-6
-1.335, -3.060e-6
-1.334, -3.060e-6
-1.333, -2.893e-6
-1.332, -3.060e-6
-1.331, -3.110e-6
-1.330, -3.159e-6
-1.329, -3.179e-6
-1.328, -3.149e-6
-1.327, -3.228e-6
-1.326, -3.248e-6
-1.325, -3.317e-6
-1.324, -3.356e-6
-1.323, -3.199e-6
-1.322, -3.366e-6
-1.321, -3.347e-6
-1.320, -3.504e-6
-1.319, -3.435e-6
-1.318, -3.366e-6
-1.317, -3.386e-6
-1.316, -3.475e-6
-1.315, -3.573e-6
-1.314, -3.544e-6
-1.313, -3.465e-6
-1.312, -3.692e-6
-1.311, -3.633e-6
-1.310, -3.603e-6
-1.309, -3.495e-6
-1.308, -3.554e-6
-1.307, -3.593e-6
-1.306, -3.613e-6
-1.305, -3.751e-6
-1.304, -3.840e-6
-1.303, -3.712e-6
-1.302, -3.840e-6
-1.301, -3.820e-6
-1.300, -3.869e-6
-1.299, -3.879e-6
-1.298, -3.790e-6
-1.297, -3.929e-6
-1.296, -3.751e-6
-1.295, -3.840e-6
-1.294, -3.810e-6
-1.293, -3.860e-6
-1.292, -3.998e-6
-1.291, -3.988e-6
-1.290, -3.938e-6
-1.289, -3.958e-6
-1.288, -4.008e-6
-1.287, -3.899e-6
-1.286, -4.017e-6
-1.285, -4.037e-6
-1.284, -3.919e-6
-1.283, -3.938e-6
-1.282, -3.810e-6
-1.281, -4.017e-6
-1.280, -4.077e-6
-1.279, -4.175e-6
-1.278, -4.077e-6
-1.277, -4.126e-6
-1.276, -4.185e-6
-1.275, -4.146e-6
-1.274, -4.313e-6
-1.273, -4.185e-6
-1.272, -4.165e-6
-1.271, -4.205e-6
-1.270, -4.215e-6
-1.269, -4.116e-6
-1.268, -4.254e-6
-1.267, -4.363e-6
-1.266, -4.195e-6
-1.265, -4.304e-6
-1.264, -4.195e-6
-1.263, -4.195e-6
-1.262, -4.313e-6
-1.261, -4.254e-6
-1.260, -4.392e-6
-1.259, -4.185e-6
-1.258, -4.304e-6
-1.257, -4.274e-6
-1.256, -4.343e-6
-1.255, -4.382e-6
-1.254, -4.471e-6
-1.253, -4.432e-6
-1.252, -4.382e-6
-1.251, -4.432e-6
-1.250, -4.491e-6
-1.249, -4.452e-6
-1.248, -4.402e-6
-1.247, -4.412e-6
-1.246, -4.491e-6
-1.245, -4.412e-6
-1.244, -4.373e-6
-1.243, -4.402e-6
-1.242, -4.580e-6
-1.241, -4.471e-6
-1.240, -4.452e-6
-1.239, -4.452e-6
-1.238, -4.392e-6
-1.237, -4.442e-6
-1.236, -4.402e-6
-1.235, -4.570e-6
-1.234, -4.540e-6
-1.233, -4.471e-6
-1.232, -4.550e-6
-1.231, -4.471e-6
-1.230, -4.511e-6
-1.229, -4.649e-6
-1.228, -4.678e-6
-1.227, -4.718e-6
-1.226, -4.678e-6
-1.225, -4.678e-6
-1.224, -4.659e-6
-1.223, -4.698e-6
-1.222, -4.698e-6
-1.221, -4.688e-6
-1.220, -4.708e-6
-1.219, -4.669e-6
-1.218, -4.836e-6
-1.217, -4.669e-6
-1.216, -4.629e-6
-1.215, -4.807e-6
-1.214, -4.757e-6
-1.213, -4.738e-6
-1.212, -4.728e-6
-1.211, -4.728e-6
-1.210, -4.767e-6
-1.209, -4.807e-6
-1.208, -4.738e-6
-1.207, -4.836e-6
-1.206, -4.738e-6
-1.205, -4.836e-6
-1.204, -4.817e-6
-1.203, -4.757e-6
-1.202, -4.797e-6
-1.201, -5.034e-6
-1.200, -4.807e-6
-1.199, -4.974e-6
-1.198, -4.787e-6
-1.197, -4.925e-6
-1.196, -5.014e-6
-1.195, -4.856e-6
-1.194, -4.965e-6
-1.193, -4.974e-6
-1.192, -4.856e-6
-1.191, -5.053e-6
-1.190, -4.955e-6
-1.189, -4.886e-6
-1.188, -4.974e-6
-1.187, -4.984e-6
-1.186, -5.093e-6
-1.185, -4.965e-6
-1.184, -5.063e-6
-1.183, -5.063e-6
-1.182, -5.024e-6
-1.181, -4.965e-6
-1.180, -5.043e-6
-1.179, -4.974e-6
-1.178, -5.034e-6
-1.177, -5.211e-6
-1.176, -5.172e-6
-1.175, -5.152e-6
-1.174, -5.172e-6
-1.173, -5.024e-6
-1.172, -5.113e-6
-1.171, -5.241e-6
-1.170, -5.103e-6
-1.169, -5.172e-6
-1.168, -5.290e-6
-1.167, -5.162e-6
-1.166, -5.231e-6
-1.165, -5.221e-6
-1.164, -5.261e-6
-1.163, -5.231e-6
-1.162, -5.231e-6
-1.161, -5.310e-6
-1.160, -5.300e-6
-1.159, -5.122e-6
-1.158, -5.162e-6
-1.157, -5.300e-6
-1.156, -5.320e-6
-1.155, -5.409e-6
-1.154, -5.320e-6
-1.153, -5.290e-6
-1.152, -5.359e-6
-1.151, -5.399e-6
-1.150, -5.379e-6
-1.149, -5.320e-6
-1.148, -5.339e-6
-1.147, -5.369e-6
-1.146, -5.448e-6
-1.145, -5.359e-6
-1.144, -5.399e-6
-1.143, -5.409e-6
-1.142, -5.468e-6
-1.141, -5.428e-6
-1.140, -5.557e-6
-1.139, -5.468e-6
-1.138, -5.497e-6
-1.137, -5.409e-6
-1.136, -5.517e-6
-1.135, -5.596e-6
-1.134, -5.487e-6
-1.133, -5.517e-6
-1.132, -5.527e-6
-1.131, -5.507e-6
-1.130, -5.566e-6
-1.129, -5.576e-6
-1.128, -5.409e-6
-1.127, -5.626e-6
-1.126, -5.566e-6
-1.125, -5.695e-6
-1.124, -5.616e-6
-1.123, -5.586e-6
-1.122, -5.724e-6
-1.121, -5.566e-6
-1.120, -5.734e-6
-1.119, -5.606e-6
-1.118, -5.596e-6
-1.117, -5.764e-6
-1.116, -5.626e-6
-1.115, -5.754e-6
-1.114, -5.833e-6
-1.113, -5.774e-6
-1.112, -5.704e-6
-1.111, -5.714e-6
-1.110, -5.843e-6
-1.109, -5.704e-6
-1.108, -5.764e-6
-1.107, -5.971e-6
-1.106, -5.793e-6
-1.105, -5.882e-6
-1.104, -5.823e-6
-1.103, -5.823e-6
-1.102, -5.922e-6
-1.101, -5.951e-6
-1.100, -5.971e-6
-1.099, -5.912e-6
-1.098, -6.000e-6
-1.097, -6.129e-6
-1.096, -6.070e-6
-1.095, -5.991e-6
-1.094, -6.040e-6
-1.093, -6.040e-6
-1.092, -6.139e-6
-1.091, -6.060e-6
-1.090, -6.109e-6
-1.089, -6.010e-6
-1.088, -6.237e-6
-1.087, -6.198e-6
-1.086, -6.079e-6
-1.085, -6.247e-6
-1.084, -6.099e-6
-1.083, -6.218e-6
-1.082, -6.287e-6
-1.081, -6.346e-6
-1.080, -6.277e-6
-1.079, -6.267e-6
-1.078, -6.287e-6
-1.077, -6.326e-6
-1.076, -6.366e-6
-1.075, -6.375e-6
-1.074, -6.425e-6
-1.073, -6.464e-6
-1.072, -6.454e-6
-1.071, -6.543e-6
-1.070, -6.504e-6
-1.069, -6.563e-6
-1.068, -6.543e-6
-1.067, -6.583e-6
-1.066, -6.494e-6
-1.065, -6.474e-6
-1.064, -6.563e-6
-1.063, -6.642e-6
-1.062, -6.652e-6
-1.061, -6.642e-6
-1.060, -6.642e-6
-1.059, -6.622e-6
-1.058, -6.652e-6
-1.057, -6.691e-6
-1.056, -6.691e-6
-1.055, -6.879e-6
-1.054, -6.721e-6
-1.053, -6.731e-6
-1.052, -6.800e-6
-1.051, -6.800e-6
-1.050, -7.007e-6
-1.049, -6.869e-6
-1.048, -6.809e-6
-1.047, -6.938e-6
-1.046, -6.928e-6
-1.045, -7.115e-6
-1.044, -6.928e-6
-1.043, -6.997e-6
-1.042, -7.056e-6
-1.041, -7.145e-6
-1.040, -7.145e-6
-1.039, -7.244e-6
-1.038, -7.105e-6
-1.037, -7.244e-6
-1.036, -7.204e-6
-1.035, -7.303e-6
-1.034, -7.303e-6
-1.033, -7.342e-6
-1.032, -7.224e-6
-1.031, -7.401e-6
-1.030, -7.372e-6
-1.029, -7.480e-6
-1.028, -7.510e-6
-1.027, -7.421e-6
-1.026, -7.451e-6
-1.025, -7.480e-6
-1.024, -7.618e-6
-1.023, -7.589e-6
-1.022, -7.648e-6
-1.021, -7.658e-6
-1.020, -7.806e-6
-1.019, -7.747e-6
-1.018, -7.786e-6
-1.017, -7.796e-6
-1.016, -7.875e-6
-1.015, -7.974e-6
-1.014, -7.944e-6
-1.013, -7.875e-6
-1.012, -7.875e-6
-1.011, -8.122e-6
-1.010, -8.013e-6
-1.009, -8.053e-6
-1.008, -8.181e-6
-1.007, -8.082e-6
-1.006, -8.201e-6
-1.005, -8.260e-6
-1.004, -8.289e-6
-1.003, -8.240e-6
-1.002, -8.358e-6
-1.001, -8.260e-6
