July 1, 2026   01:53:31
Cyclic Voltammetry
File: c:/users/guazh/data/20260623_doe_duplica2/2026-06-24-exp55\exp55-2026-07-01t01_22_17-h2koh\exp55_cv_sr_100mvs_efin_-2000mv.bin
Data Source:  Experiment
Instrument Model:  CHI760E
Header: CV ran at 100 mVs
Note: 

Init E (V) = -1
High E (V) = -1
Low E (V) = -2
Final E (V) = -1
Init P/N = N
Scan Rate (V/s) = 0.1
Segment = 3
Sample Interval (V) = 0.001
Quiet Time (sec) = 2
Sensitivity (A/V) = 0.01
Comp R (ohm) = 2.1

Results:

Channel 1:
Segment 1:

Segment 2:

Segment 3:

Potential/V, Current/A

-1.000, -3.445e-6
-1.001, -3.386e-6
-1.002, -3.179e-6
-1.003, -3.199e-6
-1.004, -3.041e-6
-1.005, -2.962e-6
-1.006, -2.952e-6
-1.007, -2.863e-6
-1.008, -2.863e-6
-1.009, -2.922e-6
-1.010, -2.912e-6
-1.011, -2.883e-6
-1.012, -2.607e-6
-1.013, -2.735e-6
-1.014, -2.686e-6
-1.015, -2.745e-6
-1.016, -2.547e-6
-1.017, -2.567e-6
-1.018, -2.488e-6
-1.019, -2.498e-6
-1.020, -2.607e-6
-1.021, -2.567e-6
-1.022, -2.390e-6
-1.023, -2.429e-6
-1.024, -2.370e-6
-1.025, -2.380e-6
-1.026, -2.242e-6
-1.027, -2.222e-6
-1.028, -2.133e-6
-1.029, -2.222e-6
-1.030, -2.163e-6
-1.031, -2.123e-6
-1.032, -2.034e-6
-1.033, -2.074e-6
-1.034, -2.133e-6
-1.035, -2.064e-6
-1.036, -2.113e-6
-1.037, -1.936e-6
-1.038, -1.965e-6
-1.039, -1.916e-6
-1.040, -1.926e-6
-1.041, -1.886e-6
-1.042, -1.857e-6
-1.043, -1.867e-6
-1.044, -1.847e-6
-1.045, -1.926e-6
-1.046, -1.896e-6
-1.047, -1.807e-6
-1.048, -1.798e-6
-1.049, -1.798e-6
-1.050, -1.748e-6
-1.051, -1.807e-6
-1.052, -1.620e-6
-1.053, -1.719e-6
-1.054, -1.699e-6
-1.055, -1.729e-6
-1.056, -1.659e-6
-1.057, -1.630e-6
-1.058, -1.620e-6
-1.059, -1.581e-6
-1.060, -1.640e-6
-1.061, -1.659e-6
-1.062, -1.531e-6
-1.063, -1.511e-6
-1.064, -1.561e-6
-1.065, -1.571e-6
-1.066, -1.472e-6
-1.067, -1.442e-6
-1.068, -1.452e-6
-1.069, -1.452e-6
-1.070, -1.462e-6
-1.071, -1.482e-6
-1.072, -1.383e-6
-1.073, -1.373e-6
-1.074, -1.511e-6
-1.075, -1.363e-6
-1.076, -1.324e-6
-1.077, -1.265e-6
-1.078, -1.344e-6
-1.079, -1.235e-6
-1.080, -1.354e-6
-1.081, -1.344e-6
-1.082, -1.344e-6
-1.083, -1.215e-6
-1.084, -1.324e-6
-1.085, -1.363e-6
-1.086, -1.304e-6
-1.087, -1.393e-6
-1.088, -1.077e-6
-1.089, -1.166e-6
-1.090, -1.275e-6
-1.091, -1.245e-6
-1.092, -1.235e-6
-1.093, -1.067e-6
-1.094, -1.275e-6
-1.095, -1.215e-6
-1.096, -1.137e-6
-1.097, -1.265e-6
-1.098, -1.028e-6
-1.099, -1.166e-6
-1.100, -1.176e-6
-1.101, -9.886e-7
-1.102, -9.787e-7
-1.103, -1.067e-6
-1.104, -1.146e-6
-1.105, -1.077e-6
-1.106, -1.008e-6
-1.107, -9.294e-7
-1.108, -1.038e-6
-1.109, -1.028e-6
-1.110, -1.176e-6
-1.111, -1.028e-6
-1.112, -9.886e-7
-1.113, -1.028e-6
-1.114, -9.688e-7
-1.115, -9.392e-7
-1.116, -8.702e-7
-1.117, -8.406e-7
-1.118, -8.899e-7
-1.119, -9.392e-7
-1.120, -8.011e-7
-1.121, -9.590e-7
-1.122, -8.406e-7
-1.123, -8.208e-7
-1.124, -8.208e-7
-1.125, -9.195e-7
-1.126, -8.011e-7
-1.127, -7.518e-7
-1.128, -7.912e-7
-1.129, -7.814e-7
-1.130, -8.110e-7
-1.131, -8.406e-7
-1.132, -6.235e-7
-1.133, -8.011e-7
-1.134, -7.814e-7
-1.135, -8.406e-7
-1.136, -7.222e-7
-1.137, -6.926e-7
-1.138, -6.433e-7
-1.139, -7.617e-7
-1.140, -7.419e-7
-1.141, -5.841e-7
-1.142, -5.742e-7
-1.143, -6.433e-7
-1.144, -7.222e-7
-1.145, -7.419e-7
-1.146, -5.446e-7
-1.147, -6.137e-7
-1.148, -6.729e-7
-1.149, -6.729e-7
-1.150, -5.939e-7
-1.151, -5.643e-7
-1.152, -5.643e-7
-1.153, -5.347e-7
-1.154, -5.742e-7
-1.155, -5.643e-7
-1.156, -5.643e-7
-1.157, -4.953e-7
-1.158, -5.643e-7
-1.159, -4.854e-7
-1.160, -6.038e-7
-1.161, -5.742e-7
-1.162, -4.953e-7
-1.163, -4.361e-7
-1.164, -5.446e-7
-1.165, -4.953e-7
-1.166, -4.459e-7
-1.167, -4.361e-7
-1.168, -4.657e-7
-1.169, -4.459e-7
-1.170, -4.657e-7
-1.171, -5.150e-7
-1.172, -2.980e-7
-1.173, -4.361e-7
-1.174, -3.473e-7
-1.175, -4.361e-7
-1.176, -5.545e-7
-1.177, -3.867e-7
-1.178, -2.782e-7
-1.179, -3.473e-7
-1.180, -2.585e-7
-1.181, -3.670e-7
-1.182, -2.190e-7
-1.183, -3.571e-7
-1.184, -3.571e-7
-1.185, -2.980e-7
-1.186, -2.585e-7
-1.187, -2.289e-7
-1.188, -2.684e-7
-1.189, -1.796e-7
-1.190, -3.177e-7
-1.191, -1.006e-7
-1.192, -2.980e-7
-1.193, -1.302e-7
-1.194, -1.204e-7
-1.195, -1.796e-7
-1.196, -1.993e-7
-1.197, -1.184e-8
-1.198, -2.190e-7
-1.199, -2.486e-7
-1.200, -1.500e-7
-1.201, -1.302e-7
-1.202, -1.894e-7
-1.203, -9.077e-8
-1.204, -1.184e-8
-1.205, -1.105e-7
-1.206, 4.736e-8
-1.207, -1.105e-7
-1.208, -6.117e-8
-1.209, -5.130e-8
-1.210, 5.722e-8
-1.211, -6.117e-8
-1.212, 2.762e-8
-1.213, 7.893e-9
-1.214, -3.157e-8
-1.215, -1.006e-7
-1.216, 7.893e-9
-1.217, 1.460e-7
-1.218, 9.669e-8
-1.219, 2.762e-8
-1.220, 1.559e-7
-1.221, 9.669e-8
-1.222, 1.263e-7
-1.223, 8.682e-8
-1.224, 1.066e-7
-1.225, 7.695e-8
-1.226, 6.709e-8
-1.227, 1.263e-7
-1.228, 1.657e-7
-1.229, 1.559e-7
-1.230, 2.348e-7
-1.231, 1.855e-7
-1.232, 2.348e-7
-1.233, 3.039e-7
-1.234, 2.841e-7
-1.235, 3.433e-7
-1.236, 3.236e-7
-1.237, 3.137e-7
-1.238, 2.940e-7
-1.239, 3.137e-7
-1.240, 4.420e-7
-1.241, 2.447e-7
-1.242, 4.025e-7
-1.243, 5.111e-7
-1.244, 3.927e-7
-1.245, 4.617e-7
-1.246, 4.321e-7
-1.247, 5.703e-7
-1.248, 4.519e-7
-1.249, 4.913e-7
-1.250, 4.223e-7
-1.251, 3.927e-7
-1.252, 5.604e-7
-1.253, 5.407e-7
-1.254, 5.998e-7
-1.255, 6.294e-7
-1.256, 5.111e-7
-1.257, 6.985e-7
-1.258, 5.801e-7
-1.259, 6.590e-7
-1.260, 5.209e-7
-1.261, 5.900e-7
-1.262, 5.209e-7
-1.263, 6.788e-7
-1.264, 7.084e-7
-1.265, 5.209e-7
-1.266, 6.097e-7
-1.267, 6.393e-7
-1.268, 6.788e-7
-1.269, 6.294e-7
-1.270, 6.985e-7
-1.271, 7.182e-7
-1.272, 7.972e-7
-1.273, 8.366e-7
-1.274, 7.281e-7
-1.275, 7.972e-7
-1.276, 7.873e-7
-1.277, 8.860e-7
-1.278, 8.268e-7
-1.279, 7.084e-7
-1.280, 8.564e-7
-1.281, 9.254e-7
-1.282, 8.958e-7
-1.283, 8.564e-7
-1.284, 8.662e-7
-1.285, 7.676e-7
-1.286, 9.353e-7
-1.287, 1.113e-6
-1.288, 9.748e-7
-1.289, 9.156e-7
-1.290, 9.156e-7
-1.291, 9.649e-7
-1.292, 9.156e-7
-1.293, 1.014e-6
-1.294, 9.748e-7
-1.295, 1.034e-6
-1.296, 1.054e-6
-1.297, 1.024e-6
-1.298, 1.083e-6
-1.299, 1.034e-6
-1.300, 1.064e-6
-1.301, 1.054e-6
-1.302, 1.093e-6
-1.303, 1.172e-6
-1.304, 1.024e-6
-1.305, 1.113e-6
-1.306, 1.162e-6
-1.307, 1.261e-6
-1.308, 1.271e-6
-1.309, 1.054e-6
-1.310, 1.290e-6
-1.311, 1.271e-6
-1.312, 1.399e-6
-1.313, 1.261e-6
-1.314, 1.202e-6
-1.315, 1.192e-6
-1.316, 1.251e-6
-1.317, 1.271e-6
-1.318, 1.290e-6
-1.319, 1.389e-6
-1.320, 1.330e-6
-1.321, 1.271e-6
-1.322, 1.429e-6
-1.323, 1.458e-6
-1.324, 1.340e-6
-1.325, 1.409e-6
-1.326, 1.508e-6
-1.327, 1.488e-6
-1.328, 1.498e-6
-1.329, 1.586e-6
-1.330, 1.468e-6
-1.331, 1.517e-6
-1.332, 1.596e-6
-1.333, 1.656e-6
-1.334, 1.626e-6
-1.335, 1.567e-6
-1.336, 1.547e-6
-1.337, 1.646e-6
-1.338, 1.705e-6
-1.339, 1.626e-6
-1.340, 1.656e-6
-1.341, 1.754e-6
-1.342, 1.705e-6
-1.343, 1.705e-6
-1.344, 1.833e-6
-1.345, 1.843e-6
-1.346, 1.853e-6
-1.347, 1.892e-6
-1.348, 1.873e-6
-1.349, 1.823e-6
-1.350, 1.794e-6
-1.351, 1.873e-6
-1.352, 1.971e-6
-1.353, 1.961e-6
-1.354, 1.833e-6
-1.355, 1.922e-6
-1.356, 1.922e-6
-1.357, 2.099e-6
-1.358, 2.198e-6
-1.359, 2.090e-6
-1.360, 2.070e-6
-1.361, 2.139e-6
-1.362, 2.070e-6
-1.363, 2.297e-6
-1.364, 2.188e-6
-1.365, 2.159e-6
-1.366, 2.109e-6
-1.367, 2.307e-6
-1.368, 2.297e-6
-1.369, 2.178e-6
-1.370, 2.188e-6
-1.371, 2.326e-6
-1.372, 2.267e-6
-1.373, 2.326e-6
-1.374, 2.287e-6
-1.375, 2.346e-6
-1.376, 2.346e-6
-1.377, 2.405e-6
-1.378, 2.435e-6
-1.379, 2.405e-6
-1.380, 2.405e-6
-1.381, 2.494e-6
-1.382, 2.573e-6
-1.383, 2.751e-6
-1.384, 2.711e-6
-1.385, 2.672e-6
-1.386, 2.455e-6
-1.387, 2.731e-6
-1.388, 2.751e-6
-1.389, 2.622e-6
-1.390, 2.622e-6
-1.391, 2.731e-6
-1.392, 2.741e-6
-1.393, 2.810e-6
-1.394, 2.691e-6
-1.395, 2.830e-6
-1.396, 2.879e-6
-1.397, 2.889e-6
-1.398, 2.928e-6
-1.399, 2.918e-6
-1.400, 2.899e-6
-1.401, 2.899e-6
-1.402, 2.978e-6
-1.403, 2.987e-6
-1.404, 3.047e-6
-1.405, 3.007e-6
-1.406, 3.037e-6
-1.407, 3.096e-6
-1.408, 3.323e-6
-1.409, 3.274e-6
-1.410, 3.195e-6
-1.411, 3.264e-6
-1.412, 3.165e-6
-1.413, 3.303e-6
-1.414, 3.293e-6
-1.415, 3.382e-6
-1.416, 3.392e-6
-1.417, 3.441e-6
-1.418, 3.481e-6
-1.419, 3.451e-6
-1.420, 3.431e-6
-1.421, 3.510e-6
-1.422, 3.609e-6
-1.423, 3.698e-6
-1.424, 3.560e-6
-1.425, 3.629e-6
-1.426, 3.619e-6
-1.427, 3.698e-6
-1.428, 3.757e-6
-1.429, 3.816e-6
-1.430, 3.727e-6
-1.431, 3.816e-6
-1.432, 3.905e-6
-1.433, 3.964e-6
-1.434, 3.935e-6
-1.435, 3.925e-6
-1.436, 3.994e-6
-1.437, 4.122e-6
-1.438, 4.161e-6
-1.439, 4.152e-6
-1.440, 4.240e-6
-1.441, 4.161e-6
-1.442, 4.231e-6
-1.443, 4.359e-6
-1.444, 4.309e-6
-1.445, 4.319e-6
-1.446, 4.369e-6
-1.447, 4.408e-6
-1.448, 4.586e-6
-1.449, 4.605e-6
-1.450, 4.526e-6
-1.451, 4.576e-6
-1.452, 4.704e-6
-1.453, 4.714e-6
-1.454, 4.704e-6
-1.455, 4.753e-6
-1.456, 4.684e-6
-1.457, 4.773e-6
-1.458, 4.941e-6
-1.459, 4.951e-6
-1.460, 4.970e-6
-1.461, 4.941e-6
-1.462, 5.089e-6
-1.463, 5.168e-6
-1.464, 5.118e-6
-1.465, 5.099e-6
-1.466, 5.345e-6
-1.467, 5.355e-6
-1.468, 5.444e-6
-1.469, 5.355e-6
-1.470, 5.326e-6
-1.471, 5.385e-6
-1.472, 5.631e-6
-1.473, 5.592e-6
-1.474, 5.681e-6
-1.475, 5.592e-6
-1.476, 5.730e-6
-1.477, 5.868e-6
-1.478, 5.888e-6
-1.479, 5.997e-6
-1.480, 5.977e-6
-1.481, 6.036e-6
-1.482, 6.115e-6
-1.483, 6.145e-6
-1.484, 6.145e-6
-1.485, 6.302e-6
-1.486, 6.401e-6
-1.487, 6.460e-6
-1.488, 6.391e-6
-1.489, 6.421e-6
-1.490, 6.460e-6
-1.491, 6.648e-6
-1.492, 6.766e-6
-1.493, 6.658e-6
-1.494, 6.904e-6
-1.495, 6.973e-6
-1.496, 6.993e-6
-1.497, 7.023e-6
-1.498, 7.190e-6
-1.499, 7.240e-6
-1.500, 7.259e-6
-1.501, 7.358e-6
-1.502, 7.536e-6
-1.503, 7.526e-6
-1.504, 7.674e-6
-1.505, 7.555e-6
-1.506, 7.595e-6
-1.507, 7.782e-6
-1.508, 7.940e-6
-1.509, 8.059e-6
-1.510, 8.029e-6
-1.511, 8.246e-6
-1.512, 8.226e-6
-1.513, 8.414e-6
-1.514, 8.473e-6
-1.515, 8.601e-6
-1.516, 8.631e-6
-1.517, 8.749e-6
-1.518, 8.808e-6
-1.519, 8.966e-6
-1.520, 8.956e-6
-1.521, 9.035e-6
-1.522, 9.262e-6
-1.523, 9.282e-6
-1.524, 9.420e-6
-1.525, 9.529e-6
-1.526, 9.815e-6
-1.527, 9.775e-6
-1.528, 9.973e-6
-1.529, 9.923e-6
-1.530, 1.011e-5
-1.531, 1.018e-5
-1.532, 1.045e-5
-1.533, 1.037e-5
-1.534, 1.048e-5
-1.535, 1.068e-5
-1.536, 1.092e-5
-1.537, 1.092e-5
-1.538, 1.126e-5
-1.539, 1.124e-5
-1.540, 1.132e-5
-1.541, 1.151e-5
-1.542, 1.166e-5
-1.543, 1.195e-5
-1.544, 1.200e-5
-1.545, 1.211e-5
-1.546, 1.239e-5
-1.547, 1.245e-5
-1.548, 1.263e-5
-1.549, 1.285e-5
-1.550, 1.292e-5
-1.551, 1.304e-5
-1.552, 1.324e-5
-1.553, 1.346e-5
-1.554, 1.364e-5
-1.555, 1.374e-5
-1.556, 1.401e-5
-1.557, 1.401e-5
-1.558, 1.438e-5
-1.559, 1.454e-5
-1.560, 1.447e-5
-1.561, 1.473e-5
-1.562, 1.511e-5
-1.563, 1.540e-5
-1.564, 1.561e-5
-1.565, 1.581e-5
-1.566, 1.600e-5
-1.567, 1.604e-5
-1.568, 1.636e-5
-1.569, 1.664e-5
-1.570, 1.676e-5
-1.571, 1.694e-5
-1.572, 1.725e-5
-1.573, 1.762e-5
-1.574, 1.774e-5
-1.575, 1.787e-5
-1.576, 1.823e-5
-1.577, 1.858e-5
-1.578, 1.875e-5
-1.579, 1.889e-5
-1.580, 1.927e-5
-1.581, 1.967e-5
-1.582, 1.983e-5
-1.583, 2.022e-5
-1.584, 2.038e-5
-1.585, 2.059e-5
-1.586, 2.102e-5
-1.587, 2.129e-5
-1.588, 2.183e-5
-1.589, 2.205e-5
-1.590, 2.235e-5
-1.591, 2.260e-5
-1.592, 2.293e-5
-1.593, 2.327e-5
-1.594, 2.350e-5
-1.595, 2.401e-5
-1.596, 2.439e-5
-1.597, 2.477e-5
-1.598, 2.511e-5
-1.599, 2.537e-5
-1.600, 2.597e-5
-1.601, 2.614e-5
-1.602, 2.661e-5
-1.603, 2.713e-5
-1.604, 2.744e-5
-1.605, 2.772e-5
-1.606, 2.830e-5
-1.607, 2.875e-5
-1.608, 2.903e-5
-1.609, 2.959e-5
-1.610, 3.000e-5
-1.611, 3.044e-5
-1.612, 3.099e-5
-1.613, 3.150e-5
-1.614, 3.186e-5
-1.615, 3.231e-5
-1.616, 3.289e-5
-1.617, 3.342e-5
-1.618, 3.393e-5
-1.619, 3.433e-5
-1.620, 3.489e-5
-1.621, 3.534e-5
-1.622, 3.597e-5
-1.623, 3.652e-5
-1.624, 3.704e-5
-1.625, 3.758e-5
-1.626, 3.821e-5
-1.627, 3.885e-5
-1.628, 3.932e-5
-1.629, 4.007e-5
-1.630, 4.066e-5
-1.631, 4.120e-5
-1.632, 4.182e-5
-1.633, 4.255e-5
-1.634, 4.313e-5
-1.635, 4.386e-5
-1.636, 4.441e-5
-1.637, 4.515e-5
-1.638, 4.610e-5
-1.639, 4.676e-5
-1.640, 4.758e-5
-1.641, 4.819e-5
-1.642, 4.902e-5
-1.643, 4.990e-5
-1.644, 5.047e-5
-1.645, 5.126e-5
-1.646, 5.221e-5
-1.647, 5.296e-5
-1.648, 5.368e-5
-1.649, 5.457e-5
-1.650, 5.546e-5
-1.651, 5.621e-5
-1.652, 5.714e-5
-1.653, 5.809e-5
-1.654, 5.905e-5
-1.655, 5.989e-5
-1.656, 6.095e-5
-1.657, 6.177e-5
-1.658, 6.283e-5
-1.659, 6.371e-5
-1.660, 6.473e-5
-1.661, 6.577e-5
-1.662, 6.677e-5
-1.663, 6.793e-5
-1.664, 6.890e-5
-1.665, 6.998e-5
-1.666, 7.114e-5
-1.667, 7.243e-5
-1.668, 7.341e-5
-1.669, 7.453e-5
-1.670, 7.581e-5
-1.671, 7.701e-5
-1.672, 7.813e-5
-1.673, 7.945e-5
-1.674, 8.065e-5
-1.675, 8.194e-5
-1.676, 8.326e-5
-1.677, 8.472e-5
-1.678, 8.598e-5
-1.679, 8.737e-5
-1.680, 8.886e-5
-1.681, 9.019e-5
-1.682, 9.177e-5
-1.683, 9.324e-5
-1.684, 9.465e-5
-1.685, 9.609e-5
-1.686, 9.779e-5
-1.687, 9.938e-5
-1.688, 1.009e-4
-1.689, 1.025e-4
-1.690, 1.043e-4
-1.691, 1.059e-4
-1.692, 1.077e-4
-1.693, 1.093e-4
-1.694, 1.111e-4
-1.695, 1.128e-4
-1.696, 1.146e-4
-1.697, 1.166e-4
-1.698, 1.183e-4
-1.699, 1.203e-4
-1.700, 1.221e-4
-1.701, 1.241e-4
-1.702, 1.262e-4
-1.703, 1.283e-4
-1.704, 1.302e-4
-1.705, 1.324e-4
-1.706, 1.346e-4
-1.707, 1.367e-4
-1.708, 1.390e-4
-1.709, 1.412e-4
-1.710, 1.435e-4
-1.711, 1.457e-4
-1.712, 1.482e-4
-1.713, 1.507e-4
-1.714, 1.531e-4
-1.715, 1.557e-4
-1.716, 1.581e-4
-1.717, 1.608e-4
-1.718, 1.635e-4
-1.719, 1.661e-4
-1.720, 1.688e-4
-1.721, 1.715e-4
-1.722, 1.743e-4
-1.723, 1.773e-4
-1.724, 1.800e-4
-1.725, 1.829e-4
-1.726, 1.860e-4
-1.727, 1.890e-4
-1.728, 1.921e-4
-1.729, 1.953e-4
-1.730, 1.984e-4
-1.731, 2.016e-4
-1.732, 2.051e-4
-1.733, 2.085e-4
-1.734, 2.118e-4
-1.735, 2.152e-4
-1.736, 2.187e-4
-1.737, 2.224e-4
-1.738, 2.258e-4
-1.739, 2.295e-4
-1.740, 2.332e-4
-1.741, 2.370e-4
-1.742, 2.410e-4
-1.743, 2.449e-4
-1.744, 2.488e-4
-1.745, 2.530e-4
-1.746, 2.572e-4
-1.747, 2.615e-4
-1.748, 2.658e-4
-1.749, 2.700e-4
-1.750, 2.744e-4
-1.751, 2.791e-4
-1.752, 2.836e-4
-1.753, 2.884e-4
-1.754, 2.931e-4
-1.755, 2.980e-4
-1.756, 3.029e-4
-1.757, 3.080e-4
-1.758, 3.132e-4
-1.759, 3.184e-4
-1.760, 3.235e-4
-1.761, 3.289e-4
-1.762, 3.344e-4
-1.763, 3.400e-4
-1.764, 3.456e-4
-1.765, 3.512e-4
-1.766, 3.570e-4
-1.767, 3.631e-4
-1.768, 3.693e-4
-1.769, 3.753e-4
-1.770, 3.815e-4
-1.771, 3.879e-4
-1.772, 3.943e-4
-1.773, 4.008e-4
-1.774, 4.075e-4
-1.775, 4.140e-4
-1.776, 4.206e-4
-1.777, 4.276e-4
-1.778, 4.346e-4
-1.779, 4.419e-4
-1.780, 4.491e-4
-1.781, 4.568e-4
-1.782, 4.644e-4
-1.783, 4.721e-4
-1.784, 4.799e-4
-1.785, 4.879e-4
-1.786, 4.959e-4
-1.787, 5.041e-4
-1.788, 5.125e-4
-1.789, 5.209e-4
-1.790, 5.297e-4
-1.791, 5.383e-4
-1.792, 5.474e-4
-1.793, 5.565e-4
-1.794, 5.658e-4
-1.795, 5.753e-4
-1.796, 5.849e-4
-1.797, 5.943e-4
-1.798, 6.040e-4
-1.799, 6.140e-4
-1.800, 6.239e-4
-1.801, 6.341e-4
-1.802, 6.447e-4
-1.803, 6.552e-4
-1.804, 6.663e-4
-1.805, 6.772e-4
-1.806, 6.885e-4
-1.807, 6.998e-4
-1.808, 7.113e-4
-1.809, 7.229e-4
-1.810, 7.344e-4
-1.811, 7.465e-4
-1.812, 7.590e-4
-1.813, 7.712e-4
-1.814, 7.840e-4
-1.815, 7.971e-4
-1.816, 8.101e-4
-1.817, 8.237e-4
-1.818, 8.374e-4
-1.819, 8.509e-4
-1.820, 8.643e-4
-1.821, 8.785e-4
-1.822, 8.927e-4
-1.823, 9.072e-4
-1.824, 9.218e-4
-1.825, 9.366e-4
-1.826, 9.517e-4
-1.827, 9.670e-4
-1.828, 9.826e-4
-1.829, 9.982e-4
-1.830, 1.014e-3
-1.831, 1.030e-3
-1.832, 1.046e-3
-1.833, 1.063e-3
-1.834, 1.080e-3
-1.835, 1.097e-3
-1.836, 1.114e-3
-1.837, 1.132e-3
-1.838, 1.150e-3
-1.839, 1.168e-3
-1.840, 1.186e-3
-1.841, 1.204e-3
-1.842, 1.222e-3
-1.843, 1.241e-3
-1.844, 1.260e-3
-1.845, 1.279e-3
-1.846, 1.299e-3
-1.847, 1.320e-3
-1.848, 1.340e-3
-1.849, 1.360e-3
-1.850, 1.381e-3
-1.851, 1.402e-3
-1.852, 1.423e-3
-1.853, 1.445e-3
-1.854, 1.467e-3
-1.855, 1.489e-3
-1.856, 1.511e-3
-1.857, 1.534e-3
-1.858, 1.556e-3
-1.859, 1.580e-3
-1.860, 1.603e-3
-1.861, 1.627e-3
-1.862, 1.651e-3
-1.863, 1.676e-3
-1.864, 1.700e-3
-1.865, 1.725e-3
-1.866, 1.750e-3
-1.867, 1.775e-3
-1.868, 1.801e-3
-1.869, 1.826e-3
-1.870, 1.852e-3
-1.871, 1.879e-3
-1.872, 1.905e-3
-1.873, 1.932e-3
-1.874, 1.959e-3
-1.875, 1.986e-3
-1.876, 2.014e-3
-1.877, 2.042e-3
-1.878, 2.070e-3
-1.879, 2.098e-3
-1.880, 2.126e-3
-1.881, 2.155e-3
-1.882, 2.184e-3
-1.883, 2.214e-3
-1.884, 2.243e-3
-1.885, 2.274e-3
-1.886, 2.303e-3
-1.887, 2.334e-3
-1.888, 2.364e-3
-1.889, 2.395e-3
-1.890, 2.427e-3
-1.891, 2.458e-3
-1.892, 2.491e-3
-1.893, 2.523e-3
-1.894, 2.555e-3
-1.895, 2.588e-3
-1.896, 2.620e-3
-1.897, 2.653e-3
-1.898, 2.686e-3
-1.899, 2.719e-3
-1.900, 2.753e-3
-1.901, 2.786e-3
-1.902, 2.820e-3
-1.903, 2.855e-3
-1.904, 2.889e-3
-1.905, 2.924e-3
-1.906, 2.960e-3
-1.907, 2.995e-3
-1.908, 3.030e-3
-1.909, 3.066e-3
-1.910, 3.103e-3
-1.911, 3.139e-3
-1.912, 3.176e-3
-1.913, 3.214e-3
-1.914, 3.252e-3
-1.915, 3.290e-3
-1.916, 3.328e-3
-1.917, 3.365e-3
-1.918, 3.403e-3
-1.919, 3.442e-3
-1.920, 3.480e-3
-1.921, 3.519e-3
-1.922, 3.558e-3
-1.923, 3.597e-3
-1.924, 3.636e-3
-1.925, 3.676e-3
-1.926, 3.716e-3
-1.927, 3.756e-3
-1.928, 3.796e-3
-1.929, 3.836e-3
-1.930, 3.877e-3
-1.931, 3.917e-3
-1.932, 3.959e-3
-1.933, 4.002e-3
-1.934, 4.043e-3
-1.935, 4.084e-3
-1.936, 4.126e-3
-1.937, 4.169e-3
-1.938, 4.209e-3
-1.939, 4.252e-3
-1.940, 4.294e-3
-1.941, 4.337e-3
-1.942, 4.379e-3
-1.943, 4.423e-3
-1.944, 4.466e-3
-1.945, 4.510e-3
-1.946, 4.554e-3
-1.947, 4.599e-3
-1.948, 4.644e-3
-1.949, 4.688e-3
-1.950, 4.733e-3
-1.951, 4.780e-3
-1.952, 4.824e-3
-1.953, 4.870e-3
-1.954, 4.917e-3
-1.955, 4.964e-3
-1.956, 5.010e-3
-1.957, 5.059e-3
-1.958, 5.105e-3
-1.959, 5.152e-3
-1.960, 5.198e-3
-1.961, 5.247e-3
-1.962, 5.296e-3
-1.963, 5.342e-3
-1.964, 5.390e-3
-1.965, 5.440e-3
-1.966, 5.488e-3
-1.967, 5.536e-3
-1.968, 5.585e-3
-1.969, 5.634e-3
-1.970, 5.683e-3
-1.971, 5.733e-3
-1.972, 5.783e-3
-1.973, 5.832e-3
-1.974, 5.880e-3
-1.975, 5.930e-3
-1.976, 5.978e-3
-1.977, 6.026e-3
-1.978, 6.076e-3
-1.979, 6.125e-3
-1.980, 6.174e-3
-1.981, 6.223e-3
-1.982, 6.273e-3
-1.983, 6.324e-3
-1.984, 6.374e-3
-1.985, 6.424e-3
-1.986, 6.476e-3
-1.987, 6.528e-3
-1.988, 6.578e-3
-1.989, 6.631e-3
-1.990, 6.684e-3
-1.991, 6.735e-3
-1.992, 6.785e-3
-1.993, 6.839e-3
-1.994, 6.894e-3
-1.995, 6.944e-3
-1.996, 6.998e-3
-1.997, 7.048e-3
-1.998, 7.099e-3
-1.999, 7.151e-3
-2.000, 7.161e-3
-1.999, 7.121e-3
-1.998, 7.078e-3
-1.997, 7.035e-3
-1.996, 6.993e-3
-1.995, 6.949e-3
-1.994, 6.905e-3
-1.993, 6.861e-3
-1.992, 6.816e-3
-1.991, 6.773e-3
-1.990, 6.727e-3
-1.989, 6.683e-3
-1.988, 6.637e-3
-1.987, 6.594e-3
-1.986, 6.551e-3
-1.985, 6.510e-3
-1.984, 6.465e-3
-1.983, 6.421e-3
-1.982, 6.380e-3
-1.981, 6.335e-3
-1.980, 6.290e-3
-1.979, 6.246e-3
-1.978, 6.204e-3
-1.977, 6.159e-3
-1.976, 6.116e-3
-1.975, 6.076e-3
-1.974, 6.032e-3
-1.973, 5.988e-3
-1.972, 5.945e-3
-1.971, 5.903e-3
-1.970, 5.865e-3
-1.969, 5.820e-3
-1.968, 5.778e-3
-1.967, 5.737e-3
-1.966, 5.696e-3
-1.965, 5.654e-3
-1.964, 5.613e-3
-1.963, 5.571e-3
-1.962, 5.528e-3
-1.961, 5.487e-3
-1.960, 5.447e-3
-1.959, 5.403e-3
-1.958, 5.361e-3
-1.957, 5.321e-3
-1.956, 5.281e-3
-1.955, 5.244e-3
-1.954, 5.208e-3
-1.953, 5.167e-3
-1.952, 5.126e-3
-1.951, 5.085e-3
-1.950, 5.046e-3
-1.949, 5.008e-3
-1.948, 4.967e-3
-1.947, 4.927e-3
-1.946, 4.890e-3
-1.945, 4.853e-3
-1.944, 4.818e-3
-1.943, 4.779e-3
-1.942, 4.740e-3
-1.941, 4.702e-3
-1.940, 4.667e-3
-1.939, 4.629e-3
-1.938, 4.590e-3
-1.937, 4.554e-3
-1.936, 4.517e-3
-1.935, 4.480e-3
-1.934, 4.442e-3
-1.933, 4.406e-3
-1.932, 4.372e-3
-1.931, 4.337e-3
-1.930, 4.300e-3
-1.929, 4.266e-3
-1.928, 4.231e-3
-1.927, 4.195e-3
-1.926, 4.161e-3
-1.925, 4.125e-3
-1.924, 4.095e-3
-1.923, 4.059e-3
-1.922, 4.024e-3
-1.921, 3.989e-3
-1.920, 3.953e-3
-1.919, 3.918e-3
-1.918, 3.884e-3
-1.917, 3.852e-3
-1.916, 3.819e-3
-1.915, 3.786e-3
-1.914, 3.754e-3
-1.913, 3.721e-3
-1.912, 3.691e-3
-1.911, 3.663e-3
-1.910, 3.629e-3
-1.909, 3.597e-3
-1.908, 3.565e-3
-1.907, 3.533e-3
-1.906, 3.501e-3
-1.905, 3.468e-3
-1.904, 3.437e-3
-1.903, 3.409e-3
-1.902, 3.380e-3
-1.901, 3.348e-3
-1.900, 3.317e-3
-1.899, 3.287e-3
-1.898, 3.257e-3
-1.897, 3.226e-3
-1.896, 3.197e-3
-1.895, 3.167e-3
-1.894, 3.136e-3
-1.893, 3.106e-3
-1.892, 3.078e-3
-1.891, 3.048e-3
-1.890, 3.019e-3
-1.889, 2.991e-3
-1.888, 2.964e-3
-1.887, 2.935e-3
-1.886, 2.906e-3
-1.885, 2.881e-3
-1.884, 2.852e-3
-1.883, 2.824e-3
-1.882, 2.797e-3
-1.881, 2.772e-3
-1.880, 2.745e-3
-1.879, 2.718e-3
-1.878, 2.692e-3
-1.877, 2.666e-3
-1.876, 2.640e-3
-1.875, 2.615e-3
-1.874, 2.589e-3
-1.873, 2.563e-3
-1.872, 2.538e-3
-1.871, 2.513e-3
-1.870, 2.487e-3
-1.869, 2.462e-3
-1.868, 2.437e-3
-1.867, 2.413e-3
-1.866, 2.388e-3
-1.865, 2.364e-3
-1.864, 2.340e-3
-1.863, 2.315e-3
-1.862, 2.291e-3
-1.861, 2.269e-3
-1.860, 2.247e-3
-1.859, 2.224e-3
-1.858, 2.201e-3
-1.857, 2.178e-3
-1.856, 2.155e-3
-1.855, 2.132e-3
-1.854, 2.110e-3
-1.853, 2.087e-3
-1.852, 2.065e-3
-1.851, 2.043e-3
-1.850, 2.020e-3
-1.849, 1.999e-3
-1.848, 1.978e-3
-1.847, 1.956e-3
-1.846, 1.935e-3
-1.845, 1.913e-3
-1.844, 1.892e-3
-1.843, 1.871e-3
-1.842, 1.850e-3
-1.841, 1.830e-3
-1.840, 1.810e-3
-1.839, 1.790e-3
-1.838, 1.770e-3
-1.837, 1.750e-3
-1.836, 1.730e-3
-1.835, 1.712e-3
-1.834, 1.692e-3
-1.833, 1.673e-3
-1.832, 1.654e-3
-1.831, 1.635e-3
-1.830, 1.616e-3
-1.829, 1.597e-3
-1.828, 1.578e-3
-1.827, 1.560e-3
-1.826, 1.542e-3
-1.825, 1.524e-3
-1.824, 1.506e-3
-1.823, 1.488e-3
-1.822, 1.471e-3
-1.821, 1.453e-3
-1.820, 1.435e-3
-1.819, 1.418e-3
-1.818, 1.402e-3
-1.817, 1.385e-3
-1.816, 1.368e-3
-1.815, 1.351e-3
-1.814, 1.335e-3
-1.813, 1.318e-3
-1.812, 1.302e-3
-1.811, 1.286e-3
-1.810, 1.270e-3
-1.809, 1.254e-3
-1.808, 1.239e-3
-1.807, 1.223e-3
-1.806, 1.209e-3
-1.805, 1.195e-3
-1.804, 1.180e-3
-1.803, 1.165e-3
-1.802, 1.150e-3
-1.801, 1.136e-3
-1.800, 1.121e-3
-1.799, 1.107e-3
-1.798, 1.093e-3
-1.797, 1.079e-3
-1.796, 1.065e-3
-1.795, 1.051e-3
-1.794, 1.038e-3
-1.793, 1.024e-3
-1.792, 1.011e-3
-1.791, 9.977e-4
-1.790, 9.848e-4
-1.789, 9.718e-4
-1.788, 9.589e-4
-1.787, 9.466e-4
-1.786, 9.350e-4
-1.785, 9.225e-4
-1.784, 9.101e-4
-1.783, 8.978e-4
-1.782, 8.860e-4
-1.781, 8.741e-4
-1.780, 8.623e-4
-1.779, 8.508e-4
-1.778, 8.393e-4
-1.777, 8.280e-4
-1.776, 8.163e-4
-1.775, 8.051e-4
-1.774, 7.942e-4
-1.773, 7.834e-4
-1.772, 7.727e-4
-1.771, 7.621e-4
-1.770, 7.515e-4
-1.769, 7.410e-4
-1.768, 7.309e-4
-1.767, 7.208e-4
-1.766, 7.113e-4
-1.765, 7.010e-4
-1.764, 6.913e-4
-1.763, 6.814e-4
-1.762, 6.720e-4
-1.761, 6.621e-4
-1.760, 6.527e-4
-1.759, 6.434e-4
-1.758, 6.342e-4
-1.757, 6.253e-4
-1.756, 6.164e-4
-1.755, 6.077e-4
-1.754, 5.990e-4
-1.753, 5.905e-4
-1.752, 5.822e-4
-1.751, 5.737e-4
-1.750, 5.652e-4
-1.749, 5.570e-4
-1.748, 5.487e-4
-1.747, 5.408e-4
-1.746, 5.329e-4
-1.745, 5.250e-4
-1.744, 5.172e-4
-1.743, 5.097e-4
-1.742, 5.022e-4
-1.741, 4.946e-4
-1.740, 4.874e-4
-1.739, 4.802e-4
-1.738, 4.730e-4
-1.737, 4.660e-4
-1.736, 4.591e-4
-1.735, 4.520e-4
-1.734, 4.451e-4
-1.733, 4.385e-4
-1.732, 4.319e-4
-1.731, 4.253e-4
-1.730, 4.191e-4
-1.729, 4.130e-4
-1.728, 4.068e-4
-1.727, 4.008e-4
-1.726, 3.948e-4
-1.725, 3.888e-4
-1.724, 3.829e-4
-1.723, 3.770e-4
-1.722, 3.713e-4
-1.721, 3.656e-4
-1.720, 3.599e-4
-1.719, 3.544e-4
-1.718, 3.490e-4
-1.717, 3.437e-4
-1.716, 3.382e-4
-1.715, 3.329e-4
-1.714, 3.277e-4
-1.713, 3.226e-4
-1.712, 3.178e-4
-1.711, 3.128e-4
-1.710, 3.078e-4
-1.709, 3.028e-4
-1.708, 2.981e-4
-1.707, 2.935e-4
-1.706, 2.887e-4
-1.705, 2.841e-4
-1.704, 2.797e-4
-1.703, 2.752e-4
-1.702, 2.708e-4
-1.701, 2.663e-4
-1.700, 2.620e-4
-1.699, 2.578e-4
-1.698, 2.537e-4
-1.697, 2.495e-4
-1.696, 2.456e-4
-1.695, 2.416e-4
-1.694, 2.377e-4
-1.693, 2.339e-4
-1.692, 2.302e-4
-1.691, 2.264e-4
-1.690, 2.226e-4
-1.689, 2.191e-4
-1.688, 2.156e-4
-1.687, 2.121e-4
-1.686, 2.085e-4
-1.685, 2.051e-4
-1.684, 2.018e-4
-1.683, 1.982e-4
-1.682, 1.950e-4
-1.681, 1.918e-4
-1.680, 1.886e-4
-1.679, 1.856e-4
-1.678, 1.825e-4
-1.677, 1.794e-4
-1.676, 1.764e-4
-1.675, 1.734e-4
-1.674, 1.703e-4
-1.673, 1.675e-4
-1.672, 1.648e-4
-1.671, 1.619e-4
-1.670, 1.592e-4
-1.669, 1.564e-4
-1.668, 1.538e-4
-1.667, 1.512e-4
-1.666, 1.485e-4
-1.665, 1.459e-4
-1.664, 1.435e-4
-1.663, 1.409e-4
-1.662, 1.387e-4
-1.661, 1.361e-4
-1.660, 1.338e-4
-1.659, 1.315e-4
-1.658, 1.293e-4
-1.657, 1.270e-4
-1.656, 1.248e-4
-1.655, 1.227e-4
-1.654, 1.206e-4
-1.653, 1.186e-4
-1.652, 1.164e-4
-1.651, 1.142e-4
-1.650, 1.123e-4
-1.649, 1.105e-4
-1.648, 1.086e-4
-1.647, 1.068e-4
-1.646, 1.049e-4
-1.645, 1.030e-4
-1.644, 1.012e-4
-1.643, 9.943e-5
-1.642, 9.766e-5
-1.641, 9.594e-5
-1.640, 9.410e-5
-1.639, 9.245e-5
-1.638, 9.072e-5
-1.637, 8.919e-5
-1.636, 8.761e-5
-1.635, 8.600e-5
-1.634, 8.449e-5
-1.633, 8.301e-5
-1.632, 8.151e-5
-1.631, 7.979e-5
-1.630, 7.845e-5
-1.629, 7.701e-5
-1.628, 7.572e-5
-1.627, 7.433e-5
-1.626, 7.304e-5
-1.625, 7.156e-5
-1.624, 7.047e-5
-1.623, 6.902e-5
-1.622, 6.794e-5
-1.621, 6.664e-5
-1.620, 6.533e-5
-1.619, 6.422e-5
-1.618, 6.317e-5
-1.617, 6.201e-5
-1.616, 6.083e-5
-1.615, 5.975e-5
-1.614, 5.860e-5
-1.613, 5.750e-5
-1.612, 5.642e-5
-1.611, 5.532e-5
-1.610, 5.433e-5
-1.609, 5.345e-5
-1.608, 5.240e-5
-1.607, 5.160e-5
-1.606, 5.043e-5
-1.605, 4.966e-5
-1.604, 4.861e-5
-1.603, 4.766e-5
-1.602, 4.700e-5
-1.601, 4.595e-5
-1.600, 4.507e-5
-1.599, 4.421e-5
-1.598, 4.346e-5
-1.597, 4.269e-5
-1.596, 4.176e-5
-1.595, 4.094e-5
-1.594, 4.027e-5
-1.593, 3.948e-5
-1.592, 3.879e-5
-1.591, 3.797e-5
-1.590, 3.735e-5
-1.589, 3.657e-5
-1.588, 3.588e-5
-1.587, 3.518e-5
-1.586, 3.439e-5
-1.585, 3.379e-5
-1.584, 3.314e-5
-1.583, 3.258e-5
-1.582, 3.197e-5
-1.581, 3.121e-5
-1.580, 3.056e-5
-1.579, 2.995e-5
-1.578, 2.944e-5
-1.577, 2.885e-5
-1.576, 2.815e-5
-1.575, 2.765e-5
-1.574, 2.702e-5
-1.573, 2.655e-5
-1.572, 2.606e-5
-1.571, 2.544e-5
-1.570, 2.488e-5
-1.569, 2.441e-5
-1.568, 2.392e-5
-1.567, 2.343e-5
-1.566, 2.290e-5
-1.565, 2.252e-5
-1.564, 2.202e-5
-1.563, 2.156e-5
-1.562, 2.115e-5
-1.561, 2.073e-5
-1.560, 2.017e-5
-1.559, 1.965e-5
-1.558, 1.936e-5
-1.557, 1.906e-5
-1.556, 1.857e-5
-1.555, 1.821e-5
-1.554, 1.781e-5
-1.553, 1.752e-5
-1.552, 1.721e-5
-1.551, 1.682e-5
-1.550, 1.633e-5
-1.549, 1.610e-5
-1.548, 1.581e-5
-1.547, 1.536e-5
-1.546, 1.493e-5
-1.545, 1.477e-5
-1.544, 1.429e-5
-1.543, 1.412e-5
-1.542, 1.382e-5
-1.541, 1.357e-5
-1.540, 1.323e-5
-1.539, 1.298e-5
-1.538, 1.267e-5
-1.537, 1.246e-5
-1.536, 1.199e-5
-1.535, 1.186e-5
-1.534, 1.146e-5
-1.533, 1.128e-5
-1.532, 1.118e-5
-1.531, 1.080e-5
-1.530, 1.043e-5
-1.529, 1.026e-5
-1.528, 1.004e-5
-1.527, 9.982e-6
-1.526, 9.509e-6
-1.525, 9.242e-6
-1.524, 9.124e-6
-1.523, 8.927e-6
-1.522, 8.828e-6
-1.521, 8.433e-6
-1.520, 8.325e-6
-1.519, 8.157e-6
-1.518, 7.930e-6
-1.517, 7.723e-6
-1.516, 7.634e-6
-1.515, 7.368e-6
-1.514, 7.151e-6
-1.513, 7.032e-6
-1.512, 7.052e-6
-1.511, 6.717e-6
-1.510, 6.332e-6
-1.509, 6.381e-6
-1.508, 6.243e-6
-1.507, 6.016e-6
-1.506, 5.888e-6
-1.505, 5.760e-6
-1.504, 5.612e-6
-1.503, 5.424e-6
-1.502, 5.543e-6
-1.501, 5.158e-6
-1.500, 4.901e-6
-1.499, 4.852e-6
-1.498, 4.724e-6
-1.497, 4.655e-6
-1.496, 4.507e-6
-1.495, 4.231e-6
-1.494, 4.270e-6
-1.493, 4.142e-6
-1.492, 4.053e-6
-1.491, 3.836e-6
-1.490, 3.757e-6
-1.489, 3.629e-6
-1.488, 3.639e-6
-1.487, 3.560e-6
-1.486, 3.343e-6
-1.485, 3.116e-6
-1.484, 2.997e-6
-1.483, 2.928e-6
-1.482, 2.938e-6
-1.481, 2.760e-6
-1.480, 2.691e-6
-1.479, 2.524e-6
-1.478, 2.573e-6
-1.477, 2.465e-6
-1.476, 2.395e-6
-1.475, 2.109e-6
-1.474, 2.109e-6
-1.473, 2.060e-6
-1.472, 2.050e-6
-1.471, 1.912e-6
-1.470, 1.863e-6
-1.469, 1.754e-6
-1.468, 1.754e-6
-1.467, 1.675e-6
-1.466, 1.478e-6
-1.465, 1.419e-6
-1.464, 1.350e-6
-1.463, 1.409e-6
-1.462, 1.271e-6
-1.461, 1.202e-6
-1.460, 1.172e-6
-1.459, 1.004e-6
-1.458, 9.649e-7
-1.457, 9.748e-7
-1.456, 9.353e-7
-1.455, 7.577e-7
-1.454, 7.774e-7
-1.453, 7.774e-7
-1.452, 6.788e-7
-1.451, 5.209e-7
-1.450, 5.012e-7
-1.449, 5.407e-7
-1.448, 3.236e-7
-1.447, 3.236e-7
-1.446, 2.348e-7
-1.445, 1.657e-7
-1.444, 1.559e-7
-1.443, 1.362e-7
-1.442, 6.709e-8
-1.441, -3.157e-8
-1.440, -1.006e-7
-1.439, -4.144e-8
-1.438, -1.006e-7
-1.437, -1.796e-7
-1.436, -2.190e-7
-1.435, -2.585e-7
-1.434, -3.374e-7
-1.433, -4.262e-7
-1.432, -4.262e-7
-1.431, -6.137e-7
-1.430, -5.347e-7
-1.429, -5.249e-7
-1.428, -6.137e-7
-1.427, -6.827e-7
-1.426, -7.617e-7
-1.425, -7.321e-7
-1.424, -8.208e-7
-1.423, -8.011e-7
-1.422, -7.715e-7
-1.421, -9.294e-7
-1.420, -8.998e-7
-1.419, -9.984e-7
-1.418, -1.008e-6
-1.417, -1.008e-6
-1.416, -1.117e-6
-1.415, -1.186e-6
-1.414, -1.196e-6
-1.413, -1.097e-6
-1.412, -1.206e-6
-1.411, -1.235e-6
-1.410, -1.225e-6
-1.409, -1.265e-6
-1.408, -1.462e-6
-1.407, -1.275e-6
-1.406, -1.541e-6
-1.405, -1.502e-6
-1.404, -1.452e-6
-1.403, -1.502e-6
-1.402, -1.393e-6
-1.401, -1.502e-6
-1.400, -1.472e-6
-1.399, -1.610e-6
-1.398, -1.650e-6
-1.397, -1.590e-6
-1.396, -1.689e-6
-1.395, -1.729e-6
-1.394, -1.719e-6
-1.393, -1.867e-6
-1.392, -1.659e-6
-1.391, -1.965e-6
-1.390, -1.906e-6
-1.389, -1.857e-6
-1.388, -1.847e-6
-1.387, -1.886e-6
-1.386, -1.995e-6
-1.385, -2.024e-6
-1.384, -1.926e-6
-1.383, -2.005e-6
-1.382, -1.955e-6
-1.381, -2.094e-6
-1.380, -2.074e-6
-1.379, -2.143e-6
-1.378, -2.094e-6
-1.377, -1.955e-6
-1.376, -2.202e-6
-1.375, -2.311e-6
-1.374, -2.232e-6
-1.373, -2.311e-6
-1.372, -2.192e-6
-1.371, -2.301e-6
-1.370, -2.291e-6
-1.369, -2.449e-6
-1.368, -2.222e-6
-1.367, -2.281e-6
-1.366, -2.459e-6
-1.365, -2.468e-6
-1.364, -2.439e-6
-1.363, -2.360e-6
-1.362, -2.320e-6
-1.361, -2.557e-6
-1.360, -2.439e-6
-1.359, -2.498e-6
-1.358, -2.528e-6
-1.357, -2.478e-6
-1.356, -2.488e-6
-1.355, -2.518e-6
-1.354, -2.508e-6
-1.353, -2.547e-6
-1.352, -2.518e-6
-1.351, -2.616e-6
-1.350, -2.745e-6
-1.349, -2.676e-6
-1.348, -2.686e-6
-1.347, -2.557e-6
-1.346, -2.745e-6
-1.345, -2.745e-6
-1.344, -2.774e-6
-1.343, -2.774e-6
-1.342, -2.715e-6
-1.341, -2.903e-6
-1.340, -2.893e-6
-1.339, -2.804e-6
-1.338, -2.834e-6
-1.337, -2.774e-6
-1.336, -2.853e-6
-1.335, -2.903e-6
-1.334, -2.962e-6
-1.333, -2.834e-6
-1.332, -2.824e-6
-1.331, -3.041e-6
-1.330, -3.060e-6
-1.329, -2.952e-6
-1.328, -3.070e-6
-1.327, -3.011e-6
-1.326, -3.070e-6
-1.325, -3.090e-6
-1.324, -3.080e-6
-1.323, -3.100e-6
-1.322, -2.952e-6
-1.321, -3.120e-6
-1.320, -3.228e-6
-1.319, -3.169e-6
-1.318, -3.218e-6
-1.317, -3.041e-6
-1.316, -3.258e-6
-1.315, -3.218e-6
-1.314, -3.159e-6
-1.313, -3.258e-6
-1.312, -3.307e-6
-1.311, -3.129e-6
-1.310, -3.268e-6
-1.309, -3.238e-6
-1.308, -3.287e-6
-1.307, -3.110e-6
-1.306, -3.376e-6
-1.305, -3.455e-6
-1.304, -3.416e-6
-1.303, -3.356e-6
-1.302, -3.337e-6
-1.301, -3.347e-6
-1.300, -3.317e-6
-1.299, -3.406e-6
-1.298, -3.495e-6
-1.297, -3.376e-6
-1.296, -3.445e-6
-1.295, -3.514e-6
-1.294, -3.416e-6
-1.293, -3.406e-6
-1.292, -3.406e-6
-1.291, -3.504e-6
-1.290, -3.564e-6
-1.289, -3.524e-6
-1.288, -3.524e-6
-1.287, -3.485e-6
-1.286, -3.455e-6
-1.285, -3.524e-6
-1.284, -3.544e-6
-1.283, -3.544e-6
-1.282, -3.564e-6
-1.281, -3.524e-6
-1.280, -3.633e-6
-1.279, -3.672e-6
-1.278, -3.741e-6
-1.277, -3.495e-6
-1.276, -3.613e-6
-1.275, -3.593e-6
-1.274, -3.781e-6
-1.273, -3.721e-6
-1.272, -3.623e-6
-1.271, -3.771e-6
-1.270, -3.712e-6
-1.269, -3.682e-6
-1.268, -3.692e-6
-1.267, -3.682e-6
-1.266, -3.751e-6
-1.265, -3.761e-6
-1.264, -3.751e-6
-1.263, -3.869e-6
-1.262, -3.820e-6
-1.261, -3.889e-6
-1.260, -3.800e-6
-1.259, -3.702e-6
-1.258, -3.751e-6
-1.257, -3.672e-6
-1.256, -3.761e-6
-1.255, -3.899e-6
-1.254, -3.948e-6
-1.253, -3.938e-6
-1.252, -3.771e-6
-1.251, -3.909e-6
-1.250, -3.938e-6
-1.249, -3.899e-6
-1.248, -3.968e-6
-1.247, -3.879e-6
-1.246, -4.126e-6
-1.245, -3.899e-6
-1.244, -3.879e-6
-1.243, -4.017e-6
-1.242, -3.860e-6
-1.241, -3.968e-6
-1.240, -4.008e-6
-1.239, -3.919e-6
-1.238, -4.156e-6
-1.237, -3.958e-6
-1.236, -3.998e-6
-1.235, -4.116e-6
-1.234, -4.057e-6
-1.233, -4.057e-6
-1.232, -4.037e-6
-1.231, -4.057e-6
-1.230, -4.165e-6
-1.229, -4.175e-6
-1.228, -4.175e-6
-1.227, -4.086e-6
-1.226, -4.254e-6
-1.225, -4.313e-6
-1.224, -4.333e-6
-1.223, -4.225e-6
-1.222, -4.234e-6
-1.221, -4.205e-6
-1.220, -4.156e-6
-1.219, -4.343e-6
-1.218, -4.205e-6
-1.217, -4.274e-6
-1.216, -4.353e-6
-1.215, -4.313e-6
-1.214, -4.304e-6
-1.213, -4.442e-6
-1.212, -4.284e-6
-1.211, -4.274e-6
-1.210, -4.363e-6
-1.209, -4.382e-6
-1.208, -4.373e-6
-1.207, -4.254e-6
-1.206, -4.481e-6
-1.205, -4.392e-6
-1.204, -4.382e-6
-1.203, -4.452e-6
-1.202, -4.402e-6
-1.201, -4.481e-6
-1.200, -4.461e-6
-1.199, -4.412e-6
-1.198, -4.550e-6
-1.197, -4.422e-6
-1.196, -4.530e-6
-1.195, -4.530e-6
-1.194, -4.560e-6
-1.193, -4.481e-6
-1.192, -4.392e-6
-1.191, -4.530e-6
-1.190, -4.570e-6
-1.189, -4.580e-6
-1.188, -4.609e-6
-1.187, -4.471e-6
-1.186, -4.530e-6
-1.185, -4.629e-6
-1.184, -4.580e-6
-1.183, -4.718e-6
-1.182, -4.501e-6
-1.181, -4.649e-6
-1.180, -4.629e-6
-1.179, -4.678e-6
-1.178, -4.570e-6
-1.177, -4.560e-6
-1.176, -4.738e-6
-1.175, -4.698e-6
-1.174, -4.777e-6
-1.173, -4.797e-6
-1.172, -4.600e-6
-1.171, -4.659e-6
-1.170, -4.836e-6
-1.169, -4.718e-6
-1.168, -4.718e-6
-1.167, -4.698e-6
-1.166, -4.826e-6
-1.165, -4.767e-6
-1.164, -4.935e-6
-1.163, -4.826e-6
-1.162, -4.757e-6
-1.161, -4.886e-6
-1.160, -4.767e-6
-1.159, -4.935e-6
-1.158, -4.905e-6
-1.157, -4.905e-6
-1.156, -4.915e-6
-1.155, -4.886e-6
-1.154, -4.945e-6
-1.153, -4.935e-6
-1.152, -4.886e-6
-1.151, -4.965e-6
-1.150, -4.935e-6
-1.149, -5.004e-6
-1.148, -5.113e-6
-1.147, -4.866e-6
-1.146, -4.984e-6
-1.145, -5.191e-6
-1.144, -5.132e-6
-1.143, -5.103e-6
-1.142, -4.974e-6
-1.141, -5.034e-6
-1.140, -5.103e-6
-1.139, -5.113e-6
-1.138, -5.162e-6
-1.137, -5.024e-6
-1.136, -5.182e-6
-1.135, -5.182e-6
-1.134, -5.142e-6
-1.133, -5.182e-6
-1.132, -5.113e-6
-1.131, -5.152e-6
-1.130, -5.339e-6
-1.129, -5.280e-6
-1.128, -5.122e-6
-1.127, -5.221e-6
-1.126, -5.399e-6
-1.125, -5.379e-6
-1.124, -5.359e-6
-1.123, -5.290e-6
-1.122, -5.379e-6
-1.121, -5.349e-6
-1.120, -5.418e-6
-1.119, -5.448e-6
-1.118, -5.527e-6
-1.117, -5.280e-6
-1.116, -5.517e-6
-1.115, -5.458e-6
-1.114, -5.487e-6
-1.113, -5.596e-6
-1.112, -5.448e-6
-1.111, -5.566e-6
-1.110, -5.596e-6
-1.109, -5.487e-6
-1.108, -5.596e-6
-1.107, -5.616e-6
-1.106, -5.685e-6
-1.105, -5.665e-6
-1.104, -5.695e-6
-1.103, -5.635e-6
-1.102, -5.606e-6
-1.101, -5.665e-6
-1.100, -5.813e-6
-1.099, -5.754e-6
-1.098, -5.783e-6
-1.097, -5.704e-6
-1.096, -5.704e-6
-1.095, -5.892e-6
-1.094, -5.803e-6
-1.093, -5.852e-6
-1.092, -5.774e-6
-1.091, -5.872e-6
-1.090, -5.951e-6
-1.089, -5.833e-6
-1.088, -6.030e-6
-1.087, -5.951e-6
-1.086, -6.010e-6
-1.085, -5.981e-6
-1.084, -6.060e-6
-1.083, -6.119e-6
-1.082, -6.000e-6
-1.081, -6.079e-6
-1.080, -6.089e-6
-1.079, -6.129e-6
-1.078, -6.247e-6
-1.077, -6.070e-6
-1.076, -6.099e-6
-1.075, -6.375e-6
-1.074, -6.267e-6
-1.073, -6.287e-6
-1.072, -6.296e-6
-1.071, -6.356e-6
-1.070, -6.375e-6
-1.069, -6.464e-6
-1.068, -6.316e-6
-1.067, -6.425e-6
-1.066, -6.415e-6
-1.065, -6.435e-6
-1.064, -6.415e-6
-1.063, -6.474e-6
-1.062, -6.474e-6
-1.061, -6.642e-6
-1.060, -6.573e-6
-1.059, -6.533e-6
-1.058, -6.701e-6
-1.057, -6.602e-6
-1.056, -6.652e-6
-1.055, -6.760e-6
-1.054, -6.701e-6
-1.053, -6.731e-6
-1.052, -6.740e-6
-1.051, -6.800e-6
-1.050, -6.819e-6
-1.049, -6.829e-6
-1.048, -6.898e-6
-1.047, -6.938e-6
-1.046, -6.997e-6
-1.045, -6.997e-6
-1.044, -6.948e-6
-1.043, -7.105e-6
-1.042, -6.928e-6
-1.041, -6.938e-6
-1.040, -6.967e-6
-1.039, -7.036e-6
-1.038, -7.066e-6
-1.037, -7.017e-6
-1.036, -7.115e-6
-1.035, -7.184e-6
-1.034, -7.056e-6
-1.033, -7.175e-6
-1.032, -7.066e-6
-1.031, -7.194e-6
-1.030, -7.362e-6
-1.029, -7.313e-6
-1.028, -7.234e-6
-1.027, -7.263e-6
-1.026, -7.263e-6
-1.025, -7.401e-6
-1.024, -7.352e-6
-1.023, -7.293e-6
-1.022, -7.569e-6
-1.021, -7.461e-6
-1.020, -7.549e-6
-1.019, -7.549e-6
-1.018, -7.628e-6
-1.017, -7.500e-6
-1.016, -7.549e-6
-1.015, -7.668e-6
-1.014, -7.628e-6
-1.013, -7.648e-6
-1.012, -7.579e-6
-1.011, -7.707e-6
-1.010, -7.678e-6
-1.009, -7.757e-6
-1.008, -7.836e-6
-1.007, -7.727e-6
-1.006, -7.678e-6
-1.005, -7.836e-6
-1.004, -7.747e-6
-1.003, -7.786e-6
-1.002, -7.895e-6
-1.001, -7.836e-6
