July 1, 2026   09:17:35
Linear Sweep Voltammetry
File: c:/users/guazh/data/20260623_doe_duplica2/2026-06-24-exp57\regeneratedgce-2026-07-01t09_14_36-lsvinkoh\regeneratedgce_lsv_50mvs_efin_-1700mv.bin
Data Source:  Experiment
Instrument Model:  CHI760E
Header: LSV ran at 50 mVs with Efin at -1700mV
Note: 

Init E (V) = -0.6
Final E (V) = -1.7
Scan Rate (V/s) = 0.05
Sample Interval (V) = 0.001
Quiet Time (sec) = 2
Sensitivity (A/V) = 1e-4
Comp R (ohm) = 1.8

Results:

Channel 1:

Potential/V, Current/A

-0.600, 1.772e-6
-0.601, 1.934e-6
-0.602, 1.976e-6
-0.603, 1.995e-6
-0.604, 2.008e-6
-0.605, 2.019e-6
-0.606, 2.028e-6
-0.607, 2.037e-6
-0.608, 2.043e-6
-0.609, 2.052e-6
-0.610, 2.060e-6
-0.611, 2.067e-6
-0.612, 2.074e-6
-0.613, 2.079e-6
-0.614, 2.085e-6
-0.615, 2.093e-6
-0.616, 2.097e-6
-0.617, 2.105e-6
-0.618, 2.108e-6
-0.619, 2.115e-6
-0.620, 2.119e-6
-0.621, 2.124e-6
-0.622, 2.131e-6
-0.623, 2.135e-6
-0.624, 2.140e-6
-0.625, 2.147e-6
-0.626, 2.150e-6
-0.627, 2.156e-6
-0.628, 2.159e-6
-0.629, 2.163e-6
-0.630, 2.168e-6
-0.631, 2.171e-6
-0.632, 2.176e-6
-0.633, 2.182e-6
-0.634, 2.184e-6
-0.635, 2.189e-6
-0.636, 2.192e-6
-0.637, 2.197e-6
-0.638, 2.202e-6
-0.639, 2.207e-6
-0.640, 2.213e-6
-0.641, 2.218e-6
-0.642, 2.220e-6
-0.643, 2.225e-6
-0.644, 2.228e-6
-0.645, 2.232e-6
-0.646, 2.236e-6
-0.647, 2.242e-6
-0.648, 2.244e-6
-0.649, 2.249e-6
-0.650, 2.251e-6
-0.651, 2.254e-6
-0.652, 2.258e-6
-0.653, 2.263e-6
-0.654, 2.273e-6
-0.655, 2.283e-6
-0.656, 2.285e-6
-0.657, 2.290e-6
-0.658, 2.292e-6
-0.659, 2.295e-6
-0.660, 2.299e-6
-0.661, 2.301e-6
-0.662, 2.309e-6
-0.663, 2.312e-6
-0.664, 2.318e-6
-0.665, 2.325e-6
-0.666, 2.331e-6
-0.667, 2.335e-6
-0.668, 2.340e-6
-0.669, 2.343e-6
-0.670, 2.349e-6
-0.671, 2.353e-6
-0.672, 2.358e-6
-0.673, 2.361e-6
-0.674, 2.364e-6
-0.675, 2.371e-6
-0.676, 2.377e-6
-0.677, 2.382e-6
-0.678, 2.389e-6
-0.679, 2.394e-6
-0.680, 2.400e-6
-0.681, 2.405e-6
-0.682, 2.410e-6
-0.683, 2.414e-6
-0.684, 2.418e-6
-0.685, 2.423e-6
-0.686, 2.429e-6
-0.687, 2.433e-6
-0.688, 2.438e-6
-0.689, 2.444e-6
-0.690, 2.449e-6
-0.691, 2.455e-6
-0.692, 2.460e-6
-0.693, 2.463e-6
-0.694, 2.470e-6
-0.695, 2.473e-6
-0.696, 2.477e-6
-0.697, 2.483e-6
-0.698, 2.486e-6
-0.699, 2.492e-6
-0.700, 2.498e-6
-0.701, 2.501e-6
-0.702, 2.507e-6
-0.703, 2.510e-6
-0.704, 2.515e-6
-0.705, 2.522e-6
-0.706, 2.525e-6
-0.707, 2.533e-6
-0.708, 2.536e-6
-0.709, 2.540e-6
-0.710, 2.546e-6
-0.711, 2.551e-6
-0.712, 2.555e-6
-0.713, 2.560e-6
-0.714, 2.565e-6
-0.715, 2.571e-6
-0.716, 2.576e-6
-0.717, 2.582e-6
-0.718, 2.587e-6
-0.719, 2.592e-6
-0.720, 2.598e-6
-0.721, 2.605e-6
-0.722, 2.609e-6
-0.723, 2.616e-6
-0.724, 2.623e-6
-0.725, 2.629e-6
-0.726, 2.635e-6
-0.727, 2.639e-6
-0.728, 2.643e-6
-0.729, 2.651e-6
-0.730, 2.655e-6
-0.731, 2.660e-6
-0.732, 2.666e-6
-0.733, 2.671e-6
-0.734, 2.676e-6
-0.735, 2.681e-6
-0.736, 2.685e-6
-0.737, 2.691e-6
-0.738, 2.695e-6
-0.739, 2.700e-6
-0.740, 2.705e-6
-0.741, 2.709e-6
-0.742, 2.716e-6
-0.743, 2.718e-6
-0.744, 2.723e-6
-0.745, 2.729e-6
-0.746, 2.731e-6
-0.747, 2.735e-6
-0.748, 2.741e-6
-0.749, 2.745e-6
-0.750, 2.750e-6
-0.751, 2.752e-6
-0.752, 2.757e-6
-0.753, 2.764e-6
-0.754, 2.766e-6
-0.755, 2.770e-6
-0.756, 2.774e-6
-0.757, 2.780e-6
-0.758, 2.784e-6
-0.759, 2.788e-6
-0.760, 2.794e-6
-0.761, 2.798e-6
-0.762, 2.803e-6
-0.763, 2.808e-6
-0.764, 2.811e-6
-0.765, 2.815e-6
-0.766, 2.819e-6
-0.767, 2.823e-6
-0.768, 2.830e-6
-0.769, 2.832e-6
-0.770, 2.832e-6
-0.771, 2.835e-6
-0.772, 2.836e-6
-0.773, 2.837e-6
-0.774, 2.844e-6
-0.775, 2.854e-6
-0.776, 2.861e-6
-0.777, 2.867e-6
-0.778, 2.868e-6
-0.779, 2.867e-6
-0.780, 2.873e-6
-0.781, 2.876e-6
-0.782, 2.880e-6
-0.783, 2.882e-6
-0.784, 2.885e-6
-0.785, 2.891e-6
-0.786, 2.894e-6
-0.787, 2.899e-6
-0.788, 2.904e-6
-0.789, 2.907e-6
-0.790, 2.913e-6
-0.791, 2.915e-6
-0.792, 2.919e-6
-0.793, 2.922e-6
-0.794, 2.925e-6
-0.795, 2.928e-6
-0.796, 2.931e-6
-0.797, 2.935e-6
-0.798, 2.938e-6
-0.799, 2.940e-6
-0.800, 2.944e-6
-0.801, 2.946e-6
-0.802, 2.949e-6
-0.803, 2.953e-6
-0.804, 2.957e-6
-0.805, 2.961e-6
-0.806, 2.964e-6
-0.807, 2.968e-6
-0.808, 2.969e-6
-0.809, 2.974e-6
-0.810, 2.979e-6
-0.811, 2.982e-6
-0.812, 2.986e-6
-0.813, 2.990e-6
-0.814, 2.995e-6
-0.815, 2.998e-6
-0.816, 3.001e-6
-0.817, 3.006e-6
-0.818, 3.009e-6
-0.819, 3.019e-6
-0.820, 3.022e-6
-0.821, 3.025e-6
-0.822, 3.031e-6
-0.823, 3.033e-6
-0.824, 3.037e-6
-0.825, 3.043e-6
-0.826, 3.046e-6
-0.827, 3.053e-6
-0.828, 3.056e-6
-0.829, 3.060e-6
-0.830, 3.068e-6
-0.831, 3.071e-6
-0.832, 3.078e-6
-0.833, 3.090e-6
-0.834, 3.111e-6
-0.835, 3.120e-6
-0.836, 3.122e-6
-0.837, 3.138e-6
-0.838, 3.133e-6
-0.839, 3.130e-6
-0.840, 3.131e-6
-0.841, 3.130e-6
-0.842, 3.130e-6
-0.843, 3.134e-6
-0.844, 3.141e-6
-0.845, 3.147e-6
-0.846, 3.153e-6
-0.847, 3.156e-6
-0.848, 3.162e-6
-0.849, 3.167e-6
-0.850, 3.172e-6
-0.851, 3.179e-6
-0.852, 3.186e-6
-0.853, 3.188e-6
-0.854, 3.194e-6
-0.855, 3.200e-6
-0.856, 3.205e-6
-0.857, 3.211e-6
-0.858, 3.216e-6
-0.859, 3.223e-6
-0.860, 3.230e-6
-0.861, 3.235e-6
-0.862, 3.241e-6
-0.863, 3.243e-6
-0.864, 3.249e-6
-0.865, 3.257e-6
-0.866, 3.261e-6
-0.867, 3.270e-6
-0.868, 3.277e-6
-0.869, 3.281e-6
-0.870, 3.290e-6
-0.871, 3.296e-6
-0.872, 3.300e-6
-0.873, 3.308e-6
-0.874, 3.312e-6
-0.875, 3.322e-6
-0.876, 3.327e-6
-0.877, 3.334e-6
-0.878, 3.342e-6
-0.879, 3.349e-6
-0.880, 3.353e-6
-0.881, 3.360e-6
-0.882, 3.367e-6
-0.883, 3.376e-6
-0.884, 3.385e-6
-0.885, 3.394e-6
-0.886, 3.401e-6
-0.887, 3.408e-6
-0.888, 3.415e-6
-0.889, 3.420e-6
-0.890, 3.429e-6
-0.891, 3.443e-6
-0.892, 3.460e-6
-0.893, 3.470e-6
-0.894, 3.478e-6
-0.895, 3.486e-6
-0.896, 3.493e-6
-0.897, 3.502e-6
-0.898, 3.506e-6
-0.899, 3.517e-6
-0.900, 3.527e-6
-0.901, 3.537e-6
-0.902, 3.547e-6
-0.903, 3.554e-6
-0.904, 3.563e-6
-0.905, 3.571e-6
-0.906, 3.577e-6
-0.907, 3.588e-6
-0.908, 3.599e-6
-0.909, 3.611e-6
-0.910, 3.620e-6
-0.911, 3.630e-6
-0.912, 3.641e-6
-0.913, 3.650e-6
-0.914, 3.660e-6
-0.915, 3.672e-6
-0.916, 3.683e-6
-0.917, 3.694e-6
-0.918, 3.708e-6
-0.919, 3.718e-6
-0.920, 3.729e-6
-0.921, 3.740e-6
-0.922, 3.753e-6
-0.923, 3.765e-6
-0.924, 3.777e-6
-0.925, 3.790e-6
-0.926, 3.803e-6
-0.927, 3.814e-6
-0.928, 3.825e-6
-0.929, 3.837e-6
-0.930, 3.849e-6
-0.931, 3.865e-6
-0.932, 3.876e-6
-0.933, 3.889e-6
-0.934, 3.903e-6
-0.935, 3.916e-6
-0.936, 3.928e-6
-0.937, 3.943e-6
-0.938, 3.953e-6
-0.939, 3.967e-6
-0.940, 3.982e-6
-0.941, 3.996e-6
-0.942, 4.010e-6
-0.943, 4.023e-6
-0.944, 4.038e-6
-0.945, 4.052e-6
-0.946, 4.064e-6
-0.947, 4.081e-6
-0.948, 4.095e-6
-0.949, 4.110e-6
-0.950, 4.127e-6
-0.951, 4.140e-6
-0.952, 4.155e-6
-0.953, 4.171e-6
-0.954, 4.185e-6
-0.955, 4.201e-6
-0.956, 4.215e-6
-0.957, 4.230e-6
-0.958, 4.246e-6
-0.959, 4.261e-6
-0.960, 4.276e-6
-0.961, 4.295e-6
-0.962, 4.311e-6
-0.963, 4.328e-6
-0.964, 4.346e-6
-0.965, 4.362e-6
-0.966, 4.381e-6
-0.967, 4.398e-6
-0.968, 4.415e-6
-0.969, 4.435e-6
-0.970, 4.450e-6
-0.971, 4.467e-6
-0.972, 4.487e-6
-0.973, 4.507e-6
-0.974, 4.524e-6
-0.975, 4.540e-6
-0.976, 4.558e-6
-0.977, 4.577e-6
-0.978, 4.596e-6
-0.979, 4.616e-6
-0.980, 4.636e-6
-0.981, 4.653e-6
-0.982, 4.669e-6
-0.983, 4.684e-6
-0.984, 4.702e-6
-0.985, 4.717e-6
-0.986, 4.733e-6
-0.987, 4.750e-6
-0.988, 4.766e-6
-0.989, 4.780e-6
-0.990, 4.799e-6
-0.991, 4.812e-6
-0.992, 4.828e-6
-0.993, 4.844e-6
-0.994, 4.859e-6
-0.995, 4.875e-6
-0.996, 4.887e-6
-0.997, 4.905e-6
-0.998, 4.920e-6
-0.999, 4.936e-6
-1.000, 4.951e-6
-1.001, 4.969e-6
-1.002, 4.983e-6
-1.003, 4.998e-6
-1.004, 5.014e-6
-1.005, 5.030e-6
-1.006, 5.045e-6
-1.007, 5.059e-6
-1.008, 5.075e-6
-1.009, 5.089e-6
-1.010, 5.103e-6
-1.011, 5.116e-6
-1.012, 5.129e-6
-1.013, 5.140e-6
-1.014, 5.155e-6
-1.015, 5.169e-6
-1.016, 5.181e-6
-1.017, 5.194e-6
-1.018, 5.204e-6
-1.019, 5.218e-6
-1.020, 5.232e-6
-1.021, 5.241e-6
-1.022, 5.256e-6
-1.023, 5.264e-6
-1.024, 5.277e-6
-1.025, 5.285e-6
-1.026, 5.291e-6
-1.027, 5.304e-6
-1.028, 5.318e-6
-1.029, 5.327e-6
-1.030, 5.338e-6
-1.031, 5.346e-6
-1.032, 5.354e-6
-1.033, 5.368e-6
-1.034, 5.378e-6
-1.035, 5.388e-6
-1.036, 5.401e-6
-1.037, 5.414e-6
-1.038, 5.429e-6
-1.039, 5.439e-6
-1.040, 5.451e-6
-1.041, 5.462e-6
-1.042, 5.471e-6
-1.043, 5.482e-6
-1.044, 5.496e-6
-1.045, 5.506e-6
-1.046, 5.519e-6
-1.047, 5.529e-6
-1.048, 5.537e-6
-1.049, 5.550e-6
-1.050, 5.562e-6
-1.051, 5.572e-6
-1.052, 5.585e-6
-1.053, 5.596e-6
-1.054, 5.607e-6
-1.055, 5.615e-6
-1.056, 5.627e-6
-1.057, 5.639e-6
-1.058, 5.647e-6
-1.059, 5.659e-6
-1.060, 5.669e-6
-1.061, 5.679e-6
-1.062, 5.693e-6
-1.063, 5.702e-6
-1.064, 5.710e-6
-1.065, 5.723e-6
-1.066, 5.733e-6
-1.067, 5.743e-6
-1.068, 5.754e-6
-1.069, 5.765e-6
-1.070, 5.776e-6
-1.071, 5.785e-6
-1.072, 5.793e-6
-1.073, 5.802e-6
-1.074, 5.812e-6
-1.075, 5.827e-6
-1.076, 5.836e-6
-1.077, 5.844e-6
-1.078, 5.856e-6
-1.079, 5.867e-6
-1.080, 5.880e-6
-1.081, 5.894e-6
-1.082, 5.904e-6
-1.083, 5.912e-6
-1.084, 5.920e-6
-1.085, 5.928e-6
-1.086, 5.938e-6
-1.087, 5.948e-6
-1.088, 5.961e-6
-1.089, 5.973e-6
-1.090, 5.983e-6
-1.091, 5.994e-6
-1.092, 6.005e-6
-1.093, 6.014e-6
-1.094, 6.026e-6
-1.095, 6.036e-6
-1.096, 6.045e-6
-1.097, 6.056e-6
-1.098, 6.065e-6
-1.099, 6.076e-6
-1.100, 6.087e-6
-1.101, 6.098e-6
-1.102, 6.107e-6
-1.103, 6.117e-6
-1.104, 6.128e-6
-1.105, 6.140e-6
-1.106, 6.150e-6
-1.107, 6.162e-6
-1.108, 6.173e-6
-1.109, 6.182e-6
-1.110, 6.195e-6
-1.111, 6.202e-6
-1.112, 6.213e-6
-1.113, 6.225e-6
-1.114, 6.234e-6
-1.115, 6.245e-6
-1.116, 6.256e-6
-1.117, 6.268e-6
-1.118, 6.281e-6
-1.119, 6.289e-6
-1.120, 6.302e-6
-1.121, 6.313e-6
-1.122, 6.323e-6
-1.123, 6.333e-6
-1.124, 6.346e-6
-1.125, 6.358e-6
-1.126, 6.371e-6
-1.127, 6.382e-6
-1.128, 6.392e-6
-1.129, 6.405e-6
-1.130, 6.413e-6
-1.131, 6.423e-6
-1.132, 6.433e-6
-1.133, 6.442e-6
-1.134, 6.453e-6
-1.135, 6.463e-6
-1.136, 6.476e-6
-1.137, 6.489e-6
-1.138, 6.498e-6
-1.139, 6.511e-6
-1.140, 6.521e-6
-1.141, 6.533e-6
-1.142, 6.546e-6
-1.143, 6.554e-6
-1.144, 6.566e-6
-1.145, 6.580e-6
-1.146, 6.589e-6
-1.147, 6.605e-6
-1.148, 6.618e-6
-1.149, 6.625e-6
-1.150, 6.638e-6
-1.151, 6.648e-6
-1.152, 6.659e-6
-1.153, 6.669e-6
-1.154, 6.679e-6
-1.155, 6.694e-6
-1.156, 6.708e-6
-1.157, 6.719e-6
-1.158, 6.733e-6
-1.159, 6.744e-6
-1.160, 6.754e-6
-1.161, 6.768e-6
-1.162, 6.777e-6
-1.163, 6.789e-6
-1.164, 6.802e-6
-1.165, 6.813e-6
-1.166, 6.826e-6
-1.167, 6.838e-6
-1.168, 6.848e-6
-1.169, 6.861e-6
-1.170, 6.870e-6
-1.171, 6.882e-6
-1.172, 6.893e-6
-1.173, 6.905e-6
-1.174, 6.916e-6
-1.175, 6.922e-6
-1.176, 6.930e-6
-1.177, 6.940e-6
-1.178, 6.963e-6
-1.179, 6.981e-6
-1.180, 6.988e-6
-1.181, 6.987e-6
-1.182, 6.994e-6
-1.183, 7.001e-6
-1.184, 7.009e-6
-1.185, 7.021e-6
-1.186, 7.029e-6
-1.187, 7.038e-6
-1.188, 7.043e-6
-1.189, 7.049e-6
-1.190, 7.060e-6
-1.191, 7.065e-6
-1.192, 7.072e-6
-1.193, 7.083e-6
-1.194, 7.089e-6
-1.195, 7.099e-6
-1.196, 7.107e-6
-1.197, 7.117e-6
-1.198, 7.123e-6
-1.199, 7.131e-6
-1.200, 7.139e-6
-1.201, 7.145e-6
-1.202, 7.150e-6
-1.203, 7.158e-6
-1.204, 7.167e-6
-1.205, 7.170e-6
-1.206, 7.180e-6
-1.207, 7.186e-6
-1.208, 7.194e-6
-1.209, 7.203e-6
-1.210, 7.208e-6
-1.211, 7.213e-6
-1.212, 7.221e-6
-1.213, 7.225e-6
-1.214, 7.235e-6
-1.215, 7.243e-6
-1.216, 7.253e-6
-1.217, 7.263e-6
-1.218, 7.269e-6
-1.219, 7.275e-6
-1.220, 7.285e-6
-1.221, 7.288e-6
-1.222, 7.295e-6
-1.223, 7.296e-6
-1.224, 7.306e-6
-1.225, 7.319e-6
-1.226, 7.325e-6
-1.227, 7.336e-6
-1.228, 7.341e-6
-1.229, 7.354e-6
-1.230, 7.356e-6
-1.231, 7.362e-6
-1.232, 7.368e-6
-1.233, 7.376e-6
-1.234, 7.381e-6
-1.235, 7.388e-6
-1.236, 7.396e-6
-1.237, 7.404e-6
-1.238, 7.413e-6
-1.239, 7.417e-6
-1.240, 7.425e-6
-1.241, 7.434e-6
-1.242, 7.442e-6
-1.243, 7.448e-6
-1.244, 7.455e-6
-1.245, 7.463e-6
-1.246, 7.472e-6
-1.247, 7.478e-6
-1.248, 7.484e-6
-1.249, 7.491e-6
-1.250, 7.499e-6
-1.251, 7.504e-6
-1.252, 7.512e-6
-1.253, 7.517e-6
-1.254, 7.525e-6
-1.255, 7.530e-6
-1.256, 7.534e-6
-1.257, 7.542e-6
-1.258, 7.546e-6
-1.259, 7.554e-6
-1.260, 7.557e-6
-1.261, 7.561e-6
-1.262, 7.571e-6
-1.263, 7.574e-6
-1.264, 7.579e-6
-1.265, 7.590e-6
-1.266, 7.592e-6
-1.267, 7.599e-6
-1.268, 7.603e-6
-1.269, 7.608e-6
-1.270, 7.615e-6
-1.271, 7.616e-6
-1.272, 7.624e-6
-1.273, 7.629e-6
-1.274, 7.631e-6
-1.275, 7.639e-6
-1.276, 7.647e-6
-1.277, 7.653e-6
-1.278, 7.664e-6
-1.279, 7.671e-6
-1.280, 7.681e-6
-1.281, 7.689e-6
-1.282, 7.697e-6
-1.283, 7.707e-6
-1.284, 7.715e-6
-1.285, 7.720e-6
-1.286, 7.728e-6
-1.287, 7.733e-6
-1.288, 7.739e-6
-1.289, 7.747e-6
-1.290, 7.751e-6
-1.291, 7.758e-6
-1.292, 7.764e-6
-1.293, 7.770e-6
-1.294, 7.774e-6
-1.295, 7.781e-6
-1.296, 7.784e-6
-1.297, 7.791e-6
-1.298, 7.795e-6
-1.299, 7.801e-6
-1.300, 7.806e-6
-1.301, 7.811e-6
-1.302, 7.819e-6
-1.303, 7.823e-6
-1.304, 7.829e-6
-1.305, 7.838e-6
-1.306, 7.843e-6
-1.307, 7.852e-6
-1.308, 7.856e-6
-1.309, 7.862e-6
-1.310, 7.869e-6
-1.311, 7.873e-6
-1.312, 7.877e-6
-1.313, 7.884e-6
-1.314, 7.899e-6
-1.315, 7.902e-6
-1.316, 7.903e-6
-1.317, 7.911e-6
-1.318, 7.921e-6
-1.319, 7.925e-6
-1.320, 7.939e-6
-1.321, 7.949e-6
-1.322, 7.951e-6
-1.323, 7.955e-6
-1.324, 7.963e-6
-1.325, 7.969e-6
-1.326, 7.977e-6
-1.327, 7.984e-6
-1.328, 7.992e-6
-1.329, 8.000e-6
-1.330, 8.005e-6
-1.331, 8.013e-6
-1.332, 8.019e-6
-1.333, 8.027e-6
-1.334, 8.038e-6
-1.335, 8.048e-6
-1.336, 8.057e-6
-1.337, 8.067e-6
-1.338, 8.069e-6
-1.339, 8.080e-6
-1.340, 8.089e-6
-1.341, 8.096e-6
-1.342, 8.108e-6
-1.343, 8.114e-6
-1.344, 8.127e-6
-1.345, 8.140e-6
-1.346, 8.148e-6
-1.347, 8.162e-6
-1.348, 8.174e-6
-1.349, 8.188e-6
-1.350, 8.208e-6
-1.351, 8.222e-6
-1.352, 8.239e-6
-1.353, 8.254e-6
-1.354, 8.267e-6
-1.355, 8.284e-6
-1.356, 8.299e-6
-1.357, 8.315e-6
-1.358, 8.329e-6
-1.359, 8.342e-6
-1.360, 8.356e-6
-1.361, 8.374e-6
-1.362, 8.386e-6
-1.363, 8.403e-6
-1.364, 8.418e-6
-1.365, 8.433e-6
-1.366, 8.451e-6
-1.367, 8.469e-6
-1.368, 8.487e-6
-1.369, 8.507e-6
-1.370, 8.525e-6
-1.371, 8.548e-6
-1.372, 8.568e-6
-1.373, 8.591e-6
-1.374, 8.610e-6
-1.375, 8.630e-6
-1.376, 8.650e-6
-1.377, 8.674e-6
-1.378, 8.691e-6
-1.379, 8.717e-6
-1.380, 8.740e-6
-1.381, 8.757e-6
-1.382, 8.781e-6
-1.383, 8.803e-6
-1.384, 8.820e-6
-1.385, 8.839e-6
-1.386, 8.854e-6
-1.387, 8.875e-6
-1.388, 8.892e-6
-1.389, 8.911e-6
-1.390, 8.931e-6
-1.391, 8.943e-6
-1.392, 8.962e-6
-1.393, 8.978e-6
-1.394, 8.995e-6
-1.395, 9.016e-6
-1.396, 9.038e-6
-1.397, 9.056e-6
-1.398, 9.078e-6
-1.399, 9.099e-6
-1.400, 9.119e-6
-1.401, 9.141e-6
-1.402, 9.159e-6
-1.403, 9.182e-6
-1.404, 9.202e-6
-1.405, 9.226e-6
-1.406, 9.249e-6
-1.407, 9.272e-6
-1.408, 9.293e-6
-1.409, 9.317e-6
-1.410, 9.339e-6
-1.411, 9.360e-6
-1.412, 9.384e-6
-1.413, 9.404e-6
-1.414, 9.427e-6
-1.415, 9.446e-6
-1.416, 9.472e-6
-1.417, 9.499e-6
-1.418, 9.528e-6
-1.419, 9.553e-6
-1.420, 9.576e-6
-1.421, 9.600e-6
-1.422, 9.626e-6
-1.423, 9.643e-6
-1.424, 9.667e-6
-1.425, 9.697e-6
-1.426, 9.718e-6
-1.427, 9.727e-6
-1.428, 9.744e-6
-1.429, 9.771e-6
-1.430, 9.805e-6
-1.431, 9.837e-6
-1.432, 9.881e-6
-1.433, 9.926e-6
-1.434, 9.959e-6
-1.435, 9.984e-6
-1.436, 1.002e-5
-1.437, 1.004e-5
-1.438, 1.006e-5
-1.439, 1.008e-5
-1.440, 1.010e-5
-1.441, 1.014e-5
-1.442, 1.016e-5
-1.443, 1.019e-5
-1.444, 1.021e-5
-1.445, 1.024e-5
-1.446, 1.026e-5
-1.447, 1.030e-5
-1.448, 1.032e-5
-1.449, 1.035e-5
-1.450, 1.038e-5
-1.451, 1.041e-5
-1.452, 1.044e-5
-1.453, 1.047e-5
-1.454, 1.051e-5
-1.455, 1.054e-5
-1.456, 1.057e-5
-1.457, 1.061e-5
-1.458, 1.064e-5
-1.459, 1.069e-5
-1.460, 1.072e-5
-1.461, 1.075e-5
-1.462, 1.078e-5
-1.463, 1.081e-5
-1.464, 1.084e-5
-1.465, 1.087e-5
-1.466, 1.090e-5
-1.467, 1.093e-5
-1.468, 1.096e-5
-1.469, 1.099e-5
-1.470, 1.102e-5
-1.471, 1.105e-5
-1.472, 1.109e-5
-1.473, 1.111e-5
-1.474, 1.115e-5
-1.475, 1.119e-5
-1.476, 1.122e-5
-1.477, 1.126e-5
-1.478, 1.130e-5
-1.479, 1.133e-5
-1.480, 1.137e-5
-1.481, 1.141e-5
-1.482, 1.144e-5
-1.483, 1.148e-5
-1.484, 1.152e-5
-1.485, 1.156e-5
-1.486, 1.160e-5
-1.487, 1.163e-5
-1.488, 1.168e-5
-1.489, 1.172e-5
-1.490, 1.176e-5
-1.491, 1.180e-5
-1.492, 1.185e-5
-1.493, 1.189e-5
-1.494, 1.193e-5
-1.495, 1.197e-5
-1.496, 1.201e-5
-1.497, 1.205e-5
-1.498, 1.209e-5
-1.499, 1.213e-5
-1.500, 1.218e-5
-1.501, 1.223e-5
-1.502, 1.228e-5
-1.503, 1.232e-5
-1.504, 1.236e-5
-1.505, 1.241e-5
-1.506, 1.246e-5
-1.507, 1.252e-5
-1.508, 1.256e-5
-1.509, 1.259e-5
-1.510, 1.264e-5
-1.511, 1.268e-5
-1.512, 1.272e-5
-1.513, 1.276e-5
-1.514, 1.281e-5
-1.515, 1.285e-5
-1.516, 1.290e-5
-1.517, 1.295e-5
-1.518, 1.299e-5
-1.519, 1.304e-5
-1.520, 1.309e-5
-1.521, 1.313e-5
-1.522, 1.318e-5
-1.523, 1.322e-5
-1.524, 1.327e-5
-1.525, 1.331e-5
-1.526, 1.337e-5
-1.527, 1.342e-5
-1.528, 1.347e-5
-1.529, 1.351e-5
-1.530, 1.356e-5
-1.531, 1.360e-5
-1.532, 1.366e-5
-1.533, 1.370e-5
-1.534, 1.375e-5
-1.535, 1.379e-5
-1.536, 1.384e-5
-1.537, 1.389e-5
-1.538, 1.393e-5
-1.539, 1.398e-5
-1.540, 1.403e-5
-1.541, 1.407e-5
-1.542, 1.412e-5
-1.543, 1.416e-5
-1.544, 1.421e-5
-1.545, 1.426e-5
-1.546, 1.432e-5
-1.547, 1.437e-5
-1.548, 1.442e-5
-1.549, 1.447e-5
-1.550, 1.453e-5
-1.551, 1.459e-5
-1.552, 1.465e-5
-1.553, 1.472e-5
-1.554, 1.478e-5
-1.555, 1.484e-5
-1.556, 1.489e-5
-1.557, 1.496e-5
-1.558, 1.502e-5
-1.559, 1.507e-5
-1.560, 1.514e-5
-1.561, 1.521e-5
-1.562, 1.528e-5
-1.563, 1.534e-5
-1.564, 1.541e-5
-1.565, 1.547e-5
-1.566, 1.554e-5
-1.567, 1.560e-5
-1.568, 1.567e-5
-1.569, 1.574e-5
-1.570, 1.581e-5
-1.571, 1.588e-5
-1.572, 1.596e-5
-1.573, 1.604e-5
-1.574, 1.612e-5
-1.575, 1.621e-5
-1.576, 1.630e-5
-1.577, 1.638e-5
-1.578, 1.646e-5
-1.579, 1.655e-5
-1.580, 1.664e-5
-1.581, 1.673e-5
-1.582, 1.683e-5
-1.583, 1.692e-5
-1.584, 1.702e-5
-1.585, 1.713e-5
-1.586, 1.723e-5
-1.587, 1.733e-5
-1.588, 1.744e-5
-1.589, 1.755e-5
-1.590, 1.767e-5
-1.591, 1.778e-5
-1.592, 1.791e-5
-1.593, 1.804e-5
-1.594, 1.816e-5
-1.595, 1.829e-5
-1.596, 1.841e-5
-1.597, 1.853e-5
-1.598, 1.866e-5
-1.599, 1.880e-5
-1.600, 1.894e-5
-1.601, 1.909e-5
-1.602, 1.923e-5
-1.603, 1.939e-5
-1.604, 1.954e-5
-1.605, 1.969e-5
-1.606, 1.986e-5
-1.607, 2.002e-5
-1.608, 2.019e-5
-1.609, 2.036e-5
-1.610, 2.053e-5
-1.611, 2.071e-5
-1.612, 2.089e-5
-1.613, 2.107e-5
-1.614, 2.127e-5
-1.615, 2.146e-5
-1.616, 2.165e-5
-1.617, 2.185e-5
-1.618, 2.204e-5
-1.619, 2.225e-5
-1.620, 2.246e-5
-1.621, 2.268e-5
-1.622, 2.291e-5
-1.623, 2.313e-5
-1.624, 2.336e-5
-1.625, 2.360e-5
-1.626, 2.383e-5
-1.627, 2.409e-5
-1.628, 2.434e-5
-1.629, 2.459e-5
-1.630, 2.486e-5
-1.631, 2.513e-5
-1.632, 2.540e-5
-1.633, 2.569e-5
-1.634, 2.598e-5
-1.635, 2.627e-5
-1.636, 2.657e-5
-1.637, 2.687e-5
-1.638, 2.719e-5
-1.639, 2.753e-5
-1.640, 2.785e-5
-1.641, 2.818e-5
-1.642, 2.852e-5
-1.643, 2.888e-5
-1.644, 2.924e-5
-1.645, 2.962e-5
-1.646, 2.999e-5
-1.647, 3.038e-5
-1.648, 3.079e-5
-1.649, 3.120e-5
-1.650, 3.162e-5
-1.651, 3.205e-5
-1.652, 3.249e-5
-1.653, 3.294e-5
-1.654, 3.340e-5
-1.655, 3.387e-5
-1.656, 3.435e-5
-1.657, 3.485e-5
-1.658, 3.535e-5
-1.659, 3.587e-5
-1.660, 3.639e-5
-1.661, 3.692e-5
-1.662, 3.748e-5
-1.663, 3.805e-5
-1.664, 3.864e-5
-1.665, 3.924e-5
-1.666, 3.986e-5
-1.667, 4.050e-5
-1.668, 4.115e-5
-1.669, 4.181e-5
-1.670, 4.250e-5
-1.671, 4.321e-5
-1.672, 4.392e-5
-1.673, 4.467e-5
-1.674, 4.545e-5
-1.675, 4.625e-5
-1.676, 4.708e-5
-1.677, 4.794e-5
-1.678, 4.883e-5
-1.679, 4.972e-5
-1.680, 5.065e-5
-1.681, 5.161e-5
-1.682, 5.260e-5
-1.683, 5.362e-5
-1.684, 5.465e-5
-1.685, 5.573e-5
-1.686, 5.685e-5
-1.687, 5.799e-5
-1.688, 5.917e-5
-1.689, 6.038e-5
-1.690, 6.164e-5
-1.691, 6.295e-5
-1.692, 6.428e-5
-1.693, 6.565e-5
-1.694, 6.705e-5
-1.695, 6.850e-5
-1.696, 7.002e-5
-1.697, 7.161e-5
-1.698, 7.319e-5
-1.699, 7.483e-5
