June 25, 2026   10:04:15
Linear Sweep Voltammetry
File: c:/users/guazh/data/20260623_doe_duplica2/2026-06-24-exp4\regeneratedgce-2026-06-25t09_59_40-lsvinkoh\regeneratedgce_lsv_50mvs_efin_-1900mv.bin
Data Source:  Experiment
Instrument Model:  CHI760E
Header: LSV ran at 50 mVs with Efin at -1900mV
Note: 

Init E (V) = -0.6
Final E (V) = -1.9
Scan Rate (V/s) = 0.05
Sample Interval (V) = 0.001
Quiet Time (sec) = 2
Sensitivity (A/V) = 1e-4
Comp R (ohm) = 1.6

Results:

Channel 1:

Potential/V, Current/A

-0.600, 1.502e-7
-0.601, 2.593e-7
-0.602, 3.020e-7
-0.603, 3.252e-7
-0.604, 3.419e-7
-0.605, 3.574e-7
-0.606, 3.698e-7
-0.607, 3.818e-7
-0.608, 3.928e-7
-0.609, 4.043e-7
-0.610, 4.132e-7
-0.611, 4.215e-7
-0.612, 4.308e-7
-0.613, 4.367e-7
-0.614, 4.473e-7
-0.615, 4.555e-7
-0.616, 4.614e-7
-0.617, 4.694e-7
-0.618, 4.745e-7
-0.619, 4.815e-7
-0.620, 4.890e-7
-0.621, 4.945e-7
-0.622, 5.009e-7
-0.623, 5.049e-7
-0.624, 5.121e-7
-0.625, 5.187e-7
-0.626, 5.233e-7
-0.627, 5.311e-7
-0.628, 5.362e-7
-0.629, 5.406e-7
-0.630, 5.474e-7
-0.631, 5.529e-7
-0.632, 5.569e-7
-0.633, 5.616e-7
-0.634, 5.669e-7
-0.635, 5.728e-7
-0.636, 5.771e-7
-0.637, 5.814e-7
-0.638, 5.860e-7
-0.639, 5.885e-7
-0.640, 5.954e-7
-0.641, 6.000e-7
-0.642, 6.050e-7
-0.643, 6.091e-7
-0.644, 6.133e-7
-0.645, 6.184e-7
-0.646, 6.224e-7
-0.647, 6.260e-7
-0.648, 6.300e-7
-0.649, 6.350e-7
-0.650, 6.390e-7
-0.651, 6.434e-7
-0.652, 6.483e-7
-0.653, 6.522e-7
-0.654, 6.564e-7
-0.655, 6.604e-7
-0.656, 6.640e-7
-0.657, 6.697e-7
-0.658, 6.726e-7
-0.659, 6.760e-7
-0.660, 6.813e-7
-0.661, 6.852e-7
-0.662, 6.885e-7
-0.663, 6.914e-7
-0.664, 6.949e-7
-0.665, 7.012e-7
-0.666, 7.058e-7
-0.667, 7.088e-7
-0.668, 7.114e-7
-0.669, 7.158e-7
-0.670, 7.203e-7
-0.671, 7.224e-7
-0.672, 7.274e-7
-0.673, 7.310e-7
-0.674, 7.329e-7
-0.675, 7.397e-7
-0.676, 7.414e-7
-0.677, 7.452e-7
-0.678, 7.496e-7
-0.679, 7.530e-7
-0.680, 7.582e-7
-0.681, 7.620e-7
-0.682, 7.657e-7
-0.683, 7.698e-7
-0.684, 7.729e-7
-0.685, 7.772e-7
-0.686, 7.803e-7
-0.687, 7.844e-7
-0.688, 7.868e-7
-0.689, 7.924e-7
-0.690, 7.955e-7
-0.691, 7.997e-7
-0.692, 8.047e-7
-0.693, 8.062e-7
-0.694, 8.092e-7
-0.695, 8.135e-7
-0.696, 8.172e-7
-0.697, 8.204e-7
-0.698, 8.235e-7
-0.699, 8.272e-7
-0.700, 8.328e-7
-0.701, 8.346e-7
-0.702, 8.391e-7
-0.703, 8.413e-7
-0.704, 8.454e-7
-0.705, 8.506e-7
-0.706, 8.522e-7
-0.707, 8.570e-7
-0.708, 8.592e-7
-0.709, 8.620e-7
-0.710, 8.675e-7
-0.711, 8.698e-7
-0.712, 8.749e-7
-0.713, 8.777e-7
-0.714, 8.804e-7
-0.715, 8.850e-7
-0.716, 8.873e-7
-0.717, 8.921e-7
-0.718, 8.939e-7
-0.719, 8.981e-7
-0.720, 9.027e-7
-0.721, 9.061e-7
-0.722, 9.097e-7
-0.723, 9.129e-7
-0.724, 9.164e-7
-0.725, 9.204e-7
-0.726, 9.226e-7
-0.727, 9.260e-7
-0.728, 9.296e-7
-0.729, 9.344e-7
-0.730, 9.380e-7
-0.731, 9.412e-7
-0.732, 9.440e-7
-0.733, 9.474e-7
-0.734, 9.515e-7
-0.735, 9.546e-7
-0.736, 9.586e-7
-0.737, 9.623e-7
-0.738, 9.651e-7
-0.739, 9.698e-7
-0.740, 9.727e-7
-0.741, 9.754e-7
-0.742, 9.792e-7
-0.743, 9.835e-7
-0.744, 9.867e-7
-0.745, 9.898e-7
-0.746, 9.926e-7
-0.747, 9.970e-7
-0.748, 9.999e-7
-0.749, 1.003e-6
-0.750, 1.007e-6
-0.751, 1.010e-6
-0.752, 1.014e-6
-0.753, 1.017e-6
-0.754, 1.020e-6
-0.755, 1.025e-6
-0.756, 1.029e-6
-0.757, 1.031e-6
-0.758, 1.034e-6
-0.759, 1.037e-6
-0.760, 1.043e-6
-0.761, 1.046e-6
-0.762, 1.049e-6
-0.763, 1.052e-6
-0.764, 1.056e-6
-0.765, 1.060e-6
-0.766, 1.062e-6
-0.767, 1.064e-6
-0.768, 1.070e-6
-0.769, 1.072e-6
-0.770, 1.075e-6
-0.771, 1.079e-6
-0.772, 1.081e-6
-0.773, 1.085e-6
-0.774, 1.087e-6
-0.775, 1.091e-6
-0.776, 1.093e-6
-0.777, 1.096e-6
-0.778, 1.099e-6
-0.779, 1.101e-6
-0.780, 1.105e-6
-0.781, 1.108e-6
-0.782, 1.110e-6
-0.783, 1.114e-6
-0.784, 1.116e-6
-0.785, 1.119e-6
-0.786, 1.121e-6
-0.787, 1.125e-6
-0.788, 1.129e-6
-0.789, 1.131e-6
-0.790, 1.135e-6
-0.791, 1.137e-6
-0.792, 1.141e-6
-0.793, 1.144e-6
-0.794, 1.146e-6
-0.795, 1.150e-6
-0.796, 1.154e-6
-0.797, 1.156e-6
-0.798, 1.160e-6
-0.799, 1.162e-6
-0.800, 1.166e-6
-0.801, 1.169e-6
-0.802, 1.171e-6
-0.803, 1.175e-6
-0.804, 1.178e-6
-0.805, 1.181e-6
-0.806, 1.186e-6
-0.807, 1.188e-6
-0.808, 1.192e-6
-0.809, 1.196e-6
-0.810, 1.198e-6
-0.811, 1.202e-6
-0.812, 1.205e-6
-0.813, 1.208e-6
-0.814, 1.211e-6
-0.815, 1.214e-6
-0.816, 1.218e-6
-0.817, 1.221e-6
-0.818, 1.225e-6
-0.819, 1.232e-6
-0.820, 1.236e-6
-0.821, 1.236e-6
-0.822, 1.239e-6
-0.823, 1.241e-6
-0.824, 1.244e-6
-0.825, 1.247e-6
-0.826, 1.250e-6
-0.827, 1.254e-6
-0.828, 1.258e-6
-0.829, 1.259e-6
-0.830, 1.264e-6
-0.831, 1.267e-6
-0.832, 1.270e-6
-0.833, 1.274e-6
-0.834, 1.276e-6
-0.835, 1.280e-6
-0.836, 1.284e-6
-0.837, 1.286e-6
-0.838, 1.292e-6
-0.839, 1.294e-6
-0.840, 1.297e-6
-0.841, 1.301e-6
-0.842, 1.302e-6
-0.843, 1.307e-6
-0.844, 1.309e-6
-0.845, 1.314e-6
-0.846, 1.318e-6
-0.847, 1.319e-6
-0.848, 1.323e-6
-0.849, 1.326e-6
-0.850, 1.328e-6
-0.851, 1.333e-6
-0.852, 1.336e-6
-0.853, 1.339e-6
-0.854, 1.343e-6
-0.855, 1.346e-6
-0.856, 1.350e-6
-0.857, 1.352e-6
-0.858, 1.357e-6
-0.859, 1.359e-6
-0.860, 1.363e-6
-0.861, 1.366e-6
-0.862, 1.369e-6
-0.863, 1.374e-6
-0.864, 1.375e-6
-0.865, 1.379e-6
-0.866, 1.381e-6
-0.867, 1.385e-6
-0.868, 1.390e-6
-0.869, 1.391e-6
-0.870, 1.396e-6
-0.871, 1.399e-6
-0.872, 1.403e-6
-0.873, 1.407e-6
-0.874, 1.411e-6
-0.875, 1.414e-6
-0.876, 1.416e-6
-0.877, 1.420e-6
-0.878, 1.423e-6
-0.879, 1.426e-6
-0.880, 1.429e-6
-0.881, 1.434e-6
-0.882, 1.437e-6
-0.883, 1.443e-6
-0.884, 1.446e-6
-0.885, 1.449e-6
-0.886, 1.454e-6
-0.887, 1.457e-6
-0.888, 1.464e-6
-0.889, 1.465e-6
-0.890, 1.468e-6
-0.891, 1.472e-6
-0.892, 1.477e-6
-0.893, 1.480e-6
-0.894, 1.484e-6
-0.895, 1.482e-6
-0.896, 1.486e-6
-0.897, 1.490e-6
-0.898, 1.493e-6
-0.899, 1.496e-6
-0.900, 1.500e-6
-0.901, 1.503e-6
-0.902, 1.507e-6
-0.903, 1.512e-6
-0.904, 1.515e-6
-0.905, 1.519e-6
-0.906, 1.522e-6
-0.907, 1.525e-6
-0.908, 1.529e-6
-0.909, 1.533e-6
-0.910, 1.537e-6
-0.911, 1.541e-6
-0.912, 1.544e-6
-0.913, 1.549e-6
-0.914, 1.551e-6
-0.915, 1.554e-6
-0.916, 1.558e-6
-0.917, 1.562e-6
-0.918, 1.566e-6
-0.919, 1.568e-6
-0.920, 1.572e-6
-0.921, 1.577e-6
-0.922, 1.580e-6
-0.923, 1.584e-6
-0.924, 1.587e-6
-0.925, 1.592e-6
-0.926, 1.596e-6
-0.927, 1.598e-6
-0.928, 1.602e-6
-0.929, 1.604e-6
-0.930, 1.607e-6
-0.931, 1.612e-6
-0.932, 1.615e-6
-0.933, 1.619e-6
-0.934, 1.623e-6
-0.935, 1.626e-6
-0.936, 1.631e-6
-0.937, 1.634e-6
-0.938, 1.637e-6
-0.939, 1.640e-6
-0.940, 1.646e-6
-0.941, 1.650e-6
-0.942, 1.653e-6
-0.943, 1.656e-6
-0.944, 1.659e-6
-0.945, 1.664e-6
-0.946, 1.667e-6
-0.947, 1.671e-6
-0.948, 1.675e-6
-0.949, 1.679e-6
-0.950, 1.684e-6
-0.951, 1.687e-6
-0.952, 1.689e-6
-0.953, 1.695e-6
-0.954, 1.698e-6
-0.955, 1.702e-6
-0.956, 1.706e-6
-0.957, 1.709e-6
-0.958, 1.715e-6
-0.959, 1.717e-6
-0.960, 1.722e-6
-0.961, 1.726e-6
-0.962, 1.728e-6
-0.963, 1.733e-6
-0.964, 1.735e-6
-0.965, 1.740e-6
-0.966, 1.745e-6
-0.967, 1.748e-6
-0.968, 1.751e-6
-0.969, 1.756e-6
-0.970, 1.758e-6
-0.971, 1.763e-6
-0.972, 1.766e-6
-0.973, 1.774e-6
-0.974, 1.777e-6
-0.975, 1.779e-6
-0.976, 1.784e-6
-0.977, 1.786e-6
-0.978, 1.788e-6
-0.979, 1.793e-6
-0.980, 1.797e-6
-0.981, 1.800e-6
-0.982, 1.805e-6
-0.983, 1.809e-6
-0.984, 1.812e-6
-0.985, 1.816e-6
-0.986, 1.821e-6
-0.987, 1.824e-6
-0.988, 1.826e-6
-0.989, 1.831e-6
-0.990, 1.836e-6
-0.991, 1.840e-6
-0.992, 1.845e-6
-0.993, 1.851e-6
-0.994, 1.854e-6
-0.995, 1.859e-6
-0.996, 1.864e-6
-0.997, 1.866e-6
-0.998, 1.871e-6
-0.999, 1.875e-6
-1.000, 1.878e-6
-1.001, 1.884e-6
-1.002, 1.886e-6
-1.003, 1.891e-6
-1.004, 1.895e-6
-1.005, 1.899e-6
-1.006, 1.903e-6
-1.007, 1.905e-6
-1.008, 1.911e-6
-1.009, 1.915e-6
-1.010, 1.919e-6
-1.011, 1.925e-6
-1.012, 1.926e-6
-1.013, 1.930e-6
-1.014, 1.934e-6
-1.015, 1.935e-6
-1.016, 1.940e-6
-1.017, 1.944e-6
-1.018, 1.948e-6
-1.019, 1.952e-6
-1.020, 1.955e-6
-1.021, 1.959e-6
-1.022, 1.962e-6
-1.023, 1.966e-6
-1.024, 1.970e-6
-1.025, 1.976e-6
-1.026, 1.977e-6
-1.027, 1.979e-6
-1.028, 1.985e-6
-1.029, 1.988e-6
-1.030, 1.992e-6
-1.031, 1.995e-6
-1.032, 1.999e-6
-1.033, 2.004e-6
-1.034, 2.008e-6
-1.035, 2.013e-6
-1.036, 2.016e-6
-1.037, 2.020e-6
-1.038, 2.024e-6
-1.039, 2.026e-6
-1.040, 2.030e-6
-1.041, 2.035e-6
-1.042, 2.039e-6
-1.043, 2.043e-6
-1.044, 2.045e-6
-1.045, 2.049e-6
-1.046, 2.053e-6
-1.047, 2.055e-6
-1.048, 2.061e-6
-1.049, 2.065e-6
-1.050, 2.068e-6
-1.051, 2.072e-6
-1.052, 2.074e-6
-1.053, 2.078e-6
-1.054, 2.083e-6
-1.055, 2.086e-6
-1.056, 2.091e-6
-1.057, 2.094e-6
-1.058, 2.099e-6
-1.059, 2.103e-6
-1.060, 2.107e-6
-1.061, 2.112e-6
-1.062, 2.118e-6
-1.063, 2.120e-6
-1.064, 2.123e-6
-1.065, 2.127e-6
-1.066, 2.131e-6
-1.067, 2.134e-6
-1.068, 2.139e-6
-1.069, 2.143e-6
-1.070, 2.149e-6
-1.071, 2.152e-6
-1.072, 2.155e-6
-1.073, 2.160e-6
-1.074, 2.162e-6
-1.075, 2.166e-6
-1.076, 2.171e-6
-1.077, 2.172e-6
-1.078, 2.176e-6
-1.079, 2.179e-6
-1.080, 2.183e-6
-1.081, 2.187e-6
-1.082, 2.191e-6
-1.083, 2.194e-6
-1.084, 2.198e-6
-1.085, 2.202e-6
-1.086, 2.206e-6
-1.087, 2.207e-6
-1.088, 2.211e-6
-1.089, 2.217e-6
-1.090, 2.218e-6
-1.091, 2.224e-6
-1.092, 2.226e-6
-1.093, 2.229e-6
-1.094, 2.233e-6
-1.095, 2.237e-6
-1.096, 2.243e-6
-1.097, 2.247e-6
-1.098, 2.248e-6
-1.099, 2.251e-6
-1.100, 2.255e-6
-1.101, 2.260e-6
-1.102, 2.264e-6
-1.103, 2.265e-6
-1.104, 2.270e-6
-1.105, 2.273e-6
-1.106, 2.276e-6
-1.107, 2.281e-6
-1.108, 2.285e-6
-1.109, 2.286e-6
-1.110, 2.292e-6
-1.111, 2.297e-6
-1.112, 2.300e-6
-1.113, 2.306e-6
-1.114, 2.307e-6
-1.115, 2.310e-6
-1.116, 2.316e-6
-1.117, 2.318e-6
-1.118, 2.322e-6
-1.119, 2.326e-6
-1.120, 2.332e-6
-1.121, 2.336e-6
-1.122, 2.339e-6
-1.123, 2.343e-6
-1.124, 2.347e-6
-1.125, 2.351e-6
-1.126, 2.356e-6
-1.127, 2.359e-6
-1.128, 2.364e-6
-1.129, 2.367e-6
-1.130, 2.370e-6
-1.131, 2.375e-6
-1.132, 2.378e-6
-1.133, 2.383e-6
-1.134, 2.386e-6
-1.135, 2.389e-6
-1.136, 2.393e-6
-1.137, 2.397e-6
-1.138, 2.400e-6
-1.139, 2.405e-6
-1.140, 2.409e-6
-1.141, 2.411e-6
-1.142, 2.415e-6
-1.143, 2.418e-6
-1.144, 2.422e-6
-1.145, 2.425e-6
-1.146, 2.428e-6
-1.147, 2.432e-6
-1.148, 2.436e-6
-1.149, 2.439e-6
-1.150, 2.443e-6
-1.151, 2.447e-6
-1.152, 2.451e-6
-1.153, 2.455e-6
-1.154, 2.458e-6
-1.155, 2.461e-6
-1.156, 2.466e-6
-1.157, 2.468e-6
-1.158, 2.472e-6
-1.159, 2.476e-6
-1.160, 2.481e-6
-1.161, 2.484e-6
-1.162, 2.488e-6
-1.163, 2.492e-6
-1.164, 2.493e-6
-1.165, 2.498e-6
-1.166, 2.501e-6
-1.167, 2.506e-6
-1.168, 2.511e-6
-1.169, 2.516e-6
-1.170, 2.519e-6
-1.171, 2.524e-6
-1.172, 2.526e-6
-1.173, 2.530e-6
-1.174, 2.535e-6
-1.175, 2.539e-6
-1.176, 2.544e-6
-1.177, 2.549e-6
-1.178, 2.555e-6
-1.179, 2.560e-6
-1.180, 2.561e-6
-1.181, 2.565e-6
-1.182, 2.570e-6
-1.183, 2.573e-6
-1.184, 2.579e-6
-1.185, 2.584e-6
-1.186, 2.587e-6
-1.187, 2.592e-6
-1.188, 2.595e-6
-1.189, 2.600e-6
-1.190, 2.605e-6
-1.191, 2.610e-6
-1.192, 2.613e-6
-1.193, 2.619e-6
-1.194, 2.622e-6
-1.195, 2.627e-6
-1.196, 2.633e-6
-1.197, 2.637e-6
-1.198, 2.641e-6
-1.199, 2.646e-6
-1.200, 2.651e-6
-1.201, 2.656e-6
-1.202, 2.659e-6
-1.203, 2.665e-6
-1.204, 2.671e-6
-1.205, 2.673e-6
-1.206, 2.681e-6
-1.207, 2.684e-6
-1.208, 2.688e-6
-1.209, 2.694e-6
-1.210, 2.698e-6
-1.211, 2.704e-6
-1.212, 2.707e-6
-1.213, 2.711e-6
-1.214, 2.717e-6
-1.215, 2.721e-6
-1.216, 2.728e-6
-1.217, 2.733e-6
-1.218, 2.736e-6
-1.219, 2.743e-6
-1.220, 2.749e-6
-1.221, 2.754e-6
-1.222, 2.759e-6
-1.223, 2.763e-6
-1.224, 2.769e-6
-1.225, 2.773e-6
-1.226, 2.776e-6
-1.227, 2.783e-6
-1.228, 2.788e-6
-1.229, 2.801e-6
-1.230, 2.805e-6
-1.231, 2.808e-6
-1.232, 2.812e-6
-1.233, 2.816e-6
-1.234, 2.821e-6
-1.235, 2.828e-6
-1.236, 2.834e-6
-1.237, 2.838e-6
-1.238, 2.843e-6
-1.239, 2.847e-6
-1.240, 2.853e-6
-1.241, 2.859e-6
-1.242, 2.863e-6
-1.243, 2.870e-6
-1.244, 2.877e-6
-1.245, 2.883e-6
-1.246, 2.887e-6
-1.247, 2.891e-6
-1.248, 2.898e-6
-1.249, 2.904e-6
-1.250, 2.909e-6
-1.251, 2.915e-6
-1.252, 2.920e-6
-1.253, 2.923e-6
-1.254, 2.932e-6
-1.255, 2.935e-6
-1.256, 2.941e-6
-1.257, 2.948e-6
-1.258, 2.953e-6
-1.259, 2.959e-6
-1.260, 2.962e-6
-1.261, 2.967e-6
-1.262, 2.974e-6
-1.263, 2.977e-6
-1.264, 2.984e-6
-1.265, 2.989e-6
-1.266, 2.992e-6
-1.267, 2.998e-6
-1.268, 3.003e-6
-1.269, 3.008e-6
-1.270, 3.014e-6
-1.271, 3.018e-6
-1.272, 3.023e-6
-1.273, 3.030e-6
-1.274, 3.035e-6
-1.275, 3.040e-6
-1.276, 3.044e-6
-1.277, 3.049e-6
-1.278, 3.055e-6
-1.279, 3.060e-6
-1.280, 3.068e-6
-1.281, 3.076e-6
-1.282, 3.078e-6
-1.283, 3.085e-6
-1.284, 3.090e-6
-1.285, 3.095e-6
-1.286, 3.102e-6
-1.287, 3.104e-6
-1.288, 3.109e-6
-1.289, 3.116e-6
-1.290, 3.121e-6
-1.291, 3.125e-6
-1.292, 3.131e-6
-1.293, 3.135e-6
-1.294, 3.140e-6
-1.295, 3.143e-6
-1.296, 3.150e-6
-1.297, 3.155e-6
-1.298, 3.160e-6
-1.299, 3.167e-6
-1.300, 3.171e-6
-1.301, 3.175e-6
-1.302, 3.181e-6
-1.303, 3.185e-6
-1.304, 3.191e-6
-1.305, 3.195e-6
-1.306, 3.199e-6
-1.307, 3.206e-6
-1.308, 3.212e-6
-1.309, 3.216e-6
-1.310, 3.221e-6
-1.311, 3.224e-6
-1.312, 3.232e-6
-1.313, 3.236e-6
-1.314, 3.239e-6
-1.315, 3.243e-6
-1.316, 3.251e-6
-1.317, 3.255e-6
-1.318, 3.261e-6
-1.319, 3.265e-6
-1.320, 3.271e-6
-1.321, 3.276e-6
-1.322, 3.279e-6
-1.323, 3.284e-6
-1.324, 3.290e-6
-1.325, 3.295e-6
-1.326, 3.302e-6
-1.327, 3.307e-6
-1.328, 3.311e-6
-1.329, 3.318e-6
-1.330, 3.321e-6
-1.331, 3.329e-6
-1.332, 3.334e-6
-1.333, 3.339e-6
-1.334, 3.348e-6
-1.335, 3.351e-6
-1.336, 3.358e-6
-1.337, 3.362e-6
-1.338, 3.364e-6
-1.339, 3.372e-6
-1.340, 3.375e-6
-1.341, 3.382e-6
-1.342, 3.391e-6
-1.343, 3.395e-6
-1.344, 3.401e-6
-1.345, 3.407e-6
-1.346, 3.409e-6
-1.347, 3.415e-6
-1.348, 3.421e-6
-1.349, 3.427e-6
-1.350, 3.433e-6
-1.351, 3.438e-6
-1.352, 3.442e-6
-1.353, 3.447e-6
-1.354, 3.451e-6
-1.355, 3.457e-6
-1.356, 3.463e-6
-1.357, 3.468e-6
-1.358, 3.475e-6
-1.359, 3.481e-6
-1.360, 3.483e-6
-1.361, 3.488e-6
-1.362, 3.492e-6
-1.363, 3.497e-6
-1.364, 3.503e-6
-1.365, 3.508e-6
-1.366, 3.513e-6
-1.367, 3.518e-6
-1.368, 3.522e-6
-1.369, 3.528e-6
-1.370, 3.532e-6
-1.371, 3.538e-6
-1.372, 3.544e-6
-1.373, 3.546e-6
-1.374, 3.556e-6
-1.375, 3.559e-6
-1.376, 3.566e-6
-1.377, 3.572e-6
-1.378, 3.576e-6
-1.379, 3.583e-6
-1.380, 3.588e-6
-1.381, 3.593e-6
-1.382, 3.602e-6
-1.383, 3.608e-6
-1.384, 3.614e-6
-1.385, 3.621e-6
-1.386, 3.624e-6
-1.387, 3.631e-6
-1.388, 3.637e-6
-1.389, 3.644e-6
-1.390, 3.651e-6
-1.391, 3.654e-6
-1.392, 3.662e-6
-1.393, 3.667e-6
-1.394, 3.674e-6
-1.395, 3.679e-6
-1.396, 3.687e-6
-1.397, 3.691e-6
-1.398, 3.697e-6
-1.399, 3.702e-6
-1.400, 3.710e-6
-1.401, 3.718e-6
-1.402, 3.723e-6
-1.403, 3.729e-6
-1.404, 3.738e-6
-1.405, 3.743e-6
-1.406, 3.749e-6
-1.407, 3.752e-6
-1.408, 3.758e-6
-1.409, 3.766e-6
-1.410, 3.770e-6
-1.411, 3.777e-6
-1.412, 3.784e-6
-1.413, 3.791e-6
-1.414, 3.798e-6
-1.415, 3.801e-6
-1.416, 3.808e-6
-1.417, 3.815e-6
-1.418, 3.819e-6
-1.419, 3.827e-6
-1.420, 3.833e-6
-1.421, 3.841e-6
-1.422, 3.849e-6
-1.423, 3.852e-6
-1.424, 3.860e-6
-1.425, 3.868e-6
-1.426, 3.872e-6
-1.427, 3.883e-6
-1.428, 3.888e-6
-1.429, 3.894e-6
-1.430, 3.902e-6
-1.431, 3.909e-6
-1.432, 3.916e-6
-1.433, 3.922e-6
-1.434, 3.931e-6
-1.435, 3.936e-6
-1.436, 3.945e-6
-1.437, 3.951e-6
-1.438, 3.958e-6
-1.439, 3.965e-6
-1.440, 3.972e-6
-1.441, 3.982e-6
-1.442, 3.988e-6
-1.443, 3.997e-6
-1.444, 4.007e-6
-1.445, 4.013e-6
-1.446, 4.022e-6
-1.447, 4.030e-6
-1.448, 4.040e-6
-1.449, 4.049e-6
-1.450, 4.056e-6
-1.451, 4.066e-6
-1.452, 4.074e-6
-1.453, 4.081e-6
-1.454, 4.091e-6
-1.455, 4.096e-6
-1.456, 4.107e-6
-1.457, 4.118e-6
-1.458, 4.126e-6
-1.459, 4.139e-6
-1.460, 4.147e-6
-1.461, 4.155e-6
-1.462, 4.166e-6
-1.463, 4.173e-6
-1.464, 4.186e-6
-1.465, 4.195e-6
-1.466, 4.203e-6
-1.467, 4.215e-6
-1.468, 4.225e-6
-1.469, 4.232e-6
-1.470, 4.245e-6
-1.471, 4.260e-6
-1.472, 4.277e-6
-1.473, 4.290e-6
-1.474, 4.299e-6
-1.475, 4.311e-6
-1.476, 4.324e-6
-1.477, 4.333e-6
-1.478, 4.342e-6
-1.479, 4.350e-6
-1.480, 4.362e-6
-1.481, 4.377e-6
-1.482, 4.386e-6
-1.483, 4.396e-6
-1.484, 4.415e-6
-1.485, 4.427e-6
-1.486, 4.442e-6
-1.487, 4.453e-6
-1.488, 4.468e-6
-1.489, 4.478e-6
-1.490, 4.488e-6
-1.491, 4.502e-6
-1.492, 4.519e-6
-1.493, 4.531e-6
-1.494, 4.548e-6
-1.495, 4.562e-6
-1.496, 4.578e-6
-1.497, 4.596e-6
-1.498, 4.610e-6
-1.499, 4.625e-6
-1.500, 4.640e-6
-1.501, 4.650e-6
-1.502, 4.669e-6
-1.503, 4.684e-6
-1.504, 4.701e-6
-1.505, 4.720e-6
-1.506, 4.732e-6
-1.507, 4.750e-6
-1.508, 4.767e-6
-1.509, 4.782e-6
-1.510, 4.801e-6
-1.511, 4.817e-6
-1.512, 4.836e-6
-1.513, 4.857e-6
-1.514, 4.875e-6
-1.515, 4.893e-6
-1.516, 4.907e-6
-1.517, 4.927e-6
-1.518, 4.947e-6
-1.519, 4.965e-6
-1.520, 4.984e-6
-1.521, 5.004e-6
-1.522, 5.022e-6
-1.523, 5.045e-6
-1.524, 5.065e-6
-1.525, 5.088e-6
-1.526, 5.111e-6
-1.527, 5.132e-6
-1.528, 5.151e-6
-1.529, 5.174e-6
-1.530, 5.194e-6
-1.531, 5.220e-6
-1.532, 5.247e-6
-1.533, 5.271e-6
-1.534, 5.296e-6
-1.535, 5.321e-6
-1.536, 5.345e-6
-1.537, 5.373e-6
-1.538, 5.394e-6
-1.539, 5.422e-6
-1.540, 5.448e-6
-1.541, 5.476e-6
-1.542, 5.506e-6
-1.543, 5.530e-6
-1.544, 5.566e-6
-1.545, 5.597e-6
-1.546, 5.621e-6
-1.547, 5.650e-6
-1.548, 5.679e-6
-1.549, 5.710e-6
-1.550, 5.742e-6
-1.551, 5.769e-6
-1.552, 5.800e-6
-1.553, 5.835e-6
-1.554, 5.866e-6
-1.555, 5.902e-6
-1.556, 5.926e-6
-1.557, 5.957e-6
-1.558, 5.993e-6
-1.559, 6.028e-6
-1.560, 6.067e-6
-1.561, 6.101e-6
-1.562, 6.138e-6
-1.563, 6.176e-6
-1.564, 6.212e-6
-1.565, 6.253e-6
-1.566, 6.293e-6
-1.567, 6.334e-6
-1.568, 6.375e-6
-1.569, 6.416e-6
-1.570, 6.455e-6
-1.571, 6.494e-6
-1.572, 6.533e-6
-1.573, 6.575e-6
-1.574, 6.623e-6
-1.575, 6.666e-6
-1.576, 6.710e-6
-1.577, 6.754e-6
-1.578, 6.797e-6
-1.579, 6.846e-6
-1.580, 6.890e-6
-1.581, 6.938e-6
-1.582, 6.989e-6
-1.583, 7.040e-6
-1.584, 7.090e-6
-1.585, 7.136e-6
-1.586, 7.185e-6
-1.587, 7.246e-6
-1.588, 7.298e-6
-1.589, 7.346e-6
-1.590, 7.402e-6
-1.591, 7.456e-6
-1.592, 7.516e-6
-1.593, 7.573e-6
-1.594, 7.631e-6
-1.595, 7.693e-6
-1.596, 7.756e-6
-1.597, 7.811e-6
-1.598, 7.875e-6
-1.599, 7.940e-6
-1.600, 8.005e-6
-1.601, 8.070e-6
-1.602, 8.133e-6
-1.603, 8.205e-6
-1.604, 8.281e-6
-1.605, 8.349e-6
-1.606, 8.419e-6
-1.607, 8.489e-6
-1.608, 8.568e-6
-1.609, 8.642e-6
-1.610, 8.721e-6
-1.611, 8.803e-6
-1.612, 8.875e-6
-1.613, 8.956e-6
-1.614, 9.037e-6
-1.615, 9.112e-6
-1.616, 9.195e-6
-1.617, 9.279e-6
-1.618, 9.363e-6
-1.619, 9.454e-6
-1.620, 9.542e-6
-1.621, 9.627e-6
-1.622, 9.718e-6
-1.623, 9.811e-6
-1.624, 9.912e-6
-1.625, 1.001e-5
-1.626, 1.011e-5
-1.627, 1.021e-5
-1.628, 1.031e-5
-1.629, 1.040e-5
-1.630, 1.050e-5
-1.631, 1.060e-5
-1.632, 1.071e-5
-1.633, 1.082e-5
-1.634, 1.094e-5
-1.635, 1.105e-5
-1.636, 1.116e-5
-1.637, 1.128e-5
-1.638, 1.140e-5
-1.639, 1.153e-5
-1.640, 1.164e-5
-1.641, 1.178e-5
-1.642, 1.190e-5
-1.643, 1.201e-5
-1.644, 1.213e-5
-1.645, 1.226e-5
-1.646, 1.240e-5
-1.647, 1.252e-5
-1.648, 1.264e-5
-1.649, 1.277e-5
-1.650, 1.289e-5
-1.651, 1.301e-5
-1.652, 1.316e-5
-1.653, 1.330e-5
-1.654, 1.347e-5
-1.655, 1.363e-5
-1.656, 1.379e-5
-1.657, 1.395e-5
-1.658, 1.410e-5
-1.659, 1.427e-5
-1.660, 1.444e-5
-1.661, 1.462e-5
-1.662, 1.481e-5
-1.663, 1.497e-5
-1.664, 1.515e-5
-1.665, 1.533e-5
-1.666, 1.551e-5
-1.667, 1.571e-5
-1.668, 1.590e-5
-1.669, 1.609e-5
-1.670, 1.630e-5
-1.671, 1.651e-5
-1.672, 1.672e-5
-1.673, 1.692e-5
-1.674, 1.713e-5
-1.675, 1.734e-5
-1.676, 1.758e-5
-1.677, 1.780e-5
-1.678, 1.801e-5
-1.679, 1.821e-5
-1.680, 1.843e-5
-1.681, 1.868e-5
-1.682, 1.890e-5
-1.683, 1.914e-5
-1.684, 1.939e-5
-1.685, 1.961e-5
-1.686, 1.986e-5
-1.687, 2.011e-5
-1.688, 2.038e-5
-1.689, 2.065e-5
-1.690, 2.092e-5
-1.691, 2.120e-5
-1.692, 2.147e-5
-1.693, 2.176e-5
-1.694, 2.205e-5
-1.695, 2.236e-5
-1.696, 2.269e-5
-1.697, 2.304e-5
-1.698, 2.336e-5
-1.699, 2.366e-5
-1.700, 2.399e-5
-1.701, 2.433e-5
-1.702, 2.465e-5
-1.703, 2.501e-5
-1.704, 2.537e-5
-1.705, 2.576e-5
-1.706, 2.613e-5
-1.707, 2.651e-5
-1.708, 2.690e-5
-1.709, 2.730e-5
-1.710, 2.774e-5
-1.711, 2.817e-5
-1.712, 2.860e-5
-1.713, 2.901e-5
-1.714, 2.938e-5
-1.715, 2.982e-5
-1.716, 3.027e-5
-1.717, 3.075e-5
-1.718, 3.125e-5
-1.719, 3.173e-5
-1.720, 3.223e-5
-1.721, 3.271e-5
-1.722, 3.321e-5
-1.723, 3.376e-5
-1.724, 3.427e-5
-1.725, 3.479e-5
-1.726, 3.538e-5
-1.727, 3.593e-5
-1.728, 3.647e-5
-1.729, 3.704e-5
-1.730, 3.761e-5
-1.731, 3.821e-5
-1.732, 3.881e-5
-1.733, 3.946e-5
-1.734, 4.011e-5
-1.735, 4.077e-5
-1.736, 4.144e-5
-1.737, 4.211e-5
-1.738, 4.280e-5
-1.739, 4.351e-5
-1.740, 4.426e-5
-1.741, 4.504e-5
-1.742, 4.579e-5
-1.743, 4.656e-5
-1.744, 4.734e-5
-1.745, 4.815e-5
-1.746, 4.896e-5
-1.747, 4.979e-5
-1.748, 5.062e-5
-1.749, 5.146e-5
-1.750, 5.235e-5
-1.751, 5.324e-5
-1.752, 5.412e-5
-1.753, 5.503e-5
-1.754, 5.593e-5
-1.755, 5.683e-5
-1.756, 5.787e-5
-1.757, 5.886e-5
-1.758, 5.986e-5
-1.759, 6.088e-5
-1.760, 6.190e-5
-1.761, 6.292e-5
-1.762, 6.390e-5
-1.763, 6.493e-5
-1.764, 6.593e-5
-1.765, 6.695e-5
-1.766, 6.808e-5
-1.767, 6.924e-5
-1.768, 7.033e-5
-1.769, 7.153e-5
-1.770, 7.266e-5
-1.771, 7.389e-5
-1.772, 7.499e-5
-1.773, 7.621e-5
-1.774, 7.749e-5
-1.775, 7.874e-5
-1.776, 8.016e-5
-1.777, 8.142e-5
-1.778, 8.277e-5
-1.779, 8.430e-5
-1.780, 8.565e-5
-1.781, 8.699e-5
-1.782, 8.850e-5
-1.783, 8.997e-5
-1.784, 9.133e-5
-1.785, 9.290e-5
-1.786, 9.443e-5
-1.787, 9.583e-5
-1.788, 9.747e-5
-1.789, 9.916e-5
-1.790, 1.008e-4
-1.791, 1.026e-4
-1.792, 1.044e-4
-1.793, 1.060e-4
-1.794, 1.080e-4
-1.795, 1.098e-4
-1.796, 1.116e-4
-1.797, 1.134e-4
-1.798, 1.152e-4
-1.799, 1.170e-4
-1.800, 1.190e-4
-1.801, 1.210e-4
-1.802, 1.230e-4
-1.803, 1.250e-4
-1.804, 1.271e-4
-1.805, 1.293e-4
-1.806, 1.315e-4
-1.807, 1.336e-4
-1.808, 1.358e-4
-1.809, 1.380e-4
-1.810, 1.402e-4
-1.811, 1.426e-4
-1.812, 1.448e-4
-1.813, 1.470e-4
-1.814, 1.495e-4
-1.815, 1.520e-4
-1.816, 1.543e-4
-1.817, 1.570e-4
-1.818, 1.596e-4
-1.819, 1.622e-4
-1.820, 1.648e-4
-1.821, 1.675e-4
-1.822, 1.701e-4
-1.823, 1.727e-4
-1.824, 1.754e-4
-1.825, 1.786e-4
-1.826, 1.817e-4
-1.827, 1.847e-4
-1.828, 1.877e-4
-1.829, 1.908e-4
-1.830, 1.941e-4
-1.831, 1.973e-4
-1.832, 2.006e-4
-1.833, 2.042e-4
-1.834, 2.077e-4
-1.835, 2.112e-4
-1.836, 2.146e-4
-1.837, 2.185e-4
-1.838, 2.221e-4
-1.839, 2.258e-4
-1.840, 2.296e-4
-1.841, 2.335e-4
-1.842, 2.373e-4
-1.843, 2.412e-4
-1.844, 2.452e-4
-1.845, 2.495e-4
-1.846, 2.537e-4
-1.847, 2.579e-4
-1.848, 2.626e-4
-1.849, 2.671e-4
-1.850, 2.715e-4
-1.851, 2.764e-4
-1.852, 2.810e-4
-1.853, 2.860e-4
-1.854, 2.908e-4
-1.855, 2.958e-4
-1.856, 3.010e-4
-1.857, 3.063e-4
-1.858, 3.117e-4
-1.859, 3.172e-4
-1.860, 3.226e-4
-1.861, 3.282e-4
-1.862, 3.340e-4
-1.863, 3.398e-4
-1.864, 3.457e-4
-1.865, 3.514e-4
-1.866, 3.578e-4
-1.867, 3.641e-4
-1.868, 3.707e-4
-1.869, 3.774e-4
-1.870, 3.842e-4
-1.871, 3.911e-4
-1.872, 3.979e-4
-1.873, 4.050e-4
-1.874, 4.120e-4
-1.875, 4.195e-4
-1.876, 4.273e-4
-1.877, 4.351e-4
-1.878, 4.429e-4
-1.879, 4.509e-4
-1.880, 4.588e-4
-1.881, 4.671e-4
-1.882, 4.755e-4
-1.883, 4.840e-4
-1.884, 4.926e-4
-1.885, 5.016e-4
-1.886, 5.108e-4
-1.887, 5.206e-4
-1.888, 5.305e-4
-1.889, 5.400e-4
-1.890, 5.499e-4
-1.891, 5.599e-4
-1.892, 5.700e-4
-1.893, 5.806e-4
-1.894, 5.915e-4
-1.895, 6.027e-4
-1.896, 6.141e-4
-1.897, 6.255e-4
-1.898, 6.375e-4
-1.899, 6.501e-4
