June 29, 2026   17:09:26
Cyclic Voltammetry
File: c:/users/guazh/data/20260623_doe_duplica2/2026-06-24-exp43\exp43-2026-06-29t16_57_06-h2koh\exp43_cv_50mvs_efin_-1600mv.bin
Data Source:  Experiment
Instrument Model:  CHI760E
Header: CV ran at 50 mVs
Note: 

Init E (V) = -1
High E (V) = -1
Low E (V) = -1.6
Final E (V) = -1
Init P/N = N
Scan Rate (V/s) = 0.05
Segment = 7
Sample Interval (V) = 0.001
Quiet Time (sec) = 60
Sensitivity (A/V) = 0.001
Comp R (ohm) = 2.0

Results:

Channel 1:
Segment 1:
Ep = -1.289V
ip = 1.132e-3A
Ah = 1.901e-3C

Segment 2:

Segment 3:
Ep = -1.265V
ip = 2.997e-4A
Ah = 3.899e-4C

Segment 4:

Segment 5:
Ep = -1.265V
ip = 2.371e-4A
Ah = 3.154e-4C

Segment 6:

Segment 7:

Potential/V, Current/A

-1.000, 1.529e-5
-1.001, 5.064e-5
-1.002, 6.495e-5
-1.003, 7.263e-5
-1.004, 7.817e-5
-1.005, 8.121e-5
-1.006, 8.353e-5
-1.007, 8.617e-5
-1.008, 8.786e-5
-1.009, 8.989e-5
-1.010, 9.132e-5
-1.011, 9.248e-5
-1.012, 9.436e-5
-1.013, 9.527e-5
-1.014, 9.687e-5
-1.015, 9.795e-5
-1.016, 9.878e-5
-1.017, 1.001e-4
-1.018, 1.013e-4
-1.019, 1.024e-4
-1.020, 1.037e-4
-1.021, 1.041e-4
-1.022, 1.054e-4
-1.023, 1.068e-4
-1.024, 1.077e-4
-1.025, 1.089e-4
-1.026, 1.097e-4
-1.027, 1.105e-4
-1.028, 1.119e-4
-1.029, 1.129e-4
-1.030, 1.137e-4
-1.031, 1.147e-4
-1.032, 1.157e-4
-1.033, 1.169e-4
-1.034, 1.183e-4
-1.035, 1.193e-4
-1.036, 1.202e-4
-1.037, 1.211e-4
-1.038, 1.224e-4
-1.039, 1.238e-4
-1.040, 1.245e-4
-1.041, 1.257e-4
-1.042, 1.271e-4
-1.043, 1.281e-4
-1.044, 1.298e-4
-1.045, 1.306e-4
-1.046, 1.319e-4
-1.047, 1.334e-4
-1.048, 1.343e-4
-1.049, 1.357e-4
-1.050, 1.374e-4
-1.051, 1.382e-4
-1.052, 1.400e-4
-1.053, 1.411e-4
-1.054, 1.425e-4
-1.055, 1.441e-4
-1.056, 1.450e-4
-1.057, 1.469e-4
-1.058, 1.484e-4
-1.059, 1.500e-4
-1.060, 1.517e-4
-1.061, 1.528e-4
-1.062, 1.545e-4
-1.063, 1.564e-4
-1.064, 1.579e-4
-1.065, 1.597e-4
-1.066, 1.610e-4
-1.067, 1.628e-4
-1.068, 1.649e-4
-1.069, 1.663e-4
-1.070, 1.682e-4
-1.071, 1.701e-4
-1.072, 1.715e-4
-1.073, 1.736e-4
-1.074, 1.755e-4
-1.075, 1.779e-4
-1.076, 1.793e-4
-1.077, 1.813e-4
-1.078, 1.833e-4
-1.079, 1.855e-4
-1.080, 1.870e-4
-1.081, 1.891e-4
-1.082, 1.913e-4
-1.083, 1.936e-4
-1.084, 1.958e-4
-1.085, 1.974e-4
-1.086, 1.997e-4
-1.087, 2.019e-4
-1.088, 2.040e-4
-1.089, 2.064e-4
-1.090, 2.087e-4
-1.091, 2.110e-4
-1.092, 2.135e-4
-1.093, 2.158e-4
-1.094, 2.180e-4
-1.095, 2.207e-4
-1.096, 2.226e-4
-1.097, 2.254e-4
-1.098, 2.282e-4
-1.099, 2.303e-4
-1.100, 2.330e-4
-1.101, 2.357e-4
-1.102, 2.386e-4
-1.103, 2.413e-4
-1.104, 2.433e-4
-1.105, 2.459e-4
-1.106, 2.490e-4
-1.107, 2.518e-4
-1.108, 2.551e-4
-1.109, 2.575e-4
-1.110, 2.605e-4
-1.111, 2.635e-4
-1.112, 2.661e-4
-1.113, 2.694e-4
-1.114, 2.725e-4
-1.115, 2.752e-4
-1.116, 2.783e-4
-1.117, 2.814e-4
-1.118, 2.847e-4
-1.119, 2.881e-4
-1.120, 2.908e-4
-1.121, 2.947e-4
-1.122, 2.977e-4
-1.123, 3.010e-4
-1.124, 3.045e-4
-1.125, 3.075e-4
-1.126, 3.110e-4
-1.127, 3.149e-4
-1.128, 3.184e-4
-1.129, 3.215e-4
-1.130, 3.255e-4
-1.131, 3.290e-4
-1.132, 3.335e-4
-1.133, 3.372e-4
-1.134, 3.411e-4
-1.135, 3.448e-4
-1.136, 3.483e-4
-1.137, 3.524e-4
-1.138, 3.572e-4
-1.139, 3.613e-4
-1.140, 3.652e-4
-1.141, 3.689e-4
-1.142, 3.734e-4
-1.143, 3.785e-4
-1.144, 3.824e-4
-1.145, 3.861e-4
-1.146, 3.921e-4
-1.147, 3.946e-4
-1.148, 4.004e-4
-1.149, 4.060e-4
-1.150, 4.120e-4
-1.151, 4.147e-4
-1.152, 4.227e-4
-1.153, 4.278e-4
-1.154, 4.313e-4
-1.155, 4.363e-4
-1.156, 4.398e-4
-1.157, 4.407e-4
-1.158, 4.495e-4
-1.159, 4.572e-4
-1.160, 4.619e-4
-1.161, 4.672e-4
-1.162, 4.729e-4
-1.163, 4.787e-4
-1.164, 4.843e-4
-1.165, 4.904e-4
-1.166, 4.966e-4
-1.167, 5.032e-4
-1.168, 5.084e-4
-1.169, 5.147e-4
-1.170, 5.210e-4
-1.171, 5.269e-4
-1.172, 5.338e-4
-1.173, 5.401e-4
-1.174, 5.468e-4
-1.175, 5.539e-4
-1.176, 5.605e-4
-1.177, 5.672e-4
-1.178, 5.748e-4
-1.179, 5.817e-4
-1.180, 5.880e-4
-1.181, 5.942e-4
-1.182, 6.035e-4
-1.183, 6.117e-4
-1.184, 6.176e-4
-1.185, 6.237e-4
-1.186, 6.312e-4
-1.187, 6.394e-4
-1.188, 6.495e-4
-1.189, 6.564e-4
-1.190, 6.636e-4
-1.191, 6.717e-4
-1.192, 6.797e-4
-1.193, 6.888e-4
-1.194, 6.966e-4
-1.195, 7.054e-4
-1.196, 7.145e-4
-1.197, 7.216e-4
-1.198, 7.300e-4
-1.199, 7.387e-4
-1.200, 7.481e-4
-1.201, 7.572e-4
-1.202, 7.661e-4
-1.203, 7.755e-4
-1.204, 7.846e-4
-1.205, 7.932e-4
-1.206, 8.024e-4
-1.207, 8.121e-4
-1.208, 8.228e-4
-1.209, 8.324e-4
-1.210, 8.419e-4
-1.211, 8.511e-4
-1.212, 8.607e-4
-1.213, 8.699e-4
-1.214, 8.818e-4
-1.215, 8.930e-4
-1.216, 9.016e-4
-1.217, 9.117e-4
-1.218, 9.224e-4
-1.219, 9.315e-4
-1.220, 9.419e-4
-1.221, 9.527e-4
-1.222, 9.647e-4
-1.223, 9.763e-4
-1.224, 9.878e-4
-1.225, 9.971e-4
-1.226, 1.008e-3
-1.227, 1.018e-3
-1.228, 1.029e-3
-1.229, 1.042e-3
-1.230, 1.054e-3
-1.231, 1.065e-3
-1.232, 1.075e-3
-1.233, 1.087e-3
-1.234, 1.103e-3
-1.235, 1.112e-3
-1.236, 1.121e-3
-1.237, 1.133e-3
-1.238, 1.139e-3
-1.239, 1.153e-3
-1.240, 1.165e-3
-1.241, 1.176e-3
-1.242, 1.194e-3
-1.243, 1.200e-3
-1.244, 1.210e-3
-1.245, 1.221e-3
-1.246, 1.233e-3
-1.247, 1.246e-3
-1.248, 1.256e-3
-1.249, 1.268e-3
-1.250, 1.279e-3
-1.251, 1.290e-3
-1.252, 1.309e-3
-1.253, 1.315e-3
-1.254, 1.325e-3
-1.255, 1.339e-3
-1.256, 1.348e-3
-1.257, 1.355e-3
-1.258, 1.358e-3
-1.259, 1.371e-3
-1.260, 1.381e-3
-1.261, 1.404e-3
-1.262, 1.407e-3
-1.263, 1.422e-3
-1.264, 1.422e-3
-1.265, 1.439e-3
-1.266, 1.447e-3
-1.267, 1.453e-3
-1.268, 1.460e-3
-1.269, 1.466e-3
-1.270, 1.478e-3
-1.271, 1.478e-3
-1.272, 1.487e-3
-1.273, 1.492e-3
-1.274, 1.495e-3
-1.275, 1.508e-3
-1.276, 1.498e-3
-1.277, 1.504e-3
-1.278, 1.522e-3
-1.279, 1.518e-3
-1.280, 1.520e-3
-1.281, 1.526e-3
-1.282, 1.536e-3
-1.283, 1.532e-3
-1.284, 1.518e-3
-1.285, 1.531e-3
-1.286, 1.531e-3
-1.287, 1.527e-3
-1.288, 1.532e-3
-1.289, 1.539e-3
-1.290, 1.534e-3
-1.291, 1.530e-3
-1.292, 1.528e-3
-1.293, 1.525e-3
-1.294, 1.519e-3
-1.295, 1.511e-3
-1.296, 1.508e-3
-1.297, 1.506e-3
-1.298, 1.504e-3
-1.299, 1.491e-3
-1.300, 1.486e-3
-1.301, 1.480e-3
-1.302, 1.472e-3
-1.303, 1.463e-3
-1.304, 1.447e-3
-1.305, 1.444e-3
-1.306, 1.437e-3
-1.307, 1.425e-3
-1.308, 1.413e-3
-1.309, 1.406e-3
-1.310, 1.395e-3
-1.311, 1.386e-3
-1.312, 1.368e-3
-1.313, 1.362e-3
-1.314, 1.352e-3
-1.315, 1.335e-3
-1.316, 1.325e-3
-1.317, 1.312e-3
-1.318, 1.304e-3
-1.319, 1.288e-3
-1.320, 1.281e-3
-1.321, 1.269e-3
-1.322, 1.256e-3
-1.323, 1.241e-3
-1.324, 1.230e-3
-1.325, 1.223e-3
-1.326, 1.210e-3
-1.327, 1.201e-3
-1.328, 1.188e-3
-1.329, 1.177e-3
-1.330, 1.169e-3
-1.331, 1.159e-3
-1.332, 1.149e-3
-1.333, 1.143e-3
-1.334, 1.135e-3
-1.335, 1.128e-3
-1.336, 1.119e-3
-1.337, 1.111e-3
-1.338, 1.106e-3
-1.339, 1.100e-3
-1.340, 1.096e-3
-1.341, 1.092e-3
-1.342, 1.090e-3
-1.343, 1.089e-3
-1.344, 1.089e-3
-1.345, 1.085e-3
-1.346, 1.084e-3
-1.347, 1.082e-3
-1.348, 1.078e-3
-1.349, 1.076e-3
-1.350, 1.082e-3
-1.351, 1.086e-3
-1.352, 1.088e-3
-1.353, 1.091e-3
-1.354, 1.088e-3
-1.355, 1.095e-3
-1.356, 1.103e-3
-1.357, 1.104e-3
-1.358, 1.104e-3
-1.359, 1.112e-3
-1.360, 1.120e-3
-1.361, 1.127e-3
-1.362, 1.133e-3
-1.363, 1.137e-3
-1.364, 1.145e-3
-1.365, 1.152e-3
-1.366, 1.158e-3
-1.367, 1.170e-3
-1.368, 1.183e-3
-1.369, 1.196e-3
-1.370, 1.203e-3
-1.371, 1.206e-3
-1.372, 1.217e-3
-1.373, 1.231e-3
-1.374, 1.237e-3
-1.375, 1.242e-3
-1.376, 1.257e-3
-1.377, 1.273e-3
-1.378, 1.281e-3
-1.379, 1.301e-3
-1.380, 1.315e-3
-1.381, 1.325e-3
-1.382, 1.338e-3
-1.383, 1.352e-3
-1.384, 1.366e-3
-1.385, 1.379e-3
-1.386, 1.394e-3
-1.387, 1.408e-3
-1.388, 1.424e-3
-1.389, 1.438e-3
-1.390, 1.454e-3
-1.391, 1.470e-3
-1.392, 1.485e-3
-1.393, 1.502e-3
-1.394, 1.518e-3
-1.395, 1.532e-3
-1.396, 1.551e-3
-1.397, 1.569e-3
-1.398, 1.586e-3
-1.399, 1.603e-3
-1.400, 1.619e-3
-1.401, 1.638e-3
-1.402, 1.657e-3
-1.403, 1.674e-3
-1.404, 1.692e-3
-1.405, 1.710e-3
-1.406, 1.732e-3
-1.407, 1.751e-3
-1.408, 1.770e-3
-1.409, 1.788e-3
-1.410, 1.807e-3
-1.411, 1.828e-3
-1.412, 1.850e-3
-1.413, 1.871e-3
-1.414, 1.890e-3
-1.415, 1.912e-3
-1.416, 1.933e-3
-1.417, 1.954e-3
-1.418, 1.976e-3
-1.419, 1.996e-3
-1.420, 2.019e-3
-1.421, 2.041e-3
-1.422, 2.063e-3
-1.423, 2.085e-3
-1.424, 2.108e-3
-1.425, 2.129e-3
-1.426, 2.149e-3
-1.427, 2.178e-3
-1.428, 2.203e-3
-1.429, 2.227e-3
-1.430, 2.249e-3
-1.431, 2.272e-3
-1.432, 2.296e-3
-1.433, 2.321e-3
-1.434, 2.346e-3
-1.435, 2.371e-3
-1.436, 2.392e-3
-1.437, 2.421e-3
-1.438, 2.449e-3
-1.439, 2.472e-3
-1.440, 2.498e-3
-1.441, 2.525e-3
-1.442, 2.554e-3
-1.443, 2.579e-3
-1.444, 2.606e-3
-1.445, 2.630e-3
-1.446, 2.660e-3
-1.447, 2.687e-3
-1.448, 2.716e-3
-1.449, 2.743e-3
-1.450, 2.772e-3
-1.451, 2.801e-3
-1.452, 2.829e-3
-1.453, 2.864e-3
-1.454, 2.892e-3
-1.455, 2.924e-3
-1.456, 2.935e-3
-1.457, 2.969e-3
-1.458, 3.004e-3
-1.459, 3.036e-3
-1.460, 3.065e-3
-1.461, 3.095e-3
-1.462, 3.126e-3
-1.463, 3.153e-3
-1.464, 3.186e-3
-1.465, 3.219e-3
-1.466, 3.251e-3
-1.467, 3.281e-3
-1.468, 3.314e-3
-1.469, 3.345e-3
-1.470, 3.377e-3
-1.471, 3.409e-3
-1.472, 3.443e-3
-1.473, 3.478e-3
-1.474, 3.509e-3
-1.475, 3.541e-3
-1.476, 3.573e-3
-1.477, 3.605e-3
-1.478, 3.640e-3
-1.479, 3.678e-3
-1.480, 3.712e-3
-1.481, 3.747e-3
-1.482, 3.780e-3
-1.483, 3.813e-3
-1.484, 3.849e-3
-1.485, 3.886e-3
-1.486, 3.922e-3
-1.487, 3.959e-3
-1.488, 3.995e-3
-1.489, 4.028e-3
-1.490, 4.065e-3
-1.491, 4.101e-3
-1.492, 4.138e-3
-1.493, 4.174e-3
-1.494, 4.208e-3
-1.495, 4.230e-3
-1.496, 4.284e-3
-1.497, 4.335e-3
-1.498, 4.381e-3
-1.499, 4.408e-3
-1.500, 4.462e-3
-1.501, 4.508e-3
-1.502, 4.544e-3
-1.503, 4.572e-3
-1.504, 4.628e-3
-1.505, 4.641e-3
-1.506, 4.698e-3
-1.507, 4.722e-3
-1.508, 4.779e-3
-1.509, 4.830e-3
-1.510, 4.856e-3
-1.511, 4.900e-3
-1.512, 4.896e-3
-1.513, 4.934e-3
-1.514, 5.001e-3
-1.515, 5.067e-3
-1.516, 5.106e-3
-1.517, 5.123e-3
-1.518, 5.168e-3
-1.519, 5.236e-3
-1.520, 5.238e-3
-1.521, 5.252e-3
-1.522, 5.317e-3
-1.523, 5.398e-3
-1.524, 5.435e-3
-1.525, 5.487e-3
-1.526, 5.513e-3
-1.527, 5.543e-3
-1.528, 5.587e-3
-1.529, 5.612e-3
-1.530, 5.677e-3
-1.531, 5.702e-3
-1.532, 5.723e-3
-1.533, 5.781e-3
-1.534, 5.834e-3
-1.535, 5.841e-3
-1.536, 5.881e-3
-1.537, 5.948e-3
-1.538, 5.992e-3
-1.539, 6.054e-3
-1.540, 6.077e-3
-1.541, 6.108e-3
-1.542, 6.127e-3
-1.543, 6.185e-3
-1.544, 6.198e-3
-1.545, 6.246e-3
-1.546, 6.293e-3
-1.547, 6.362e-3
-1.548, 6.406e-3
-1.549, 6.415e-3
-1.550, 6.460e-3
-1.551, 6.489e-3
-1.552, 6.498e-3
-1.553, 6.555e-3
-1.554, 6.591e-3
-1.555, 6.686e-3
-1.556, 6.763e-3
-1.557, 6.806e-3
-1.558, 6.850e-3
-1.559, 6.874e-3
-1.560, 6.918e-3
-1.561, 6.966e-3
-1.562, 6.988e-3
-1.563, 7.013e-3
-1.564, 6.977e-3
-1.565, 7.036e-3
-1.566, 7.109e-3
-1.567, 7.159e-3
-1.568, 7.193e-3
-1.569, 7.222e-3
-1.570, 7.181e-3
-1.571, 7.213e-3
-1.572, 7.349e-3
-1.573, 7.413e-3
-1.574, 7.455e-3
-1.575, 7.478e-3
-1.576, 7.507e-3
-1.577, 7.470e-3
-1.578, 7.589e-3
-1.579, 7.627e-3
-1.580, 7.653e-3
-1.581, 7.673e-3
-1.582, 7.721e-3
-1.583, 7.772e-3
-1.584, 7.824e-3
-1.585, 7.862e-3
-1.586, 7.817e-3
-1.587, 7.871e-3
-1.588, 7.892e-3
-1.589, 7.976e-3
-1.590, 8.076e-3
-1.591, 8.128e-3
-1.592, 8.164e-3
-1.593, 8.194e-3
-1.594, 8.225e-3
-1.595, 8.280e-3
-1.596, 8.292e-3
-1.597, 8.330e-3
-1.598, 8.356e-3
-1.599, 8.401e-3
-1.600, 8.384e-3
-1.599, 8.252e-3
-1.598, 8.199e-3
-1.597, 8.098e-3
-1.596, 8.042e-3
-1.595, 7.947e-3
-1.594, 7.901e-3
-1.593, 7.809e-3
-1.592, 7.724e-3
-1.591, 7.631e-3
-1.590, 7.527e-3
-1.589, 7.449e-3
-1.588, 7.370e-3
-1.587, 7.266e-3
-1.586, 7.183e-3
-1.585, 7.112e-3
-1.584, 7.059e-3
-1.583, 6.986e-3
-1.582, 6.907e-3
-1.581, 6.833e-3
-1.580, 6.760e-3
-1.579, 6.680e-3
-1.578, 6.628e-3
-1.577, 6.546e-3
-1.576, 6.474e-3
-1.575, 6.423e-3
-1.574, 6.368e-3
-1.573, 6.315e-3
-1.572, 6.255e-3
-1.571, 6.189e-3
-1.570, 6.181e-3
-1.569, 6.124e-3
-1.568, 6.086e-3
-1.567, 6.028e-3
-1.566, 5.938e-3
-1.565, 5.902e-3
-1.564, 5.857e-3
-1.563, 5.792e-3
-1.562, 5.708e-3
-1.561, 5.647e-3
-1.560, 5.593e-3
-1.559, 5.545e-3
-1.558, 5.475e-3
-1.557, 5.422e-3
-1.556, 5.372e-3
-1.555, 5.317e-3
-1.554, 5.269e-3
-1.553, 5.206e-3
-1.552, 5.148e-3
-1.551, 5.083e-3
-1.550, 5.060e-3
-1.549, 5.005e-3
-1.548, 4.951e-3
-1.547, 4.900e-3
-1.546, 4.835e-3
-1.545, 4.802e-3
-1.544, 4.745e-3
-1.543, 4.682e-3
-1.542, 4.663e-3
-1.541, 4.616e-3
-1.540, 4.572e-3
-1.539, 4.512e-3
-1.538, 4.459e-3
-1.537, 4.416e-3
-1.536, 4.365e-3
-1.535, 4.320e-3
-1.534, 4.290e-3
-1.533, 4.264e-3
-1.532, 4.212e-3
-1.531, 4.161e-3
-1.530, 4.126e-3
-1.529, 4.087e-3
-1.528, 4.057e-3
-1.527, 4.032e-3
-1.526, 3.992e-3
-1.525, 3.947e-3
-1.524, 3.900e-3
-1.523, 3.854e-3
-1.522, 3.820e-3
-1.521, 3.786e-3
-1.520, 3.762e-3
-1.519, 3.723e-3
-1.518, 3.679e-3
-1.517, 3.641e-3
-1.516, 3.604e-3
-1.515, 3.570e-3
-1.514, 3.534e-3
-1.513, 3.496e-3
-1.512, 3.465e-3
-1.511, 3.459e-3
-1.510, 3.409e-3
-1.509, 3.373e-3
-1.508, 3.335e-3
-1.507, 3.302e-3
-1.506, 3.270e-3
-1.505, 3.240e-3
-1.504, 3.200e-3
-1.503, 3.159e-3
-1.502, 3.126e-3
-1.501, 3.103e-3
-1.500, 3.080e-3
-1.499, 3.043e-3
-1.498, 3.003e-3
-1.497, 2.972e-3
-1.496, 2.954e-3
-1.495, 2.924e-3
-1.494, 2.887e-3
-1.493, 2.853e-3
-1.492, 2.828e-3
-1.491, 2.800e-3
-1.490, 2.774e-3
-1.489, 2.734e-3
-1.488, 2.700e-3
-1.487, 2.674e-3
-1.486, 2.649e-3
-1.485, 2.634e-3
-1.484, 2.606e-3
-1.483, 2.574e-3
-1.482, 2.544e-3
-1.481, 2.522e-3
-1.480, 2.494e-3
-1.479, 2.465e-3
-1.478, 2.434e-3
-1.477, 2.439e-3
-1.476, 2.405e-3
-1.475, 2.381e-3
-1.474, 2.351e-3
-1.473, 2.327e-3
-1.472, 2.325e-3
-1.471, 2.290e-3
-1.470, 2.262e-3
-1.469, 2.234e-3
-1.468, 2.211e-3
-1.467, 2.189e-3
-1.466, 2.168e-3
-1.465, 2.148e-3
-1.464, 2.119e-3
-1.463, 2.090e-3
-1.462, 2.063e-3
-1.461, 2.051e-3
-1.460, 2.052e-3
-1.459, 2.021e-3
-1.458, 1.995e-3
-1.457, 1.974e-3
-1.456, 1.941e-3
-1.455, 1.925e-3
-1.454, 1.910e-3
-1.453, 1.883e-3
-1.452, 1.867e-3
-1.451, 1.844e-3
-1.450, 1.829e-3
-1.449, 1.802e-3
-1.448, 1.793e-3
-1.447, 1.771e-3
-1.446, 1.755e-3
-1.445, 1.728e-3
-1.444, 1.715e-3
-1.443, 1.696e-3
-1.442, 1.672e-3
-1.441, 1.661e-3
-1.440, 1.643e-3
-1.439, 1.628e-3
-1.438, 1.604e-3
-1.437, 1.595e-3
-1.436, 1.571e-3
-1.435, 1.554e-3
-1.434, 1.536e-3
-1.433, 1.525e-3
-1.432, 1.508e-3
-1.431, 1.489e-3
-1.430, 1.469e-3
-1.429, 1.450e-3
-1.428, 1.437e-3
-1.427, 1.431e-3
-1.426, 1.411e-3
-1.425, 1.391e-3
-1.424, 1.372e-3
-1.423, 1.362e-3
-1.422, 1.345e-3
-1.421, 1.329e-3
-1.420, 1.312e-3
-1.419, 1.301e-3
-1.418, 1.284e-3
-1.417, 1.272e-3
-1.416, 1.253e-3
-1.415, 1.240e-3
-1.414, 1.227e-3
-1.413, 1.214e-3
-1.412, 1.196e-3
-1.411, 1.184e-3
-1.410, 1.184e-3
-1.409, 1.170e-3
-1.408, 1.156e-3
-1.407, 1.137e-3
-1.406, 1.123e-3
-1.405, 1.117e-3
-1.404, 1.097e-3
-1.403, 1.080e-3
-1.402, 1.069e-3
-1.401, 1.051e-3
-1.400, 1.039e-3
-1.399, 1.027e-3
-1.398, 1.014e-3
-1.397, 1.005e-3
-1.396, 9.917e-4
-1.395, 9.848e-4
-1.394, 9.724e-4
-1.393, 9.626e-4
-1.392, 9.502e-4
-1.391, 9.406e-4
-1.390, 9.197e-4
-1.389, 9.075e-4
-1.388, 9.016e-4
-1.387, 8.880e-4
-1.386, 8.785e-4
-1.385, 8.622e-4
-1.384, 8.525e-4
-1.383, 8.443e-4
-1.382, 8.348e-4
-1.381, 8.224e-4
-1.380, 8.114e-4
-1.379, 8.005e-4
-1.378, 7.888e-4
-1.377, 7.804e-4
-1.376, 7.671e-4
-1.375, 7.586e-4
-1.374, 7.463e-4
-1.373, 7.404e-4
-1.372, 7.292e-4
-1.371, 7.201e-4
-1.370, 7.063e-4
-1.369, 6.970e-4
-1.368, 6.906e-4
-1.367, 6.791e-4
-1.366, 6.693e-4
-1.365, 6.588e-4
-1.364, 6.516e-4
-1.363, 6.419e-4
-1.362, 6.335e-4
-1.361, 6.224e-4
-1.360, 6.146e-4
-1.359, 6.066e-4
-1.358, 5.977e-4
-1.357, 5.894e-4
-1.356, 5.788e-4
-1.355, 5.704e-4
-1.354, 5.617e-4
-1.353, 5.550e-4
-1.352, 5.467e-4
-1.351, 5.382e-4
-1.350, 5.279e-4
-1.349, 5.209e-4
-1.348, 5.145e-4
-1.347, 5.066e-4
-1.346, 4.979e-4
-1.345, 4.898e-4
-1.344, 4.821e-4
-1.343, 4.747e-4
-1.342, 4.669e-4
-1.341, 4.601e-4
-1.340, 4.523e-4
-1.339, 4.450e-4
-1.338, 4.371e-4
-1.337, 4.301e-4
-1.336, 4.235e-4
-1.335, 4.159e-4
-1.334, 4.090e-4
-1.333, 4.025e-4
-1.332, 3.967e-4
-1.331, 3.894e-4
-1.330, 3.817e-4
-1.329, 3.761e-4
-1.328, 3.709e-4
-1.327, 3.646e-4
-1.326, 3.571e-4
-1.325, 3.507e-4
-1.324, 3.455e-4
-1.323, 3.379e-4
-1.322, 3.314e-4
-1.321, 3.257e-4
-1.320, 3.199e-4
-1.319, 3.156e-4
-1.318, 3.100e-4
-1.317, 3.041e-4
-1.316, 2.980e-4
-1.315, 2.910e-4
-1.314, 2.854e-4
-1.313, 2.808e-4
-1.312, 2.747e-4
-1.311, 2.689e-4
-1.310, 2.637e-4
-1.309, 2.585e-4
-1.308, 2.531e-4
-1.307, 2.481e-4
-1.306, 2.432e-4
-1.305, 2.376e-4
-1.304, 2.327e-4
-1.303, 2.279e-4
-1.302, 2.233e-4
-1.301, 2.187e-4
-1.300, 2.138e-4
-1.299, 2.084e-4
-1.298, 2.040e-4
-1.297, 1.993e-4
-1.296, 1.948e-4
-1.295, 1.902e-4
-1.294, 1.853e-4
-1.293, 1.807e-4
-1.292, 1.761e-4
-1.291, 1.716e-4
-1.290, 1.676e-4
-1.289, 1.628e-4
-1.288, 1.587e-4
-1.287, 1.545e-4
-1.286, 1.498e-4
-1.285, 1.458e-4
-1.284, 1.417e-4
-1.283, 1.373e-4
-1.282, 1.331e-4
-1.281, 1.291e-4
-1.280, 1.251e-4
-1.279, 1.215e-4
-1.278, 1.173e-4
-1.277, 1.137e-4
-1.276, 1.100e-4
-1.275, 1.064e-4
-1.274, 1.028e-4
-1.273, 9.902e-5
-1.272, 9.572e-5
-1.271, 9.207e-5
-1.270, 8.841e-5
-1.269, 8.506e-5
-1.268, 8.136e-5
-1.267, 7.804e-5
-1.266, 7.477e-5
-1.265, 7.140e-5
-1.264, 6.820e-5
-1.263, 6.484e-5
-1.262, 6.157e-5
-1.261, 5.862e-5
-1.260, 5.531e-5
-1.259, 5.216e-5
-1.258, 4.896e-5
-1.257, 4.593e-5
-1.256, 4.319e-5
-1.255, 4.000e-5
-1.254, 3.677e-5
-1.253, 3.412e-5
-1.252, 3.110e-5
-1.251, 2.832e-5
-1.250, 2.565e-5
-1.249, 2.244e-5
-1.248, 1.997e-5
-1.247, 1.710e-5
-1.246, 1.414e-5
-1.245, 1.180e-5
-1.244, 8.865e-6
-1.243, 6.065e-6
-1.242, 3.655e-6
-1.241, 8.650e-7
-1.240, -1.560e-6
-1.239, -4.065e-6
-1.238, -6.971e-6
-1.237, -9.248e-6
-1.236, -1.197e-5
-1.235, -1.434e-5
-1.234, -1.689e-5
-1.233, -1.951e-5
-1.232, -2.150e-5
-1.231, -2.422e-5
-1.230, -2.676e-5
-1.229, -2.968e-5
-1.228, -3.175e-5
-1.227, -3.391e-5
-1.226, -3.610e-5
-1.225, -3.838e-5
-1.224, -4.075e-5
-1.223, -4.322e-5
-1.222, -4.561e-5
-1.221, -4.748e-5
-1.220, -4.984e-5
-1.219, -5.223e-5
-1.218, -5.528e-5
-1.217, -5.807e-5
-1.216, -5.955e-5
-1.215, -6.172e-5
-1.214, -6.420e-5
-1.213, -6.614e-5
-1.212, -6.836e-5
-1.211, -7.049e-5
-1.210, -7.278e-5
-1.209, -7.507e-5
-1.208, -7.718e-5
-1.207, -7.939e-5
-1.206, -8.158e-5
-1.205, -8.354e-5
-1.204, -8.563e-5
-1.203, -8.840e-5
-1.202, -9.047e-5
-1.201, -9.281e-5
-1.200, -9.470e-5
-1.199, -9.691e-5
-1.198, -9.928e-5
-1.197, -1.015e-4
-1.196, -1.038e-4
-1.195, -1.065e-4
-1.194, -1.090e-4
-1.193, -1.117e-4
-1.192, -1.136e-4
-1.191, -1.156e-4
-1.190, -1.182e-4
-1.189, -1.204e-4
-1.188, -1.229e-4
-1.187, -1.250e-4
-1.186, -1.274e-4
-1.185, -1.301e-4
-1.184, -1.320e-4
-1.183, -1.347e-4
-1.182, -1.375e-4
-1.181, -1.396e-4
-1.180, -1.422e-4
-1.179, -1.446e-4
-1.178, -1.472e-4
-1.177, -1.501e-4
-1.176, -1.522e-4
-1.175, -1.548e-4
-1.174, -1.578e-4
-1.173, -1.602e-4
-1.172, -1.629e-4
-1.171, -1.656e-4
-1.170, -1.681e-4
-1.169, -1.710e-4
-1.168, -1.768e-4
-1.167, -1.787e-4
-1.166, -1.810e-4
-1.165, -1.833e-4
-1.164, -1.864e-4
-1.163, -1.893e-4
-1.162, -1.918e-4
-1.161, -1.951e-4
-1.160, -1.978e-4
-1.159, -2.003e-4
-1.158, -2.039e-4
-1.157, -2.077e-4
-1.156, -2.110e-4
-1.155, -2.150e-4
-1.154, -2.174e-4
-1.153, -2.207e-4
-1.152, -2.237e-4
-1.151, -2.270e-4
-1.150, -2.312e-4
-1.149, -2.344e-4
-1.148, -2.381e-4
-1.147, -2.409e-4
-1.146, -2.446e-4
-1.145, -2.487e-4
-1.144, -2.524e-4
-1.143, -2.565e-4
-1.142, -2.605e-4
-1.141, -2.640e-4
-1.140, -2.684e-4
-1.139, -2.725e-4
-1.138, -2.770e-4
-1.137, -2.812e-4
-1.136, -2.853e-4
-1.135, -2.894e-4
-1.134, -2.941e-4
-1.133, -2.984e-4
-1.132, -3.026e-4
-1.131, -3.078e-4
-1.130, -3.125e-4
-1.129, -3.175e-4
-1.128, -3.222e-4
-1.127, -3.272e-4
-1.126, -3.327e-4
-1.125, -3.377e-4
-1.124, -3.430e-4
-1.123, -3.485e-4
-1.122, -3.536e-4
-1.121, -3.590e-4
-1.120, -3.642e-4
-1.119, -3.703e-4
-1.118, -3.766e-4
-1.117, -3.818e-4
-1.116, -3.875e-4
-1.115, -3.941e-4
-1.114, -3.996e-4
-1.113, -4.056e-4
-1.112, -4.123e-4
-1.111, -4.203e-4
-1.110, -4.262e-4
-1.109, -4.308e-4
-1.108, -4.385e-4
-1.107, -4.464e-4
-1.106, -4.538e-4
-1.105, -4.592e-4
-1.104, -4.671e-4
-1.103, -4.724e-4
-1.102, -4.793e-4
-1.101, -4.865e-4
-1.100, -4.946e-4
-1.099, -5.021e-4
-1.098, -5.094e-4
-1.097, -5.168e-4
-1.096, -5.239e-4
-1.095, -5.319e-4
-1.094, -5.400e-4
-1.093, -5.475e-4
-1.092, -5.551e-4
-1.091, -5.624e-4
-1.090, -5.703e-4
-1.089, -5.789e-4
-1.088, -5.878e-4
-1.087, -5.960e-4
-1.086, -6.038e-4
-1.085, -6.113e-4
-1.084, -6.191e-4
-1.083, -6.274e-4
-1.082, -6.361e-4
-1.081, -6.456e-4
-1.080, -6.536e-4
-1.079, -6.616e-4
-1.078, -6.697e-4
-1.077, -6.782e-4
-1.076, -6.862e-4
-1.075, -6.950e-4
-1.074, -7.030e-4
-1.073, -7.117e-4
-1.072, -7.203e-4
-1.071, -7.289e-4
-1.070, -7.371e-4
-1.069, -7.484e-4
-1.068, -7.574e-4
-1.067, -7.645e-4
-1.066, -7.686e-4
-1.065, -7.811e-4
-1.064, -7.924e-4
-1.063, -7.989e-4
-1.062, -8.070e-4
-1.061, -8.115e-4
-1.060, -8.210e-4
-1.059, -8.296e-4
-1.058, -8.373e-4
-1.057, -8.455e-4
-1.056, -8.545e-4
-1.055, -8.635e-4
-1.054, -8.727e-4
-1.053, -8.793e-4
-1.052, -8.862e-4
-1.051, -8.944e-4
-1.050, -9.006e-4
-1.049, -9.102e-4
-1.048, -9.188e-4
-1.047, -9.264e-4
-1.046, -9.333e-4
-1.045, -9.400e-4
-1.044, -9.473e-4
-1.043, -9.537e-4
-1.042, -9.611e-4
-1.041, -9.693e-4
-1.040, -9.767e-4
-1.039, -9.838e-4
-1.038, -9.906e-4
-1.037, -9.959e-4
-1.036, -1.001e-3
-1.035, -1.008e-3
-1.034, -1.015e-3
-1.033, -1.022e-3
-1.032, -1.027e-3
-1.031, -1.033e-3
-1.030, -1.039e-3
-1.029, -1.045e-3
-1.028, -1.050e-3
-1.027, -1.057e-3
-1.026, -1.061e-3
-1.025, -1.064e-3
-1.024, -1.069e-3
-1.023, -1.074e-3
-1.022, -1.084e-3
-1.021, -1.091e-3
-1.020, -1.094e-3
-1.019, -1.103e-3
-1.018, -1.103e-3
-1.017, -1.103e-3
-1.016, -1.107e-3
-1.015, -1.118e-3
-1.014, -1.119e-3
-1.013, -1.128e-3
-1.012, -1.130e-3
-1.011, -1.132e-3
-1.010, -1.130e-3
-1.009, -1.135e-3
-1.008, -1.142e-3
-1.007, -1.143e-3
-1.006, -1.146e-3
-1.005, -1.150e-3
-1.004, -1.153e-3
-1.003, -1.155e-3
-1.002, -1.157e-3
-1.001, -1.161e-3
-1.000, -1.106e-3
-1.001, -1.030e-3
-1.002, -9.757e-4
-1.003, -9.290e-4
-1.004, -8.860e-4
-1.005, -8.456e-4
-1.006, -8.062e-4
-1.007, -7.693e-4
-1.008, -7.339e-4
-1.009, -7.002e-4
-1.010, -6.688e-4
-1.011, -6.382e-4
-1.012, -6.084e-4
-1.013, -5.802e-4
-1.014, -5.537e-4
-1.015, -5.285e-4
-1.016, -5.048e-4
-1.017, -4.811e-4
-1.018, -4.581e-4
-1.019, -4.359e-4
-1.020, -4.148e-4
-1.021, -3.965e-4
-1.022, -3.807e-4
-1.023, -3.625e-4
-1.024, -3.433e-4
-1.025, -3.268e-4
-1.026, -3.094e-4
-1.027, -2.941e-4
-1.028, -2.803e-4
-1.029, -2.677e-4
-1.030, -2.528e-4
-1.031, -2.394e-4
-1.032, -2.264e-4
-1.033, -2.152e-4
-1.034, -2.039e-4
-1.035, -1.919e-4
-1.036, -1.810e-4
-1.037, -1.707e-4
-1.038, -1.609e-4
-1.039, -1.511e-4
-1.040, -1.415e-4
-1.041, -1.328e-4
-1.042, -1.241e-4
-1.043, -1.159e-4
-1.044, -1.070e-4
-1.045, -9.904e-5
-1.046, -9.175e-5
-1.047, -8.456e-5
-1.048, -7.751e-5
-1.049, -7.035e-5
-1.050, -6.342e-5
-1.051, -5.707e-5
-1.052, -5.079e-5
-1.053, -4.494e-5
-1.054, -3.885e-5
-1.055, -3.307e-5
-1.056, -2.773e-5
-1.057, -2.210e-5
-1.058, -1.696e-5
-1.059, -1.190e-5
-1.060, -6.622e-6
-1.061, -1.970e-6
-1.062, 2.778e-6
-1.063, 7.550e-6
-1.064, 1.192e-5
-1.065, 1.632e-5
-1.066, 2.069e-5
-1.067, 2.462e-5
-1.068, 2.888e-5
-1.069, 3.271e-5
-1.070, 3.673e-5
-1.071, 4.067e-5
-1.072, 4.416e-5
-1.073, 4.773e-5
-1.074, 5.158e-5
-1.075, 5.540e-5
-1.076, 5.899e-5
-1.077, 6.194e-5
-1.078, 6.560e-5
-1.079, 6.885e-5
-1.080, 7.152e-5
-1.081, 7.455e-5
-1.082, 7.756e-5
-1.083, 8.132e-5
-1.084, 8.438e-5
-1.085, 8.749e-5
-1.086, 9.025e-5
-1.087, 9.322e-5
-1.088, 9.624e-5
-1.089, 9.939e-5
-1.090, 1.023e-4
-1.091, 1.045e-4
-1.092, 1.071e-4
-1.093, 1.098e-4
-1.094, 1.127e-4
-1.095, 1.158e-4
-1.096, 1.184e-4
-1.097, 1.210e-4
-1.098, 1.238e-4
-1.099, 1.264e-4
-1.100, 1.292e-4
-1.101, 1.318e-4
-1.102, 1.346e-4
-1.103, 1.372e-4
-1.104, 1.398e-4
-1.105, 1.424e-4
-1.106, 1.451e-4
-1.107, 1.476e-4
-1.108, 1.508e-4
-1.109, 1.534e-4
-1.110, 1.559e-4
-1.111, 1.587e-4
-1.112, 1.610e-4
-1.113, 1.640e-4
-1.114, 1.674e-4
-1.115, 1.698e-4
-1.116, 1.727e-4
-1.117, 1.751e-4
-1.118, 1.777e-4
-1.119, 1.811e-4
-1.120, 1.837e-4
-1.121, 1.866e-4
-1.122, 1.896e-4
-1.123, 1.922e-4
-1.124, 1.954e-4
-1.125, 1.982e-4
-1.126, 2.015e-4
-1.127, 2.045e-4
-1.128, 2.071e-4
-1.129, 2.102e-4
-1.130, 2.134e-4
-1.131, 2.164e-4
-1.132, 2.197e-4
-1.133, 2.232e-4
-1.134, 2.265e-4
-1.135, 2.295e-4
-1.136, 2.324e-4
-1.137, 2.358e-4
-1.138, 2.392e-4
-1.139, 2.429e-4
-1.140, 2.468e-4
-1.141, 2.501e-4
-1.142, 2.535e-4
-1.143, 2.568e-4
-1.144, 2.603e-4
-1.145, 2.640e-4
-1.146, 2.677e-4
-1.147, 2.711e-4
-1.148, 2.754e-4
-1.149, 2.790e-4
-1.150, 2.826e-4
-1.151, 2.866e-4
-1.152, 2.911e-4
-1.153, 2.958e-4
-1.154, 2.994e-4
-1.155, 3.027e-4
-1.156, 3.065e-4
-1.157, 3.097e-4
-1.158, 3.151e-4
-1.159, 3.208e-4
-1.160, 3.232e-4
-1.161, 3.276e-4
-1.162, 3.320e-4
-1.163, 3.380e-4
-1.164, 3.424e-4
-1.165, 3.459e-4
-1.166, 3.505e-4
-1.167, 3.533e-4
-1.168, 3.596e-4
-1.169, 3.644e-4
-1.170, 3.706e-4
-1.171, 3.742e-4
-1.172, 3.780e-4
-1.173, 3.841e-4
-1.174, 3.893e-4
-1.175, 3.934e-4
-1.176, 3.987e-4
-1.177, 4.044e-4
-1.178, 4.095e-4
-1.179, 4.142e-4
-1.180, 4.198e-4
-1.181, 4.253e-4
-1.182, 4.301e-4
-1.183, 4.349e-4
-1.184, 4.399e-4
-1.185, 4.456e-4
-1.186, 4.525e-4
-1.187, 4.596e-4
-1.188, 4.657e-4
-1.189, 4.696e-4
-1.190, 4.751e-4
-1.191, 4.800e-4
-1.192, 4.877e-4
-1.193, 4.929e-4
-1.194, 4.983e-4
-1.195, 5.037e-4
-1.196, 5.115e-4
-1.197, 5.176e-4
-1.198, 5.225e-4
-1.199, 5.281e-4
-1.200, 5.347e-4
-1.201, 5.419e-4
-1.202, 5.478e-4
-1.203, 5.536e-4
-1.204, 5.609e-4
-1.205, 5.663e-4
-1.206, 5.729e-4
-1.207, 5.781e-4
-1.208, 5.856e-4
-1.209, 5.926e-4
-1.210, 6.009e-4
-1.211, 6.047e-4
-1.212, 6.120e-4
-1.213, 6.202e-4
-1.214, 6.218e-4
-1.215, 6.277e-4
-1.216, 6.363e-4
-1.217, 6.436e-4
-1.218, 6.512e-4
-1.219, 6.576e-4
-1.220, 6.646e-4
-1.221, 6.708e-4
-1.222, 6.769e-4
-1.223, 6.832e-4
-1.224, 6.905e-4
-1.225, 6.978e-4
-1.226, 7.045e-4
-1.227, 7.106e-4
-1.228, 7.181e-4
-1.229, 7.246e-4
-1.230, 7.302e-4
-1.231, 7.377e-4
-1.232, 7.442e-4
-1.233, 7.503e-4
-1.234, 7.566e-4
-1.235, 7.621e-4
-1.236, 7.685e-4
-1.237, 7.751e-4
-1.238, 7.808e-4
-1.239, 7.866e-4
-1.240, 7.926e-4
-1.241, 7.980e-4
-1.242, 8.060e-4
-1.243, 8.133e-4
-1.244, 8.177e-4
-1.245, 8.209e-4
-1.246, 8.275e-4
-1.247, 8.272e-4
-1.248, 8.316e-4
-1.249, 8.371e-4
-1.250, 8.452e-4
-1.251, 8.505e-4
-1.252, 8.549e-4
-1.253, 8.552e-4
-1.254, 8.595e-4
-1.255, 8.613e-4
-1.256, 8.673e-4
-1.257, 8.682e-4
-1.258, 8.668e-4
-1.259, 8.718e-4
-1.260, 8.758e-4
-1.261, 8.761e-4
-1.262, 8.739e-4
-1.263, 8.761e-4
-1.264, 8.782e-4
-1.265, 8.790e-4
-1.266, 8.783e-4
-1.267, 8.775e-4
-1.268, 8.773e-4
-1.269, 8.713e-4
-1.270, 8.703e-4
-1.271, 8.720e-4
-1.272, 8.701e-4
-1.273, 8.618e-4
-1.274, 8.580e-4
-1.275, 8.563e-4
-1.276, 8.519e-4
-1.277, 8.489e-4
-1.278, 8.438e-4
-1.279, 8.385e-4
-1.280, 8.331e-4
-1.281, 8.273e-4
-1.282, 8.207e-4
-1.283, 8.135e-4
-1.284, 8.070e-4
-1.285, 8.008e-4
-1.286, 7.944e-4
-1.287, 7.867e-4
-1.288, 7.777e-4
-1.289, 7.710e-4
-1.290, 7.622e-4
-1.291, 7.520e-4
-1.292, 7.448e-4
-1.293, 7.410e-4
-1.294, 7.320e-4
-1.295, 7.216e-4
-1.296, 7.130e-4
-1.297, 7.066e-4
-1.298, 6.967e-4
-1.299, 6.892e-4
-1.300, 6.815e-4
-1.301, 6.731e-4
-1.302, 6.643e-4
-1.303, 6.579e-4
-1.304, 6.514e-4
-1.305, 6.437e-4
-1.306, 6.360e-4
-1.307, 6.266e-4
-1.308, 6.250e-4
-1.309, 6.176e-4
-1.310, 6.129e-4
-1.311, 6.042e-4
-1.312, 5.996e-4
-1.313, 5.960e-4
-1.314, 5.908e-4
-1.315, 5.883e-4
-1.316, 5.822e-4
-1.317, 5.775e-4
-1.318, 5.748e-4
-1.319, 5.765e-4
-1.320, 5.713e-4
-1.321, 5.678e-4
-1.322, 5.670e-4
-1.323, 5.654e-4
-1.324, 5.647e-4
-1.325, 5.611e-4
-1.326, 5.611e-4
-1.327, 5.605e-4
-1.328, 5.642e-4
-1.329, 5.634e-4
-1.330, 5.636e-4
-1.331, 5.631e-4
-1.332, 5.668e-4
-1.333, 5.661e-4
-1.334, 5.682e-4
-1.335, 5.729e-4
-1.336, 5.741e-4
-1.337, 5.751e-4
-1.338, 5.768e-4
-1.339, 5.824e-4
-1.340, 5.882e-4
-1.341, 5.907e-4
-1.342, 5.933e-4
-1.343, 5.960e-4
-1.344, 6.018e-4
-1.345, 6.070e-4
-1.346, 6.127e-4
-1.347, 6.175e-4
-1.348, 6.237e-4
-1.349, 6.273e-4
-1.350, 6.322e-4
-1.351, 6.388e-4
-1.352, 6.463e-4
-1.353, 6.537e-4
-1.354, 6.563e-4
-1.355, 6.643e-4
-1.356, 6.755e-4
-1.357, 6.820e-4
-1.358, 6.892e-4
-1.359, 6.962e-4
-1.360, 7.021e-4
-1.361, 7.112e-4
-1.362, 7.198e-4
-1.363, 7.263e-4
-1.364, 7.392e-4
-1.365, 7.470e-4
-1.366, 7.546e-4
-1.367, 7.579e-4
-1.368, 7.658e-4
-1.369, 7.799e-4
-1.370, 7.879e-4
-1.371, 8.029e-4
-1.372, 8.144e-4
-1.373, 8.210e-4
-1.374, 8.270e-4
-1.375, 8.360e-4
-1.376, 8.486e-4
-1.377, 8.628e-4
-1.378, 8.732e-4
-1.379, 8.841e-4
-1.380, 8.981e-4
-1.381, 9.110e-4
-1.382, 9.190e-4
-1.383, 9.305e-4
-1.384, 9.403e-4
-1.385, 9.534e-4
-1.386, 9.658e-4
-1.387, 9.783e-4
-1.388, 9.917e-4
-1.389, 1.004e-3
-1.390, 1.016e-3
-1.391, 1.029e-3
-1.392, 1.041e-3
-1.393, 1.055e-3
-1.394, 1.069e-3
-1.395, 1.083e-3
-1.396, 1.096e-3
-1.397, 1.110e-3
-1.398, 1.124e-3
-1.399, 1.138e-3
-1.400, 1.153e-3
-1.401, 1.167e-3
-1.402, 1.181e-3
-1.403, 1.193e-3
-1.404, 1.212e-3
-1.405, 1.231e-3
-1.406, 1.250e-3
-1.407, 1.261e-3
-1.408, 1.276e-3
-1.409, 1.286e-3
-1.410, 1.306e-3
-1.411, 1.319e-3
-1.412, 1.342e-3
-1.413, 1.354e-3
-1.414, 1.375e-3
-1.415, 1.389e-3
-1.416, 1.409e-3
-1.417, 1.424e-3
-1.418, 1.442e-3
-1.419, 1.460e-3
-1.420, 1.477e-3
-1.421, 1.494e-3
-1.422, 1.510e-3
-1.423, 1.524e-3
-1.424, 1.540e-3
-1.425, 1.568e-3
-1.426, 1.580e-3
-1.427, 1.601e-3
-1.428, 1.612e-3
-1.429, 1.634e-3
-1.430, 1.652e-3
-1.431, 1.663e-3
-1.432, 1.691e-3
-1.433, 1.713e-3
-1.434, 1.737e-3
-1.435, 1.754e-3
-1.436, 1.776e-3
-1.437, 1.789e-3
-1.438, 1.815e-3
-1.439, 1.831e-3
-1.440, 1.856e-3
-1.441, 1.888e-3
-1.442, 1.905e-3
-1.443, 1.923e-3
-1.444, 1.937e-3
-1.445, 1.963e-3
-1.446, 1.988e-3
-1.447, 2.012e-3
-1.448, 2.036e-3
-1.449, 2.052e-3
-1.450, 2.074e-3
-1.451, 2.092e-3
-1.452, 2.120e-3
-1.453, 2.148e-3
-1.454, 2.167e-3
-1.455, 2.182e-3
-1.456, 2.199e-3
-1.457, 2.228e-3
-1.458, 2.261e-3
-1.459, 2.290e-3
-1.460, 2.306e-3
-1.461, 2.319e-3
-1.462, 2.346e-3
-1.463, 2.380e-3
-1.464, 2.399e-3
-1.465, 2.425e-3
-1.466, 2.450e-3
-1.467, 2.463e-3
-1.468, 2.479e-3
-1.469, 2.524e-3
-1.470, 2.556e-3
-1.471, 2.578e-3
-1.472, 2.600e-3
-1.473, 2.626e-3
-1.474, 2.650e-3
-1.475, 2.676e-3
-1.476, 2.705e-3
-1.477, 2.719e-3
-1.478, 2.749e-3
-1.479, 2.785e-3
-1.480, 2.811e-3
-1.481, 2.843e-3
-1.482, 2.853e-3
-1.483, 2.879e-3
-1.484, 2.916e-3
-1.485, 2.952e-3
-1.486, 2.969e-3
-1.487, 2.986e-3
-1.488, 3.027e-3
-1.489, 3.067e-3
-1.490, 3.094e-3
-1.491, 3.103e-3
-1.492, 3.136e-3
-1.493, 3.181e-3
-1.494, 3.206e-3
-1.495, 3.226e-3
-1.496, 3.260e-3
-1.497, 3.290e-3
-1.498, 3.322e-3
-1.499, 3.350e-3
-1.500, 3.378e-3
-1.501, 3.411e-3
-1.502, 3.442e-3
-1.503, 3.474e-3
-1.504, 3.504e-3
-1.505, 3.536e-3
-1.506, 3.565e-3
-1.507, 3.596e-3
-1.508, 3.630e-3
-1.509, 3.662e-3
-1.510, 3.694e-3
-1.511, 3.732e-3
-1.512, 3.763e-3
-1.513, 3.796e-3
-1.514, 3.834e-3
-1.515, 3.869e-3
-1.516, 3.900e-3
-1.517, 3.934e-3
-1.518, 3.971e-3
-1.519, 4.004e-3
-1.520, 4.040e-3
-1.521, 4.076e-3
-1.522, 4.111e-3
-1.523, 4.148e-3
-1.524, 4.188e-3
-1.525, 4.223e-3
-1.526, 4.252e-3
-1.527, 4.284e-3
-1.528, 4.315e-3
-1.529, 4.355e-3
-1.530, 4.395e-3
-1.531, 4.452e-3
-1.532, 4.504e-3
-1.533, 4.530e-3
-1.534, 4.543e-3
-1.535, 4.605e-3
-1.536, 4.630e-3
-1.537, 4.645e-3
-1.538, 4.672e-3
-1.539, 4.736e-3
-1.540, 4.781e-3
-1.541, 4.828e-3
-1.542, 4.864e-3
-1.543, 4.911e-3
-1.544, 4.937e-3
-1.545, 4.957e-3
-1.546, 5.001e-3
-1.547, 5.033e-3
-1.548, 5.051e-3
-1.549, 5.107e-3
-1.550, 5.174e-3
-1.551, 5.219e-3
-1.552, 5.277e-3
-1.553, 5.315e-3
-1.554, 5.371e-3
-1.555, 5.403e-3
-1.556, 5.410e-3
-1.557, 5.441e-3
-1.558, 5.519e-3
-1.559, 5.558e-3
-1.560, 5.601e-3
-1.561, 5.636e-3
-1.562, 5.682e-3
-1.563, 5.713e-3
-1.564, 5.787e-3
-1.565, 5.823e-3
-1.566, 5.853e-3
-1.567, 5.887e-3
-1.568, 5.944e-3
-1.569, 5.968e-3
-1.570, 6.027e-3
-1.571, 6.076e-3
-1.572, 6.117e-3
-1.573, 6.152e-3
-1.574, 6.199e-3
-1.575, 6.241e-3
-1.576, 6.289e-3
-1.577, 6.316e-3
-1.578, 6.366e-3
-1.579, 6.423e-3
-1.580, 6.424e-3
-1.581, 6.478e-3
-1.582, 6.454e-3
-1.583, 6.520e-3
-1.584, 6.565e-3
-1.585, 6.611e-3
-1.586, 6.646e-3
-1.587, 6.688e-3
-1.588, 6.710e-3
-1.589, 6.748e-3
-1.590, 6.804e-3
-1.591, 6.874e-3
-1.592, 6.895e-3
-1.593, 6.946e-3
-1.594, 6.991e-3
-1.595, 7.022e-3
-1.596, 7.080e-3
-1.597, 7.092e-3
-1.598, 7.051e-3
-1.599, 7.097e-3
-1.600, 7.119e-3
-1.599, 7.086e-3
-1.598, 7.040e-3
-1.597, 6.936e-3
-1.596, 6.856e-3
-1.595, 6.772e-3
-1.594, 6.702e-3
-1.593, 6.645e-3
-1.592, 6.585e-3
-1.591, 6.516e-3
-1.590, 6.438e-3
-1.589, 6.337e-3
-1.588, 6.262e-3
-1.587, 6.196e-3
-1.586, 6.128e-3
-1.585, 6.081e-3
-1.584, 6.047e-3
-1.583, 5.978e-3
-1.582, 5.909e-3
-1.581, 5.838e-3
-1.580, 5.781e-3
-1.579, 5.733e-3
-1.578, 5.680e-3
-1.577, 5.618e-3
-1.576, 5.546e-3
-1.575, 5.477e-3
-1.574, 5.434e-3
-1.573, 5.390e-3
-1.572, 5.341e-3
-1.571, 5.281e-3
-1.570, 5.216e-3
-1.569, 5.175e-3
-1.568, 5.123e-3
-1.567, 5.076e-3
-1.566, 5.047e-3
-1.565, 4.980e-3
-1.564, 4.922e-3
-1.563, 4.866e-3
-1.562, 4.841e-3
-1.561, 4.780e-3
-1.560, 4.717e-3
-1.559, 4.675e-3
-1.558, 4.615e-3
-1.557, 4.547e-3
-1.556, 4.501e-3
-1.555, 4.470e-3
-1.554, 4.428e-3
-1.553, 4.393e-3
-1.552, 4.354e-3
-1.551, 4.314e-3
-1.550, 4.254e-3
-1.549, 4.192e-3
-1.548, 4.155e-3
-1.547, 4.129e-3
-1.546, 4.077e-3
-1.545, 4.028e-3
-1.544, 3.985e-3
-1.543, 3.937e-3
-1.542, 3.911e-3
-1.541, 3.855e-3
-1.540, 3.824e-3
-1.539, 3.771e-3
-1.538, 3.724e-3
-1.537, 3.696e-3
-1.536, 3.672e-3
-1.535, 3.623e-3
-1.534, 3.586e-3
-1.533, 3.543e-3
-1.532, 3.501e-3
-1.531, 3.470e-3
-1.530, 3.428e-3
-1.529, 3.377e-3
-1.528, 3.348e-3
-1.527, 3.309e-3
-1.526, 3.268e-3
-1.525, 3.243e-3
-1.524, 3.191e-3
-1.523, 3.174e-3
-1.522, 3.138e-3
-1.521, 3.106e-3
-1.520, 3.085e-3
-1.519, 3.044e-3
-1.518, 3.021e-3
-1.517, 3.011e-3
-1.516, 2.986e-3
-1.515, 2.943e-3
-1.514, 2.908e-3
-1.513, 2.882e-3
-1.512, 2.845e-3
-1.511, 2.813e-3
-1.510, 2.777e-3
-1.509, 2.758e-3
-1.508, 2.728e-3
-1.507, 2.696e-3
-1.506, 2.655e-3
-1.505, 2.620e-3
-1.504, 2.602e-3
-1.503, 2.575e-3
-1.502, 2.555e-3
-1.501, 2.520e-3
-1.500, 2.493e-3
-1.499, 2.467e-3
-1.498, 2.441e-3
-1.497, 2.416e-3
-1.496, 2.382e-3
-1.495, 2.361e-3
-1.494, 2.338e-3
-1.493, 2.313e-3
-1.492, 2.288e-3
-1.491, 2.260e-3
-1.490, 2.235e-3
-1.489, 2.217e-3
-1.488, 2.191e-3
-1.487, 2.161e-3
-1.486, 2.138e-3
-1.485, 2.121e-3
-1.484, 2.100e-3
-1.483, 2.084e-3
-1.482, 2.063e-3
-1.481, 2.039e-3
-1.480, 2.018e-3
-1.479, 1.989e-3
-1.478, 1.967e-3
-1.477, 1.950e-3
-1.476, 1.931e-3
-1.475, 1.909e-3
-1.474, 1.891e-3
-1.473, 1.866e-3
-1.472, 1.842e-3
-1.471, 1.827e-3
-1.470, 1.806e-3
-1.469, 1.790e-3
-1.468, 1.769e-3
-1.467, 1.747e-3
-1.466, 1.725e-3
-1.465, 1.706e-3
-1.464, 1.684e-3
-1.463, 1.662e-3
-1.462, 1.649e-3
-1.461, 1.629e-3
-1.460, 1.614e-3
-1.459, 1.596e-3
-1.458, 1.579e-3
-1.457, 1.564e-3
-1.456, 1.542e-3
-1.455, 1.529e-3
-1.454, 1.521e-3
-1.453, 1.494e-3
-1.452, 1.479e-3
-1.451, 1.463e-3
-1.450, 1.446e-3
-1.449, 1.430e-3
-1.448, 1.415e-3
-1.447, 1.401e-3
-1.446, 1.385e-3
-1.445, 1.371e-3
-1.444, 1.355e-3
-1.443, 1.341e-3
-1.442, 1.325e-3
-1.441, 1.307e-3
-1.440, 1.293e-3
-1.439, 1.278e-3
-1.438, 1.268e-3
-1.437, 1.253e-3
-1.436, 1.234e-3
-1.435, 1.215e-3
-1.434, 1.206e-3
-1.433, 1.196e-3
-1.432, 1.182e-3
-1.431, 1.172e-3
-1.430, 1.159e-3
-1.429, 1.144e-3
-1.428, 1.130e-3
-1.427, 1.118e-3
-1.426, 1.125e-3
-1.425, 1.100e-3
-1.424, 1.082e-3
-1.423, 1.067e-3
-1.422, 1.054e-3
-1.421, 1.047e-3
-1.420, 1.035e-3
-1.419, 1.023e-3
-1.418, 1.009e-3
-1.417, 9.962e-4
-1.416, 9.844e-4
-1.415, 9.731e-4
-1.414, 9.593e-4
-1.413, 9.495e-4
-1.412, 9.436e-4
-1.411, 9.292e-4
-1.410, 9.172e-4
-1.409, 9.077e-4
-1.408, 8.986e-4
-1.407, 8.887e-4
-1.406, 8.748e-4
-1.405, 8.590e-4
-1.404, 8.521e-4
-1.403, 8.399e-4
-1.402, 8.420e-4
-1.401, 8.219e-4
-1.400, 8.166e-4
-1.399, 8.011e-4
-1.398, 7.917e-4
-1.397, 7.877e-4
-1.396, 7.752e-4
-1.395, 7.668e-4
-1.394, 7.567e-4
-1.393, 7.463e-4
-1.392, 7.363e-4
-1.391, 7.263e-4
-1.390, 7.175e-4
-1.389, 7.084e-4
-1.388, 6.988e-4
-1.387, 6.919e-4
-1.386, 6.826e-4
-1.385, 6.727e-4
-1.384, 6.627e-4
-1.383, 6.543e-4
-1.382, 6.478e-4
-1.381, 6.386e-4
-1.380, 6.293e-4
-1.379, 6.203e-4
-1.378, 6.128e-4
-1.377, 6.036e-4
-1.376, 5.975e-4
-1.375, 5.895e-4
-1.374, 5.802e-4
-1.373, 5.717e-4
-1.372, 5.652e-4
-1.371, 5.566e-4
-1.370, 5.498e-4
-1.369, 5.415e-4
-1.368, 5.350e-4
-1.367, 5.260e-4
-1.366, 5.166e-4
-1.365, 5.088e-4
-1.364, 5.016e-4
-1.363, 4.958e-4
-1.362, 4.890e-4
-1.361, 4.805e-4
-1.360, 4.752e-4
-1.359, 4.688e-4
-1.358, 4.603e-4
-1.357, 4.538e-4
-1.356, 4.469e-4
-1.355, 4.413e-4
-1.354, 4.335e-4
-1.353, 4.273e-4
-1.352, 4.205e-4
-1.351, 4.138e-4
-1.350, 4.069e-4
-1.349, 4.020e-4
-1.348, 3.968e-4
-1.347, 3.886e-4
-1.346, 3.828e-4
-1.345, 3.766e-4
-1.344, 3.706e-4
-1.343, 3.652e-4
-1.342, 3.583e-4
-1.341, 3.510e-4
-1.340, 3.455e-4
-1.339, 3.419e-4
-1.338, 3.352e-4
-1.337, 3.312e-4
-1.336, 3.250e-4
-1.335, 3.194e-4
-1.334, 3.131e-4
-1.333, 3.077e-4
-1.332, 3.022e-4
-1.331, 2.966e-4
-1.330, 2.911e-4
-1.329, 2.845e-4
-1.328, 2.792e-4
-1.327, 2.751e-4
-1.326, 2.711e-4
-1.325, 2.655e-4
-1.324, 2.611e-4
-1.323, 2.568e-4
-1.322, 2.507e-4
-1.321, 2.454e-4
-1.320, 2.412e-4
-1.319, 2.362e-4
-1.318, 2.332e-4
-1.317, 2.285e-4
-1.316, 2.230e-4
-1.315, 2.182e-4
-1.314, 2.136e-4
-1.313, 2.097e-4
-1.312, 2.064e-4
-1.311, 2.013e-4
-1.310, 1.963e-4
-1.309, 1.925e-4
-1.308, 1.884e-4
-1.307, 1.840e-4
-1.306, 1.806e-4
-1.305, 1.762e-4
-1.304, 1.714e-4
-1.303, 1.681e-4
-1.302, 1.641e-4
-1.301, 1.599e-4
-1.300, 1.563e-4
-1.299, 1.519e-4
-1.298, 1.484e-4
-1.297, 1.445e-4
-1.296, 1.408e-4
-1.295, 1.368e-4
-1.294, 1.335e-4
-1.293, 1.304e-4
-1.292, 1.266e-4
-1.291, 1.230e-4
-1.290, 1.196e-4
-1.289, 1.163e-4
-1.288, 1.127e-4
-1.287, 1.093e-4
-1.286, 1.059e-4
-1.285, 1.029e-4
-1.284, 9.962e-5
-1.283, 9.640e-5
-1.282, 9.351e-5
-1.281, 9.000e-5
-1.280, 8.643e-5
-1.279, 8.398e-5
-1.278, 8.095e-5
-1.277, 7.783e-5
-1.276, 7.524e-5
-1.275, 7.265e-5
-1.274, 6.948e-5
-1.273, 6.666e-5
-1.272, 6.397e-5
-1.271, 6.116e-5
-1.270, 5.811e-5
-1.269, 5.597e-5
-1.268, 5.319e-5
-1.267, 5.051e-5
-1.266, 4.784e-5
-1.265, 4.505e-5
-1.264, 4.287e-5
-1.263, 4.020e-5
-1.262, 3.758e-5
-1.261, 3.493e-5
-1.260, 3.253e-5
-1.259, 3.007e-5
-1.258, 2.772e-5
-1.257, 2.508e-5
-1.256, 2.284e-5
-1.255, 2.047e-5
-1.254, 1.781e-5
-1.253, 1.590e-5
-1.252, 1.338e-5
-1.251, 1.103e-5
-1.250, 8.892e-6
-1.249, 6.573e-6
-1.248, 4.474e-6
-1.247, 2.012e-6
-1.246, -2.597e-7
-1.245, -2.227e-6
-1.244, -4.535e-6
-1.243, -6.614e-6
-1.242, -8.798e-6
-1.241, -1.106e-5
-1.240, -1.278e-5
-1.239, -1.494e-5
-1.238, -1.722e-5
-1.237, -1.913e-5
-1.236, -2.144e-5
-1.235, -2.327e-5
-1.234, -2.519e-5
-1.233, -2.752e-5
-1.232, -2.941e-5
-1.231, -3.140e-5
-1.230, -3.340e-5
-1.229, -3.605e-5
-1.228, -3.754e-5
-1.227, -3.945e-5
-1.226, -4.121e-5
-1.225, -4.349e-5
-1.224, -4.513e-5
-1.223, -4.695e-5
-1.222, -4.919e-5
-1.221, -5.097e-5
-1.220, -5.269e-5
-1.219, -5.464e-5
-1.218, -5.631e-5
-1.217, -5.859e-5
-1.216, -6.019e-5
-1.215, -6.219e-5
-1.214, -6.413e-5
-1.213, -6.576e-5
-1.212, -6.793e-5
-1.211, -6.981e-5
-1.210, -7.159e-5
-1.209, -7.374e-5
-1.208, -7.544e-5
-1.207, -7.727e-5
-1.206, -7.957e-5
-1.205, -8.110e-5
-1.204, -8.311e-5
-1.203, -8.512e-5
-1.202, -8.706e-5
-1.201, -8.929e-5
-1.200, -9.068e-5
-1.199, -9.273e-5
-1.198, -9.479e-5
-1.197, -9.665e-5
-1.196, -9.890e-5
-1.195, -1.006e-4
-1.194, -1.025e-4
-1.193, -1.048e-4
-1.192, -1.066e-4
-1.191, -1.088e-4
-1.190, -1.110e-4
-1.189, -1.126e-4
-1.188, -1.149e-4
-1.187, -1.170e-4
-1.186, -1.192e-4
-1.185, -1.212e-4
-1.184, -1.232e-4
-1.183, -1.253e-4
-1.182, -1.274e-4
-1.181, -1.296e-4
-1.180, -1.319e-4
-1.179, -1.340e-4
-1.178, -1.368e-4
-1.177, -1.389e-4
-1.176, -1.408e-4
-1.175, -1.432e-4
-1.174, -1.457e-4
-1.173, -1.479e-4
-1.172, -1.500e-4
-1.171, -1.527e-4
-1.170, -1.549e-4
-1.169, -1.576e-4
-1.168, -1.597e-4
-1.167, -1.624e-4
-1.166, -1.652e-4
-1.165, -1.675e-4
-1.164, -1.701e-4
-1.163, -1.726e-4
-1.162, -1.752e-4
-1.161, -1.783e-4
-1.160, -1.804e-4
-1.159, -1.830e-4
-1.158, -1.860e-4
-1.157, -1.888e-4
-1.156, -1.918e-4
-1.155, -1.948e-4
-1.154, -1.972e-4
-1.153, -2.008e-4
-1.152, -2.033e-4
-1.151, -2.064e-4
-1.150, -2.097e-4
-1.149, -2.127e-4
-1.148, -2.162e-4
-1.147, -2.194e-4
-1.146, -2.225e-4
-1.145, -2.259e-4
-1.144, -2.287e-4
-1.143, -2.323e-4
-1.142, -2.359e-4
-1.141, -2.395e-4
-1.140, -2.431e-4
-1.139, -2.468e-4
-1.138, -2.501e-4
-1.137, -2.543e-4
-1.136, -2.589e-4
-1.135, -2.624e-4
-1.134, -2.658e-4
-1.133, -2.690e-4
-1.132, -2.735e-4
-1.131, -2.767e-4
-1.130, -2.821e-4
-1.129, -2.863e-4
-1.128, -2.902e-4
-1.127, -2.951e-4
-1.126, -2.994e-4
-1.125, -3.045e-4
-1.124, -3.083e-4
-1.123, -3.131e-4
-1.122, -3.179e-4
-1.121, -3.230e-4
-1.120, -3.278e-4
-1.119, -3.329e-4
-1.118, -3.379e-4
-1.117, -3.425e-4
-1.116, -3.479e-4
-1.115, -3.525e-4
-1.114, -3.578e-4
-1.113, -3.631e-4
-1.112, -3.689e-4
-1.111, -3.742e-4
-1.110, -3.801e-4
-1.109, -3.851e-4
-1.108, -3.911e-4
-1.107, -3.967e-4
-1.106, -4.027e-4
-1.105, -4.081e-4
-1.104, -4.143e-4
-1.103, -4.206e-4
-1.102, -4.268e-4
-1.101, -4.329e-4
-1.100, -4.383e-4
-1.099, -4.446e-4
-1.098, -4.511e-4
-1.097, -4.588e-4
-1.096, -4.650e-4
-1.095, -4.716e-4
-1.094, -4.763e-4
-1.093, -4.826e-4
-1.092, -4.902e-4
-1.091, -4.991e-4
-1.090, -5.025e-4
-1.089, -5.113e-4
-1.088, -5.181e-4
-1.087, -5.253e-4
-1.086, -5.312e-4
-1.085, -5.375e-4
-1.084, -5.441e-4
-1.083, -5.528e-4
-1.082, -5.611e-4
-1.081, -5.664e-4
-1.080, -5.718e-4
-1.079, -5.811e-4
-1.078, -5.888e-4
-1.077, -5.950e-4
-1.076, -5.996e-4
-1.075, -6.081e-4
-1.074, -6.194e-4
-1.073, -6.261e-4
-1.072, -6.320e-4
-1.071, -6.403e-4
-1.070, -6.464e-4
-1.069, -6.515e-4
-1.068, -6.600e-4
-1.067, -6.693e-4
-1.066, -6.740e-4
-1.065, -6.828e-4
-1.064, -6.870e-4
-1.063, -6.957e-4
-1.062, -7.061e-4
-1.061, -7.140e-4
-1.060, -7.219e-4
-1.059, -7.269e-4
-1.058, -7.287e-4
-1.057, -7.370e-4
-1.056, -7.475e-4
-1.055, -7.542e-4
-1.054, -7.589e-4
-1.053, -7.638e-4
-1.052, -7.736e-4
-1.051, -7.781e-4
-1.050, -7.907e-4
-1.049, -8.024e-4
-1.048, -8.071e-4
-1.047, -8.145e-4
-1.046, -8.206e-4
-1.045, -8.268e-4
-1.044, -8.301e-4
-1.043, -8.401e-4
-1.042, -8.468e-4
-1.041, -8.509e-4
-1.040, -8.575e-4
-1.039, -8.664e-4
-1.038, -8.734e-4
-1.037, -8.787e-4
-1.036, -8.850e-4
-1.035, -8.927e-4
-1.034, -8.965e-4
-1.033, -8.995e-4
-1.032, -9.091e-4
-1.031, -9.138e-4
-1.030, -9.190e-4
-1.029, -9.264e-4
-1.028, -9.353e-4
-1.027, -9.389e-4
-1.026, -9.436e-4
-1.025, -9.521e-4
-1.024, -9.571e-4
-1.023, -9.588e-4
-1.022, -9.650e-4
-1.021, -9.719e-4
-1.020, -9.778e-4
-1.019, -9.845e-4
-1.018, -9.846e-4
-1.017, -9.941e-4
-1.016, -9.967e-4
-1.015, -1.001e-3
-1.014, -1.007e-3
-1.013, -1.015e-3
-1.012, -1.018e-3
-1.011, -1.020e-3
-1.010, -1.030e-3
-1.009, -1.032e-3
-1.008, -1.036e-3
-1.007, -1.036e-3
-1.006, -1.043e-3
-1.005, -1.049e-3
-1.004, -1.057e-3
-1.003, -1.056e-3
-1.002, -1.068e-3
-1.001, -1.067e-3
-1.000, -1.015e-3
-1.001, -9.474e-4
-1.002, -9.053e-4
-1.003, -8.658e-4
-1.004, -8.260e-4
-1.005, -7.882e-4
-1.006, -7.550e-4
-1.007, -7.216e-4
-1.008, -6.922e-4
-1.009, -6.620e-4
-1.010, -6.328e-4
-1.011, -6.043e-4
-1.012, -5.799e-4
-1.013, -5.547e-4
-1.014, -5.292e-4
-1.015, -5.036e-4
-1.016, -4.853e-4
-1.017, -4.657e-4
-1.018, -4.446e-4
-1.019, -4.239e-4
-1.020, -4.048e-4
-1.021, -3.868e-4
-1.022, -3.683e-4
-1.023, -3.526e-4
-1.024, -3.374e-4
-1.025, -3.231e-4
-1.026, -3.060e-4
-1.027, -2.914e-4
-1.028, -2.785e-4
-1.029, -2.666e-4
-1.030, -2.519e-4
-1.031, -2.398e-4
-1.032, -2.295e-4
-1.033, -2.168e-4
-1.034, -2.063e-4
-1.035, -1.956e-4
-1.036, -1.858e-4
-1.037, -1.750e-4
-1.038, -1.658e-4
-1.039, -1.565e-4
-1.040, -1.476e-4
-1.041, -1.391e-4
-1.042, -1.307e-4
-1.043, -1.227e-4
-1.044, -1.143e-4
-1.045, -1.074e-4
-1.046, -9.990e-5
-1.047, -9.248e-5
-1.048, -8.591e-5
-1.049, -7.885e-5
-1.050, -7.217e-5
-1.051, -6.610e-5
-1.052, -6.013e-5
-1.053, -5.454e-5
-1.054, -4.870e-5
-1.055, -4.304e-5
-1.056, -3.758e-5
-1.057, -3.214e-5
-1.058, -2.728e-5
-1.059, -2.244e-5
-1.060, -1.737e-5
-1.061, -1.290e-5
-1.062, -8.021e-6
-1.063, -3.430e-6
-1.064, 6.371e-7
-1.065, 5.025e-6
-1.066, 9.211e-6
-1.067, 1.332e-5
-1.068, 1.755e-5
-1.069, 2.113e-5
-1.070, 2.487e-5
-1.071, 2.881e-5
-1.072, 3.224e-5
-1.073, 3.604e-5
-1.074, 3.940e-5
-1.075, 4.310e-5
-1.076, 4.649e-5
-1.077, 4.963e-5
-1.078, 5.259e-5
-1.079, 5.596e-5
-1.080, 5.892e-5
-1.081, 6.223e-5
-1.082, 6.519e-5
-1.083, 6.799e-5
-1.084, 7.127e-5
-1.085, 7.377e-5
-1.086, 7.695e-5
-1.087, 7.978e-5
-1.088, 8.262e-5
-1.089, 8.536e-5
-1.090, 8.801e-5
-1.091, 9.097e-5
-1.092, 9.351e-5
-1.093, 9.589e-5
-1.094, 9.860e-5
-1.095, 1.013e-4
-1.096, 1.040e-4
-1.097, 1.066e-4
-1.098, 1.092e-4
-1.099, 1.114e-4
-1.100, 1.143e-4
-1.101, 1.168e-4
-1.102, 1.193e-4
-1.103, 1.220e-4
-1.104, 1.241e-4
-1.105, 1.267e-4
-1.106, 1.294e-4
-1.107, 1.318e-4
-1.108, 1.344e-4
-1.109, 1.366e-4
-1.110, 1.394e-4
-1.111, 1.422e-4
-1.112, 1.444e-4
-1.113, 1.470e-4
-1.114, 1.496e-4
-1.115, 1.519e-4
-1.116, 1.551e-4
-1.117, 1.573e-4
-1.118, 1.600e-4
-1.119, 1.628e-4
-1.120, 1.650e-4
-1.121, 1.681e-4
-1.122, 1.707e-4
-1.123, 1.732e-4
-1.124, 1.762e-4
-1.125, 1.790e-4
-1.126, 1.821e-4
-1.127, 1.847e-4
-1.128, 1.867e-4
-1.129, 1.904e-4
-1.130, 1.929e-4
-1.131, 1.956e-4
-1.132, 1.987e-4
-1.133, 2.020e-4
-1.134, 2.042e-4
-1.135, 2.065e-4
-1.136, 2.100e-4
-1.137, 2.140e-4
-1.138, 2.176e-4
-1.139, 2.197e-4
-1.140, 2.232e-4
-1.141, 2.255e-4
-1.142, 2.285e-4
-1.143, 2.332e-4
-1.144, 2.351e-4
-1.145, 2.391e-4
-1.146, 2.409e-4
-1.147, 2.446e-4
-1.148, 2.500e-4
-1.149, 2.533e-4
-1.150, 2.567e-4
-1.151, 2.588e-4
-1.152, 2.625e-4
-1.153, 2.666e-4
-1.154, 2.703e-4
-1.155, 2.746e-4
-1.156, 2.787e-4
-1.157, 2.830e-4
-1.158, 2.852e-4
-1.159, 2.886e-4
-1.160, 2.930e-4
-1.161, 2.968e-4
-1.162, 3.012e-4
-1.163, 3.036e-4
-1.164, 3.053e-4
-1.165, 3.112e-4
-1.166, 3.160e-4
-1.167, 3.213e-4
-1.168, 3.282e-4
-1.169, 3.315e-4
-1.170, 3.350e-4
-1.171, 3.378e-4
-1.172, 3.418e-4
-1.173, 3.453e-4
-1.174, 3.500e-4
-1.175, 3.550e-4
-1.176, 3.598e-4
-1.177, 3.654e-4
-1.178, 3.695e-4
-1.179, 3.735e-4
-1.180, 3.787e-4
-1.181, 3.828e-4
-1.182, 3.884e-4
-1.183, 3.926e-4
-1.184, 3.976e-4
-1.185, 4.022e-4
-1.186, 4.062e-4
-1.187, 4.106e-4
-1.188, 4.171e-4
-1.189, 4.237e-4
-1.190, 4.283e-4
-1.191, 4.337e-4
-1.192, 4.364e-4
-1.193, 4.428e-4
-1.194, 4.484e-4
-1.195, 4.544e-4
-1.196, 4.610e-4
-1.197, 4.642e-4
-1.198, 4.701e-4
-1.199, 4.770e-4
-1.200, 4.801e-4
-1.201, 4.845e-4
-1.202, 4.899e-4
-1.203, 4.962e-4
-1.204, 5.023e-4
-1.205, 5.070e-4
-1.206, 5.118e-4
-1.207, 5.174e-4
-1.208, 5.231e-4
-1.209, 5.292e-4
-1.210, 5.354e-4
-1.211, 5.410e-4
-1.212, 5.469e-4
-1.213, 5.521e-4
-1.214, 5.576e-4
-1.215, 5.636e-4
-1.216, 5.697e-4
-1.217, 5.755e-4
-1.218, 5.813e-4
-1.219, 5.876e-4
-1.220, 5.929e-4
-1.221, 5.982e-4
-1.222, 6.034e-4
-1.223, 6.105e-4
-1.224, 6.160e-4
-1.225, 6.215e-4
-1.226, 6.265e-4
-1.227, 6.317e-4
-1.228, 6.369e-4
-1.229, 6.435e-4
-1.230, 6.507e-4
-1.231, 6.581e-4
-1.232, 6.622e-4
-1.233, 6.706e-4
-1.234, 6.728e-4
-1.235, 6.789e-4
-1.236, 6.837e-4
-1.237, 6.873e-4
-1.238, 6.915e-4
-1.239, 6.967e-4
-1.240, 7.071e-4
-1.241, 7.108e-4
-1.242, 7.124e-4
-1.243, 7.192e-4
-1.244, 7.240e-4
-1.245, 7.267e-4
-1.246, 7.314e-4
-1.247, 7.333e-4
-1.248, 7.389e-4
-1.249, 7.424e-4
-1.250, 7.487e-4
-1.251, 7.515e-4
-1.252, 7.528e-4
-1.253, 7.544e-4
-1.254, 7.594e-4
-1.255, 7.623e-4
-1.256, 7.662e-4
-1.257, 7.673e-4
-1.258, 7.674e-4
-1.259, 7.661e-4
-1.260, 7.709e-4
-1.261, 7.756e-4
-1.262, 7.749e-4
-1.263, 7.737e-4
-1.264, 7.747e-4
-1.265, 7.758e-4
-1.266, 7.735e-4
-1.267, 7.731e-4
-1.268, 7.723e-4
-1.269, 7.718e-4
-1.270, 7.704e-4
-1.271, 7.671e-4
-1.272, 7.646e-4
-1.273, 7.620e-4
-1.274, 7.631e-4
-1.275, 7.585e-4
-1.276, 7.551e-4
-1.277, 7.468e-4
-1.278, 7.461e-4
-1.279, 7.416e-4
-1.280, 7.368e-4
-1.281, 7.315e-4
-1.282, 7.266e-4
-1.283, 7.218e-4
-1.284, 7.153e-4
-1.285, 7.090e-4
-1.286, 7.040e-4
-1.287, 6.983e-4
-1.288, 6.915e-4
-1.289, 6.844e-4
-1.290, 6.784e-4
-1.291, 6.698e-4
-1.292, 6.635e-4
-1.293, 6.581e-4
-1.294, 6.510e-4
-1.295, 6.435e-4
-1.296, 6.363e-4
-1.297, 6.289e-4
-1.298, 6.221e-4
-1.299, 6.142e-4
-1.300, 6.080e-4
-1.301, 6.010e-4
-1.302, 5.947e-4
-1.303, 5.878e-4
-1.304, 5.824e-4
-1.305, 5.765e-4
-1.306, 5.695e-4
-1.307, 5.632e-4
-1.308, 5.567e-4
-1.309, 5.511e-4
-1.310, 5.464e-4
-1.311, 5.418e-4
-1.312, 5.364e-4
-1.313, 5.319e-4
-1.314, 5.274e-4
-1.315, 5.232e-4
-1.316, 5.219e-4
-1.317, 5.183e-4
-1.318, 5.130e-4
-1.319, 5.108e-4
-1.320, 5.094e-4
-1.321, 5.067e-4
-1.322, 5.038e-4
-1.323, 5.022e-4
-1.324, 4.997e-4
-1.325, 5.005e-4
-1.326, 4.983e-4
-1.327, 4.985e-4
-1.328, 4.976e-4
-1.329, 4.978e-4
-1.330, 4.978e-4
-1.331, 4.955e-4
-1.332, 4.972e-4
-1.333, 5.002e-4
-1.334, 5.015e-4
-1.335, 5.031e-4
-1.336, 5.051e-4
-1.337, 5.084e-4
-1.338, 5.086e-4
-1.339, 5.107e-4
-1.340, 5.155e-4
-1.341, 5.169e-4
-1.342, 5.201e-4
-1.343, 5.226e-4
-1.344, 5.257e-4
-1.345, 5.296e-4
-1.346, 5.328e-4
-1.347, 5.372e-4
-1.348, 5.427e-4
-1.349, 5.469e-4
-1.350, 5.513e-4
-1.351, 5.560e-4
-1.352, 5.614e-4
-1.353, 5.668e-4
-1.354, 5.723e-4
-1.355, 5.775e-4
-1.356, 5.838e-4
-1.357, 5.896e-4
-1.358, 5.952e-4
-1.359, 6.019e-4
-1.360, 6.080e-4
-1.361, 6.149e-4
-1.362, 6.221e-4
-1.363, 6.288e-4
-1.364, 6.355e-4
-1.365, 6.429e-4
-1.366, 6.504e-4
-1.367, 6.580e-4
-1.368, 6.657e-4
-1.369, 6.732e-4
-1.370, 6.822e-4
-1.371, 6.899e-4
-1.372, 6.982e-4
-1.373, 7.061e-4
-1.374, 7.137e-4
-1.375, 7.259e-4
-1.376, 7.345e-4
-1.377, 7.452e-4
-1.378, 7.523e-4
-1.379, 7.588e-4
-1.380, 7.707e-4
-1.381, 7.804e-4
-1.382, 7.906e-4
-1.383, 8.000e-4
-1.384, 8.079e-4
-1.385, 8.220e-4
-1.386, 8.320e-4
-1.387, 8.416e-4
-1.388, 8.508e-4
-1.389, 8.616e-4
-1.390, 8.718e-4
-1.391, 8.861e-4
-1.392, 8.953e-4
-1.393, 9.069e-4
-1.394, 9.205e-4
-1.395, 9.298e-4
-1.396, 9.431e-4
-1.397, 9.533e-4
-1.398, 9.675e-4
-1.399, 9.747e-4
-1.400, 9.904e-4
-1.401, 1.003e-3
-1.402, 1.016e-3
-1.403, 1.027e-3
-1.404, 1.043e-3
-1.405, 1.051e-3
-1.406, 1.063e-3
-1.407, 1.077e-3
-1.408, 1.097e-3
-1.409, 1.108e-3
-1.410, 1.122e-3
-1.411, 1.134e-3
-1.412, 1.148e-3
-1.413, 1.162e-3
-1.414, 1.177e-3
-1.415, 1.190e-3
-1.416, 1.206e-3
-1.417, 1.219e-3
-1.418, 1.235e-3
-1.419, 1.244e-3
-1.420, 1.260e-3
-1.421, 1.281e-3
-1.422, 1.296e-3
-1.423, 1.307e-3
-1.424, 1.327e-3
-1.425, 1.340e-3
-1.426, 1.350e-3
-1.427, 1.361e-3
-1.428, 1.387e-3
-1.429, 1.396e-3
-1.430, 1.415e-3
-1.431, 1.432e-3
-1.432, 1.456e-3
-1.433, 1.469e-3
-1.434, 1.489e-3
-1.435, 1.507e-3
-1.436, 1.517e-3
-1.437, 1.543e-3
-1.438, 1.553e-3
-1.439, 1.573e-3
-1.440, 1.587e-3
-1.441, 1.604e-3
-1.442, 1.622e-3
-1.443, 1.638e-3
-1.444, 1.653e-3
-1.445, 1.672e-3
-1.446, 1.689e-3
-1.447, 1.711e-3
-1.448, 1.741e-3
-1.449, 1.754e-3
-1.450, 1.773e-3
-1.451, 1.788e-3
-1.452, 1.805e-3
-1.453, 1.824e-3
-1.454, 1.846e-3
-1.455, 1.869e-3
-1.456, 1.891e-3
-1.457, 1.902e-3
-1.458, 1.932e-3
-1.459, 1.946e-3
-1.460, 1.961e-3
-1.461, 1.981e-3
-1.462, 2.003e-3
-1.463, 2.014e-3
-1.464, 2.045e-3
-1.465, 2.068e-3
-1.466, 2.091e-3
-1.467, 2.119e-3
-1.468, 2.140e-3
-1.469, 2.162e-3
-1.470, 2.181e-3
-1.471, 2.200e-3
-1.472, 2.222e-3
-1.473, 2.245e-3
-1.474, 2.262e-3
-1.475, 2.286e-3
-1.476, 2.311e-3
-1.477, 2.322e-3
-1.478, 2.353e-3
-1.479, 2.382e-3
-1.480, 2.400e-3
-1.481, 2.434e-3
-1.482, 2.455e-3
-1.483, 2.463e-3
-1.484, 2.489e-3
-1.485, 2.514e-3
-1.486, 2.538e-3
-1.487, 2.567e-3
-1.488, 2.588e-3
-1.489, 2.614e-3
-1.490, 2.636e-3
-1.491, 2.660e-3
-1.492, 2.689e-3
-1.493, 2.713e-3
-1.494, 2.738e-3
-1.495, 2.757e-3
-1.496, 2.780e-3
-1.497, 2.802e-3
-1.498, 2.840e-3
-1.499, 2.872e-3
-1.500, 2.901e-3
-1.501, 2.926e-3
-1.502, 2.940e-3
-1.503, 2.972e-3
-1.504, 3.005e-3
-1.505, 3.038e-3
-1.506, 3.062e-3
-1.507, 3.084e-3
-1.508, 3.114e-3
-1.509, 3.138e-3
-1.510, 3.160e-3
-1.511, 3.199e-3
-1.512, 3.228e-3
-1.513, 3.239e-3
-1.514, 3.262e-3
-1.515, 3.308e-3
-1.516, 3.331e-3
-1.517, 3.359e-3
-1.518, 3.373e-3
-1.519, 3.397e-3
-1.520, 3.436e-3
-1.521, 3.471e-3
-1.522, 3.503e-3
-1.523, 3.525e-3
-1.524, 3.542e-3
-1.525, 3.593e-3
-1.526, 3.637e-3
-1.527, 3.664e-3
-1.528, 3.693e-3
-1.529, 3.715e-3
-1.530, 3.755e-3
-1.531, 3.795e-3
-1.532, 3.818e-3
-1.533, 3.852e-3
-1.534, 3.866e-3
-1.535, 3.901e-3
-1.536, 3.941e-3
-1.537, 3.962e-3
-1.538, 3.975e-3
-1.539, 4.001e-3
-1.540, 4.060e-3
-1.541, 4.113e-3
-1.542, 4.137e-3
-1.543, 4.196e-3
-1.544, 4.208e-3
-1.545, 4.248e-3
-1.546, 4.282e-3
-1.547, 4.305e-3
-1.548, 4.331e-3
-1.549, 4.380e-3
-1.550, 4.389e-3
-1.551, 4.460e-3
-1.552, 4.467e-3
-1.553, 4.491e-3
-1.554, 4.526e-3
-1.555, 4.577e-3
-1.556, 4.613e-3
-1.557, 4.667e-3
-1.558, 4.702e-3
-1.559, 4.749e-3
-1.560, 4.780e-3
-1.561, 4.813e-3
-1.562, 4.836e-3
-1.563, 4.828e-3
-1.564, 4.881e-3
-1.565, 4.919e-3
-1.566, 4.964e-3
-1.567, 5.019e-3
-1.568, 5.065e-3
-1.569, 5.099e-3
-1.570, 5.148e-3
-1.571, 5.180e-3
-1.572, 5.188e-3
-1.573, 5.256e-3
-1.574, 5.265e-3
-1.575, 5.283e-3
-1.576, 5.316e-3
-1.577, 5.384e-3
-1.578, 5.428e-3
-1.579, 5.467e-3
-1.580, 5.496e-3
-1.581, 5.532e-3
-1.582, 5.557e-3
-1.583, 5.586e-3
-1.584, 5.620e-3
-1.585, 5.667e-3
-1.586, 5.766e-3
-1.587, 5.789e-3
-1.588, 5.837e-3
-1.589, 5.865e-3
-1.590, 5.870e-3
-1.591, 5.870e-3
-1.592, 5.944e-3
-1.593, 5.995e-3
-1.594, 6.020e-3
-1.595, 6.069e-3
-1.596, 6.108e-3
-1.597, 6.125e-3
-1.598, 6.135e-3
-1.599, 6.152e-3
-1.600, 6.171e-3
-1.599, 6.123e-3
-1.598, 6.068e-3
-1.597, 5.999e-3
-1.596, 5.938e-3
-1.595, 5.874e-3
-1.594, 5.805e-3
-1.593, 5.743e-3
-1.592, 5.685e-3
-1.591, 5.625e-3
-1.590, 5.567e-3
-1.589, 5.520e-3
-1.588, 5.464e-3
-1.587, 5.399e-3
-1.586, 5.345e-3
-1.585, 5.282e-3
-1.584, 5.235e-3
-1.583, 5.186e-3
-1.582, 5.127e-3
-1.581, 5.076e-3
-1.580, 5.025e-3
-1.579, 4.962e-3
-1.578, 4.932e-3
-1.577, 4.868e-3
-1.576, 4.807e-3
-1.575, 4.763e-3
-1.574, 4.728e-3
-1.573, 4.676e-3
-1.572, 4.614e-3
-1.571, 4.580e-3
-1.570, 4.527e-3
-1.569, 4.485e-3
-1.568, 4.436e-3
-1.567, 4.392e-3
-1.566, 4.338e-3
-1.565, 4.294e-3
-1.564, 4.253e-3
-1.563, 4.212e-3
-1.562, 4.156e-3
-1.561, 4.113e-3
-1.560, 4.067e-3
-1.559, 4.025e-3
-1.558, 3.990e-3
-1.557, 3.948e-3
-1.556, 3.908e-3
-1.555, 3.877e-3
-1.554, 3.833e-3
-1.553, 3.787e-3
-1.552, 3.735e-3
-1.551, 3.697e-3
-1.550, 3.664e-3
-1.549, 3.635e-3
-1.548, 3.592e-3
-1.547, 3.553e-3
-1.546, 3.521e-3
-1.545, 3.478e-3
-1.544, 3.443e-3
-1.543, 3.415e-3
-1.542, 3.386e-3
-1.541, 3.340e-3
-1.540, 3.310e-3
-1.539, 3.277e-3
-1.538, 3.233e-3
-1.537, 3.204e-3
-1.536, 3.170e-3
-1.535, 3.142e-3
-1.534, 3.119e-3
-1.533, 3.087e-3
-1.532, 3.067e-3
-1.531, 3.029e-3
-1.530, 2.989e-3
-1.529, 2.954e-3
-1.528, 2.917e-3
-1.527, 2.885e-3
-1.526, 2.871e-3
-1.525, 2.844e-3
-1.524, 2.807e-3
-1.523, 2.787e-3
-1.522, 2.756e-3
-1.521, 2.713e-3
-1.520, 2.700e-3
-1.519, 2.668e-3
-1.518, 2.643e-3
-1.517, 2.606e-3
-1.516, 2.588e-3
-1.515, 2.557e-3
-1.514, 2.535e-3
-1.513, 2.521e-3
-1.512, 2.488e-3
-1.511, 2.459e-3
-1.510, 2.432e-3
-1.509, 2.392e-3
-1.508, 2.371e-3
-1.507, 2.345e-3
-1.506, 2.327e-3
-1.505, 2.304e-3
-1.504, 2.277e-3
-1.503, 2.250e-3
-1.502, 2.222e-3
-1.501, 2.197e-3
-1.500, 2.180e-3
-1.499, 2.160e-3
-1.498, 2.138e-3
-1.497, 2.116e-3
-1.496, 2.096e-3
-1.495, 2.070e-3
-1.494, 2.052e-3
-1.493, 2.027e-3
-1.492, 2.006e-3
-1.491, 1.985e-3
-1.490, 1.967e-3
-1.489, 1.949e-3
-1.488, 1.922e-3
-1.487, 1.898e-3
-1.486, 1.887e-3
-1.485, 1.862e-3
-1.484, 1.838e-3
-1.483, 1.815e-3
-1.482, 1.800e-3
-1.481, 1.783e-3
-1.480, 1.751e-3
-1.479, 1.736e-3
-1.478, 1.714e-3
-1.477, 1.705e-3
-1.476, 1.691e-3
-1.475, 1.685e-3
-1.474, 1.654e-3
-1.473, 1.631e-3
-1.472, 1.627e-3
-1.471, 1.608e-3
-1.470, 1.584e-3
-1.469, 1.571e-3
-1.468, 1.555e-3
-1.467, 1.525e-3
-1.466, 1.515e-3
-1.465, 1.502e-3
-1.464, 1.495e-3
-1.463, 1.480e-3
-1.462, 1.463e-3
-1.461, 1.439e-3
-1.460, 1.421e-3
-1.459, 1.406e-3
-1.458, 1.393e-3
-1.457, 1.379e-3
-1.456, 1.367e-3
-1.455, 1.351e-3
-1.454, 1.333e-3
-1.453, 1.324e-3
-1.452, 1.307e-3
-1.451, 1.295e-3
-1.450, 1.278e-3
-1.449, 1.265e-3
-1.448, 1.251e-3
-1.447, 1.231e-3
-1.446, 1.222e-3
-1.445, 1.210e-3
-1.444, 1.196e-3
-1.443, 1.184e-3
-1.442, 1.171e-3
-1.441, 1.157e-3
-1.440, 1.144e-3
-1.439, 1.133e-3
-1.438, 1.120e-3
-1.437, 1.106e-3
-1.436, 1.094e-3
-1.435, 1.082e-3
-1.434, 1.071e-3
-1.433, 1.058e-3
-1.432, 1.047e-3
-1.431, 1.036e-3
-1.430, 1.023e-3
-1.429, 1.014e-3
-1.428, 1.000e-3
-1.427, 9.863e-4
-1.426, 9.839e-4
-1.425, 9.738e-4
-1.424, 9.615e-4
-1.423, 9.477e-4
-1.422, 9.364e-4
-1.421, 9.255e-4
-1.420, 9.148e-4
-1.419, 9.053e-4
-1.418, 8.958e-4
-1.417, 8.837e-4
-1.416, 8.761e-4
-1.415, 8.637e-4
-1.414, 8.546e-4
-1.413, 8.444e-4
-1.412, 8.327e-4
-1.411, 8.248e-4
-1.410, 8.136e-4
-1.409, 8.058e-4
-1.408, 7.972e-4
-1.407, 7.848e-4
-1.406, 7.730e-4
-1.405, 7.636e-4
-1.404, 7.576e-4
-1.403, 7.500e-4
-1.402, 7.396e-4
-1.401, 7.283e-4
-1.400, 7.200e-4
-1.399, 7.128e-4
-1.398, 7.024e-4
-1.397, 6.938e-4
-1.396, 6.844e-4
-1.395, 6.762e-4
-1.394, 6.663e-4
-1.393, 6.605e-4
-1.392, 6.519e-4
-1.391, 6.424e-4
-1.390, 6.322e-4
-1.389, 6.264e-4
-1.388, 6.190e-4
-1.387, 6.096e-4
-1.386, 6.025e-4
-1.385, 5.946e-4
-1.384, 5.868e-4
-1.383, 5.793e-4
-1.382, 5.730e-4
-1.381, 5.648e-4
-1.380, 5.549e-4
-1.379, 5.471e-4
-1.378, 5.413e-4
-1.377, 5.363e-4
-1.376, 5.272e-4
-1.375, 5.204e-4
-1.374, 5.115e-4
-1.373, 5.059e-4
-1.372, 4.983e-4
-1.371, 4.907e-4
-1.370, 4.840e-4
-1.369, 4.798e-4
-1.368, 4.696e-4
-1.367, 4.651e-4
-1.366, 4.591e-4
-1.365, 4.530e-4
-1.364, 4.446e-4
-1.363, 4.386e-4
-1.362, 4.333e-4
-1.361, 4.252e-4
-1.360, 4.212e-4
-1.359, 4.117e-4
-1.358, 4.072e-4
-1.357, 4.034e-4
-1.356, 3.964e-4
-1.355, 3.891e-4
-1.354, 3.827e-4
-1.353, 3.769e-4
-1.352, 3.727e-4
-1.351, 3.667e-4
-1.350, 3.609e-4
-1.349, 3.556e-4
-1.348, 3.498e-4
-1.347, 3.438e-4
-1.346, 3.386e-4
-1.345, 3.332e-4
-1.344, 3.271e-4
-1.343, 3.223e-4
-1.342, 3.142e-4
-1.341, 3.113e-4
-1.340, 3.050e-4
-1.339, 3.019e-4
-1.338, 2.965e-4
-1.337, 2.909e-4
-1.336, 2.870e-4
-1.335, 2.810e-4
-1.334, 2.768e-4
-1.333, 2.709e-4
-1.332, 2.664e-4
-1.331, 2.628e-4
-1.330, 2.580e-4
-1.329, 2.532e-4
-1.328, 2.467e-4
-1.327, 2.423e-4
-1.326, 2.383e-4
-1.325, 2.361e-4
-1.324, 2.314e-4
-1.323, 2.217e-4
-1.322, 2.103e-4
-1.321, 2.050e-4
-1.320, 2.011e-4
-1.319, 1.975e-4
-1.318, 1.935e-4
-1.317, 1.891e-4
-1.316, 1.853e-4
-1.315, 1.807e-4
-1.314, 1.773e-4
-1.313, 1.734e-4
-1.312, 1.704e-4
-1.311, 1.664e-4
-1.310, 1.627e-4
-1.309, 1.591e-4
-1.308, 1.553e-4
-1.307, 1.518e-4
-1.306, 1.483e-4
-1.305, 1.448e-4
-1.304, 1.415e-4
-1.303, 1.386e-4
-1.302, 1.348e-4
-1.301, 1.328e-4
-1.300, 1.285e-4
-1.299, 1.261e-4
-1.298, 1.224e-4
-1.297, 1.191e-4
-1.296, 1.162e-4
-1.295, 1.132e-4
-1.294, 1.101e-4
-1.293, 1.073e-4
-1.292, 1.040e-4
-1.291, 1.007e-4
-1.290, 9.798e-5
-1.289, 9.487e-5
-1.288, 9.284e-5
-1.287, 9.012e-5
-1.286, 8.706e-5
-1.285, 8.404e-5
-1.284, 8.116e-5
-1.283, 7.840e-5
-1.282, 7.587e-5
-1.281, 7.291e-5
-1.280, 7.024e-5
-1.279, 6.770e-5
-1.278, 6.505e-5
-1.277, 6.284e-5
-1.276, 6.029e-5
-1.275, 5.777e-5
-1.274, 5.550e-5
-1.273, 5.273e-5
-1.272, 5.101e-5
-1.271, 4.871e-5
-1.270, 4.565e-5
-1.269, 4.364e-5
-1.268, 4.119e-5
-1.267, 3.919e-5
-1.266, 3.703e-5
-1.265, 3.475e-5
-1.264, 3.259e-5
-1.263, 3.038e-5
-1.262, 2.835e-5
-1.261, 2.627e-5
-1.260, 2.416e-5
-1.259, 2.183e-5
-1.258, 1.989e-5
-1.257, 1.776e-5
-1.256, 1.605e-5
-1.255, 1.388e-5
-1.254, 1.167e-5
-1.253, 9.920e-6
-1.252, 7.789e-6
-1.251, 5.986e-6
-1.250, 3.995e-6
-1.249, 1.840e-6
-1.248, 3.244e-7
-1.247, -1.597e-6
-1.246, -3.597e-6
-1.245, -5.312e-6
-1.244, -7.393e-6
-1.243, -9.111e-6
-1.242, -1.092e-5
-1.241, -1.277e-5
-1.240, -1.442e-5
-1.239, -1.627e-5
-1.238, -1.801e-5
-1.237, -1.958e-5
-1.236, -2.145e-5
-1.235, -2.317e-5
-1.234, -2.496e-5
-1.233, -2.676e-5
-1.232, -2.821e-5
-1.231, -2.989e-5
-1.230, -3.174e-5
-1.229, -3.397e-5
-1.228, -3.517e-5
-1.227, -3.675e-5
-1.226, -3.823e-5
-1.225, -4.006e-5
-1.224, -4.158e-5
-1.223, -4.333e-5
-1.222, -4.490e-5
-1.221, -4.645e-5
-1.220, -4.819e-5
-1.219, -4.977e-5
-1.218, -5.111e-5
-1.217, -5.289e-5
-1.216, -5.470e-5
-1.215, -5.612e-5
-1.214, -5.808e-5
-1.213, -5.962e-5
-1.212, -6.102e-5
-1.211, -6.266e-5
-1.210, -6.408e-5
-1.209, -6.610e-5
-1.208, -6.742e-5
-1.207, -6.903e-5
-1.206, -7.038e-5
-1.205, -7.214e-5
-1.204, -7.434e-5
-1.203, -7.572e-5
-1.202, -7.720e-5
-1.201, -7.903e-5
-1.200, -8.015e-5
-1.199, -8.209e-5
-1.198, -8.422e-5
-1.197, -8.567e-5
-1.196, -8.710e-5
-1.195, -8.905e-5
-1.194, -9.048e-5
-1.193, -9.234e-5
-1.192, -9.394e-5
-1.191, -9.590e-5
-1.190, -9.765e-5
-1.189, -9.935e-5
-1.188, -1.012e-4
-1.187, -1.027e-4
-1.186, -1.045e-4
-1.185, -1.066e-4
-1.184, -1.083e-4
-1.183, -1.100e-4
-1.182, -1.121e-4
-1.181, -1.138e-4
-1.180, -1.157e-4
-1.179, -1.178e-4
-1.178, -1.198e-4
-1.177, -1.217e-4
-1.176, -1.235e-4
-1.175, -1.252e-4
-1.174, -1.278e-4
-1.173, -1.297e-4
-1.172, -1.316e-4
-1.171, -1.338e-4
-1.170, -1.355e-4
-1.169, -1.381e-4
-1.168, -1.396e-4
-1.167, -1.417e-4
-1.166, -1.441e-4
-1.165, -1.459e-4
-1.164, -1.490e-4
-1.163, -1.514e-4
-1.162, -1.539e-4
-1.161, -1.562e-4
-1.160, -1.580e-4
-1.159, -1.605e-4
-1.158, -1.629e-4
-1.157, -1.649e-4
-1.156, -1.672e-4
-1.155, -1.699e-4
-1.154, -1.727e-4
-1.153, -1.753e-4
-1.152, -1.778e-4
-1.151, -1.806e-4
-1.150, -1.837e-4
-1.149, -1.857e-4
-1.148, -1.886e-4
-1.147, -1.913e-4
-1.146, -1.941e-4
-1.145, -1.973e-4
-1.144, -1.999e-4
-1.143, -2.029e-4
-1.142, -2.058e-4
-1.141, -2.090e-4
-1.140, -2.121e-4
-1.139, -2.155e-4
-1.138, -2.183e-4
-1.137, -2.218e-4
-1.136, -2.248e-4
-1.135, -2.282e-4
-1.134, -2.318e-4
-1.133, -2.348e-4
-1.132, -2.384e-4
-1.131, -2.417e-4
-1.130, -2.454e-4
-1.129, -2.487e-4
-1.128, -2.537e-4
-1.127, -2.576e-4
-1.126, -2.609e-4
-1.125, -2.647e-4
-1.124, -2.684e-4
-1.123, -2.723e-4
-1.122, -2.763e-4
-1.121, -2.801e-4
-1.120, -2.836e-4
-1.119, -2.885e-4
-1.118, -2.935e-4
-1.117, -2.982e-4
-1.116, -3.029e-4
-1.115, -3.065e-4
-1.114, -3.096e-4
-1.113, -3.151e-4
-1.112, -3.214e-4
-1.111, -3.252e-4
-1.110, -3.304e-4
-1.109, -3.348e-4
-1.108, -3.400e-4
-1.107, -3.447e-4
-1.106, -3.496e-4
-1.105, -3.535e-4
-1.104, -3.589e-4
-1.103, -3.645e-4
-1.102, -3.700e-4
-1.101, -3.748e-4
-1.100, -3.801e-4
-1.099, -3.862e-4
-1.098, -3.913e-4
-1.097, -3.966e-4
-1.096, -4.017e-4
-1.095, -4.066e-4
-1.094, -4.099e-4
-1.093, -4.162e-4
-1.092, -4.225e-4
-1.091, -4.298e-4
-1.090, -4.348e-4
-1.089, -4.430e-4
-1.088, -4.478e-4
-1.087, -4.531e-4
-1.086, -4.595e-4
-1.085, -4.651e-4
-1.084, -4.714e-4
-1.083, -4.765e-4
-1.082, -4.804e-4
-1.081, -4.887e-4
-1.080, -4.927e-4
-1.079, -5.015e-4
-1.078, -5.072e-4
-1.077, -5.126e-4
-1.076, -5.167e-4
-1.075, -5.235e-4
-1.074, -5.312e-4
-1.073, -5.367e-4
-1.072, -5.445e-4
-1.071, -5.490e-4
-1.070, -5.609e-4
-1.069, -5.601e-4
-1.068, -5.694e-4
-1.067, -5.741e-4
-1.066, -5.805e-4
-1.065, -5.899e-4
-1.064, -5.945e-4
-1.063, -6.005e-4
-1.062, -6.051e-4
-1.061, -6.110e-4
-1.060, -6.183e-4
-1.059, -6.258e-4
-1.058, -6.336e-4
-1.057, -6.363e-4
-1.056, -6.422e-4
-1.055, -6.487e-4
-1.054, -6.577e-4
-1.053, -6.602e-4
-1.052, -6.668e-4
-1.051, -6.732e-4
-1.050, -6.793e-4
-1.049, -6.868e-4
-1.048, -6.936e-4
-1.047, -6.992e-4
-1.046, -7.047e-4
-1.045, -7.096e-4
-1.044, -7.148e-4
-1.043, -7.224e-4
-1.042, -7.287e-4
-1.041, -7.378e-4
-1.040, -7.415e-4
-1.039, -7.476e-4
-1.038, -7.515e-4
-1.037, -7.555e-4
-1.036, -7.631e-4
-1.035, -7.709e-4
-1.034, -7.763e-4
-1.033, -7.768e-4
-1.032, -7.843e-4
-1.031, -7.898e-4
-1.030, -7.960e-4
-1.029, -7.997e-4
-1.028, -8.107e-4
-1.027, -8.159e-4
-1.026, -8.187e-4
-1.025, -8.205e-4
-1.024, -8.263e-4
-1.023, -8.338e-4
-1.022, -8.380e-4
-1.021, -8.429e-4
-1.020, -8.507e-4
-1.019, -8.531e-4
-1.018, -8.559e-4
-1.017, -8.644e-4
-1.016, -8.678e-4
-1.015, -8.739e-4
-1.014, -8.807e-4
-1.013, -8.827e-4
-1.012, -8.878e-4
-1.011, -8.898e-4
-1.010, -8.943e-4
-1.009, -9.014e-4
-1.008, -9.061e-4
-1.007, -9.091e-4
-1.006, -9.135e-4
-1.005, -9.155e-4
-1.004, -9.212e-4
-1.003, -9.254e-4
-1.002, -9.297e-4
-1.001, -9.353e-4
