June 29, 2026   17:11:01
Cyclic Voltammetry
File: c:/users/guazh/data/20260623_doe_duplica2/2026-06-24-exp43\exp43-2026-06-29t16_57_06-h2koh\exp43_cv_sr_200mvs_efin_-1600mv.bin
Data Source:  Experiment
Instrument Model:  CHI760E
Header: CV ran at 200 mVs
Note: 

Init E (V) = -1
High E (V) = -1
Low E (V) = -1.6
Final E (V) = -1
Init P/N = N
Scan Rate (V/s) = 0.2
Segment = 3
Sample Interval (V) = 0.001
Quiet Time (sec) = 2
Sensitivity (A/V) = 0.01
Comp R (ohm) = 2.0

Results:

Channel 1:
Segment 1:
Ep = -1.334V
ip = 8.305e-4A
Ah = 4.553e-4C

Segment 2:

Segment 3:

Potential/V, Current/A

-1.000, -1.812e-4
-1.001, -1.405e-4
-1.002, -1.118e-4
-1.003, -8.885e-5
-1.004, -6.953e-5
-1.005, -5.319e-5
-1.006, -3.818e-5
-1.007, -2.549e-5
-1.008, -1.431e-5
-1.009, -3.662e-6
-1.010, 5.483e-6
-1.011, 1.428e-5
-1.012, 2.323e-5
-1.013, 3.076e-5
-1.014, 3.804e-5
-1.015, 4.514e-5
-1.016, 5.190e-5
-1.017, 5.800e-5
-1.018, 6.360e-5
-1.019, 6.936e-5
-1.020, 7.519e-5
-1.021, 8.029e-5
-1.022, 8.602e-5
-1.023, 9.134e-5
-1.024, 9.659e-5
-1.025, 1.011e-4
-1.026, 1.060e-4
-1.027, 1.104e-4
-1.028, 1.149e-4
-1.029, 1.186e-4
-1.030, 1.230e-4
-1.031, 1.272e-4
-1.032, 1.309e-4
-1.033, 1.348e-4
-1.034, 1.385e-4
-1.035, 1.424e-4
-1.036, 1.470e-4
-1.037, 1.502e-4
-1.038, 1.542e-4
-1.039, 1.579e-4
-1.040, 1.606e-4
-1.041, 1.647e-4
-1.042, 1.685e-4
-1.043, 1.715e-4
-1.044, 1.744e-4
-1.045, 1.772e-4
-1.046, 1.805e-4
-1.047, 1.832e-4
-1.048, 1.858e-4
-1.049, 1.902e-4
-1.050, 1.933e-4
-1.051, 1.959e-4
-1.052, 1.996e-4
-1.053, 2.024e-4
-1.054, 2.053e-4
-1.055, 2.082e-4
-1.056, 2.104e-4
-1.057, 2.139e-4
-1.058, 2.167e-4
-1.059, 2.201e-4
-1.060, 2.230e-4
-1.061, 2.250e-4
-1.062, 2.286e-4
-1.063, 2.313e-4
-1.064, 2.330e-4
-1.065, 2.364e-4
-1.066, 2.401e-4
-1.067, 2.421e-4
-1.068, 2.449e-4
-1.069, 2.485e-4
-1.070, 2.512e-4
-1.071, 2.539e-4
-1.072, 2.561e-4
-1.073, 2.589e-4
-1.074, 2.618e-4
-1.075, 2.652e-4
-1.076, 2.681e-4
-1.077, 2.704e-4
-1.078, 2.737e-4
-1.079, 2.763e-4
-1.080, 2.787e-4
-1.081, 2.818e-4
-1.082, 2.853e-4
-1.083, 2.878e-4
-1.084, 2.902e-4
-1.085, 2.937e-4
-1.086, 2.966e-4
-1.087, 2.994e-4
-1.088, 3.026e-4
-1.089, 3.065e-4
-1.090, 3.088e-4
-1.091, 3.115e-4
-1.092, 3.150e-4
-1.093, 3.184e-4
-1.094, 3.208e-4
-1.095, 3.242e-4
-1.096, 3.275e-4
-1.097, 3.300e-4
-1.098, 3.343e-4
-1.099, 3.381e-4
-1.100, 3.414e-4
-1.101, 3.454e-4
-1.102, 3.466e-4
-1.103, 3.478e-4
-1.104, 3.513e-4
-1.105, 3.553e-4
-1.106, 3.588e-4
-1.107, 3.618e-4
-1.108, 3.640e-4
-1.109, 3.661e-4
-1.110, 3.687e-4
-1.111, 3.719e-4
-1.112, 3.771e-4
-1.113, 3.819e-4
-1.114, 3.847e-4
-1.115, 3.891e-4
-1.116, 3.941e-4
-1.117, 3.981e-4
-1.118, 4.049e-4
-1.119, 4.078e-4
-1.120, 4.092e-4
-1.121, 4.126e-4
-1.122, 4.172e-4
-1.123, 4.207e-4
-1.124, 4.263e-4
-1.125, 4.326e-4
-1.126, 4.354e-4
-1.127, 4.380e-4
-1.128, 4.430e-4
-1.129, 4.475e-4
-1.130, 4.542e-4
-1.131, 4.616e-4
-1.132, 4.663e-4
-1.133, 4.688e-4
-1.134, 4.701e-4
-1.135, 4.739e-4
-1.136, 4.786e-4
-1.137, 4.833e-4
-1.138, 4.872e-4
-1.139, 4.919e-4
-1.140, 4.979e-4
-1.141, 5.020e-4
-1.142, 5.036e-4
-1.143, 5.099e-4
-1.144, 5.168e-4
-1.145, 5.215e-4
-1.146, 5.282e-4
-1.147, 5.350e-4
-1.148, 5.403e-4
-1.149, 5.433e-4
-1.150, 5.460e-4
-1.151, 5.492e-4
-1.152, 5.539e-4
-1.153, 5.610e-4
-1.154, 5.674e-4
-1.155, 5.721e-4
-1.156, 5.786e-4
-1.157, 5.833e-4
-1.158, 5.889e-4
-1.159, 5.942e-4
-1.160, 6.005e-4
-1.161, 6.064e-4
-1.162, 6.117e-4
-1.163, 6.189e-4
-1.164, 6.256e-4
-1.165, 6.311e-4
-1.166, 6.391e-4
-1.167, 6.455e-4
-1.168, 6.510e-4
-1.169, 6.577e-4
-1.170, 6.642e-4
-1.171, 6.702e-4
-1.172, 6.768e-4
-1.173, 6.829e-4
-1.174, 6.877e-4
-1.175, 6.945e-4
-1.176, 7.023e-4
-1.177, 7.094e-4
-1.178, 7.163e-4
-1.179, 7.228e-4
-1.180, 7.293e-4
-1.181, 7.351e-4
-1.182, 7.419e-4
-1.183, 7.486e-4
-1.184, 7.554e-4
-1.185, 7.632e-4
-1.186, 7.710e-4
-1.187, 7.786e-4
-1.188, 7.876e-4
-1.189, 7.951e-4
-1.190, 8.015e-4
-1.191, 8.086e-4
-1.192, 8.158e-4
-1.193, 8.233e-4
-1.194, 8.308e-4
-1.195, 8.390e-4
-1.196, 8.483e-4
-1.197, 8.554e-4
-1.198, 8.624e-4
-1.199, 8.714e-4
-1.200, 8.784e-4
-1.201, 8.848e-4
-1.202, 8.929e-4
-1.203, 9.022e-4
-1.204, 9.103e-4
-1.205, 9.173e-4
-1.206, 9.257e-4
-1.207, 9.336e-4
-1.208, 9.401e-4
-1.209, 9.485e-4
-1.210, 9.582e-4
-1.211, 9.679e-4
-1.212, 9.765e-4
-1.213, 9.855e-4
-1.214, 9.930e-4
-1.215, 1.001e-3
-1.216, 1.009e-3
-1.217, 1.018e-3
-1.218, 1.028e-3
-1.219, 1.035e-3
-1.220, 1.045e-3
-1.221, 1.056e-3
-1.222, 1.064e-3
-1.223, 1.074e-3
-1.224, 1.084e-3
-1.225, 1.089e-3
-1.226, 1.095e-3
-1.227, 1.103e-3
-1.228, 1.113e-3
-1.229, 1.125e-3
-1.230, 1.137e-3
-1.231, 1.149e-3
-1.232, 1.157e-3
-1.233, 1.164e-3
-1.234, 1.171e-3
-1.235, 1.179e-3
-1.236, 1.185e-3
-1.237, 1.192e-3
-1.238, 1.202e-3
-1.239, 1.212e-3
-1.240, 1.220e-3
-1.241, 1.231e-3
-1.242, 1.240e-3
-1.243, 1.250e-3
-1.244, 1.260e-3
-1.245, 1.270e-3
-1.246, 1.280e-3
-1.247, 1.290e-3
-1.248, 1.300e-3
-1.249, 1.311e-3
-1.250, 1.320e-3
-1.251, 1.329e-3
-1.252, 1.338e-3
-1.253, 1.345e-3
-1.254, 1.352e-3
-1.255, 1.362e-3
-1.256, 1.371e-3
-1.257, 1.381e-3
-1.258, 1.392e-3
-1.259, 1.402e-3
-1.260, 1.411e-3
-1.261, 1.420e-3
-1.262, 1.431e-3
-1.263, 1.439e-3
-1.264, 1.448e-3
-1.265, 1.458e-3
-1.266, 1.467e-3
-1.267, 1.475e-3
-1.268, 1.485e-3
-1.269, 1.497e-3
-1.270, 1.503e-3
-1.271, 1.512e-3
-1.272, 1.524e-3
-1.273, 1.532e-3
-1.274, 1.541e-3
-1.275, 1.551e-3
-1.276, 1.562e-3
-1.277, 1.573e-3
-1.278, 1.578e-3
-1.279, 1.589e-3
-1.280, 1.600e-3
-1.281, 1.606e-3
-1.282, 1.616e-3
-1.283, 1.627e-3
-1.284, 1.632e-3
-1.285, 1.636e-3
-1.286, 1.644e-3
-1.287, 1.655e-3
-1.288, 1.665e-3
-1.289, 1.672e-3
-1.290, 1.680e-3
-1.291, 1.690e-3
-1.292, 1.696e-3
-1.293, 1.705e-3
-1.294, 1.716e-3
-1.295, 1.723e-3
-1.296, 1.729e-3
-1.297, 1.736e-3
-1.298, 1.744e-3
-1.299, 1.750e-3
-1.300, 1.753e-3
-1.301, 1.758e-3
-1.302, 1.766e-3
-1.303, 1.772e-3
-1.304, 1.777e-3
-1.305, 1.784e-3
-1.306, 1.790e-3
-1.307, 1.794e-3
-1.308, 1.801e-3
-1.309, 1.807e-3
-1.310, 1.812e-3
-1.311, 1.818e-3
-1.312, 1.823e-3
-1.313, 1.828e-3
-1.314, 1.833e-3
-1.315, 1.837e-3
-1.316, 1.839e-3
-1.317, 1.840e-3
-1.318, 1.842e-3
-1.319, 1.844e-3
-1.320, 1.843e-3
-1.321, 1.847e-3
-1.322, 1.849e-3
-1.323, 1.850e-3
-1.324, 1.854e-3
-1.325, 1.854e-3
-1.326, 1.857e-3
-1.327, 1.857e-3
-1.328, 1.857e-3
-1.329, 1.859e-3
-1.330, 1.858e-3
-1.331, 1.859e-3
-1.332, 1.860e-3
-1.333, 1.861e-3
-1.334, 1.861e-3
-1.335, 1.860e-3
-1.336, 1.859e-3
-1.337, 1.856e-3
-1.338, 1.856e-3
-1.339, 1.857e-3
-1.340, 1.853e-3
-1.341, 1.853e-3
-1.342, 1.852e-3
-1.343, 1.847e-3
-1.344, 1.844e-3
-1.345, 1.842e-3
-1.346, 1.841e-3
-1.347, 1.835e-3
-1.348, 1.831e-3
-1.349, 1.828e-3
-1.350, 1.825e-3
-1.351, 1.822e-3
-1.352, 1.819e-3
-1.353, 1.816e-3
-1.354, 1.810e-3
-1.355, 1.803e-3
-1.356, 1.802e-3
-1.357, 1.798e-3
-1.358, 1.793e-3
-1.359, 1.791e-3
-1.360, 1.789e-3
-1.361, 1.784e-3
-1.362, 1.779e-3
-1.363, 1.774e-3
-1.364, 1.770e-3
-1.365, 1.764e-3
-1.366, 1.759e-3
-1.367, 1.754e-3
-1.368, 1.747e-3
-1.369, 1.742e-3
-1.370, 1.739e-3
-1.371, 1.736e-3
-1.372, 1.734e-3
-1.373, 1.729e-3
-1.374, 1.725e-3
-1.375, 1.720e-3
-1.376, 1.718e-3
-1.377, 1.714e-3
-1.378, 1.713e-3
-1.379, 1.713e-3
-1.380, 1.712e-3
-1.381, 1.708e-3
-1.382, 1.705e-3
-1.383, 1.699e-3
-1.384, 1.694e-3
-1.385, 1.689e-3
-1.386, 1.687e-3
-1.387, 1.685e-3
-1.388, 1.680e-3
-1.389, 1.675e-3
-1.390, 1.673e-3
-1.391, 1.671e-3
-1.392, 1.667e-3
-1.393, 1.667e-3
-1.394, 1.670e-3
-1.395, 1.670e-3
-1.396, 1.668e-3
-1.397, 1.666e-3
-1.398, 1.665e-3
-1.399, 1.661e-3
-1.400, 1.660e-3
-1.401, 1.663e-3
-1.402, 1.667e-3
-1.403, 1.668e-3
-1.404, 1.669e-3
-1.405, 1.672e-3
-1.406, 1.675e-3
-1.407, 1.674e-3
-1.408, 1.677e-3
-1.409, 1.683e-3
-1.410, 1.683e-3
-1.411, 1.682e-3
-1.412, 1.684e-3
-1.413, 1.687e-3
-1.414, 1.688e-3
-1.415, 1.696e-3
-1.416, 1.703e-3
-1.417, 1.702e-3
-1.418, 1.708e-3
-1.419, 1.717e-3
-1.420, 1.721e-3
-1.421, 1.728e-3
-1.422, 1.727e-3
-1.423, 1.729e-3
-1.424, 1.732e-3
-1.425, 1.740e-3
-1.426, 1.753e-3
-1.427, 1.763e-3
-1.428, 1.774e-3
-1.429, 1.788e-3
-1.430, 1.791e-3
-1.431, 1.793e-3
-1.432, 1.797e-3
-1.433, 1.803e-3
-1.434, 1.810e-3
-1.435, 1.819e-3
-1.436, 1.833e-3
-1.437, 1.836e-3
-1.438, 1.845e-3
-1.439, 1.856e-3
-1.440, 1.872e-3
-1.441, 1.884e-3
-1.442, 1.896e-3
-1.443, 1.909e-3
-1.444, 1.919e-3
-1.445, 1.931e-3
-1.446, 1.935e-3
-1.447, 1.949e-3
-1.448, 1.970e-3
-1.449, 1.976e-3
-1.450, 1.981e-3
-1.451, 1.983e-3
-1.452, 1.996e-3
-1.453, 2.010e-3
-1.454, 2.022e-3
-1.455, 2.038e-3
-1.456, 2.059e-3
-1.457, 2.069e-3
-1.458, 2.077e-3
-1.459, 2.089e-3
-1.460, 2.105e-3
-1.461, 2.121e-3
-1.462, 2.137e-3
-1.463, 2.151e-3
-1.464, 2.162e-3
-1.465, 2.179e-3
-1.466, 2.198e-3
-1.467, 2.209e-3
-1.468, 2.226e-3
-1.469, 2.242e-3
-1.470, 2.256e-3
-1.471, 2.273e-3
-1.472, 2.289e-3
-1.473, 2.309e-3
-1.474, 2.328e-3
-1.475, 2.345e-3
-1.476, 2.365e-3
-1.477, 2.379e-3
-1.478, 2.394e-3
-1.479, 2.412e-3
-1.480, 2.426e-3
-1.481, 2.441e-3
-1.482, 2.456e-3
-1.483, 2.473e-3
-1.484, 2.492e-3
-1.485, 2.512e-3
-1.486, 2.533e-3
-1.487, 2.553e-3
-1.488, 2.572e-3
-1.489, 2.590e-3
-1.490, 2.607e-3
-1.491, 2.625e-3
-1.492, 2.641e-3
-1.493, 2.657e-3
-1.494, 2.678e-3
-1.495, 2.701e-3
-1.496, 2.728e-3
-1.497, 2.750e-3
-1.498, 2.770e-3
-1.499, 2.789e-3
-1.500, 2.807e-3
-1.501, 2.826e-3
-1.502, 2.845e-3
-1.503, 2.865e-3
-1.504, 2.883e-3
-1.505, 2.903e-3
-1.506, 2.926e-3
-1.507, 2.950e-3
-1.508, 2.972e-3
-1.509, 2.995e-3
-1.510, 3.018e-3
-1.511, 3.039e-3
-1.512, 3.058e-3
-1.513, 3.079e-3
-1.514, 3.102e-3
-1.515, 3.120e-3
-1.516, 3.140e-3
-1.517, 3.166e-3
-1.518, 3.187e-3
-1.519, 3.215e-3
-1.520, 3.246e-3
-1.521, 3.268e-3
-1.522, 3.289e-3
-1.523, 3.317e-3
-1.524, 3.340e-3
-1.525, 3.359e-3
-1.526, 3.380e-3
-1.527, 3.405e-3
-1.528, 3.433e-3
-1.529, 3.458e-3
-1.530, 3.482e-3
-1.531, 3.510e-3
-1.532, 3.544e-3
-1.533, 3.564e-3
-1.534, 3.579e-3
-1.535, 3.603e-3
-1.536, 3.635e-3
-1.537, 3.658e-3
-1.538, 3.681e-3
-1.539, 3.712e-3
-1.540, 3.740e-3
-1.541, 3.764e-3
-1.542, 3.790e-3
-1.543, 3.818e-3
-1.544, 3.844e-3
-1.545, 3.868e-3
-1.546, 3.893e-3
-1.547, 3.920e-3
-1.548, 3.949e-3
-1.549, 3.973e-3
-1.550, 4.006e-3
-1.551, 4.030e-3
-1.552, 4.052e-3
-1.553, 4.085e-3
-1.554, 4.114e-3
-1.555, 4.155e-3
-1.556, 4.196e-3
-1.557, 4.236e-3
-1.558, 4.272e-3
-1.559, 4.291e-3
-1.560, 4.308e-3
-1.561, 4.320e-3
-1.562, 4.331e-3
-1.563, 4.352e-3
-1.564, 4.388e-3
-1.565, 4.430e-3
-1.566, 4.467e-3
-1.567, 4.505e-3
-1.568, 4.536e-3
-1.569, 4.565e-3
-1.570, 4.593e-3
-1.571, 4.620e-3
-1.572, 4.651e-3
-1.573, 4.686e-3
-1.574, 4.716e-3
-1.575, 4.745e-3
-1.576, 4.780e-3
-1.577, 4.812e-3
-1.578, 4.839e-3
-1.579, 4.865e-3
-1.580, 4.899e-3
-1.581, 4.938e-3
-1.582, 4.971e-3
-1.583, 5.013e-3
-1.584, 5.051e-3
-1.585, 5.080e-3
-1.586, 5.110e-3
-1.587, 5.135e-3
-1.588, 5.166e-3
-1.589, 5.193e-3
-1.590, 5.222e-3
-1.591, 5.266e-3
-1.592, 5.299e-3
-1.593, 5.333e-3
-1.594, 5.373e-3
-1.595, 5.403e-3
-1.596, 5.427e-3
-1.597, 5.460e-3
-1.598, 5.496e-3
-1.599, 5.534e-3
-1.600, 5.530e-3
-1.599, 5.482e-3
-1.598, 5.434e-3
-1.597, 5.382e-3
-1.596, 5.334e-3
-1.595, 5.275e-3
-1.594, 5.221e-3
-1.593, 5.175e-3
-1.592, 5.135e-3
-1.591, 5.101e-3
-1.590, 5.075e-3
-1.589, 5.041e-3
-1.588, 5.000e-3
-1.587, 4.945e-3
-1.586, 4.890e-3
-1.585, 4.830e-3
-1.584, 4.788e-3
-1.583, 4.748e-3
-1.582, 4.705e-3
-1.581, 4.671e-3
-1.580, 4.635e-3
-1.579, 4.595e-3
-1.578, 4.546e-3
-1.577, 4.499e-3
-1.576, 4.460e-3
-1.575, 4.419e-3
-1.574, 4.376e-3
-1.573, 4.351e-3
-1.572, 4.310e-3
-1.571, 4.268e-3
-1.570, 4.231e-3
-1.569, 4.187e-3
-1.568, 4.146e-3
-1.567, 4.107e-3
-1.566, 4.067e-3
-1.565, 4.033e-3
-1.564, 3.993e-3
-1.563, 3.958e-3
-1.562, 3.926e-3
-1.561, 3.887e-3
-1.560, 3.852e-3
-1.559, 3.820e-3
-1.558, 3.783e-3
-1.557, 3.742e-3
-1.556, 3.708e-3
-1.555, 3.678e-3
-1.554, 3.646e-3
-1.553, 3.611e-3
-1.552, 3.581e-3
-1.551, 3.550e-3
-1.550, 3.517e-3
-1.549, 3.484e-3
-1.548, 3.446e-3
-1.547, 3.409e-3
-1.546, 3.377e-3
-1.545, 3.346e-3
-1.544, 3.318e-3
-1.543, 3.286e-3
-1.542, 3.255e-3
-1.541, 3.225e-3
-1.540, 3.196e-3
-1.539, 3.163e-3
-1.538, 3.135e-3
-1.537, 3.106e-3
-1.536, 3.072e-3
-1.535, 3.045e-3
-1.534, 3.015e-3
-1.533, 2.985e-3
-1.532, 2.964e-3
-1.531, 2.937e-3
-1.530, 2.905e-3
-1.529, 2.873e-3
-1.528, 2.847e-3
-1.527, 2.822e-3
-1.526, 2.795e-3
-1.525, 2.769e-3
-1.524, 2.740e-3
-1.523, 2.714e-3
-1.522, 2.689e-3
-1.521, 2.660e-3
-1.520, 2.632e-3
-1.519, 2.612e-3
-1.518, 2.584e-3
-1.517, 2.554e-3
-1.516, 2.530e-3
-1.515, 2.504e-3
-1.514, 2.479e-3
-1.513, 2.454e-3
-1.512, 2.432e-3
-1.511, 2.409e-3
-1.510, 2.385e-3
-1.509, 2.359e-3
-1.508, 2.334e-3
-1.507, 2.314e-3
-1.506, 2.291e-3
-1.505, 2.267e-3
-1.504, 2.247e-3
-1.503, 2.225e-3
-1.502, 2.202e-3
-1.501, 2.181e-3
-1.500, 2.158e-3
-1.499, 2.135e-3
-1.498, 2.113e-3
-1.497, 2.091e-3
-1.496, 2.071e-3
-1.495, 2.053e-3
-1.494, 2.030e-3
-1.493, 2.010e-3
-1.492, 1.989e-3
-1.491, 1.967e-3
-1.490, 1.946e-3
-1.489, 1.927e-3
-1.488, 1.908e-3
-1.487, 1.887e-3
-1.486, 1.869e-3
-1.485, 1.850e-3
-1.484, 1.830e-3
-1.483, 1.814e-3
-1.482, 1.794e-3
-1.481, 1.775e-3
-1.480, 1.759e-3
-1.479, 1.739e-3
-1.478, 1.720e-3
-1.477, 1.705e-3
-1.476, 1.685e-3
-1.475, 1.666e-3
-1.474, 1.652e-3
-1.473, 1.636e-3
-1.472, 1.617e-3
-1.471, 1.599e-3
-1.470, 1.581e-3
-1.469, 1.563e-3
-1.468, 1.544e-3
-1.467, 1.528e-3
-1.466, 1.512e-3
-1.465, 1.498e-3
-1.464, 1.484e-3
-1.463, 1.468e-3
-1.462, 1.453e-3
-1.461, 1.437e-3
-1.460, 1.421e-3
-1.459, 1.405e-3
-1.458, 1.387e-3
-1.457, 1.374e-3
-1.456, 1.360e-3
-1.455, 1.344e-3
-1.454, 1.330e-3
-1.453, 1.317e-3
-1.452, 1.303e-3
-1.451, 1.289e-3
-1.450, 1.274e-3
-1.449, 1.259e-3
-1.448, 1.246e-3
-1.447, 1.230e-3
-1.446, 1.217e-3
-1.445, 1.204e-3
-1.444, 1.191e-3
-1.443, 1.176e-3
-1.442, 1.160e-3
-1.441, 1.147e-3
-1.440, 1.137e-3
-1.439, 1.125e-3
-1.438, 1.114e-3
-1.437, 1.106e-3
-1.436, 1.094e-3
-1.435, 1.081e-3
-1.434, 1.071e-3
-1.433, 1.055e-3
-1.432, 1.037e-3
-1.431, 1.025e-3
-1.430, 1.014e-3
-1.429, 1.004e-3
-1.428, 9.933e-4
-1.427, 9.839e-4
-1.426, 9.737e-4
-1.425, 9.608e-4
-1.424, 9.502e-4
-1.423, 9.395e-4
-1.422, 9.241e-4
-1.421, 9.111e-4
-1.420, 8.990e-4
-1.419, 8.847e-4
-1.418, 8.773e-4
-1.417, 8.663e-4
-1.416, 8.486e-4
-1.415, 8.450e-4
-1.414, 8.373e-4
-1.413, 8.268e-4
-1.412, 8.165e-4
-1.411, 8.026e-4
-1.410, 7.915e-4
-1.409, 7.898e-4
-1.408, 7.794e-4
-1.407, 7.689e-4
-1.406, 7.574e-4
-1.405, 7.450e-4
-1.404, 7.355e-4
-1.403, 7.329e-4
-1.402, 7.286e-4
-1.401, 7.188e-4
-1.400, 7.076e-4
-1.399, 6.896e-4
-1.398, 6.762e-4
-1.397, 6.675e-4
-1.396, 6.645e-4
-1.395, 6.551e-4
-1.394, 6.447e-4
-1.393, 6.337e-4
-1.392, 6.249e-4
-1.391, 6.166e-4
-1.390, 6.069e-4
-1.389, 5.987e-4
-1.388, 5.956e-4
-1.387, 5.915e-4
-1.386, 5.840e-4
-1.385, 5.759e-4
-1.384, 5.658e-4
-1.383, 5.532e-4
-1.382, 5.454e-4
-1.381, 5.402e-4
-1.380, 5.326e-4
-1.379, 5.253e-4
-1.378, 5.190e-4
-1.377, 5.108e-4
-1.376, 5.011e-4
-1.375, 4.920e-4
-1.374, 4.835e-4
-1.373, 4.749e-4
-1.372, 4.670e-4
-1.371, 4.610e-4
-1.370, 4.539e-4
-1.369, 4.453e-4
-1.368, 4.390e-4
-1.367, 4.320e-4
-1.366, 4.248e-4
-1.365, 4.186e-4
-1.364, 4.120e-4
-1.363, 4.056e-4
-1.362, 3.989e-4
-1.361, 3.923e-4
-1.360, 3.859e-4
-1.359, 3.784e-4
-1.358, 3.720e-4
-1.357, 3.652e-4
-1.356, 3.588e-4
-1.355, 3.529e-4
-1.354, 3.476e-4
-1.353, 3.425e-4
-1.352, 3.371e-4
-1.351, 3.309e-4
-1.350, 3.238e-4
-1.349, 3.179e-4
-1.348, 3.118e-4
-1.347, 3.050e-4
-1.346, 2.987e-4
-1.345, 2.939e-4
-1.344, 2.885e-4
-1.343, 2.819e-4
-1.342, 2.754e-4
-1.341, 2.692e-4
-1.340, 2.624e-4
-1.339, 2.563e-4
-1.338, 2.508e-4
-1.337, 2.462e-4
-1.336, 2.407e-4
-1.335, 2.355e-4
-1.334, 2.303e-4
-1.333, 2.255e-4
-1.332, 2.205e-4
-1.331, 2.157e-4
-1.330, 2.106e-4
-1.329, 2.045e-4
-1.328, 1.993e-4
-1.327, 1.941e-4
-1.326, 1.886e-4
-1.325, 1.839e-4
-1.324, 1.791e-4
-1.323, 1.744e-4
-1.322, 1.695e-4
-1.321, 1.648e-4
-1.320, 1.600e-4
-1.319, 1.548e-4
-1.318, 1.503e-4
-1.317, 1.456e-4
-1.316, 1.407e-4
-1.315, 1.362e-4
-1.314, 1.324e-4
-1.313, 1.271e-4
-1.312, 1.228e-4
-1.311, 1.192e-4
-1.310, 1.141e-4
-1.309, 1.096e-4
-1.308, 1.056e-4
-1.307, 1.021e-4
-1.306, 9.759e-5
-1.305, 9.307e-5
-1.304, 8.915e-5
-1.303, 8.436e-5
-1.302, 8.023e-5
-1.301, 7.640e-5
-1.300, 7.158e-5
-1.299, 6.777e-5
-1.298, 6.390e-5
-1.297, 6.023e-5
-1.296, 5.655e-5
-1.295, 5.224e-5
-1.294, 4.866e-5
-1.293, 4.476e-5
-1.292, 4.071e-5
-1.291, 3.747e-5
-1.290, 3.359e-5
-1.289, 2.934e-5
-1.288, 2.594e-5
-1.287, 2.228e-5
-1.286, 1.799e-5
-1.285, 1.480e-5
-1.284, 1.164e-5
-1.283, 7.802e-6
-1.282, 4.517e-6
-1.281, 1.103e-6
-1.280, -2.863e-6
-1.279, -6.178e-6
-1.278, -9.414e-6
-1.277, -1.229e-5
-1.276, -1.617e-5
-1.275, -1.931e-5
-1.274, -2.209e-5
-1.273, -2.560e-5
-1.272, -2.850e-5
-1.271, -3.134e-5
-1.270, -3.466e-5
-1.269, -3.768e-5
-1.268, -4.105e-5
-1.267, -4.408e-5
-1.266, -4.724e-5
-1.265, -5.032e-5
-1.264, -5.291e-5
-1.263, -5.634e-5
-1.262, -5.943e-5
-1.261, -6.209e-5
-1.260, -6.528e-5
-1.259, -6.831e-5
-1.258, -7.133e-5
-1.257, -7.377e-5
-1.256, -7.652e-5
-1.255, -7.973e-5
-1.254, -8.244e-5
-1.253, -8.534e-5
-1.252, -8.848e-5
-1.251, -9.078e-5
-1.250, -9.373e-5
-1.249, -9.688e-5
-1.248, -9.804e-5
-1.247, -1.000e-4
-1.246, -1.032e-4
-1.245, -1.053e-4
-1.244, -1.084e-4
-1.243, -1.108e-4
-1.242, -1.144e-4
-1.241, -1.172e-4
-1.240, -1.206e-4
-1.239, -1.235e-4
-1.238, -1.258e-4
-1.237, -1.283e-4
-1.236, -1.316e-4
-1.235, -1.343e-4
-1.234, -1.363e-4
-1.233, -1.398e-4
-1.232, -1.428e-4
-1.231, -1.449e-4
-1.230, -1.483e-4
-1.229, -1.518e-4
-1.228, -1.516e-4
-1.227, -1.539e-4
-1.226, -1.569e-4
-1.225, -1.605e-4
-1.224, -1.629e-4
-1.223, -1.651e-4
-1.222, -1.667e-4
-1.221, -1.687e-4
-1.220, -1.722e-4
-1.219, -1.749e-4
-1.218, -1.785e-4
-1.217, -1.818e-4
-1.216, -1.848e-4
-1.215, -1.879e-4
-1.214, -1.924e-4
-1.213, -1.952e-4
-1.212, -1.987e-4
-1.211, -2.016e-4
-1.210, -2.042e-4
-1.209, -2.070e-4
-1.208, -2.099e-4
-1.207, -2.127e-4
-1.206, -2.158e-4
-1.205, -2.192e-4
-1.204, -2.223e-4
-1.203, -2.253e-4
-1.202, -2.282e-4
-1.201, -2.308e-4
-1.200, -2.342e-4
-1.199, -2.376e-4
-1.198, -2.408e-4
-1.197, -2.439e-4
-1.196, -2.471e-4
-1.195, -2.503e-4
-1.194, -2.526e-4
-1.193, -2.564e-4
-1.192, -2.597e-4
-1.191, -2.636e-4
-1.190, -2.681e-4
-1.189, -2.712e-4
-1.188, -2.733e-4
-1.187, -2.766e-4
-1.186, -2.815e-4
-1.185, -2.845e-4
-1.184, -2.875e-4
-1.183, -2.930e-4
-1.182, -2.959e-4
-1.181, -2.989e-4
-1.180, -3.028e-4
-1.179, -3.066e-4
-1.178, -3.110e-4
-1.177, -3.151e-4
-1.176, -3.185e-4
-1.175, -3.236e-4
-1.174, -3.273e-4
-1.173, -3.308e-4
-1.172, -3.353e-4
-1.171, -3.385e-4
-1.170, -3.427e-4
-1.169, -3.474e-4
-1.168, -3.500e-4
-1.167, -3.544e-4
-1.166, -3.593e-4
-1.165, -3.640e-4
-1.164, -3.682e-4
-1.163, -3.741e-4
-1.162, -3.775e-4
-1.161, -3.819e-4
-1.160, -3.863e-4
-1.159, -3.909e-4
-1.158, -3.961e-4
-1.157, -4.001e-4
-1.156, -4.059e-4
-1.155, -4.107e-4
-1.154, -4.137e-4
-1.153, -4.189e-4
-1.152, -4.246e-4
-1.151, -4.298e-4
-1.150, -4.341e-4
-1.149, -4.391e-4
-1.148, -4.420e-4
-1.147, -4.474e-4
-1.146, -4.555e-4
-1.145, -4.616e-4
-1.144, -4.666e-4
-1.143, -4.727e-4
-1.142, -4.780e-4
-1.141, -4.823e-4
-1.140, -4.856e-4
-1.139, -4.923e-4
-1.138, -5.015e-4
-1.137, -5.049e-4
-1.136, -5.097e-4
-1.135, -5.185e-4
-1.134, -5.267e-4
-1.133, -5.335e-4
-1.132, -5.372e-4
-1.131, -5.426e-4
-1.130, -5.472e-4
-1.129, -5.545e-4
-1.128, -5.603e-4
-1.127, -5.673e-4
-1.126, -5.748e-4
-1.125, -5.802e-4
-1.124, -5.875e-4
-1.123, -5.950e-4
-1.122, -5.995e-4
-1.121, -6.075e-4
-1.120, -6.142e-4
-1.119, -6.213e-4
-1.118, -6.286e-4
-1.117, -6.331e-4
-1.116, -6.455e-4
-1.115, -6.547e-4
-1.114, -6.590e-4
-1.113, -6.672e-4
-1.112, -6.732e-4
-1.111, -6.799e-4
-1.110, -6.872e-4
-1.109, -6.951e-4
-1.108, -7.036e-4
-1.107, -7.116e-4
-1.106, -7.212e-4
-1.105, -7.295e-4
-1.104, -7.369e-4
-1.103, -7.441e-4
-1.102, -7.508e-4
-1.101, -7.591e-4
-1.100, -7.691e-4
-1.099, -7.767e-4
-1.098, -7.854e-4
-1.097, -7.937e-4
-1.096, -8.028e-4
-1.095, -8.110e-4
-1.094, -8.192e-4
-1.093, -8.311e-4
-1.092, -8.399e-4
-1.091, -8.441e-4
-1.090, -8.547e-4
-1.089, -8.649e-4
-1.088, -8.726e-4
-1.087, -8.784e-4
-1.086, -8.909e-4
-1.085, -9.039e-4
-1.084, -9.102e-4
-1.083, -9.183e-4
-1.082, -9.283e-4
-1.081, -9.358e-4
-1.080, -9.410e-4
-1.079, -9.522e-4
-1.078, -9.660e-4
-1.077, -9.750e-4
-1.076, -9.839e-4
-1.075, -9.958e-4
-1.074, -1.005e-3
-1.073, -1.017e-3
-1.072, -1.026e-3
-1.071, -1.034e-3
-1.070, -1.049e-3
-1.069, -1.055e-3
-1.068, -1.061e-3
-1.067, -1.071e-3
-1.066, -1.080e-3
-1.065, -1.090e-3
-1.064, -1.099e-3
-1.063, -1.111e-3
-1.062, -1.118e-3
-1.061, -1.134e-3
-1.060, -1.143e-3
-1.059, -1.151e-3
-1.058, -1.163e-3
-1.057, -1.170e-3
-1.056, -1.180e-3
-1.055, -1.196e-3
-1.054, -1.204e-3
-1.053, -1.216e-3
-1.052, -1.228e-3
-1.051, -1.238e-3
-1.050, -1.246e-3
-1.049, -1.255e-3
-1.048, -1.268e-3
-1.047, -1.276e-3
-1.046, -1.284e-3
-1.045, -1.295e-3
-1.044, -1.306e-3
-1.043, -1.315e-3
-1.042, -1.325e-3
-1.041, -1.336e-3
-1.040, -1.347e-3
-1.039, -1.359e-3
-1.038, -1.370e-3
-1.037, -1.379e-3
-1.036, -1.387e-3
-1.035, -1.392e-3
-1.034, -1.406e-3
-1.033, -1.424e-3
-1.032, -1.425e-3
-1.031, -1.437e-3
-1.030, -1.452e-3
-1.029, -1.462e-3
-1.028, -1.470e-3
-1.027, -1.478e-3
-1.026, -1.489e-3
-1.025, -1.503e-3
-1.024, -1.505e-3
-1.023, -1.517e-3
-1.022, -1.532e-3
-1.021, -1.543e-3
-1.020, -1.552e-3
-1.019, -1.557e-3
-1.018, -1.572e-3
-1.017, -1.587e-3
-1.016, -1.592e-3
-1.015, -1.598e-3
-1.014, -1.611e-3
-1.013, -1.618e-3
-1.012, -1.626e-3
-1.011, -1.638e-3
-1.010, -1.651e-3
-1.009, -1.662e-3
-1.008, -1.669e-3
-1.007, -1.678e-3
-1.006, -1.690e-3
-1.005, -1.702e-3
-1.004, -1.704e-3
-1.003, -1.715e-3
-1.002, -1.718e-3
-1.001, -1.725e-3
