June 26, 2026   17:42:14
Linear Sweep Voltammetry
File: c:/users/guazh/data/20260623_doe_duplica2/2026-06-24-exp16\1acid_3ac-2026-06-26t17_39_01-lsvinphos\1acid_3ac_lsv_50mvs_efin_-2300mv.bin
Data Source:  Experiment
Instrument Model:  CHI760E
Header: LSV ran at 50 mVs with Efin at -2300mV
Note: 

Init E (V) = -0.6
Final E (V) = -2.3
Scan Rate (V/s) = 0.05
Sample Interval (V) = 0.001
Quiet Time (sec) = 2
Sensitivity (A/V) = 1e-4
Comp R (ohm) = 9.7

Results:

Channel 1:
Ep = -1.945V
ip = 8.337e-4A
Ah = 1.236e-3C

Potential/V, Current/A

-0.600, 2.962e-6
-0.601, 3.050e-6
-0.602, 3.097e-6
-0.603, 3.133e-6
-0.604, 3.165e-6
-0.605, 3.196e-6
-0.606, 3.226e-6
-0.607, 3.254e-6
-0.608, 3.284e-6
-0.609, 3.315e-6
-0.610, 3.342e-6
-0.611, 3.372e-6
-0.612, 3.400e-6
-0.613, 3.427e-6
-0.614, 3.459e-6
-0.615, 3.487e-6
-0.616, 3.515e-6
-0.617, 3.542e-6
-0.618, 3.572e-6
-0.619, 3.600e-6
-0.620, 3.627e-6
-0.621, 3.657e-6
-0.622, 3.686e-6
-0.623, 3.714e-6
-0.624, 3.743e-6
-0.625, 3.772e-6
-0.626, 3.800e-6
-0.627, 3.830e-6
-0.628, 3.860e-6
-0.629, 3.891e-6
-0.630, 3.919e-6
-0.631, 3.946e-6
-0.632, 3.979e-6
-0.633, 4.009e-6
-0.634, 4.039e-6
-0.635, 4.070e-6
-0.636, 4.105e-6
-0.637, 4.134e-6
-0.638, 4.164e-6
-0.639, 4.196e-6
-0.640, 4.225e-6
-0.641, 4.256e-6
-0.642, 4.286e-6
-0.643, 4.319e-6
-0.644, 4.350e-6
-0.645, 4.380e-6
-0.646, 4.413e-6
-0.647, 4.445e-6
-0.648, 4.477e-6
-0.649, 4.510e-6
-0.650, 4.542e-6
-0.651, 4.576e-6
-0.652, 4.608e-6
-0.653, 4.640e-6
-0.654, 4.675e-6
-0.655, 4.706e-6
-0.656, 4.739e-6
-0.657, 4.772e-6
-0.658, 4.805e-6
-0.659, 4.840e-6
-0.660, 4.873e-6
-0.661, 4.906e-6
-0.662, 4.941e-6
-0.663, 4.975e-6
-0.664, 5.011e-6
-0.665, 5.045e-6
-0.666, 5.083e-6
-0.667, 5.117e-6
-0.668, 5.157e-6
-0.669, 5.194e-6
-0.670, 5.229e-6
-0.671, 5.266e-6
-0.672, 5.301e-6
-0.673, 5.337e-6
-0.674, 5.373e-6
-0.675, 5.408e-6
-0.676, 5.445e-6
-0.677, 5.481e-6
-0.678, 5.518e-6
-0.679, 5.556e-6
-0.680, 5.591e-6
-0.681, 5.629e-6
-0.682, 5.665e-6
-0.683, 5.702e-6
-0.684, 5.739e-6
-0.685, 5.779e-6
-0.686, 5.817e-6
-0.687, 5.855e-6
-0.688, 5.890e-6
-0.689, 5.927e-6
-0.690, 5.962e-6
-0.691, 6.003e-6
-0.692, 6.042e-6
-0.693, 6.079e-6
-0.694, 6.119e-6
-0.695, 6.155e-6
-0.696, 6.192e-6
-0.697, 6.229e-6
-0.698, 6.265e-6
-0.699, 6.305e-6
-0.700, 6.343e-6
-0.701, 6.382e-6
-0.702, 6.421e-6
-0.703, 6.461e-6
-0.704, 6.504e-6
-0.705, 6.543e-6
-0.706, 6.583e-6
-0.707, 6.623e-6
-0.708, 6.661e-6
-0.709, 6.701e-6
-0.710, 6.739e-6
-0.711, 6.779e-6
-0.712, 6.819e-6
-0.713, 6.859e-6
-0.714, 6.899e-6
-0.715, 6.938e-6
-0.716, 6.977e-6
-0.717, 7.017e-6
-0.718, 7.054e-6
-0.719, 7.094e-6
-0.720, 7.135e-6
-0.721, 7.174e-6
-0.722, 7.211e-6
-0.723, 7.249e-6
-0.724, 7.289e-6
-0.725, 7.328e-6
-0.726, 7.368e-6
-0.727, 7.405e-6
-0.728, 7.445e-6
-0.729, 7.486e-6
-0.730, 7.527e-6
-0.731, 7.568e-6
-0.732, 7.605e-6
-0.733, 7.643e-6
-0.734, 7.683e-6
-0.735, 7.723e-6
-0.736, 7.763e-6
-0.737, 7.803e-6
-0.738, 7.841e-6
-0.739, 7.881e-6
-0.740, 7.919e-6
-0.741, 7.958e-6
-0.742, 7.996e-6
-0.743, 8.034e-6
-0.744, 8.075e-6
-0.745, 8.112e-6
-0.746, 8.148e-6
-0.747, 8.188e-6
-0.748, 8.227e-6
-0.749, 8.267e-6
-0.750, 8.306e-6
-0.751, 8.343e-6
-0.752, 8.382e-6
-0.753, 8.420e-6
-0.754, 8.458e-6
-0.755, 8.493e-6
-0.756, 8.530e-6
-0.757, 8.568e-6
-0.758, 8.604e-6
-0.759, 8.636e-6
-0.760, 8.672e-6
-0.761, 8.708e-6
-0.762, 8.741e-6
-0.763, 8.777e-6
-0.764, 8.813e-6
-0.765, 8.847e-6
-0.766, 8.880e-6
-0.767, 8.912e-6
-0.768, 8.949e-6
-0.769, 8.985e-6
-0.770, 9.017e-6
-0.771, 9.051e-6
-0.772, 9.085e-6
-0.773, 9.115e-6
-0.774, 9.148e-6
-0.775, 9.179e-6
-0.776, 9.213e-6
-0.777, 9.243e-6
-0.778, 9.273e-6
-0.779, 9.305e-6
-0.780, 9.335e-6
-0.781, 9.368e-6
-0.782, 9.396e-6
-0.783, 9.425e-6
-0.784, 9.455e-6
-0.785, 9.488e-6
-0.786, 9.513e-6
-0.787, 9.543e-6
-0.788, 9.571e-6
-0.789, 9.600e-6
-0.790, 9.631e-6
-0.791, 9.659e-6
-0.792, 9.683e-6
-0.793, 9.708e-6
-0.794, 9.736e-6
-0.795, 9.767e-6
-0.796, 9.794e-6
-0.797, 9.819e-6
-0.798, 9.846e-6
-0.799, 9.871e-6
-0.800, 9.894e-6
-0.801, 9.920e-6
-0.802, 9.942e-6
-0.803, 9.967e-6
-0.804, 9.992e-6
-0.805, 1.002e-5
-0.806, 1.004e-5
-0.807, 1.006e-5
-0.808, 1.008e-5
-0.809, 1.011e-5
-0.810, 1.013e-5
-0.811, 1.015e-5
-0.812, 1.018e-5
-0.813, 1.020e-5
-0.814, 1.022e-5
-0.815, 1.024e-5
-0.816, 1.027e-5
-0.817, 1.030e-5
-0.818, 1.031e-5
-0.819, 1.034e-5
-0.820, 1.036e-5
-0.821, 1.038e-5
-0.822, 1.041e-5
-0.823, 1.042e-5
-0.824, 1.044e-5
-0.825, 1.046e-5
-0.826, 1.047e-5
-0.827, 1.049e-5
-0.828, 1.051e-5
-0.829, 1.052e-5
-0.830, 1.054e-5
-0.831, 1.056e-5
-0.832, 1.058e-5
-0.833, 1.059e-5
-0.834, 1.061e-5
-0.835, 1.063e-5
-0.836, 1.065e-5
-0.837, 1.067e-5
-0.838, 1.067e-5
-0.839, 1.069e-5
-0.840, 1.071e-5
-0.841, 1.072e-5
-0.842, 1.073e-5
-0.843, 1.075e-5
-0.844, 1.076e-5
-0.845, 1.078e-5
-0.846, 1.079e-5
-0.847, 1.080e-5
-0.848, 1.082e-5
-0.849, 1.083e-5
-0.850, 1.084e-5
-0.851, 1.085e-5
-0.852, 1.086e-5
-0.853, 1.088e-5
-0.854, 1.089e-5
-0.855, 1.090e-5
-0.856, 1.091e-5
-0.857, 1.092e-5
-0.858, 1.094e-5
-0.859, 1.095e-5
-0.860, 1.096e-5
-0.861, 1.097e-5
-0.862, 1.098e-5
-0.863, 1.099e-5
-0.864, 1.100e-5
-0.865, 1.101e-5
-0.866, 1.102e-5
-0.867, 1.104e-5
-0.868, 1.105e-5
-0.869, 1.106e-5
-0.870, 1.107e-5
-0.871, 1.108e-5
-0.872, 1.109e-5
-0.873, 1.110e-5
-0.874, 1.111e-5
-0.875, 1.112e-5
-0.876, 1.113e-5
-0.877, 1.114e-5
-0.878, 1.115e-5
-0.879, 1.116e-5
-0.880, 1.117e-5
-0.881, 1.120e-5
-0.882, 1.121e-5
-0.883, 1.122e-5
-0.884, 1.122e-5
-0.885, 1.123e-5
-0.886, 1.124e-5
-0.887, 1.128e-5
-0.888, 1.135e-5
-0.889, 1.138e-5
-0.890, 1.139e-5
-0.891, 1.140e-5
-0.892, 1.140e-5
-0.893, 1.141e-5
-0.894, 1.142e-5
-0.895, 1.143e-5
-0.896, 1.144e-5
-0.897, 1.145e-5
-0.898, 1.146e-5
-0.899, 1.147e-5
-0.900, 1.148e-5
-0.901, 1.149e-5
-0.902, 1.150e-5
-0.903, 1.151e-5
-0.904, 1.152e-5
-0.905, 1.153e-5
-0.906, 1.154e-5
-0.907, 1.155e-5
-0.908, 1.156e-5
-0.909, 1.157e-5
-0.910, 1.158e-5
-0.911, 1.159e-5
-0.912, 1.160e-5
-0.913, 1.161e-5
-0.914, 1.162e-5
-0.915, 1.163e-5
-0.916, 1.164e-5
-0.917, 1.166e-5
-0.918, 1.167e-5
-0.919, 1.168e-5
-0.920, 1.169e-5
-0.921, 1.171e-5
-0.922, 1.172e-5
-0.923, 1.173e-5
-0.924, 1.174e-5
-0.925, 1.176e-5
-0.926, 1.178e-5
-0.927, 1.179e-5
-0.928, 1.181e-5
-0.929, 1.183e-5
-0.930, 1.185e-5
-0.931, 1.187e-5
-0.932, 1.188e-5
-0.933, 1.189e-5
-0.934, 1.191e-5
-0.935, 1.192e-5
-0.936, 1.193e-5
-0.937, 1.194e-5
-0.938, 1.195e-5
-0.939, 1.196e-5
-0.940, 1.198e-5
-0.941, 1.199e-5
-0.942, 1.200e-5
-0.943, 1.201e-5
-0.944, 1.202e-5
-0.945, 1.203e-5
-0.946, 1.205e-5
-0.947, 1.205e-5
-0.948, 1.206e-5
-0.949, 1.208e-5
-0.950, 1.209e-5
-0.951, 1.211e-5
-0.952, 1.214e-5
-0.953, 1.216e-5
-0.954, 1.218e-5
-0.955, 1.220e-5
-0.956, 1.227e-5
-0.957, 1.228e-5
-0.958, 1.230e-5
-0.959, 1.231e-5
-0.960, 1.233e-5
-0.961, 1.234e-5
-0.962, 1.236e-5
-0.963, 1.238e-5
-0.964, 1.239e-5
-0.965, 1.240e-5
-0.966, 1.241e-5
-0.967, 1.243e-5
-0.968, 1.245e-5
-0.969, 1.247e-5
-0.970, 1.248e-5
-0.971, 1.249e-5
-0.972, 1.250e-5
-0.973, 1.252e-5
-0.974, 1.254e-5
-0.975, 1.255e-5
-0.976, 1.257e-5
-0.977, 1.258e-5
-0.978, 1.260e-5
-0.979, 1.262e-5
-0.980, 1.263e-5
-0.981, 1.265e-5
-0.982, 1.267e-5
-0.983, 1.269e-5
-0.984, 1.270e-5
-0.985, 1.273e-5
-0.986, 1.275e-5
-0.987, 1.278e-5
-0.988, 1.280e-5
-0.989, 1.282e-5
-0.990, 1.284e-5
-0.991, 1.285e-5
-0.992, 1.287e-5
-0.993, 1.290e-5
-0.994, 1.291e-5
-0.995, 1.293e-5
-0.996, 1.295e-5
-0.997, 1.297e-5
-0.998, 1.299e-5
-0.999, 1.301e-5
-1.000, 1.310e-5
-1.001, 1.321e-5
-1.002, 1.323e-5
-1.003, 1.325e-5
-1.004, 1.327e-5
-1.005, 1.330e-5
-1.006, 1.332e-5
-1.007, 1.335e-5
-1.008, 1.336e-5
-1.009, 1.339e-5
-1.010, 1.341e-5
-1.011, 1.343e-5
-1.012, 1.345e-5
-1.013, 1.347e-5
-1.014, 1.350e-5
-1.015, 1.351e-5
-1.016, 1.353e-5
-1.017, 1.356e-5
-1.018, 1.358e-5
-1.019, 1.360e-5
-1.020, 1.362e-5
-1.021, 1.365e-5
-1.022, 1.368e-5
-1.023, 1.371e-5
-1.024, 1.373e-5
-1.025, 1.375e-5
-1.026, 1.378e-5
-1.027, 1.381e-5
-1.028, 1.383e-5
-1.029, 1.385e-5
-1.030, 1.387e-5
-1.031, 1.390e-5
-1.032, 1.393e-5
-1.033, 1.395e-5
-1.034, 1.397e-5
-1.035, 1.404e-5
-1.036, 1.417e-5
-1.037, 1.421e-5
-1.038, 1.424e-5
-1.039, 1.427e-5
-1.040, 1.429e-5
-1.041, 1.431e-5
-1.042, 1.434e-5
-1.043, 1.437e-5
-1.044, 1.440e-5
-1.045, 1.443e-5
-1.046, 1.446e-5
-1.047, 1.448e-5
-1.048, 1.451e-5
-1.049, 1.453e-5
-1.050, 1.455e-5
-1.051, 1.457e-5
-1.052, 1.460e-5
-1.053, 1.464e-5
-1.054, 1.480e-5
-1.055, 1.487e-5
-1.056, 1.490e-5
-1.057, 1.492e-5
-1.058, 1.495e-5
-1.059, 1.496e-5
-1.060, 1.499e-5
-1.061, 1.502e-5
-1.062, 1.504e-5
-1.063, 1.507e-5
-1.064, 1.510e-5
-1.065, 1.513e-5
-1.066, 1.516e-5
-1.067, 1.519e-5
-1.068, 1.520e-5
-1.069, 1.521e-5
-1.070, 1.524e-5
-1.071, 1.527e-5
-1.072, 1.529e-5
-1.073, 1.532e-5
-1.074, 1.535e-5
-1.075, 1.539e-5
-1.076, 1.542e-5
-1.077, 1.546e-5
-1.078, 1.549e-5
-1.079, 1.552e-5
-1.080, 1.555e-5
-1.081, 1.559e-5
-1.082, 1.563e-5
-1.083, 1.565e-5
-1.084, 1.569e-5
-1.085, 1.572e-5
-1.086, 1.575e-5
-1.087, 1.578e-5
-1.088, 1.582e-5
-1.089, 1.584e-5
-1.090, 1.587e-5
-1.091, 1.591e-5
-1.092, 1.594e-5
-1.093, 1.597e-5
-1.094, 1.601e-5
-1.095, 1.604e-5
-1.096, 1.608e-5
-1.097, 1.612e-5
-1.098, 1.615e-5
-1.099, 1.619e-5
-1.100, 1.622e-5
-1.101, 1.626e-5
-1.102, 1.629e-5
-1.103, 1.632e-5
-1.104, 1.636e-5
-1.105, 1.639e-5
-1.106, 1.643e-5
-1.107, 1.646e-5
-1.108, 1.650e-5
-1.109, 1.655e-5
-1.110, 1.658e-5
-1.111, 1.662e-5
-1.112, 1.666e-5
-1.113, 1.671e-5
-1.114, 1.675e-5
-1.115, 1.678e-5
-1.116, 1.682e-5
-1.117, 1.685e-5
-1.118, 1.689e-5
-1.119, 1.693e-5
-1.120, 1.697e-5
-1.121, 1.701e-5
-1.122, 1.727e-5
-1.123, 1.751e-5
-1.124, 1.754e-5
-1.125, 1.757e-5
-1.126, 1.762e-5
-1.127, 1.767e-5
-1.128, 1.776e-5
-1.129, 1.780e-5
-1.130, 1.784e-5
-1.131, 1.789e-5
-1.132, 1.793e-5
-1.133, 1.797e-5
-1.134, 1.801e-5
-1.135, 1.805e-5
-1.136, 1.810e-5
-1.137, 1.814e-5
-1.138, 1.819e-5
-1.139, 1.823e-5
-1.140, 1.827e-5
-1.141, 1.832e-5
-1.142, 1.837e-5
-1.143, 1.842e-5
-1.144, 1.847e-5
-1.145, 1.850e-5
-1.146, 1.855e-5
-1.147, 1.860e-5
-1.148, 1.866e-5
-1.149, 1.872e-5
-1.150, 1.877e-5
-1.151, 1.880e-5
-1.152, 1.884e-5
-1.153, 1.888e-5
-1.154, 1.892e-5
-1.155, 1.897e-5
-1.156, 1.902e-5
-1.157, 1.907e-5
-1.158, 1.912e-5
-1.159, 1.918e-5
-1.160, 1.924e-5
-1.161, 1.929e-5
-1.162, 1.934e-5
-1.163, 1.938e-5
-1.164, 1.943e-5
-1.165, 1.948e-5
-1.166, 1.953e-5
-1.167, 1.958e-5
-1.168, 1.965e-5
-1.169, 1.973e-5
-1.170, 1.995e-5
-1.171, 2.010e-5
-1.172, 2.027e-5
-1.173, 2.056e-5
-1.174, 2.067e-5
-1.175, 2.077e-5
-1.176, 2.086e-5
-1.177, 2.096e-5
-1.178, 2.105e-5
-1.179, 2.112e-5
-1.180, 2.116e-5
-1.181, 2.122e-5
-1.182, 2.129e-5
-1.183, 2.133e-5
-1.184, 2.138e-5
-1.185, 2.144e-5
-1.186, 2.149e-5
-1.187, 2.153e-5
-1.188, 2.159e-5
-1.189, 2.166e-5
-1.190, 2.171e-5
-1.191, 2.176e-5
-1.192, 2.181e-5
-1.193, 2.186e-5
-1.194, 2.190e-5
-1.195, 2.196e-5
-1.196, 2.202e-5
-1.197, 2.208e-5
-1.198, 2.213e-5
-1.199, 2.217e-5
-1.200, 2.222e-5
-1.201, 2.226e-5
-1.202, 2.231e-5
-1.203, 2.236e-5
-1.204, 2.246e-5
-1.205, 2.280e-5
-1.206, 2.283e-5
-1.207, 2.286e-5
-1.208, 2.290e-5
-1.209, 2.294e-5
-1.210, 2.298e-5
-1.211, 2.302e-5
-1.212, 2.306e-5
-1.213, 2.309e-5
-1.214, 2.313e-5
-1.215, 2.317e-5
-1.216, 2.319e-5
-1.217, 2.323e-5
-1.218, 2.328e-5
-1.219, 2.333e-5
-1.220, 2.337e-5
-1.221, 2.341e-5
-1.222, 2.344e-5
-1.223, 2.348e-5
-1.224, 2.353e-5
-1.225, 2.357e-5
-1.226, 2.362e-5
-1.227, 2.367e-5
-1.228, 2.371e-5
-1.229, 2.375e-5
-1.230, 2.380e-5
-1.231, 2.384e-5
-1.232, 2.389e-5
-1.233, 2.393e-5
-1.234, 2.397e-5
-1.235, 2.403e-5
-1.236, 2.408e-5
-1.237, 2.413e-5
-1.238, 2.419e-5
-1.239, 2.424e-5
-1.240, 2.428e-5
-1.241, 2.432e-5
-1.242, 2.436e-5
-1.243, 2.439e-5
-1.244, 2.443e-5
-1.245, 2.446e-5
-1.246, 2.449e-5
-1.247, 2.453e-5
-1.248, 2.457e-5
-1.249, 2.460e-5
-1.250, 2.464e-5
-1.251, 2.467e-5
-1.252, 2.471e-5
-1.253, 2.475e-5
-1.254, 2.482e-5
-1.255, 2.488e-5
-1.256, 2.491e-5
-1.257, 2.494e-5
-1.258, 2.496e-5
-1.259, 2.499e-5
-1.260, 2.501e-5
-1.261, 2.505e-5
-1.262, 2.508e-5
-1.263, 2.512e-5
-1.264, 2.514e-5
-1.265, 2.517e-5
-1.266, 2.520e-5
-1.267, 2.522e-5
-1.268, 2.524e-5
-1.269, 2.526e-5
-1.270, 2.529e-5
-1.271, 2.532e-5
-1.272, 2.534e-5
-1.273, 2.537e-5
-1.274, 2.539e-5
-1.275, 2.542e-5
-1.276, 2.546e-5
-1.277, 2.551e-5
-1.278, 2.553e-5
-1.279, 2.554e-5
-1.280, 2.556e-5
-1.281, 2.558e-5
-1.282, 2.561e-5
-1.283, 2.563e-5
-1.284, 2.565e-5
-1.285, 2.568e-5
-1.286, 2.570e-5
-1.287, 2.572e-5
-1.288, 2.574e-5
-1.289, 2.575e-5
-1.290, 2.576e-5
-1.291, 2.578e-5
-1.292, 2.580e-5
-1.293, 2.582e-5
-1.294, 2.584e-5
-1.295, 2.586e-5
-1.296, 2.588e-5
-1.297, 2.589e-5
-1.298, 2.591e-5
-1.299, 2.592e-5
-1.300, 2.594e-5
-1.301, 2.595e-5
-1.302, 2.597e-5
-1.303, 2.598e-5
-1.304, 2.599e-5
-1.305, 2.601e-5
-1.306, 2.603e-5
-1.307, 2.604e-5
-1.308, 2.606e-5
-1.309, 2.607e-5
-1.310, 2.608e-5
-1.311, 2.608e-5
-1.312, 2.610e-5
-1.313, 2.611e-5
-1.314, 2.611e-5
-1.315, 2.613e-5
-1.316, 2.614e-5
-1.317, 2.614e-5
-1.318, 2.616e-5
-1.319, 2.616e-5
-1.320, 2.618e-5
-1.321, 2.619e-5
-1.322, 2.619e-5
-1.323, 2.620e-5
-1.324, 2.621e-5
-1.325, 2.621e-5
-1.326, 2.622e-5
-1.327, 2.624e-5
-1.328, 2.625e-5
-1.329, 2.626e-5
-1.330, 2.627e-5
-1.331, 2.628e-5
-1.332, 2.628e-5
-1.333, 2.629e-5
-1.334, 2.630e-5
-1.335, 2.631e-5
-1.336, 2.631e-5
-1.337, 2.632e-5
-1.338, 2.631e-5
-1.339, 2.632e-5
-1.340, 2.632e-5
-1.341, 2.632e-5
-1.342, 2.633e-5
-1.343, 2.633e-5
-1.344, 2.634e-5
-1.345, 2.635e-5
-1.346, 2.636e-5
-1.347, 2.637e-5
-1.348, 2.637e-5
-1.349, 2.638e-5
-1.350, 2.639e-5
-1.351, 2.639e-5
-1.352, 2.640e-5
-1.353, 2.640e-5
-1.354, 2.640e-5
-1.355, 2.641e-5
-1.356, 2.641e-5
-1.357, 2.641e-5
-1.358, 2.642e-5
-1.359, 2.643e-5
-1.360, 2.643e-5
-1.361, 2.643e-5
-1.362, 2.643e-5
-1.363, 2.643e-5
-1.364, 2.643e-5
-1.365, 2.644e-5
-1.366, 2.645e-5
-1.367, 2.645e-5
-1.368, 2.645e-5
-1.369, 2.645e-5
-1.370, 2.646e-5
-1.371, 2.646e-5
-1.372, 2.646e-5
-1.373, 2.647e-5
-1.374, 2.648e-5
-1.375, 2.649e-5
-1.376, 2.649e-5
-1.377, 2.650e-5
-1.378, 2.650e-5
-1.379, 2.650e-5
-1.380, 2.650e-5
-1.381, 2.650e-5
-1.382, 2.651e-5
-1.383, 2.651e-5
-1.384, 2.651e-5
-1.385, 2.651e-5
-1.386, 2.651e-5
-1.387, 2.651e-5
-1.388, 2.651e-5
-1.389, 2.652e-5
-1.390, 2.653e-5
-1.391, 2.653e-5
-1.392, 2.653e-5
-1.393, 2.654e-5
-1.394, 2.654e-5
-1.395, 2.655e-5
-1.396, 2.655e-5
-1.397, 2.655e-5
-1.398, 2.655e-5
-1.399, 2.655e-5
-1.400, 2.655e-5
-1.401, 2.655e-5
-1.402, 2.656e-5
-1.403, 2.656e-5
-1.404, 2.656e-5
-1.405, 2.656e-5
-1.406, 2.656e-5
-1.407, 2.656e-5
-1.408, 2.656e-5
-1.409, 2.657e-5
-1.410, 2.657e-5
-1.411, 2.657e-5
-1.412, 2.658e-5
-1.413, 2.658e-5
-1.414, 2.659e-5
-1.415, 2.659e-5
-1.416, 2.659e-5
-1.417, 2.659e-5
-1.418, 2.659e-5
-1.419, 2.659e-5
-1.420, 2.660e-5
-1.421, 2.660e-5
-1.422, 2.661e-5
-1.423, 2.661e-5
-1.424, 2.661e-5
-1.425, 2.661e-5
-1.426, 2.661e-5
-1.427, 2.684e-5
-1.428, 2.700e-5
-1.429, 2.697e-5
-1.430, 2.703e-5
-1.431, 2.706e-5
-1.432, 2.708e-5
-1.433, 2.710e-5
-1.434, 2.710e-5
-1.435, 2.710e-5
-1.436, 2.711e-5
-1.437, 2.711e-5
-1.438, 2.712e-5
-1.439, 2.712e-5
-1.440, 2.712e-5
-1.441, 2.712e-5
-1.442, 2.712e-5
-1.443, 2.712e-5
-1.444, 2.712e-5
-1.445, 2.711e-5
-1.446, 2.712e-5
-1.447, 2.712e-5
-1.448, 2.712e-5
-1.449, 2.713e-5
-1.450, 2.713e-5
-1.451, 2.713e-5
-1.452, 2.714e-5
-1.453, 2.716e-5
-1.454, 2.768e-5
-1.455, 2.793e-5
-1.456, 2.813e-5
-1.457, 2.827e-5
-1.458, 2.837e-5
-1.459, 2.845e-5
-1.460, 2.849e-5
-1.461, 2.853e-5
-1.462, 2.857e-5
-1.463, 2.859e-5
-1.464, 2.861e-5
-1.465, 2.862e-5
-1.466, 2.864e-5
-1.467, 2.865e-5
-1.468, 2.866e-5
-1.469, 2.868e-5
-1.470, 2.869e-5
-1.471, 2.869e-5
-1.472, 2.869e-5
-1.473, 2.870e-5
-1.474, 2.870e-5
-1.475, 2.869e-5
-1.476, 2.869e-5
-1.477, 2.869e-5
-1.478, 2.868e-5
-1.479, 2.867e-5
-1.480, 2.867e-5
-1.481, 2.868e-5
-1.482, 2.868e-5
-1.483, 2.868e-5
-1.484, 2.870e-5
-1.485, 2.871e-5
-1.486, 2.872e-5
-1.487, 2.872e-5
-1.488, 2.872e-5
-1.489, 2.872e-5
-1.490, 2.872e-5
-1.491, 2.873e-5
-1.492, 2.873e-5
-1.493, 2.873e-5
-1.494, 2.873e-5
-1.495, 2.874e-5
-1.496, 2.874e-5
-1.497, 2.875e-5
-1.498, 2.875e-5
-1.499, 2.876e-5
-1.500, 2.876e-5
-1.501, 2.877e-5
-1.502, 2.879e-5
-1.503, 2.879e-5
-1.504, 2.879e-5
-1.505, 2.880e-5
-1.506, 2.881e-5
-1.507, 2.883e-5
-1.508, 2.884e-5
-1.509, 2.884e-5
-1.510, 2.885e-5
-1.511, 2.886e-5
-1.512, 2.886e-5
-1.513, 2.887e-5
-1.514, 2.888e-5
-1.515, 2.889e-5
-1.516, 2.891e-5
-1.517, 2.892e-5
-1.518, 2.893e-5
-1.519, 2.896e-5
-1.520, 2.898e-5
-1.521, 2.899e-5
-1.522, 2.900e-5
-1.523, 2.901e-5
-1.524, 2.902e-5
-1.525, 2.903e-5
-1.526, 2.905e-5
-1.527, 2.905e-5
-1.528, 2.906e-5
-1.529, 2.907e-5
-1.530, 2.908e-5
-1.531, 2.910e-5
-1.532, 2.911e-5
-1.533, 2.913e-5
-1.534, 2.915e-5
-1.535, 2.916e-5
-1.536, 2.918e-5
-1.537, 2.919e-5
-1.538, 2.921e-5
-1.539, 2.922e-5
-1.540, 2.923e-5
-1.541, 2.925e-5
-1.542, 2.927e-5
-1.543, 2.929e-5
-1.544, 2.931e-5
-1.545, 2.933e-5
-1.546, 2.934e-5
-1.547, 2.937e-5
-1.548, 2.939e-5
-1.549, 2.941e-5
-1.550, 2.943e-5
-1.551, 2.944e-5
-1.552, 2.947e-5
-1.553, 2.949e-5
-1.554, 2.950e-5
-1.555, 2.952e-5
-1.556, 2.955e-5
-1.557, 2.958e-5
-1.558, 2.960e-5
-1.559, 2.963e-5
-1.560, 2.965e-5
-1.561, 2.967e-5
-1.562, 2.969e-5
-1.563, 2.971e-5
-1.564, 2.974e-5
-1.565, 2.976e-5
-1.566, 2.979e-5
-1.567, 2.982e-5
-1.568, 2.985e-5
-1.569, 2.987e-5
-1.570, 2.989e-5
-1.571, 2.991e-5
-1.572, 2.994e-5
-1.573, 2.997e-5
-1.574, 2.999e-5
-1.575, 3.003e-5
-1.576, 3.006e-5
-1.577, 3.009e-5
-1.578, 3.012e-5
-1.579, 3.016e-5
-1.580, 3.019e-5
-1.581, 3.023e-5
-1.582, 3.026e-5
-1.583, 3.030e-5
-1.584, 3.033e-5
-1.585, 3.037e-5
-1.586, 3.040e-5
-1.587, 3.044e-5
-1.588, 3.049e-5
-1.589, 3.063e-5
-1.590, 3.078e-5
-1.591, 3.085e-5
-1.592, 3.089e-5
-1.593, 3.092e-5
-1.594, 3.094e-5
-1.595, 3.097e-5
-1.596, 3.102e-5
-1.597, 3.106e-5
-1.598, 3.109e-5
-1.599, 3.112e-5
-1.600, 3.116e-5
-1.601, 3.119e-5
-1.602, 3.123e-5
-1.603, 3.127e-5
-1.604, 3.131e-5
-1.605, 3.136e-5
-1.606, 3.141e-5
-1.607, 3.146e-5
-1.608, 3.153e-5
-1.609, 3.159e-5
-1.610, 3.164e-5
-1.611, 3.171e-5
-1.612, 3.179e-5
-1.613, 3.185e-5
-1.614, 3.189e-5
-1.615, 3.196e-5
-1.616, 3.203e-5
-1.617, 3.209e-5
-1.618, 3.215e-5
-1.619, 3.222e-5
-1.620, 3.229e-5
-1.621, 3.235e-5
-1.622, 3.244e-5
-1.623, 3.250e-5
-1.624, 3.258e-5
-1.625, 3.265e-5
-1.626, 3.273e-5
-1.627, 3.282e-5
-1.628, 3.291e-5
-1.629, 3.300e-5
-1.630, 3.311e-5
-1.631, 3.321e-5
-1.632, 3.330e-5
-1.633, 3.340e-5
-1.634, 3.350e-5
-1.635, 3.361e-5
-1.636, 3.371e-5
-1.637, 3.382e-5
-1.638, 3.393e-5
-1.639, 3.404e-5
-1.640, 3.415e-5
-1.641, 3.426e-5
-1.642, 3.437e-5
-1.643, 3.448e-5
-1.644, 3.460e-5
-1.645, 3.472e-5
-1.646, 3.486e-5
-1.647, 3.499e-5
-1.648, 3.510e-5
-1.649, 3.526e-5
-1.650, 3.542e-5
-1.651, 3.556e-5
-1.652, 3.571e-5
-1.653, 3.586e-5
-1.654, 3.602e-5
-1.655, 3.618e-5
-1.656, 3.635e-5
-1.657, 3.651e-5
-1.658, 3.668e-5
-1.659, 3.684e-5
-1.660, 3.702e-5
-1.661, 3.720e-5
-1.662, 3.737e-5
-1.663, 3.754e-5
-1.664, 3.773e-5
-1.665, 3.792e-5
-1.666, 3.811e-5
-1.667, 3.830e-5
-1.668, 3.850e-5
-1.669, 3.872e-5
-1.670, 3.893e-5
-1.671, 3.915e-5
-1.672, 3.937e-5
-1.673, 3.959e-5
-1.674, 3.982e-5
-1.675, 4.006e-5
-1.676, 4.029e-5
-1.677, 4.053e-5
-1.678, 4.078e-5
-1.679, 4.103e-5
-1.680, 4.129e-5
-1.681, 4.156e-5
-1.682, 4.182e-5
-1.683, 4.209e-5
-1.684, 4.238e-5
-1.685, 4.267e-5
-1.686, 4.296e-5
-1.687, 4.325e-5
-1.688, 4.356e-5
-1.689, 4.385e-5
-1.690, 4.418e-5
-1.691, 4.452e-5
-1.692, 4.484e-5
-1.693, 4.518e-5
-1.694, 4.552e-5
-1.695, 4.587e-5
-1.696, 4.623e-5
-1.697, 4.659e-5
-1.698, 4.696e-5
-1.699, 4.735e-5
-1.700, 4.775e-5
-1.701, 4.816e-5
-1.702, 4.857e-5
-1.703, 4.899e-5
-1.704, 4.943e-5
-1.705, 4.985e-5
-1.706, 5.029e-5
-1.707, 5.074e-5
-1.708, 5.120e-5
-1.709, 5.168e-5
-1.710, 5.216e-5
-1.711, 5.263e-5
-1.712, 5.312e-5
-1.713, 5.363e-5
-1.714, 5.413e-5
-1.715, 5.469e-5
-1.716, 5.527e-5
-1.717, 5.583e-5
-1.718, 5.638e-5
-1.719, 5.693e-5
-1.720, 5.749e-5
-1.721, 5.807e-5
-1.722, 5.867e-5
-1.723, 5.930e-5
-1.724, 5.992e-5
-1.725, 6.056e-5
-1.726, 6.123e-5
-1.727, 6.191e-5
-1.728, 6.262e-5
-1.729, 6.336e-5
-1.730, 6.409e-5
-1.731, 6.481e-5
-1.732, 6.555e-5
-1.733, 6.629e-5
-1.734, 6.707e-5
-1.735, 6.787e-5
-1.736, 6.869e-5
-1.737, 6.950e-5
-1.738, 7.032e-5
-1.739, 7.120e-5
-1.740, 7.207e-5
-1.741, 7.299e-5
-1.742, 7.390e-5
-1.743, 7.484e-5
-1.744, 7.577e-5
-1.745, 7.673e-5
-1.746, 7.768e-5
-1.747, 7.868e-5
-1.748, 7.973e-5
-1.749, 8.078e-5
-1.750, 8.184e-5
-1.751, 8.292e-5
-1.752, 8.405e-5
-1.753, 8.518e-5
-1.754, 8.632e-5
-1.755, 8.752e-5
-1.756, 8.878e-5
-1.757, 9.001e-5
-1.758, 9.128e-5
-1.759, 9.260e-5
-1.760, 9.392e-5
-1.761, 9.527e-5
-1.762, 9.665e-5
-1.763, 9.807e-5
-1.764, 9.950e-5
-1.765, 1.010e-4
-1.766, 1.024e-4
-1.767, 1.040e-4
-1.768, 1.055e-4
-1.769, 1.071e-4
-1.770, 1.087e-4
-1.771, 1.104e-4
-1.772, 1.121e-4
-1.773, 1.139e-4
-1.774, 1.156e-4
-1.775, 1.174e-4
-1.776, 1.192e-4
-1.777, 1.211e-4
-1.778, 1.230e-4
-1.779, 1.250e-4
-1.780, 1.271e-4
-1.781, 1.292e-4
-1.782, 1.313e-4
-1.783, 1.335e-4
-1.784, 1.357e-4
-1.785, 1.380e-4
-1.786, 1.403e-4
-1.787, 1.426e-4
-1.788, 1.450e-4
-1.789, 1.475e-4
-1.790, 1.500e-4
-1.791, 1.526e-4
-1.792, 1.552e-4
-1.793, 1.579e-4
-1.794, 1.606e-4
-1.795, 1.634e-4
-1.796, 1.663e-4
-1.797, 1.693e-4
-1.798, 1.723e-4
-1.799, 1.754e-4
-1.800, 1.785e-4
-1.801, 1.817e-4
-1.802, 1.849e-4
-1.803, 1.882e-4
-1.804, 1.917e-4
-1.805, 1.952e-4
-1.806, 1.987e-4
-1.807, 2.024e-4
-1.808, 2.060e-4
-1.809, 2.097e-4
-1.810, 2.136e-4
-1.811, 2.175e-4
-1.812, 2.215e-4
-1.813, 2.255e-4
-1.814, 2.296e-4
-1.815, 2.338e-4
-1.816, 2.382e-4
-1.817, 2.426e-4
-1.818, 2.470e-4
-1.819, 2.513e-4
-1.820, 2.558e-4
-1.821, 2.604e-4
-1.822, 2.650e-4
-1.823, 2.696e-4
-1.824, 2.743e-4
-1.825, 2.790e-4
-1.826, 2.839e-4
-1.827, 2.888e-4
-1.828, 2.935e-4
-1.829, 2.983e-4
-1.830, 3.032e-4
-1.831, 3.082e-4
-1.832, 3.131e-4
-1.833, 3.181e-4
-1.834, 3.232e-4
-1.835, 3.283e-4
-1.836, 3.333e-4
-1.837, 3.383e-4
-1.838, 3.434e-4
-1.839, 3.485e-4
-1.840, 3.537e-4
-1.841, 3.587e-4
-1.842, 3.639e-4
-1.843, 3.690e-4
-1.844, 3.742e-4
-1.845, 3.793e-4
-1.846, 3.846e-4
-1.847, 3.899e-4
-1.848, 3.950e-4
-1.849, 4.002e-4
-1.850, 4.055e-4
-1.851, 4.106e-4
-1.852, 4.155e-4
-1.853, 4.206e-4
-1.854, 4.258e-4
-1.855, 4.311e-4
-1.856, 4.365e-4
-1.857, 4.418e-4
-1.858, 4.471e-4
-1.859, 4.524e-4
-1.860, 4.578e-4
-1.861, 4.632e-4
-1.862, 4.686e-4
-1.863, 4.740e-4
-1.864, 4.795e-4
-1.865, 4.849e-4
-1.866, 4.902e-4
-1.867, 4.959e-4
-1.868, 5.015e-4
-1.869, 5.071e-4
-1.870, 5.128e-4
-1.871, 5.184e-4
-1.872, 5.239e-4
-1.873, 5.294e-4
-1.874, 5.352e-4
-1.875, 5.410e-4
-1.876, 5.469e-4
-1.877, 5.527e-4
-1.878, 5.587e-4
-1.879, 5.646e-4
-1.880, 5.703e-4
-1.881, 5.760e-4
-1.882, 5.818e-4
-1.883, 5.881e-4
-1.884, 5.939e-4
-1.885, 5.998e-4
-1.886, 6.059e-4
-1.887, 6.121e-4
-1.888, 6.181e-4
-1.889, 6.242e-4
-1.890, 6.301e-4
-1.891, 6.364e-4
-1.892, 6.426e-4
-1.893, 6.489e-4
-1.894, 6.554e-4
-1.895, 6.619e-4
-1.896, 6.681e-4
-1.897, 6.746e-4
-1.898, 6.811e-4
-1.899, 6.874e-4
-1.900, 6.937e-4
-1.901, 7.004e-4
-1.902, 7.068e-4
-1.903, 7.132e-4
-1.904, 7.198e-4
-1.905, 7.263e-4
-1.906, 7.331e-4
-1.907, 7.397e-4
-1.908, 7.465e-4
-1.909, 7.532e-4
-1.910, 7.601e-4
-1.911, 7.668e-4
-1.912, 7.733e-4
-1.913, 7.805e-4
-1.914, 7.872e-4
-1.915, 7.941e-4
-1.916, 8.011e-4
-1.917, 8.082e-4
-1.918, 8.155e-4
-1.919, 8.225e-4
-1.920, 8.297e-4
-1.921, 8.367e-4
-1.922, 8.439e-4
-1.923, 8.511e-4
-1.924, 8.582e-4
-1.925, 8.656e-4
-1.926, 8.728e-4
-1.927, 8.802e-4
-1.928, 8.878e-4
-1.929, 8.952e-4
-1.930, 9.028e-4
-1.931, 9.101e-4
-1.932, 9.178e-4
-1.933, 9.253e-4
-1.934, 9.329e-4
-1.935, 9.406e-4
-1.936, 9.483e-4
-1.937, 9.559e-4
-1.938, 9.635e-4
-1.939, 9.714e-4
-1.940, 9.790e-4
-1.941, 9.867e-4
-1.942, 9.944e-4
-1.943, 1.002e-3
-1.944, 1.010e-3
-1.945, 1.011e-3
-1.946, 1.011e-3
-1.947, 1.011e-3
-1.948, 1.011e-3
-1.949, 1.011e-3
-1.950, 1.011e-3
-1.951, 1.011e-3
-1.952, 1.011e-3
-1.953, 1.011e-3
-1.954, 1.011e-3
-1.955, 1.011e-3
-1.956, 1.011e-3
-1.957, 1.011e-3
-1.958, 1.011e-3
-1.959, 1.011e-3
-1.960, 1.011e-3
-1.961, 1.011e-3
-1.962, 1.011e-3
-1.963, 1.011e-3
-1.964, 1.011e-3
-1.965, 1.011e-3
-1.966, 1.011e-3
-1.967, 1.011e-3
-1.968, 1.011e-3
-1.969, 1.011e-3
-1.970, 1.011e-3
-1.971, 1.011e-3
-1.972, 1.011e-3
-1.973, 1.011e-3
-1.974, 1.011e-3
-1.975, 1.011e-3
-1.976, 1.011e-3
-1.977, 1.011e-3
-1.978, 1.011e-3
-1.979, 1.011e-3
-1.980, 1.011e-3
-1.981, 1.011e-3
-1.982, 1.011e-3
-1.983, 1.011e-3
-1.984, 1.011e-3
-1.985, 1.011e-3
-1.986, 1.011e-3
-1.987, 1.011e-3
-1.988, 1.011e-3
-1.989, 1.011e-3
-1.990, 1.011e-3
-1.991, 1.011e-3
-1.992, 1.011e-3
-1.993, 1.011e-3
-1.994, 1.011e-3
-1.995, 1.011e-3
-1.996, 1.011e-3
-1.997, 1.011e-3
-1.998, 1.011e-3
-1.999, 1.011e-3
-2.000, 1.011e-3
-2.001, 1.011e-3
-2.002, 1.011e-3
-2.003, 1.011e-3
-2.004, 1.011e-3
-2.005, 1.011e-3
-2.006, 1.011e-3
-2.007, 1.011e-3
-2.008, 1.011e-3
-2.009, 1.011e-3
-2.010, 1.011e-3
-2.011, 1.011e-3
-2.012, 1.011e-3
-2.013, 1.011e-3
-2.014, 1.011e-3
-2.015, 1.011e-3
-2.016, 1.011e-3
-2.017, 1.011e-3
-2.018, 1.011e-3
-2.019, 1.011e-3
-2.020, 1.011e-3
-2.021, 1.011e-3
-2.022, 1.011e-3
-2.023, 1.011e-3
-2.024, 1.011e-3
-2.025, 1.011e-3
-2.026, 1.011e-3
-2.027, 1.011e-3
-2.028, 1.011e-3
-2.029, 1.011e-3
-2.030, 1.011e-3
-2.031, 1.011e-3
-2.032, 1.011e-3
-2.033, 1.011e-3
-2.034, 1.011e-3
-2.035, 1.011e-3
-2.036, 1.011e-3
-2.037, 1.011e-3
-2.038, 1.011e-3
-2.039, 1.011e-3
-2.040, 1.011e-3
-2.041, 1.011e-3
-2.042, 1.011e-3
-2.043, 1.011e-3
-2.044, 1.011e-3
-2.045, 1.011e-3
-2.046, 1.011e-3
-2.047, 1.011e-3
-2.048, 1.011e-3
-2.049, 1.011e-3
-2.050, 1.011e-3
-2.051, 1.011e-3
-2.052, 1.011e-3
-2.053, 1.011e-3
-2.054, 1.011e-3
-2.055, 1.011e-3
-2.056, 1.011e-3
-2.057, 1.011e-3
-2.058, 1.011e-3
-2.059, 1.011e-3
-2.060, 1.011e-3
-2.061, 1.011e-3
-2.062, 1.011e-3
-2.063, 1.011e-3
-2.064, 1.011e-3
-2.065, 1.011e-3
-2.066, 1.011e-3
-2.067, 1.011e-3
-2.068, 1.011e-3
-2.069, 1.011e-3
-2.070, 1.011e-3
-2.071, 1.011e-3
-2.072, 1.011e-3
-2.073, 1.011e-3
-2.074, 1.011e-3
-2.075, 1.011e-3
-2.076, 1.011e-3
-2.077, 1.011e-3
-2.078, 1.011e-3
-2.079, 1.011e-3
-2.080, 1.011e-3
-2.081, 1.011e-3
-2.082, 1.011e-3
-2.083, 1.011e-3
-2.084, 1.011e-3
-2.085, 1.011e-3
-2.086, 1.011e-3
-2.087, 1.011e-3
-2.088, 1.011e-3
-2.089, 1.011e-3
-2.090, 1.011e-3
-2.091, 1.011e-3
-2.092, 1.011e-3
-2.093, 1.011e-3
-2.094, 1.011e-3
-2.095, 1.011e-3
-2.096, 1.011e-3
-2.097, 1.011e-3
-2.098, 1.011e-3
-2.099, 1.011e-3
-2.100, 1.011e-3
-2.101, 1.011e-3
-2.102, 1.011e-3
-2.103, 1.011e-3
-2.104, 1.011e-3
-2.105, 1.011e-3
-2.106, 1.011e-3
-2.107, 1.011e-3
-2.108, 1.011e-3
-2.109, 1.011e-3
-2.110, 1.011e-3
-2.111, 1.011e-3
-2.112, 1.011e-3
-2.113, 1.011e-3
-2.114, 1.011e-3
-2.115, 1.011e-3
-2.116, 1.011e-3
-2.117, 1.011e-3
-2.118, 1.011e-3
-2.119, 1.011e-3
-2.120, 1.011e-3
-2.121, 1.011e-3
-2.122, 1.011e-3
-2.123, 1.011e-3
-2.124, 1.011e-3
-2.125, 1.011e-3
-2.126, 1.011e-3
-2.127, 1.011e-3
-2.128, 1.011e-3
-2.129, 1.011e-3
-2.130, 1.011e-3
-2.131, 1.011e-3
-2.132, 1.011e-3
-2.133, 1.011e-3
-2.134, 1.011e-3
-2.135, 1.011e-3
-2.136, 1.011e-3
-2.137, 1.011e-3
-2.138, 1.011e-3
-2.139, 1.011e-3
-2.140, 1.011e-3
-2.141, 1.011e-3
-2.142, 1.011e-3
-2.143, 1.011e-3
-2.144, 1.011e-3
-2.145, 1.011e-3
-2.146, 1.011e-3
-2.147, 1.011e-3
-2.148, 1.011e-3
-2.149, 1.011e-3
-2.150, 1.011e-3
-2.151, 1.011e-3
-2.152, 1.011e-3
-2.153, 1.011e-3
-2.154, 1.011e-3
-2.155, 1.011e-3
-2.156, 1.011e-3
-2.157, 1.011e-3
-2.158, 1.011e-3
-2.159, 1.011e-3
-2.160, 1.011e-3
-2.161, 1.011e-3
-2.162, 1.011e-3
-2.163, 1.011e-3
-2.164, 1.011e-3
-2.165, 1.011e-3
-2.166, 1.011e-3
-2.167, 1.011e-3
-2.168, 1.011e-3
-2.169, 1.011e-3
-2.170, 1.011e-3
-2.171, 1.011e-3
-2.172, 1.011e-3
-2.173, 1.011e-3
-2.174, 1.011e-3
-2.175, 1.011e-3
-2.176, 1.011e-3
-2.177, 1.011e-3
-2.178, 1.011e-3
-2.179, 1.011e-3
-2.180, 1.011e-3
-2.181, 1.011e-3
-2.182, 1.011e-3
-2.183, 1.011e-3
-2.184, 1.011e-3
-2.185, 1.011e-3
-2.186, 1.011e-3
-2.187, 1.011e-3
-2.188, 1.011e-3
-2.189, 1.011e-3
-2.190, 1.011e-3
-2.191, 1.011e-3
-2.192, 1.011e-3
-2.193, 1.011e-3
-2.194, 1.011e-3
-2.195, 1.011e-3
-2.196, 1.011e-3
-2.197, 1.011e-3
-2.198, 1.011e-3
-2.199, 1.011e-3
-2.200, 1.011e-3
-2.201, 1.011e-3
-2.202, 1.011e-3
-2.203, 1.011e-3
-2.204, 1.011e-3
-2.205, 1.011e-3
-2.206, 1.011e-3
-2.207, 1.011e-3
-2.208, 1.011e-3
-2.209, 1.011e-3
-2.210, 1.011e-3
-2.211, 1.011e-3
-2.212, 1.011e-3
-2.213, 1.011e-3
-2.214, 1.011e-3
-2.215, 1.011e-3
-2.216, 1.011e-3
-2.217, 1.011e-3
-2.218, 1.011e-3
-2.219, 1.011e-3
-2.220, 1.011e-3
-2.221, 1.011e-3
-2.222, 1.011e-3
-2.223, 1.011e-3
-2.224, 1.011e-3
-2.225, 1.011e-3
-2.226, 1.011e-3
-2.227, 1.011e-3
-2.228, 1.011e-3
-2.229, 1.011e-3
-2.230, 1.011e-3
-2.231, 1.011e-3
-2.232, 1.011e-3
-2.233, 1.011e-3
-2.234, 1.011e-3
-2.235, 1.011e-3
-2.236, 1.011e-3
-2.237, 1.011e-3
-2.238, 1.011e-3
-2.239, 1.011e-3
-2.240, 1.011e-3
-2.241, 1.011e-3
-2.242, 1.011e-3
-2.243, 1.011e-3
-2.244, 1.011e-3
-2.245, 1.011e-3
-2.246, 1.011e-3
-2.247, 1.011e-3
-2.248, 1.011e-3
-2.249, 1.011e-3
-2.250, 1.011e-3
-2.251, 1.011e-3
-2.252, 1.011e-3
-2.253, 1.011e-3
-2.254, 1.011e-3
-2.255, 1.011e-3
-2.256, 1.011e-3
-2.257, 1.011e-3
-2.258, 1.011e-3
-2.259, 1.011e-3
-2.260, 1.011e-3
-2.261, 1.011e-3
-2.262, 1.011e-3
-2.263, 1.011e-3
-2.264, 1.011e-3
-2.265, 1.011e-3
-2.266, 1.011e-3
-2.267, 1.011e-3
-2.268, 1.011e-3
-2.269, 1.011e-3
-2.270, 1.011e-3
-2.271, 1.011e-3
-2.272, 1.011e-3
-2.273, 1.011e-3
-2.274, 1.011e-3
-2.275, 1.011e-3
-2.276, 1.011e-3
-2.277, 1.011e-3
-2.278, 1.011e-3
-2.279, 1.011e-3
-2.280, 1.011e-3
-2.281, 1.011e-3
-2.282, 1.011e-3
-2.283, 1.011e-3
-2.284, 1.011e-3
-2.285, 1.011e-3
-2.286, 1.011e-3
-2.287, 1.011e-3
-2.288, 1.011e-3
-2.289, 1.011e-3
-2.290, 1.011e-3
-2.291, 1.011e-3
-2.292, 1.011e-3
-2.293, 1.011e-3
-2.294, 1.011e-3
-2.295, 1.011e-3
-2.296, 1.011e-3
-2.297, 1.011e-3
-2.298, 1.011e-3
-2.299, 1.011e-3
