June 27, 2026   11:54:06
Cyclic Voltammetry
File: c:/users/guazh/data/20260623_doe_duplica2/2026-06-24-exp23\exp23-2026-06-27t11_40_11-h2koh\exp23_cv_sr_200mvs_efin_-1600mv.bin
Data Source:  Experiment
Instrument Model:  CHI760E
Header: CV ran at 200 mVs
Note: 

Init E (V) = -1
High E (V) = -1
Low E (V) = -1.6
Final E (V) = -1
Init P/N = N
Scan Rate (V/s) = 0.2
Segment = 3
Sample Interval (V) = 0.001
Quiet Time (sec) = 2
Sensitivity (A/V) = 0.01
Comp R (ohm) = 1.7

Results:

Channel 1:
Segment 1:
Ep = -1.329V
ip = 1.200e-3A
Ah = 5.983e-4C

Segment 2:

Segment 3:

Potential/V, Current/A

-1.000, -2.431e-4
-1.001, -1.925e-4
-1.002, -1.567e-4
-1.003, -1.271e-4
-1.004, -1.018e-4
-1.005, -8.106e-5
-1.006, -6.220e-5
-1.007, -4.450e-5
-1.008, -2.957e-5
-1.009, -1.604e-5
-1.010, -3.208e-6
-1.011, 8.197e-6
-1.012, 1.886e-5
-1.013, 2.941e-5
-1.014, 3.942e-5
-1.015, 4.819e-5
-1.016, 5.664e-5
-1.017, 6.481e-5
-1.018, 7.254e-5
-1.019, 8.050e-5
-1.020, 8.896e-5
-1.021, 9.606e-5
-1.022, 1.030e-4
-1.023, 1.098e-4
-1.024, 1.163e-4
-1.025, 1.218e-4
-1.026, 1.272e-4
-1.027, 1.336e-4
-1.028, 1.397e-4
-1.029, 1.449e-4
-1.030, 1.506e-4
-1.031, 1.566e-4
-1.032, 1.620e-4
-1.033, 1.674e-4
-1.034, 1.714e-4
-1.035, 1.761e-4
-1.036, 1.816e-4
-1.037, 1.860e-4
-1.038, 1.905e-4
-1.039, 1.956e-4
-1.040, 1.999e-4
-1.041, 2.048e-4
-1.042, 2.084e-4
-1.043, 2.126e-4
-1.044, 2.169e-4
-1.045, 2.209e-4
-1.046, 2.262e-4
-1.047, 2.310e-4
-1.048, 2.350e-4
-1.049, 2.395e-4
-1.050, 2.440e-4
-1.051, 2.476e-4
-1.052, 2.514e-4
-1.053, 2.551e-4
-1.054, 2.587e-4
-1.055, 2.626e-4
-1.056, 2.656e-4
-1.057, 2.696e-4
-1.058, 2.740e-4
-1.059, 2.775e-4
-1.060, 2.813e-4
-1.061, 2.848e-4
-1.062, 2.884e-4
-1.063, 2.927e-4
-1.064, 2.955e-4
-1.065, 2.982e-4
-1.066, 3.015e-4
-1.067, 3.061e-4
-1.068, 3.104e-4
-1.069, 3.145e-4
-1.070, 3.198e-4
-1.071, 3.239e-4
-1.072, 3.262e-4
-1.073, 3.296e-4
-1.074, 3.324e-4
-1.075, 3.366e-4
-1.076, 3.412e-4
-1.077, 3.438e-4
-1.078, 3.461e-4
-1.079, 3.501e-4
-1.080, 3.536e-4
-1.081, 3.573e-4
-1.082, 3.608e-4
-1.083, 3.644e-4
-1.084, 3.685e-4
-1.085, 3.709e-4
-1.086, 3.740e-4
-1.087, 3.779e-4
-1.088, 3.821e-4
-1.089, 3.860e-4
-1.090, 3.903e-4
-1.091, 3.944e-4
-1.092, 4.000e-4
-1.093, 4.041e-4
-1.094, 4.082e-4
-1.095, 4.119e-4
-1.096, 4.149e-4
-1.097, 4.203e-4
-1.098, 4.240e-4
-1.099, 4.283e-4
-1.100, 4.333e-4
-1.101, 4.375e-4
-1.102, 4.432e-4
-1.103, 4.480e-4
-1.104, 4.504e-4
-1.105, 4.546e-4
-1.106, 4.593e-4
-1.107, 4.641e-4
-1.108, 4.662e-4
-1.109, 4.679e-4
-1.110, 4.733e-4
-1.111, 4.780e-4
-1.112, 4.801e-4
-1.113, 4.830e-4
-1.114, 4.879e-4
-1.115, 4.936e-4
-1.116, 4.992e-4
-1.117, 5.041e-4
-1.118, 5.106e-4
-1.119, 5.173e-4
-1.120, 5.220e-4
-1.121, 5.248e-4
-1.122, 5.266e-4
-1.123, 5.317e-4
-1.124, 5.375e-4
-1.125, 5.426e-4
-1.126, 5.483e-4
-1.127, 5.551e-4
-1.128, 5.621e-4
-1.129, 5.686e-4
-1.130, 5.730e-4
-1.131, 5.772e-4
-1.132, 5.824e-4
-1.133, 5.891e-4
-1.134, 5.970e-4
-1.135, 6.041e-4
-1.136, 6.134e-4
-1.137, 6.241e-4
-1.138, 6.302e-4
-1.139, 6.324e-4
-1.140, 6.319e-4
-1.141, 6.335e-4
-1.142, 6.373e-4
-1.143, 6.438e-4
-1.144, 6.555e-4
-1.145, 6.664e-4
-1.146, 6.733e-4
-1.147, 6.783e-4
-1.148, 6.826e-4
-1.149, 6.866e-4
-1.150, 6.915e-4
-1.151, 6.990e-4
-1.152, 7.066e-4
-1.153, 7.138e-4
-1.154, 7.190e-4
-1.155, 7.242e-4
-1.156, 7.306e-4
-1.157, 7.369e-4
-1.158, 7.460e-4
-1.159, 7.562e-4
-1.160, 7.644e-4
-1.161, 7.750e-4
-1.162, 7.854e-4
-1.163, 7.912e-4
-1.164, 7.944e-4
-1.165, 7.993e-4
-1.166, 8.079e-4
-1.167, 8.148e-4
-1.168, 8.225e-4
-1.169, 8.336e-4
-1.170, 8.417e-4
-1.171, 8.517e-4
-1.172, 8.591e-4
-1.173, 8.638e-4
-1.174, 8.712e-4
-1.175, 8.797e-4
-1.176, 8.873e-4
-1.177, 8.957e-4
-1.178, 9.057e-4
-1.179, 9.193e-4
-1.180, 9.316e-4
-1.181, 9.407e-4
-1.182, 9.493e-4
-1.183, 9.596e-4
-1.184, 9.714e-4
-1.185, 9.795e-4
-1.186, 9.877e-4
-1.187, 9.963e-4
-1.188, 1.004e-3
-1.189, 1.015e-3
-1.190, 1.023e-3
-1.191, 1.030e-3
-1.192, 1.040e-3
-1.193, 1.051e-3
-1.194, 1.059e-3
-1.195, 1.068e-3
-1.196, 1.078e-3
-1.197, 1.090e-3
-1.198, 1.099e-3
-1.199, 1.108e-3
-1.200, 1.115e-3
-1.201, 1.123e-3
-1.202, 1.134e-3
-1.203, 1.145e-3
-1.204, 1.157e-3
-1.205, 1.172e-3
-1.206, 1.185e-3
-1.207, 1.198e-3
-1.208, 1.208e-3
-1.209, 1.217e-3
-1.210, 1.230e-3
-1.211, 1.238e-3
-1.212, 1.246e-3
-1.213, 1.258e-3
-1.214, 1.269e-3
-1.215, 1.283e-3
-1.216, 1.299e-3
-1.217, 1.311e-3
-1.218, 1.323e-3
-1.219, 1.332e-3
-1.220, 1.339e-3
-1.221, 1.343e-3
-1.222, 1.347e-3
-1.223, 1.356e-3
-1.224, 1.368e-3
-1.225, 1.379e-3
-1.226, 1.390e-3
-1.227, 1.402e-3
-1.228, 1.418e-3
-1.229, 1.430e-3
-1.230, 1.442e-3
-1.231, 1.461e-3
-1.232, 1.476e-3
-1.233, 1.492e-3
-1.234, 1.504e-3
-1.235, 1.513e-3
-1.236, 1.526e-3
-1.237, 1.537e-3
-1.238, 1.547e-3
-1.239, 1.560e-3
-1.240, 1.575e-3
-1.241, 1.596e-3
-1.242, 1.610e-3
-1.243, 1.622e-3
-1.244, 1.640e-3
-1.245, 1.651e-3
-1.246, 1.660e-3
-1.247, 1.665e-3
-1.248, 1.671e-3
-1.249, 1.683e-3
-1.250, 1.691e-3
-1.251, 1.710e-3
-1.252, 1.728e-3
-1.253, 1.735e-3
-1.254, 1.748e-3
-1.255, 1.763e-3
-1.256, 1.775e-3
-1.257, 1.785e-3
-1.258, 1.796e-3
-1.259, 1.813e-3
-1.260, 1.822e-3
-1.261, 1.829e-3
-1.262, 1.841e-3
-1.263, 1.852e-3
-1.264, 1.863e-3
-1.265, 1.873e-3
-1.266, 1.893e-3
-1.267, 1.925e-3
-1.268, 1.952e-3
-1.269, 1.975e-3
-1.270, 1.991e-3
-1.271, 2.003e-3
-1.272, 2.010e-3
-1.273, 2.012e-3
-1.274, 2.027e-3
-1.275, 2.048e-3
-1.276, 2.067e-3
-1.277, 2.087e-3
-1.278, 2.106e-3
-1.279, 2.114e-3
-1.280, 2.115e-3
-1.281, 2.113e-3
-1.282, 2.117e-3
-1.283, 2.122e-3
-1.284, 2.131e-3
-1.285, 2.148e-3
-1.286, 2.160e-3
-1.287, 2.169e-3
-1.288, 2.182e-3
-1.289, 2.189e-3
-1.290, 2.194e-3
-1.291, 2.204e-3
-1.292, 2.223e-3
-1.293, 2.238e-3
-1.294, 2.251e-3
-1.295, 2.269e-3
-1.296, 2.275e-3
-1.297, 2.273e-3
-1.298, 2.270e-3
-1.299, 2.274e-3
-1.300, 2.284e-3
-1.301, 2.299e-3
-1.302, 2.331e-3
-1.303, 2.356e-3
-1.304, 2.373e-3
-1.305, 2.387e-3
-1.306, 2.381e-3
-1.307, 2.378e-3
-1.308, 2.389e-3
-1.309, 2.396e-3
-1.310, 2.408e-3
-1.311, 2.426e-3
-1.312, 2.445e-3
-1.313, 2.459e-3
-1.314, 2.455e-3
-1.315, 2.452e-3
-1.316, 2.455e-3
-1.317, 2.450e-3
-1.318, 2.444e-3
-1.319, 2.444e-3
-1.320, 2.450e-3
-1.321, 2.453e-3
-1.322, 2.446e-3
-1.323, 2.442e-3
-1.324, 2.447e-3
-1.325, 2.457e-3
-1.326, 2.464e-3
-1.327, 2.462e-3
-1.328, 2.468e-3
-1.329, 2.469e-3
-1.330, 2.467e-3
-1.331, 2.465e-3
-1.332, 2.459e-3
-1.333, 2.465e-3
-1.334, 2.465e-3
-1.335, 2.454e-3
-1.336, 2.450e-3
-1.337, 2.445e-3
-1.338, 2.440e-3
-1.339, 2.440e-3
-1.340, 2.436e-3
-1.341, 2.433e-3
-1.342, 2.433e-3
-1.343, 2.424e-3
-1.344, 2.415e-3
-1.345, 2.406e-3
-1.346, 2.400e-3
-1.347, 2.399e-3
-1.348, 2.395e-3
-1.349, 2.387e-3
-1.350, 2.371e-3
-1.351, 2.357e-3
-1.352, 2.355e-3
-1.353, 2.350e-3
-1.354, 2.347e-3
-1.355, 2.349e-3
-1.356, 2.350e-3
-1.357, 2.349e-3
-1.358, 2.327e-3
-1.359, 2.303e-3
-1.360, 2.293e-3
-1.361, 2.281e-3
-1.362, 2.276e-3
-1.363, 2.275e-3
-1.364, 2.274e-3
-1.365, 2.271e-3
-1.366, 2.259e-3
-1.367, 2.247e-3
-1.368, 2.227e-3
-1.369, 2.209e-3
-1.370, 2.205e-3
-1.371, 2.200e-3
-1.372, 2.199e-3
-1.373, 2.191e-3
-1.374, 2.184e-3
-1.375, 2.180e-3
-1.376, 2.162e-3
-1.377, 2.148e-3
-1.378, 2.142e-3
-1.379, 2.136e-3
-1.380, 2.132e-3
-1.381, 2.123e-3
-1.382, 2.116e-3
-1.383, 2.116e-3
-1.384, 2.106e-3
-1.385, 2.093e-3
-1.386, 2.085e-3
-1.387, 2.083e-3
-1.388, 2.079e-3
-1.389, 2.086e-3
-1.390, 2.068e-3
-1.391, 2.042e-3
-1.392, 2.034e-3
-1.393, 2.022e-3
-1.394, 2.012e-3
-1.395, 2.013e-3
-1.396, 2.017e-3
-1.397, 2.015e-3
-1.398, 2.015e-3
-1.399, 2.018e-3
-1.400, 2.025e-3
-1.401, 2.040e-3
-1.402, 2.042e-3
-1.403, 2.027e-3
-1.404, 2.013e-3
-1.405, 2.002e-3
-1.406, 1.997e-3
-1.407, 1.999e-3
-1.408, 2.006e-3
-1.409, 2.017e-3
-1.410, 2.030e-3
-1.411, 2.030e-3
-1.412, 2.021e-3
-1.413, 2.017e-3
-1.414, 2.013e-3
-1.415, 2.010e-3
-1.416, 2.014e-3
-1.417, 2.022e-3
-1.418, 2.030e-3
-1.419, 2.034e-3
-1.420, 2.034e-3
-1.421, 2.035e-3
-1.422, 2.044e-3
-1.423, 2.058e-3
-1.424, 2.066e-3
-1.425, 2.078e-3
-1.426, 2.092e-3
-1.427, 2.101e-3
-1.428, 2.104e-3
-1.429, 2.103e-3
-1.430, 2.098e-3
-1.431, 2.109e-3
-1.432, 2.129e-3
-1.433, 2.150e-3
-1.434, 2.165e-3
-1.435, 2.171e-3
-1.436, 2.175e-3
-1.437, 2.172e-3
-1.438, 2.168e-3
-1.439, 2.174e-3
-1.440, 2.190e-3
-1.441, 2.213e-3
-1.442, 2.231e-3
-1.443, 2.240e-3
-1.444, 2.250e-3
-1.445, 2.259e-3
-1.446, 2.264e-3
-1.447, 2.271e-3
-1.448, 2.284e-3
-1.449, 2.304e-3
-1.450, 2.327e-3
-1.451, 2.346e-3
-1.452, 2.364e-3
-1.453, 2.392e-3
-1.454, 2.413e-3
-1.455, 2.413e-3
-1.456, 2.421e-3
-1.457, 2.442e-3
-1.458, 2.454e-3
-1.459, 2.470e-3
-1.460, 2.494e-3
-1.461, 2.522e-3
-1.462, 2.546e-3
-1.463, 2.557e-3
-1.464, 2.569e-3
-1.465, 2.585e-3
-1.466, 2.602e-3
-1.467, 2.622e-3
-1.468, 2.637e-3
-1.469, 2.652e-3
-1.470, 2.675e-3
-1.471, 2.691e-3
-1.472, 2.697e-3
-1.473, 2.706e-3
-1.474, 2.726e-3
-1.475, 2.752e-3
-1.476, 2.774e-3
-1.477, 2.795e-3
-1.478, 2.812e-3
-1.479, 2.839e-3
-1.480, 2.863e-3
-1.481, 2.874e-3
-1.482, 2.891e-3
-1.483, 2.919e-3
-1.484, 2.952e-3
-1.485, 2.977e-3
-1.486, 3.003e-3
-1.487, 3.042e-3
-1.488, 3.077e-3
-1.489, 3.095e-3
-1.490, 3.112e-3
-1.491, 3.133e-3
-1.492, 3.157e-3
-1.493, 3.183e-3
-1.494, 3.204e-3
-1.495, 3.221e-3
-1.496, 3.246e-3
-1.497, 3.262e-3
-1.498, 3.275e-3
-1.499, 3.296e-3
-1.500, 3.333e-3
-1.501, 3.369e-3
-1.502, 3.392e-3
-1.503, 3.412e-3
-1.504, 3.434e-3
-1.505, 3.457e-3
-1.506, 3.473e-3
-1.507, 3.488e-3
-1.508, 3.517e-3
-1.509, 3.555e-3
-1.510, 3.585e-3
-1.511, 3.619e-3
-1.512, 3.656e-3
-1.513, 3.689e-3
-1.514, 3.719e-3
-1.515, 3.735e-3
-1.516, 3.739e-3
-1.517, 3.751e-3
-1.518, 3.780e-3
-1.519, 3.823e-3
-1.520, 3.881e-3
-1.521, 3.941e-3
-1.522, 3.981e-3
-1.523, 4.018e-3
-1.524, 4.047e-3
-1.525, 4.049e-3
-1.526, 4.055e-3
-1.527, 4.081e-3
-1.528, 4.110e-3
-1.529, 4.134e-3
-1.530, 4.154e-3
-1.531, 4.194e-3
-1.532, 4.233e-3
-1.533, 4.252e-3
-1.534, 4.269e-3
-1.535, 4.298e-3
-1.536, 4.331e-3
-1.537, 4.354e-3
-1.538, 4.383e-3
-1.539, 4.424e-3
-1.540, 4.459e-3
-1.541, 4.492e-3
-1.542, 4.516e-3
-1.543, 4.533e-3
-1.544, 4.565e-3
-1.545, 4.601e-3
-1.546, 4.648e-3
-1.547, 4.707e-3
-1.548, 4.750e-3
-1.549, 4.791e-3
-1.550, 4.829e-3
-1.551, 4.852e-3
-1.552, 4.871e-3
-1.553, 4.904e-3
-1.554, 4.946e-3
-1.555, 4.985e-3
-1.556, 5.026e-3
-1.557, 5.069e-3
-1.558, 5.102e-3
-1.559, 5.129e-3
-1.560, 5.141e-3
-1.561, 5.152e-3
-1.562, 5.180e-3
-1.563, 5.222e-3
-1.564, 5.275e-3
-1.565, 5.315e-3
-1.566, 5.355e-3
-1.567, 5.405e-3
-1.568, 5.432e-3
-1.569, 5.449e-3
-1.570, 5.468e-3
-1.571, 5.500e-3
-1.572, 5.544e-3
-1.573, 5.590e-3
-1.574, 5.646e-3
-1.575, 5.709e-3
-1.576, 5.756e-3
-1.577, 5.781e-3
-1.578, 5.783e-3
-1.579, 5.797e-3
-1.580, 5.828e-3
-1.581, 5.866e-3
-1.582, 5.927e-3
-1.583, 5.982e-3
-1.584, 6.033e-3
-1.585, 6.090e-3
-1.586, 6.122e-3
-1.587, 6.137e-3
-1.588, 6.148e-3
-1.589, 6.185e-3
-1.590, 6.231e-3
-1.591, 6.277e-3
-1.592, 6.326e-3
-1.593, 6.379e-3
-1.594, 6.412e-3
-1.595, 6.430e-3
-1.596, 6.453e-3
-1.597, 6.490e-3
-1.598, 6.542e-3
-1.599, 6.600e-3
-1.600, 6.598e-3
-1.599, 6.540e-3
-1.598, 6.495e-3
-1.597, 6.439e-3
-1.596, 6.357e-3
-1.595, 6.279e-3
-1.594, 6.215e-3
-1.593, 6.178e-3
-1.592, 6.144e-3
-1.591, 6.099e-3
-1.590, 6.048e-3
-1.589, 6.006e-3
-1.588, 5.969e-3
-1.587, 5.895e-3
-1.586, 5.822e-3
-1.585, 5.800e-3
-1.584, 5.778e-3
-1.583, 5.729e-3
-1.582, 5.686e-3
-1.581, 5.641e-3
-1.580, 5.581e-3
-1.579, 5.506e-3
-1.578, 5.443e-3
-1.577, 5.403e-3
-1.576, 5.370e-3
-1.575, 5.329e-3
-1.574, 5.280e-3
-1.573, 5.240e-3
-1.572, 5.208e-3
-1.571, 5.133e-3
-1.570, 5.039e-3
-1.569, 4.948e-3
-1.568, 4.877e-3
-1.567, 4.832e-3
-1.566, 4.787e-3
-1.565, 4.754e-3
-1.564, 4.730e-3
-1.563, 4.701e-3
-1.562, 4.667e-3
-1.561, 4.628e-3
-1.560, 4.591e-3
-1.559, 4.553e-3
-1.558, 4.521e-3
-1.557, 4.496e-3
-1.556, 4.476e-3
-1.555, 4.454e-3
-1.554, 4.429e-3
-1.553, 4.381e-3
-1.552, 4.317e-3
-1.551, 4.251e-3
-1.550, 4.203e-3
-1.549, 4.171e-3
-1.548, 4.142e-3
-1.547, 4.118e-3
-1.546, 4.094e-3
-1.545, 4.061e-3
-1.544, 4.005e-3
-1.543, 3.935e-3
-1.542, 3.885e-3
-1.541, 3.838e-3
-1.540, 3.791e-3
-1.539, 3.762e-3
-1.538, 3.741e-3
-1.537, 3.721e-3
-1.536, 3.672e-3
-1.535, 3.613e-3
-1.534, 3.587e-3
-1.533, 3.561e-3
-1.532, 3.527e-3
-1.531, 3.513e-3
-1.530, 3.494e-3
-1.529, 3.468e-3
-1.528, 3.422e-3
-1.527, 3.369e-3
-1.526, 3.324e-3
-1.525, 3.281e-3
-1.524, 3.255e-3
-1.523, 3.240e-3
-1.522, 3.212e-3
-1.521, 3.186e-3
-1.520, 3.163e-3
-1.519, 3.127e-3
-1.518, 3.088e-3
-1.517, 3.059e-3
-1.516, 3.034e-3
-1.515, 3.004e-3
-1.514, 2.974e-3
-1.513, 2.947e-3
-1.512, 2.914e-3
-1.511, 2.884e-3
-1.510, 2.847e-3
-1.509, 2.802e-3
-1.508, 2.771e-3
-1.507, 2.746e-3
-1.506, 2.723e-3
-1.505, 2.702e-3
-1.504, 2.682e-3
-1.503, 2.666e-3
-1.502, 2.640e-3
-1.501, 2.606e-3
-1.500, 2.579e-3
-1.499, 2.549e-3
-1.498, 2.529e-3
-1.497, 2.490e-3
-1.496, 2.461e-3
-1.495, 2.433e-3
-1.494, 2.402e-3
-1.493, 2.373e-3
-1.492, 2.342e-3
-1.491, 2.315e-3
-1.490, 2.298e-3
-1.489, 2.287e-3
-1.488, 2.259e-3
-1.487, 2.231e-3
-1.486, 2.204e-3
-1.485, 2.181e-3
-1.484, 2.161e-3
-1.483, 2.136e-3
-1.482, 2.114e-3
-1.481, 2.096e-3
-1.480, 2.076e-3
-1.479, 2.053e-3
-1.478, 2.027e-3
-1.477, 2.010e-3
-1.476, 1.991e-3
-1.475, 1.965e-3
-1.474, 1.935e-3
-1.473, 1.912e-3
-1.472, 1.895e-3
-1.471, 1.869e-3
-1.470, 1.845e-3
-1.469, 1.828e-3
-1.468, 1.808e-3
-1.467, 1.788e-3
-1.466, 1.766e-3
-1.465, 1.742e-3
-1.464, 1.725e-3
-1.463, 1.709e-3
-1.462, 1.691e-3
-1.461, 1.675e-3
-1.460, 1.658e-3
-1.459, 1.645e-3
-1.458, 1.627e-3
-1.457, 1.605e-3
-1.456, 1.586e-3
-1.455, 1.568e-3
-1.454, 1.554e-3
-1.453, 1.538e-3
-1.452, 1.521e-3
-1.451, 1.509e-3
-1.450, 1.496e-3
-1.449, 1.474e-3
-1.448, 1.453e-3
-1.447, 1.439e-3
-1.446, 1.423e-3
-1.445, 1.405e-3
-1.444, 1.385e-3
-1.443, 1.370e-3
-1.442, 1.358e-3
-1.441, 1.338e-3
-1.440, 1.315e-3
-1.439, 1.297e-3
-1.438, 1.286e-3
-1.437, 1.268e-3
-1.436, 1.246e-3
-1.435, 1.232e-3
-1.434, 1.223e-3
-1.433, 1.212e-3
-1.432, 1.201e-3
-1.431, 1.189e-3
-1.430, 1.178e-3
-1.429, 1.163e-3
-1.428, 1.149e-3
-1.427, 1.132e-3
-1.426, 1.117e-3
-1.425, 1.108e-3
-1.424, 1.094e-3
-1.423, 1.078e-3
-1.422, 1.063e-3
-1.421, 1.049e-3
-1.420, 1.036e-3
-1.419, 1.024e-3
-1.418, 1.013e-3
-1.417, 1.001e-3
-1.416, 9.892e-4
-1.415, 9.765e-4
-1.414, 9.582e-4
-1.413, 9.443e-4
-1.412, 9.347e-4
-1.411, 9.229e-4
-1.410, 9.128e-4
-1.409, 8.996e-4
-1.408, 8.886e-4
-1.407, 8.856e-4
-1.406, 8.764e-4
-1.405, 8.561e-4
-1.404, 8.427e-4
-1.403, 8.321e-4
-1.402, 8.220e-4
-1.401, 8.114e-4
-1.400, 8.039e-4
-1.399, 7.970e-4
-1.398, 7.882e-4
-1.397, 7.716e-4
-1.396, 7.560e-4
-1.395, 7.435e-4
-1.394, 7.341e-4
-1.393, 7.240e-4
-1.392, 7.144e-4
-1.391, 7.060e-4
-1.390, 6.985e-4
-1.389, 6.878e-4
-1.388, 6.757e-4
-1.387, 6.665e-4
-1.386, 6.583e-4
-1.385, 6.497e-4
-1.384, 6.409e-4
-1.383, 6.308e-4
-1.382, 6.229e-4
-1.381, 6.191e-4
-1.380, 6.175e-4
-1.379, 6.037e-4
-1.378, 5.903e-4
-1.377, 5.770e-4
-1.376, 5.652e-4
-1.375, 5.545e-4
-1.374, 5.469e-4
-1.373, 5.401e-4
-1.372, 5.293e-4
-1.371, 5.181e-4
-1.370, 5.074e-4
-1.369, 4.996e-4
-1.368, 4.981e-4
-1.367, 4.940e-4
-1.366, 4.869e-4
-1.365, 4.810e-4
-1.364, 4.705e-4
-1.363, 4.596e-4
-1.362, 4.494e-4
-1.361, 4.408e-4
-1.360, 4.326e-4
-1.359, 4.260e-4
-1.358, 4.207e-4
-1.357, 4.135e-4
-1.356, 4.063e-4
-1.355, 3.989e-4
-1.354, 3.914e-4
-1.353, 3.843e-4
-1.352, 3.755e-4
-1.351, 3.674e-4
-1.350, 3.625e-4
-1.349, 3.560e-4
-1.348, 3.484e-4
-1.347, 3.417e-4
-1.346, 3.334e-4
-1.345, 3.234e-4
-1.344, 3.152e-4
-1.343, 3.091e-4
-1.342, 3.036e-4
-1.341, 2.998e-4
-1.340, 2.953e-4
-1.339, 2.896e-4
-1.338, 2.830e-4
-1.337, 2.750e-4
-1.336, 2.657e-4
-1.335, 2.573e-4
-1.334, 2.512e-4
-1.333, 2.469e-4
-1.332, 2.412e-4
-1.331, 2.364e-4
-1.330, 2.320e-4
-1.329, 2.265e-4
-1.328, 2.202e-4
-1.327, 2.136e-4
-1.326, 2.086e-4
-1.325, 2.037e-4
-1.324, 1.978e-4
-1.323, 1.944e-4
-1.322, 1.896e-4
-1.321, 1.835e-4
-1.320, 1.781e-4
-1.319, 1.708e-4
-1.318, 1.640e-4
-1.317, 1.578e-4
-1.316, 1.518e-4
-1.315, 1.470e-4
-1.314, 1.426e-4
-1.313, 1.382e-4
-1.312, 1.333e-4
-1.311, 1.284e-4
-1.310, 1.235e-4
-1.309, 1.180e-4
-1.308, 1.130e-4
-1.307, 1.083e-4
-1.306, 1.035e-4
-1.305, 9.834e-5
-1.304, 9.405e-5
-1.303, 9.011e-5
-1.302, 8.573e-5
-1.301, 8.171e-5
-1.300, 7.911e-5
-1.299, 7.538e-5
-1.298, 7.101e-5
-1.297, 6.838e-5
-1.296, 6.153e-5
-1.295, 5.499e-5
-1.294, 5.049e-5
-1.293, 4.662e-5
-1.292, 4.224e-5
-1.291, 3.742e-5
-1.290, 3.322e-5
-1.289, 2.906e-5
-1.288, 2.458e-5
-1.287, 2.009e-5
-1.286, 1.620e-5
-1.285, 1.290e-5
-1.284, 8.868e-6
-1.283, 5.168e-6
-1.282, 1.389e-6
-1.281, -2.419e-6
-1.280, -6.642e-6
-1.279, -1.074e-5
-1.278, -1.476e-5
-1.277, -1.768e-5
-1.276, -2.120e-5
-1.275, -2.480e-5
-1.274, -2.855e-5
-1.273, -3.200e-5
-1.272, -3.544e-5
-1.271, -3.921e-5
-1.270, -4.244e-5
-1.269, -4.581e-5
-1.268, -4.971e-5
-1.267, -5.240e-5
-1.266, -5.540e-5
-1.265, -5.927e-5
-1.264, -6.284e-5
-1.263, -6.623e-5
-1.262, -6.976e-5
-1.261, -7.345e-5
-1.260, -7.674e-5
-1.259, -7.943e-5
-1.258, -8.275e-5
-1.257, -8.583e-5
-1.256, -8.909e-5
-1.255, -9.291e-5
-1.254, -9.621e-5
-1.253, -9.904e-5
-1.252, -1.028e-4
-1.251, -1.063e-4
-1.250, -1.088e-4
-1.249, -1.121e-4
-1.248, -1.151e-4
-1.247, -1.181e-4
-1.246, -1.211e-4
-1.245, -1.236e-4
-1.244, -1.270e-4
-1.243, -1.303e-4
-1.242, -1.336e-4
-1.241, -1.368e-4
-1.240, -1.392e-4
-1.239, -1.419e-4
-1.238, -1.454e-4
-1.237, -1.484e-4
-1.236, -1.516e-4
-1.235, -1.552e-4
-1.234, -1.590e-4
-1.233, -1.617e-4
-1.232, -1.644e-4
-1.231, -1.675e-4
-1.230, -1.711e-4
-1.229, -1.747e-4
-1.228, -1.775e-4
-1.227, -1.809e-4
-1.226, -1.842e-4
-1.225, -1.878e-4
-1.224, -1.910e-4
-1.223, -1.938e-4
-1.222, -1.968e-4
-1.221, -1.994e-4
-1.220, -2.027e-4
-1.219, -2.064e-4
-1.218, -2.096e-4
-1.217, -2.130e-4
-1.216, -2.170e-4
-1.215, -2.207e-4
-1.214, -2.234e-4
-1.213, -2.257e-4
-1.212, -2.299e-4
-1.211, -2.334e-4
-1.210, -2.363e-4
-1.209, -2.401e-4
-1.208, -2.441e-4
-1.207, -2.485e-4
-1.206, -2.519e-4
-1.205, -2.549e-4
-1.204, -2.578e-4
-1.203, -2.632e-4
-1.202, -2.677e-4
-1.201, -2.717e-4
-1.200, -2.755e-4
-1.199, -2.805e-4
-1.198, -2.844e-4
-1.197, -2.867e-4
-1.196, -2.888e-4
-1.195, -2.924e-4
-1.194, -2.978e-4
-1.193, -3.016e-4
-1.192, -3.052e-4
-1.191, -3.109e-4
-1.190, -3.157e-4
-1.189, -3.198e-4
-1.188, -3.238e-4
-1.187, -3.267e-4
-1.186, -3.309e-4
-1.185, -3.368e-4
-1.184, -3.413e-4
-1.183, -3.460e-4
-1.182, -3.514e-4
-1.181, -3.572e-4
-1.180, -3.615e-4
-1.179, -3.649e-4
-1.178, -3.701e-4
-1.177, -3.743e-4
-1.176, -3.787e-4
-1.175, -3.850e-4
-1.174, -3.912e-4
-1.173, -3.975e-4
-1.172, -4.039e-4
-1.171, -4.081e-4
-1.170, -4.107e-4
-1.169, -4.140e-4
-1.168, -4.187e-4
-1.167, -4.247e-4
-1.166, -4.310e-4
-1.165, -4.376e-4
-1.164, -4.443e-4
-1.163, -4.496e-4
-1.162, -4.528e-4
-1.161, -4.572e-4
-1.160, -4.621e-4
-1.159, -4.680e-4
-1.158, -4.766e-4
-1.157, -4.844e-4
-1.156, -4.926e-4
-1.155, -5.005e-4
-1.154, -5.058e-4
-1.153, -5.097e-4
-1.152, -5.133e-4
-1.151, -5.184e-4
-1.150, -5.254e-4
-1.149, -5.325e-4
-1.148, -5.412e-4
-1.147, -5.494e-4
-1.146, -5.551e-4
-1.145, -5.603e-4
-1.144, -5.658e-4
-1.143, -5.733e-4
-1.142, -5.799e-4
-1.141, -5.836e-4
-1.140, -5.888e-4
-1.139, -5.950e-4
-1.138, -6.007e-4
-1.137, -6.083e-4
-1.136, -6.160e-4
-1.135, -6.249e-4
-1.134, -6.361e-4
-1.133, -6.458e-4
-1.132, -6.568e-4
-1.131, -6.663e-4
-1.130, -6.761e-4
-1.129, -6.852e-4
-1.128, -6.914e-4
-1.127, -6.999e-4
-1.126, -7.089e-4
-1.125, -7.166e-4
-1.124, -7.240e-4
-1.123, -7.320e-4
-1.122, -7.412e-4
-1.121, -7.521e-4
-1.120, -7.628e-4
-1.119, -7.711e-4
-1.118, -7.782e-4
-1.117, -7.855e-4
-1.116, -7.921e-4
-1.115, -7.980e-4
-1.114, -8.055e-4
-1.113, -8.159e-4
-1.112, -8.251e-4
-1.111, -8.341e-4
-1.110, -8.441e-4
-1.109, -8.563e-4
-1.108, -8.682e-4
-1.107, -8.764e-4
-1.106, -8.863e-4
-1.105, -8.980e-4
-1.104, -9.068e-4
-1.103, -9.153e-4
-1.102, -9.273e-4
-1.101, -9.380e-4
-1.100, -9.518e-4
-1.099, -9.662e-4
-1.098, -9.773e-4
-1.097, -9.894e-4
-1.096, -1.000e-3
-1.095, -1.009e-3
-1.094, -1.015e-3
-1.093, -1.024e-3
-1.092, -1.036e-3
-1.091, -1.048e-3
-1.090, -1.062e-3
-1.089, -1.076e-3
-1.088, -1.088e-3
-1.087, -1.101e-3
-1.086, -1.110e-3
-1.085, -1.115e-3
-1.084, -1.124e-3
-1.083, -1.137e-3
-1.082, -1.152e-3
-1.081, -1.167e-3
-1.080, -1.181e-3
-1.079, -1.198e-3
-1.078, -1.209e-3
-1.077, -1.216e-3
-1.076, -1.225e-3
-1.075, -1.236e-3
-1.074, -1.247e-3
-1.073, -1.260e-3
-1.072, -1.276e-3
-1.071, -1.293e-3
-1.070, -1.310e-3
-1.069, -1.325e-3
-1.068, -1.335e-3
-1.067, -1.346e-3
-1.066, -1.363e-3
-1.065, -1.374e-3
-1.064, -1.384e-3
-1.063, -1.398e-3
-1.062, -1.412e-3
-1.061, -1.421e-3
-1.060, -1.430e-3
-1.059, -1.445e-3
-1.058, -1.460e-3
-1.057, -1.471e-3
-1.056, -1.482e-3
-1.055, -1.495e-3
-1.054, -1.506e-3
-1.053, -1.518e-3
-1.052, -1.528e-3
-1.051, -1.538e-3
-1.050, -1.549e-3
-1.049, -1.567e-3
-1.048, -1.587e-3
-1.047, -1.601e-3
-1.046, -1.620e-3
-1.045, -1.639e-3
-1.044, -1.656e-3
-1.043, -1.668e-3
-1.042, -1.671e-3
-1.041, -1.680e-3
-1.040, -1.691e-3
-1.039, -1.701e-3
-1.038, -1.724e-3
-1.037, -1.745e-3
-1.036, -1.769e-3
-1.035, -1.791e-3
-1.034, -1.801e-3
-1.033, -1.807e-3
-1.032, -1.805e-3
-1.031, -1.813e-3
-1.030, -1.828e-3
-1.029, -1.845e-3
-1.028, -1.871e-3
-1.027, -1.893e-3
-1.026, -1.909e-3
-1.025, -1.920e-3
-1.024, -1.921e-3
-1.023, -1.927e-3
-1.022, -1.942e-3
-1.021, -1.956e-3
-1.020, -1.974e-3
-1.019, -1.988e-3
-1.018, -2.009e-3
-1.017, -2.033e-3
-1.016, -2.045e-3
-1.015, -2.051e-3
-1.014, -2.057e-3
-1.013, -2.067e-3
-1.012, -2.075e-3
-1.011, -2.086e-3
-1.010, -2.110e-3
-1.009, -2.131e-3
-1.008, -2.146e-3
-1.007, -2.161e-3
-1.006, -2.172e-3
-1.005, -2.180e-3
-1.004, -2.186e-3
-1.003, -2.190e-3
-1.002, -2.193e-3
-1.001, -2.186e-3
