June 28, 2026   07:08:35
Cyclic Voltammetry
File: c:/users/guazh/data/20260623_doe_duplica2/2026-06-24-exp30\exp30-2026-06-28t06_48_32-arkoh\exp30_cv_sr_400mvs_efin_-1900mv.bin
Data Source:  Experiment
Instrument Model:  CHI760E
Header: CV ran at 400 mVs
Note: 

Init E (V) = -1
High E (V) = -1
Low E (V) = -1.9
Final E (V) = -1
Init P/N = N
Scan Rate (V/s) = 0.4
Segment = 3
Sample Interval (V) = 0.001
Quiet Time (sec) = 2
Sensitivity (A/V) = 0.01
Comp R (ohm) = 2.3

Results:

Channel 1:
Segment 1:

Segment 2:

Segment 3:

Potential/V, Current/A

-1.000, 1.559e-7
-1.001, 1.559e-7
-1.002, 1.559e-7
-1.003, 1.559e-7
-1.004, 1.559e-7
-1.005, 1.559e-7
-1.006, 1.559e-7
-1.007, 1.559e-7
-1.008, 1.559e-7
-1.009, 1.559e-7
-1.010, 1.559e-7
-1.011, 1.559e-7
-1.012, 1.559e-7
-1.013, 1.559e-7
-1.014, 1.559e-7
-1.015, 1.559e-7
-1.016, 1.559e-7
-1.017, 1.559e-7
-1.018, 1.559e-7
-1.019, 1.559e-7
-1.020, 1.559e-7
-1.021, 1.559e-7
-1.022, 1.559e-7
-1.023, 3.239e-6
-1.024, 1.559e-7
-1.025, 1.559e-7
-1.026, 1.559e-7
-1.027, 1.559e-7
-1.028, 1.559e-7
-1.029, 1.559e-7
-1.030, 1.559e-7
-1.031, 1.559e-7
-1.032, 1.559e-7
-1.033, 1.559e-7
-1.034, 1.559e-7
-1.035, 1.559e-7
-1.036, 1.559e-7
-1.037, 3.239e-6
-1.038, 3.239e-6
-1.039, 1.559e-7
-1.040, 1.559e-7
-1.041, 3.239e-6
-1.042, 1.559e-7
-1.043, 3.239e-6
-1.044, 1.559e-7
-1.045, 1.559e-7
-1.046, 3.239e-6
-1.047, 3.239e-6
-1.048, 1.559e-7
-1.049, 3.239e-6
-1.050, 3.239e-6
-1.051, 3.239e-6
-1.052, 3.239e-6
-1.053, 3.239e-6
-1.054, 3.239e-6
-1.055, 3.239e-6
-1.056, 3.239e-6
-1.057, 3.239e-6
-1.058, 3.239e-6
-1.059, 3.239e-6
-1.060, 3.239e-6
-1.061, 3.239e-6
-1.062, 3.239e-6
-1.063, 3.239e-6
-1.064, 3.239e-6
-1.065, 1.559e-7
-1.066, 3.239e-6
-1.067, 3.239e-6
-1.068, 3.239e-6
-1.069, 3.239e-6
-1.070, 3.239e-6
-1.071, 3.239e-6
-1.072, 3.239e-6
-1.073, 3.239e-6
-1.074, 3.239e-6
-1.075, 3.239e-6
-1.076, 3.239e-6
-1.077, 3.239e-6
-1.078, 3.239e-6
-1.079, 3.239e-6
-1.080, 3.239e-6
-1.081, 3.239e-6
-1.082, 3.239e-6
-1.083, 3.239e-6
-1.084, 3.239e-6
-1.085, 3.239e-6
-1.086, 3.239e-6
-1.087, 3.239e-6
-1.088, 3.239e-6
-1.089, 3.239e-6
-1.090, 3.239e-6
-1.091, 3.239e-6
-1.092, 3.239e-6
-1.093, 3.239e-6
-1.094, 3.239e-6
-1.095, 3.239e-6
-1.096, 3.239e-6
-1.097, 3.239e-6
-1.098, 3.239e-6
-1.099, 3.239e-6
-1.100, 3.239e-6
-1.101, 3.239e-6
-1.102, 3.239e-6
-1.103, 3.239e-6
-1.104, 3.239e-6
-1.105, 3.239e-6
-1.106, 3.239e-6
-1.107, 3.239e-6
-1.108, 3.239e-6
-1.109, 3.239e-6
-1.110, 3.239e-6
-1.111, 3.239e-6
-1.112, 3.239e-6
-1.113, 3.239e-6
-1.114, 3.239e-6
-1.115, 3.239e-6
-1.116, 3.239e-6
-1.117, 3.239e-6
-1.118, 3.239e-6
-1.119, 3.239e-6
-1.120, 3.239e-6
-1.121, 3.239e-6
-1.122, 3.239e-6
-1.123, 3.239e-6
-1.124, 3.239e-6
-1.125, 3.239e-6
-1.126, 3.239e-6
-1.127, 3.239e-6
-1.128, 3.239e-6
-1.129, 6.322e-6
-1.130, 3.239e-6
-1.131, 3.239e-6
-1.132, 3.239e-6
-1.133, 3.239e-6
-1.134, 3.239e-6
-1.135, 3.239e-6
-1.136, 3.239e-6
-1.137, 3.239e-6
-1.138, 3.239e-6
-1.139, 3.239e-6
-1.140, 3.239e-6
-1.141, 3.239e-6
-1.142, 3.239e-6
-1.143, 3.239e-6
-1.144, 3.239e-6
-1.145, 3.239e-6
-1.146, 3.239e-6
-1.147, 3.239e-6
-1.148, 3.239e-6
-1.149, 3.239e-6
-1.150, 3.239e-6
-1.151, 3.239e-6
-1.152, 6.322e-6
-1.153, 3.239e-6
-1.154, 3.239e-6
-1.155, 3.239e-6
-1.156, 6.322e-6
-1.157, 3.239e-6
-1.158, 3.239e-6
-1.159, 3.239e-6
-1.160, 6.322e-6
-1.161, 6.322e-6
-1.162, 3.239e-6
-1.163, 6.322e-6
-1.164, 3.239e-6
-1.165, 3.239e-6
-1.166, 3.239e-6
-1.167, 6.322e-6
-1.168, 3.239e-6
-1.169, 3.239e-6
-1.170, 3.239e-6
-1.171, 3.239e-6
-1.172, 3.239e-6
-1.173, 3.239e-6
-1.174, 3.239e-6
-1.175, 3.239e-6
-1.176, 3.239e-6
-1.177, 6.322e-6
-1.178, 3.239e-6
-1.179, 3.239e-6
-1.180, 6.322e-6
-1.181, 6.322e-6
-1.182, 6.322e-6
-1.183, 6.322e-6
-1.184, 6.322e-6
-1.185, 6.322e-6
-1.186, 3.239e-6
-1.187, 3.239e-6
-1.188, 3.239e-6
-1.189, 6.322e-6
-1.190, 6.322e-6
-1.191, 3.239e-6
-1.192, 6.322e-6
-1.193, 6.322e-6
-1.194, 6.322e-6
-1.195, 3.239e-6
-1.196, 6.322e-6
-1.197, 6.322e-6
-1.198, 6.322e-6
-1.199, 6.322e-6
-1.200, 6.322e-6
-1.201, 6.322e-6
-1.202, 3.239e-6
-1.203, 6.322e-6
-1.204, 6.322e-6
-1.205, 6.322e-6
-1.206, 6.322e-6
-1.207, 6.322e-6
-1.208, 6.322e-6
-1.209, 3.239e-6
-1.210, 6.322e-6
-1.211, 6.322e-6
-1.212, 6.322e-6
-1.213, 6.322e-6
-1.214, 6.322e-6
-1.215, 6.322e-6
-1.216, 6.322e-6
-1.217, 6.322e-6
-1.218, 6.322e-6
-1.219, 6.322e-6
-1.220, 6.322e-6
-1.221, 6.322e-6
-1.222, 6.322e-6
-1.223, 6.322e-6
-1.224, 6.322e-6
-1.225, 6.322e-6
-1.226, 6.322e-6
-1.227, 6.322e-6
-1.228, 6.322e-6
-1.229, 6.322e-6
-1.230, 6.322e-6
-1.231, 6.322e-6
-1.232, 6.322e-6
-1.233, 6.322e-6
-1.234, 6.322e-6
-1.235, 6.322e-6
-1.236, 6.322e-6
-1.237, 6.322e-6
-1.238, 6.322e-6
-1.239, 6.322e-6
-1.240, 6.322e-6
-1.241, 6.322e-6
-1.242, 6.322e-6
-1.243, 6.322e-6
-1.244, 6.322e-6
-1.245, 6.322e-6
-1.246, 6.322e-6
-1.247, 6.322e-6
-1.248, 6.322e-6
-1.249, 6.322e-6
-1.250, 6.322e-6
-1.251, 6.322e-6
-1.252, 6.322e-6
-1.253, 6.322e-6
-1.254, 6.322e-6
-1.255, 6.322e-6
-1.256, 6.322e-6
-1.257, 6.322e-6
-1.258, 6.322e-6
-1.259, 6.322e-6
-1.260, 6.322e-6
-1.261, 6.322e-6
-1.262, 6.322e-6
-1.263, 6.322e-6
-1.264, 6.322e-6
-1.265, 6.322e-6
-1.266, 6.322e-6
-1.267, 9.405e-6
-1.268, 6.322e-6
-1.269, 6.322e-6
-1.270, 6.322e-6
-1.271, 6.322e-6
-1.272, 6.322e-6
-1.273, 6.322e-6
-1.274, 6.322e-6
-1.275, 6.322e-6
-1.276, 6.322e-6
-1.277, 6.322e-6
-1.278, 6.322e-6
-1.279, 6.322e-6
-1.280, 6.322e-6
-1.281, 6.322e-6
-1.282, 6.322e-6
-1.283, 6.322e-6
-1.284, 6.322e-6
-1.285, 6.322e-6
-1.286, 6.322e-6
-1.287, 6.322e-6
-1.288, 6.322e-6
-1.289, 6.322e-6
-1.290, 6.322e-6
-1.291, 6.322e-6
-1.292, 6.322e-6
-1.293, 6.322e-6
-1.294, 6.322e-6
-1.295, 6.322e-6
-1.296, 9.405e-6
-1.297, 6.322e-6
-1.298, 9.405e-6
-1.299, 6.322e-6
-1.300, 9.405e-6
-1.301, 6.322e-6
-1.302, 6.322e-6
-1.303, 6.322e-6
-1.304, 6.322e-6
-1.305, 6.322e-6
-1.306, 6.322e-6
-1.307, 9.405e-6
-1.308, 6.322e-6
-1.309, 9.405e-6
-1.310, 9.405e-6
-1.311, 6.322e-6
-1.312, 6.322e-6
-1.313, 9.405e-6
-1.314, 6.322e-6
-1.315, 6.322e-6
-1.316, 9.405e-6
-1.317, 9.405e-6
-1.318, 9.405e-6
-1.319, 9.405e-6
-1.320, 9.405e-6
-1.321, 9.405e-6
-1.322, 9.405e-6
-1.323, 9.405e-6
-1.324, 9.405e-6
-1.325, 9.405e-6
-1.326, 9.405e-6
-1.327, 9.405e-6
-1.328, 9.405e-6
-1.329, 9.405e-6
-1.330, 9.405e-6
-1.331, 6.322e-6
-1.332, 9.405e-6
-1.333, 9.405e-6
-1.334, 6.322e-6
-1.335, 9.405e-6
-1.336, 9.405e-6
-1.337, 9.405e-6
-1.338, 9.405e-6
-1.339, 9.405e-6
-1.340, 9.405e-6
-1.341, 9.405e-6
-1.342, 9.405e-6
-1.343, 9.405e-6
-1.344, 9.405e-6
-1.345, 9.405e-6
-1.346, 9.405e-6
-1.347, 9.405e-6
-1.348, 9.405e-6
-1.349, 9.405e-6
-1.350, 9.405e-6
-1.351, 9.405e-6
-1.352, 9.405e-6
-1.353, 9.405e-6
-1.354, 9.405e-6
-1.355, 9.405e-6
-1.356, 9.405e-6
-1.357, 9.405e-6
-1.358, 9.405e-6
-1.359, 9.405e-6
-1.360, 9.405e-6
-1.361, 9.405e-6
-1.362, 9.405e-6
-1.363, 9.405e-6
-1.364, 9.405e-6
-1.365, 9.405e-6
-1.366, 9.405e-6
-1.367, 9.405e-6
-1.368, 9.405e-6
-1.369, 9.405e-6
-1.370, 9.405e-6
-1.371, 9.405e-6
-1.372, 9.405e-6
-1.373, 9.405e-6
-1.374, 9.405e-6
-1.375, 9.405e-6
-1.376, 9.405e-6
-1.377, 9.405e-6
-1.378, 9.405e-6
-1.379, 9.405e-6
-1.380, 9.405e-6
-1.381, 9.405e-6
-1.382, 9.405e-6
-1.383, 9.405e-6
-1.384, 9.405e-6
-1.385, 9.405e-6
-1.386, 9.405e-6
-1.387, 1.249e-5
-1.388, 9.405e-6
-1.389, 9.405e-6
-1.390, 1.249e-5
-1.391, 9.405e-6
-1.392, 9.405e-6
-1.393, 1.249e-5
-1.394, 1.249e-5
-1.395, 9.405e-6
-1.396, 1.249e-5
-1.397, 9.405e-6
-1.398, 9.405e-6
-1.399, 1.249e-5
-1.400, 1.249e-5
-1.401, 9.405e-6
-1.402, 1.249e-5
-1.403, 9.405e-6
-1.404, 9.405e-6
-1.405, 9.405e-6
-1.406, 9.405e-6
-1.407, 9.405e-6
-1.408, 1.249e-5
-1.409, 1.249e-5
-1.410, 1.249e-5
-1.411, 1.249e-5
-1.412, 1.249e-5
-1.413, 1.249e-5
-1.414, 1.249e-5
-1.415, 1.249e-5
-1.416, 1.249e-5
-1.417, 1.249e-5
-1.418, 1.249e-5
-1.419, 1.249e-5
-1.420, 1.249e-5
-1.421, 1.249e-5
-1.422, 1.249e-5
-1.423, 1.249e-5
-1.424, 1.249e-5
-1.425, 1.249e-5
-1.426, 1.249e-5
-1.427, 1.249e-5
-1.428, 1.249e-5
-1.429, 1.249e-5
-1.430, 1.249e-5
-1.431, 1.249e-5
-1.432, 1.249e-5
-1.433, 1.249e-5
-1.434, 1.249e-5
-1.435, 1.249e-5
-1.436, 1.249e-5
-1.437, 1.249e-5
-1.438, 1.249e-5
-1.439, 1.249e-5
-1.440, 1.249e-5
-1.441, 1.249e-5
-1.442, 1.249e-5
-1.443, 1.249e-5
-1.444, 1.249e-5
-1.445, 1.557e-5
-1.446, 1.249e-5
-1.447, 1.557e-5
-1.448, 1.249e-5
-1.449, 1.557e-5
-1.450, 1.557e-5
-1.451, 1.557e-5
-1.452, 1.557e-5
-1.453, 1.557e-5
-1.454, 1.557e-5
-1.455, 1.557e-5
-1.456, 1.557e-5
-1.457, 1.557e-5
-1.458, 1.557e-5
-1.459, 1.557e-5
-1.460, 1.557e-5
-1.461, 1.557e-5
-1.462, 1.557e-5
-1.463, 1.557e-5
-1.464, 1.557e-5
-1.465, 1.557e-5
-1.466, 1.557e-5
-1.467, 1.557e-5
-1.468, 1.557e-5
-1.469, 1.557e-5
-1.470, 1.557e-5
-1.471, 1.557e-5
-1.472, 1.557e-5
-1.473, 1.557e-5
-1.474, 1.557e-5
-1.475, 1.557e-5
-1.476, 1.557e-5
-1.477, 1.865e-5
-1.478, 1.865e-5
-1.479, 1.865e-5
-1.480, 1.865e-5
-1.481, 1.865e-5
-1.482, 1.865e-5
-1.483, 1.865e-5
-1.484, 1.865e-5
-1.485, 1.865e-5
-1.486, 1.865e-5
-1.487, 1.865e-5
-1.488, 1.865e-5
-1.489, 1.865e-5
-1.490, 1.865e-5
-1.491, 1.865e-5
-1.492, 1.865e-5
-1.493, 1.865e-5
-1.494, 2.174e-5
-1.495, 1.865e-5
-1.496, 2.174e-5
-1.497, 2.174e-5
-1.498, 2.174e-5
-1.499, 2.174e-5
-1.500, 2.174e-5
-1.501, 2.174e-5
-1.502, 2.174e-5
-1.503, 2.174e-5
-1.504, 2.174e-5
-1.505, 2.174e-5
-1.506, 2.174e-5
-1.507, 2.174e-5
-1.508, 2.174e-5
-1.509, 2.174e-5
-1.510, 2.482e-5
-1.511, 2.482e-5
-1.512, 2.482e-5
-1.513, 2.482e-5
-1.514, 2.482e-5
-1.515, 2.482e-5
-1.516, 2.482e-5
-1.517, 2.482e-5
-1.518, 2.482e-5
-1.519, 2.482e-5
-1.520, 2.482e-5
-1.521, 2.790e-5
-1.522, 2.790e-5
-1.523, 2.790e-5
-1.524, 2.790e-5
-1.525, 2.790e-5
-1.526, 2.790e-5
-1.527, 2.790e-5
-1.528, 2.790e-5
-1.529, 2.790e-5
-1.530, 3.099e-5
-1.531, 2.790e-5
-1.532, 2.790e-5
-1.533, 3.099e-5
-1.534, 3.099e-5
-1.535, 3.099e-5
-1.536, 3.099e-5
-1.537, 3.099e-5
-1.538, 3.099e-5
-1.539, 3.099e-5
-1.540, 3.099e-5
-1.541, 3.099e-5
-1.542, 3.099e-5
-1.543, 3.099e-5
-1.544, 3.099e-5
-1.545, 3.407e-5
-1.546, 3.407e-5
-1.547, 3.407e-5
-1.548, 3.407e-5
-1.549, 3.407e-5
-1.550, 3.715e-5
-1.551, 3.407e-5
-1.552, 3.715e-5
-1.553, 3.715e-5
-1.554, 3.715e-5
-1.555, 3.715e-5
-1.556, 3.715e-5
-1.557, 3.715e-5
-1.558, 3.715e-5
-1.559, 4.024e-5
-1.560, 4.024e-5
-1.561, 4.024e-5
-1.562, 4.024e-5
-1.563, 4.332e-5
-1.564, 4.332e-5
-1.565, 4.332e-5
-1.566, 4.332e-5
-1.567, 4.332e-5
-1.568, 4.332e-5
-1.569, 4.332e-5
-1.570, 4.332e-5
-1.571, 4.640e-5
-1.572, 4.640e-5
-1.573, 4.640e-5
-1.574, 4.640e-5
-1.575, 4.640e-5
-1.576, 4.949e-5
-1.577, 4.640e-5
-1.578, 4.949e-5
-1.579, 4.949e-5
-1.580, 4.949e-5
-1.581, 5.257e-5
-1.582, 5.257e-5
-1.583, 5.257e-5
-1.584, 5.257e-5
-1.585, 5.565e-5
-1.586, 5.257e-5
-1.587, 5.565e-5
-1.588, 5.565e-5
-1.589, 5.873e-5
-1.590, 5.873e-5
-1.591, 5.873e-5
-1.592, 5.873e-5
-1.593, 5.873e-5
-1.594, 5.873e-5
-1.595, 5.873e-5
-1.596, 6.182e-5
-1.597, 6.182e-5
-1.598, 6.182e-5
-1.599, 6.490e-5
-1.600, 6.490e-5
-1.601, 6.490e-5
-1.602, 6.798e-5
-1.603, 6.798e-5
-1.604, 6.798e-5
-1.605, 7.107e-5
-1.606, 7.107e-5
-1.607, 7.107e-5
-1.608, 7.415e-5
-1.609, 7.415e-5
-1.610, 7.415e-5
-1.611, 7.415e-5
-1.612, 7.723e-5
-1.613, 7.723e-5
-1.614, 7.723e-5
-1.615, 7.723e-5
-1.616, 8.032e-5
-1.617, 8.032e-5
-1.618, 8.340e-5
-1.619, 8.340e-5
-1.620, 8.648e-5
-1.621, 8.648e-5
-1.622, 8.957e-5
-1.623, 8.957e-5
-1.624, 8.957e-5
-1.625, 8.957e-5
-1.626, 9.265e-5
-1.627, 9.265e-5
-1.628, 9.573e-5
-1.629, 9.573e-5
-1.630, 9.882e-5
-1.631, 9.882e-5
-1.632, 1.019e-4
-1.633, 1.019e-4
-1.634, 1.050e-4
-1.635, 1.081e-4
-1.636, 1.081e-4
-1.637, 1.081e-4
-1.638, 1.111e-4
-1.639, 1.111e-4
-1.640, 1.173e-4
-1.641, 1.173e-4
-1.642, 1.204e-4
-1.643, 1.204e-4
-1.644, 1.204e-4
-1.645, 1.235e-4
-1.646, 1.266e-4
-1.647, 1.266e-4
-1.648, 1.296e-4
-1.649, 1.296e-4
-1.650, 1.327e-4
-1.651, 1.358e-4
-1.652, 1.389e-4
-1.653, 1.420e-4
-1.654, 1.420e-4
-1.655, 1.451e-4
-1.656, 1.451e-4
-1.657, 1.481e-4
-1.658, 1.512e-4
-1.659, 1.543e-4
-1.660, 1.574e-4
-1.661, 1.605e-4
-1.662, 1.636e-4
-1.663, 1.666e-4
-1.664, 1.666e-4
-1.665, 1.728e-4
-1.666, 1.728e-4
-1.667, 1.759e-4
-1.668, 1.790e-4
-1.669, 1.821e-4
-1.670, 1.882e-4
-1.671, 1.882e-4
-1.672, 1.944e-4
-1.673, 1.944e-4
-1.674, 1.975e-4
-1.675, 2.036e-4
-1.676, 2.067e-4
-1.677, 2.098e-4
-1.678, 2.160e-4
-1.679, 2.191e-4
-1.680, 2.221e-4
-1.681, 2.252e-4
-1.682, 2.283e-4
-1.683, 2.345e-4
-1.684, 2.376e-4
-1.685, 2.437e-4
-1.686, 2.468e-4
-1.687, 2.499e-4
-1.688, 2.530e-4
-1.689, 2.591e-4
-1.690, 2.653e-4
-1.691, 2.715e-4
-1.692, 2.746e-4
-1.693, 2.807e-4
-1.694, 2.869e-4
-1.695, 2.900e-4
-1.696, 2.931e-4
-1.697, 3.023e-4
-1.698, 3.085e-4
-1.699, 3.146e-4
-1.700, 3.208e-4
-1.701, 3.270e-4
-1.702, 3.300e-4
-1.703, 3.362e-4
-1.704, 3.455e-4
-1.705, 3.516e-4
-1.706, 3.609e-4
-1.707, 3.640e-4
-1.708, 3.701e-4
-1.709, 3.794e-4
-1.710, 3.855e-4
-1.711, 3.948e-4
-1.712, 4.010e-4
-1.713, 4.102e-4
-1.714, 4.164e-4
-1.715, 4.256e-4
-1.716, 4.349e-4
-1.717, 4.441e-4
-1.718, 4.503e-4
-1.719, 4.565e-4
-1.720, 4.657e-4
-1.721, 4.780e-4
-1.722, 4.873e-4
-1.723, 4.996e-4
-1.724, 5.058e-4
-1.725, 5.150e-4
-1.726, 5.274e-4
-1.727, 5.397e-4
-1.728, 5.489e-4
-1.729, 5.613e-4
-1.730, 5.705e-4
-1.731, 5.798e-4
-1.732, 5.921e-4
-1.733, 6.075e-4
-1.734, 6.199e-4
-1.735, 6.322e-4
-1.736, 6.414e-4
-1.737, 6.538e-4
-1.738, 6.692e-4
-1.739, 6.815e-4
-1.740, 6.969e-4
-1.741, 7.093e-4
-1.742, 7.247e-4
-1.743, 7.401e-4
-1.744, 7.555e-4
-1.745, 7.709e-4
-1.746, 7.863e-4
-1.747, 8.018e-4
-1.748, 8.203e-4
-1.749, 8.357e-4
-1.750, 8.511e-4
-1.751, 8.665e-4
-1.752, 8.850e-4
-1.753, 9.066e-4
-1.754, 9.220e-4
-1.755, 9.405e-4
-1.756, 9.590e-4
-1.757, 9.775e-4
-1.758, 9.960e-4
-1.759, 1.018e-3
-1.760, 1.036e-3
-1.761, 1.055e-3
-1.762, 1.076e-3
-1.763, 1.098e-3
-1.764, 1.119e-3
-1.765, 1.138e-3
-1.766, 1.166e-3
-1.767, 1.190e-3
-1.768, 1.212e-3
-1.769, 1.230e-3
-1.770, 1.255e-3
-1.771, 1.277e-3
-1.772, 1.301e-3
-1.773, 1.323e-3
-1.774, 1.351e-3
-1.775, 1.381e-3
-1.776, 1.409e-3
-1.777, 1.431e-3
-1.778, 1.458e-3
-1.779, 1.489e-3
-1.780, 1.514e-3
-1.781, 1.542e-3
-1.782, 1.566e-3
-1.783, 1.600e-3
-1.784, 1.631e-3
-1.785, 1.659e-3
-1.786, 1.687e-3
-1.787, 1.717e-3
-1.788, 1.751e-3
-1.789, 1.782e-3
-1.790, 1.813e-3
-1.791, 1.847e-3
-1.792, 1.878e-3
-1.793, 1.909e-3
-1.794, 1.946e-3
-1.795, 1.980e-3
-1.796, 2.013e-3
-1.797, 2.047e-3
-1.798, 2.084e-3
-1.799, 2.118e-3
-1.800, 2.158e-3
-1.801, 2.192e-3
-1.802, 2.229e-3
-1.803, 2.269e-3
-1.804, 2.303e-3
-1.805, 2.340e-3
-1.806, 2.383e-3
-1.807, 2.420e-3
-1.808, 2.457e-3
-1.809, 2.497e-3
-1.810, 2.538e-3
-1.811, 2.581e-3
-1.812, 2.621e-3
-1.813, 2.667e-3
-1.814, 2.707e-3
-1.815, 2.744e-3
-1.816, 2.787e-3
-1.817, 2.834e-3
-1.818, 2.874e-3
-1.819, 2.917e-3
-1.820, 2.960e-3
-1.821, 3.009e-3
-1.822, 3.049e-3
-1.823, 3.099e-3
-1.824, 3.142e-3
-1.825, 3.191e-3
-1.826, 3.234e-3
-1.827, 3.284e-3
-1.828, 3.333e-3
-1.829, 3.376e-3
-1.830, 3.429e-3
-1.831, 3.475e-3
-1.832, 3.524e-3
-1.833, 3.573e-3
-1.834, 3.626e-3
-1.835, 3.675e-3
-1.836, 3.728e-3
-1.837, 3.777e-3
-1.838, 3.829e-3
-1.839, 3.882e-3
-1.840, 3.928e-3
-1.841, 3.980e-3
-1.842, 4.036e-3
-1.843, 4.088e-3
-1.844, 4.147e-3
-1.845, 4.199e-3
-1.846, 4.252e-3
-1.847, 4.307e-3
-1.848, 4.360e-3
-1.849, 4.415e-3
-1.850, 4.474e-3
-1.851, 4.523e-3
-1.852, 4.588e-3
-1.853, 4.643e-3
-1.854, 4.693e-3
-1.855, 4.757e-3
-1.856, 4.807e-3
-1.857, 4.868e-3
-1.858, 4.924e-3
-1.859, 4.979e-3
-1.860, 5.047e-3
-1.861, 5.103e-3
-1.862, 5.155e-3
-1.863, 5.220e-3
-1.864, 5.278e-3
-1.865, 5.334e-3
-1.866, 5.399e-3
-1.867, 5.454e-3
-1.868, 5.522e-3
-1.869, 5.578e-3
-1.870, 5.639e-3
-1.871, 5.707e-3
-1.872, 5.762e-3
-1.873, 5.827e-3
-1.874, 5.886e-3
-1.875, 5.947e-3
-1.876, 6.012e-3
-1.877, 6.071e-3
-1.878, 6.132e-3
-1.879, 6.197e-3
-1.880, 6.262e-3
-1.881, 6.327e-3
-1.882, 6.388e-3
-1.883, 6.459e-3
-1.884, 6.521e-3
-1.885, 6.586e-3
-1.886, 6.654e-3
-1.887, 6.718e-3
-1.888, 6.786e-3
-1.889, 6.848e-3
-1.890, 6.916e-3
-1.891, 6.983e-3
-1.892, 7.051e-3
-1.893, 7.119e-3
-1.894, 7.187e-3
-1.895, 7.255e-3
-1.896, 7.319e-3
-1.897, 7.390e-3
-1.898, 7.458e-3
-1.899, 7.523e-3
-1.900, 7.554e-3
-1.899, 7.511e-3
-1.898, 7.458e-3
-1.897, 7.409e-3
-1.896, 7.369e-3
-1.895, 7.316e-3
-1.894, 7.270e-3
-1.893, 7.218e-3
-1.892, 7.168e-3
-1.891, 7.110e-3
-1.890, 7.060e-3
-1.889, 7.008e-3
-1.888, 6.953e-3
-1.887, 6.903e-3
-1.886, 6.848e-3
-1.885, 6.801e-3
-1.884, 6.746e-3
-1.883, 6.697e-3
-1.882, 6.644e-3
-1.881, 6.595e-3
-1.880, 6.543e-3
-1.879, 6.487e-3
-1.878, 6.435e-3
-1.877, 6.382e-3
-1.876, 6.333e-3
-1.875, 6.277e-3
-1.874, 6.225e-3
-1.873, 6.182e-3
-1.872, 6.126e-3
-1.871, 6.074e-3
-1.870, 6.028e-3
-1.869, 5.975e-3
-1.868, 5.923e-3
-1.867, 5.870e-3
-1.866, 5.827e-3
-1.865, 5.772e-3
-1.864, 5.722e-3
-1.863, 5.673e-3
-1.862, 5.621e-3
-1.861, 5.574e-3
-1.860, 5.522e-3
-1.859, 5.470e-3
-1.858, 5.423e-3
-1.857, 5.371e-3
-1.856, 5.325e-3
-1.855, 5.275e-3
-1.854, 5.226e-3
-1.853, 5.180e-3
-1.852, 5.127e-3
-1.851, 5.078e-3
-1.850, 5.035e-3
-1.849, 4.989e-3
-1.848, 4.945e-3
-1.847, 4.896e-3
-1.846, 4.847e-3
-1.845, 4.801e-3
-1.844, 4.751e-3
-1.843, 4.708e-3
-1.842, 4.665e-3
-1.841, 4.622e-3
-1.840, 4.572e-3
-1.839, 4.529e-3
-1.838, 4.483e-3
-1.837, 4.434e-3
-1.836, 4.394e-3
-1.835, 4.354e-3
-1.834, 4.307e-3
-1.833, 4.264e-3
-1.832, 4.221e-3
-1.831, 4.178e-3
-1.830, 4.135e-3
-1.829, 4.091e-3
-1.828, 4.048e-3
-1.827, 4.008e-3
-1.826, 3.965e-3
-1.825, 3.922e-3
-1.824, 3.879e-3
-1.823, 3.839e-3
-1.822, 3.795e-3
-1.821, 3.752e-3
-1.820, 3.718e-3
-1.819, 3.678e-3
-1.818, 3.635e-3
-1.817, 3.598e-3
-1.816, 3.558e-3
-1.815, 3.521e-3
-1.814, 3.481e-3
-1.813, 3.441e-3
-1.812, 3.404e-3
-1.811, 3.364e-3
-1.810, 3.333e-3
-1.809, 3.293e-3
-1.808, 3.253e-3
-1.807, 3.216e-3
-1.806, 3.182e-3
-1.805, 3.142e-3
-1.804, 3.105e-3
-1.803, 3.074e-3
-1.802, 3.037e-3
-1.801, 3.000e-3
-1.800, 2.963e-3
-1.799, 2.929e-3
-1.798, 2.892e-3
-1.797, 2.855e-3
-1.796, 2.824e-3
-1.795, 2.793e-3
-1.794, 2.760e-3
-1.793, 2.726e-3
-1.792, 2.695e-3
-1.791, 2.661e-3
-1.790, 2.627e-3
-1.789, 2.593e-3
-1.788, 2.565e-3
-1.787, 2.531e-3
-1.786, 2.501e-3
-1.785, 2.464e-3
-1.784, 2.439e-3
-1.783, 2.408e-3
-1.782, 2.374e-3
-1.781, 2.346e-3
-1.780, 2.319e-3
-1.779, 2.288e-3
-1.778, 2.257e-3
-1.777, 2.229e-3
-1.776, 2.201e-3
-1.775, 2.171e-3
-1.774, 2.143e-3
-1.773, 2.115e-3
-1.772, 2.091e-3
-1.771, 2.060e-3
-1.770, 2.035e-3
-1.769, 2.007e-3
-1.768, 1.986e-3
-1.767, 1.958e-3
-1.766, 1.930e-3
-1.765, 1.902e-3
-1.764, 1.878e-3
-1.763, 1.853e-3
-1.762, 1.828e-3
-1.761, 1.801e-3
-1.760, 1.776e-3
-1.759, 1.758e-3
-1.758, 1.730e-3
-1.757, 1.705e-3
-1.756, 1.684e-3
-1.755, 1.662e-3
-1.754, 1.637e-3
-1.753, 1.610e-3
-1.752, 1.591e-3
-1.751, 1.569e-3
-1.750, 1.545e-3
-1.749, 1.520e-3
-1.748, 1.505e-3
-1.747, 1.483e-3
-1.746, 1.462e-3
-1.745, 1.437e-3
-1.744, 1.415e-3
-1.743, 1.400e-3
-1.742, 1.381e-3
-1.741, 1.360e-3
-1.740, 1.338e-3
-1.739, 1.317e-3
-1.738, 1.298e-3
-1.737, 1.283e-3
-1.736, 1.261e-3
-1.735, 1.243e-3
-1.734, 1.224e-3
-1.733, 1.209e-3
-1.732, 1.190e-3
-1.731, 1.175e-3
-1.730, 1.156e-3
-1.729, 1.138e-3
-1.728, 1.122e-3
-1.727, 1.104e-3
-1.726, 1.088e-3
-1.725, 1.070e-3
-1.724, 1.055e-3
-1.723, 1.042e-3
-1.722, 1.024e-3
-1.721, 1.008e-3
-1.720, 9.929e-4
-1.719, 9.775e-4
-1.718, 9.590e-4
-1.717, 9.498e-4
-1.716, 9.343e-4
-1.715, 9.189e-4
-1.714, 9.035e-4
-1.713, 8.912e-4
-1.712, 8.758e-4
-1.711, 8.634e-4
-1.710, 8.511e-4
-1.709, 8.357e-4
-1.708, 8.203e-4
-1.707, 8.079e-4
-1.706, 7.956e-4
-1.705, 7.863e-4
-1.704, 7.740e-4
-1.703, 7.586e-4
-1.702, 7.463e-4
-1.701, 7.339e-4
-1.700, 7.216e-4
-1.699, 7.124e-4
-1.698, 7.000e-4
-1.697, 6.877e-4
-1.696, 6.754e-4
-1.695, 6.630e-4
-1.694, 6.569e-4
-1.693, 6.445e-4
-1.692, 6.353e-4
-1.691, 6.260e-4
-1.690, 6.168e-4
-1.689, 6.044e-4
-1.688, 5.921e-4
-1.687, 5.829e-4
-1.686, 5.736e-4
-1.685, 5.644e-4
-1.684, 5.551e-4
-1.683, 5.459e-4
-1.682, 5.366e-4
-1.681, 5.274e-4
-1.680, 5.212e-4
-1.679, 5.089e-4
-1.678, 5.027e-4
-1.677, 4.935e-4
-1.676, 4.842e-4
-1.675, 4.780e-4
-1.674, 4.688e-4
-1.673, 4.595e-4
-1.672, 4.534e-4
-1.671, 4.472e-4
-1.670, 4.380e-4
-1.669, 4.287e-4
-1.668, 4.225e-4
-1.667, 4.164e-4
-1.666, 4.102e-4
-1.665, 4.040e-4
-1.664, 3.948e-4
-1.663, 3.886e-4
-1.662, 3.794e-4
-1.661, 3.763e-4
-1.660, 3.670e-4
-1.659, 3.609e-4
-1.658, 3.547e-4
-1.657, 3.485e-4
-1.656, 3.424e-4
-1.655, 3.362e-4
-1.654, 3.300e-4
-1.653, 3.270e-4
-1.652, 3.208e-4
-1.651, 3.146e-4
-1.650, 3.115e-4
-1.649, 3.054e-4
-1.648, 2.961e-4
-1.647, 2.931e-4
-1.646, 2.869e-4
-1.645, 2.807e-4
-1.644, 2.776e-4
-1.643, 2.715e-4
-1.642, 2.684e-4
-1.641, 2.622e-4
-1.640, 2.591e-4
-1.639, 2.530e-4
-1.638, 2.499e-4
-1.637, 2.437e-4
-1.636, 2.376e-4
-1.635, 2.345e-4
-1.634, 2.314e-4
-1.633, 2.283e-4
-1.632, 2.221e-4
-1.631, 2.191e-4
-1.630, 2.160e-4
-1.629, 2.129e-4
-1.628, 2.098e-4
-1.627, 2.036e-4
-1.626, 2.006e-4
-1.625, 1.975e-4
-1.624, 1.913e-4
-1.623, 1.882e-4
-1.622, 1.851e-4
-1.621, 1.821e-4
-1.620, 1.790e-4
-1.619, 1.759e-4
-1.618, 1.728e-4
-1.617, 1.697e-4
-1.616, 1.666e-4
-1.615, 1.636e-4
-1.614, 1.605e-4
-1.613, 1.574e-4
-1.612, 1.543e-4
-1.611, 1.512e-4
-1.610, 1.481e-4
-1.609, 1.451e-4
-1.608, 1.420e-4
-1.607, 1.420e-4
-1.606, 1.389e-4
-1.605, 1.327e-4
-1.604, 1.327e-4
-1.603, 1.296e-4
-1.602, 1.296e-4
-1.601, 1.266e-4
-1.600, 1.235e-4
-1.599, 1.204e-4
-1.598, 1.173e-4
-1.597, 1.173e-4
-1.596, 1.142e-4
-1.595, 1.111e-4
-1.594, 1.111e-4
-1.593, 1.050e-4
-1.592, 1.050e-4
-1.591, 1.019e-4
-1.590, 1.019e-4
-1.589, 9.882e-5
-1.588, 9.573e-5
-1.587, 9.573e-5
-1.586, 9.265e-5
-1.585, 9.265e-5
-1.584, 8.957e-5
-1.583, 8.648e-5
-1.582, 8.648e-5
-1.581, 8.340e-5
-1.580, 8.340e-5
-1.579, 8.032e-5
-1.578, 7.723e-5
-1.577, 7.723e-5
-1.576, 7.723e-5
-1.575, 7.415e-5
-1.574, 7.415e-5
-1.573, 7.107e-5
-1.572, 7.107e-5
-1.571, 6.798e-5
-1.570, 6.798e-5
-1.569, 6.490e-5
-1.568, 6.490e-5
-1.567, 6.490e-5
-1.566, 6.490e-5
-1.565, 6.182e-5
-1.564, 5.873e-5
-1.563, 5.873e-5
-1.562, 5.873e-5
-1.561, 5.565e-5
-1.560, 5.565e-5
-1.559, 5.257e-5
-1.558, 5.257e-5
-1.557, 5.257e-5
-1.556, 4.949e-5
-1.555, 4.949e-5
-1.554, 4.949e-5
-1.553, 4.640e-5
-1.552, 4.640e-5
-1.551, 4.640e-5
-1.550, 4.640e-5
-1.549, 4.332e-5
-1.548, 4.332e-5
-1.547, 4.332e-5
-1.546, 4.024e-5
-1.545, 4.024e-5
-1.544, 4.024e-5
-1.543, 3.715e-5
-1.542, 3.715e-5
-1.541, 3.715e-5
-1.540, 3.407e-5
-1.539, 3.407e-5
-1.538, 3.407e-5
-1.537, 3.407e-5
-1.536, 3.407e-5
-1.535, 3.099e-5
-1.534, 3.099e-5
-1.533, 3.099e-5
-1.532, 2.790e-5
-1.531, 2.790e-5
-1.530, 2.790e-5
-1.529, 2.790e-5
-1.528, 2.482e-5
-1.527, 2.790e-5
-1.526, 2.482e-5
-1.525, 2.482e-5
-1.524, 2.482e-5
-1.523, 2.482e-5
-1.522, 2.482e-5
-1.521, 2.174e-5
-1.520, 2.174e-5
-1.519, 2.174e-5
-1.518, 2.174e-5
-1.517, 1.865e-5
-1.516, 1.865e-5
-1.515, 1.865e-5
-1.514, 1.865e-5
-1.513, 1.865e-5
-1.512, 1.557e-5
-1.511, 1.865e-5
-1.510, 1.557e-5
-1.509, 1.557e-5
-1.508, 1.557e-5
-1.507, 1.557e-5
-1.506, 1.557e-5
-1.505, 1.557e-5
-1.504, 1.249e-5
-1.503, 1.249e-5
-1.502, 1.249e-5
-1.501, 1.249e-5
-1.500, 1.249e-5
-1.499, 1.249e-5
-1.498, 1.249e-5
-1.497, 1.249e-5
-1.496, 1.249e-5
-1.495, 9.405e-6
-1.494, 9.405e-6
-1.493, 9.405e-6
-1.492, 9.405e-6
-1.491, 9.405e-6
-1.490, 9.405e-6
-1.489, 9.405e-6
-1.488, 9.405e-6
-1.487, 9.405e-6
-1.486, 9.405e-6
-1.485, 6.322e-6
-1.484, 6.322e-6
-1.483, 6.322e-6
-1.482, 6.322e-6
-1.481, 6.322e-6
-1.480, 6.322e-6
-1.479, 6.322e-6
-1.478, 6.322e-6
-1.477, 6.322e-6
-1.476, 6.322e-6
-1.475, 3.239e-6
-1.474, 6.322e-6
-1.473, 6.322e-6
-1.472, 3.239e-6
-1.471, 3.239e-6
-1.470, 3.239e-6
-1.469, 3.239e-6
-1.468, 3.239e-6
-1.467, 3.239e-6
-1.466, 3.239e-6
-1.465, 3.239e-6
-1.464, 3.239e-6
-1.463, 3.239e-6
-1.462, 3.239e-6
-1.461, 3.239e-6
-1.460, 1.559e-7
-1.459, 3.239e-6
-1.458, 1.559e-7
-1.457, 1.559e-7
-1.456, 1.559e-7
-1.455, 1.559e-7
-1.454, 1.559e-7
-1.453, 3.239e-6
-1.452, 1.559e-7
-1.451, 1.559e-7
-1.450, 1.559e-7
-1.449, 1.559e-7
-1.448, 1.559e-7
-1.447, 1.559e-7
-1.446, 1.559e-7
-1.445, 1.559e-7
-1.444, 1.559e-7
-1.443, 1.559e-7
-1.442, 1.559e-7
-1.441, 1.559e-7
-1.440, 1.559e-7
-1.439, 1.559e-7
-1.438, 1.559e-7
-1.437, 1.559e-7
-1.436, 1.559e-7
-1.435, 1.559e-7
-1.434, -2.927e-6
-1.433, -2.927e-6
-1.432, -2.927e-6
-1.431, -2.927e-6
-1.430, -2.927e-6
-1.429, -2.927e-6
-1.428, -2.927e-6
-1.427, -2.927e-6
-1.426, -2.927e-6
-1.425, -2.927e-6
-1.424, -2.927e-6
-1.423, -2.927e-6
-1.422, -2.927e-6
-1.421, -2.927e-6
-1.420, -2.927e-6
-1.419, -2.927e-6
-1.418, -2.927e-6
-1.417, -2.927e-6
-1.416, -2.927e-6
-1.415, -2.927e-6
-1.414, -2.927e-6
-1.413, -2.927e-6
-1.412, -2.927e-6
-1.411, -2.927e-6
-1.410, -2.927e-6
-1.409, -2.927e-6
-1.408, -2.927e-6
-1.407, -2.927e-6
-1.406, -2.927e-6
-1.405, -2.927e-6
-1.404, -2.927e-6
-1.403, -2.927e-6
-1.402, -2.927e-6
-1.401, -2.927e-6
-1.400, -2.927e-6
-1.399, -2.927e-6
-1.398, -2.927e-6
-1.397, -2.927e-6
-1.396, -2.927e-6
-1.395, -2.927e-6
-1.394, -6.010e-6
-1.393, -2.927e-6
-1.392, -6.010e-6
-1.391, -2.927e-6
-1.390, -2.927e-6
-1.389, -2.927e-6
-1.388, -6.010e-6
-1.387, -2.927e-6
-1.386, -2.927e-6
-1.385, -6.010e-6
-1.384, -2.927e-6
-1.383, -2.927e-6
-1.382, -6.010e-6
-1.381, -6.010e-6
-1.380, -6.010e-6
-1.379, -6.010e-6
-1.378, -6.010e-6
-1.377, -2.927e-6
-1.376, -6.010e-6
-1.375, -6.010e-6
-1.374, -2.927e-6
-1.373, -6.010e-6
-1.372, -6.010e-6
-1.371, -6.010e-6
-1.370, -2.927e-6
-1.369, -6.010e-6
-1.368, -6.010e-6
-1.367, -2.927e-6
-1.366, -6.010e-6
-1.365, -6.010e-6
-1.364, -6.010e-6
-1.363, -6.010e-6
-1.362, -6.010e-6
-1.361, -6.010e-6
-1.360, -6.010e-6
-1.359, -6.010e-6
-1.358, -6.010e-6
-1.357, -6.010e-6
-1.356, -6.010e-6
-1.355, -6.010e-6
-1.354, -6.010e-6
-1.353, -6.010e-6
-1.352, -6.010e-6
-1.351, -6.010e-6
-1.350, -6.010e-6
-1.349, -6.010e-6
-1.348, -6.010e-6
-1.347, -6.010e-6
-1.346, -6.010e-6
-1.345, -6.010e-6
-1.344, -6.010e-6
-1.343, -6.010e-6
-1.342, -6.010e-6
-1.341, -6.010e-6
-1.340, -6.010e-6
-1.339, -6.010e-6
-1.338, -6.010e-6
-1.337, -6.010e-6
-1.336, -6.010e-6
-1.335, -6.010e-6
-1.334, -6.010e-6
-1.333, -6.010e-6
-1.332, -6.010e-6
-1.331, -6.010e-6
-1.330, -6.010e-6
-1.329, -6.010e-6
-1.328, -6.010e-6
-1.327, -6.010e-6
-1.326, -6.010e-6
-1.325, -6.010e-6
-1.324, -6.010e-6
-1.323, -6.010e-6
-1.322, -6.010e-6
-1.321, -6.010e-6
-1.320, -6.010e-6
-1.319, -6.010e-6
-1.318, -6.010e-6
-1.317, -6.010e-6
-1.316, -6.010e-6
-1.315, -6.010e-6
-1.314, -6.010e-6
-1.313, -6.010e-6
-1.312, -6.010e-6
-1.311, -6.010e-6
-1.310, -6.010e-6
-1.309, -6.010e-6
-1.308, -6.010e-6
-1.307, -6.010e-6
-1.306, -6.010e-6
-1.305, -6.010e-6
-1.304, -6.010e-6
-1.303, -6.010e-6
-1.302, -6.010e-6
-1.301, -6.010e-6
-1.300, -6.010e-6
-1.299, -6.010e-6
-1.298, -6.010e-6
-1.297, -6.010e-6
-1.296, -6.010e-6
-1.295, -6.010e-6
-1.294, -6.010e-6
-1.293, -6.010e-6
-1.292, -6.010e-6
-1.291, -6.010e-6
-1.290, -6.010e-6
-1.289, -6.010e-6
-1.288, -6.010e-6
-1.287, -6.010e-6
-1.286, -6.010e-6
-1.285, -6.010e-6
-1.284, -6.010e-6
-1.283, -6.010e-6
-1.282, -6.010e-6
-1.281, -6.010e-6
-1.280, -6.010e-6
-1.279, -6.010e-6
-1.278, -6.010e-6
-1.277, -6.010e-6
-1.276, -6.010e-6
-1.275, -6.010e-6
-1.274, -6.010e-6
-1.273, -6.010e-6
-1.272, -6.010e-6
-1.271, -6.010e-6
-1.270, -6.010e-6
-1.269, -6.010e-6
-1.268, -6.010e-6
-1.267, -6.010e-6
-1.266, -6.010e-6
-1.265, -6.010e-6
-1.264, -6.010e-6
-1.263, -6.010e-6
-1.262, -6.010e-6
-1.261, -6.010e-6
-1.260, -6.010e-6
-1.259, -6.010e-6
-1.258, -6.010e-6
-1.257, -6.010e-6
-1.256, -6.010e-6
-1.255, -6.010e-6
-1.254, -6.010e-6
-1.253, -6.010e-6
-1.252, -6.010e-6
-1.251, -6.010e-6
-1.250, -6.010e-6
-1.249, -6.010e-6
-1.248, -6.010e-6
-1.247, -6.010e-6
-1.246, -6.010e-6
-1.245, -6.010e-6
-1.244, -6.010e-6
-1.243, -6.010e-6
-1.242, -6.010e-6
-1.241, -6.010e-6
-1.240, -6.010e-6
-1.239, -6.010e-6
-1.238, -6.010e-6
-1.237, -6.010e-6
-1.236, -6.010e-6
-1.235, -6.010e-6
-1.234, -6.010e-6
-1.233, -6.010e-6
-1.232, -6.010e-6
-1.231, -6.010e-6
-1.230, -6.010e-6
-1.229, -6.010e-6
-1.228, -6.010e-6
-1.227, -6.010e-6
-1.226, -6.010e-6
-1.225, -6.010e-6
-1.224, -6.010e-6
-1.223, -6.010e-6
-1.222, -6.010e-6
-1.221, -6.010e-6
-1.220, -6.010e-6
-1.219, -6.010e-6
-1.218, -6.010e-6
-1.217, -6.010e-6
-1.216, -6.010e-6
-1.215, -6.010e-6
-1.214, -6.010e-6
-1.213, -6.010e-6
-1.212, -6.010e-6
-1.211, -6.010e-6
-1.210, -6.010e-6
-1.209, -6.010e-6
-1.208, -6.010e-6
-1.207, -6.010e-6
-1.206, -6.010e-6
-1.205, -6.010e-6
-1.204, -6.010e-6
-1.203, -6.010e-6
-1.202, -6.010e-6
-1.201, -6.010e-6
-1.200, -6.010e-6
-1.199, -6.010e-6
-1.198, -6.010e-6
-1.197, -6.010e-6
-1.196, -6.010e-6
-1.195, -6.010e-6
-1.194, -6.010e-6
-1.193, -6.010e-6
-1.192, -6.010e-6
-1.191, -6.010e-6
-1.190, -6.010e-6
-1.189, -6.010e-6
-1.188, -6.010e-6
-1.187, -6.010e-6
-1.186, -6.010e-6
-1.185, -6.010e-6
-1.184, -6.010e-6
-1.183, -9.093e-6
-1.182, -6.010e-6
-1.181, -6.010e-6
-1.180, -6.010e-6
-1.179, -6.010e-6
-1.178, -6.010e-6
-1.177, -6.010e-6
-1.176, -6.010e-6
-1.175, -6.010e-6
-1.174, -6.010e-6
-1.173, -6.010e-6
-1.172, -6.010e-6
-1.171, -6.010e-6
-1.170, -6.010e-6
-1.169, -6.010e-6
-1.168, -6.010e-6
-1.167, -6.010e-6
-1.166, -6.010e-6
-1.165, -6.010e-6
-1.164, -6.010e-6
-1.163, -9.093e-6
-1.162, -9.093e-6
-1.161, -6.010e-6
-1.160, -6.010e-6
-1.159, -6.010e-6
-1.158, -6.010e-6
-1.157, -6.010e-6
-1.156, -6.010e-6
-1.155, -9.093e-6
-1.154, -6.010e-6
-1.153, -6.010e-6
-1.152, -6.010e-6
-1.151, -6.010e-6
-1.150, -6.010e-6
-1.149, -9.093e-6
-1.148, -9.093e-6
-1.147, -9.093e-6
-1.146, -6.010e-6
-1.145, -9.093e-6
-1.144, -6.010e-6
-1.143, -6.010e-6
-1.142, -9.093e-6
-1.141, -6.010e-6
-1.140, -6.010e-6
-1.139, -6.010e-6
-1.138, -6.010e-6
-1.137, -6.010e-6
-1.136, -6.010e-6
-1.135, -6.010e-6
-1.134, -6.010e-6
-1.133, -6.010e-6
-1.132, -6.010e-6
-1.131, -6.010e-6
-1.130, -9.093e-6
-1.129, -9.093e-6
-1.128, -9.093e-6
-1.127, -6.010e-6
-1.126, -9.093e-6
-1.125, -9.093e-6
-1.124, -6.010e-6
-1.123, -6.010e-6
-1.122, -9.093e-6
-1.121, -6.010e-6
-1.120, -9.093e-6
-1.119, -9.093e-6
-1.118, -9.093e-6
-1.117, -6.010e-6
-1.116, -9.093e-6
-1.115, -9.093e-6
-1.114, -9.093e-6
-1.113, -9.093e-6
-1.112, -9.093e-6
-1.111, -9.093e-6
-1.110, -6.010e-6
-1.109, -9.093e-6
-1.108, -9.093e-6
-1.107, -9.093e-6
-1.106, -6.010e-6
-1.105, -9.093e-6
-1.104, -6.010e-6
-1.103, -6.010e-6
-1.102, -9.093e-6
-1.101, -9.093e-6
-1.100, -9.093e-6
-1.099, -6.010e-6
-1.098, -9.093e-6
-1.097, -9.093e-6
-1.096, -9.093e-6
-1.095, -9.093e-6
-1.094, -9.093e-6
-1.093, -9.093e-6
-1.092, -9.093e-6
-1.091, -9.093e-6
-1.090, -9.093e-6
-1.089, -9.093e-6
-1.088, -9.093e-6
-1.087, -6.010e-6
-1.086, -9.093e-6
-1.085, -9.093e-6
-1.084, -9.093e-6
-1.083, -9.093e-6
-1.082, -9.093e-6
-1.081, -9.093e-6
-1.080, -9.093e-6
-1.079, -9.093e-6
-1.078, -9.093e-6
-1.077, -9.093e-6
-1.076, -9.093e-6
-1.075, -9.093e-6
-1.074, -9.093e-6
-1.073, -9.093e-6
-1.072, -9.093e-6
-1.071, -9.093e-6
-1.070, -9.093e-6
-1.069, -9.093e-6
-1.068, -9.093e-6
-1.067, -9.093e-6
-1.066, -9.093e-6
-1.065, -9.093e-6
-1.064, -9.093e-6
-1.063, -9.093e-6
-1.062, -9.093e-6
-1.061, -9.093e-6
-1.060, -9.093e-6
-1.059, -9.093e-6
-1.058, -9.093e-6
-1.057, -9.093e-6
-1.056, -9.093e-6
-1.055, -9.093e-6
-1.054, -9.093e-6
-1.053, -9.093e-6
-1.052, -9.093e-6
-1.051, -9.093e-6
-1.050, -9.093e-6
-1.049, -9.093e-6
-1.048, -9.093e-6
-1.047, -9.093e-6
-1.046, -9.093e-6
-1.045, -9.093e-6
-1.044, -9.093e-6
-1.043, -9.093e-6
-1.042, -9.093e-6
-1.041, -9.093e-6
-1.040, -9.093e-6
-1.039, -9.093e-6
-1.038, -9.093e-6
-1.037, -6.010e-6
-1.036, -9.093e-6
-1.035, -9.093e-6
-1.034, -9.093e-6
-1.033, -9.093e-6
-1.032, -9.093e-6
-1.031, -9.093e-6
-1.030, -9.093e-6
-1.029, -9.093e-6
-1.028, -9.093e-6
-1.027, -9.093e-6
-1.026, -9.093e-6
-1.025, -9.093e-6
-1.024, -9.093e-6
-1.023, -9.093e-6
-1.022, -9.093e-6
-1.021, -9.093e-6
-1.020, -9.093e-6
-1.019, -9.093e-6
-1.018, -9.093e-6
-1.017, -9.093e-6
-1.016, -9.093e-6
-1.015, -9.093e-6
-1.014, -9.093e-6
-1.013, -9.093e-6
-1.012, -9.093e-6
-1.011, -9.093e-6
-1.010, -9.093e-6
-1.009, -1.218e-5
-1.008, -9.093e-6
-1.007, -9.093e-6
-1.006, -9.093e-6
-1.005, -9.093e-6
-1.004, -9.093e-6
-1.003, -9.093e-6
-1.002, -9.093e-6
-1.001, -9.093e-6
