June 28, 2026   07:01:28
Cyclic Voltammetry
File: c:/users/guazh/data/20260623_doe_duplica2/2026-06-24-exp30\exp30-2026-06-28t06_48_32-arkoh\exp30_cv_50mvs_efin_-1800mv.bin
Data Source:  Experiment
Instrument Model:  CHI760E
Header: CV ran at 50 mVs
Note: 

Init E (V) = -1
High E (V) = -1
Low E (V) = -1.8
Final E (V) = -1
Init P/N = N
Scan Rate (V/s) = 0.05
Segment = 7
Sample Interval (V) = 0.001
Quiet Time (sec) = 60
Sensitivity (A/V) = 0.001
Comp R (ohm) = 2.3

Results:

Channel 1:
Segment 1:

Segment 2:

Segment 3:

Segment 4:

Segment 5:

Segment 6:

Segment 7:

Potential/V, Current/A

-1.000, 7.972e-8
-1.001, 1.340e-7
-1.002, 1.774e-7
-1.003, 2.139e-7
-1.004, 2.267e-7
-1.005, 2.524e-7
-1.006, 2.741e-7
-1.007, 2.879e-7
-1.008, 3.086e-7
-1.009, 3.195e-7
-1.010, 3.323e-7
-1.011, 3.579e-7
-1.012, 3.727e-7
-1.013, 3.757e-7
-1.014, 3.915e-7
-1.015, 3.984e-7
-1.016, 4.112e-7
-1.017, 4.073e-7
-1.018, 4.300e-7
-1.019, 4.319e-7
-1.020, 4.388e-7
-1.021, 4.536e-7
-1.022, 4.596e-7
-1.023, 4.753e-7
-1.024, 4.813e-7
-1.025, 5.178e-7
-1.026, 5.040e-7
-1.027, 5.217e-7
-1.028, 5.257e-7
-1.029, 5.375e-7
-1.030, 5.493e-7
-1.031, 5.434e-7
-1.032, 5.424e-7
-1.033, 5.651e-7
-1.034, 5.622e-7
-1.035, 5.750e-7
-1.036, 5.829e-7
-1.037, 6.006e-7
-1.038, 6.016e-7
-1.039, 6.105e-7
-1.040, 6.164e-7
-1.041, 6.194e-7
-1.042, 6.283e-7
-1.043, 6.431e-7
-1.044, 6.450e-7
-1.045, 6.579e-7
-1.046, 6.549e-7
-1.047, 6.579e-7
-1.048, 6.687e-7
-1.049, 6.756e-7
-1.050, 6.963e-7
-1.051, 6.904e-7
-1.052, 6.944e-7
-1.053, 7.200e-7
-1.054, 7.052e-7
-1.055, 7.259e-7
-1.056, 7.368e-7
-1.057, 7.269e-7
-1.058, 7.309e-7
-1.059, 7.526e-7
-1.060, 7.565e-7
-1.061, 7.545e-7
-1.062, 7.634e-7
-1.063, 7.861e-7
-1.064, 7.753e-7
-1.065, 7.920e-7
-1.066, 7.989e-7
-1.067, 7.920e-7
-1.068, 8.029e-7
-1.069, 8.039e-7
-1.070, 8.216e-7
-1.071, 8.226e-7
-1.072, 8.335e-7
-1.073, 8.404e-7
-1.074, 8.512e-7
-1.075, 8.621e-7
-1.076, 8.769e-7
-1.077, 8.670e-7
-1.078, 8.848e-7
-1.079, 8.877e-7
-1.080, 8.927e-7
-1.081, 8.818e-7
-1.082, 8.996e-7
-1.083, 9.213e-7
-1.084, 9.252e-7
-1.085, 9.252e-7
-1.086, 9.341e-7
-1.087, 9.242e-7
-1.088, 9.489e-7
-1.089, 9.489e-7
-1.090, 9.607e-7
-1.091, 9.548e-7
-1.092, 9.607e-7
-1.093, 9.795e-7
-1.094, 9.588e-7
-1.095, 1.004e-6
-1.096, 9.834e-7
-1.097, 9.884e-7
-1.098, 1.000e-6
-1.099, 1.005e-6
-1.100, 1.022e-6
-1.101, 1.031e-6
-1.102, 1.022e-6
-1.103, 1.050e-6
-1.104, 1.018e-6
-1.105, 1.047e-6
-1.106, 1.040e-6
-1.107, 1.076e-6
-1.108, 1.071e-6
-1.109, 1.068e-6
-1.110, 1.084e-6
-1.111, 1.081e-6
-1.112, 1.076e-6
-1.113, 1.105e-6
-1.114, 1.108e-6
-1.115, 1.112e-6
-1.116, 1.116e-6
-1.117, 1.121e-6
-1.118, 1.116e-6
-1.119, 1.132e-6
-1.120, 1.147e-6
-1.121, 1.129e-6
-1.122, 1.152e-6
-1.123, 1.156e-6
-1.124, 1.167e-6
-1.125, 1.168e-6
-1.126, 1.175e-6
-1.127, 1.179e-6
-1.128, 1.195e-6
-1.129, 1.198e-6
-1.130, 1.205e-6
-1.131, 1.189e-6
-1.132, 1.226e-6
-1.133, 1.211e-6
-1.134, 1.235e-6
-1.135, 1.214e-6
-1.136, 1.237e-6
-1.137, 1.234e-6
-1.138, 1.234e-6
-1.139, 1.248e-6
-1.140, 1.245e-6
-1.141, 1.256e-6
-1.142, 1.258e-6
-1.143, 1.280e-6
-1.144, 1.264e-6
-1.145, 1.292e-6
-1.146, 1.283e-6
-1.147, 1.301e-6
-1.148, 1.295e-6
-1.149, 1.296e-6
-1.150, 1.308e-6
-1.151, 1.323e-6
-1.152, 1.320e-6
-1.153, 1.333e-6
-1.154, 1.335e-6
-1.155, 1.339e-6
-1.156, 1.338e-6
-1.157, 1.353e-6
-1.158, 1.352e-6
-1.159, 1.370e-6
-1.160, 1.367e-6
-1.161, 1.364e-6
-1.162, 1.396e-6
-1.163, 1.391e-6
-1.164, 1.387e-6
-1.165, 1.399e-6
-1.166, 1.412e-6
-1.167, 1.407e-6
-1.168, 1.423e-6
-1.169, 1.411e-6
-1.170, 1.425e-6
-1.171, 1.430e-6
-1.172, 1.433e-6
-1.173, 1.420e-6
-1.174, 1.439e-6
-1.175, 1.438e-6
-1.176, 1.455e-6
-1.177, 1.467e-6
-1.178, 1.487e-6
-1.179, 1.478e-6
-1.180, 1.490e-6
-1.181, 1.489e-6
-1.182, 1.493e-6
-1.183, 1.482e-6
-1.184, 1.497e-6
-1.185, 1.511e-6
-1.186, 1.529e-6
-1.187, 1.513e-6
-1.188, 1.526e-6
-1.189, 1.539e-6
-1.190, 1.540e-6
-1.191, 1.531e-6
-1.192, 1.554e-6
-1.193, 1.534e-6
-1.194, 1.559e-6
-1.195, 1.561e-6
-1.196, 1.566e-6
-1.197, 1.582e-6
-1.198, 1.575e-6
-1.199, 1.591e-6
-1.200, 1.584e-6
-1.201, 1.600e-6
-1.202, 1.609e-6
-1.203, 1.617e-6
-1.204, 1.623e-6
-1.205, 1.616e-6
-1.206, 1.625e-6
-1.207, 1.627e-6
-1.208, 1.618e-6
-1.209, 1.641e-6
-1.210, 1.653e-6
-1.211, 1.645e-6
-1.212, 1.641e-6
-1.213, 1.645e-6
-1.214, 1.666e-6
-1.215, 1.686e-6
-1.216, 1.675e-6
-1.217, 1.676e-6
-1.218, 1.688e-6
-1.219, 1.705e-6
-1.220, 1.708e-6
-1.221, 1.707e-6
-1.222, 1.707e-6
-1.223, 1.719e-6
-1.224, 1.716e-6
-1.225, 1.722e-6
-1.226, 1.725e-6
-1.227, 1.738e-6
-1.228, 1.729e-6
-1.229, 1.759e-6
-1.230, 1.768e-6
-1.231, 1.779e-6
-1.232, 1.773e-6
-1.233, 1.785e-6
-1.234, 1.772e-6
-1.235, 1.789e-6
-1.236, 1.800e-6
-1.237, 1.805e-6
-1.238, 1.813e-6
-1.239, 1.819e-6
-1.240, 1.814e-6
-1.241, 1.833e-6
-1.242, 1.831e-6
-1.243, 1.835e-6
-1.244, 1.833e-6
-1.245, 1.863e-6
-1.246, 1.849e-6
-1.247, 1.865e-6
-1.248, 1.862e-6
-1.249, 1.868e-6
-1.250, 1.883e-6
-1.251, 1.869e-6
-1.252, 1.879e-6
-1.253, 1.897e-6
-1.254, 1.903e-6
-1.255, 1.914e-6
-1.256, 1.902e-6
-1.257, 1.924e-6
-1.258, 1.923e-6
-1.259, 1.918e-6
-1.260, 1.938e-6
-1.261, 1.939e-6
-1.262, 1.942e-6
-1.263, 1.938e-6
-1.264, 1.949e-6
-1.265, 1.966e-6
-1.266, 1.954e-6
-1.267, 1.981e-6
-1.268, 1.988e-6
-1.269, 2.000e-6
-1.270, 1.981e-6
-1.271, 1.995e-6
-1.272, 1.998e-6
-1.273, 2.022e-6
-1.274, 2.011e-6
-1.275, 2.026e-6
-1.276, 2.026e-6
-1.277, 2.038e-6
-1.278, 2.028e-6
-1.279, 2.038e-6
-1.280, 2.052e-6
-1.281, 2.070e-6
-1.282, 2.065e-6
-1.283, 2.068e-6
-1.284, 2.057e-6
-1.285, 2.094e-6
-1.286, 2.091e-6
-1.287, 2.092e-6
-1.288, 2.101e-6
-1.289, 2.114e-6
-1.290, 2.117e-6
-1.291, 2.111e-6
-1.292, 2.128e-6
-1.293, 2.130e-6
-1.294, 2.134e-6
-1.295, 2.148e-6
-1.296, 2.138e-6
-1.297, 2.154e-6
-1.298, 2.159e-6
-1.299, 2.169e-6
-1.300, 2.180e-6
-1.301, 2.171e-6
-1.302, 2.188e-6
-1.303, 2.213e-6
-1.304, 2.211e-6
-1.305, 2.198e-6
-1.306, 2.202e-6
-1.307, 2.235e-6
-1.308, 2.230e-6
-1.309, 2.233e-6
-1.310, 2.251e-6
-1.311, 2.247e-6
-1.312, 2.250e-6
-1.313, 2.255e-6
-1.314, 2.257e-6
-1.315, 2.276e-6
-1.316, 2.292e-6
-1.317, 2.290e-6
-1.318, 2.294e-6
-1.319, 2.294e-6
-1.320, 2.308e-6
-1.321, 2.311e-6
-1.322, 2.321e-6
-1.323, 2.315e-6
-1.324, 2.350e-6
-1.325, 2.346e-6
-1.326, 2.349e-6
-1.327, 2.377e-6
-1.328, 2.370e-6
-1.329, 2.374e-6
-1.330, 2.384e-6
-1.331, 2.389e-6
-1.332, 2.409e-6
-1.333, 2.411e-6
-1.334, 2.427e-6
-1.335, 2.444e-6
-1.336, 2.442e-6
-1.337, 2.439e-6
-1.338, 2.469e-6
-1.339, 2.463e-6
-1.340, 2.477e-6
-1.341, 2.470e-6
-1.342, 2.480e-6
-1.343, 2.471e-6
-1.344, 2.517e-6
-1.345, 2.529e-6
-1.346, 2.534e-6
-1.347, 2.543e-6
-1.348, 2.537e-6
-1.349, 2.532e-6
-1.350, 2.553e-6
-1.351, 2.550e-6
-1.352, 2.576e-6
-1.353, 2.576e-6
-1.354, 2.588e-6
-1.355, 2.590e-6
-1.356, 2.596e-6
-1.357, 2.611e-6
-1.358, 2.625e-6
-1.359, 2.634e-6
-1.360, 2.640e-6
-1.361, 2.638e-6
-1.362, 2.669e-6
-1.363, 2.660e-6
-1.364, 2.676e-6
-1.365, 2.684e-6
-1.366, 2.690e-6
-1.367, 2.710e-6
-1.368, 2.696e-6
-1.369, 2.725e-6
-1.370, 2.744e-6
-1.371, 2.750e-6
-1.372, 2.757e-6
-1.373, 2.753e-6
-1.374, 2.792e-6
-1.375, 2.786e-6
-1.376, 2.801e-6
-1.377, 2.788e-6
-1.378, 2.810e-6
-1.379, 2.820e-6
-1.380, 2.821e-6
-1.381, 2.833e-6
-1.382, 2.857e-6
-1.383, 2.873e-6
-1.384, 2.875e-6
-1.385, 2.866e-6
-1.386, 2.895e-6
-1.387, 2.901e-6
-1.388, 2.899e-6
-1.389, 2.930e-6
-1.390, 2.940e-6
-1.391, 2.940e-6
-1.392, 2.966e-6
-1.393, 2.951e-6
-1.394, 2.977e-6
-1.395, 2.990e-6
-1.396, 2.998e-6
-1.397, 3.019e-6
-1.398, 3.038e-6
-1.399, 3.040e-6
-1.400, 3.019e-6
-1.401, 3.055e-6
-1.402, 3.056e-6
-1.403, 3.077e-6
-1.404, 3.078e-6
-1.405, 3.104e-6
-1.406, 3.102e-6
-1.407, 3.128e-6
-1.408, 3.129e-6
-1.409, 3.153e-6
-1.410, 3.145e-6
-1.411, 3.176e-6
-1.412, 3.195e-6
-1.413, 3.209e-6
-1.414, 3.214e-6
-1.415, 3.249e-6
-1.416, 3.236e-6
-1.417, 3.255e-6
-1.418, 3.256e-6
-1.419, 3.279e-6
-1.420, 3.294e-6
-1.421, 3.324e-6
-1.422, 3.333e-6
-1.423, 3.335e-6
-1.424, 3.359e-6
-1.425, 3.364e-6
-1.426, 3.365e-6
-1.427, 3.415e-6
-1.428, 3.401e-6
-1.429, 3.414e-6
-1.430, 3.443e-6
-1.431, 3.462e-6
-1.432, 3.468e-6
-1.433, 3.493e-6
-1.434, 3.529e-6
-1.435, 3.541e-6
-1.436, 3.555e-6
-1.437, 3.575e-6
-1.438, 3.583e-6
-1.439, 3.584e-6
-1.440, 3.622e-6
-1.441, 3.630e-6
-1.442, 3.666e-6
-1.443, 3.645e-6
-1.444, 3.699e-6
-1.445, 3.705e-6
-1.446, 3.717e-6
-1.447, 3.761e-6
-1.448, 3.776e-6
-1.449, 3.786e-6
-1.450, 3.795e-6
-1.451, 3.825e-6
-1.452, 3.845e-6
-1.453, 3.860e-6
-1.454, 3.898e-6
-1.455, 3.907e-6
-1.456, 3.935e-6
-1.457, 3.943e-6
-1.458, 3.965e-6
-1.459, 3.984e-6
-1.460, 4.012e-6
-1.461, 4.030e-6
-1.462, 4.064e-6
-1.463, 4.073e-6
-1.464, 4.081e-6
-1.465, 4.110e-6
-1.466, 4.155e-6
-1.467, 4.184e-6
-1.468, 4.188e-6
-1.469, 4.220e-6
-1.470, 4.235e-6
-1.471, 4.261e-6
-1.472, 4.301e-6
-1.473, 4.316e-6
-1.474, 4.361e-6
-1.475, 4.419e-6
-1.476, 4.458e-6
-1.477, 4.455e-6
-1.478, 4.500e-6
-1.479, 4.530e-6
-1.480, 4.573e-6
-1.481, 4.572e-6
-1.482, 4.635e-6
-1.483, 4.631e-6
-1.484, 4.676e-6
-1.485, 4.700e-6
-1.486, 4.741e-6
-1.487, 4.773e-6
-1.488, 4.816e-6
-1.489, 4.841e-6
-1.490, 4.873e-6
-1.491, 4.905e-6
-1.492, 4.949e-6
-1.493, 4.991e-6
-1.494, 5.008e-6
-1.495, 5.068e-6
-1.496, 5.085e-6
-1.497, 5.124e-6
-1.498, 5.188e-6
-1.499, 5.253e-6
-1.500, 5.253e-6
-1.501, 5.312e-6
-1.502, 5.345e-6
-1.503, 5.384e-6
-1.504, 5.417e-6
-1.505, 5.475e-6
-1.506, 5.523e-6
-1.507, 5.576e-6
-1.508, 5.598e-6
-1.509, 5.652e-6
-1.510, 5.707e-6
-1.511, 5.739e-6
-1.512, 5.767e-6
-1.513, 5.850e-6
-1.514, 5.916e-6
-1.515, 5.933e-6
-1.516, 5.985e-6
-1.517, 6.062e-6
-1.518, 6.113e-6
-1.519, 6.167e-6
-1.520, 6.232e-6
-1.521, 6.287e-6
-1.522, 6.325e-6
-1.523, 6.405e-6
-1.524, 6.480e-6
-1.525, 6.529e-6
-1.526, 6.603e-6
-1.527, 6.681e-6
-1.528, 6.723e-6
-1.529, 6.807e-6
-1.530, 6.872e-6
-1.531, 6.950e-6
-1.532, 7.011e-6
-1.533, 7.102e-6
-1.534, 7.148e-6
-1.535, 7.228e-6
-1.536, 7.341e-6
-1.537, 7.405e-6
-1.538, 7.470e-6
-1.539, 7.534e-6
-1.540, 7.628e-6
-1.541, 7.708e-6
-1.542, 7.769e-6
-1.543, 7.876e-6
-1.544, 7.946e-6
-1.545, 8.053e-6
-1.546, 8.158e-6
-1.547, 8.250e-6
-1.548, 8.352e-6
-1.549, 8.443e-6
-1.550, 8.537e-6
-1.551, 8.665e-6
-1.552, 8.765e-6
-1.553, 8.885e-6
-1.554, 8.976e-6
-1.555, 9.075e-6
-1.556, 9.214e-6
-1.557, 9.310e-6
-1.558, 9.411e-6
-1.559, 9.543e-6
-1.560, 9.671e-6
-1.561, 9.791e-6
-1.562, 9.927e-6
-1.563, 1.009e-5
-1.564, 1.020e-5
-1.565, 1.033e-5
-1.566, 1.046e-5
-1.567, 1.064e-5
-1.568, 1.079e-5
-1.569, 1.092e-5
-1.570, 1.108e-5
-1.571, 1.122e-5
-1.572, 1.140e-5
-1.573, 1.159e-5
-1.574, 1.172e-5
-1.575, 1.192e-5
-1.576, 1.206e-5
-1.577, 1.225e-5
-1.578, 1.242e-5
-1.579, 1.262e-5
-1.580, 1.280e-5
-1.581, 1.300e-5
-1.582, 1.317e-5
-1.583, 1.340e-5
-1.584, 1.357e-5
-1.585, 1.378e-5
-1.586, 1.399e-5
-1.587, 1.421e-5
-1.588, 1.442e-5
-1.589, 1.462e-5
-1.590, 1.487e-5
-1.591, 1.513e-5
-1.592, 1.541e-5
-1.593, 1.567e-5
-1.594, 1.591e-5
-1.595, 1.617e-5
-1.596, 1.646e-5
-1.597, 1.671e-5
-1.598, 1.693e-5
-1.599, 1.723e-5
-1.600, 1.748e-5
-1.601, 1.780e-5
-1.602, 1.807e-5
-1.603, 1.841e-5
-1.604, 1.870e-5
-1.605, 1.899e-5
-1.606, 1.930e-5
-1.607, 1.963e-5
-1.608, 1.993e-5
-1.609, 2.027e-5
-1.610, 2.063e-5
-1.611, 2.095e-5
-1.612, 2.130e-5
-1.613, 2.165e-5
-1.614, 2.204e-5
-1.615, 2.238e-5
-1.616, 2.280e-5
-1.617, 2.322e-5
-1.618, 2.360e-5
-1.619, 2.404e-5
-1.620, 2.445e-5
-1.621, 2.489e-5
-1.622, 2.529e-5
-1.623, 2.573e-5
-1.624, 2.621e-5
-1.625, 2.671e-5
-1.626, 2.718e-5
-1.627, 2.767e-5
-1.628, 2.818e-5
-1.629, 2.864e-5
-1.630, 2.871e-5
-1.631, 2.933e-5
-1.632, 2.975e-5
-1.633, 3.031e-5
-1.634, 3.084e-5
-1.635, 3.156e-5
-1.636, 3.187e-5
-1.637, 3.267e-5
-1.638, 3.317e-5
-1.639, 3.388e-5
-1.640, 3.436e-5
-1.641, 3.537e-5
-1.642, 3.601e-5
-1.643, 3.683e-5
-1.644, 3.750e-5
-1.645, 3.802e-5
-1.646, 3.881e-5
-1.647, 3.962e-5
-1.648, 4.031e-5
-1.649, 4.106e-5
-1.650, 4.187e-5
-1.651, 4.245e-5
-1.652, 4.316e-5
-1.653, 4.413e-5
-1.654, 4.473e-5
-1.655, 4.555e-5
-1.656, 4.634e-5
-1.657, 4.742e-5
-1.658, 4.794e-5
-1.659, 4.854e-5
-1.660, 4.982e-5
-1.661, 5.080e-5
-1.662, 5.171e-5
-1.663, 5.254e-5
-1.664, 5.344e-5
-1.665, 5.458e-5
-1.666, 5.561e-5
-1.667, 5.658e-5
-1.668, 5.822e-5
-1.669, 5.860e-5
-1.670, 6.004e-5
-1.671, 6.114e-5
-1.672, 6.206e-5
-1.673, 6.346e-5
-1.674, 6.464e-5
-1.675, 6.603e-5
-1.676, 6.739e-5
-1.677, 6.881e-5
-1.678, 7.006e-5
-1.679, 7.132e-5
-1.680, 7.287e-5
-1.681, 7.374e-5
-1.682, 7.605e-5
-1.683, 7.739e-5
-1.684, 7.811e-5
-1.685, 7.965e-5
-1.686, 8.072e-5
-1.687, 8.238e-5
-1.688, 8.397e-5
-1.689, 8.555e-5
-1.690, 8.750e-5
-1.691, 8.908e-5
-1.692, 9.034e-5
-1.693, 9.205e-5
-1.694, 9.378e-5
-1.695, 9.554e-5
-1.696, 9.782e-5
-1.697, 9.989e-5
-1.698, 1.018e-4
-1.699, 1.037e-4
-1.700, 1.060e-4
-1.701, 1.084e-4
-1.702, 1.102e-4
-1.703, 1.121e-4
-1.704, 1.138e-4
-1.705, 1.162e-4
-1.706, 1.188e-4
-1.707, 1.210e-4
-1.708, 1.234e-4
-1.709, 1.253e-4
-1.710, 1.279e-4
-1.711, 1.309e-4
-1.712, 1.332e-4
-1.713, 1.352e-4
-1.714, 1.377e-4
-1.715, 1.403e-4
-1.716, 1.430e-4
-1.717, 1.461e-4
-1.718, 1.487e-4
-1.719, 1.519e-4
-1.720, 1.545e-4
-1.721, 1.574e-4
-1.722, 1.605e-4
-1.723, 1.630e-4
-1.724, 1.664e-4
-1.725, 1.693e-4
-1.726, 1.721e-4
-1.727, 1.752e-4
-1.728, 1.798e-4
-1.729, 1.829e-4
-1.730, 1.872e-4
-1.731, 1.901e-4
-1.732, 1.944e-4
-1.733, 1.982e-4
-1.734, 2.019e-4
-1.735, 2.051e-4
-1.736, 2.096e-4
-1.737, 2.145e-4
-1.738, 2.187e-4
-1.739, 2.225e-4
-1.740, 2.261e-4
-1.741, 2.306e-4
-1.742, 2.356e-4
-1.743, 2.397e-4
-1.744, 2.451e-4
-1.745, 2.494e-4
-1.746, 2.549e-4
-1.747, 2.591e-4
-1.748, 2.643e-4
-1.749, 2.691e-4
-1.750, 2.743e-4
-1.751, 2.803e-4
-1.752, 2.846e-4
-1.753, 2.904e-4
-1.754, 2.953e-4
-1.755, 3.008e-4
-1.756, 3.074e-4
-1.757, 3.138e-4
-1.758, 3.194e-4
-1.759, 3.244e-4
-1.760, 3.312e-4
-1.761, 3.379e-4
-1.762, 3.452e-4
-1.763, 3.510e-4
-1.764, 3.575e-4
-1.765, 3.631e-4
-1.766, 3.703e-4
-1.767, 3.788e-4
-1.768, 3.855e-4
-1.769, 3.915e-4
-1.770, 4.002e-4
-1.771, 4.071e-4
-1.772, 4.152e-4
-1.773, 4.255e-4
-1.774, 4.325e-4
-1.775, 4.414e-4
-1.776, 4.480e-4
-1.777, 4.578e-4
-1.778, 4.669e-4
-1.779, 4.715e-4
-1.780, 4.825e-4
-1.781, 4.901e-4
-1.782, 4.987e-4
-1.783, 5.056e-4
-1.784, 5.164e-4
-1.785, 5.257e-4
-1.786, 5.343e-4
-1.787, 5.421e-4
-1.788, 5.510e-4
-1.789, 5.601e-4
-1.790, 5.709e-4
-1.791, 5.793e-4
-1.792, 5.902e-4
-1.793, 6.014e-4
-1.794, 6.121e-4
-1.795, 6.217e-4
-1.796, 6.304e-4
-1.797, 6.422e-4
-1.798, 6.533e-4
-1.799, 6.661e-4
-1.800, 6.711e-4
-1.799, 6.642e-4
-1.798, 6.591e-4
-1.797, 6.536e-4
-1.796, 6.474e-4
-1.795, 6.407e-4
-1.794, 6.330e-4
-1.793, 6.263e-4
-1.792, 6.189e-4
-1.791, 6.126e-4
-1.790, 6.064e-4
-1.789, 5.990e-4
-1.788, 5.919e-4
-1.787, 5.860e-4
-1.786, 5.789e-4
-1.785, 5.730e-4
-1.784, 5.656e-4
-1.783, 5.576e-4
-1.782, 5.526e-4
-1.781, 5.458e-4
-1.780, 5.389e-4
-1.779, 5.332e-4
-1.778, 5.267e-4
-1.777, 5.203e-4
-1.776, 5.153e-4
-1.775, 5.088e-4
-1.774, 5.028e-4
-1.773, 4.964e-4
-1.772, 4.906e-4
-1.771, 4.858e-4
-1.770, 4.802e-4
-1.769, 4.739e-4
-1.768, 4.674e-4
-1.767, 4.618e-4
-1.766, 4.561e-4
-1.765, 4.500e-4
-1.764, 4.444e-4
-1.763, 4.394e-4
-1.762, 4.330e-4
-1.761, 4.287e-4
-1.760, 4.229e-4
-1.759, 4.180e-4
-1.758, 4.115e-4
-1.757, 4.077e-4
-1.756, 4.025e-4
-1.755, 3.975e-4
-1.754, 3.930e-4
-1.753, 3.875e-4
-1.752, 3.832e-4
-1.751, 3.769e-4
-1.750, 3.733e-4
-1.749, 3.674e-4
-1.748, 3.633e-4
-1.747, 3.569e-4
-1.746, 3.522e-4
-1.745, 3.483e-4
-1.744, 3.443e-4
-1.743, 3.391e-4
-1.742, 3.357e-4
-1.741, 3.312e-4
-1.740, 3.255e-4
-1.739, 3.218e-4
-1.738, 3.171e-4
-1.737, 3.133e-4
-1.736, 3.085e-4
-1.735, 3.046e-4
-1.734, 3.013e-4
-1.733, 2.961e-4
-1.732, 2.921e-4
-1.731, 2.879e-4
-1.730, 2.839e-4
-1.729, 2.806e-4
-1.728, 2.764e-4
-1.727, 2.726e-4
-1.726, 2.685e-4
-1.725, 2.660e-4
-1.724, 2.609e-4
-1.723, 2.580e-4
-1.722, 2.549e-4
-1.721, 2.518e-4
-1.720, 2.482e-4
-1.719, 2.444e-4
-1.718, 2.415e-4
-1.717, 2.382e-4
-1.716, 2.351e-4
-1.715, 2.317e-4
-1.714, 2.277e-4
-1.713, 2.251e-4
-1.712, 2.224e-4
-1.711, 2.187e-4
-1.710, 2.162e-4
-1.709, 2.132e-4
-1.708, 2.100e-4
-1.707, 2.075e-4
-1.706, 2.040e-4
-1.705, 2.005e-4
-1.704, 1.977e-4
-1.703, 1.952e-4
-1.702, 1.918e-4
-1.701, 1.891e-4
-1.700, 1.873e-4
-1.699, 1.843e-4
-1.698, 1.817e-4
-1.697, 1.787e-4
-1.696, 1.765e-4
-1.695, 1.746e-4
-1.694, 1.714e-4
-1.693, 1.693e-4
-1.692, 1.666e-4
-1.691, 1.642e-4
-1.690, 1.622e-4
-1.689, 1.593e-4
-1.688, 1.569e-4
-1.687, 1.545e-4
-1.686, 1.524e-4
-1.685, 1.504e-4
-1.684, 1.481e-4
-1.683, 1.456e-4
-1.682, 1.443e-4
-1.681, 1.418e-4
-1.680, 1.396e-4
-1.679, 1.369e-4
-1.678, 1.349e-4
-1.677, 1.334e-4
-1.676, 1.313e-4
-1.675, 1.295e-4
-1.674, 1.276e-4
-1.673, 1.251e-4
-1.672, 1.242e-4
-1.671, 1.216e-4
-1.670, 1.200e-4
-1.669, 1.181e-4
-1.668, 1.162e-4
-1.667, 1.146e-4
-1.666, 1.129e-4
-1.665, 1.109e-4
-1.664, 1.095e-4
-1.663, 1.080e-4
-1.662, 1.064e-4
-1.661, 1.042e-4
-1.660, 1.029e-4
-1.659, 1.011e-4
-1.658, 1.001e-4
-1.657, 9.804e-5
-1.656, 9.648e-5
-1.655, 9.461e-5
-1.654, 9.374e-5
-1.653, 9.277e-5
-1.652, 9.108e-5
-1.651, 8.920e-5
-1.650, 8.742e-5
-1.649, 8.667e-5
-1.648, 8.545e-5
-1.647, 8.400e-5
-1.646, 8.333e-5
-1.645, 8.161e-5
-1.644, 7.988e-5
-1.643, 7.900e-5
-1.642, 7.716e-5
-1.641, 7.620e-5
-1.640, 7.498e-5
-1.639, 7.385e-5
-1.638, 7.274e-5
-1.637, 7.201e-5
-1.636, 7.063e-5
-1.635, 6.930e-5
-1.634, 6.853e-5
-1.633, 6.713e-5
-1.632, 6.639e-5
-1.631, 6.501e-5
-1.630, 6.405e-5
-1.629, 6.315e-5
-1.628, 6.184e-5
-1.627, 6.121e-5
-1.626, 5.965e-5
-1.625, 5.906e-5
-1.624, 5.795e-5
-1.623, 5.752e-5
-1.622, 5.605e-5
-1.621, 5.568e-5
-1.620, 5.413e-5
-1.619, 5.417e-5
-1.618, 5.204e-5
-1.617, 5.210e-5
-1.616, 5.051e-5
-1.615, 5.028e-5
-1.614, 4.911e-5
-1.613, 4.864e-5
-1.612, 4.776e-5
-1.611, 4.647e-5
-1.610, 4.616e-5
-1.609, 4.516e-5
-1.608, 4.471e-5
-1.607, 4.396e-5
-1.606, 4.304e-5
-1.605, 4.263e-5
-1.604, 4.180e-5
-1.603, 4.118e-5
-1.602, 4.020e-5
-1.601, 3.954e-5
-1.600, 3.909e-5
-1.599, 3.838e-5
-1.598, 3.801e-5
-1.597, 3.725e-5
-1.596, 3.615e-5
-1.595, 3.577e-5
-1.594, 3.528e-5
-1.593, 3.450e-5
-1.592, 3.421e-5
-1.591, 3.344e-5
-1.590, 3.284e-5
-1.589, 3.244e-5
-1.588, 3.178e-5
-1.587, 3.108e-5
-1.586, 3.090e-5
-1.585, 3.002e-5
-1.584, 2.957e-5
-1.583, 2.935e-5
-1.582, 2.838e-5
-1.581, 2.801e-5
-1.580, 2.740e-5
-1.579, 2.740e-5
-1.578, 2.687e-5
-1.577, 2.609e-5
-1.576, 2.567e-5
-1.575, 2.534e-5
-1.574, 2.515e-5
-1.573, 2.435e-5
-1.572, 2.408e-5
-1.571, 2.379e-5
-1.570, 2.328e-5
-1.569, 2.305e-5
-1.568, 2.262e-5
-1.567, 2.201e-5
-1.566, 2.166e-5
-1.565, 2.110e-5
-1.564, 2.076e-5
-1.563, 2.063e-5
-1.562, 2.040e-5
-1.561, 1.987e-5
-1.560, 1.940e-5
-1.559, 1.895e-5
-1.558, 1.890e-5
-1.557, 1.867e-5
-1.556, 1.812e-5
-1.555, 1.788e-5
-1.554, 1.731e-5
-1.553, 1.735e-5
-1.552, 1.701e-5
-1.551, 1.653e-5
-1.550, 1.630e-5
-1.549, 1.583e-5
-1.548, 1.572e-5
-1.547, 1.546e-5
-1.546, 1.524e-5
-1.545, 1.488e-5
-1.544, 1.457e-5
-1.543, 1.437e-5
-1.542, 1.405e-5
-1.541, 1.394e-5
-1.540, 1.362e-5
-1.539, 1.340e-5
-1.538, 1.302e-5
-1.537, 1.273e-5
-1.536, 1.254e-5
-1.535, 1.227e-5
-1.534, 1.210e-5
-1.533, 1.198e-5
-1.532, 1.159e-5
-1.531, 1.144e-5
-1.530, 1.120e-5
-1.529, 1.087e-5
-1.528, 1.083e-5
-1.527, 1.059e-5
-1.526, 1.028e-5
-1.525, 1.021e-5
-1.524, 9.968e-6
-1.523, 9.641e-6
-1.522, 9.504e-6
-1.521, 9.443e-6
-1.520, 9.213e-6
-1.519, 9.037e-6
-1.518, 8.900e-6
-1.517, 8.670e-6
-1.516, 8.419e-6
-1.515, 8.320e-6
-1.514, 8.244e-6
-1.513, 8.033e-6
-1.512, 7.834e-6
-1.511, 7.738e-6
-1.510, 7.601e-6
-1.509, 7.431e-6
-1.508, 7.203e-6
-1.507, 7.035e-6
-1.506, 6.931e-6
-1.505, 6.695e-6
-1.504, 6.528e-6
-1.503, 6.409e-6
-1.502, 6.356e-6
-1.501, 6.233e-6
-1.500, 6.071e-6
-1.499, 5.982e-6
-1.498, 5.799e-6
-1.497, 5.736e-6
-1.496, 5.606e-6
-1.495, 5.478e-6
-1.494, 5.334e-6
-1.493, 5.190e-6
-1.492, 5.145e-6
-1.491, 4.985e-6
-1.490, 4.868e-6
-1.489, 4.757e-6
-1.488, 4.610e-6
-1.487, 4.572e-6
-1.486, 4.473e-6
-1.485, 4.389e-6
-1.484, 4.277e-6
-1.483, 4.183e-6
-1.482, 4.095e-6
-1.481, 3.982e-6
-1.480, 3.935e-6
-1.479, 3.839e-6
-1.478, 3.723e-6
-1.477, 3.622e-6
-1.476, 3.567e-6
-1.475, 3.472e-6
-1.474, 3.377e-6
-1.473, 3.327e-6
-1.472, 3.248e-6
-1.471, 3.158e-6
-1.470, 3.080e-6
-1.469, 3.031e-6
-1.468, 2.946e-6
-1.467, 2.808e-6
-1.466, 2.779e-6
-1.465, 2.774e-6
-1.464, 2.661e-6
-1.463, 2.615e-6
-1.462, 2.526e-6
-1.461, 2.500e-6
-1.460, 2.413e-6
-1.459, 2.369e-6
-1.458, 2.282e-6
-1.457, 2.226e-6
-1.456, 2.175e-6
-1.455, 2.109e-6
-1.454, 2.035e-6
-1.453, 1.993e-6
-1.452, 1.942e-6
-1.451, 1.877e-6
-1.450, 1.839e-6
-1.449, 1.786e-6
-1.448, 1.738e-6
-1.447, 1.675e-6
-1.446, 1.632e-6
-1.445, 1.603e-6
-1.444, 1.542e-6
-1.443, 1.515e-6
-1.442, 1.457e-6
-1.441, 1.411e-6
-1.440, 1.370e-6
-1.439, 1.338e-6
-1.438, 1.293e-6
-1.437, 1.262e-6
-1.436, 1.208e-6
-1.435, 1.177e-6
-1.434, 1.123e-6
-1.433, 1.079e-6
-1.432, 1.058e-6
-1.431, 1.029e-6
-1.430, 9.982e-7
-1.429, 9.617e-7
-1.428, 9.341e-7
-1.427, 8.759e-7
-1.426, 8.897e-7
-1.425, 8.315e-7
-1.424, 8.147e-7
-1.423, 7.782e-7
-1.422, 7.348e-7
-1.421, 6.776e-7
-1.420, 6.588e-7
-1.419, 6.194e-7
-1.418, 6.085e-7
-1.417, 5.770e-7
-1.416, 5.671e-7
-1.415, 5.326e-7
-1.414, 5.237e-7
-1.413, 4.753e-7
-1.412, 4.398e-7
-1.411, 4.191e-7
-1.410, 4.043e-7
-1.409, 3.757e-7
-1.408, 3.560e-7
-1.407, 3.412e-7
-1.406, 3.165e-7
-1.405, 3.116e-7
-1.404, 2.849e-7
-1.403, 2.652e-7
-1.402, 2.514e-7
-1.401, 2.208e-7
-1.400, 2.198e-7
-1.399, 1.902e-7
-1.398, 1.803e-7
-1.397, 1.517e-7
-1.396, 1.389e-7
-1.395, 1.054e-7
-1.394, 6.492e-8
-1.393, 6.985e-8
-1.392, 6.196e-8
-1.391, 5.111e-8
-1.390, 1.559e-8
-1.389, 2.052e-8
-1.388, -1.184e-9
-1.387, -1.184e-9
-1.386, -3.867e-8
-1.385, -5.150e-8
-1.384, -6.433e-8
-1.383, -7.617e-8
-1.382, -1.107e-7
-1.381, -1.127e-7
-1.380, -1.225e-7
-1.379, -1.176e-7
-1.378, -1.433e-7
-1.377, -1.531e-7
-1.376, -1.669e-7
-1.375, -1.867e-7
-1.374, -1.827e-7
-1.373, -2.094e-7
-1.372, -2.123e-7
-1.371, -2.350e-7
-1.370, -2.182e-7
-1.369, -2.745e-7
-1.368, -2.557e-7
-1.367, -2.922e-7
-1.366, -3.031e-7
-1.365, -2.972e-7
-1.364, -2.863e-7
-1.363, -3.189e-7
-1.362, -3.268e-7
-1.361, -3.307e-7
-1.360, -3.445e-7
-1.359, -3.564e-7
-1.358, -3.465e-7
-1.357, -3.741e-7
-1.356, -3.929e-7
-1.355, -3.998e-7
-1.354, -3.978e-7
-1.353, -4.205e-7
-1.352, -4.086e-7
-1.351, -4.412e-7
-1.350, -4.570e-7
-1.349, -4.491e-7
-1.348, -4.550e-7
-1.347, -4.580e-7
-1.346, -4.738e-7
-1.345, -4.659e-7
-1.344, -4.915e-7
-1.343, -4.698e-7
-1.342, -5.261e-7
-1.341, -5.093e-7
-1.340, -5.211e-7
-1.339, -5.172e-7
-1.338, -5.310e-7
-1.337, -5.201e-7
-1.336, -5.349e-7
-1.335, -5.349e-7
-1.334, -5.596e-7
-1.333, -5.448e-7
-1.332, -5.665e-7
-1.331, -5.744e-7
-1.330, -5.961e-7
-1.329, -5.823e-7
-1.328, -5.813e-7
-1.327, -6.129e-7
-1.326, -6.158e-7
-1.325, -6.227e-7
-1.324, -6.237e-7
-1.323, -6.148e-7
-1.322, -6.316e-7
-1.321, -6.395e-7
-1.320, -6.316e-7
-1.319, -6.592e-7
-1.318, -6.681e-7
-1.317, -6.681e-7
-1.316, -6.553e-7
-1.315, -6.701e-7
-1.314, -6.691e-7
-1.313, -6.898e-7
-1.312, -6.888e-7
-1.311, -6.987e-7
-1.310, -7.056e-7
-1.309, -6.967e-7
-1.308, -7.086e-7
-1.307, -7.204e-7
-1.306, -7.244e-7
-1.305, -7.342e-7
-1.304, -7.253e-7
-1.303, -7.362e-7
-1.302, -7.451e-7
-1.301, -7.332e-7
-1.300, -7.392e-7
-1.299, -7.520e-7
-1.298, -7.520e-7
-1.297, -7.599e-7
-1.296, -7.737e-7
-1.295, -7.786e-7
-1.294, -7.717e-7
-1.293, -7.865e-7
-1.292, -7.786e-7
-1.291, -7.885e-7
-1.290, -7.885e-7
-1.289, -7.954e-7
-1.288, -7.944e-7
-1.287, -8.151e-7
-1.286, -8.191e-7
-1.285, -7.993e-7
-1.284, -8.181e-7
-1.283, -8.102e-7
-1.282, -8.358e-7
-1.281, -8.280e-7
-1.280, -8.477e-7
-1.279, -8.289e-7
-1.278, -8.546e-7
-1.277, -8.546e-7
-1.276, -8.457e-7
-1.275, -8.457e-7
-1.274, -8.625e-7
-1.273, -8.516e-7
-1.272, -8.664e-7
-1.271, -8.694e-7
-1.270, -8.723e-7
-1.269, -8.783e-7
-1.268, -8.832e-7
-1.267, -8.960e-7
-1.266, -8.802e-7
-1.265, -8.980e-7
-1.264, -8.931e-7
-1.263, -8.960e-7
-1.262, -9.167e-7
-1.261, -9.059e-7
-1.260, -9.148e-7
-1.259, -9.069e-7
-1.258, -9.207e-7
-1.257, -9.237e-7
-1.256, -9.217e-7
-1.255, -9.306e-7
-1.254, -9.483e-7
-1.253, -9.325e-7
-1.252, -9.454e-7
-1.251, -9.315e-7
-1.250, -9.532e-7
-1.249, -9.325e-7
-1.248, -9.542e-7
-1.247, -9.661e-7
-1.246, -9.700e-7
-1.245, -9.582e-7
-1.244, -9.572e-7
-1.243, -9.473e-7
-1.242, -9.858e-7
-1.241, -9.671e-7
-1.240, -9.789e-7
-1.239, -9.789e-7
-1.238, -9.828e-7
-1.237, -9.779e-7
-1.236, -9.888e-7
-1.235, -9.907e-7
-1.234, -9.976e-7
-1.233, -9.789e-7
-1.232, -1.009e-6
-1.231, -9.996e-7
-1.230, -1.006e-6
-1.229, -1.018e-6
-1.228, -1.032e-6
-1.227, -1.033e-6
-1.226, -1.040e-6
-1.225, -1.033e-6
-1.224, -1.040e-6
-1.223, -1.041e-6
-1.222, -1.055e-6
-1.221, -1.044e-6
-1.220, -1.038e-6
-1.219, -1.054e-6
-1.218, -1.047e-6
-1.217, -1.045e-6
-1.216, -1.074e-6
-1.215, -1.080e-6
-1.214, -1.065e-6
-1.213, -1.079e-6
-1.212, -1.076e-6
-1.211, -1.080e-6
-1.210, -1.099e-6
-1.209, -1.082e-6
-1.208, -1.090e-6
-1.207, -1.081e-6
-1.206, -1.104e-6
-1.205, -1.093e-6
-1.204, -1.114e-6
-1.203, -1.113e-6
-1.202, -1.118e-6
-1.201, -1.112e-6
-1.200, -1.112e-6
-1.199, -1.105e-6
-1.198, -1.125e-6
-1.197, -1.107e-6
-1.196, -1.128e-6
-1.195, -1.121e-6
-1.194, -1.129e-6
-1.193, -1.135e-6
-1.192, -1.152e-6
-1.191, -1.145e-6
-1.190, -1.152e-6
-1.189, -1.155e-6
-1.188, -1.158e-6
-1.187, -1.169e-6
-1.186, -1.159e-6
-1.185, -1.156e-6
-1.184, -1.159e-6
-1.183, -1.158e-6
-1.182, -1.174e-6
-1.181, -1.163e-6
-1.180, -1.173e-6
-1.179, -1.183e-6
-1.178, -1.182e-6
-1.177, -1.196e-6
-1.176, -1.191e-6
-1.175, -1.190e-6
-1.174, -1.208e-6
-1.173, -1.211e-6
-1.172, -1.211e-6
-1.171, -1.193e-6
-1.170, -1.219e-6
-1.169, -1.214e-6
-1.168, -1.224e-6
-1.167, -1.207e-6
-1.166, -1.232e-6
-1.165, -1.235e-6
-1.164, -1.220e-6
-1.163, -1.233e-6
-1.162, -1.238e-6
-1.161, -1.226e-6
-1.160, -1.237e-6
-1.159, -1.239e-6
-1.158, -1.248e-6
-1.157, -1.256e-6
-1.156, -1.251e-6
-1.155, -1.242e-6
-1.154, -1.261e-6
-1.153, -1.261e-6
-1.152, -1.274e-6
-1.151, -1.279e-6
-1.150, -1.276e-6
-1.149, -1.271e-6
-1.148, -1.274e-6
-1.147, -1.277e-6
-1.146, -1.287e-6
-1.145, -1.290e-6
-1.144, -1.297e-6
-1.143, -1.291e-6
-1.142, -1.295e-6
-1.141, -1.297e-6
-1.140, -1.308e-6
-1.139, -1.304e-6
-1.138, -1.326e-6
-1.137, -1.314e-6
-1.136, -1.312e-6
-1.135, -1.316e-6
-1.134, -1.327e-6
-1.133, -1.330e-6
-1.132, -1.348e-6
-1.131, -1.340e-6
-1.130, -1.341e-6
-1.129, -1.346e-6
-1.128, -1.349e-6
-1.127, -1.363e-6
-1.126, -1.365e-6
-1.125, -1.374e-6
-1.124, -1.362e-6
-1.123, -1.371e-6
-1.122, -1.370e-6
-1.121, -1.385e-6
-1.120, -1.388e-6
-1.119, -1.378e-6
-1.118, -1.384e-6
-1.117, -1.397e-6
-1.116, -1.396e-6
-1.115, -1.405e-6
-1.114, -1.394e-6
-1.113, -1.419e-6
-1.112, -1.410e-6
-1.111, -1.423e-6
-1.110, -1.416e-6
-1.109, -1.425e-6
-1.108, -1.414e-6
-1.107, -1.442e-6
-1.106, -1.429e-6
-1.105, -1.431e-6
-1.104, -1.442e-6
-1.103, -1.454e-6
-1.102, -1.456e-6
-1.101, -1.461e-6
-1.100, -1.469e-6
-1.099, -1.462e-6
-1.098, -1.464e-6
-1.097, -1.478e-6
-1.096, -1.465e-6
-1.095, -1.477e-6
-1.094, -1.462e-6
-1.093, -1.477e-6
-1.092, -1.493e-6
-1.091, -1.486e-6
-1.090, -1.480e-6
-1.089, -1.510e-6
-1.088, -1.513e-6
-1.087, -1.499e-6
-1.086, -1.515e-6
-1.085, -1.536e-6
-1.084, -1.521e-6
-1.083, -1.533e-6
-1.082, -1.531e-6
-1.081, -1.533e-6
-1.080, -1.536e-6
-1.079, -1.542e-6
-1.078, -1.543e-6
-1.077, -1.557e-6
-1.076, -1.558e-6
-1.075, -1.571e-6
-1.074, -1.576e-6
-1.073, -1.574e-6
-1.072, -1.570e-6
-1.071, -1.595e-6
-1.070, -1.579e-6
-1.069, -1.597e-6
-1.068, -1.611e-6
-1.067, -1.599e-6
-1.066, -1.608e-6
-1.065, -1.612e-6
-1.064, -1.603e-6
-1.063, -1.616e-6
-1.062, -1.622e-6
-1.061, -1.625e-6
-1.060, -1.628e-6
-1.059, -1.640e-6
-1.058, -1.639e-6
-1.057, -1.644e-6
-1.056, -1.642e-6
-1.055, -1.654e-6
-1.054, -1.662e-6
-1.053, -1.660e-6
-1.052, -1.667e-6
-1.051, -1.682e-6
-1.050, -1.673e-6
-1.049, -1.680e-6
-1.048, -1.679e-6
-1.047, -1.694e-6
-1.046, -1.684e-6
-1.045, -1.722e-6
-1.044, -1.688e-6
-1.043, -1.713e-6
-1.042, -1.712e-6
-1.041, -1.723e-6
-1.040, -1.714e-6
-1.039, -1.729e-6
-1.038, -1.729e-6
-1.037, -1.748e-6
-1.036, -1.731e-6
-1.035, -1.750e-6
-1.034, -1.750e-6
-1.033, -1.763e-6
-1.032, -1.742e-6
-1.031, -1.744e-6
-1.030, -1.755e-6
-1.029, -1.763e-6
-1.028, -1.760e-6
-1.027, -1.779e-6
-1.026, -1.769e-6
-1.025, -1.798e-6
-1.024, -1.796e-6
-1.023, -1.803e-6
-1.022, -1.805e-6
-1.021, -1.809e-6
-1.020, -1.818e-6
-1.019, -1.810e-6
-1.018, -1.827e-6
-1.017, -1.833e-6
-1.016, -1.826e-6
-1.015, -1.830e-6
-1.014, -1.827e-6
-1.013, -1.832e-6
-1.012, -1.849e-6
-1.011, -1.852e-6
-1.010, -1.853e-6
-1.009, -1.857e-6
-1.008, -1.863e-6
-1.007, -1.853e-6
-1.006, -1.860e-6
-1.005, -1.870e-6
-1.004, -1.874e-6
-1.003, -1.856e-6
-1.002, -1.872e-6
-1.001, -1.888e-6
-1.000, -1.646e-6
-1.001, -1.467e-6
-1.002, -1.356e-6
-1.003, -1.280e-6
-1.004, -1.192e-6
-1.005, -1.136e-6
-1.006, -1.082e-6
-1.007, -1.019e-6
-1.008, -9.888e-7
-1.009, -9.444e-7
-1.010, -8.941e-7
-1.011, -8.427e-7
-1.012, -8.122e-7
-1.013, -7.757e-7
-1.014, -7.618e-7
-1.015, -7.184e-7
-1.016, -6.691e-7
-1.017, -6.721e-7
-1.018, -6.168e-7
-1.019, -6.070e-7
-1.020, -5.783e-7
-1.021, -5.527e-7
-1.022, -5.359e-7
-1.023, -5.191e-7
-1.024, -4.846e-7
-1.025, -4.649e-7
-1.026, -4.452e-7
-1.027, -4.086e-7
-1.028, -4.096e-7
-1.029, -3.889e-7
-1.030, -3.741e-7
-1.031, -3.386e-7
-1.032, -3.406e-7
-1.033, -2.981e-7
-1.034, -3.110e-7
-1.035, -2.715e-7
-1.036, -2.459e-7
-1.037, -2.468e-7
-1.038, -2.330e-7
-1.039, -1.877e-7
-1.040, -2.005e-7
-1.041, -1.679e-7
-1.042, -1.807e-7
-1.043, -1.521e-7
-1.044, -1.442e-7
-1.045, -1.383e-7
-1.046, -1.087e-7
-1.047, -1.077e-7
-1.048, -9.590e-8
-1.049, -5.939e-8
-1.050, -5.446e-8
-1.051, -5.742e-8
-1.052, -4.163e-8
-1.053, -1.302e-8
-1.054, -1.894e-8
-1.055, -1.006e-8
-1.056, -1.973e-10
-1.057, 1.263e-8
-1.058, 2.151e-8
-1.059, 2.447e-8
-1.060, 4.025e-8
-1.061, 5.111e-8
-1.062, 6.492e-8
-1.063, 7.084e-8
-1.064, 7.380e-8
-1.065, 9.550e-8
-1.066, 1.093e-7
-1.067, 9.945e-8
-1.068, 1.320e-7
-1.069, 1.300e-7
-1.070, 1.350e-7
-1.071, 1.379e-7
-1.072, 1.656e-7
-1.073, 1.517e-7
-1.074, 1.734e-7
-1.075, 1.951e-7
-1.076, 2.080e-7
-1.077, 2.030e-7
-1.078, 2.109e-7
-1.079, 2.208e-7
-1.080, 2.326e-7
-1.081, 2.386e-7
-1.082, 2.514e-7
-1.083, 2.632e-7
-1.084, 2.593e-7
-1.085, 2.800e-7
-1.086, 2.849e-7
-1.087, 2.879e-7
-1.088, 2.978e-7
-1.089, 3.096e-7
-1.090, 3.106e-7
-1.091, 3.135e-7
-1.092, 3.283e-7
-1.093, 3.392e-7
-1.094, 3.402e-7
-1.095, 3.560e-7
-1.096, 3.550e-7
-1.097, 3.589e-7
-1.098, 3.747e-7
-1.099, 3.777e-7
-1.100, 3.826e-7
-1.101, 4.102e-7
-1.102, 3.984e-7
-1.103, 4.112e-7
-1.104, 4.260e-7
-1.105, 4.112e-7
-1.106, 4.191e-7
-1.107, 4.388e-7
-1.108, 4.507e-7
-1.109, 4.507e-7
-1.110, 4.556e-7
-1.111, 4.694e-7
-1.112, 4.655e-7
-1.113, 4.852e-7
-1.114, 4.684e-7
-1.115, 4.832e-7
-1.116, 5.010e-7
-1.117, 5.118e-7
-1.118, 5.168e-7
-1.119, 5.109e-7
-1.120, 5.188e-7
-1.121, 5.493e-7
-1.122, 5.247e-7
-1.123, 5.444e-7
-1.124, 5.543e-7
-1.125, 5.631e-7
-1.126, 5.671e-7
-1.127, 5.691e-7
-1.128, 6.016e-7
-1.129, 5.849e-7
-1.130, 5.888e-7
-1.131, 5.987e-7
-1.132, 6.046e-7
-1.133, 6.263e-7
-1.134, 6.174e-7
-1.135, 6.342e-7
-1.136, 6.223e-7
-1.137, 6.322e-7
-1.138, 6.510e-7
-1.139, 6.440e-7
-1.140, 6.490e-7
-1.141, 6.559e-7
-1.142, 6.638e-7
-1.143, 6.786e-7
-1.144, 6.736e-7
-1.145, 6.884e-7
-1.146, 6.894e-7
-1.147, 7.042e-7
-1.148, 6.983e-7
-1.149, 7.003e-7
-1.150, 7.141e-7
-1.151, 7.151e-7
-1.152, 7.042e-7
-1.153, 7.269e-7
-1.154, 7.309e-7
-1.155, 7.368e-7
-1.156, 7.496e-7
-1.157, 7.476e-7
-1.158, 7.585e-7
-1.159, 7.624e-7
-1.160, 7.772e-7
-1.161, 7.713e-7
-1.162, 7.782e-7
-1.163, 7.950e-7
-1.164, 7.940e-7
-1.165, 8.059e-7
-1.166, 8.177e-7
-1.167, 7.999e-7
-1.168, 8.285e-7
-1.169, 8.285e-7
-1.170, 8.285e-7
-1.171, 8.216e-7
-1.172, 8.424e-7
-1.173, 8.473e-7
-1.174, 8.650e-7
-1.175, 8.552e-7
-1.176, 8.631e-7
-1.177, 8.631e-7
-1.178, 8.838e-7
-1.179, 8.818e-7
-1.180, 9.045e-7
-1.181, 8.976e-7
-1.182, 8.956e-7
-1.183, 9.065e-7
-1.184, 9.163e-7
-1.185, 9.163e-7
-1.186, 9.242e-7
-1.187, 9.085e-7
-1.188, 9.341e-7
-1.189, 9.311e-7
-1.190, 9.371e-7
-1.191, 9.538e-7
-1.192, 9.578e-7
-1.193, 9.627e-7
-1.194, 9.647e-7
-1.195, 9.686e-7
-1.196, 9.825e-7
-1.197, 9.894e-7
-1.198, 9.953e-7
-1.199, 9.963e-7
-1.200, 1.008e-6
-1.201, 1.005e-6
-1.202, 1.000e-6
-1.203, 9.953e-7
-1.204, 1.019e-6
-1.205, 1.019e-6
-1.206, 1.045e-6
-1.207, 1.042e-6
-1.208, 1.042e-6
-1.209, 1.062e-6
-1.210, 1.066e-6
-1.211, 1.052e-6
-1.212, 1.061e-6
-1.213, 1.059e-6
-1.214, 1.078e-6
-1.215, 1.091e-6
-1.216, 1.095e-6
-1.217, 1.089e-6
-1.218, 1.103e-6
-1.219, 1.096e-6
-1.220, 1.105e-6
-1.221, 1.109e-6
-1.222, 1.103e-6
-1.223, 1.141e-6
-1.224, 1.134e-6
-1.225, 1.153e-6
-1.226, 1.132e-6
-1.227, 1.147e-6
-1.228, 1.161e-6
-1.229, 1.169e-6
-1.230, 1.178e-6
-1.231, 1.183e-6
-1.232, 1.181e-6
-1.233, 1.206e-6
-1.234, 1.190e-6
-1.235, 1.219e-6
-1.236, 1.197e-6
-1.237, 1.216e-6
-1.238, 1.219e-6
-1.239, 1.227e-6
-1.240, 1.230e-6
-1.241, 1.222e-6
-1.242, 1.253e-6
-1.243, 1.248e-6
-1.244, 1.259e-6
-1.245, 1.274e-6
-1.246, 1.263e-6
-1.247, 1.273e-6
-1.248, 1.279e-6
-1.249, 1.282e-6
-1.250, 1.295e-6
-1.251, 1.286e-6
-1.252, 1.298e-6
-1.253, 1.308e-6
-1.254, 1.312e-6
-1.255, 1.314e-6
-1.256, 1.331e-6
-1.257, 1.327e-6
-1.258, 1.342e-6
-1.259, 1.330e-6
-1.260, 1.343e-6
-1.261, 1.352e-6
-1.262, 1.361e-6
-1.263, 1.357e-6
-1.264, 1.373e-6
-1.265, 1.382e-6
-1.266, 1.385e-6
-1.267, 1.383e-6
-1.268, 1.416e-6
-1.269, 1.397e-6
-1.270, 1.421e-6
-1.271, 1.413e-6
-1.272, 1.423e-6
-1.273, 1.425e-6
-1.274, 1.440e-6
-1.275, 1.427e-6
-1.276, 1.432e-6
-1.277, 1.439e-6
-1.278, 1.451e-6
-1.279, 1.456e-6
-1.280, 1.483e-6
-1.281, 1.481e-6
-1.282, 1.471e-6
-1.283, 1.485e-6
-1.284, 1.493e-6
-1.285, 1.509e-6
-1.286, 1.499e-6
-1.287, 1.509e-6
-1.288, 1.534e-6
-1.289, 1.524e-6
-1.290, 1.535e-6
-1.291, 1.548e-6
-1.292, 1.556e-6
-1.293, 1.556e-6
-1.294, 1.570e-6
-1.295, 1.575e-6
-1.296, 1.565e-6
-1.297, 1.572e-6
-1.298, 1.584e-6
-1.299, 1.604e-6
-1.300, 1.594e-6
-1.301, 1.593e-6
-1.302, 1.595e-6
-1.303, 1.616e-6
-1.304, 1.624e-6
-1.305, 1.631e-6
-1.306, 1.640e-6
-1.307, 1.656e-6
-1.308, 1.653e-6
-1.309, 1.662e-6
-1.310, 1.671e-6
-1.311, 1.665e-6
-1.312, 1.690e-6
-1.313, 1.702e-6
-1.314, 1.687e-6
-1.315, 1.711e-6
-1.316, 1.705e-6
-1.317, 1.724e-6
-1.318, 1.739e-6
-1.319, 1.733e-6
-1.320, 1.739e-6
-1.321, 1.763e-6
-1.322, 1.760e-6
-1.323, 1.771e-6
-1.324, 1.791e-6
-1.325, 1.787e-6
-1.326, 1.788e-6
-1.327, 1.774e-6
-1.328, 1.805e-6
-1.329, 1.794e-6
-1.330, 1.820e-6
-1.331, 1.818e-6
-1.332, 1.854e-6
-1.333, 1.843e-6
-1.334, 1.857e-6
-1.335, 1.874e-6
-1.336, 1.884e-6
-1.337, 1.869e-6
-1.338, 1.896e-6
-1.339, 1.905e-6
-1.340, 1.916e-6
-1.341, 1.926e-6
-1.342, 1.935e-6
-1.343, 1.931e-6
-1.344, 1.942e-6
-1.345, 1.960e-6
-1.346, 1.957e-6
-1.347, 1.968e-6
-1.348, 1.985e-6
-1.349, 1.981e-6
-1.350, 1.991e-6
-1.351, 2.024e-6
-1.352, 2.012e-6
-1.353, 2.016e-6
-1.354, 2.019e-6
-1.355, 2.056e-6
-1.356, 2.043e-6
-1.357, 2.077e-6
-1.358, 2.083e-6
-1.359, 2.085e-6
-1.360, 2.106e-6
-1.361, 2.096e-6
-1.362, 2.127e-6
-1.363, 2.129e-6
-1.364, 2.154e-6
-1.365, 2.150e-6
-1.366, 2.160e-6
-1.367, 2.158e-6
-1.368, 2.191e-6
-1.369, 2.193e-6
-1.370, 2.204e-6
-1.371, 2.210e-6
-1.372, 2.230e-6
-1.373, 2.244e-6
-1.374, 2.258e-6
-1.375, 2.258e-6
-1.376, 2.277e-6
-1.377, 2.292e-6
-1.378, 2.304e-6
-1.379, 2.311e-6
-1.380, 2.353e-6
-1.381, 2.337e-6
-1.382, 2.369e-6
-1.383, 2.391e-6
-1.384, 2.394e-6
-1.385, 2.415e-6
-1.386, 2.437e-6
-1.387, 2.445e-6
-1.388, 2.449e-6
-1.389, 2.471e-6
-1.390, 2.480e-6
-1.391, 2.503e-6
-1.392, 2.531e-6
-1.393, 2.518e-6
-1.394, 2.552e-6
-1.395, 2.574e-6
-1.396, 2.597e-6
-1.397, 2.620e-6
-1.398, 2.634e-6
-1.399, 2.639e-6
-1.400, 2.657e-6
-1.401, 2.681e-6
-1.402, 2.689e-6
-1.403, 2.721e-6
-1.404, 2.742e-6
-1.405, 2.762e-6
-1.406, 2.776e-6
-1.407, 2.803e-6
-1.408, 2.836e-6
-1.409, 2.876e-6
-1.410, 2.872e-6
-1.411, 2.900e-6
-1.412, 2.913e-6
-1.413, 2.958e-6
-1.414, 2.956e-6
-1.415, 3.012e-6
-1.416, 3.012e-6
-1.417, 3.042e-6
-1.418, 3.070e-6
-1.419, 3.081e-6
-1.420, 3.122e-6
-1.421, 3.144e-6
-1.422, 3.169e-6
-1.423, 3.195e-6
-1.424, 3.227e-6
-1.425, 3.241e-6
-1.426, 3.281e-6
-1.427, 3.313e-6
-1.428, 3.329e-6
-1.429, 3.383e-6
-1.430, 3.408e-6
-1.431, 3.412e-6
-1.432, 3.453e-6
-1.433, 3.485e-6
-1.434, 3.553e-6
-1.435, 3.569e-6
-1.436, 3.599e-6
-1.437, 3.647e-6
-1.438, 3.689e-6
-1.439, 3.706e-6
-1.440, 3.748e-6
-1.441, 3.781e-6
-1.442, 3.822e-6
-1.443, 3.848e-6
-1.444, 3.888e-6
-1.445, 3.926e-6
-1.446, 3.965e-6
-1.447, 4.003e-6
-1.448, 4.043e-6
-1.449, 4.063e-6
-1.450, 4.105e-6
-1.451, 4.144e-6
-1.452, 4.183e-6
-1.453, 4.196e-6
-1.454, 4.233e-6
-1.455, 4.286e-6
-1.456, 4.334e-6
-1.457, 4.354e-6
-1.458, 4.425e-6
-1.459, 4.469e-6
-1.460, 4.531e-6
-1.461, 4.572e-6
-1.462, 4.646e-6
-1.463, 4.726e-6
-1.464, 4.786e-6
-1.465, 4.867e-6
-1.466, 4.904e-6
-1.467, 4.957e-6
-1.468, 4.984e-6
-1.469, 5.050e-6
-1.470, 5.108e-6
-1.471, 5.179e-6
-1.472, 5.204e-6
-1.473, 5.265e-6
-1.474, 5.322e-6
-1.475, 5.391e-6
-1.476, 5.398e-6
-1.477, 5.449e-6
-1.478, 5.470e-6
-1.479, 5.568e-6
-1.480, 5.615e-6
-1.481, 5.665e-6
-1.482, 5.753e-6
-1.483, 5.808e-6
-1.484, 5.871e-6
-1.485, 5.984e-6
-1.486, 6.049e-6
-1.487, 6.135e-6
-1.488, 6.213e-6
-1.489, 6.290e-6
-1.490, 6.341e-6
-1.491, 6.436e-6
-1.492, 6.494e-6
-1.493, 6.594e-6
-1.494, 6.649e-6
-1.495, 6.676e-6
-1.496, 6.743e-6
-1.497, 6.808e-6
-1.498, 6.874e-6
-1.499, 7.026e-6
-1.500, 7.146e-6
-1.501, 7.223e-6
-1.502, 7.278e-6
-1.503, 7.368e-6
-1.504, 7.463e-6
-1.505, 7.546e-6
-1.506, 7.641e-6
-1.507, 7.720e-6
-1.508, 7.833e-6
-1.509, 7.933e-6
-1.510, 8.035e-6
-1.511, 8.159e-6
-1.512, 8.265e-6
-1.513, 8.327e-6
-1.514, 8.439e-6
-1.515, 8.544e-6
-1.516, 8.633e-6
-1.517, 8.589e-6
-1.518, 8.783e-6
-1.519, 8.871e-6
-1.520, 9.036e-6
-1.521, 9.206e-6
-1.522, 9.365e-6
-1.523, 9.462e-6
-1.524, 9.597e-6
-1.525, 9.727e-6
-1.526, 9.782e-6
-1.527, 9.856e-6
-1.528, 1.001e-5
-1.529, 1.025e-5
-1.530, 1.036e-5
-1.531, 1.043e-5
-1.532, 1.063e-5
-1.533, 1.074e-5
-1.534, 1.078e-5
-1.535, 1.102e-5
-1.536, 1.119e-5
-1.537, 1.135e-5
-1.538, 1.148e-5
-1.539, 1.158e-5
-1.540, 1.165e-5
-1.541, 1.180e-5
-1.542, 1.200e-5
-1.543, 1.217e-5
-1.544, 1.240e-5
-1.545, 1.265e-5
-1.546, 1.280e-5
-1.547, 1.287e-5
-1.548, 1.312e-5
-1.549, 1.317e-5
-1.550, 1.329e-5
-1.551, 1.341e-5
-1.552, 1.371e-5
-1.553, 1.411e-5
-1.554, 1.428e-5
-1.555, 1.439e-5
-1.556, 1.447e-5
-1.557, 1.451e-5
-1.558, 1.493e-5
-1.559, 1.523e-5
-1.560, 1.544e-5
-1.561, 1.559e-5
-1.562, 1.567e-5
-1.563, 1.590e-5
-1.564, 1.623e-5
-1.565, 1.650e-5
-1.566, 1.670e-5
-1.567, 1.699e-5
-1.568, 1.722e-5
-1.569, 1.738e-5
-1.570, 1.771e-5
-1.571, 1.788e-5
-1.572, 1.833e-5
-1.573, 1.856e-5
-1.574, 1.870e-5
-1.575, 1.903e-5
-1.576, 1.943e-5
-1.577, 1.975e-5
-1.578, 1.980e-5
-1.579, 2.023e-5
-1.580, 2.062e-5
-1.581, 2.075e-5
-1.582, 2.092e-5
-1.583, 2.163e-5
-1.584, 2.184e-5
-1.585, 2.213e-5
-1.586, 2.229e-5
-1.587, 2.299e-5
-1.588, 2.325e-5
-1.589, 2.345e-5
-1.590, 2.375e-5
-1.591, 2.451e-5
-1.592, 2.474e-5
-1.593, 2.503e-5
-1.594, 2.548e-5
-1.595, 2.605e-5
-1.596, 2.626e-5
-1.597, 2.660e-5
-1.598, 2.720e-5
-1.599, 2.764e-5
-1.600, 2.810e-5
-1.601, 2.837e-5
-1.602, 2.901e-5
-1.603, 2.937e-5
-1.604, 2.952e-5
-1.605, 3.068e-5
-1.606, 3.092e-5
-1.607, 3.104e-5
-1.608, 3.218e-5
-1.609, 3.231e-5
-1.610, 3.259e-5
-1.611, 3.384e-5
-1.612, 3.406e-5
-1.613, 3.460e-5
-1.614, 3.530e-5
-1.615, 3.557e-5
-1.616, 3.652e-5
-1.617, 3.686e-5
-1.618, 3.766e-5
-1.619, 3.870e-5
-1.620, 3.864e-5
-1.621, 4.030e-5
-1.622, 4.043e-5
-1.623, 4.140e-5
-1.624, 4.162e-5
-1.625, 4.237e-5
-1.626, 4.348e-5
-1.627, 4.399e-5
-1.628, 4.500e-5
-1.629, 4.554e-5
-1.630, 4.664e-5
-1.631, 4.725e-5
-1.632, 4.850e-5
-1.633, 4.913e-5
-1.634, 5.015e-5
-1.635, 5.082e-5
-1.636, 5.202e-5
-1.637, 5.291e-5
-1.638, 5.388e-5
-1.639, 5.513e-5
-1.640, 5.621e-5
-1.641, 5.722e-5
-1.642, 5.806e-5
-1.643, 5.949e-5
-1.644, 6.018e-5
-1.645, 6.211e-5
-1.646, 6.261e-5
-1.647, 6.430e-5
-1.648, 6.517e-5
-1.649, 6.646e-5
-1.650, 6.777e-5
-1.651, 6.925e-5
-1.652, 7.009e-5
-1.653, 7.216e-5
-1.654, 7.359e-5
-1.655, 7.462e-5
-1.656, 7.675e-5
-1.657, 7.798e-5
-1.658, 7.947e-5
-1.659, 8.151e-5
-1.660, 8.308e-5
-1.661, 8.450e-5
-1.662, 8.603e-5
-1.663, 8.758e-5
-1.664, 9.013e-5
-1.665, 9.217e-5
-1.666, 9.346e-5
-1.667, 9.491e-5
-1.668, 9.729e-5
-1.669, 9.956e-5
-1.670, 1.013e-4
-1.671, 1.026e-4
-1.672, 1.045e-4
-1.673, 1.068e-4
-1.674, 1.087e-4
-1.675, 1.110e-4
-1.676, 1.140e-4
-1.677, 1.167e-4
-1.678, 1.181e-4
-1.679, 1.201e-4
-1.680, 1.226e-4
-1.681, 1.256e-4
-1.682, 1.284e-4
-1.683, 1.308e-4
-1.684, 1.332e-4
-1.685, 1.358e-4
-1.686, 1.387e-4
-1.687, 1.417e-4
-1.688, 1.447e-4
-1.689, 1.474e-4
-1.690, 1.502e-4
-1.691, 1.536e-4
-1.692, 1.569e-4
-1.693, 1.596e-4
-1.694, 1.628e-4
-1.695, 1.663e-4
-1.696, 1.704e-4
-1.697, 1.740e-4
-1.698, 1.768e-4
-1.699, 1.805e-4
-1.700, 1.846e-4
-1.701, 1.888e-4
-1.702, 1.927e-4
-1.703, 1.966e-4
-1.704, 2.008e-4
-1.705, 2.048e-4
-1.706, 2.081e-4
-1.707, 2.126e-4
-1.708, 2.171e-4
-1.709, 2.217e-4
-1.710, 2.261e-4
-1.711, 2.310e-4
-1.712, 2.354e-4
-1.713, 2.407e-4
-1.714, 2.456e-4
-1.715, 2.512e-4
-1.716, 2.557e-4
-1.717, 2.611e-4
-1.718, 2.659e-4
-1.719, 2.719e-4
-1.720, 2.773e-4
-1.721, 2.833e-4
-1.722, 2.889e-4
-1.723, 2.947e-4
-1.724, 3.003e-4
-1.725, 3.063e-4
-1.726, 3.123e-4
-1.727, 3.191e-4
-1.728, 3.253e-4
-1.729, 3.316e-4
-1.730, 3.386e-4
-1.731, 3.446e-4
-1.732, 3.511e-4
-1.733, 3.587e-4
-1.734, 3.664e-4
-1.735, 3.726e-4
-1.736, 3.809e-4
-1.737, 3.873e-4
-1.738, 3.958e-4
-1.739, 4.037e-4
-1.740, 4.119e-4
-1.741, 4.183e-4
-1.742, 4.273e-4
-1.743, 4.352e-4
-1.744, 4.442e-4
-1.745, 4.524e-4
-1.746, 4.601e-4
-1.747, 4.698e-4
-1.748, 4.785e-4
-1.749, 4.885e-4
-1.750, 4.970e-4
-1.751, 5.065e-4
-1.752, 5.168e-4
-1.753, 5.251e-4
-1.754, 5.359e-4
-1.755, 5.462e-4
-1.756, 5.557e-4
-1.757, 5.663e-4
-1.758, 5.775e-4
-1.759, 5.878e-4
-1.760, 5.986e-4
-1.761, 6.104e-4
-1.762, 6.211e-4
-1.763, 6.320e-4
-1.764, 6.433e-4
-1.765, 6.562e-4
-1.766, 6.680e-4
-1.767, 6.791e-4
-1.768, 6.920e-4
-1.769, 7.043e-4
-1.770, 7.173e-4
-1.771, 7.302e-4
-1.772, 7.417e-4
-1.773, 7.541e-4
-1.774, 7.678e-4
-1.775, 7.814e-4
-1.776, 7.956e-4
-1.777, 8.093e-4
-1.778, 8.230e-4
-1.779, 8.359e-4
-1.780, 8.513e-4
-1.781, 8.657e-4
-1.782, 8.809e-4
-1.783, 8.937e-4
-1.784, 9.091e-4
-1.785, 9.258e-4
-1.786, 9.411e-4
-1.787, 9.563e-4
-1.788, 9.723e-4
-1.789, 9.871e-4
-1.790, 1.003e-3
-1.791, 1.020e-3
-1.792, 1.034e-3
-1.793, 1.051e-3
-1.794, 1.069e-3
-1.795, 1.085e-3
-1.796, 1.104e-3
-1.797, 1.121e-3
-1.798, 1.138e-3
-1.799, 1.156e-3
-1.800, 1.161e-3
-1.799, 1.151e-3
-1.798, 1.139e-3
-1.797, 1.128e-3
-1.796, 1.115e-3
-1.795, 1.102e-3
-1.794, 1.091e-3
-1.793, 1.078e-3
-1.792, 1.066e-3
-1.791, 1.056e-3
-1.790, 1.043e-3
-1.789, 1.029e-3
-1.788, 1.015e-3
-1.787, 1.003e-3
-1.786, 9.905e-4
-1.785, 9.776e-4
-1.784, 9.659e-4
-1.783, 9.554e-4
-1.782, 9.430e-4
-1.781, 9.316e-4
-1.780, 9.182e-4
-1.779, 9.059e-4
-1.778, 8.925e-4
-1.777, 8.824e-4
-1.776, 8.712e-4
-1.775, 8.608e-4
-1.774, 8.468e-4
-1.773, 8.364e-4
-1.772, 8.249e-4
-1.771, 8.139e-4
-1.770, 8.034e-4
-1.769, 7.921e-4
-1.768, 7.813e-4
-1.767, 7.705e-4
-1.766, 7.604e-4
-1.765, 7.500e-4
-1.764, 7.395e-4
-1.763, 7.295e-4
-1.762, 7.194e-4
-1.761, 7.098e-4
-1.760, 7.001e-4
-1.759, 6.891e-4
-1.758, 6.805e-4
-1.757, 6.712e-4
-1.756, 6.613e-4
-1.755, 6.518e-4
-1.754, 6.433e-4
-1.753, 6.342e-4
-1.752, 6.250e-4
-1.751, 6.164e-4
-1.750, 6.070e-4
-1.749, 5.992e-4
-1.748, 5.911e-4
-1.747, 5.829e-4
-1.746, 5.734e-4
-1.745, 5.646e-4
-1.744, 5.579e-4
-1.743, 5.497e-4
-1.742, 5.409e-4
-1.741, 5.335e-4
-1.740, 5.252e-4
-1.739, 5.179e-4
-1.738, 5.110e-4
-1.737, 5.027e-4
-1.736, 4.948e-4
-1.735, 4.872e-4
-1.734, 4.804e-4
-1.733, 4.739e-4
-1.732, 4.666e-4
-1.731, 4.591e-4
-1.730, 4.540e-4
-1.729, 4.463e-4
-1.728, 4.393e-4
-1.727, 4.327e-4
-1.726, 4.272e-4
-1.725, 4.206e-4
-1.724, 4.136e-4
-1.723, 4.070e-4
-1.722, 4.024e-4
-1.721, 3.956e-4
-1.720, 3.900e-4
-1.719, 3.832e-4
-1.718, 3.779e-4
-1.717, 3.712e-4
-1.716, 3.655e-4
-1.715, 3.595e-4
-1.714, 3.545e-4
-1.713, 3.488e-4
-1.712, 3.442e-4
-1.711, 3.389e-4
-1.710, 3.339e-4
-1.709, 3.282e-4
-1.708, 3.229e-4
-1.707, 3.180e-4
-1.706, 3.132e-4
-1.705, 3.079e-4
-1.704, 3.024e-4
-1.703, 2.991e-4
-1.702, 2.946e-4
-1.701, 2.890e-4
-1.700, 2.846e-4
-1.699, 2.807e-4
-1.698, 2.762e-4
-1.697, 2.708e-4
-1.696, 2.674e-4
-1.695, 2.634e-4
-1.694, 2.585e-4
-1.693, 2.539e-4
-1.692, 2.503e-4
-1.691, 2.460e-4
-1.690, 2.423e-4
-1.689, 2.391e-4
-1.688, 2.349e-4
-1.687, 2.309e-4
-1.686, 2.266e-4
-1.685, 2.233e-4
-1.684, 2.199e-4
-1.683, 2.164e-4
-1.682, 2.128e-4
-1.681, 2.096e-4
-1.680, 2.057e-4
-1.679, 2.026e-4
-1.678, 1.988e-4
-1.677, 1.960e-4
-1.676, 1.931e-4
-1.675, 1.896e-4
-1.674, 1.868e-4
-1.673, 1.836e-4
-1.672, 1.804e-4
-1.671, 1.777e-4
-1.670, 1.749e-4
-1.669, 1.718e-4
-1.668, 1.685e-4
-1.667, 1.657e-4
-1.666, 1.631e-4
-1.665, 1.607e-4
-1.664, 1.579e-4
-1.663, 1.553e-4
-1.662, 1.525e-4
-1.661, 1.503e-4
-1.660, 1.479e-4
-1.659, 1.454e-4
-1.658, 1.427e-4
-1.657, 1.406e-4
-1.656, 1.377e-4
-1.655, 1.354e-4
-1.654, 1.330e-4
-1.653, 1.311e-4
-1.652, 1.288e-4
-1.651, 1.267e-4
-1.650, 1.246e-4
-1.649, 1.227e-4
-1.648, 1.205e-4
-1.647, 1.181e-4
-1.646, 1.168e-4
-1.645, 1.144e-4
-1.644, 1.122e-4
-1.643, 1.107e-4
-1.642, 1.086e-4
-1.641, 1.067e-4
-1.640, 1.051e-4
-1.639, 1.031e-4
-1.638, 1.014e-4
-1.637, 9.974e-5
-1.636, 9.778e-5
-1.635, 9.693e-5
-1.634, 9.434e-5
-1.633, 9.303e-5
-1.632, 9.164e-5
-1.631, 8.980e-5
-1.630, 8.846e-5
-1.629, 8.644e-5
-1.628, 8.521e-5
-1.627, 8.434e-5
-1.626, 8.210e-5
-1.625, 8.134e-5
-1.624, 7.984e-5
-1.623, 7.837e-5
-1.622, 7.678e-5
-1.621, 7.554e-5
-1.620, 7.514e-5
-1.619, 7.466e-5
-1.618, 7.337e-5
-1.617, 7.201e-5
-1.616, 7.093e-5
-1.615, 7.015e-5
-1.614, 6.883e-5
-1.613, 6.792e-5
-1.612, 6.624e-5
-1.611, 6.547e-5
-1.610, 6.383e-5
-1.609, 6.305e-5
-1.608, 6.187e-5
-1.607, 6.087e-5
-1.606, 5.769e-5
-1.605, 5.726e-5
-1.604, 5.608e-5
-1.603, 5.514e-5
-1.602, 5.461e-5
-1.601, 5.314e-5
-1.600, 5.247e-5
-1.599, 5.150e-5
-1.598, 5.028e-5
-1.597, 4.997e-5
-1.596, 4.861e-5
-1.595, 4.775e-5
-1.594, 4.731e-5
-1.593, 4.615e-5
-1.592, 4.559e-5
-1.591, 4.485e-5
-1.590, 4.331e-5
-1.589, 4.311e-5
-1.588, 4.231e-5
-1.587, 4.142e-5
-1.586, 4.084e-5
-1.585, 4.011e-5
-1.584, 3.902e-5
-1.583, 3.836e-5
-1.582, 3.799e-5
-1.581, 3.736e-5
-1.580, 3.660e-5
-1.579, 3.623e-5
-1.578, 3.545e-5
-1.577, 3.462e-5
-1.576, 3.403e-5
-1.575, 3.347e-5
-1.574, 3.274e-5
-1.573, 3.199e-5
-1.572, 3.170e-5
-1.571, 3.122e-5
-1.570, 3.030e-5
-1.569, 2.970e-5
-1.568, 2.929e-5
-1.567, 2.891e-5
-1.566, 2.830e-5
-1.565, 2.794e-5
-1.564, 2.747e-5
-1.563, 2.696e-5
-1.562, 2.635e-5
-1.561, 2.583e-5
-1.560, 2.541e-5
-1.559, 2.493e-5
-1.558, 2.449e-5
-1.557, 2.393e-5
-1.556, 2.357e-5
-1.555, 2.318e-5
-1.554, 2.268e-5
-1.553, 2.219e-5
-1.552, 2.166e-5
-1.551, 2.125e-5
-1.550, 2.084e-5
-1.549, 2.055e-5
-1.548, 2.025e-5
-1.547, 1.984e-5
-1.546, 1.933e-5
-1.545, 1.902e-5
-1.544, 1.880e-5
-1.543, 1.844e-5
-1.542, 1.796e-5
-1.541, 1.762e-5
-1.540, 1.723e-5
-1.539, 1.692e-5
-1.538, 1.660e-5
-1.537, 1.632e-5
-1.536, 1.602e-5
-1.535, 1.566e-5
-1.534, 1.547e-5
-1.533, 1.505e-5
-1.532, 1.476e-5
-1.531, 1.451e-5
-1.530, 1.424e-5
-1.529, 1.393e-5
-1.528, 1.388e-5
-1.527, 1.362e-5
-1.526, 1.320e-5
-1.525, 1.287e-5
-1.524, 1.265e-5
-1.523, 1.230e-5
-1.522, 1.204e-5
-1.521, 1.194e-5
-1.520, 1.169e-5
-1.519, 1.151e-5
-1.518, 1.122e-5
-1.517, 1.094e-5
-1.516, 1.080e-5
-1.515, 1.050e-5
-1.514, 1.039e-5
-1.513, 1.018e-5
-1.512, 1.001e-5
-1.511, 9.839e-6
-1.510, 9.560e-6
-1.509, 9.325e-6
-1.508, 9.093e-6
-1.507, 8.877e-6
-1.506, 8.774e-6
-1.505, 8.597e-6
-1.504, 8.429e-6
-1.503, 8.238e-6
-1.502, 8.011e-6
-1.501, 7.889e-6
-1.500, 7.736e-6
-1.499, 7.542e-6
-1.498, 7.406e-6
-1.497, 7.253e-6
-1.496, 7.088e-6
-1.495, 6.968e-6
-1.494, 6.877e-6
-1.493, 6.700e-6
-1.492, 6.549e-6
-1.491, 6.392e-6
-1.490, 6.225e-6
-1.489, 6.077e-6
-1.488, 5.988e-6
-1.487, 5.871e-6
-1.486, 5.762e-6
-1.485, 5.611e-6
-1.484, 5.484e-6
-1.483, 5.354e-6
-1.482, 5.247e-6
-1.481, 5.115e-6
-1.480, 5.023e-6
-1.479, 4.874e-6
-1.478, 4.768e-6
-1.477, 4.671e-6
-1.476, 4.563e-6
-1.475, 4.457e-6
-1.474, 4.346e-6
-1.473, 4.261e-6
-1.472, 4.191e-6
-1.471, 4.091e-6
-1.470, 3.988e-6
-1.469, 3.897e-6
-1.468, 3.799e-6
-1.467, 3.688e-6
-1.466, 3.614e-6
-1.465, 3.526e-6
-1.464, 3.427e-6
-1.463, 3.362e-6
-1.462, 3.275e-6
-1.461, 3.234e-6
-1.460, 3.136e-6
-1.459, 3.029e-6
-1.458, 2.986e-6
-1.457, 2.904e-6
-1.456, 2.847e-6
-1.455, 2.772e-6
-1.454, 2.696e-6
-1.453, 2.639e-6
-1.452, 2.547e-6
-1.451, 2.462e-6
-1.450, 2.408e-6
-1.449, 2.347e-6
-1.448, 2.296e-6
-1.447, 2.208e-6
-1.446, 2.167e-6
-1.445, 2.122e-6
-1.444, 2.036e-6
-1.443, 1.971e-6
-1.442, 1.968e-6
-1.441, 1.891e-6
-1.440, 1.840e-6
-1.439, 1.773e-6
-1.438, 1.730e-6
-1.437, 1.676e-6
-1.436, 1.631e-6
-1.435, 1.585e-6
-1.434, 1.536e-6
-1.433, 1.480e-6
-1.432, 1.462e-6
-1.431, 1.398e-6
-1.430, 1.363e-6
-1.429, 1.318e-6
-1.428, 1.292e-6
-1.427, 1.226e-6
-1.426, 1.201e-6
-1.425, 1.171e-6
-1.424, 1.129e-6
-1.423, 1.094e-6
-1.422, 1.051e-6
-1.421, 1.006e-6
-1.420, 9.667e-7
-1.419, 9.104e-7
-1.418, 9.025e-7
-1.417, 8.710e-7
-1.416, 8.246e-7
-1.415, 7.841e-7
-1.414, 7.467e-7
-1.413, 7.289e-7
-1.412, 7.032e-7
-1.411, 6.677e-7
-1.410, 6.470e-7
-1.409, 6.105e-7
-1.408, 5.799e-7
-1.407, 5.592e-7
-1.406, 5.247e-7
-1.405, 5.010e-7
-1.404, 4.941e-7
-1.403, 4.635e-7
-1.402, 4.280e-7
-1.401, 3.836e-7
-1.400, 3.816e-7
-1.399, 3.589e-7
-1.398, 3.264e-7
-1.397, 3.086e-7
-1.396, 2.642e-7
-1.395, 2.573e-7
-1.394, 2.257e-7
-1.393, 2.188e-7
-1.392, 1.912e-7
-1.391, 1.902e-7
-1.390, 1.498e-7
-1.389, 1.409e-7
-1.388, 1.202e-7
-1.387, 9.353e-8
-1.386, 8.564e-8
-1.385, 5.308e-8
-1.384, 3.729e-8
-1.383, 2.940e-8
-1.382, -1.302e-8
-1.381, -1.598e-8
-1.380, -3.473e-8
-1.379, -4.657e-8
-1.378, -4.755e-8
-1.377, -7.419e-8
-1.376, -1.018e-7
-1.375, -1.008e-7
-1.374, -1.176e-7
-1.373, -1.038e-7
-1.372, -1.433e-7
-1.371, -1.561e-7
-1.370, -1.659e-7
-1.369, -1.886e-7
-1.368, -1.965e-7
-1.367, -2.212e-7
-1.366, -2.242e-7
-1.365, -2.242e-7
-1.364, -2.567e-7
-1.363, -2.656e-7
-1.362, -2.755e-7
-1.361, -2.883e-7
-1.360, -3.139e-7
-1.359, -3.041e-7
-1.358, -3.268e-7
-1.357, -3.307e-7
-1.356, -3.544e-7
-1.355, -3.623e-7
-1.354, -3.741e-7
-1.353, -3.652e-7
-1.352, -3.820e-7
-1.351, -3.938e-7
-1.350, -4.037e-7
-1.349, -4.294e-7
-1.348, -4.304e-7
-1.347, -4.294e-7
-1.346, -4.629e-7
-1.345, -4.560e-7
-1.344, -4.826e-7
-1.343, -4.669e-7
-1.342, -4.817e-7
-1.341, -5.053e-7
-1.340, -5.053e-7
-1.339, -5.034e-7
-1.338, -5.073e-7
-1.337, -5.379e-7
-1.336, -5.389e-7
-1.335, -5.557e-7
-1.334, -5.734e-7
-1.333, -5.537e-7
-1.332, -5.793e-7
-1.331, -5.823e-7
-1.330, -5.951e-7
-1.329, -6.010e-7
-1.328, -6.050e-7
-1.327, -6.188e-7
-1.326, -6.218e-7
-1.325, -6.257e-7
-1.324, -6.346e-7
-1.323, -6.484e-7
-1.322, -6.622e-7
-1.321, -6.642e-7
-1.320, -6.435e-7
-1.319, -6.731e-7
-1.318, -6.849e-7
-1.317, -6.849e-7
-1.316, -6.948e-7
-1.315, -7.066e-7
-1.314, -7.017e-7
-1.313, -7.145e-7
-1.312, -7.066e-7
-1.311, -7.214e-7
-1.310, -7.263e-7
-1.309, -7.214e-7
-1.308, -7.411e-7
-1.307, -7.451e-7
-1.306, -7.352e-7
-1.305, -7.618e-7
-1.304, -7.707e-7
-1.303, -7.737e-7
-1.302, -7.786e-7
-1.301, -7.776e-7
-1.300, -7.855e-7
-1.299, -7.816e-7
-1.298, -7.944e-7
-1.297, -8.102e-7
-1.296, -7.964e-7
-1.295, -8.161e-7
-1.294, -8.161e-7
-1.293, -8.220e-7
-1.292, -8.240e-7
-1.291, -8.280e-7
-1.290, -8.260e-7
-1.289, -8.516e-7
-1.288, -8.319e-7
-1.287, -8.566e-7
-1.286, -8.546e-7
-1.285, -8.506e-7
-1.284, -8.783e-7
-1.283, -8.615e-7
-1.282, -8.753e-7
-1.281, -8.605e-7
-1.280, -8.852e-7
-1.279, -8.783e-7
-1.278, -8.891e-7
-1.277, -9.049e-7
-1.276, -8.921e-7
-1.275, -9.158e-7
-1.274, -9.197e-7
-1.273, -9.118e-7
-1.272, -9.217e-7
-1.271, -9.315e-7
-1.270, -9.128e-7
-1.269, -9.246e-7
-1.268, -9.266e-7
-1.267, -9.542e-7
-1.266, -9.286e-7
-1.265, -9.542e-7
-1.264, -9.513e-7
-1.263, -9.592e-7
-1.262, -9.611e-7
-1.261, -9.750e-7
-1.260, -9.720e-7
-1.259, -9.720e-7
-1.258, -9.651e-7
-1.257, -9.878e-7
-1.256, -9.779e-7
-1.255, -9.957e-7
-1.254, -9.868e-7
-1.253, -9.878e-7
-1.252, -9.898e-7
-1.251, -1.013e-6
-1.250, -1.001e-6
-1.249, -1.022e-6
-1.248, -9.917e-7
-1.247, -1.023e-6
-1.246, -1.003e-6
-1.245, -1.028e-6
-1.244, -1.015e-6
-1.243, -1.027e-6
-1.242, -1.025e-6
-1.241, -1.044e-6
-1.240, -1.034e-6
-1.239, -1.057e-6
-1.238, -1.050e-6
-1.237, -1.051e-6
-1.236, -1.064e-6
-1.235, -1.069e-6
-1.234, -1.059e-6
-1.233, -1.065e-6
-1.232, -1.060e-6
-1.231, -1.063e-6
-1.230, -1.068e-6
-1.229, -1.089e-6
-1.228, -1.091e-6
-1.227, -1.106e-6
-1.226, -1.107e-6
-1.225, -1.103e-6
-1.224, -1.099e-6
-1.223, -1.114e-6
-1.222, -1.124e-6
-1.221, -1.110e-6
-1.220, -1.132e-6
-1.219, -1.135e-6
-1.218, -1.125e-6
-1.217, -1.127e-6
-1.216, -1.123e-6
-1.215, -1.142e-6
-1.214, -1.138e-6
-1.213, -1.148e-6
-1.212, -1.158e-6
-1.211, -1.139e-6
-1.210, -1.159e-6
-1.209, -1.146e-6
-1.208, -1.157e-6
-1.207, -1.167e-6
-1.206, -1.167e-6
-1.205, -1.160e-6
-1.204, -1.188e-6
-1.203, -1.170e-6
-1.202, -1.194e-6
-1.201, -1.187e-6
-1.200, -1.192e-6
-1.199, -1.181e-6
-1.198, -1.206e-6
-1.197, -1.188e-6
-1.196, -1.209e-6
-1.195, -1.199e-6
-1.194, -1.221e-6
-1.193, -1.211e-6
-1.192, -1.204e-6
-1.191, -1.221e-6
-1.190, -1.245e-6
-1.189, -1.234e-6
-1.188, -1.211e-6
-1.187, -1.236e-6
-1.186, -1.241e-6
-1.185, -1.227e-6
-1.184, -1.254e-6
-1.183, -1.232e-6
-1.182, -1.263e-6
-1.181, -1.257e-6
-1.180, -1.278e-6
-1.179, -1.240e-6
-1.178, -1.281e-6
-1.177, -1.268e-6
-1.176, -1.272e-6
-1.175, -1.270e-6
-1.174, -1.287e-6
-1.173, -1.268e-6
-1.172, -1.283e-6
-1.171, -1.285e-6
-1.170, -1.304e-6
-1.169, -1.301e-6
-1.168, -1.305e-6
-1.167, -1.299e-6
-1.166, -1.311e-6
-1.165, -1.319e-6
-1.164, -1.322e-6
-1.163, -1.312e-6
-1.162, -1.344e-6
-1.161, -1.331e-6
-1.160, -1.332e-6
-1.159, -1.319e-6
-1.158, -1.341e-6
-1.157, -1.341e-6
-1.156, -1.353e-6
-1.155, -1.349e-6
-1.154, -1.341e-6
-1.153, -1.354e-6
-1.152, -1.373e-6
-1.151, -1.376e-6
-1.150, -1.366e-6
-1.149, -1.378e-6
-1.148, -1.376e-6
-1.147, -1.397e-6
-1.146, -1.386e-6
-1.145, -1.396e-6
-1.144, -1.391e-6
-1.143, -1.407e-6
-1.142, -1.398e-6
-1.141, -1.403e-6
-1.140, -1.416e-6
-1.139, -1.420e-6
-1.138, -1.408e-6
-1.137, -1.447e-6
-1.136, -1.424e-6
-1.135, -1.431e-6
-1.134, -1.438e-6
-1.133, -1.455e-6
-1.132, -1.442e-6
-1.131, -1.444e-6
-1.130, -1.472e-6
-1.129, -1.479e-6
-1.128, -1.474e-6
-1.127, -1.497e-6
-1.126, -1.482e-6
-1.125, -1.501e-6
-1.124, -1.490e-6
-1.123, -1.476e-6
-1.122, -1.502e-6
-1.121, -1.500e-6
-1.120, -1.518e-6
-1.119, -1.520e-6
-1.118, -1.531e-6
-1.117, -1.539e-6
-1.116, -1.530e-6
-1.115, -1.536e-6
-1.114, -1.538e-6
-1.113, -1.558e-6
-1.112, -1.550e-6
-1.111, -1.547e-6
-1.110, -1.564e-6
-1.109, -1.574e-6
-1.108, -1.588e-6
-1.107, -1.579e-6
-1.106, -1.592e-6
-1.105, -1.589e-6
-1.104, -1.599e-6
-1.103, -1.587e-6
-1.102, -1.627e-6
-1.101, -1.622e-6
-1.100, -1.630e-6
-1.099, -1.624e-6
-1.098, -1.641e-6
-1.097, -1.641e-6
-1.096, -1.639e-6
-1.095, -1.649e-6
-1.094, -1.649e-6
-1.093, -1.658e-6
-1.092, -1.686e-6
-1.091, -1.665e-6
-1.090, -1.678e-6
-1.089, -1.694e-6
-1.088, -1.684e-6
-1.087, -1.699e-6
-1.086, -1.714e-6
-1.085, -1.710e-6
-1.084, -1.733e-6
-1.083, -1.727e-6
-1.082, -1.733e-6
-1.081, -1.749e-6
-1.080, -1.748e-6
-1.079, -1.739e-6
-1.078, -1.761e-6
-1.077, -1.770e-6
-1.076, -1.750e-6
-1.075, -1.784e-6
-1.074, -1.776e-6
-1.073, -1.799e-6
-1.072, -1.801e-6
-1.071, -1.817e-6
-1.070, -1.814e-6
-1.069, -1.817e-6
-1.068, -1.824e-6
-1.067, -1.835e-6
-1.066, -1.830e-6
-1.065, -1.852e-6
-1.064, -1.852e-6
-1.063, -1.888e-6
-1.062, -1.860e-6
-1.061, -1.871e-6
-1.060, -1.887e-6
-1.059, -1.899e-6
-1.058, -1.899e-6
-1.057, -1.903e-6
-1.056, -1.895e-6
-1.055, -1.927e-6
-1.054, -1.926e-6
-1.053, -1.937e-6
-1.052, -1.938e-6
-1.051, -1.947e-6
-1.050, -1.940e-6
-1.049, -1.959e-6
-1.048, -1.986e-6
-1.047, -1.983e-6
-1.046, -1.981e-6
-1.045, -1.993e-6
-1.044, -1.997e-6
-1.043, -2.025e-6
-1.042, -2.017e-6
-1.041, -2.008e-6
-1.040, -2.033e-6
-1.039, -2.033e-6
-1.038, -2.055e-6
-1.037, -2.061e-6
-1.036, -2.071e-6
-1.035, -2.065e-6
-1.034, -2.083e-6
-1.033, -2.081e-6
-1.032, -2.096e-6
-1.031, -2.083e-6
-1.030, -2.116e-6
-1.029, -2.098e-6
-1.028, -2.115e-6
-1.027, -2.126e-6
-1.026, -2.115e-6
-1.025, -2.144e-6
-1.024, -2.158e-6
-1.023, -2.178e-6
-1.022, -2.183e-6
-1.021, -2.174e-6
-1.020, -2.192e-6
-1.019, -2.196e-6
-1.018, -2.205e-6
-1.017, -2.200e-6
-1.016, -2.214e-6
-1.015, -2.221e-6
-1.014, -2.233e-6
-1.013, -2.251e-6
-1.012, -2.249e-6
-1.011, -2.244e-6
-1.010, -2.261e-6
-1.009, -2.264e-6
-1.008, -2.270e-6
-1.007, -2.273e-6
-1.006, -2.269e-6
-1.005, -2.288e-6
-1.004, -2.280e-6
-1.003, -2.292e-6
-1.002, -2.307e-6
-1.001, -2.308e-6
-1.000, -2.078e-6
-1.001, -1.865e-6
-1.002, -1.742e-6
-1.003, -1.643e-6
-1.004, -1.552e-6
-1.005, -1.470e-6
-1.006, -1.379e-6
-1.007, -1.341e-6
-1.008, -1.272e-6
-1.009, -1.205e-6
-1.010, -1.153e-6
-1.011, -1.110e-6
-1.012, -1.052e-6
-1.013, -1.008e-6
-1.014, -9.532e-7
-1.015, -9.454e-7
-1.016, -8.862e-7
-1.017, -8.566e-7
-1.018, -8.181e-7
-1.019, -7.855e-7
-1.020, -7.589e-7
-1.021, -7.244e-7
-1.022, -6.997e-7
-1.023, -6.859e-7
-1.024, -6.356e-7
-1.025, -6.060e-7
-1.026, -5.803e-7
-1.027, -5.547e-7
-1.028, -5.339e-7
-1.029, -5.034e-7
-1.030, -4.935e-7
-1.031, -4.708e-7
-1.032, -4.530e-7
-1.033, -4.382e-7
-1.034, -4.086e-7
-1.035, -3.761e-7
-1.036, -3.771e-7
-1.037, -3.524e-7
-1.038, -3.435e-7
-1.039, -3.090e-7
-1.040, -3.031e-7
-1.041, -2.735e-7
-1.042, -2.745e-7
-1.043, -2.360e-7
-1.044, -2.242e-7
-1.045, -2.202e-7
-1.046, -2.005e-7
-1.047, -1.936e-7
-1.048, -1.867e-7
-1.049, -1.511e-7
-1.050, -1.413e-7
-1.051, -1.334e-7
-1.052, -1.186e-7
-1.053, -1.127e-7
-1.054, -9.590e-8
-1.055, -7.222e-8
-1.056, -7.617e-8
-1.057, -4.459e-8
-1.058, -5.939e-8
-1.059, -3.078e-8
-1.060, -3.769e-8
-1.061, -1.006e-8
-1.062, 7.893e-10
-1.063, 3.335e-8
-1.064, 3.137e-8
-1.065, 4.124e-8
-1.066, 4.321e-8
-1.067, 5.209e-8
-1.068, 5.801e-8
-1.069, 9.156e-8
-1.070, 8.761e-8
-1.071, 1.113e-7
-1.072, 9.353e-8
-1.073, 1.152e-7
-1.074, 1.152e-7
-1.075, 1.389e-7
-1.076, 1.537e-7
-1.077, 1.527e-7
-1.078, 1.646e-7
-1.079, 1.715e-7
-1.080, 1.754e-7
-1.081, 2.060e-7
-1.082, 2.070e-7
-1.083, 2.040e-7
-1.084, 2.030e-7
-1.085, 2.287e-7
-1.086, 2.386e-7
-1.087, 2.484e-7
-1.088, 2.415e-7
-1.089, 2.593e-7
-1.090, 2.563e-7
-1.091, 2.810e-7
-1.092, 2.800e-7
-1.093, 2.948e-7
-1.094, 2.958e-7
-1.095, 3.037e-7
-1.096, 3.145e-7
-1.097, 3.392e-7
-1.098, 3.362e-7
-1.099, 3.333e-7
-1.100, 3.392e-7
-1.101, 3.540e-7
-1.102, 3.540e-7
-1.103, 3.905e-7
-1.104, 3.875e-7
-1.105, 3.816e-7
-1.106, 4.043e-7
-1.107, 4.073e-7
-1.108, 4.142e-7
-1.109, 4.240e-7
-1.110, 4.073e-7
-1.111, 4.329e-7
-1.112, 4.408e-7
-1.113, 4.546e-7
-1.114, 4.517e-7
-1.115, 4.615e-7
-1.116, 4.596e-7
-1.117, 4.645e-7
-1.118, 4.744e-7
-1.119, 4.892e-7
-1.120, 5.000e-7
-1.121, 4.832e-7
-1.122, 5.069e-7
-1.123, 5.128e-7
-1.124, 5.197e-7
-1.125, 5.197e-7
-1.126, 5.375e-7
-1.127, 5.395e-7
-1.128, 5.483e-7
-1.129, 5.572e-7
-1.130, 5.661e-7
-1.131, 5.760e-7
-1.132, 5.681e-7
-1.133, 5.799e-7
-1.134, 5.799e-7
-1.135, 5.977e-7
-1.136, 5.977e-7
-1.137, 6.105e-7
-1.138, 6.016e-7
-1.139, 6.302e-7
-1.140, 6.411e-7
-1.141, 6.411e-7
-1.142, 6.401e-7
-1.143, 6.549e-7
-1.144, 6.371e-7
-1.145, 6.638e-7
-1.146, 6.736e-7
-1.147, 6.736e-7
-1.148, 6.717e-7
-1.149, 6.934e-7
-1.150, 6.845e-7
-1.151, 6.875e-7
-1.152, 6.944e-7
-1.153, 7.042e-7
-1.154, 7.111e-7
-1.155, 7.240e-7
-1.156, 7.299e-7
-1.157, 7.269e-7
-1.158, 7.348e-7
-1.159, 7.506e-7
-1.160, 7.526e-7
-1.161, 7.664e-7
-1.162, 7.634e-7
-1.163, 7.664e-7
-1.164, 7.812e-7
-1.165, 7.812e-7
-1.166, 7.999e-7
-1.167, 7.970e-7
-1.168, 8.029e-7
-1.169, 8.078e-7
-1.170, 7.950e-7
-1.171, 8.354e-7
-1.172, 8.226e-7
-1.173, 8.295e-7
-1.174, 8.315e-7
-1.175, 8.473e-7
-1.176, 8.384e-7
-1.177, 8.493e-7
-1.178, 8.650e-7
-1.179, 8.779e-7
-1.180, 8.739e-7
-1.181, 8.976e-7
-1.182, 8.720e-7
-1.183, 8.976e-7
-1.184, 8.966e-7
-1.185, 9.075e-7
-1.186, 9.065e-7
-1.187, 9.292e-7
-1.188, 9.075e-7
-1.189, 9.351e-7
-1.190, 9.282e-7
-1.191, 9.489e-7
-1.192, 9.440e-7
-1.193, 9.440e-7
-1.194, 9.469e-7
-1.195, 9.657e-7
-1.196, 9.746e-7
-1.197, 9.765e-7
-1.198, 9.953e-7
-1.199, 9.913e-7
-1.200, 9.973e-7
-1.201, 9.953e-7
-1.202, 9.933e-7
-1.203, 1.007e-6
-1.204, 1.035e-6
-1.205, 1.021e-6
-1.206, 1.020e-6
-1.207, 1.043e-6
-1.208, 1.036e-6
-1.209, 1.048e-6
-1.210, 1.048e-6
-1.211, 1.061e-6
-1.212, 1.062e-6
-1.213, 1.066e-6
-1.214, 1.065e-6
-1.215, 1.073e-6
-1.216, 1.099e-6
-1.217, 1.088e-6
-1.218, 1.102e-6
-1.219, 1.092e-6
-1.220, 1.099e-6
-1.221, 1.112e-6
-1.222, 1.123e-6
-1.223, 1.136e-6
-1.224, 1.134e-6
-1.225, 1.128e-6
-1.226, 1.138e-6
-1.227, 1.151e-6
-1.228, 1.161e-6
-1.229, 1.173e-6
-1.230, 1.189e-6
-1.231, 1.183e-6
-1.232, 1.189e-6
-1.233, 1.186e-6
-1.234, 1.195e-6
-1.235, 1.204e-6
-1.236, 1.235e-6
-1.237, 1.215e-6
-1.238, 1.228e-6
-1.239, 1.219e-6
-1.240, 1.242e-6
-1.241, 1.234e-6
-1.242, 1.251e-6
-1.243, 1.246e-6
-1.244, 1.258e-6
-1.245, 1.257e-6
-1.246, 1.277e-6
-1.247, 1.260e-6
-1.248, 1.282e-6
-1.249, 1.293e-6
-1.250, 1.298e-6
-1.251, 1.296e-6
-1.252, 1.309e-6
-1.253, 1.332e-6
-1.254, 1.324e-6
-1.255, 1.322e-6
-1.256, 1.340e-6
-1.257, 1.356e-6
-1.258, 1.352e-6
-1.259, 1.352e-6
-1.260, 1.367e-6
-1.261, 1.370e-6
-1.262, 1.357e-6
-1.263, 1.385e-6
-1.264, 1.389e-6
-1.265, 1.394e-6
-1.266, 1.402e-6
-1.267, 1.415e-6
-1.268, 1.419e-6
-1.269, 1.420e-6
-1.270, 1.429e-6
-1.271, 1.433e-6
-1.272, 1.439e-6
-1.273, 1.453e-6
-1.274, 1.455e-6
-1.275, 1.464e-6
-1.276, 1.451e-6
-1.277, 1.482e-6
-1.278, 1.489e-6
-1.279, 1.489e-6
-1.280, 1.509e-6
-1.281, 1.500e-6
-1.282, 1.519e-6
-1.283, 1.518e-6
-1.284, 1.523e-6
-1.285, 1.530e-6
-1.286, 1.542e-6
-1.287, 1.551e-6
-1.288, 1.555e-6
-1.289, 1.560e-6
-1.290, 1.581e-6
-1.291, 1.568e-6
-1.292, 1.592e-6
-1.293, 1.587e-6
-1.294, 1.584e-6
-1.295, 1.616e-6
-1.296, 1.619e-6
-1.297, 1.627e-6
-1.298, 1.637e-6
-1.299, 1.627e-6
-1.300, 1.644e-6
-1.301, 1.664e-6
-1.302, 1.663e-6
-1.303, 1.666e-6
-1.304, 1.679e-6
-1.305, 1.675e-6
-1.306, 1.680e-6
-1.307, 1.699e-6
-1.308, 1.697e-6
-1.309, 1.722e-6
-1.310, 1.704e-6
-1.311, 1.737e-6
-1.312, 1.734e-6
-1.313, 1.760e-6
-1.314, 1.761e-6
-1.315, 1.760e-6
-1.316, 1.756e-6
-1.317, 1.770e-6
-1.318, 1.796e-6
-1.319, 1.801e-6
-1.320, 1.788e-6
-1.321, 1.808e-6
-1.322, 1.817e-6
-1.323, 1.821e-6
-1.324, 1.830e-6
-1.325, 1.849e-6
-1.326, 1.866e-6
-1.327, 1.864e-6
-1.328, 1.882e-6
-1.329, 1.876e-6
-1.330, 1.883e-6
-1.331, 1.880e-6
-1.332, 1.913e-6
-1.333, 1.920e-6
-1.334, 1.930e-6
-1.335, 1.937e-6
-1.336, 1.944e-6
-1.337, 1.953e-6
-1.338, 1.973e-6
-1.339, 1.971e-6
-1.340, 1.965e-6
-1.341, 1.991e-6
-1.342, 1.999e-6
-1.343, 2.019e-6
-1.344, 2.023e-6
-1.345, 2.032e-6
-1.346, 2.050e-6
-1.347, 2.058e-6
-1.348, 2.069e-6
-1.349, 2.088e-6
-1.350, 2.078e-6
-1.351, 2.104e-6
-1.352, 2.093e-6
-1.353, 2.137e-6
-1.354, 2.132e-6
-1.355, 2.138e-6
-1.356, 2.157e-6
-1.357, 2.161e-6
-1.358, 2.173e-6
-1.359, 2.200e-6
-1.360, 2.195e-6
-1.361, 2.207e-6
-1.362, 2.226e-6
-1.363, 2.230e-6
-1.364, 2.254e-6
-1.365, 2.248e-6
-1.366, 2.294e-6
-1.367, 2.277e-6
-1.368, 2.302e-6
-1.369, 2.318e-6
-1.370, 2.342e-6
-1.371, 2.353e-6
-1.372, 2.361e-6
-1.373, 2.378e-6
-1.374, 2.381e-6
-1.375, 2.401e-6
-1.376, 2.406e-6
-1.377, 2.425e-6
-1.378, 2.440e-6
-1.379, 2.473e-6
-1.380, 2.485e-6
-1.381, 2.495e-6
-1.382, 2.523e-6
-1.383, 2.534e-6
-1.384, 2.532e-6
-1.385, 2.560e-6
-1.386, 2.567e-6
-1.387, 2.599e-6
-1.388, 2.606e-6
-1.389, 2.626e-6
-1.390, 2.638e-6
-1.391, 2.671e-6
-1.392, 2.675e-6
-1.393, 2.714e-6
-1.394, 2.723e-6
-1.395, 2.760e-6
-1.396, 2.771e-6
-1.397, 2.785e-6
-1.398, 2.816e-6
-1.399, 2.836e-6
-1.400, 2.838e-6
-1.401, 2.877e-6
-1.402, 2.898e-6
-1.403, 2.921e-6
-1.404, 2.951e-6
-1.405, 2.960e-6
-1.406, 2.989e-6
-1.407, 2.996e-6
-1.408, 3.050e-6
-1.409, 3.064e-6
-1.410, 3.081e-6
-1.411, 3.105e-6
-1.412, 3.156e-6
-1.413, 3.171e-6
-1.414, 3.195e-6
-1.415, 3.242e-6
-1.416, 3.264e-6
-1.417, 3.274e-6
-1.418, 3.319e-6
-1.419, 3.347e-6
-1.420, 3.376e-6
-1.421, 3.415e-6
-1.422, 3.443e-6
-1.423, 3.484e-6
-1.424, 3.497e-6
-1.425, 3.542e-6
-1.426, 3.560e-6
-1.427, 3.605e-6
-1.428, 3.615e-6
-1.429, 3.666e-6
-1.430, 3.702e-6
-1.431, 3.768e-6
-1.432, 3.786e-6
-1.433, 3.839e-6
-1.434, 3.869e-6
-1.435, 3.931e-6
-1.436, 3.970e-6
-1.437, 3.999e-6
-1.438, 4.063e-6
-1.439, 4.069e-6
-1.440, 4.139e-6
-1.441, 4.147e-6
-1.442, 4.217e-6
-1.443, 4.242e-6
-1.444, 4.292e-6
-1.445, 4.340e-6
-1.446, 4.387e-6
-1.447, 4.436e-6
-1.448, 4.495e-6
-1.449, 4.509e-6
-1.450, 4.576e-6
-1.451, 4.636e-6
-1.452, 4.678e-6
-1.453, 4.754e-6
-1.454, 4.804e-6
-1.455, 4.856e-6
-1.456, 4.905e-6
-1.457, 4.976e-6
-1.458, 5.019e-6
-1.459, 5.097e-6
-1.460, 5.162e-6
-1.461, 5.216e-6
-1.462, 5.253e-6
-1.463, 5.333e-6
-1.464, 5.357e-6
-1.465, 5.459e-6
-1.466, 5.507e-6
-1.467, 5.565e-6
-1.468, 5.612e-6
-1.469, 5.676e-6
-1.470, 5.744e-6
-1.471, 5.832e-6
-1.472, 5.920e-6
-1.473, 6.018e-6
-1.474, 6.085e-6
-1.475, 6.167e-6
-1.476, 6.263e-6
-1.477, 6.346e-6
-1.478, 6.433e-6
-1.479, 6.520e-6
-1.480, 6.554e-6
-1.481, 6.624e-6
-1.482, 6.653e-6
-1.483, 6.756e-6
-1.484, 6.831e-6
-1.485, 6.895e-6
-1.486, 6.993e-6
-1.487, 7.098e-6
-1.488, 7.172e-6
-1.489, 7.294e-6
-1.490, 7.382e-6
-1.491, 7.465e-6
-1.492, 7.576e-6
-1.493, 7.603e-6
-1.494, 7.660e-6
-1.495, 7.759e-6
-1.496, 7.830e-6
-1.497, 7.885e-6
-1.498, 7.988e-6
-1.499, 8.158e-6
-1.500, 8.379e-6
-1.501, 8.479e-6
-1.502, 8.581e-6
-1.503, 8.617e-6
-1.504, 8.656e-6
-1.505, 8.776e-6
-1.506, 8.836e-6
-1.507, 9.002e-6
-1.508, 9.097e-6
-1.509, 9.281e-6
-1.510, 9.565e-6
-1.511, 9.719e-6
-1.512, 9.828e-6
-1.513, 9.895e-6
-1.514, 9.916e-6
-1.515, 1.003e-5
-1.516, 1.016e-5
-1.517, 1.029e-5
-1.518, 1.044e-5
-1.519, 1.055e-5
-1.520, 1.068e-5
-1.521, 1.083e-5
-1.522, 1.095e-5
-1.523, 1.108e-5
-1.524, 1.141e-5
-1.525, 1.150e-5
-1.526, 1.147e-5
-1.527, 1.171e-5
-1.528, 1.198e-5
-1.529, 1.206e-5
-1.530, 1.214e-5
-1.531, 1.223e-5
-1.532, 1.242e-5
-1.533, 1.271e-5
-1.534, 1.289e-5
-1.535, 1.317e-5
-1.536, 1.338e-5
-1.537, 1.357e-5
-1.538, 1.364e-5
-1.539, 1.360e-5
-1.540, 1.367e-5
-1.541, 1.404e-5
-1.542, 1.433e-5
-1.543, 1.475e-5
-1.544, 1.478e-5
-1.545, 1.502e-5
-1.546, 1.531e-5
-1.547, 1.535e-5
-1.548, 1.570e-5
-1.549, 1.601e-5
-1.550, 1.614e-5
-1.551, 1.608e-5
-1.552, 1.614e-5
-1.553, 1.634e-5
-1.554, 1.712e-5
-1.555, 1.754e-5
-1.556, 1.764e-5
-1.557, 1.771e-5
-1.558, 1.804e-5
-1.559, 1.831e-5
-1.560, 1.873e-5
-1.561, 1.889e-5
-1.562, 1.919e-5
-1.563, 1.932e-5
-1.564, 1.963e-5
-1.565, 2.011e-5
-1.566, 2.036e-5
-1.567, 2.048e-5
-1.568, 2.078e-5
-1.569, 2.133e-5
-1.570, 2.170e-5
-1.571, 2.179e-5
-1.572, 2.213e-5
-1.573, 2.281e-5
-1.574, 2.302e-5
-1.575, 2.327e-5
-1.576, 2.359e-5
-1.577, 2.416e-5
-1.578, 2.451e-5
-1.579, 2.464e-5
-1.580, 2.513e-5
-1.581, 2.548e-5
-1.582, 2.617e-5
-1.583, 2.630e-5
-1.584, 2.683e-5
-1.585, 2.757e-5
-1.586, 2.749e-5
-1.587, 2.808e-5
-1.588, 2.861e-5
-1.589, 2.919e-5
-1.590, 3.017e-5
-1.591, 3.009e-5
-1.592, 3.061e-5
-1.593, 3.144e-5
-1.594, 3.187e-5
-1.595, 3.244e-5
-1.596, 3.266e-5
-1.597, 3.385e-5
-1.598, 3.433e-5
-1.599, 3.431e-5
-1.600, 3.540e-5
-1.601, 3.586e-5
-1.602, 3.703e-5
-1.603, 3.684e-5
-1.604, 3.796e-5
-1.605, 3.865e-5
-1.606, 3.921e-5
-1.607, 4.004e-5
-1.608, 4.082e-5
-1.609, 4.160e-5
-1.610, 4.209e-5
-1.611, 4.326e-5
-1.612, 4.407e-5
-1.613, 4.419e-5
-1.614, 4.556e-5
-1.615, 4.609e-5
-1.616, 4.728e-5
-1.617, 4.800e-5
-1.618, 4.947e-5
-1.619, 4.959e-5
-1.620, 5.143e-5
-1.621, 5.183e-5
-1.622, 5.266e-5
-1.623, 5.418e-5
-1.624, 5.475e-5
-1.625, 5.617e-5
-1.626, 5.739e-5
-1.627, 5.813e-5
-1.628, 5.989e-5
-1.629, 6.077e-5
-1.630, 6.196e-5
-1.631, 6.341e-5
-1.632, 6.424e-5
-1.633, 6.621e-5
-1.634, 6.694e-5
-1.635, 6.873e-5
-1.636, 6.989e-5
-1.637, 7.098e-5
-1.638, 7.297e-5
-1.639, 7.427e-5
-1.640, 7.606e-5
-1.641, 7.760e-5
-1.642, 7.903e-5
-1.643, 8.102e-5
-1.644, 8.293e-5
-1.645, 8.440e-5
-1.646, 8.597e-5
-1.647, 8.806e-5
-1.648, 8.975e-5
-1.649, 9.157e-5
-1.650, 9.348e-5
-1.651, 9.627e-5
-1.652, 9.763e-5
-1.653, 1.005e-4
-1.654, 1.018e-4
-1.655, 1.048e-4
-1.656, 1.064e-4
-1.657, 1.090e-4
-1.658, 1.112e-4
-1.659, 1.134e-4
-1.660, 1.162e-4
-1.661, 1.187e-4
-1.662, 1.217e-4
-1.663, 1.240e-4
-1.664, 1.269e-4
-1.665, 1.288e-4
-1.666, 1.328e-4
-1.667, 1.348e-4
-1.668, 1.384e-4
-1.669, 1.407e-4
-1.670, 1.448e-4
-1.671, 1.476e-4
-1.672, 1.513e-4
-1.673, 1.544e-4
-1.674, 1.577e-4
-1.675, 1.617e-4
-1.676, 1.647e-4
-1.677, 1.686e-4
-1.678, 1.722e-4
-1.679, 1.761e-4
-1.680, 1.804e-4
-1.681, 1.837e-4
-1.682, 1.887e-4
-1.683, 1.921e-4
-1.684, 1.964e-4
-1.685, 2.011e-4
-1.686, 2.055e-4
-1.687, 2.103e-4
-1.688, 2.151e-4
-1.689, 2.197e-4
-1.690, 2.244e-4
-1.691, 2.298e-4
-1.692, 2.352e-4
-1.693, 2.395e-4
-1.694, 2.447e-4
-1.695, 2.499e-4
-1.696, 2.558e-4
-1.697, 2.616e-4
-1.698, 2.676e-4
-1.699, 2.732e-4
-1.700, 2.785e-4
-1.701, 2.842e-4
-1.702, 2.905e-4
-1.703, 2.970e-4
-1.704, 3.034e-4
-1.705, 3.103e-4
-1.706, 3.168e-4
-1.707, 3.237e-4
-1.708, 3.304e-4
-1.709, 3.371e-4
-1.710, 3.445e-4
-1.711, 3.516e-4
-1.712, 3.604e-4
-1.713, 3.678e-4
-1.714, 3.747e-4
-1.715, 3.831e-4
-1.716, 3.905e-4
-1.717, 3.986e-4
-1.718, 4.075e-4
-1.719, 4.155e-4
-1.720, 4.243e-4
-1.721, 4.326e-4
-1.722, 4.424e-4
-1.723, 4.515e-4
-1.724, 4.611e-4
-1.725, 4.690e-4
-1.726, 4.800e-4
-1.727, 4.894e-4
-1.728, 5.011e-4
-1.729, 5.106e-4
-1.730, 5.216e-4
-1.731, 5.317e-4
-1.732, 5.429e-4
-1.733, 5.540e-4
-1.734, 5.654e-4
-1.735, 5.757e-4
-1.736, 5.877e-4
-1.737, 5.998e-4
-1.738, 6.103e-4
-1.739, 6.236e-4
-1.740, 6.352e-4
-1.741, 6.474e-4
-1.742, 6.595e-4
-1.743, 6.729e-4
-1.744, 6.857e-4
-1.745, 6.998e-4
-1.746, 7.129e-4
-1.747, 7.262e-4
-1.748, 7.399e-4
-1.749, 7.544e-4
-1.750, 7.691e-4
-1.751, 7.833e-4
-1.752, 7.985e-4
-1.753, 8.125e-4
-1.754, 8.274e-4
-1.755, 8.425e-4
-1.756, 8.584e-4
-1.757, 8.752e-4
-1.758, 8.912e-4
-1.759, 9.070e-4
-1.760, 9.236e-4
-1.761, 9.400e-4
-1.762, 9.570e-4
-1.763, 9.741e-4
-1.764, 9.920e-4
-1.765, 1.009e-3
-1.766, 1.028e-3
-1.767, 1.047e-3
-1.768, 1.066e-3
-1.769, 1.083e-3
-1.770, 1.103e-3
-1.771, 1.125e-3
-1.772, 1.145e-3
-1.773, 1.164e-3
-1.774, 1.184e-3
-1.775, 1.204e-3
-1.776, 1.224e-3
-1.777, 1.246e-3
-1.778, 1.264e-3
-1.779, 1.284e-3
-1.780, 1.306e-3
-1.781, 1.324e-3
-1.782, 1.348e-3
-1.783, 1.370e-3
-1.784, 1.395e-3
-1.785, 1.418e-3
-1.786, 1.443e-3
-1.787, 1.465e-3
-1.788, 1.488e-3
-1.789, 1.512e-3
-1.790, 1.537e-3
-1.791, 1.560e-3
-1.792, 1.584e-3
-1.793, 1.610e-3
-1.794, 1.635e-3
-1.795, 1.659e-3
-1.796, 1.685e-3
-1.797, 1.709e-3
-1.798, 1.736e-3
-1.799, 1.764e-3
-1.800, 1.771e-3
-1.799, 1.753e-3
-1.798, 1.733e-3
-1.797, 1.718e-3
-1.796, 1.701e-3
-1.795, 1.683e-3
-1.794, 1.665e-3
-1.793, 1.645e-3
-1.792, 1.626e-3
-1.791, 1.606e-3
-1.790, 1.588e-3
-1.789, 1.568e-3
-1.788, 1.549e-3
-1.787, 1.529e-3
-1.786, 1.511e-3
-1.785, 1.492e-3
-1.784, 1.475e-3
-1.783, 1.456e-3
-1.782, 1.439e-3
-1.781, 1.421e-3
-1.780, 1.403e-3
-1.779, 1.385e-3
-1.778, 1.367e-3
-1.777, 1.349e-3
-1.776, 1.331e-3
-1.775, 1.315e-3
-1.774, 1.296e-3
-1.773, 1.280e-3
-1.772, 1.262e-3
-1.771, 1.246e-3
-1.770, 1.228e-3
-1.769, 1.213e-3
-1.768, 1.198e-3
-1.767, 1.180e-3
-1.766, 1.163e-3
-1.765, 1.148e-3
-1.764, 1.133e-3
-1.763, 1.117e-3
-1.762, 1.102e-3
-1.761, 1.088e-3
-1.760, 1.072e-3
-1.759, 1.057e-3
-1.758, 1.042e-3
-1.757, 1.027e-3
-1.756, 1.013e-3
-1.755, 9.994e-4
-1.754, 9.853e-4
-1.753, 9.701e-4
-1.752, 9.562e-4
-1.751, 9.425e-4
-1.750, 9.291e-4
-1.749, 9.164e-4
-1.748, 9.038e-4
-1.747, 8.895e-4
-1.746, 8.783e-4
-1.745, 8.644e-4
-1.744, 8.519e-4
-1.743, 8.400e-4
-1.742, 8.266e-4
-1.741, 8.158e-4
-1.740, 8.034e-4
-1.739, 7.919e-4
-1.738, 7.800e-4
-1.737, 7.685e-4
-1.736, 7.570e-4
-1.735, 7.463e-4
-1.734, 7.355e-4
-1.733, 7.246e-4
-1.732, 7.127e-4
-1.731, 7.022e-4
-1.730, 6.907e-4
-1.729, 6.818e-4
-1.728, 6.709e-4
-1.727, 6.613e-4
-1.726, 6.510e-4
-1.725, 6.413e-4
-1.724, 6.317e-4
-1.723, 6.216e-4
-1.722, 6.119e-4
-1.721, 6.032e-4
-1.720, 5.938e-4
-1.719, 5.849e-4
-1.718, 5.761e-4
-1.717, 5.662e-4
-1.716, 5.579e-4
-1.715, 5.497e-4
-1.714, 5.410e-4
-1.713, 5.326e-4
-1.712, 5.237e-4
-1.711, 5.165e-4
-1.710, 5.083e-4
-1.709, 5.001e-4
-1.708, 4.930e-4
-1.707, 4.849e-4
-1.706, 4.770e-4
-1.705, 4.704e-4
-1.704, 4.625e-4
-1.703, 4.552e-4
-1.702, 4.474e-4
-1.701, 4.406e-4
-1.700, 4.333e-4
-1.699, 4.271e-4
-1.698, 4.197e-4
-1.697, 4.133e-4
-1.696, 4.069e-4
-1.695, 4.004e-4
-1.694, 3.940e-4
-1.693, 3.870e-4
-1.692, 3.805e-4
-1.691, 3.745e-4
-1.690, 3.679e-4
-1.689, 3.620e-4
-1.688, 3.559e-4
-1.687, 3.500e-4
-1.686, 3.441e-4
-1.685, 3.385e-4
-1.684, 3.338e-4
-1.683, 3.275e-4
-1.682, 3.216e-4
-1.681, 3.158e-4
-1.680, 3.109e-4
-1.679, 3.058e-4
-1.678, 3.008e-4
-1.677, 2.958e-4
-1.676, 2.902e-4
-1.675, 2.858e-4
-1.674, 2.807e-4
-1.673, 2.760e-4
-1.672, 2.716e-4
-1.671, 2.668e-4
-1.670, 2.619e-4
-1.669, 2.577e-4
-1.668, 2.538e-4
-1.667, 2.489e-4
-1.666, 2.451e-4
-1.665, 2.408e-4
-1.664, 2.368e-4
-1.663, 2.331e-4
-1.662, 2.286e-4
-1.661, 2.250e-4
-1.660, 2.206e-4
-1.659, 2.165e-4
-1.658, 2.126e-4
-1.657, 2.093e-4
-1.656, 2.057e-4
-1.655, 2.020e-4
-1.654, 1.985e-4
-1.653, 1.954e-4
-1.652, 1.921e-4
-1.651, 1.883e-4
-1.650, 1.852e-4
-1.649, 1.823e-4
-1.648, 1.791e-4
-1.647, 1.754e-4
-1.646, 1.729e-4
-1.645, 1.696e-4
-1.644, 1.660e-4
-1.643, 1.637e-4
-1.642, 1.605e-4
-1.641, 1.573e-4
-1.640, 1.551e-4
-1.639, 1.516e-4
-1.638, 1.495e-4
-1.637, 1.472e-4
-1.636, 1.451e-4
-1.635, 1.436e-4
-1.634, 1.402e-4
-1.633, 1.382e-4
-1.632, 1.350e-4
-1.631, 1.335e-4
-1.630, 1.316e-4
-1.629, 1.291e-4
-1.628, 1.267e-4
-1.627, 1.240e-4
-1.626, 1.224e-4
-1.625, 1.194e-4
-1.624, 1.171e-4
-1.623, 1.158e-4
-1.622, 1.129e-4
-1.621, 1.118e-4
-1.620, 1.089e-4
-1.619, 1.065e-4
-1.618, 1.049e-4
-1.617, 1.027e-4
-1.616, 1.010e-4
-1.615, 9.927e-5
-1.614, 9.743e-5
-1.613, 9.580e-5
-1.612, 9.404e-5
-1.611, 9.241e-5
-1.610, 9.072e-5
-1.609, 8.909e-5
-1.608, 8.736e-5
-1.607, 8.601e-5
-1.606, 8.406e-5
-1.605, 8.315e-5
-1.604, 8.122e-5
-1.603, 7.984e-5
-1.602, 7.831e-5
-1.601, 7.670e-5
-1.600, 7.575e-5
-1.599, 7.408e-5
-1.598, 7.276e-5
-1.597, 7.164e-5
-1.596, 7.005e-5
-1.595, 6.896e-5
-1.594, 6.782e-5
-1.593, 6.629e-5
-1.592, 6.537e-5
-1.591, 6.449e-5
-1.590, 6.327e-5
-1.589, 6.230e-5
-1.588, 6.123e-5
-1.587, 5.979e-5
-1.586, 5.894e-5
-1.585, 5.783e-5
-1.584, 5.673e-5
-1.583, 5.551e-5
-1.582, 5.425e-5
-1.581, 5.352e-5
-1.580, 5.234e-5
-1.579, 5.101e-5
-1.578, 5.012e-5
-1.577, 4.911e-5
-1.576, 4.845e-5
-1.575, 4.736e-5
-1.574, 4.647e-5
-1.573, 4.559e-5
-1.572, 4.481e-5
-1.571, 4.433e-5
-1.570, 4.329e-5
-1.569, 4.262e-5
-1.568, 4.166e-5
-1.567, 4.074e-5
-1.566, 3.989e-5
-1.565, 3.938e-5
-1.564, 3.868e-5
-1.563, 3.778e-5
-1.562, 3.717e-5
-1.561, 3.643e-5
-1.560, 3.568e-5
-1.559, 3.507e-5
-1.558, 3.433e-5
-1.557, 3.376e-5
-1.556, 3.314e-5
-1.555, 3.233e-5
-1.554, 3.176e-5
-1.553, 3.117e-5
-1.552, 3.049e-5
-1.551, 3.012e-5
-1.550, 2.954e-5
-1.549, 2.885e-5
-1.548, 2.837e-5
-1.547, 2.779e-5
-1.546, 2.723e-5
-1.545, 2.683e-5
-1.544, 2.626e-5
-1.543, 2.575e-5
-1.542, 2.507e-5
-1.541, 2.464e-5
-1.540, 2.432e-5
-1.539, 2.393e-5
-1.538, 2.342e-5
-1.537, 2.288e-5
-1.536, 2.238e-5
-1.535, 2.189e-5
-1.534, 2.149e-5
-1.533, 2.126e-5
-1.532, 2.081e-5
-1.531, 2.037e-5
-1.530, 2.004e-5
-1.529, 1.959e-5
-1.528, 1.917e-5
-1.527, 1.875e-5
-1.526, 1.841e-5
-1.525, 1.807e-5
-1.524, 1.772e-5
-1.523, 1.740e-5
-1.522, 1.709e-5
-1.521, 1.665e-5
-1.520, 1.634e-5
-1.519, 1.593e-5
-1.518, 1.564e-5
-1.517, 1.532e-5
-1.516, 1.513e-5
-1.515, 1.487e-5
-1.514, 1.464e-5
-1.513, 1.429e-5
-1.512, 1.401e-5
-1.511, 1.363e-5
-1.510, 1.333e-5
-1.509, 1.301e-5
-1.508, 1.276e-5
-1.507, 1.251e-5
-1.506, 1.228e-5
-1.505, 1.205e-5
-1.504, 1.181e-5
-1.503, 1.159e-5
-1.502, 1.130e-5
-1.501, 1.106e-5
-1.500, 1.079e-5
-1.499, 1.061e-5
-1.498, 1.043e-5
-1.497, 1.023e-5
-1.496, 9.993e-6
-1.495, 9.767e-6
-1.494, 9.520e-6
-1.493, 9.330e-6
-1.492, 9.182e-6
-1.491, 8.951e-6
-1.490, 8.755e-6
-1.489, 8.598e-6
-1.488, 8.404e-6
-1.487, 8.237e-6
-1.486, 8.055e-6
-1.485, 7.898e-6
-1.484, 7.713e-6
-1.483, 7.539e-6
-1.482, 7.360e-6
-1.481, 7.174e-6
-1.480, 7.016e-6
-1.479, 6.913e-6
-1.478, 6.767e-6
-1.477, 6.603e-6
-1.476, 6.470e-6
-1.475, 6.314e-6
-1.474, 6.178e-6
-1.473, 6.069e-6
-1.472, 5.950e-6
-1.471, 5.832e-6
-1.470, 5.702e-6
-1.469, 5.571e-6
-1.468, 5.448e-6
-1.467, 5.307e-6
-1.466, 5.196e-6
-1.465, 5.066e-6
-1.464, 4.928e-6
-1.463, 4.824e-6
-1.462, 4.706e-6
-1.461, 4.579e-6
-1.460, 4.505e-6
-1.459, 4.397e-6
-1.458, 4.322e-6
-1.457, 4.199e-6
-1.456, 4.128e-6
-1.455, 4.006e-6
-1.454, 3.909e-6
-1.453, 3.817e-6
-1.452, 3.735e-6
-1.451, 3.635e-6
-1.450, 3.544e-6
-1.449, 3.453e-6
-1.448, 3.394e-6
-1.447, 3.288e-6
-1.446, 3.223e-6
-1.445, 3.127e-6
-1.444, 3.063e-6
-1.443, 3.003e-6
-1.442, 2.902e-6
-1.441, 2.844e-6
-1.440, 2.769e-6
-1.439, 2.692e-6
-1.438, 2.627e-6
-1.437, 2.575e-6
-1.436, 2.504e-6
-1.435, 2.430e-6
-1.434, 2.355e-6
-1.433, 2.300e-6
-1.432, 2.234e-6
-1.431, 2.184e-6
-1.430, 2.117e-6
-1.429, 2.047e-6
-1.428, 1.998e-6
-1.427, 1.938e-6
-1.426, 1.911e-6
-1.425, 1.815e-6
-1.424, 1.796e-6
-1.423, 1.757e-6
-1.422, 1.698e-6
-1.421, 1.632e-6
-1.420, 1.601e-6
-1.419, 1.526e-6
-1.418, 1.494e-6
-1.417, 1.448e-6
-1.416, 1.420e-6
-1.415, 1.380e-6
-1.414, 1.287e-6
-1.413, 1.276e-6
-1.412, 1.244e-6
-1.411, 1.205e-6
-1.410, 1.151e-6
-1.409, 1.143e-6
-1.408, 1.066e-6
-1.407, 1.046e-6
-1.406, 1.022e-6
-1.405, 9.913e-7
-1.404, 9.163e-7
-1.403, 9.390e-7
-1.402, 8.759e-7
-1.401, 8.404e-7
-1.400, 8.177e-7
-1.399, 7.792e-7
-1.398, 7.417e-7
-1.397, 7.190e-7
-1.396, 6.855e-7
-1.395, 6.618e-7
-1.394, 6.204e-7
-1.393, 6.105e-7
-1.392, 5.562e-7
-1.391, 5.513e-7
-1.390, 5.089e-7
-1.389, 5.000e-7
-1.388, 4.596e-7
-1.387, 4.339e-7
-1.386, 4.201e-7
-1.385, 3.905e-7
-1.384, 3.579e-7
-1.383, 3.204e-7
-1.382, 3.155e-7
-1.381, 2.908e-7
-1.380, 2.642e-7
-1.379, 2.465e-7
-1.378, 2.050e-7
-1.377, 1.981e-7
-1.376, 1.843e-7
-1.375, 1.468e-7
-1.374, 1.498e-7
-1.373, 1.300e-7
-1.372, 9.945e-8
-1.371, 7.873e-8
-1.370, 6.590e-8
-1.369, 4.519e-8
-1.368, 3.236e-8
-1.367, -5.130e-9
-1.366, -1.401e-8
-1.365, -1.697e-8
-1.364, -3.374e-8
-1.363, -6.729e-8
-1.362, -8.504e-8
-1.361, -9.195e-8
-1.360, -1.225e-7
-1.359, -1.127e-7
-1.358, -1.600e-7
-1.357, -1.541e-7
-1.356, -1.659e-7
-1.355, -2.044e-7
-1.354, -2.015e-7
-1.353, -2.281e-7
-1.352, -2.103e-7
-1.351, -2.281e-7
-1.350, -2.686e-7
-1.349, -2.616e-7
-1.348, -2.893e-7
-1.347, -3.060e-7
-1.346, -3.021e-7
-1.345, -3.218e-7
-1.344, -3.455e-7
-1.343, -3.534e-7
-1.342, -3.485e-7
-1.341, -3.830e-7
-1.340, -3.850e-7
-1.339, -4.037e-7
-1.338, -3.968e-7
-1.337, -4.195e-7
-1.336, -4.195e-7
-1.335, -4.422e-7
-1.334, -4.590e-7
-1.333, -4.521e-7
-1.332, -4.757e-7
-1.331, -5.043e-7
-1.330, -4.965e-7
-1.329, -5.191e-7
-1.328, -4.994e-7
-1.327, -5.487e-7
-1.326, -5.339e-7
-1.325, -5.448e-7
-1.324, -5.704e-7
-1.323, -5.852e-7
-1.322, -5.704e-7
-1.321, -5.862e-7
-1.320, -5.892e-7
-1.319, -5.971e-7
-1.318, -6.277e-7
-1.317, -6.296e-7
-1.316, -6.257e-7
-1.315, -6.514e-7
-1.314, -6.375e-7
-1.313, -6.573e-7
-1.312, -6.642e-7
-1.311, -6.711e-7
-1.310, -6.780e-7
-1.309, -6.711e-7
-1.308, -6.997e-7
-1.307, -7.125e-7
-1.306, -6.977e-7
-1.305, -7.273e-7
-1.304, -7.204e-7
-1.303, -7.332e-7
-1.302, -7.263e-7
-1.301, -7.530e-7
-1.300, -7.421e-7
-1.299, -7.786e-7
-1.298, -7.757e-7
-1.297, -7.757e-7
-1.296, -7.609e-7
-1.295, -7.964e-7
-1.294, -7.836e-7
-1.293, -7.954e-7
-1.292, -8.112e-7
-1.291, -8.112e-7
-1.290, -8.240e-7
-1.289, -8.368e-7
-1.288, -8.309e-7
-1.287, -8.427e-7
-1.286, -8.280e-7
-1.285, -8.585e-7
-1.284, -8.477e-7
-1.283, -8.506e-7
-1.282, -8.635e-7
-1.281, -8.822e-7
-1.280, -8.723e-7
-1.279, -8.842e-7
-1.278, -8.921e-7
-1.277, -9.019e-7
-1.276, -8.980e-7
-1.275, -9.039e-7
-1.274, -8.980e-7
-1.273, -9.197e-7
-1.272, -9.246e-7
-1.271, -9.177e-7
-1.270, -9.217e-7
-1.269, -9.355e-7
-1.268, -9.414e-7
-1.267, -9.434e-7
-1.266, -9.592e-7
-1.265, -9.641e-7
-1.264, -9.582e-7
-1.263, -9.720e-7
-1.262, -9.621e-7
-1.261, -9.828e-7
-1.260, -9.740e-7
-1.259, -9.947e-7
-1.258, -9.789e-7
-1.257, -1.012e-6
-1.256, -1.008e-6
-1.255, -1.028e-6
-1.254, -1.001e-6
-1.253, -1.008e-6
-1.252, -1.016e-6
-1.251, -1.029e-6
-1.250, -1.028e-6
-1.249, -1.043e-6
-1.248, -1.044e-6
-1.247, -1.053e-6
-1.246, -1.043e-6
-1.245, -1.063e-6
-1.244, -1.040e-6
-1.243, -1.061e-6
-1.242, -1.053e-6
-1.241, -1.086e-6
-1.240, -1.067e-6
-1.239, -1.084e-6
-1.238, -1.083e-6
-1.237, -1.089e-6
-1.236, -1.086e-6
-1.235, -1.102e-6
-1.234, -1.099e-6
-1.233, -1.109e-6
-1.232, -1.091e-6
-1.231, -1.110e-6
-1.230, -1.110e-6
-1.229, -1.145e-6
-1.228, -1.123e-6
-1.227, -1.140e-6
-1.226, -1.147e-6
-1.225, -1.154e-6
-1.224, -1.147e-6
-1.223, -1.153e-6
-1.222, -1.150e-6
-1.221, -1.145e-6
-1.220, -1.154e-6
-1.219, -1.177e-6
-1.218, -1.163e-6
-1.217, -1.163e-6
-1.216, -1.177e-6
-1.215, -1.188e-6
-1.214, -1.196e-6
-1.213, -1.171e-6
-1.212, -1.191e-6
-1.211, -1.190e-6
-1.210, -1.211e-6
-1.209, -1.209e-6
-1.208, -1.204e-6
-1.207, -1.214e-6
-1.206, -1.223e-6
-1.205, -1.208e-6
-1.204, -1.229e-6
-1.203, -1.224e-6
-1.202, -1.235e-6
-1.201, -1.229e-6
-1.200, -1.235e-6
-1.199, -1.221e-6
-1.198, -1.255e-6
-1.197, -1.246e-6
-1.196, -1.262e-6
-1.195, -1.259e-6
-1.194, -1.271e-6
-1.193, -1.267e-6
-1.192, -1.255e-6
-1.191, -1.278e-6
-1.190, -1.291e-6
-1.189, -1.280e-6
-1.188, -1.294e-6
-1.187, -1.293e-6
-1.186, -1.290e-6
-1.185, -1.309e-6
-1.184, -1.307e-6
-1.183, -1.309e-6
-1.182, -1.305e-6
-1.181, -1.338e-6
-1.180, -1.323e-6
-1.179, -1.324e-6
-1.178, -1.353e-6
-1.177, -1.326e-6
-1.176, -1.345e-6
-1.175, -1.353e-6
-1.174, -1.343e-6
-1.173, -1.363e-6
-1.172, -1.357e-6
-1.171, -1.372e-6
-1.170, -1.372e-6
-1.169, -1.361e-6
-1.168, -1.385e-6
-1.167, -1.369e-6
-1.166, -1.382e-6
-1.165, -1.395e-6
-1.164, -1.393e-6
-1.163, -1.398e-6
-1.162, -1.391e-6
-1.161, -1.414e-6
-1.160, -1.412e-6
-1.159, -1.408e-6
-1.158, -1.438e-6
-1.157, -1.427e-6
-1.156, -1.422e-6
-1.155, -1.432e-6
-1.154, -1.437e-6
-1.153, -1.444e-6
-1.152, -1.446e-6
-1.151, -1.458e-6
-1.150, -1.456e-6
-1.149, -1.476e-6
-1.148, -1.476e-6
-1.147, -1.461e-6
-1.146, -1.475e-6
-1.145, -1.481e-6
-1.144, -1.490e-6
-1.143, -1.496e-6
-1.142, -1.496e-6
-1.141, -1.516e-6
-1.140, -1.519e-6
-1.139, -1.512e-6
-1.138, -1.529e-6
-1.137, -1.527e-6
-1.136, -1.546e-6
-1.135, -1.538e-6
-1.134, -1.542e-6
-1.133, -1.535e-6
-1.132, -1.549e-6
-1.131, -1.568e-6
-1.130, -1.567e-6
-1.129, -1.579e-6
-1.128, -1.571e-6
-1.127, -1.593e-6
-1.126, -1.601e-6
-1.125, -1.604e-6
-1.124, -1.595e-6
-1.123, -1.635e-6
-1.122, -1.612e-6
-1.121, -1.638e-6
-1.120, -1.646e-6
-1.119, -1.644e-6
-1.118, -1.632e-6
-1.117, -1.642e-6
-1.116, -1.650e-6
-1.115, -1.669e-6
-1.114, -1.664e-6
-1.113, -1.678e-6
-1.112, -1.686e-6
-1.111, -1.690e-6
-1.110, -1.702e-6
-1.109, -1.698e-6
-1.108, -1.715e-6
-1.107, -1.734e-6
-1.106, -1.724e-6
-1.105, -1.743e-6
-1.104, -1.723e-6
-1.103, -1.749e-6
-1.102, -1.753e-6
-1.101, -1.775e-6
-1.100, -1.773e-6
-1.099, -1.773e-6
-1.098, -1.806e-6
-1.097, -1.808e-6
-1.096, -1.801e-6
-1.095, -1.813e-6
-1.094, -1.829e-6
-1.093, -1.827e-6
-1.092, -1.839e-6
-1.091, -1.849e-6
-1.090, -1.875e-6
-1.089, -1.874e-6
-1.088, -1.892e-6
-1.087, -1.894e-6
-1.086, -1.891e-6
-1.085, -1.911e-6
-1.084, -1.904e-6
-1.083, -1.925e-6
-1.082, -1.918e-6
-1.081, -1.952e-6
-1.080, -1.950e-6
-1.079, -1.954e-6
-1.078, -1.973e-6
-1.077, -1.971e-6
-1.076, -1.988e-6
-1.075, -2.008e-6
-1.074, -2.008e-6
-1.073, -2.022e-6
-1.072, -2.028e-6
-1.071, -2.022e-6
-1.070, -2.039e-6
-1.069, -2.064e-6
-1.068, -2.057e-6
-1.067, -2.069e-6
-1.066, -2.089e-6
-1.065, -2.079e-6
-1.064, -2.096e-6
-1.063, -2.119e-6
-1.062, -2.125e-6
-1.061, -2.145e-6
-1.060, -2.132e-6
-1.059, -2.158e-6
-1.058, -2.170e-6
-1.057, -2.165e-6
-1.056, -2.195e-6
-1.055, -2.189e-6
-1.054, -2.204e-6
-1.053, -2.232e-6
-1.052, -2.201e-6
-1.051, -2.238e-6
-1.050, -2.231e-6
-1.049, -2.251e-6
-1.048, -2.262e-6
-1.047, -2.264e-6
-1.046, -2.287e-6
-1.045, -2.287e-6
-1.044, -2.311e-6
-1.043, -2.310e-6
-1.042, -2.318e-6
-1.041, -2.338e-6
-1.040, -2.339e-6
-1.039, -2.367e-6
-1.038, -2.362e-6
-1.037, -2.380e-6
-1.036, -2.403e-6
-1.035, -2.399e-6
-1.034, -2.420e-6
-1.033, -2.431e-6
-1.032, -2.450e-6
-1.031, -2.451e-6
-1.030, -2.462e-6
-1.029, -2.480e-6
-1.028, -2.480e-6
-1.027, -2.502e-6
-1.026, -2.488e-6
-1.025, -2.512e-6
-1.024, -2.523e-6
-1.023, -2.529e-6
-1.022, -2.562e-6
-1.021, -2.563e-6
-1.020, -2.579e-6
-1.019, -2.580e-6
-1.018, -2.602e-6
-1.017, -2.601e-6
-1.016, -2.615e-6
-1.015, -2.628e-6
-1.014, -2.620e-6
-1.013, -2.630e-6
-1.012, -2.652e-6
-1.011, -2.665e-6
-1.010, -2.671e-6
-1.009, -2.676e-6
-1.008, -2.704e-6
-1.007, -2.704e-6
-1.006, -2.718e-6
-1.005, -2.705e-6
-1.004, -2.743e-6
-1.003, -2.749e-6
-1.002, -2.746e-6
-1.001, -2.766e-6
