June 30, 2026   07:08:36
Cyclic Voltammetry
File: c:/users/guazh/data/20260623_doe_duplica2/2026-06-24-exp48\exp48-2026-06-30t06_48_24-arkoh\exp48_cv_sr_400mvs_efin_-1900mv.bin
Data Source:  Experiment
Instrument Model:  CHI760E
Header: CV ran at 400 mVs
Note: 

Init E (V) = -1
High E (V) = -1
Low E (V) = -1.9
Final E (V) = -1
Init P/N = N
Scan Rate (V/s) = 0.4
Segment = 3
Sample Interval (V) = 0.001
Quiet Time (sec) = 2
Sensitivity (A/V) = 0.01
Comp R (ohm) = 1.7

Results:

Channel 1:
Segment 1:

Segment 2:

Segment 3:

Potential/V, Current/A

-1.000, 1.559e-7
-1.001, 1.559e-7
-1.002, 1.559e-7
-1.003, 1.559e-7
-1.004, 1.559e-7
-1.005, 1.559e-7
-1.006, 1.559e-7
-1.007, 1.559e-7
-1.008, 1.559e-7
-1.009, 3.239e-6
-1.010, 3.239e-6
-1.011, 1.559e-7
-1.012, 1.559e-7
-1.013, 1.559e-7
-1.014, 3.239e-6
-1.015, 3.239e-6
-1.016, 1.559e-7
-1.017, 1.559e-7
-1.018, 3.239e-6
-1.019, 3.239e-6
-1.020, 1.559e-7
-1.021, 1.559e-7
-1.022, 3.239e-6
-1.023, 3.239e-6
-1.024, 1.559e-7
-1.025, 1.559e-7
-1.026, 3.239e-6
-1.027, 3.239e-6
-1.028, 3.239e-6
-1.029, 3.239e-6
-1.030, 3.239e-6
-1.031, 3.239e-6
-1.032, 3.239e-6
-1.033, 3.239e-6
-1.034, 3.239e-6
-1.035, 3.239e-6
-1.036, 3.239e-6
-1.037, 3.239e-6
-1.038, 3.239e-6
-1.039, 3.239e-6
-1.040, 3.239e-6
-1.041, 3.239e-6
-1.042, 3.239e-6
-1.043, 3.239e-6
-1.044, 3.239e-6
-1.045, 3.239e-6
-1.046, 3.239e-6
-1.047, 3.239e-6
-1.048, 3.239e-6
-1.049, 3.239e-6
-1.050, 3.239e-6
-1.051, 3.239e-6
-1.052, 3.239e-6
-1.053, 1.559e-7
-1.054, 3.239e-6
-1.055, 3.239e-6
-1.056, 3.239e-6
-1.057, 3.239e-6
-1.058, 3.239e-6
-1.059, 3.239e-6
-1.060, 3.239e-6
-1.061, 3.239e-6
-1.062, 3.239e-6
-1.063, 3.239e-6
-1.064, 3.239e-6
-1.065, 3.239e-6
-1.066, 3.239e-6
-1.067, 3.239e-6
-1.068, 3.239e-6
-1.069, 3.239e-6
-1.070, 3.239e-6
-1.071, 3.239e-6
-1.072, 3.239e-6
-1.073, 3.239e-6
-1.074, 3.239e-6
-1.075, 3.239e-6
-1.076, 3.239e-6
-1.077, 3.239e-6
-1.078, 3.239e-6
-1.079, 3.239e-6
-1.080, 3.239e-6
-1.081, 3.239e-6
-1.082, 3.239e-6
-1.083, 3.239e-6
-1.084, 3.239e-6
-1.085, 3.239e-6
-1.086, 3.239e-6
-1.087, 3.239e-6
-1.088, 3.239e-6
-1.089, 3.239e-6
-1.090, 3.239e-6
-1.091, 3.239e-6
-1.092, 3.239e-6
-1.093, 3.239e-6
-1.094, 3.239e-6
-1.095, 3.239e-6
-1.096, 3.239e-6
-1.097, 3.239e-6
-1.098, 3.239e-6
-1.099, 3.239e-6
-1.100, 3.239e-6
-1.101, 3.239e-6
-1.102, 3.239e-6
-1.103, 3.239e-6
-1.104, 3.239e-6
-1.105, 3.239e-6
-1.106, 3.239e-6
-1.107, 3.239e-6
-1.108, 3.239e-6
-1.109, 3.239e-6
-1.110, 3.239e-6
-1.111, 3.239e-6
-1.112, 3.239e-6
-1.113, 3.239e-6
-1.114, 3.239e-6
-1.115, 3.239e-6
-1.116, 3.239e-6
-1.117, 3.239e-6
-1.118, 3.239e-6
-1.119, 3.239e-6
-1.120, 3.239e-6
-1.121, 3.239e-6
-1.122, 3.239e-6
-1.123, 3.239e-6
-1.124, 3.239e-6
-1.125, 3.239e-6
-1.126, 3.239e-6
-1.127, 3.239e-6
-1.128, 3.239e-6
-1.129, 6.322e-6
-1.130, 3.239e-6
-1.131, 3.239e-6
-1.132, 6.322e-6
-1.133, 6.322e-6
-1.134, 3.239e-6
-1.135, 6.322e-6
-1.136, 3.239e-6
-1.137, 3.239e-6
-1.138, 3.239e-6
-1.139, 6.322e-6
-1.140, 6.322e-6
-1.141, 3.239e-6
-1.142, 6.322e-6
-1.143, 3.239e-6
-1.144, 3.239e-6
-1.145, 3.239e-6
-1.146, 3.239e-6
-1.147, 3.239e-6
-1.148, 3.239e-6
-1.149, 3.239e-6
-1.150, 3.239e-6
-1.151, 3.239e-6
-1.152, 3.239e-6
-1.153, 3.239e-6
-1.154, 3.239e-6
-1.155, 6.322e-6
-1.156, 6.322e-6
-1.157, 6.322e-6
-1.158, 6.322e-6
-1.159, 6.322e-6
-1.160, 3.239e-6
-1.161, 3.239e-6
-1.162, 6.322e-6
-1.163, 6.322e-6
-1.164, 3.239e-6
-1.165, 3.239e-6
-1.166, 6.322e-6
-1.167, 6.322e-6
-1.168, 6.322e-6
-1.169, 6.322e-6
-1.170, 6.322e-6
-1.171, 6.322e-6
-1.172, 6.322e-6
-1.173, 3.239e-6
-1.174, 6.322e-6
-1.175, 6.322e-6
-1.176, 6.322e-6
-1.177, 3.239e-6
-1.178, 6.322e-6
-1.179, 6.322e-6
-1.180, 3.239e-6
-1.181, 3.239e-6
-1.182, 6.322e-6
-1.183, 3.239e-6
-1.184, 6.322e-6
-1.185, 6.322e-6
-1.186, 6.322e-6
-1.187, 6.322e-6
-1.188, 6.322e-6
-1.189, 6.322e-6
-1.190, 6.322e-6
-1.191, 6.322e-6
-1.192, 6.322e-6
-1.193, 3.239e-6
-1.194, 6.322e-6
-1.195, 6.322e-6
-1.196, 6.322e-6
-1.197, 6.322e-6
-1.198, 6.322e-6
-1.199, 6.322e-6
-1.200, 6.322e-6
-1.201, 6.322e-6
-1.202, 6.322e-6
-1.203, 6.322e-6
-1.204, 6.322e-6
-1.205, 6.322e-6
-1.206, 6.322e-6
-1.207, 6.322e-6
-1.208, 6.322e-6
-1.209, 6.322e-6
-1.210, 6.322e-6
-1.211, 6.322e-6
-1.212, 6.322e-6
-1.213, 6.322e-6
-1.214, 6.322e-6
-1.215, 6.322e-6
-1.216, 6.322e-6
-1.217, 6.322e-6
-1.218, 6.322e-6
-1.219, 6.322e-6
-1.220, 6.322e-6
-1.221, 6.322e-6
-1.222, 6.322e-6
-1.223, 6.322e-6
-1.224, 6.322e-6
-1.225, 6.322e-6
-1.226, 6.322e-6
-1.227, 6.322e-6
-1.228, 6.322e-6
-1.229, 6.322e-6
-1.230, 6.322e-6
-1.231, 6.322e-6
-1.232, 6.322e-6
-1.233, 6.322e-6
-1.234, 6.322e-6
-1.235, 6.322e-6
-1.236, 6.322e-6
-1.237, 6.322e-6
-1.238, 6.322e-6
-1.239, 6.322e-6
-1.240, 6.322e-6
-1.241, 6.322e-6
-1.242, 6.322e-6
-1.243, 6.322e-6
-1.244, 6.322e-6
-1.245, 6.322e-6
-1.246, 6.322e-6
-1.247, 6.322e-6
-1.248, 6.322e-6
-1.249, 6.322e-6
-1.250, 6.322e-6
-1.251, 6.322e-6
-1.252, 6.322e-6
-1.253, 6.322e-6
-1.254, 6.322e-6
-1.255, 6.322e-6
-1.256, 6.322e-6
-1.257, 6.322e-6
-1.258, 6.322e-6
-1.259, 6.322e-6
-1.260, 6.322e-6
-1.261, 6.322e-6
-1.262, 6.322e-6
-1.263, 6.322e-6
-1.264, 6.322e-6
-1.265, 6.322e-6
-1.266, 6.322e-6
-1.267, 6.322e-6
-1.268, 6.322e-6
-1.269, 6.322e-6
-1.270, 6.322e-6
-1.271, 6.322e-6
-1.272, 6.322e-6
-1.273, 6.322e-6
-1.274, 6.322e-6
-1.275, 6.322e-6
-1.276, 6.322e-6
-1.277, 6.322e-6
-1.278, 6.322e-6
-1.279, 6.322e-6
-1.280, 6.322e-6
-1.281, 6.322e-6
-1.282, 6.322e-6
-1.283, 6.322e-6
-1.284, 6.322e-6
-1.285, 6.322e-6
-1.286, 6.322e-6
-1.287, 6.322e-6
-1.288, 6.322e-6
-1.289, 6.322e-6
-1.290, 6.322e-6
-1.291, 6.322e-6
-1.292, 6.322e-6
-1.293, 6.322e-6
-1.294, 6.322e-6
-1.295, 6.322e-6
-1.296, 6.322e-6
-1.297, 6.322e-6
-1.298, 6.322e-6
-1.299, 6.322e-6
-1.300, 6.322e-6
-1.301, 6.322e-6
-1.302, 6.322e-6
-1.303, 6.322e-6
-1.304, 6.322e-6
-1.305, 6.322e-6
-1.306, 6.322e-6
-1.307, 6.322e-6
-1.308, 6.322e-6
-1.309, 6.322e-6
-1.310, 6.322e-6
-1.311, 6.322e-6
-1.312, 6.322e-6
-1.313, 6.322e-6
-1.314, 6.322e-6
-1.315, 6.322e-6
-1.316, 9.405e-6
-1.317, 6.322e-6
-1.318, 6.322e-6
-1.319, 6.322e-6
-1.320, 6.322e-6
-1.321, 6.322e-6
-1.322, 6.322e-6
-1.323, 6.322e-6
-1.324, 6.322e-6
-1.325, 6.322e-6
-1.326, 6.322e-6
-1.327, 6.322e-6
-1.328, 6.322e-6
-1.329, 6.322e-6
-1.330, 6.322e-6
-1.331, 6.322e-6
-1.332, 9.405e-6
-1.333, 6.322e-6
-1.334, 6.322e-6
-1.335, 9.405e-6
-1.336, 6.322e-6
-1.337, 6.322e-6
-1.338, 6.322e-6
-1.339, 6.322e-6
-1.340, 9.405e-6
-1.341, 6.322e-6
-1.342, 9.405e-6
-1.343, 6.322e-6
-1.344, 6.322e-6
-1.345, 6.322e-6
-1.346, 9.405e-6
-1.347, 6.322e-6
-1.348, 6.322e-6
-1.349, 6.322e-6
-1.350, 6.322e-6
-1.351, 9.405e-6
-1.352, 9.405e-6
-1.353, 6.322e-6
-1.354, 6.322e-6
-1.355, 6.322e-6
-1.356, 9.405e-6
-1.357, 6.322e-6
-1.358, 9.405e-6
-1.359, 9.405e-6
-1.360, 6.322e-6
-1.361, 9.405e-6
-1.362, 9.405e-6
-1.363, 9.405e-6
-1.364, 9.405e-6
-1.365, 9.405e-6
-1.366, 9.405e-6
-1.367, 6.322e-6
-1.368, 9.405e-6
-1.369, 9.405e-6
-1.370, 9.405e-6
-1.371, 6.322e-6
-1.372, 9.405e-6
-1.373, 9.405e-6
-1.374, 6.322e-6
-1.375, 6.322e-6
-1.376, 6.322e-6
-1.377, 9.405e-6
-1.378, 9.405e-6
-1.379, 9.405e-6
-1.380, 6.322e-6
-1.381, 9.405e-6
-1.382, 9.405e-6
-1.383, 6.322e-6
-1.384, 6.322e-6
-1.385, 9.405e-6
-1.386, 9.405e-6
-1.387, 9.405e-6
-1.388, 9.405e-6
-1.389, 9.405e-6
-1.390, 9.405e-6
-1.391, 9.405e-6
-1.392, 9.405e-6
-1.393, 9.405e-6
-1.394, 9.405e-6
-1.395, 9.405e-6
-1.396, 9.405e-6
-1.397, 9.405e-6
-1.398, 9.405e-6
-1.399, 9.405e-6
-1.400, 9.405e-6
-1.401, 9.405e-6
-1.402, 9.405e-6
-1.403, 9.405e-6
-1.404, 9.405e-6
-1.405, 9.405e-6
-1.406, 9.405e-6
-1.407, 9.405e-6
-1.408, 6.322e-6
-1.409, 9.405e-6
-1.410, 9.405e-6
-1.411, 9.405e-6
-1.412, 9.405e-6
-1.413, 9.405e-6
-1.414, 9.405e-6
-1.415, 9.405e-6
-1.416, 9.405e-6
-1.417, 9.405e-6
-1.418, 9.405e-6
-1.419, 9.405e-6
-1.420, 9.405e-6
-1.421, 9.405e-6
-1.422, 9.405e-6
-1.423, 9.405e-6
-1.424, 9.405e-6
-1.425, 9.405e-6
-1.426, 9.405e-6
-1.427, 9.405e-6
-1.428, 9.405e-6
-1.429, 9.405e-6
-1.430, 9.405e-6
-1.431, 9.405e-6
-1.432, 9.405e-6
-1.433, 9.405e-6
-1.434, 9.405e-6
-1.435, 9.405e-6
-1.436, 9.405e-6
-1.437, 9.405e-6
-1.438, 9.405e-6
-1.439, 9.405e-6
-1.440, 9.405e-6
-1.441, 9.405e-6
-1.442, 9.405e-6
-1.443, 9.405e-6
-1.444, 9.405e-6
-1.445, 9.405e-6
-1.446, 9.405e-6
-1.447, 9.405e-6
-1.448, 9.405e-6
-1.449, 9.405e-6
-1.450, 9.405e-6
-1.451, 9.405e-6
-1.452, 9.405e-6
-1.453, 9.405e-6
-1.454, 9.405e-6
-1.455, 9.405e-6
-1.456, 9.405e-6
-1.457, 9.405e-6
-1.458, 9.405e-6
-1.459, 1.249e-5
-1.460, 9.405e-6
-1.461, 9.405e-6
-1.462, 9.405e-6
-1.463, 9.405e-6
-1.464, 9.405e-6
-1.465, 9.405e-6
-1.466, 9.405e-6
-1.467, 9.405e-6
-1.468, 1.249e-5
-1.469, 9.405e-6
-1.470, 9.405e-6
-1.471, 9.405e-6
-1.472, 9.405e-6
-1.473, 9.405e-6
-1.474, 9.405e-6
-1.475, 9.405e-6
-1.476, 9.405e-6
-1.477, 9.405e-6
-1.478, 9.405e-6
-1.479, 1.249e-5
-1.480, 9.405e-6
-1.481, 1.249e-5
-1.482, 1.249e-5
-1.483, 9.405e-6
-1.484, 9.405e-6
-1.485, 1.249e-5
-1.486, 1.249e-5
-1.487, 9.405e-6
-1.488, 9.405e-6
-1.489, 1.249e-5
-1.490, 1.249e-5
-1.491, 1.249e-5
-1.492, 1.249e-5
-1.493, 1.249e-5
-1.494, 1.249e-5
-1.495, 1.249e-5
-1.496, 1.249e-5
-1.497, 1.249e-5
-1.498, 1.249e-5
-1.499, 1.249e-5
-1.500, 1.249e-5
-1.501, 1.249e-5
-1.502, 1.249e-5
-1.503, 1.249e-5
-1.504, 1.249e-5
-1.505, 1.249e-5
-1.506, 1.249e-5
-1.507, 1.249e-5
-1.508, 1.249e-5
-1.509, 1.249e-5
-1.510, 1.249e-5
-1.511, 1.249e-5
-1.512, 1.249e-5
-1.513, 1.249e-5
-1.514, 1.249e-5
-1.515, 1.249e-5
-1.516, 1.249e-5
-1.517, 1.249e-5
-1.518, 1.249e-5
-1.519, 1.249e-5
-1.520, 1.249e-5
-1.521, 1.249e-5
-1.522, 1.557e-5
-1.523, 1.249e-5
-1.524, 1.557e-5
-1.525, 1.249e-5
-1.526, 1.557e-5
-1.527, 1.249e-5
-1.528, 1.249e-5
-1.529, 1.249e-5
-1.530, 1.557e-5
-1.531, 1.557e-5
-1.532, 1.557e-5
-1.533, 1.557e-5
-1.534, 1.557e-5
-1.535, 1.557e-5
-1.536, 1.557e-5
-1.537, 1.557e-5
-1.538, 1.557e-5
-1.539, 1.557e-5
-1.540, 1.557e-5
-1.541, 1.557e-5
-1.542, 1.557e-5
-1.543, 1.557e-5
-1.544, 1.557e-5
-1.545, 1.557e-5
-1.546, 1.557e-5
-1.547, 1.557e-5
-1.548, 1.557e-5
-1.549, 1.557e-5
-1.550, 1.557e-5
-1.551, 1.557e-5
-1.552, 1.865e-5
-1.553, 1.557e-5
-1.554, 1.557e-5
-1.555, 1.865e-5
-1.556, 1.865e-5
-1.557, 1.865e-5
-1.558, 1.865e-5
-1.559, 1.865e-5
-1.560, 1.865e-5
-1.561, 1.865e-5
-1.562, 1.865e-5
-1.563, 1.865e-5
-1.564, 1.865e-5
-1.565, 1.865e-5
-1.566, 2.174e-5
-1.567, 1.865e-5
-1.568, 1.865e-5
-1.569, 2.174e-5
-1.570, 2.174e-5
-1.571, 1.865e-5
-1.572, 2.174e-5
-1.573, 2.174e-5
-1.574, 2.174e-5
-1.575, 2.174e-5
-1.576, 2.174e-5
-1.577, 2.174e-5
-1.578, 2.174e-5
-1.579, 2.174e-5
-1.580, 2.482e-5
-1.581, 2.482e-5
-1.582, 2.482e-5
-1.583, 2.482e-5
-1.584, 2.482e-5
-1.585, 2.482e-5
-1.586, 2.482e-5
-1.587, 2.482e-5
-1.588, 2.790e-5
-1.589, 2.790e-5
-1.590, 2.790e-5
-1.591, 2.790e-5
-1.592, 2.790e-5
-1.593, 3.099e-5
-1.594, 2.790e-5
-1.595, 3.099e-5
-1.596, 3.099e-5
-1.597, 3.099e-5
-1.598, 3.099e-5
-1.599, 3.099e-5
-1.600, 3.099e-5
-1.601, 3.407e-5
-1.602, 3.407e-5
-1.603, 3.407e-5
-1.604, 3.407e-5
-1.605, 3.407e-5
-1.606, 3.715e-5
-1.607, 3.715e-5
-1.608, 3.715e-5
-1.609, 3.715e-5
-1.610, 4.024e-5
-1.611, 4.024e-5
-1.612, 4.024e-5
-1.613, 4.024e-5
-1.614, 4.332e-5
-1.615, 4.332e-5
-1.616, 4.332e-5
-1.617, 4.640e-5
-1.618, 4.640e-5
-1.619, 4.640e-5
-1.620, 4.949e-5
-1.621, 4.949e-5
-1.622, 4.949e-5
-1.623, 5.257e-5
-1.624, 5.257e-5
-1.625, 5.257e-5
-1.626, 5.565e-5
-1.627, 5.565e-5
-1.628, 5.873e-5
-1.629, 5.873e-5
-1.630, 5.873e-5
-1.631, 6.182e-5
-1.632, 6.182e-5
-1.633, 6.490e-5
-1.634, 6.490e-5
-1.635, 6.490e-5
-1.636, 6.798e-5
-1.637, 6.798e-5
-1.638, 7.107e-5
-1.639, 7.415e-5
-1.640, 7.415e-5
-1.641, 7.723e-5
-1.642, 8.032e-5
-1.643, 8.032e-5
-1.644, 8.340e-5
-1.645, 8.340e-5
-1.646, 8.648e-5
-1.647, 8.957e-5
-1.648, 8.957e-5
-1.649, 9.265e-5
-1.650, 9.573e-5
-1.651, 9.882e-5
-1.652, 9.882e-5
-1.653, 1.019e-4
-1.654, 1.050e-4
-1.655, 1.081e-4
-1.656, 1.111e-4
-1.657, 1.142e-4
-1.658, 1.173e-4
-1.659, 1.204e-4
-1.660, 1.204e-4
-1.661, 1.266e-4
-1.662, 1.296e-4
-1.663, 1.327e-4
-1.664, 1.358e-4
-1.665, 1.389e-4
-1.666, 1.420e-4
-1.667, 1.451e-4
-1.668, 1.512e-4
-1.669, 1.543e-4
-1.670, 1.574e-4
-1.671, 1.636e-4
-1.672, 1.666e-4
-1.673, 1.697e-4
-1.674, 1.759e-4
-1.675, 1.790e-4
-1.676, 1.851e-4
-1.677, 1.913e-4
-1.678, 1.944e-4
-1.679, 2.006e-4
-1.680, 2.067e-4
-1.681, 2.098e-4
-1.682, 2.160e-4
-1.683, 2.221e-4
-1.684, 2.283e-4
-1.685, 2.345e-4
-1.686, 2.406e-4
-1.687, 2.468e-4
-1.688, 2.530e-4
-1.689, 2.591e-4
-1.690, 2.653e-4
-1.691, 2.746e-4
-1.692, 2.838e-4
-1.693, 2.900e-4
-1.694, 2.961e-4
-1.695, 3.054e-4
-1.696, 3.146e-4
-1.697, 3.208e-4
-1.698, 3.300e-4
-1.699, 3.393e-4
-1.700, 3.485e-4
-1.701, 3.578e-4
-1.702, 3.670e-4
-1.703, 3.794e-4
-1.704, 3.886e-4
-1.705, 3.979e-4
-1.706, 4.102e-4
-1.707, 4.195e-4
-1.708, 4.318e-4
-1.709, 4.441e-4
-1.710, 4.565e-4
-1.711, 4.688e-4
-1.712, 4.811e-4
-1.713, 4.935e-4
-1.714, 5.058e-4
-1.715, 5.212e-4
-1.716, 5.335e-4
-1.717, 5.489e-4
-1.718, 5.644e-4
-1.719, 5.767e-4
-1.720, 5.921e-4
-1.721, 6.075e-4
-1.722, 6.229e-4
-1.723, 6.384e-4
-1.724, 6.569e-4
-1.725, 6.754e-4
-1.726, 6.908e-4
-1.727, 7.093e-4
-1.728, 7.278e-4
-1.729, 7.463e-4
-1.730, 7.679e-4
-1.731, 7.863e-4
-1.732, 8.079e-4
-1.733, 8.295e-4
-1.734, 8.480e-4
-1.735, 8.696e-4
-1.736, 8.943e-4
-1.737, 9.158e-4
-1.738, 9.374e-4
-1.739, 9.621e-4
-1.740, 9.868e-4
-1.741, 1.011e-3
-1.742, 1.036e-3
-1.743, 1.064e-3
-1.744, 1.088e-3
-1.745, 1.116e-3
-1.746, 1.144e-3
-1.747, 1.172e-3
-1.748, 1.199e-3
-1.749, 1.227e-3
-1.750, 1.255e-3
-1.751, 1.286e-3
-1.752, 1.317e-3
-1.753, 1.347e-3
-1.754, 1.378e-3
-1.755, 1.412e-3
-1.756, 1.443e-3
-1.757, 1.477e-3
-1.758, 1.514e-3
-1.759, 1.548e-3
-1.760, 1.582e-3
-1.761, 1.619e-3
-1.762, 1.656e-3
-1.763, 1.693e-3
-1.764, 1.730e-3
-1.765, 1.770e-3
-1.766, 1.807e-3
-1.767, 1.847e-3
-1.768, 1.887e-3
-1.769, 1.930e-3
-1.770, 1.970e-3
-1.771, 2.013e-3
-1.772, 2.057e-3
-1.773, 2.100e-3
-1.774, 2.143e-3
-1.775, 2.189e-3
-1.776, 2.232e-3
-1.777, 2.279e-3
-1.778, 2.325e-3
-1.779, 2.374e-3
-1.780, 2.423e-3
-1.781, 2.470e-3
-1.782, 2.519e-3
-1.783, 2.568e-3
-1.784, 2.618e-3
-1.785, 2.670e-3
-1.786, 2.723e-3
-1.787, 2.772e-3
-1.788, 2.824e-3
-1.789, 2.877e-3
-1.790, 2.932e-3
-1.791, 2.985e-3
-1.792, 3.043e-3
-1.793, 3.099e-3
-1.794, 3.154e-3
-1.795, 3.213e-3
-1.796, 3.271e-3
-1.797, 3.330e-3
-1.798, 3.388e-3
-1.799, 3.447e-3
-1.800, 3.509e-3
-1.801, 3.570e-3
-1.802, 3.629e-3
-1.803, 3.691e-3
-1.804, 3.749e-3
-1.805, 3.814e-3
-1.806, 3.879e-3
-1.807, 3.940e-3
-1.808, 4.005e-3
-1.809, 4.073e-3
-1.810, 4.138e-3
-1.811, 4.202e-3
-1.812, 4.270e-3
-1.813, 4.338e-3
-1.814, 4.406e-3
-1.815, 4.471e-3
-1.816, 4.542e-3
-1.817, 4.609e-3
-1.818, 4.677e-3
-1.819, 4.745e-3
-1.820, 4.816e-3
-1.821, 4.887e-3
-1.822, 4.955e-3
-1.823, 5.026e-3
-1.824, 5.100e-3
-1.825, 5.171e-3
-1.826, 5.245e-3
-1.827, 5.319e-3
-1.828, 5.396e-3
-1.829, 5.470e-3
-1.830, 5.547e-3
-1.831, 5.621e-3
-1.832, 5.695e-3
-1.833, 5.772e-3
-1.834, 5.846e-3
-1.835, 5.926e-3
-1.836, 6.003e-3
-1.837, 6.080e-3
-1.838, 6.157e-3
-1.839, 6.234e-3
-1.840, 6.311e-3
-1.841, 6.395e-3
-1.842, 6.472e-3
-1.843, 6.552e-3
-1.844, 6.632e-3
-1.845, 6.712e-3
-1.846, 6.792e-3
-1.847, 6.872e-3
-1.848, 6.953e-3
-1.849, 7.033e-3
-1.850, 7.113e-3
-1.851, 7.196e-3
-1.852, 7.279e-3
-1.853, 7.360e-3
-1.854, 7.437e-3
-1.855, 7.520e-3
-1.856, 7.603e-3
-1.857, 7.686e-3
-1.858, 7.773e-3
-1.859, 7.856e-3
-1.860, 7.939e-3
-1.861, 8.019e-3
-1.862, 8.106e-3
-1.863, 8.189e-3
-1.864, 8.275e-3
-1.865, 8.362e-3
-1.866, 8.442e-3
-1.867, 8.525e-3
-1.868, 8.611e-3
-1.869, 8.698e-3
-1.870, 8.781e-3
-1.871, 8.870e-3
-1.872, 8.954e-3
-1.873, 9.043e-3
-1.874, 9.132e-3
-1.875, 9.222e-3
-1.876, 9.308e-3
-1.877, 9.394e-3
-1.878, 9.484e-3
-1.879, 9.570e-3
-1.880, 9.660e-3
-1.881, 9.746e-3
-1.882, 9.832e-3
-1.883, 9.919e-3
-1.884, 1.000e-2
-1.885, 1.009e-2
-1.886, 1.018e-2
-1.887, 1.026e-2
-1.888, 1.035e-2
-1.889, 1.044e-2
-1.890, 1.053e-2
-1.891, 1.062e-2
-1.892, 1.071e-2
-1.893, 1.080e-2
-1.894, 1.089e-2
-1.895, 1.098e-2
-1.896, 1.107e-2
-1.897, 1.116e-2
-1.898, 1.125e-2
-1.899, 1.134e-2
-1.900, 1.138e-2
-1.899, 1.133e-2
-1.898, 1.128e-2
-1.897, 1.123e-2
-1.896, 1.117e-2
-1.895, 1.111e-2
-1.894, 1.105e-2
-1.893, 1.099e-2
-1.892, 1.094e-2
-1.891, 1.088e-2
-1.890, 1.082e-2
-1.889, 1.077e-2
-1.888, 1.070e-2
-1.887, 1.064e-2
-1.886, 1.058e-2
-1.885, 1.052e-2
-1.884, 1.045e-2
-1.883, 1.039e-2
-1.882, 1.032e-2
-1.881, 1.026e-2
-1.880, 1.019e-2
-1.879, 1.013e-2
-1.878, 1.006e-2
-1.877, 9.999e-3
-1.876, 9.940e-3
-1.875, 9.875e-3
-1.874, 9.811e-3
-1.873, 9.746e-3
-1.872, 9.678e-3
-1.871, 9.616e-3
-1.870, 9.549e-3
-1.869, 9.484e-3
-1.868, 9.419e-3
-1.867, 9.348e-3
-1.866, 9.283e-3
-1.865, 9.222e-3
-1.864, 9.154e-3
-1.863, 9.092e-3
-1.862, 9.037e-3
-1.861, 8.978e-3
-1.860, 8.913e-3
-1.859, 8.849e-3
-1.858, 8.784e-3
-1.857, 8.719e-3
-1.856, 8.654e-3
-1.855, 8.590e-3
-1.854, 8.528e-3
-1.853, 8.463e-3
-1.852, 8.399e-3
-1.851, 8.334e-3
-1.850, 8.269e-3
-1.849, 8.204e-3
-1.848, 8.143e-3
-1.847, 8.078e-3
-1.846, 8.016e-3
-1.845, 7.955e-3
-1.844, 7.896e-3
-1.843, 7.837e-3
-1.842, 7.776e-3
-1.841, 7.711e-3
-1.840, 7.652e-3
-1.839, 7.588e-3
-1.838, 7.529e-3
-1.837, 7.474e-3
-1.836, 7.409e-3
-1.835, 7.344e-3
-1.834, 7.286e-3
-1.833, 7.227e-3
-1.832, 7.165e-3
-1.831, 7.101e-3
-1.830, 7.045e-3
-1.829, 6.983e-3
-1.828, 6.925e-3
-1.827, 6.869e-3
-1.826, 6.811e-3
-1.825, 6.752e-3
-1.824, 6.694e-3
-1.823, 6.632e-3
-1.822, 6.573e-3
-1.821, 6.515e-3
-1.820, 6.459e-3
-1.819, 6.401e-3
-1.818, 6.342e-3
-1.817, 6.280e-3
-1.816, 6.225e-3
-1.815, 6.166e-3
-1.814, 6.111e-3
-1.813, 6.052e-3
-1.812, 5.997e-3
-1.811, 5.941e-3
-1.810, 5.892e-3
-1.809, 5.833e-3
-1.808, 5.781e-3
-1.807, 5.725e-3
-1.806, 5.670e-3
-1.805, 5.618e-3
-1.804, 5.559e-3
-1.803, 5.510e-3
-1.802, 5.454e-3
-1.801, 5.402e-3
-1.800, 5.346e-3
-1.799, 5.294e-3
-1.798, 5.241e-3
-1.797, 5.189e-3
-1.796, 5.140e-3
-1.795, 5.087e-3
-1.794, 5.035e-3
-1.793, 4.986e-3
-1.792, 4.933e-3
-1.791, 4.881e-3
-1.790, 4.834e-3
-1.789, 4.785e-3
-1.788, 4.736e-3
-1.787, 4.683e-3
-1.786, 4.634e-3
-1.785, 4.585e-3
-1.784, 4.538e-3
-1.783, 4.489e-3
-1.782, 4.440e-3
-1.781, 4.394e-3
-1.780, 4.347e-3
-1.779, 4.298e-3
-1.778, 4.255e-3
-1.777, 4.206e-3
-1.776, 4.159e-3
-1.775, 4.116e-3
-1.774, 4.070e-3
-1.773, 4.024e-3
-1.772, 3.977e-3
-1.771, 3.931e-3
-1.770, 3.888e-3
-1.769, 3.842e-3
-1.768, 3.802e-3
-1.767, 3.755e-3
-1.766, 3.712e-3
-1.765, 3.669e-3
-1.764, 3.626e-3
-1.763, 3.583e-3
-1.762, 3.540e-3
-1.761, 3.499e-3
-1.760, 3.459e-3
-1.759, 3.419e-3
-1.758, 3.376e-3
-1.757, 3.336e-3
-1.756, 3.296e-3
-1.755, 3.256e-3
-1.754, 3.216e-3
-1.753, 3.176e-3
-1.752, 3.136e-3
-1.751, 3.096e-3
-1.750, 3.059e-3
-1.749, 3.019e-3
-1.748, 2.982e-3
-1.747, 2.945e-3
-1.746, 2.908e-3
-1.745, 2.871e-3
-1.744, 2.834e-3
-1.743, 2.797e-3
-1.742, 2.763e-3
-1.741, 2.729e-3
-1.740, 2.689e-3
-1.739, 2.655e-3
-1.738, 2.621e-3
-1.737, 2.584e-3
-1.736, 2.553e-3
-1.735, 2.519e-3
-1.734, 2.482e-3
-1.733, 2.451e-3
-1.732, 2.417e-3
-1.731, 2.383e-3
-1.730, 2.349e-3
-1.729, 2.319e-3
-1.728, 2.288e-3
-1.727, 2.254e-3
-1.726, 2.223e-3
-1.725, 2.192e-3
-1.724, 2.161e-3
-1.723, 2.131e-3
-1.722, 2.100e-3
-1.721, 2.072e-3
-1.720, 2.041e-3
-1.719, 2.010e-3
-1.718, 1.983e-3
-1.717, 1.955e-3
-1.716, 1.927e-3
-1.715, 1.899e-3
-1.714, 1.872e-3
-1.713, 1.844e-3
-1.712, 1.816e-3
-1.711, 1.788e-3
-1.710, 1.764e-3
-1.709, 1.736e-3
-1.708, 1.711e-3
-1.707, 1.684e-3
-1.706, 1.659e-3
-1.705, 1.631e-3
-1.704, 1.606e-3
-1.703, 1.582e-3
-1.702, 1.557e-3
-1.701, 1.532e-3
-1.700, 1.511e-3
-1.699, 1.489e-3
-1.698, 1.468e-3
-1.697, 1.443e-3
-1.696, 1.418e-3
-1.695, 1.397e-3
-1.694, 1.375e-3
-1.693, 1.354e-3
-1.692, 1.329e-3
-1.691, 1.307e-3
-1.690, 1.286e-3
-1.689, 1.264e-3
-1.688, 1.246e-3
-1.687, 1.224e-3
-1.686, 1.206e-3
-1.685, 1.187e-3
-1.684, 1.166e-3
-1.683, 1.144e-3
-1.682, 1.125e-3
-1.681, 1.107e-3
-1.680, 1.088e-3
-1.679, 1.070e-3
-1.678, 1.051e-3
-1.677, 1.033e-3
-1.676, 1.014e-3
-1.675, 9.991e-4
-1.674, 9.806e-4
-1.673, 9.652e-4
-1.672, 9.467e-4
-1.671, 9.313e-4
-1.670, 9.128e-4
-1.669, 8.973e-4
-1.668, 8.819e-4
-1.667, 8.665e-4
-1.666, 8.511e-4
-1.665, 8.357e-4
-1.664, 8.203e-4
-1.663, 8.048e-4
-1.662, 7.894e-4
-1.661, 7.771e-4
-1.660, 7.617e-4
-1.659, 7.463e-4
-1.658, 7.339e-4
-1.657, 7.216e-4
-1.656, 7.062e-4
-1.655, 6.939e-4
-1.654, 6.815e-4
-1.653, 6.692e-4
-1.652, 6.538e-4
-1.651, 6.445e-4
-1.650, 6.291e-4
-1.649, 6.168e-4
-1.648, 6.075e-4
-1.647, 5.952e-4
-1.646, 5.829e-4
-1.645, 5.736e-4
-1.644, 5.613e-4
-1.643, 5.489e-4
-1.642, 5.397e-4
-1.641, 5.305e-4
-1.640, 5.181e-4
-1.639, 5.089e-4
-1.638, 4.965e-4
-1.637, 4.873e-4
-1.636, 4.780e-4
-1.635, 4.688e-4
-1.634, 4.595e-4
-1.633, 4.503e-4
-1.632, 4.410e-4
-1.631, 4.318e-4
-1.630, 4.225e-4
-1.629, 4.133e-4
-1.628, 4.040e-4
-1.627, 3.948e-4
-1.626, 3.886e-4
-1.625, 3.825e-4
-1.624, 3.732e-4
-1.623, 3.640e-4
-1.622, 3.578e-4
-1.621, 3.516e-4
-1.620, 3.424e-4
-1.619, 3.331e-4
-1.618, 3.270e-4
-1.617, 3.208e-4
-1.616, 3.146e-4
-1.615, 3.085e-4
-1.614, 3.023e-4
-1.613, 2.961e-4
-1.612, 2.869e-4
-1.611, 2.807e-4
-1.610, 2.746e-4
-1.609, 2.684e-4
-1.608, 2.622e-4
-1.607, 2.591e-4
-1.606, 2.530e-4
-1.605, 2.468e-4
-1.604, 2.406e-4
-1.603, 2.345e-4
-1.602, 2.314e-4
-1.601, 2.252e-4
-1.600, 2.191e-4
-1.599, 2.160e-4
-1.598, 2.098e-4
-1.597, 2.067e-4
-1.596, 2.006e-4
-1.595, 1.975e-4
-1.594, 1.913e-4
-1.593, 1.882e-4
-1.592, 1.821e-4
-1.591, 1.790e-4
-1.590, 1.759e-4
-1.589, 1.728e-4
-1.588, 1.666e-4
-1.587, 1.636e-4
-1.586, 1.605e-4
-1.585, 1.574e-4
-1.584, 1.512e-4
-1.583, 1.481e-4
-1.582, 1.451e-4
-1.581, 1.420e-4
-1.580, 1.389e-4
-1.579, 1.358e-4
-1.578, 1.327e-4
-1.577, 1.266e-4
-1.576, 1.235e-4
-1.575, 1.235e-4
-1.574, 1.173e-4
-1.573, 1.173e-4
-1.572, 1.142e-4
-1.571, 1.111e-4
-1.570, 1.081e-4
-1.569, 1.050e-4
-1.568, 1.019e-4
-1.567, 9.882e-5
-1.566, 9.882e-5
-1.565, 9.573e-5
-1.564, 9.265e-5
-1.563, 8.957e-5
-1.562, 8.648e-5
-1.561, 8.648e-5
-1.560, 8.340e-5
-1.559, 8.032e-5
-1.558, 8.032e-5
-1.557, 7.723e-5
-1.556, 7.723e-5
-1.555, 7.415e-5
-1.554, 7.107e-5
-1.553, 7.107e-5
-1.552, 6.798e-5
-1.551, 6.798e-5
-1.550, 6.490e-5
-1.549, 6.490e-5
-1.548, 6.182e-5
-1.547, 5.873e-5
-1.546, 5.873e-5
-1.545, 5.565e-5
-1.544, 5.565e-5
-1.543, 5.257e-5
-1.542, 5.257e-5
-1.541, 5.257e-5
-1.540, 4.949e-5
-1.539, 4.949e-5
-1.538, 4.640e-5
-1.537, 4.640e-5
-1.536, 4.332e-5
-1.535, 4.332e-5
-1.534, 4.024e-5
-1.533, 4.024e-5
-1.532, 4.024e-5
-1.531, 3.715e-5
-1.530, 3.715e-5
-1.529, 3.715e-5
-1.528, 3.715e-5
-1.527, 3.407e-5
-1.526, 3.099e-5
-1.525, 3.099e-5
-1.524, 3.099e-5
-1.523, 2.790e-5
-1.522, 2.790e-5
-1.521, 2.790e-5
-1.520, 2.790e-5
-1.519, 2.790e-5
-1.518, 2.482e-5
-1.517, 2.482e-5
-1.516, 2.482e-5
-1.515, 2.482e-5
-1.514, 2.174e-5
-1.513, 2.174e-5
-1.512, 2.174e-5
-1.511, 2.174e-5
-1.510, 1.865e-5
-1.509, 1.865e-5
-1.508, 1.865e-5
-1.507, 1.865e-5
-1.506, 1.865e-5
-1.505, 1.865e-5
-1.504, 1.557e-5
-1.503, 1.557e-5
-1.502, 1.557e-5
-1.501, 1.557e-5
-1.500, 1.249e-5
-1.499, 1.249e-5
-1.498, 1.249e-5
-1.497, 1.249e-5
-1.496, 1.249e-5
-1.495, 1.249e-5
-1.494, 1.249e-5
-1.493, 9.405e-6
-1.492, 9.405e-6
-1.491, 9.405e-6
-1.490, 9.405e-6
-1.489, 9.405e-6
-1.488, 9.405e-6
-1.487, 6.322e-6
-1.486, 9.405e-6
-1.485, 6.322e-6
-1.484, 6.322e-6
-1.483, 6.322e-6
-1.482, 6.322e-6
-1.481, 6.322e-6
-1.480, 6.322e-6
-1.479, 6.322e-6
-1.478, 6.322e-6
-1.477, 3.239e-6
-1.476, 6.322e-6
-1.475, 3.239e-6
-1.474, 6.322e-6
-1.473, 3.239e-6
-1.472, 3.239e-6
-1.471, 3.239e-6
-1.470, 3.239e-6
-1.469, 3.239e-6
-1.468, 3.239e-6
-1.467, 3.239e-6
-1.466, 3.239e-6
-1.465, 3.239e-6
-1.464, 3.239e-6
-1.463, 3.239e-6
-1.462, 3.239e-6
-1.461, 3.239e-6
-1.460, 1.559e-7
-1.459, 3.239e-6
-1.458, 1.559e-7
-1.457, 1.559e-7
-1.456, 1.559e-7
-1.455, 1.559e-7
-1.454, 1.559e-7
-1.453, 1.559e-7
-1.452, 1.559e-7
-1.451, 1.559e-7
-1.450, 1.559e-7
-1.449, 1.559e-7
-1.448, 1.559e-7
-1.447, 1.559e-7
-1.446, 1.559e-7
-1.445, 1.559e-7
-1.444, 1.559e-7
-1.443, -2.927e-6
-1.442, 1.559e-7
-1.441, 1.559e-7
-1.440, 1.559e-7
-1.439, -2.927e-6
-1.438, 1.559e-7
-1.437, 1.559e-7
-1.436, -2.927e-6
-1.435, 1.559e-7
-1.434, -2.927e-6
-1.433, -2.927e-6
-1.432, -2.927e-6
-1.431, 1.559e-7
-1.430, -2.927e-6
-1.429, -2.927e-6
-1.428, 1.559e-7
-1.427, -2.927e-6
-1.426, -2.927e-6
-1.425, 1.559e-7
-1.424, -2.927e-6
-1.423, -2.927e-6
-1.422, -2.927e-6
-1.421, -2.927e-6
-1.420, -2.927e-6
-1.419, -2.927e-6
-1.418, -2.927e-6
-1.417, -2.927e-6
-1.416, -2.927e-6
-1.415, -2.927e-6
-1.414, -2.927e-6
-1.413, -2.927e-6
-1.412, -2.927e-6
-1.411, -2.927e-6
-1.410, -2.927e-6
-1.409, -2.927e-6
-1.408, -2.927e-6
-1.407, -2.927e-6
-1.406, -2.927e-6
-1.405, -2.927e-6
-1.404, -2.927e-6
-1.403, -2.927e-6
-1.402, -2.927e-6
-1.401, -2.927e-6
-1.400, -2.927e-6
-1.399, -2.927e-6
-1.398, -2.927e-6
-1.397, -2.927e-6
-1.396, -2.927e-6
-1.395, -2.927e-6
-1.394, -2.927e-6
-1.393, -2.927e-6
-1.392, -2.927e-6
-1.391, -2.927e-6
-1.390, -2.927e-6
-1.389, -6.010e-6
-1.388, -2.927e-6
-1.387, -2.927e-6
-1.386, -6.010e-6
-1.385, -2.927e-6
-1.384, -2.927e-6
-1.383, -6.010e-6
-1.382, -6.010e-6
-1.381, -2.927e-6
-1.380, -2.927e-6
-1.379, -2.927e-6
-1.378, -2.927e-6
-1.377, -2.927e-6
-1.376, -2.927e-6
-1.375, -2.927e-6
-1.374, -2.927e-6
-1.373, -6.010e-6
-1.372, -6.010e-6
-1.371, -2.927e-6
-1.370, -2.927e-6
-1.369, -6.010e-6
-1.368, -2.927e-6
-1.367, -2.927e-6
-1.366, -6.010e-6
-1.365, -2.927e-6
-1.364, -2.927e-6
-1.363, -6.010e-6
-1.362, -2.927e-6
-1.361, -6.010e-6
-1.360, -2.927e-6
-1.359, -6.010e-6
-1.358, -2.927e-6
-1.357, -2.927e-6
-1.356, -2.927e-6
-1.355, -2.927e-6
-1.354, -6.010e-6
-1.353, -6.010e-6
-1.352, -6.010e-6
-1.351, -6.010e-6
-1.350, -6.010e-6
-1.349, -6.010e-6
-1.348, -2.927e-6
-1.347, -6.010e-6
-1.346, -2.927e-6
-1.345, -2.927e-6
-1.344, -6.010e-6
-1.343, -6.010e-6
-1.342, -2.927e-6
-1.341, -2.927e-6
-1.340, -6.010e-6
-1.339, -6.010e-6
-1.338, -2.927e-6
-1.337, -6.010e-6
-1.336, -6.010e-6
-1.335, -2.927e-6
-1.334, -6.010e-6
-1.333, -2.927e-6
-1.332, -6.010e-6
-1.331, -6.010e-6
-1.330, -6.010e-6
-1.329, -2.927e-6
-1.328, -2.927e-6
-1.327, -6.010e-6
-1.326, -6.010e-6
-1.325, -6.010e-6
-1.324, -6.010e-6
-1.323, -6.010e-6
-1.322, -2.927e-6
-1.321, -6.010e-6
-1.320, -6.010e-6
-1.319, -2.927e-6
-1.318, -6.010e-6
-1.317, -6.010e-6
-1.316, -6.010e-6
-1.315, -6.010e-6
-1.314, -6.010e-6
-1.313, -6.010e-6
-1.312, -6.010e-6
-1.311, -6.010e-6
-1.310, -6.010e-6
-1.309, -6.010e-6
-1.308, -2.927e-6
-1.307, -6.010e-6
-1.306, -2.927e-6
-1.305, -6.010e-6
-1.304, -6.010e-6
-1.303, -6.010e-6
-1.302, -6.010e-6
-1.301, -2.927e-6
-1.300, -6.010e-6
-1.299, -6.010e-6
-1.298, -6.010e-6
-1.297, -6.010e-6
-1.296, -6.010e-6
-1.295, -2.927e-6
-1.294, -6.010e-6
-1.293, -6.010e-6
-1.292, -6.010e-6
-1.291, -6.010e-6
-1.290, -6.010e-6
-1.289, -6.010e-6
-1.288, -6.010e-6
-1.287, -6.010e-6
-1.286, -6.010e-6
-1.285, -2.927e-6
-1.284, -6.010e-6
-1.283, -2.927e-6
-1.282, -6.010e-6
-1.281, -6.010e-6
-1.280, -6.010e-6
-1.279, -6.010e-6
-1.278, -6.010e-6
-1.277, -6.010e-6
-1.276, -6.010e-6
-1.275, -6.010e-6
-1.274, -6.010e-6
-1.273, -6.010e-6
-1.272, -6.010e-6
-1.271, -6.010e-6
-1.270, -6.010e-6
-1.269, -6.010e-6
-1.268, -6.010e-6
-1.267, -6.010e-6
-1.266, -6.010e-6
-1.265, -6.010e-6
-1.264, -6.010e-6
-1.263, -6.010e-6
-1.262, -6.010e-6
-1.261, -6.010e-6
-1.260, -6.010e-6
-1.259, -6.010e-6
-1.258, -6.010e-6
-1.257, -6.010e-6
-1.256, -6.010e-6
-1.255, -6.010e-6
-1.254, -6.010e-6
-1.253, -6.010e-6
-1.252, -2.927e-6
-1.251, -2.927e-6
-1.250, -6.010e-6
-1.249, -6.010e-6
-1.248, -6.010e-6
-1.247, -6.010e-6
-1.246, -6.010e-6
-1.245, -6.010e-6
-1.244, -6.010e-6
-1.243, -6.010e-6
-1.242, -6.010e-6
-1.241, -6.010e-6
-1.240, -6.010e-6
-1.239, -6.010e-6
-1.238, -6.010e-6
-1.237, -6.010e-6
-1.236, -6.010e-6
-1.235, -6.010e-6
-1.234, -6.010e-6
-1.233, -6.010e-6
-1.232, -6.010e-6
-1.231, -6.010e-6
-1.230, -6.010e-6
-1.229, -6.010e-6
-1.228, -6.010e-6
-1.227, -6.010e-6
-1.226, -6.010e-6
-1.225, -6.010e-6
-1.224, -6.010e-6
-1.223, -6.010e-6
-1.222, -6.010e-6
-1.221, -6.010e-6
-1.220, -6.010e-6
-1.219, -6.010e-6
-1.218, -6.010e-6
-1.217, -6.010e-6
-1.216, -6.010e-6
-1.215, -6.010e-6
-1.214, -6.010e-6
-1.213, -6.010e-6
-1.212, -6.010e-6
-1.211, -6.010e-6
-1.210, -6.010e-6
-1.209, -6.010e-6
-1.208, -6.010e-6
-1.207, -6.010e-6
-1.206, -6.010e-6
-1.205, -6.010e-6
-1.204, -6.010e-6
-1.203, -6.010e-6
-1.202, -6.010e-6
-1.201, -2.927e-6
-1.200, -6.010e-6
-1.199, -6.010e-6
-1.198, -6.010e-6
-1.197, -6.010e-6
-1.196, -6.010e-6
-1.195, -6.010e-6
-1.194, -6.010e-6
-1.193, -6.010e-6
-1.192, -6.010e-6
-1.191, -6.010e-6
-1.190, -6.010e-6
-1.189, -6.010e-6
-1.188, -6.010e-6
-1.187, -6.010e-6
-1.186, -6.010e-6
-1.185, -6.010e-6
-1.184, -6.010e-6
-1.183, -6.010e-6
-1.182, -6.010e-6
-1.181, -6.010e-6
-1.180, -6.010e-6
-1.179, -6.010e-6
-1.178, -6.010e-6
-1.177, -6.010e-6
-1.176, -6.010e-6
-1.175, -6.010e-6
-1.174, -6.010e-6
-1.173, -6.010e-6
-1.172, -6.010e-6
-1.171, -6.010e-6
-1.170, -6.010e-6
-1.169, -6.010e-6
-1.168, -6.010e-6
-1.167, -6.010e-6
-1.166, -6.010e-6
-1.165, -6.010e-6
-1.164, -6.010e-6
-1.163, -6.010e-6
-1.162, -6.010e-6
-1.161, -6.010e-6
-1.160, -6.010e-6
-1.159, -6.010e-6
-1.158, -6.010e-6
-1.157, -6.010e-6
-1.156, -6.010e-6
-1.155, -6.010e-6
-1.154, -6.010e-6
-1.153, -6.010e-6
-1.152, -6.010e-6
-1.151, -6.010e-6
-1.150, -6.010e-6
-1.149, -6.010e-6
-1.148, -6.010e-6
-1.147, -6.010e-6
-1.146, -6.010e-6
-1.145, -6.010e-6
-1.144, -6.010e-6
-1.143, -6.010e-6
-1.142, -6.010e-6
-1.141, -6.010e-6
-1.140, -6.010e-6
-1.139, -6.010e-6
-1.138, -6.010e-6
-1.137, -6.010e-6
-1.136, -6.010e-6
-1.135, -6.010e-6
-1.134, -6.010e-6
-1.133, -6.010e-6
-1.132, -6.010e-6
-1.131, -6.010e-6
-1.130, -6.010e-6
-1.129, -6.010e-6
-1.128, -6.010e-6
-1.127, -6.010e-6
-1.126, -6.010e-6
-1.125, -6.010e-6
-1.124, -6.010e-6
-1.123, -6.010e-6
-1.122, -6.010e-6
-1.121, -6.010e-6
-1.120, -6.010e-6
-1.119, -6.010e-6
-1.118, -6.010e-6
-1.117, -6.010e-6
-1.116, -6.010e-6
-1.115, -6.010e-6
-1.114, -6.010e-6
-1.113, -6.010e-6
-1.112, -6.010e-6
-1.111, -6.010e-6
-1.110, -6.010e-6
-1.109, -6.010e-6
-1.108, -6.010e-6
-1.107, -6.010e-6
-1.106, -6.010e-6
-1.105, -6.010e-6
-1.104, -6.010e-6
-1.103, -6.010e-6
-1.102, -6.010e-6
-1.101, -6.010e-6
-1.100, -6.010e-6
-1.099, -6.010e-6
-1.098, -6.010e-6
-1.097, -6.010e-6
-1.096, -6.010e-6
-1.095, -6.010e-6
-1.094, -6.010e-6
-1.093, -6.010e-6
-1.092, -6.010e-6
-1.091, -6.010e-6
-1.090, -6.010e-6
-1.089, -6.010e-6
-1.088, -6.010e-6
-1.087, -6.010e-6
-1.086, -6.010e-6
-1.085, -6.010e-6
-1.084, -6.010e-6
-1.083, -6.010e-6
-1.082, -6.010e-6
-1.081, -6.010e-6
-1.080, -6.010e-6
-1.079, -6.010e-6
-1.078, -6.010e-6
-1.077, -6.010e-6
-1.076, -6.010e-6
-1.075, -6.010e-6
-1.074, -6.010e-6
-1.073, -6.010e-6
-1.072, -6.010e-6
-1.071, -6.010e-6
-1.070, -6.010e-6
-1.069, -6.010e-6
-1.068, -6.010e-6
-1.067, -6.010e-6
-1.066, -6.010e-6
-1.065, -6.010e-6
-1.064, -6.010e-6
-1.063, -6.010e-6
-1.062, -6.010e-6
-1.061, -6.010e-6
-1.060, -6.010e-6
-1.059, -6.010e-6
-1.058, -6.010e-6
-1.057, -6.010e-6
-1.056, -6.010e-6
-1.055, -6.010e-6
-1.054, -6.010e-6
-1.053, -6.010e-6
-1.052, -6.010e-6
-1.051, -6.010e-6
-1.050, -6.010e-6
-1.049, -6.010e-6
-1.048, -6.010e-6
-1.047, -6.010e-6
-1.046, -6.010e-6
-1.045, -6.010e-6
-1.044, -6.010e-6
-1.043, -6.010e-6
-1.042, -6.010e-6
-1.041, -6.010e-6
-1.040, -6.010e-6
-1.039, -6.010e-6
-1.038, -6.010e-6
-1.037, -6.010e-6
-1.036, -6.010e-6
-1.035, -6.010e-6
-1.034, -6.010e-6
-1.033, -9.093e-6
-1.032, -6.010e-6
-1.031, -6.010e-6
-1.030, -6.010e-6
-1.029, -6.010e-6
-1.028, -6.010e-6
-1.027, -6.010e-6
-1.026, -6.010e-6
-1.025, -6.010e-6
-1.024, -6.010e-6
-1.023, -6.010e-6
-1.022, -6.010e-6
-1.021, -6.010e-6
-1.020, -6.010e-6
-1.019, -9.093e-6
-1.018, -6.010e-6
-1.017, -6.010e-6
-1.016, -6.010e-6
-1.015, -6.010e-6
-1.014, -6.010e-6
-1.013, -6.010e-6
-1.012, -6.010e-6
-1.011, -6.010e-6
-1.010, -9.093e-6
-1.009, -6.010e-6
-1.008, -6.010e-6
-1.007, -6.010e-6
-1.006, -6.010e-6
-1.005, -6.010e-6
-1.004, -6.010e-6
-1.003, -6.010e-6
-1.002, -6.010e-6
-1.001, -9.093e-6
