June 27, 2026   22:33:50
Cyclic Voltammetry
File: c:/users/guazh/data/20260623_doe_duplica2/2026-06-24-exp27\exp27-2026-06-27t22_06_50-h2koh\exp27_cv_sr_200mvs_efin_-1900mv.bin
Data Source:  Experiment
Instrument Model:  CHI760E
Header: CV ran at 200 mVs
Note: 

Init E (V) = -1
High E (V) = -1
Low E (V) = -1.9
Final E (V) = -1
Init P/N = N
Scan Rate (V/s) = 0.2
Segment = 3
Sample Interval (V) = 0.001
Quiet Time (sec) = 2
Sensitivity (A/V) = 0.01
Comp R (ohm) = 2.0

Results:

Channel 1:
Segment 1:

Segment 2:

Segment 3:

Potential/V, Current/A

-1.000, -2.782e-7
-1.001, -3.157e-8
-1.002, 2.762e-8
-1.003, 2.762e-8
-1.004, 3.532e-7
-1.005, 5.012e-7
-1.006, 4.815e-7
-1.007, 5.801e-7
-1.008, 5.308e-7
-1.009, 6.590e-7
-1.010, 7.676e-7
-1.011, 8.958e-7
-1.012, 8.761e-7
-1.013, 9.254e-7
-1.014, 1.271e-6
-1.015, 1.123e-6
-1.016, 9.945e-7
-1.017, 1.409e-6
-1.018, 1.103e-6
-1.019, 1.340e-6
-1.020, 1.350e-6
-1.021, 1.330e-6
-1.022, 1.310e-6
-1.023, 1.290e-6
-1.024, 1.734e-6
-1.025, 1.803e-6
-1.026, 1.399e-6
-1.027, 1.823e-6
-1.028, 1.517e-6
-1.029, 1.833e-6
-1.030, 1.892e-6
-1.031, 1.705e-6
-1.032, 1.922e-6
-1.033, 1.774e-6
-1.034, 2.021e-6
-1.035, 2.099e-6
-1.036, 1.863e-6
-1.037, 2.080e-6
-1.038, 2.021e-6
-1.039, 2.267e-6
-1.040, 2.218e-6
-1.041, 1.951e-6
-1.042, 2.395e-6
-1.043, 2.159e-6
-1.044, 2.465e-6
-1.045, 2.336e-6
-1.046, 2.317e-6
-1.047, 2.435e-6
-1.048, 2.435e-6
-1.049, 2.583e-6
-1.050, 2.465e-6
-1.051, 2.593e-6
-1.052, 2.721e-6
-1.053, 2.563e-6
-1.054, 2.701e-6
-1.055, 2.800e-6
-1.056, 2.603e-6
-1.057, 2.908e-6
-1.058, 2.751e-6
-1.059, 2.839e-6
-1.060, 2.938e-6
-1.061, 2.731e-6
-1.062, 3.056e-6
-1.063, 2.987e-6
-1.064, 3.027e-6
-1.065, 3.086e-6
-1.066, 3.076e-6
-1.067, 3.066e-6
-1.068, 3.076e-6
-1.069, 3.254e-6
-1.070, 3.185e-6
-1.071, 3.096e-6
-1.072, 3.362e-6
-1.073, 3.145e-6
-1.074, 3.461e-6
-1.075, 3.777e-6
-1.076, 3.313e-6
-1.077, 3.422e-6
-1.078, 3.264e-6
-1.079, 3.550e-6
-1.080, 3.372e-6
-1.081, 3.510e-6
-1.082, 3.658e-6
-1.083, 3.461e-6
-1.084, 3.727e-6
-1.085, 3.668e-6
-1.086, 3.530e-6
-1.087, 3.777e-6
-1.088, 3.678e-6
-1.089, 3.915e-6
-1.090, 3.816e-6
-1.091, 3.806e-6
-1.092, 3.747e-6
-1.093, 3.885e-6
-1.094, 3.836e-6
-1.095, 3.984e-6
-1.096, 3.935e-6
-1.097, 4.102e-6
-1.098, 3.836e-6
-1.099, 4.004e-6
-1.100, 4.043e-6
-1.101, 4.063e-6
-1.102, 4.161e-6
-1.103, 4.043e-6
-1.104, 4.112e-6
-1.105, 4.132e-6
-1.106, 4.043e-6
-1.107, 4.418e-6
-1.108, 4.329e-6
-1.109, 4.339e-6
-1.110, 4.418e-6
-1.111, 4.260e-6
-1.112, 4.388e-6
-1.113, 4.092e-6
-1.114, 4.615e-6
-1.115, 4.586e-6
-1.116, 4.408e-6
-1.117, 4.477e-6
-1.118, 4.309e-6
-1.119, 4.645e-6
-1.120, 4.635e-6
-1.121, 4.457e-6
-1.122, 4.822e-6
-1.123, 4.674e-6
-1.124, 4.822e-6
-1.125, 4.753e-6
-1.126, 4.882e-6
-1.127, 4.832e-6
-1.128, 4.744e-6
-1.129, 5.079e-6
-1.130, 5.020e-6
-1.131, 4.822e-6
-1.132, 5.010e-6
-1.133, 5.020e-6
-1.134, 5.178e-6
-1.135, 5.197e-6
-1.136, 4.862e-6
-1.137, 5.217e-6
-1.138, 4.980e-6
-1.139, 5.257e-6
-1.140, 5.158e-6
-1.141, 5.049e-6
-1.142, 5.247e-6
-1.143, 5.118e-6
-1.144, 5.385e-6
-1.145, 5.326e-6
-1.146, 5.336e-6
-1.147, 5.493e-6
-1.148, 5.227e-6
-1.149, 5.543e-6
-1.150, 5.562e-6
-1.151, 5.434e-6
-1.152, 5.770e-6
-1.153, 5.513e-6
-1.154, 5.533e-6
-1.155, 5.760e-6
-1.156, 5.710e-6
-1.157, 5.799e-6
-1.158, 5.572e-6
-1.159, 5.977e-6
-1.160, 5.760e-6
-1.161, 5.898e-6
-1.162, 5.967e-6
-1.163, 5.701e-6
-1.164, 6.016e-6
-1.165, 6.085e-6
-1.166, 5.947e-6
-1.167, 5.997e-6
-1.168, 5.888e-6
-1.169, 5.937e-6
-1.170, 6.066e-6
-1.171, 6.243e-6
-1.172, 6.184e-6
-1.173, 6.125e-6
-1.174, 6.233e-6
-1.175, 6.283e-6
-1.176, 6.312e-6
-1.177, 6.431e-6
-1.178, 6.332e-6
-1.179, 6.381e-6
-1.180, 6.588e-6
-1.181, 6.510e-6
-1.182, 6.490e-6
-1.183, 6.401e-6
-1.184, 6.539e-6
-1.185, 6.796e-6
-1.186, 6.421e-6
-1.187, 6.904e-6
-1.188, 6.588e-6
-1.189, 6.717e-6
-1.190, 6.707e-6
-1.191, 6.855e-6
-1.192, 6.806e-6
-1.193, 6.815e-6
-1.194, 7.042e-6
-1.195, 7.003e-6
-1.196, 6.776e-6
-1.197, 7.013e-6
-1.198, 6.963e-6
-1.199, 7.210e-6
-1.200, 7.092e-6
-1.201, 7.141e-6
-1.202, 7.151e-6
-1.203, 7.032e-6
-1.204, 7.328e-6
-1.205, 7.368e-6
-1.206, 7.200e-6
-1.207, 7.397e-6
-1.208, 7.437e-6
-1.209, 7.437e-6
-1.210, 7.338e-6
-1.211, 7.407e-6
-1.212, 7.654e-6
-1.213, 7.447e-6
-1.214, 7.506e-6
-1.215, 7.674e-6
-1.216, 7.496e-6
-1.217, 7.851e-6
-1.218, 7.723e-6
-1.219, 7.782e-6
-1.220, 7.743e-6
-1.221, 7.693e-6
-1.222, 7.980e-6
-1.223, 7.595e-6
-1.224, 7.920e-6
-1.225, 7.822e-6
-1.226, 7.911e-6
-1.227, 8.078e-6
-1.228, 7.595e-6
-1.229, 8.276e-6
-1.230, 8.098e-6
-1.231, 8.088e-6
-1.232, 8.157e-6
-1.233, 8.246e-6
-1.234, 8.384e-6
-1.235, 8.394e-6
-1.236, 8.098e-6
-1.237, 8.581e-6
-1.238, 8.197e-6
-1.239, 8.660e-6
-1.240, 8.650e-6
-1.241, 8.345e-6
-1.242, 8.749e-6
-1.243, 8.621e-6
-1.244, 8.907e-6
-1.245, 8.818e-6
-1.246, 8.660e-6
-1.247, 8.789e-6
-1.248, 8.720e-6
-1.249, 8.887e-6
-1.250, 8.848e-6
-1.251, 8.858e-6
-1.252, 9.065e-6
-1.253, 8.897e-6
-1.254, 8.976e-6
-1.255, 9.223e-6
-1.256, 8.927e-6
-1.257, 9.114e-6
-1.258, 9.055e-6
-1.259, 9.223e-6
-1.260, 9.509e-6
-1.261, 9.183e-6
-1.262, 9.331e-6
-1.263, 9.213e-6
-1.264, 9.400e-6
-1.265, 9.440e-6
-1.266, 9.272e-6
-1.267, 9.578e-6
-1.268, 9.677e-6
-1.269, 9.686e-6
-1.270, 9.667e-6
-1.271, 9.677e-6
-1.272, 9.765e-6
-1.273, 9.667e-6
-1.274, 9.834e-6
-1.275, 9.844e-6
-1.276, 9.686e-6
-1.277, 1.013e-5
-1.278, 9.775e-6
-1.279, 9.953e-6
-1.280, 9.943e-6
-1.281, 9.953e-6
-1.282, 1.011e-5
-1.283, 1.011e-5
-1.284, 1.032e-5
-1.285, 1.042e-5
-1.286, 1.019e-5
-1.287, 1.055e-5
-1.288, 1.030e-5
-1.289, 1.052e-5
-1.290, 1.067e-5
-1.291, 1.048e-5
-1.292, 1.061e-5
-1.293, 1.038e-5
-1.294, 1.060e-5
-1.295, 1.074e-5
-1.296, 1.047e-5
-1.297, 1.080e-5
-1.298, 1.068e-5
-1.299, 1.096e-5
-1.300, 1.083e-5
-1.301, 1.080e-5
-1.302, 1.085e-5
-1.303, 1.081e-5
-1.304, 1.094e-5
-1.305, 1.104e-5
-1.306, 1.104e-5
-1.307, 1.126e-5
-1.308, 1.105e-5
-1.309, 1.131e-5
-1.310, 1.133e-5
-1.311, 1.121e-5
-1.312, 1.151e-5
-1.313, 1.128e-5
-1.314, 1.144e-5
-1.315, 1.156e-5
-1.316, 1.133e-5
-1.317, 1.147e-5
-1.318, 1.161e-5
-1.319, 1.175e-5
-1.320, 1.153e-5
-1.321, 1.160e-5
-1.322, 1.186e-5
-1.323, 1.161e-5
-1.324, 1.187e-5
-1.325, 1.197e-5
-1.326, 1.183e-5
-1.327, 1.185e-5
-1.328, 1.195e-5
-1.329, 1.199e-5
-1.330, 1.200e-5
-1.331, 1.192e-5
-1.332, 1.227e-5
-1.333, 1.195e-5
-1.334, 1.206e-5
-1.335, 1.235e-5
-1.336, 1.215e-5
-1.337, 1.245e-5
-1.338, 1.222e-5
-1.339, 1.251e-5
-1.340, 1.256e-5
-1.341, 1.240e-5
-1.342, 1.255e-5
-1.343, 1.237e-5
-1.344, 1.275e-5
-1.345, 1.271e-5
-1.346, 1.263e-5
-1.347, 1.277e-5
-1.348, 1.250e-5
-1.349, 1.302e-5
-1.350, 1.272e-5
-1.351, 1.290e-5
-1.352, 1.287e-5
-1.353, 1.293e-5
-1.354, 1.323e-5
-1.355, 1.327e-5
-1.356, 1.299e-5
-1.357, 1.329e-5
-1.358, 1.317e-5
-1.359, 1.328e-5
-1.360, 1.340e-5
-1.361, 1.332e-5
-1.362, 1.344e-5
-1.363, 1.334e-5
-1.364, 1.354e-5
-1.365, 1.351e-5
-1.366, 1.366e-5
-1.367, 1.376e-5
-1.368, 1.360e-5
-1.369, 1.378e-5
-1.370, 1.393e-5
-1.371, 1.380e-5
-1.372, 1.399e-5
-1.373, 1.374e-5
-1.374, 1.408e-5
-1.375, 1.381e-5
-1.376, 1.381e-5
-1.377, 1.416e-5
-1.378, 1.402e-5
-1.379, 1.406e-5
-1.380, 1.406e-5
-1.381, 1.398e-5
-1.382, 1.425e-5
-1.383, 1.408e-5
-1.384, 1.425e-5
-1.385, 1.451e-5
-1.386, 1.440e-5
-1.387, 1.458e-5
-1.388, 1.452e-5
-1.389, 1.463e-5
-1.390, 1.448e-5
-1.391, 1.450e-5
-1.392, 1.462e-5
-1.393, 1.440e-5
-1.394, 1.487e-5
-1.395, 1.479e-5
-1.396, 1.467e-5
-1.397, 1.490e-5
-1.398, 1.486e-5
-1.399, 1.507e-5
-1.400, 1.517e-5
-1.401, 1.507e-5
-1.402, 1.535e-5
-1.403, 1.495e-5
-1.404, 1.524e-5
-1.405, 1.530e-5
-1.406, 1.510e-5
-1.407, 1.520e-5
-1.408, 1.530e-5
-1.409, 1.563e-5
-1.410, 1.546e-5
-1.411, 1.557e-5
-1.412, 1.571e-5
-1.413, 1.564e-5
-1.414, 1.601e-5
-1.415, 1.596e-5
-1.416, 1.590e-5
-1.417, 1.592e-5
-1.418, 1.548e-5
-1.419, 1.567e-5
-1.420, 1.559e-5
-1.421, 1.575e-5
-1.422, 1.599e-5
-1.423, 1.583e-5
-1.424, 1.604e-5
-1.425, 1.589e-5
-1.426, 1.597e-5
-1.427, 1.628e-5
-1.428, 1.608e-5
-1.429, 1.626e-5
-1.430, 1.625e-5
-1.431, 1.611e-5
-1.432, 1.635e-5
-1.433, 1.599e-5
-1.434, 1.686e-5
-1.435, 1.678e-5
-1.436, 1.636e-5
-1.437, 1.663e-5
-1.438, 1.677e-5
-1.439, 1.699e-5
-1.440, 1.707e-5
-1.441, 1.706e-5
-1.442, 1.723e-5
-1.443, 1.710e-5
-1.444, 1.729e-5
-1.445, 1.721e-5
-1.446, 1.729e-5
-1.447, 1.790e-5
-1.448, 1.812e-5
-1.449, 1.829e-5
-1.450, 1.850e-5
-1.451, 1.780e-5
-1.452, 1.788e-5
-1.453, 1.788e-5
-1.454, 1.816e-5
-1.455, 1.826e-5
-1.456, 1.813e-5
-1.457, 1.826e-5
-1.458, 1.834e-5
-1.459, 1.848e-5
-1.460, 1.845e-5
-1.461, 1.849e-5
-1.462, 1.876e-5
-1.463, 1.897e-5
-1.464, 1.923e-5
-1.465, 1.968e-5
-1.466, 1.924e-5
-1.467, 1.953e-5
-1.468, 1.929e-5
-1.469, 1.975e-5
-1.470, 1.973e-5
-1.471, 1.980e-5
-1.472, 1.981e-5
-1.473, 1.985e-5
-1.474, 2.004e-5
-1.475, 2.000e-5
-1.476, 1.994e-5
-1.477, 2.028e-5
-1.478, 2.006e-5
-1.479, 2.027e-5
-1.480, 2.043e-5
-1.481, 2.034e-5
-1.482, 2.045e-5
-1.483, 2.062e-5
-1.484, 2.057e-5
-1.485, 2.091e-5
-1.486, 2.067e-5
-1.487, 2.046e-5
-1.488, 2.040e-5
-1.489, 2.074e-5
-1.490, 2.065e-5
-1.491, 2.064e-5
-1.492, 2.081e-5
-1.493, 2.077e-5
-1.494, 2.109e-5
-1.495, 2.154e-5
-1.496, 2.149e-5
-1.497, 2.175e-5
-1.498, 2.195e-5
-1.499, 2.199e-5
-1.500, 2.213e-5
-1.501, 2.207e-5
-1.502, 2.222e-5
-1.503, 2.219e-5
-1.504, 2.254e-5
-1.505, 2.260e-5
-1.506, 2.257e-5
-1.507, 2.294e-5
-1.508, 2.274e-5
-1.509, 2.297e-5
-1.510, 2.317e-5
-1.511, 2.338e-5
-1.512, 2.367e-5
-1.513, 2.368e-5
-1.514, 2.326e-5
-1.515, 2.341e-5
-1.516, 2.336e-5
-1.517, 2.353e-5
-1.518, 2.345e-5
-1.519, 2.369e-5
-1.520, 2.377e-5
-1.521, 2.379e-5
-1.522, 2.408e-5
-1.523, 2.412e-5
-1.524, 2.428e-5
-1.525, 2.448e-5
-1.526, 2.459e-5
-1.527, 2.534e-5
-1.528, 2.545e-5
-1.529, 2.560e-5
-1.530, 2.576e-5
-1.531, 2.545e-5
-1.532, 2.564e-5
-1.533, 2.575e-5
-1.534, 2.588e-5
-1.535, 2.615e-5
-1.536, 2.627e-5
-1.537, 2.643e-5
-1.538, 2.650e-5
-1.539, 2.680e-5
-1.540, 2.672e-5
-1.541, 2.696e-5
-1.542, 2.738e-5
-1.543, 2.731e-5
-1.544, 2.796e-5
-1.545, 2.766e-5
-1.546, 2.765e-5
-1.547, 2.793e-5
-1.548, 2.791e-5
-1.549, 2.852e-5
-1.550, 2.865e-5
-1.551, 2.892e-5
-1.552, 2.860e-5
-1.553, 2.890e-5
-1.554, 2.919e-5
-1.555, 2.958e-5
-1.556, 2.965e-5
-1.557, 2.907e-5
-1.558, 2.673e-5
-1.559, 2.728e-5
-1.560, 2.719e-5
-1.561, 2.728e-5
-1.562, 2.826e-5
-1.563, 2.876e-5
-1.564, 2.951e-5
-1.565, 3.010e-5
-1.566, 2.999e-5
-1.567, 3.033e-5
-1.568, 3.044e-5
-1.569, 3.082e-5
-1.570, 3.092e-5
-1.571, 3.121e-5
-1.572, 3.168e-5
-1.573, 3.194e-5
-1.574, 3.245e-5
-1.575, 3.283e-5
-1.576, 3.274e-5
-1.577, 3.352e-5
-1.578, 3.077e-5
-1.579, 3.125e-5
-1.580, 3.159e-5
-1.581, 3.176e-5
-1.582, 3.213e-5
-1.583, 3.220e-5
-1.584, 3.301e-5
-1.585, 3.379e-5
-1.586, 3.418e-5
-1.587, 3.466e-5
-1.588, 3.481e-5
-1.589, 3.529e-5
-1.590, 3.563e-5
-1.591, 3.561e-5
-1.592, 3.531e-5
-1.593, 3.571e-5
-1.594, 3.590e-5
-1.595, 3.626e-5
-1.596, 3.624e-5
-1.597, 3.667e-5
-1.598, 3.674e-5
-1.599, 3.749e-5
-1.600, 3.812e-5
-1.601, 3.795e-5
-1.602, 3.878e-5
-1.603, 3.975e-5
-1.604, 3.979e-5
-1.605, 3.935e-5
-1.606, 4.008e-5
-1.607, 4.151e-5
-1.608, 3.977e-5
-1.609, 3.935e-5
-1.610, 3.971e-5
-1.611, 3.901e-5
-1.612, 4.004e-5
-1.613, 4.139e-5
-1.614, 4.234e-5
-1.615, 4.305e-5
-1.616, 4.273e-5
-1.617, 4.316e-5
-1.618, 4.317e-5
-1.619, 4.396e-5
-1.620, 4.476e-5
-1.621, 4.612e-5
-1.622, 4.713e-5
-1.623, 4.589e-5
-1.624, 4.683e-5
-1.625, 4.597e-5
-1.626, 4.584e-5
-1.627, 4.719e-5
-1.628, 4.840e-5
-1.629, 4.938e-5
-1.630, 4.956e-5
-1.631, 4.998e-5
-1.632, 5.082e-5
-1.633, 5.101e-5
-1.634, 5.238e-5
-1.635, 4.888e-5
-1.636, 4.794e-5
-1.637, 4.880e-5
-1.638, 5.083e-5
-1.639, 5.205e-5
-1.640, 5.359e-5
-1.641, 5.419e-5
-1.642, 5.465e-5
-1.643, 5.575e-5
-1.644, 5.715e-5
-1.645, 5.790e-5
-1.646, 5.861e-5
-1.647, 5.465e-5
-1.648, 5.469e-5
-1.649, 5.529e-5
-1.650, 5.637e-5
-1.651, 5.826e-5
-1.652, 5.933e-5
-1.653, 6.107e-5
-1.654, 6.201e-5
-1.655, 6.285e-5
-1.656, 6.519e-5
-1.657, 6.729e-5
-1.658, 6.863e-5
-1.659, 6.764e-5
-1.660, 6.350e-5
-1.661, 6.434e-5
-1.662, 6.561e-5
-1.663, 6.682e-5
-1.664, 6.885e-5
-1.665, 7.101e-5
-1.666, 7.427e-5
-1.667, 7.301e-5
-1.668, 7.301e-5
-1.669, 7.437e-5
-1.670, 7.767e-5
-1.671, 7.882e-5
-1.672, 7.776e-5
-1.673, 7.646e-5
-1.674, 7.762e-5
-1.675, 7.959e-5
-1.676, 8.173e-5
-1.677, 8.435e-5
-1.678, 7.827e-5
-1.679, 7.925e-5
-1.680, 8.207e-5
-1.681, 8.581e-5
-1.682, 8.436e-5
-1.683, 8.570e-5
-1.684, 8.811e-5
-1.685, 8.975e-5
-1.686, 8.985e-5
-1.687, 9.095e-5
-1.688, 9.305e-5
-1.689, 9.492e-5
-1.690, 9.665e-5
-1.691, 1.010e-4
-1.692, 9.647e-5
-1.693, 9.546e-5
-1.694, 9.884e-5
-1.695, 1.018e-4
-1.696, 1.069e-4
-1.697, 1.058e-4
-1.698, 1.077e-4
-1.699, 1.122e-4
-1.700, 1.161e-4
-1.701, 1.109e-4
-1.702, 1.107e-4
-1.703, 1.128e-4
-1.704, 1.145e-4
-1.705, 1.168e-4
-1.706, 1.196e-4
-1.707, 1.231e-4
-1.708, 1.257e-4
-1.709, 1.279e-4
-1.710, 1.310e-4
-1.711, 1.361e-4
-1.712, 1.421e-4
-1.713, 1.453e-4
-1.714, 1.363e-4
-1.715, 1.386e-4
-1.716, 1.418e-4
-1.717, 1.466e-4
-1.718, 1.529e-4
-1.719, 1.531e-4
-1.720, 1.564e-4
-1.721, 1.647e-4
-1.722, 1.610e-4
-1.723, 1.611e-4
-1.724, 1.641e-4
-1.725, 1.676e-4
-1.726, 1.730e-4
-1.727, 1.765e-4
-1.728, 1.804e-4
-1.729, 1.849e-4
-1.730, 1.948e-4
-1.731, 1.967e-4
-1.732, 1.993e-4
-1.733, 2.062e-4
-1.734, 2.120e-4
-1.735, 2.052e-4
-1.736, 2.096e-4
-1.737, 2.201e-4
-1.738, 2.249e-4
-1.739, 2.320e-4
-1.740, 2.369e-4
-1.741, 2.360e-4
-1.742, 2.345e-4
-1.743, 2.405e-4
-1.744, 2.476e-4
-1.745, 2.537e-4
-1.746, 2.603e-4
-1.747, 2.719e-4
-1.748, 2.757e-4
-1.749, 2.786e-4
-1.750, 2.797e-4
-1.751, 2.879e-4
-1.752, 2.970e-4
-1.753, 3.031e-4
-1.754, 3.132e-4
-1.755, 3.251e-4
-1.756, 3.297e-4
-1.757, 3.375e-4
-1.758, 3.493e-4
-1.759, 3.559e-4
-1.760, 3.559e-4
-1.761, 3.680e-4
-1.762, 3.787e-4
-1.763, 3.929e-4
-1.764, 4.019e-4
-1.765, 4.050e-4
-1.766, 4.086e-4
-1.767, 4.242e-4
-1.768, 4.388e-4
-1.769, 4.482e-4
-1.770, 4.665e-4
-1.771, 4.709e-4
-1.772, 4.749e-4
-1.773, 4.919e-4
-1.774, 5.109e-4
-1.775, 5.230e-4
-1.776, 5.363e-4
-1.777, 5.494e-4
-1.778, 5.581e-4
-1.779, 5.737e-4
-1.780, 5.916e-4
-1.781, 6.139e-4
-1.782, 6.272e-4
-1.783, 6.430e-4
-1.784, 6.610e-4
-1.785, 6.796e-4
-1.786, 6.936e-4
-1.787, 7.113e-4
-1.788, 7.302e-4
-1.789, 7.555e-4
-1.790, 7.778e-4
-1.791, 7.996e-4
-1.792, 8.226e-4
-1.793, 8.436e-4
-1.794, 8.603e-4
-1.795, 8.869e-4
-1.796, 9.153e-4
-1.797, 9.427e-4
-1.798, 9.701e-4
-1.799, 9.930e-4
-1.800, 1.025e-3
-1.801, 1.054e-3
-1.802, 1.090e-3
-1.803, 1.121e-3
-1.804, 1.156e-3
-1.805, 1.177e-3
-1.806, 1.207e-3
-1.807, 1.244e-3
-1.808, 1.284e-3
-1.809, 1.319e-3
-1.810, 1.361e-3
-1.811, 1.382e-3
-1.812, 1.420e-3
-1.813, 1.464e-3
-1.814, 1.511e-3
-1.815, 1.564e-3
-1.816, 1.589e-3
-1.817, 1.630e-3
-1.818, 1.680e-3
-1.819, 1.732e-3
-1.820, 1.782e-3
-1.821, 1.822e-3
-1.822, 1.869e-3
-1.823, 1.926e-3
-1.824, 1.980e-3
-1.825, 2.021e-3
-1.826, 2.078e-3
-1.827, 2.131e-3
-1.828, 2.184e-3
-1.829, 2.230e-3
-1.830, 2.292e-3
-1.831, 2.353e-3
-1.832, 2.414e-3
-1.833, 2.473e-3
-1.834, 2.544e-3
-1.835, 2.599e-3
-1.836, 2.659e-3
-1.837, 2.736e-3
-1.838, 2.788e-3
-1.839, 2.854e-3
-1.840, 2.921e-3
-1.841, 2.977e-3
-1.842, 3.052e-3
-1.843, 3.130e-3
-1.844, 3.185e-3
-1.845, 3.263e-3
-1.846, 3.339e-3
-1.847, 3.404e-3
-1.848, 3.480e-3
-1.849, 3.564e-3
-1.850, 3.628e-3
-1.851, 3.711e-3
-1.852, 3.785e-3
-1.853, 3.854e-3
-1.854, 3.940e-3
-1.855, 4.018e-3
-1.856, 4.085e-3
-1.857, 4.174e-3
-1.858, 4.243e-3
-1.859, 4.324e-3
-1.860, 4.423e-3
-1.861, 4.501e-3
-1.862, 4.596e-3
-1.863, 4.672e-3
-1.864, 4.753e-3
-1.865, 4.852e-3
-1.866, 4.930e-3
-1.867, 5.021e-3
-1.868, 5.099e-3
-1.869, 5.175e-3
-1.870, 5.263e-3
-1.871, 5.344e-3
-1.872, 5.445e-3
-1.873, 5.524e-3
-1.874, 5.611e-3
-1.875, 5.689e-3
-1.876, 5.765e-3
-1.877, 5.856e-3
-1.878, 5.927e-3
-1.879, 6.007e-3
-1.880, 6.083e-3
-1.881, 6.170e-3
-1.882, 6.246e-3
-1.883, 6.348e-3
-1.884, 6.451e-3
-1.885, 6.545e-3
-1.886, 6.635e-3
-1.887, 6.711e-3
-1.888, 6.817e-3
-1.889, 6.910e-3
-1.890, 7.006e-3
-1.891, 7.068e-3
-1.892, 7.167e-3
-1.893, 7.247e-3
-1.894, 7.339e-3
-1.895, 7.436e-3
-1.896, 7.535e-3
-1.897, 7.627e-3
-1.898, 7.718e-3
-1.899, 7.791e-3
-1.900, 7.818e-3
-1.899, 7.777e-3
-1.898, 7.723e-3
-1.897, 7.656e-3
-1.896, 7.602e-3
-1.895, 7.530e-3
-1.894, 7.473e-3
-1.893, 7.452e-3
-1.892, 7.372e-3
-1.891, 7.316e-3
-1.890, 7.237e-3
-1.889, 7.166e-3
-1.888, 7.100e-3
-1.887, 7.076e-3
-1.886, 6.986e-3
-1.885, 6.915e-3
-1.884, 6.827e-3
-1.883, 6.756e-3
-1.882, 6.664e-3
-1.881, 6.613e-3
-1.880, 6.539e-3
-1.879, 6.503e-3
-1.878, 6.442e-3
-1.877, 6.381e-3
-1.876, 6.334e-3
-1.875, 6.274e-3
-1.874, 6.194e-3
-1.873, 6.127e-3
-1.872, 6.063e-3
-1.871, 5.990e-3
-1.870, 5.928e-3
-1.869, 5.859e-3
-1.868, 5.816e-3
-1.867, 5.748e-3
-1.866, 5.701e-3
-1.865, 5.637e-3
-1.864, 5.598e-3
-1.863, 5.532e-3
-1.862, 5.471e-3
-1.861, 5.390e-3
-1.860, 5.322e-3
-1.859, 5.268e-3
-1.858, 5.201e-3
-1.857, 5.147e-3
-1.856, 5.078e-3
-1.855, 5.026e-3
-1.854, 4.958e-3
-1.853, 4.909e-3
-1.852, 4.852e-3
-1.851, 4.800e-3
-1.850, 4.757e-3
-1.849, 4.678e-3
-1.848, 4.625e-3
-1.847, 4.558e-3
-1.846, 4.490e-3
-1.845, 4.436e-3
-1.844, 4.377e-3
-1.843, 4.338e-3
-1.842, 4.271e-3
-1.841, 4.220e-3
-1.840, 4.184e-3
-1.839, 4.129e-3
-1.838, 4.083e-3
-1.837, 4.029e-3
-1.836, 3.972e-3
-1.835, 3.933e-3
-1.834, 3.879e-3
-1.833, 3.827e-3
-1.832, 3.779e-3
-1.831, 3.719e-3
-1.830, 3.676e-3
-1.829, 3.626e-3
-1.828, 3.581e-3
-1.827, 3.544e-3
-1.826, 3.487e-3
-1.825, 3.435e-3
-1.824, 3.390e-3
-1.823, 3.340e-3
-1.822, 3.304e-3
-1.821, 3.253e-3
-1.820, 3.201e-3
-1.819, 3.164e-3
-1.818, 3.108e-3
-1.817, 3.063e-3
-1.816, 3.034e-3
-1.815, 2.986e-3
-1.814, 2.944e-3
-1.813, 2.906e-3
-1.812, 2.856e-3
-1.811, 2.808e-3
-1.810, 2.774e-3
-1.809, 2.733e-3
-1.808, 2.685e-3
-1.807, 2.656e-3
-1.806, 2.616e-3
-1.805, 2.570e-3
-1.804, 2.545e-3
-1.803, 2.511e-3
-1.802, 2.462e-3
-1.801, 2.429e-3
-1.800, 2.402e-3
-1.799, 2.360e-3
-1.798, 2.318e-3
-1.797, 2.291e-3
-1.796, 2.254e-3
-1.795, 2.210e-3
-1.794, 2.183e-3
-1.793, 2.148e-3
-1.792, 2.102e-3
-1.791, 2.073e-3
-1.790, 2.044e-3
-1.789, 2.015e-3
-1.788, 1.976e-3
-1.787, 1.948e-3
-1.786, 1.922e-3
-1.785, 1.890e-3
-1.784, 1.852e-3
-1.783, 1.833e-3
-1.782, 1.807e-3
-1.781, 1.775e-3
-1.780, 1.738e-3
-1.779, 1.718e-3
-1.778, 1.694e-3
-1.777, 1.662e-3
-1.776, 1.625e-3
-1.775, 1.607e-3
-1.774, 1.585e-3
-1.773, 1.557e-3
-1.772, 1.521e-3
-1.771, 1.499e-3
-1.770, 1.479e-3
-1.769, 1.456e-3
-1.768, 1.426e-3
-1.767, 1.400e-3
-1.766, 1.383e-3
-1.765, 1.361e-3
-1.764, 1.336e-3
-1.763, 1.310e-3
-1.762, 1.294e-3
-1.761, 1.275e-3
-1.760, 1.253e-3
-1.759, 1.226e-3
-1.758, 1.207e-3
-1.757, 1.187e-3
-1.756, 1.169e-3
-1.755, 1.152e-3
-1.754, 1.125e-3
-1.753, 1.105e-3
-1.752, 1.088e-3
-1.751, 1.067e-3
-1.750, 1.052e-3
-1.749, 1.029e-3
-1.748, 1.009e-3
-1.747, 9.928e-4
-1.746, 9.775e-4
-1.745, 9.621e-4
-1.744, 9.417e-4
-1.743, 9.195e-4
-1.742, 9.009e-4
-1.741, 8.925e-4
-1.740, 8.812e-4
-1.739, 8.622e-4
-1.738, 8.418e-4
-1.737, 8.286e-4
-1.736, 8.095e-4
-1.735, 8.023e-4
-1.734, 7.907e-4
-1.733, 7.787e-4
-1.732, 7.606e-4
-1.731, 7.423e-4
-1.730, 7.297e-4
-1.729, 7.148e-4
-1.728, 7.064e-4
-1.727, 6.961e-4
-1.726, 6.861e-4
-1.725, 6.694e-4
-1.724, 6.535e-4
-1.723, 6.415e-4
-1.722, 6.284e-4
-1.721, 6.242e-4
-1.720, 6.154e-4
-1.719, 6.051e-4
-1.718, 5.891e-4
-1.717, 5.767e-4
-1.716, 5.665e-4
-1.715, 5.571e-4
-1.714, 5.468e-4
-1.713, 5.387e-4
-1.712, 5.302e-4
-1.711, 5.223e-4
-1.710, 5.075e-4
-1.709, 4.961e-4
-1.708, 4.879e-4
-1.707, 4.788e-4
-1.706, 4.702e-4
-1.705, 4.651e-4
-1.704, 4.595e-4
-1.703, 4.521e-4
-1.702, 4.422e-4
-1.701, 4.296e-4
-1.700, 4.220e-4
-1.699, 4.147e-4
-1.698, 4.077e-4
-1.697, 3.988e-4
-1.696, 3.937e-4
-1.695, 3.898e-4
-1.694, 3.849e-4
-1.693, 3.777e-4
-1.692, 3.653e-4
-1.691, 3.569e-4
-1.690, 3.496e-4
-1.689, 3.421e-4
-1.688, 3.372e-4
-1.687, 3.330e-4
-1.686, 3.281e-4
-1.685, 3.232e-4
-1.684, 3.189e-4
-1.683, 3.134e-4
-1.682, 3.047e-4
-1.681, 2.977e-4
-1.680, 2.922e-4
-1.679, 2.867e-4
-1.678, 2.819e-4
-1.677, 2.769e-4
-1.676, 2.741e-4
-1.675, 2.695e-4
-1.674, 2.642e-4
-1.673, 2.597e-4
-1.672, 2.557e-4
-1.671, 2.503e-4
-1.670, 2.438e-4
-1.669, 2.394e-4
-1.668, 2.352e-4
-1.667, 2.308e-4
-1.666, 2.273e-4
-1.665, 2.238e-4
-1.664, 2.203e-4
-1.663, 2.170e-4
-1.662, 2.124e-4
-1.661, 2.091e-4
-1.660, 2.046e-4
-1.659, 1.997e-4
-1.658, 1.932e-4
-1.657, 1.911e-4
-1.656, 1.890e-4
-1.655, 1.850e-4
-1.654, 1.824e-4
-1.653, 1.793e-4
-1.652, 1.764e-4
-1.651, 1.728e-4
-1.650, 1.698e-4
-1.649, 1.672e-4
-1.648, 1.643e-4
-1.647, 1.614e-4
-1.646, 1.581e-4
-1.645, 1.551e-4
-1.644, 1.522e-4
-1.643, 1.494e-4
-1.642, 1.469e-4
-1.641, 1.447e-4
-1.640, 1.420e-4
-1.639, 1.394e-4
-1.638, 1.372e-4
-1.637, 1.328e-4
-1.636, 1.303e-4
-1.635, 1.279e-4
-1.634, 1.253e-4
-1.633, 1.229e-4
-1.632, 1.207e-4
-1.631, 1.184e-4
-1.630, 1.164e-4
-1.629, 1.143e-4
-1.628, 1.127e-4
-1.627, 1.113e-4
-1.626, 1.099e-4
-1.625, 1.083e-4
-1.624, 1.063e-4
-1.623, 1.046e-4
-1.622, 1.021e-4
-1.621, 1.007e-4
-1.620, 9.902e-5
-1.619, 9.690e-5
-1.618, 9.543e-5
-1.617, 9.344e-5
-1.616, 9.200e-5
-1.615, 9.034e-5
-1.614, 8.854e-5
-1.613, 8.740e-5
-1.612, 8.485e-5
-1.611, 8.308e-5
-1.610, 8.170e-5
-1.609, 7.990e-5
-1.608, 7.845e-5
-1.607, 7.700e-5
-1.606, 7.617e-5
-1.605, 7.517e-5
-1.604, 7.349e-5
-1.603, 7.266e-5
-1.602, 7.138e-5
-1.601, 7.029e-5
-1.600, 6.902e-5
-1.599, 6.742e-5
-1.598, 6.657e-5
-1.597, 6.499e-5
-1.596, 6.336e-5
-1.595, 6.236e-5
-1.594, 6.111e-5
-1.593, 5.999e-5
-1.592, 5.880e-5
-1.591, 5.782e-5
-1.590, 5.672e-5
-1.589, 5.576e-5
-1.588, 5.449e-5
-1.587, 5.287e-5
-1.586, 5.227e-5
-1.585, 5.164e-5
-1.584, 5.050e-5
-1.583, 4.999e-5
-1.582, 4.880e-5
-1.581, 4.813e-5
-1.580, 4.745e-5
-1.579, 4.647e-5
-1.578, 4.607e-5
-1.577, 4.489e-5
-1.576, 4.432e-5
-1.575, 4.363e-5
-1.574, 4.259e-5
-1.573, 4.185e-5
-1.572, 4.101e-5
-1.571, 4.025e-5
-1.570, 3.980e-5
-1.569, 3.878e-5
-1.568, 3.827e-5
-1.567, 3.754e-5
-1.566, 3.679e-5
-1.565, 3.645e-5
-1.564, 3.497e-5
-1.563, 3.402e-5
-1.562, 3.354e-5
-1.561, 3.290e-5
-1.560, 3.231e-5
-1.559, 3.152e-5
-1.558, 3.113e-5
-1.557, 3.087e-5
-1.556, 3.023e-5
-1.555, 2.936e-5
-1.554, 2.855e-5
-1.553, 2.850e-5
-1.552, 2.767e-5
-1.551, 2.745e-5
-1.550, 2.693e-5
-1.549, 2.647e-5
-1.548, 2.599e-5
-1.547, 2.539e-5
-1.546, 2.506e-5
-1.545, 2.460e-5
-1.544, 2.392e-5
-1.543, 2.360e-5
-1.542, 2.298e-5
-1.541, 2.274e-5
-1.540, 2.238e-5
-1.539, 2.191e-5
-1.538, 2.137e-5
-1.537, 2.071e-5
-1.536, 2.049e-5
-1.535, 2.016e-5
-1.534, 1.941e-5
-1.533, 1.955e-5
-1.532, 1.873e-5
-1.531, 1.864e-5
-1.530, 1.816e-5
-1.529, 1.785e-5
-1.528, 1.746e-5
-1.527, 1.724e-5
-1.526, 1.710e-5
-1.525, 1.705e-5
-1.524, 1.629e-5
-1.523, 1.611e-5
-1.522, 1.552e-5
-1.521, 1.523e-5
-1.520, 1.500e-5
-1.519, 1.453e-5
-1.518, 1.451e-5
-1.517, 1.388e-5
-1.516, 1.367e-5
-1.515, 1.358e-5
-1.514, 1.311e-5
-1.513, 1.301e-5
-1.512, 1.295e-5
-1.511, 1.217e-5
-1.510, 1.210e-5
-1.509, 1.167e-5
-1.508, 1.165e-5
-1.507, 1.126e-5
-1.506, 1.104e-5
-1.505, 1.068e-5
-1.504, 1.040e-5
-1.503, 1.034e-5
-1.502, 1.001e-5
-1.501, 9.815e-6
-1.500, 9.953e-6
-1.499, 9.430e-6
-1.498, 9.459e-6
-1.497, 8.858e-6
-1.496, 8.986e-6
-1.495, 8.759e-6
-1.494, 8.404e-6
-1.493, 8.562e-6
-1.492, 8.088e-6
-1.491, 7.664e-6
-1.490, 7.802e-6
-1.489, 7.536e-6
-1.488, 7.476e-6
-1.487, 7.013e-6
-1.486, 7.121e-6
-1.485, 6.825e-6
-1.484, 6.450e-6
-1.483, 6.510e-6
-1.482, 6.006e-6
-1.481, 5.977e-6
-1.480, 5.888e-6
-1.479, 5.612e-6
-1.478, 5.631e-6
-1.477, 5.385e-6
-1.476, 5.316e-6
-1.475, 5.257e-6
-1.474, 4.911e-6
-1.473, 5.217e-6
-1.472, 4.773e-6
-1.471, 4.763e-6
-1.470, 4.576e-6
-1.469, 4.507e-6
-1.468, 4.408e-6
-1.467, 4.132e-6
-1.466, 4.083e-6
-1.465, 4.013e-6
-1.464, 3.540e-6
-1.463, 3.836e-6
-1.462, 3.382e-6
-1.461, 3.570e-6
-1.460, 3.412e-6
-1.459, 2.918e-6
-1.458, 3.017e-6
-1.457, 2.830e-6
-1.456, 2.928e-6
-1.455, 2.928e-6
-1.454, 2.386e-6
-1.453, 2.534e-6
-1.452, 2.336e-6
-1.451, 2.178e-6
-1.450, 2.099e-6
-1.449, 2.080e-6
-1.448, 2.287e-6
-1.447, 1.981e-6
-1.446, 1.892e-6
-1.445, 1.646e-6
-1.444, 1.488e-6
-1.443, 1.577e-6
-1.442, 1.606e-6
-1.441, 1.429e-6
-1.440, 1.448e-6
-1.439, 1.310e-6
-1.438, 1.212e-6
-1.437, 9.353e-7
-1.436, 1.004e-6
-1.435, 9.550e-7
-1.434, 6.689e-7
-1.433, 4.815e-7
-1.432, 5.407e-7
-1.431, 4.025e-7
-1.430, 3.828e-7
-1.429, 4.716e-7
-1.428, 5.012e-7
-1.427, 1.164e-7
-1.426, 2.940e-7
-1.425, 2.052e-7
-1.424, -2.171e-8
-1.423, -5.130e-8
-1.422, -1.697e-7
-1.421, -2.684e-7
-1.420, -3.769e-7
-1.419, -4.163e-7
-1.418, -4.361e-7
-1.417, -5.643e-7
-1.416, -3.769e-7
-1.415, -4.558e-7
-1.414, -8.011e-7
-1.413, -6.926e-7
-1.412, -8.307e-7
-1.411, -7.518e-7
-1.410, -8.899e-7
-1.409, -1.048e-6
-1.408, -9.195e-7
-1.407, -1.038e-6
-1.406, -1.067e-6
-1.405, -1.018e-6
-1.404, -1.235e-6
-1.403, -1.206e-6
-1.402, -1.373e-6
-1.401, -1.502e-6
-1.400, -1.413e-6
-1.399, -1.442e-6
-1.398, -1.482e-6
-1.397, -1.600e-6
-1.396, -1.541e-6
-1.395, -1.630e-6
-1.394, -1.788e-6
-1.393, -1.442e-6
-1.392, -1.590e-6
-1.391, -1.630e-6
-1.390, -1.738e-6
-1.389, -1.729e-6
-1.388, -1.817e-6
-1.387, -1.926e-6
-1.386, -1.709e-6
-1.385, -1.857e-6
-1.384, -1.906e-6
-1.383, -2.084e-6
-1.382, -2.113e-6
-1.381, -2.301e-6
-1.380, -2.212e-6
-1.379, -2.350e-6
-1.378, -2.143e-6
-1.377, -2.409e-6
-1.376, -2.251e-6
-1.375, -2.074e-6
-1.374, -2.626e-6
-1.373, -2.419e-6
-1.372, -2.399e-6
-1.371, -2.380e-6
-1.370, -2.459e-6
-1.369, -2.646e-6
-1.368, -2.478e-6
-1.367, -2.666e-6
-1.366, -2.616e-6
-1.365, -2.488e-6
-1.364, -2.814e-6
-1.363, -2.686e-6
-1.362, -2.735e-6
-1.361, -2.774e-6
-1.360, -2.764e-6
-1.359, -2.784e-6
-1.358, -2.784e-6
-1.357, -2.981e-6
-1.356, -2.903e-6
-1.355, -2.952e-6
-1.354, -3.189e-6
-1.353, -2.893e-6
-1.352, -3.041e-6
-1.351, -2.893e-6
-1.350, -3.070e-6
-1.349, -3.189e-6
-1.348, -3.011e-6
-1.347, -3.258e-6
-1.346, -3.208e-6
-1.345, -3.159e-6
-1.344, -3.356e-6
-1.343, -3.139e-6
-1.342, -3.307e-6
-1.341, -3.258e-6
-1.340, -3.228e-6
-1.339, -3.386e-6
-1.338, -3.228e-6
-1.337, -3.406e-6
-1.336, -3.445e-6
-1.335, -3.376e-6
-1.334, -3.692e-6
-1.333, -3.297e-6
-1.332, -3.564e-6
-1.331, -3.741e-6
-1.330, -3.425e-6
-1.329, -3.860e-6
-1.328, -3.514e-6
-1.327, -3.682e-6
-1.326, -3.781e-6
-1.325, -3.564e-6
-1.324, -3.860e-6
-1.323, -3.633e-6
-1.322, -3.623e-6
-1.321, -3.682e-6
-1.320, -3.731e-6
-1.319, -3.919e-6
-1.318, -3.682e-6
-1.317, -3.998e-6
-1.316, -3.761e-6
-1.315, -4.077e-6
-1.314, -4.057e-6
-1.313, -3.702e-6
-1.312, -3.909e-6
-1.311, -4.077e-6
-1.310, -3.938e-6
-1.309, -4.096e-6
-1.308, -3.712e-6
-1.307, -3.988e-6
-1.306, -4.017e-6
-1.305, -3.958e-6
-1.304, -4.165e-6
-1.303, -3.988e-6
-1.302, -4.047e-6
-1.301, -4.136e-6
-1.300, -4.027e-6
-1.299, -4.225e-6
-1.298, -4.264e-6
-1.297, -4.323e-6
-1.296, -4.363e-6
-1.295, -4.017e-6
-1.294, -4.382e-6
-1.293, -4.136e-6
-1.292, -4.244e-6
-1.291, -4.323e-6
-1.290, -4.343e-6
-1.289, -4.304e-6
-1.288, -4.175e-6
-1.287, -4.392e-6
-1.286, -4.422e-6
-1.285, -4.333e-6
-1.284, -4.461e-6
-1.283, -4.373e-6
-1.282, -4.491e-6
-1.281, -4.452e-6
-1.280, -4.313e-6
-1.279, -4.540e-6
-1.278, -4.284e-6
-1.277, -4.452e-6
-1.276, -4.402e-6
-1.275, -4.392e-6
-1.274, -4.688e-6
-1.273, -4.343e-6
-1.272, -4.580e-6
-1.271, -4.422e-6
-1.270, -4.461e-6
-1.269, -4.639e-6
-1.268, -4.629e-6
-1.267, -4.688e-6
-1.266, -4.600e-6
-1.265, -4.600e-6
-1.264, -4.728e-6
-1.263, -4.669e-6
-1.262, -4.580e-6
-1.261, -4.767e-6
-1.260, -4.501e-6
-1.259, -4.856e-6
-1.258, -4.471e-6
-1.257, -4.876e-6
-1.256, -4.728e-6
-1.255, -4.590e-6
-1.254, -4.895e-6
-1.253, -4.678e-6
-1.252, -4.846e-6
-1.251, -5.014e-6
-1.250, -4.955e-6
-1.249, -4.965e-6
-1.248, -5.024e-6
-1.247, -4.876e-6
-1.246, -4.836e-6
-1.245, -4.886e-6
-1.244, -4.984e-6
-1.243, -4.757e-6
-1.242, -5.024e-6
-1.241, -5.024e-6
-1.240, -4.994e-6
-1.239, -5.280e-6
-1.238, -5.053e-6
-1.237, -5.231e-6
-1.236, -5.132e-6
-1.235, -5.122e-6
-1.234, -5.142e-6
-1.233, -5.261e-6
-1.232, -5.201e-6
-1.231, -5.241e-6
-1.230, -5.034e-6
-1.229, -5.300e-6
-1.228, -5.389e-6
-1.227, -5.201e-6
-1.226, -5.280e-6
-1.225, -5.103e-6
-1.224, -5.389e-6
-1.223, -5.261e-6
-1.222, -5.409e-6
-1.221, -5.261e-6
-1.220, -5.270e-6
-1.219, -5.616e-6
-1.218, -5.409e-6
-1.217, -5.300e-6
-1.216, -5.596e-6
-1.215, -5.557e-6
-1.214, -5.695e-6
-1.213, -5.586e-6
-1.212, -5.645e-6
-1.211, -5.438e-6
-1.210, -5.478e-6
-1.209, -5.734e-6
-1.208, -5.596e-6
-1.207, -5.399e-6
-1.206, -5.675e-6
-1.205, -5.527e-6
-1.204, -5.507e-6
-1.203, -5.635e-6
-1.202, -5.695e-6
-1.201, -5.655e-6
-1.200, -5.596e-6
-1.199, -5.862e-6
-1.198, -5.695e-6
-1.197, -5.892e-6
-1.196, -5.547e-6
-1.195, -5.803e-6
-1.194, -5.862e-6
-1.193, -5.872e-6
-1.192, -5.734e-6
-1.191, -5.862e-6
-1.190, -6.089e-6
-1.189, -6.109e-6
-1.188, -5.793e-6
-1.187, -6.109e-6
-1.186, -5.902e-6
-1.185, -6.010e-6
-1.184, -6.040e-6
-1.183, -5.882e-6
-1.182, -6.247e-6
-1.181, -6.198e-6
-1.180, -6.129e-6
-1.179, -6.257e-6
-1.178, -6.109e-6
-1.177, -6.257e-6
-1.176, -6.109e-6
-1.175, -6.099e-6
-1.174, -6.454e-6
-1.173, -5.961e-6
-1.172, -6.129e-6
-1.171, -6.237e-6
-1.170, -6.168e-6
-1.169, -6.415e-6
-1.168, -6.089e-6
-1.167, -6.514e-6
-1.166, -6.356e-6
-1.165, -6.287e-6
-1.164, -6.622e-6
-1.163, -6.533e-6
-1.162, -6.454e-6
-1.161, -6.454e-6
-1.160, -6.326e-6
-1.159, -6.356e-6
-1.158, -6.415e-6
-1.157, -6.642e-6
-1.156, -6.780e-6
-1.155, -6.671e-6
-1.154, -6.750e-6
-1.153, -6.464e-6
-1.152, -6.780e-6
-1.151, -6.869e-6
-1.150, -6.711e-6
-1.149, -7.066e-6
-1.148, -6.671e-6
-1.147, -6.800e-6
-1.146, -6.888e-6
-1.145, -6.790e-6
-1.144, -6.780e-6
-1.143, -6.957e-6
-1.142, -6.819e-6
-1.141, -6.898e-6
-1.140, -6.839e-6
-1.139, -7.046e-6
-1.138, -7.017e-6
-1.137, -6.987e-6
-1.136, -7.056e-6
-1.135, -6.849e-6
-1.134, -7.165e-6
-1.133, -7.125e-6
-1.132, -7.283e-6
-1.131, -7.115e-6
-1.130, -7.125e-6
-1.129, -7.283e-6
-1.128, -7.234e-6
-1.127, -7.401e-6
-1.126, -7.204e-6
-1.125, -7.323e-6
-1.124, -7.589e-6
-1.123, -7.352e-6
-1.122, -7.362e-6
-1.121, -7.441e-6
-1.120, -7.372e-6
-1.119, -7.697e-6
-1.118, -7.510e-6
-1.117, -7.599e-6
-1.116, -7.638e-6
-1.115, -7.490e-6
-1.114, -7.806e-6
-1.113, -7.796e-6
-1.112, -7.776e-6
-1.111, -7.934e-6
-1.110, -7.678e-6
-1.109, -7.855e-6
-1.108, -7.816e-6
-1.107, -7.924e-6
-1.106, -7.836e-6
-1.105, -7.865e-6
-1.104, -8.181e-6
-1.103, -7.914e-6
-1.102, -8.013e-6
-1.101, -8.378e-6
-1.100, -8.122e-6
-1.099, -8.349e-6
-1.098, -8.171e-6
-1.097, -8.378e-6
-1.096, -8.398e-6
-1.095, -8.122e-6
-1.094, -8.487e-6
-1.093, -8.378e-6
-1.092, -8.427e-6
-1.091, -8.408e-6
-1.090, -8.329e-6
-1.089, -8.635e-6
-1.088, -8.585e-6
-1.087, -8.684e-6
-1.086, -8.625e-6
-1.085, -8.605e-6
-1.084, -8.921e-6
-1.083, -8.911e-6
-1.082, -8.852e-6
-1.081, -8.941e-6
-1.080, -8.881e-6
-1.079, -9.079e-6
-1.078, -8.911e-6
-1.077, -9.059e-6
-1.076, -9.010e-6
-1.075, -9.128e-6
-1.074, -9.335e-6
-1.073, -9.384e-6
-1.072, -9.246e-6
-1.071, -9.286e-6
-1.070, -9.404e-6
-1.069, -9.513e-6
-1.068, -9.503e-6
-1.067, -9.582e-6
-1.066, -9.582e-6
-1.065, -9.552e-6
-1.064, -9.878e-6
-1.063, -9.779e-6
-1.062, -1.008e-5
-1.061, -1.016e-5
-1.060, -9.996e-6
-1.059, -1.022e-5
-1.058, -1.005e-5
-1.057, -1.012e-5
-1.056, -1.028e-5
-1.055, -1.009e-5
-1.054, -1.041e-5
-1.053, -1.023e-5
-1.052, -1.038e-5
-1.051, -1.064e-5
-1.050, -1.050e-5
-1.049, -1.088e-5
-1.048, -1.067e-5
-1.047, -1.086e-5
-1.046, -1.082e-5
-1.045, -1.082e-5
-1.044, -1.083e-5
-1.043, -1.093e-5
-1.042, -1.100e-5
-1.041, -1.110e-5
-1.040, -1.116e-5
-1.039, -1.150e-5
-1.038, -1.112e-5
-1.037, -1.150e-5
-1.036, -1.138e-5
-1.035, -1.142e-5
-1.034, -1.176e-5
-1.033, -1.154e-5
-1.032, -1.160e-5
-1.031, -1.186e-5
-1.030, -1.164e-5
-1.029, -1.194e-5
-1.028, -1.185e-5
-1.027, -1.187e-5
-1.026, -1.191e-5
-1.025, -1.203e-5
-1.024, -1.229e-5
-1.023, -1.220e-5
-1.022, -1.233e-5
-1.021, -1.237e-5
-1.020, -1.241e-5
-1.019, -1.267e-5
-1.018, -1.244e-5
-1.017, -1.261e-5
-1.016, -1.270e-5
-1.015, -1.260e-5
-1.014, -1.284e-5
-1.013, -1.281e-5
-1.012, -1.289e-5
-1.011, -1.303e-5
-1.010, -1.287e-5
-1.009, -1.314e-5
-1.008, -1.292e-5
-1.007, -1.292e-5
-1.006, -1.318e-5
-1.005, -1.296e-5
-1.004, -1.335e-5
-1.003, -1.325e-5
-1.002, -1.335e-5
-1.001, -1.333e-5
