July 1, 2026   03:28:12
Linear Sweep Voltammetry
File: c:/users/guazh/data/20260623_doe_duplica2/2026-06-24-exp55\regeneratedgce-2026-07-01t03_25_13-lsvinkoh\regeneratedgce_lsv_50mvs_efin_-1700mv.bin
Data Source:  Experiment
Instrument Model:  CHI760E
Header: LSV ran at 50 mVs with Efin at -1700mV
Note: 

Init E (V) = -0.6
Final E (V) = -1.7
Scan Rate (V/s) = 0.05
Sample Interval (V) = 0.001
Quiet Time (sec) = 2
Sensitivity (A/V) = 1e-4
Comp R (ohm) = 1.8

Results:

Channel 1:
Ep = -1.520V
ip = 5.303e-5A
Ah = 6.202e-5C

Potential/V, Current/A

-0.600, 1.541e-6
-0.601, 1.710e-6
-0.602, 1.753e-6
-0.603, 1.771e-6
-0.604, 1.785e-6
-0.605, 1.795e-6
-0.606, 1.805e-6
-0.607, 1.813e-6
-0.608, 1.821e-6
-0.609, 1.829e-6
-0.610, 1.834e-6
-0.611, 1.843e-6
-0.612, 1.847e-6
-0.613, 1.852e-6
-0.614, 1.861e-6
-0.615, 1.868e-6
-0.616, 1.872e-6
-0.617, 1.878e-6
-0.618, 1.882e-6
-0.619, 1.887e-6
-0.620, 1.894e-6
-0.621, 1.897e-6
-0.622, 1.903e-6
-0.623, 1.908e-6
-0.624, 1.914e-6
-0.625, 1.919e-6
-0.626, 1.922e-6
-0.627, 1.930e-6
-0.628, 1.934e-6
-0.629, 1.938e-6
-0.630, 1.945e-6
-0.631, 1.948e-6
-0.632, 1.954e-6
-0.633, 1.960e-6
-0.634, 1.964e-6
-0.635, 1.967e-6
-0.636, 1.974e-6
-0.637, 1.979e-6
-0.638, 1.984e-6
-0.639, 1.988e-6
-0.640, 1.994e-6
-0.641, 1.999e-6
-0.642, 2.002e-6
-0.643, 2.007e-6
-0.644, 2.013e-6
-0.645, 2.016e-6
-0.646, 2.021e-6
-0.647, 2.026e-6
-0.648, 2.028e-6
-0.649, 2.034e-6
-0.650, 2.037e-6
-0.651, 2.042e-6
-0.652, 2.047e-6
-0.653, 2.050e-6
-0.654, 2.056e-6
-0.655, 2.059e-6
-0.656, 2.063e-6
-0.657, 2.070e-6
-0.658, 2.072e-6
-0.659, 2.078e-6
-0.660, 2.081e-6
-0.661, 2.085e-6
-0.662, 2.090e-6
-0.663, 2.092e-6
-0.664, 2.098e-6
-0.665, 2.102e-6
-0.666, 2.110e-6
-0.667, 2.116e-6
-0.668, 2.119e-6
-0.669, 2.123e-6
-0.670, 2.129e-6
-0.671, 2.130e-6
-0.672, 2.132e-6
-0.673, 2.138e-6
-0.674, 2.142e-6
-0.675, 2.147e-6
-0.676, 2.150e-6
-0.677, 2.155e-6
-0.678, 2.160e-6
-0.679, 2.165e-6
-0.680, 2.168e-6
-0.681, 2.173e-6
-0.682, 2.177e-6
-0.683, 2.182e-6
-0.684, 2.187e-6
-0.685, 2.191e-6
-0.686, 2.196e-6
-0.687, 2.201e-6
-0.688, 2.204e-6
-0.689, 2.210e-6
-0.690, 2.214e-6
-0.691, 2.219e-6
-0.692, 2.225e-6
-0.693, 2.228e-6
-0.694, 2.235e-6
-0.695, 2.240e-6
-0.696, 2.243e-6
-0.697, 2.250e-6
-0.698, 2.254e-6
-0.699, 2.260e-6
-0.700, 2.266e-6
-0.701, 2.269e-6
-0.702, 2.276e-6
-0.703, 2.281e-6
-0.704, 2.286e-6
-0.705, 2.292e-6
-0.706, 2.296e-6
-0.707, 2.303e-6
-0.708, 2.307e-6
-0.709, 2.311e-6
-0.710, 2.319e-6
-0.711, 2.323e-6
-0.712, 2.329e-6
-0.713, 2.333e-6
-0.714, 2.337e-6
-0.715, 2.343e-6
-0.716, 2.349e-6
-0.717, 2.354e-6
-0.718, 2.361e-6
-0.719, 2.364e-6
-0.720, 2.369e-6
-0.721, 2.375e-6
-0.722, 2.379e-6
-0.723, 2.385e-6
-0.724, 2.391e-6
-0.725, 2.393e-6
-0.726, 2.401e-6
-0.727, 2.406e-6
-0.728, 2.410e-6
-0.729, 2.416e-6
-0.730, 2.420e-6
-0.731, 2.424e-6
-0.732, 2.430e-6
-0.733, 2.432e-6
-0.734, 2.437e-6
-0.735, 2.442e-6
-0.736, 2.445e-6
-0.737, 2.449e-6
-0.738, 2.453e-6
-0.739, 2.457e-6
-0.740, 2.459e-6
-0.741, 2.463e-6
-0.742, 2.468e-6
-0.743, 2.470e-6
-0.744, 2.473e-6
-0.745, 2.477e-6
-0.746, 2.478e-6
-0.747, 2.484e-6
-0.748, 2.486e-6
-0.749, 2.488e-6
-0.750, 2.493e-6
-0.751, 2.494e-6
-0.752, 2.498e-6
-0.753, 2.500e-6
-0.754, 2.501e-6
-0.755, 2.504e-6
-0.756, 2.506e-6
-0.757, 2.508e-6
-0.758, 2.510e-6
-0.759, 2.511e-6
-0.760, 2.514e-6
-0.761, 2.517e-6
-0.762, 2.516e-6
-0.763, 2.517e-6
-0.764, 2.520e-6
-0.765, 2.520e-6
-0.766, 2.522e-6
-0.767, 2.522e-6
-0.768, 2.526e-6
-0.769, 2.527e-6
-0.770, 2.526e-6
-0.771, 2.527e-6
-0.772, 2.529e-6
-0.773, 2.528e-6
-0.774, 2.530e-6
-0.775, 2.532e-6
-0.776, 2.532e-6
-0.777, 2.535e-6
-0.778, 2.533e-6
-0.779, 2.536e-6
-0.780, 2.539e-6
-0.781, 2.538e-6
-0.782, 2.541e-6
-0.783, 2.538e-6
-0.784, 2.539e-6
-0.785, 2.542e-6
-0.786, 2.541e-6
-0.787, 2.545e-6
-0.788, 2.549e-6
-0.789, 2.551e-6
-0.790, 2.555e-6
-0.791, 2.555e-6
-0.792, 2.558e-6
-0.793, 2.561e-6
-0.794, 2.563e-6
-0.795, 2.565e-6
-0.796, 2.566e-6
-0.797, 2.568e-6
-0.798, 2.571e-6
-0.799, 2.574e-6
-0.800, 2.576e-6
-0.801, 2.579e-6
-0.802, 2.579e-6
-0.803, 2.584e-6
-0.804, 2.587e-6
-0.805, 2.589e-6
-0.806, 2.594e-6
-0.807, 2.596e-6
-0.808, 2.598e-6
-0.809, 2.601e-6
-0.810, 2.604e-6
-0.811, 2.607e-6
-0.812, 2.609e-6
-0.813, 2.611e-6
-0.814, 2.615e-6
-0.815, 2.618e-6
-0.816, 2.620e-6
-0.817, 2.624e-6
-0.818, 2.627e-6
-0.819, 2.635e-6
-0.820, 2.642e-6
-0.821, 2.639e-6
-0.822, 2.645e-6
-0.823, 2.646e-6
-0.824, 2.652e-6
-0.825, 2.656e-6
-0.826, 2.657e-6
-0.827, 2.661e-6
-0.828, 2.664e-6
-0.829, 2.667e-6
-0.830, 2.672e-6
-0.831, 2.674e-6
-0.832, 2.680e-6
-0.833, 2.684e-6
-0.834, 2.686e-6
-0.835, 2.691e-6
-0.836, 2.695e-6
-0.837, 2.699e-6
-0.838, 2.704e-6
-0.839, 2.707e-6
-0.840, 2.712e-6
-0.841, 2.717e-6
-0.842, 2.720e-6
-0.843, 2.724e-6
-0.844, 2.729e-6
-0.845, 2.736e-6
-0.846, 2.742e-6
-0.847, 2.747e-6
-0.848, 2.753e-6
-0.849, 2.760e-6
-0.850, 2.763e-6
-0.851, 2.770e-6
-0.852, 2.778e-6
-0.853, 2.784e-6
-0.854, 2.791e-6
-0.855, 2.796e-6
-0.856, 2.803e-6
-0.857, 2.811e-6
-0.858, 2.818e-6
-0.859, 2.826e-6
-0.860, 2.834e-6
-0.861, 2.839e-6
-0.862, 2.850e-6
-0.863, 2.855e-6
-0.864, 2.863e-6
-0.865, 2.874e-6
-0.866, 2.877e-6
-0.867, 2.886e-6
-0.868, 2.895e-6
-0.869, 2.901e-6
-0.870, 2.913e-6
-0.871, 2.921e-6
-0.872, 2.928e-6
-0.873, 2.935e-6
-0.874, 2.941e-6
-0.875, 2.950e-6
-0.876, 2.956e-6
-0.877, 2.962e-6
-0.878, 2.969e-6
-0.879, 2.974e-6
-0.880, 2.982e-6
-0.881, 2.989e-6
-0.882, 2.996e-6
-0.883, 3.005e-6
-0.884, 3.011e-6
-0.885, 3.020e-6
-0.886, 3.027e-6
-0.887, 3.034e-6
-0.888, 3.041e-6
-0.889, 3.049e-6
-0.890, 3.056e-6
-0.891, 3.066e-6
-0.892, 3.077e-6
-0.893, 3.084e-6
-0.894, 3.091e-6
-0.895, 3.098e-6
-0.896, 3.109e-6
-0.897, 3.121e-6
-0.898, 3.127e-6
-0.899, 3.141e-6
-0.900, 3.151e-6
-0.901, 3.158e-6
-0.902, 3.172e-6
-0.903, 3.182e-6
-0.904, 3.194e-6
-0.905, 3.209e-6
-0.906, 3.218e-6
-0.907, 3.231e-6
-0.908, 3.243e-6
-0.909, 3.255e-6
-0.910, 3.268e-6
-0.911, 3.277e-6
-0.912, 3.292e-6
-0.913, 3.306e-6
-0.914, 3.317e-6
-0.915, 3.333e-6
-0.916, 3.347e-6
-0.917, 3.359e-6
-0.918, 3.373e-6
-0.919, 3.386e-6
-0.920, 3.401e-6
-0.921, 3.416e-6
-0.922, 3.429e-6
-0.923, 3.444e-6
-0.924, 3.458e-6
-0.925, 3.471e-6
-0.926, 3.486e-6
-0.927, 3.500e-6
-0.928, 3.514e-6
-0.929, 3.531e-6
-0.930, 3.544e-6
-0.931, 3.561e-6
-0.932, 3.577e-6
-0.933, 3.592e-6
-0.934, 3.609e-6
-0.935, 3.626e-6
-0.936, 3.641e-6
-0.937, 3.660e-6
-0.938, 3.675e-6
-0.939, 3.693e-6
-0.940, 3.710e-6
-0.941, 3.725e-6
-0.942, 3.743e-6
-0.943, 3.758e-6
-0.944, 3.776e-6
-0.945, 3.794e-6
-0.946, 3.809e-6
-0.947, 3.829e-6
-0.948, 3.847e-6
-0.949, 3.864e-6
-0.950, 3.882e-6
-0.951, 3.899e-6
-0.952, 3.915e-6
-0.953, 3.932e-6
-0.954, 3.948e-6
-0.955, 3.966e-6
-0.956, 3.984e-6
-0.957, 4.002e-6
-0.958, 4.022e-6
-0.959, 4.037e-6
-0.960, 4.053e-6
-0.961, 4.072e-6
-0.962, 4.087e-6
-0.963, 4.106e-6
-0.964, 4.124e-6
-0.965, 4.141e-6
-0.966, 4.159e-6
-0.967, 4.176e-6
-0.968, 4.193e-6
-0.969, 4.209e-6
-0.970, 4.224e-6
-0.971, 4.242e-6
-0.972, 4.260e-6
-0.973, 4.280e-6
-0.974, 4.297e-6
-0.975, 4.314e-6
-0.976, 4.330e-6
-0.977, 4.347e-6
-0.978, 4.365e-6
-0.979, 4.382e-6
-0.980, 4.400e-6
-0.981, 4.416e-6
-0.982, 4.433e-6
-0.983, 4.450e-6
-0.984, 4.467e-6
-0.985, 4.486e-6
-0.986, 4.501e-6
-0.987, 4.518e-6
-0.988, 4.534e-6
-0.989, 4.548e-6
-0.990, 4.566e-6
-0.991, 4.580e-6
-0.992, 4.597e-6
-0.993, 4.611e-6
-0.994, 4.626e-6
-0.995, 4.643e-6
-0.996, 4.657e-6
-0.997, 4.673e-6
-0.998, 4.688e-6
-0.999, 4.701e-6
-1.000, 4.716e-6
-1.001, 4.732e-6
-1.002, 4.745e-6
-1.003, 4.760e-6
-1.004, 4.774e-6
-1.005, 4.789e-6
-1.006, 4.805e-6
-1.007, 4.818e-6
-1.008, 4.832e-6
-1.009, 4.847e-6
-1.010, 4.860e-6
-1.011, 4.874e-6
-1.012, 4.887e-6
-1.013, 4.900e-6
-1.014, 4.912e-6
-1.015, 4.924e-6
-1.016, 4.937e-6
-1.017, 4.951e-6
-1.018, 4.961e-6
-1.019, 4.974e-6
-1.020, 4.986e-6
-1.021, 4.998e-6
-1.022, 5.009e-6
-1.023, 5.020e-6
-1.024, 5.036e-6
-1.025, 5.047e-6
-1.026, 5.055e-6
-1.027, 5.066e-6
-1.028, 5.078e-6
-1.029, 5.085e-6
-1.030, 5.097e-6
-1.031, 5.104e-6
-1.032, 5.114e-6
-1.033, 5.126e-6
-1.034, 5.132e-6
-1.035, 5.143e-6
-1.036, 5.151e-6
-1.037, 5.162e-6
-1.038, 5.170e-6
-1.039, 5.180e-6
-1.040, 5.188e-6
-1.041, 5.198e-6
-1.042, 5.203e-6
-1.043, 5.212e-6
-1.044, 5.219e-6
-1.045, 5.224e-6
-1.046, 5.234e-6
-1.047, 5.241e-6
-1.048, 5.250e-6
-1.049, 5.257e-6
-1.050, 5.265e-6
-1.051, 5.272e-6
-1.052, 5.280e-6
-1.053, 5.285e-6
-1.054, 5.291e-6
-1.055, 5.298e-6
-1.056, 5.306e-6
-1.057, 5.313e-6
-1.058, 5.318e-6
-1.059, 5.325e-6
-1.060, 5.331e-6
-1.061, 5.336e-6
-1.062, 5.345e-6
-1.063, 5.349e-6
-1.064, 5.355e-6
-1.065, 5.363e-6
-1.066, 5.368e-6
-1.067, 5.376e-6
-1.068, 5.381e-6
-1.069, 5.389e-6
-1.070, 5.396e-6
-1.071, 5.400e-6
-1.072, 5.405e-6
-1.073, 5.410e-6
-1.074, 5.415e-6
-1.075, 5.425e-6
-1.076, 5.431e-6
-1.077, 5.432e-6
-1.078, 5.438e-6
-1.079, 5.442e-6
-1.080, 5.449e-6
-1.081, 5.453e-6
-1.082, 5.458e-6
-1.083, 5.465e-6
-1.084, 5.471e-6
-1.085, 5.476e-6
-1.086, 5.482e-6
-1.087, 5.487e-6
-1.088, 5.495e-6
-1.089, 5.500e-6
-1.090, 5.504e-6
-1.091, 5.510e-6
-1.092, 5.518e-6
-1.093, 5.522e-6
-1.094, 5.529e-6
-1.095, 5.534e-6
-1.096, 5.537e-6
-1.097, 5.546e-6
-1.098, 5.549e-6
-1.099, 5.555e-6
-1.100, 5.560e-6
-1.101, 5.565e-6
-1.102, 5.570e-6
-1.103, 5.573e-6
-1.104, 5.576e-6
-1.105, 5.584e-6
-1.106, 5.586e-6
-1.107, 5.593e-6
-1.108, 5.596e-6
-1.109, 5.601e-6
-1.110, 5.607e-6
-1.111, 5.608e-6
-1.112, 5.614e-6
-1.113, 5.619e-6
-1.114, 5.621e-6
-1.115, 5.629e-6
-1.116, 5.633e-6
-1.117, 5.635e-6
-1.118, 5.641e-6
-1.119, 5.643e-6
-1.120, 5.646e-6
-1.121, 5.651e-6
-1.122, 5.653e-6
-1.123, 5.656e-6
-1.124, 5.659e-6
-1.125, 5.664e-6
-1.126, 5.669e-6
-1.127, 5.673e-6
-1.128, 5.678e-6
-1.129, 5.680e-6
-1.130, 5.684e-6
-1.131, 5.687e-6
-1.132, 5.691e-6
-1.133, 5.695e-6
-1.134, 5.699e-6
-1.135, 5.702e-6
-1.136, 5.704e-6
-1.137, 5.710e-6
-1.138, 5.709e-6
-1.139, 5.716e-6
-1.140, 5.723e-6
-1.141, 5.724e-6
-1.142, 5.731e-6
-1.143, 5.732e-6
-1.144, 5.737e-6
-1.145, 5.742e-6
-1.146, 5.745e-6
-1.147, 5.750e-6
-1.148, 5.754e-6
-1.149, 5.757e-6
-1.150, 5.763e-6
-1.151, 5.766e-6
-1.152, 5.771e-6
-1.153, 5.776e-6
-1.154, 5.779e-6
-1.155, 5.784e-6
-1.156, 5.790e-6
-1.157, 5.793e-6
-1.158, 5.798e-6
-1.159, 5.799e-6
-1.160, 5.804e-6
-1.161, 5.810e-6
-1.162, 5.812e-6
-1.163, 5.819e-6
-1.164, 5.820e-6
-1.165, 5.827e-6
-1.166, 5.831e-6
-1.167, 5.835e-6
-1.168, 5.839e-6
-1.169, 5.844e-6
-1.170, 5.848e-6
-1.171, 5.852e-6
-1.172, 5.857e-6
-1.173, 5.861e-6
-1.174, 5.865e-6
-1.175, 5.868e-6
-1.176, 5.872e-6
-1.177, 5.876e-6
-1.178, 5.883e-6
-1.179, 5.883e-6
-1.180, 5.885e-6
-1.181, 5.887e-6
-1.182, 5.891e-6
-1.183, 5.892e-6
-1.184, 5.895e-6
-1.185, 5.900e-6
-1.186, 5.901e-6
-1.187, 5.905e-6
-1.188, 5.909e-6
-1.189, 5.910e-6
-1.190, 5.915e-6
-1.191, 5.916e-6
-1.192, 5.920e-6
-1.193, 5.923e-6
-1.194, 5.925e-6
-1.195, 5.927e-6
-1.196, 5.932e-6
-1.197, 5.934e-6
-1.198, 5.939e-6
-1.199, 5.941e-6
-1.200, 5.946e-6
-1.201, 5.952e-6
-1.202, 5.954e-6
-1.203, 5.960e-6
-1.204, 5.965e-6
-1.205, 5.968e-6
-1.206, 5.974e-6
-1.207, 5.979e-6
-1.208, 5.988e-6
-1.209, 5.996e-6
-1.210, 6.001e-6
-1.211, 6.008e-6
-1.212, 6.015e-6
-1.213, 6.022e-6
-1.214, 6.032e-6
-1.215, 6.039e-6
-1.216, 6.048e-6
-1.217, 6.057e-6
-1.218, 6.062e-6
-1.219, 6.074e-6
-1.220, 6.080e-6
-1.221, 6.086e-6
-1.222, 6.094e-6
-1.223, 6.102e-6
-1.224, 6.107e-6
-1.225, 6.117e-6
-1.226, 6.121e-6
-1.227, 6.129e-6
-1.228, 6.137e-6
-1.229, 6.151e-6
-1.230, 6.155e-6
-1.231, 6.157e-6
-1.232, 6.163e-6
-1.233, 6.168e-6
-1.234, 6.172e-6
-1.235, 6.178e-6
-1.236, 6.183e-6
-1.237, 6.188e-6
-1.238, 6.195e-6
-1.239, 6.199e-6
-1.240, 6.207e-6
-1.241, 6.214e-6
-1.242, 6.220e-6
-1.243, 6.225e-6
-1.244, 6.232e-6
-1.245, 6.236e-6
-1.246, 6.243e-6
-1.247, 6.249e-6
-1.248, 6.256e-6
-1.249, 6.263e-6
-1.250, 6.267e-6
-1.251, 6.275e-6
-1.252, 6.281e-6
-1.253, 6.288e-6
-1.254, 6.296e-6
-1.255, 6.303e-6
-1.256, 6.309e-6
-1.257, 6.317e-6
-1.258, 6.322e-6
-1.259, 6.330e-6
-1.260, 6.338e-6
-1.261, 6.344e-6
-1.262, 6.351e-6
-1.263, 6.355e-6
-1.264, 6.363e-6
-1.265, 6.371e-6
-1.266, 6.377e-6
-1.267, 6.389e-6
-1.268, 6.397e-6
-1.269, 6.403e-6
-1.270, 6.413e-6
-1.271, 6.422e-6
-1.272, 6.431e-6
-1.273, 6.441e-6
-1.274, 6.449e-6
-1.275, 6.461e-6
-1.276, 6.472e-6
-1.277, 6.479e-6
-1.278, 6.491e-6
-1.279, 6.500e-6
-1.280, 6.517e-6
-1.281, 6.526e-6
-1.282, 6.533e-6
-1.283, 6.545e-6
-1.284, 6.558e-6
-1.285, 6.568e-6
-1.286, 6.580e-6
-1.287, 6.587e-6
-1.288, 6.596e-6
-1.289, 6.611e-6
-1.290, 6.620e-6
-1.291, 6.632e-6
-1.292, 6.643e-6
-1.293, 6.654e-6
-1.294, 6.667e-6
-1.295, 6.679e-6
-1.296, 6.691e-6
-1.297, 6.707e-6
-1.298, 6.717e-6
-1.299, 6.723e-6
-1.300, 6.730e-6
-1.301, 6.737e-6
-1.302, 6.749e-6
-1.303, 6.760e-6
-1.304, 6.770e-6
-1.305, 6.781e-6
-1.306, 6.792e-6
-1.307, 6.807e-6
-1.308, 6.821e-6
-1.309, 6.831e-6
-1.310, 6.844e-6
-1.311, 6.854e-6
-1.312, 6.866e-6
-1.313, 6.882e-6
-1.314, 6.893e-6
-1.315, 6.904e-6
-1.316, 6.915e-6
-1.317, 6.925e-6
-1.318, 6.941e-6
-1.319, 6.953e-6
-1.320, 6.965e-6
-1.321, 6.977e-6
-1.322, 6.985e-6
-1.323, 6.995e-6
-1.324, 7.003e-6
-1.325, 7.014e-6
-1.326, 7.027e-6
-1.327, 7.039e-6
-1.328, 7.052e-6
-1.329, 7.069e-6
-1.330, 7.083e-6
-1.331, 7.098e-6
-1.332, 7.112e-6
-1.333, 7.125e-6
-1.334, 7.141e-6
-1.335, 7.156e-6
-1.336, 7.170e-6
-1.337, 7.189e-6
-1.338, 7.203e-6
-1.339, 7.220e-6
-1.340, 7.236e-6
-1.341, 7.250e-6
-1.342, 7.269e-6
-1.343, 7.282e-6
-1.344, 7.300e-6
-1.345, 7.319e-6
-1.346, 7.336e-6
-1.347, 7.357e-6
-1.348, 7.373e-6
-1.349, 7.388e-6
-1.350, 7.411e-6
-1.351, 7.431e-6
-1.352, 7.451e-6
-1.353, 7.478e-6
-1.354, 7.497e-6
-1.355, 7.523e-6
-1.356, 7.548e-6
-1.357, 7.574e-6
-1.358, 7.605e-6
-1.359, 7.630e-6
-1.360, 7.662e-6
-1.361, 7.696e-6
-1.362, 7.721e-6
-1.363, 7.754e-6
-1.364, 7.785e-6
-1.365, 7.819e-6
-1.366, 7.855e-6
-1.367, 7.887e-6
-1.368, 7.919e-6
-1.369, 7.957e-6
-1.370, 7.995e-6
-1.371, 8.034e-6
-1.372, 8.074e-6
-1.373, 8.118e-6
-1.374, 8.164e-6
-1.375, 8.208e-6
-1.376, 8.258e-6
-1.377, 8.307e-6
-1.378, 8.351e-6
-1.379, 8.401e-6
-1.380, 8.453e-6
-1.381, 8.505e-6
-1.382, 8.564e-6
-1.383, 8.618e-6
-1.384, 8.670e-6
-1.385, 8.730e-6
-1.386, 8.788e-6
-1.387, 8.852e-6
-1.388, 8.916e-6
-1.389, 8.983e-6
-1.390, 9.059e-6
-1.391, 9.127e-6
-1.392, 9.202e-6
-1.393, 9.282e-6
-1.394, 9.360e-6
-1.395, 9.444e-6
-1.396, 9.530e-6
-1.397, 9.619e-6
-1.398, 9.716e-6
-1.399, 9.813e-6
-1.400, 9.914e-6
-1.401, 1.002e-5
-1.402, 1.013e-5
-1.403, 1.024e-5
-1.404, 1.035e-5
-1.405, 1.047e-5
-1.406, 1.059e-5
-1.407, 1.072e-5
-1.408, 1.086e-5
-1.409, 1.099e-5
-1.410, 1.113e-5
-1.411, 1.128e-5
-1.412, 1.144e-5
-1.413, 1.160e-5
-1.414, 1.176e-5
-1.415, 1.193e-5
-1.416, 1.209e-5
-1.417, 1.228e-5
-1.418, 1.247e-5
-1.419, 1.267e-5
-1.420, 1.288e-5
-1.421, 1.309e-5
-1.422, 1.331e-5
-1.423, 1.354e-5
-1.424, 1.377e-5
-1.425, 1.402e-5
-1.426, 1.427e-5
-1.427, 1.453e-5
-1.428, 1.481e-5
-1.429, 1.509e-5
-1.430, 1.539e-5
-1.431, 1.570e-5
-1.432, 1.602e-5
-1.433, 1.635e-5
-1.434, 1.669e-5
-1.435, 1.704e-5
-1.436, 1.740e-5
-1.437, 1.778e-5
-1.438, 1.817e-5
-1.439, 1.856e-5
-1.440, 1.898e-5
-1.441, 1.942e-5
-1.442, 1.986e-5
-1.443, 2.032e-5
-1.444, 2.079e-5
-1.445, 2.128e-5
-1.446, 2.178e-5
-1.447, 2.229e-5
-1.448, 2.282e-5
-1.449, 2.337e-5
-1.450, 2.393e-5
-1.451, 2.452e-5
-1.452, 2.511e-5
-1.453, 2.572e-5
-1.454, 2.634e-5
-1.455, 2.697e-5
-1.456, 2.761e-5
-1.457, 2.826e-5
-1.458, 2.891e-5
-1.459, 2.959e-5
-1.460, 3.027e-5
-1.461, 3.096e-5
-1.462, 3.167e-5
-1.463, 3.239e-5
-1.464, 3.310e-5
-1.465, 3.382e-5
-1.466, 3.453e-5
-1.467, 3.525e-5
-1.468, 3.598e-5
-1.469, 3.672e-5
-1.470, 3.745e-5
-1.471, 3.817e-5
-1.472, 3.888e-5
-1.473, 3.958e-5
-1.474, 4.030e-5
-1.475, 4.103e-5
-1.476, 4.175e-5
-1.477, 4.247e-5
-1.478, 4.320e-5
-1.479, 4.389e-5
-1.480, 4.460e-5
-1.481, 4.531e-5
-1.482, 4.601e-5
-1.483, 4.672e-5
-1.484, 4.741e-5
-1.485, 4.810e-5
-1.486, 4.877e-5
-1.487, 4.943e-5
-1.488, 5.009e-5
-1.489, 5.074e-5
-1.490, 5.138e-5
-1.491, 5.201e-5
-1.492, 5.261e-5
-1.493, 5.320e-5
-1.494, 5.377e-5
-1.495, 5.432e-5
-1.496, 5.486e-5
-1.497, 5.539e-5
-1.498, 5.590e-5
-1.499, 5.639e-5
-1.500, 5.686e-5
-1.501, 5.730e-5
-1.502, 5.772e-5
-1.503, 5.812e-5
-1.504, 5.851e-5
-1.505, 5.888e-5
-1.506, 5.922e-5
-1.507, 5.954e-5
-1.508, 5.985e-5
-1.509, 6.014e-5
-1.510, 6.040e-5
-1.511, 6.064e-5
-1.512, 6.086e-5
-1.513, 6.105e-5
-1.514, 6.122e-5
-1.515, 6.136e-5
-1.516, 6.147e-5
-1.517, 6.156e-5
-1.518, 6.163e-5
-1.519, 6.167e-5
-1.520, 6.169e-5
-1.521, 6.169e-5
-1.522, 6.166e-5
-1.523, 6.162e-5
-1.524, 6.154e-5
-1.525, 6.145e-5
-1.526, 6.133e-5
-1.527, 6.119e-5
-1.528, 6.102e-5
-1.529, 6.082e-5
-1.530, 6.060e-5
-1.531, 6.036e-5
-1.532, 6.009e-5
-1.533, 5.979e-5
-1.534, 5.947e-5
-1.535, 5.914e-5
-1.536, 5.878e-5
-1.537, 5.842e-5
-1.538, 5.803e-5
-1.539, 5.764e-5
-1.540, 5.725e-5
-1.541, 5.685e-5
-1.542, 5.644e-5
-1.543, 5.602e-5
-1.544, 5.560e-5
-1.545, 5.518e-5
-1.546, 5.475e-5
-1.547, 5.431e-5
-1.548, 5.385e-5
-1.549, 5.340e-5
-1.550, 5.294e-5
-1.551, 5.248e-5
-1.552, 5.202e-5
-1.553, 5.157e-5
-1.554, 5.111e-5
-1.555, 5.064e-5
-1.556, 5.017e-5
-1.557, 4.972e-5
-1.558, 4.928e-5
-1.559, 4.882e-5
-1.560, 4.837e-5
-1.561, 4.792e-5
-1.562, 4.747e-5
-1.563, 4.703e-5
-1.564, 4.659e-5
-1.565, 4.616e-5
-1.566, 4.574e-5
-1.567, 4.532e-5
-1.568, 4.490e-5
-1.569, 4.450e-5
-1.570, 4.409e-5
-1.571, 4.370e-5
-1.572, 4.332e-5
-1.573, 4.293e-5
-1.574, 4.257e-5
-1.575, 4.221e-5
-1.576, 4.188e-5
-1.577, 4.156e-5
-1.578, 4.122e-5
-1.579, 4.084e-5
-1.580, 4.048e-5
-1.581, 4.012e-5
-1.582, 3.978e-5
-1.583, 3.945e-5
-1.584, 3.915e-5
-1.585, 3.886e-5
-1.586, 3.856e-5
-1.587, 3.828e-5
-1.588, 3.799e-5
-1.589, 3.771e-5
-1.590, 3.745e-5
-1.591, 3.720e-5
-1.592, 3.696e-5
-1.593, 3.674e-5
-1.594, 3.651e-5
-1.595, 3.631e-5
-1.596, 3.611e-5
-1.597, 3.590e-5
-1.598, 3.572e-5
-1.599, 3.553e-5
-1.600, 3.536e-5
-1.601, 3.520e-5
-1.602, 3.505e-5
-1.603, 3.491e-5
-1.604, 3.478e-5
-1.605, 3.467e-5
-1.606, 3.455e-5
-1.607, 3.444e-5
-1.608, 3.433e-5
-1.609, 3.423e-5
-1.610, 3.413e-5
-1.611, 3.404e-5
-1.612, 3.397e-5
-1.613, 3.390e-5
-1.614, 3.385e-5
-1.615, 3.379e-5
-1.616, 3.374e-5
-1.617, 3.371e-5
-1.618, 3.368e-5
-1.619, 3.367e-5
-1.620, 3.367e-5
-1.621, 3.366e-5
-1.622, 3.368e-5
-1.623, 3.369e-5
-1.624, 3.372e-5
-1.625, 3.375e-5
-1.626, 3.379e-5
-1.627, 3.383e-5
-1.628, 3.388e-5
-1.629, 3.393e-5
-1.630, 3.401e-5
-1.631, 3.408e-5
-1.632, 3.417e-5
-1.633, 3.425e-5
-1.634, 3.434e-5
-1.635, 3.445e-5
-1.636, 3.456e-5
-1.637, 3.468e-5
-1.638, 3.482e-5
-1.639, 3.499e-5
-1.640, 3.513e-5
-1.641, 3.529e-5
-1.642, 3.545e-5
-1.643, 3.562e-5
-1.644, 3.580e-5
-1.645, 3.598e-5
-1.646, 3.617e-5
-1.647, 3.636e-5
-1.648, 3.657e-5
-1.649, 3.678e-5
-1.650, 3.700e-5
-1.651, 3.724e-5
-1.652, 3.750e-5
-1.653, 3.776e-5
-1.654, 3.803e-5
-1.655, 3.829e-5
-1.656, 3.856e-5
-1.657, 3.884e-5
-1.658, 3.914e-5
-1.659, 3.945e-5
-1.660, 3.977e-5
-1.661, 4.010e-5
-1.662, 4.044e-5
-1.663, 4.079e-5
-1.664, 4.115e-5
-1.665, 4.153e-5
-1.666, 4.191e-5
-1.667, 4.231e-5
-1.668, 4.273e-5
-1.669, 4.316e-5
-1.670, 4.358e-5
-1.671, 4.401e-5
-1.672, 4.446e-5
-1.673, 4.492e-5
-1.674, 4.539e-5
-1.675, 4.589e-5
-1.676, 4.639e-5
-1.677, 4.693e-5
-1.678, 4.746e-5
-1.679, 4.802e-5
-1.680, 4.858e-5
-1.681, 4.916e-5
-1.682, 4.975e-5
-1.683, 5.033e-5
-1.684, 5.093e-5
-1.685, 5.155e-5
-1.686, 5.219e-5
-1.687, 5.284e-5
-1.688, 5.350e-5
-1.689, 5.419e-5
-1.690, 5.490e-5
-1.691, 5.563e-5
-1.692, 5.636e-5
-1.693, 5.713e-5
-1.694, 5.790e-5
-1.695, 5.868e-5
-1.696, 5.946e-5
-1.697, 6.028e-5
-1.698, 6.111e-5
-1.699, 6.198e-5
