Potential V vs RHE, Current mA cm-2
0.013299999999999867,-0.002205534916489592
0.012299999999999978,-0.002205534916489592
0.011299999999999866,-0.04582249900262853
0.010299999999999976,-0.002205534916489592
0.009299999999999864,-0.002205534916489592
0.008299999999999974,-0.04582249900262853
0.007299999999999862,-0.002205534916489592
0.006299999999999972,-0.04582249900262853
0.00529999999999986,-0.04582249900262853
0.0042999999999999705,-0.04582249900262853
0.0032999999999998586,-0.04582249900262853
0.0022999999999999687,-0.04582249900262853
0.0012999999999998568,-0.04582249900262853
0.00029999999999996696,-0.04582249900262853
-0.000700000000000145,-0.04582249900262853
-0.0017000000000000348,-0.04582249900262853
-0.0027000000000001467,-0.04582249900262853
-0.0037000000000000366,-0.04582249900262853
-0.0047000000000001485,-0.04582249900262853
-0.005700000000000038,-0.04582249900262853
-0.00670000000000015,-0.04582249900262853
-0.00770000000000004,-0.04582249900262853
-0.008700000000000152,-0.04582249900262853
-0.009700000000000042,-0.04582249900262853
-0.010700000000000154,-0.04582249900262853
-0.011700000000000044,-0.04582249900262853
-0.012700000000000156,-0.04582249900262853
-0.013700000000000045,-0.04582249900262853
-0.014700000000000157,-0.04582249900262853
-0.015700000000000047,-0.04582249900262853
-0.01670000000000016,-0.04582249900262853
-0.01770000000000005,-0.04582249900262853
-0.01870000000000016,-0.04582249900262853
-0.01970000000000005,-0.04582249900262853
-0.020700000000000163,-0.04582249900262853
-0.021700000000000053,-0.04582249900262853
-0.022700000000000164,-0.04582249900262853
-0.023700000000000054,-0.04582249900262853
-0.024700000000000166,-0.04582249900262853
-0.025700000000000056,-0.04582249900262853
-0.026700000000000168,-0.04582249900262853
-0.027700000000000058,-0.08943804837746762
-0.02870000000000017,-0.04582249900262853
-0.02970000000000006,-0.08943804837746762
-0.03070000000000017,-0.04582249900262853
-0.03170000000000006,-0.04582249900262853
-0.03270000000000017,-0.04582249900262853
-0.03370000000000006,-0.04582249900262853
-0.034700000000000175,-0.04582249900262853
-0.035700000000000065,-0.04582249900262853
-0.03670000000000018,-0.08943804837746762
-0.03770000000000007,-0.04582249900262853
-0.03870000000000018,-0.08943804837746762
-0.03970000000000007,-0.04582249900262853
-0.04070000000000018,-0.08943804837746762
-0.04170000000000007,-0.08943804837746762
-0.04270000000000018,-0.08943804837746762
-0.04370000000000007,-0.08943804837746762
-0.044700000000000184,-0.04582249900262853
-0.045700000000000074,-0.08943804837746762
-0.046700000000000186,-0.04582249900262853
-0.047700000000000076,-0.08943804837746762
-0.04870000000000019,-0.04582249900262853
-0.04970000000000008,-0.08943804837746762
-0.05070000000000019,-0.08943804837746762
-0.05170000000000008,-0.08943804837746762
-0.05270000000000019,-0.08943804837746762
-0.05370000000000008,-0.08943804837746762
-0.05470000000000019,-0.08943804837746762
-0.05570000000000008,-0.08943804837746762
-0.056700000000000195,-0.08943804837746762
-0.057700000000000085,-0.04582249900262853
-0.058700000000000196,-0.08943804837746762
-0.059700000000000086,-0.08943804837746762
-0.0607000000000002,-0.08943804837746762
-0.06170000000000009,-0.08943804837746762
-0.0627000000000002,-0.08943804837746762
-0.06370000000000009,-0.08943804837746762
-0.0647000000000002,-0.08943804837746762
-0.06570000000000009,-0.08943804837746762
-0.0667000000000002,-0.08943804837746762
-0.0677000000000001,-0.08943804837746762
-0.0687000000000002,-0.08943804837746762
-0.0697000000000001,-0.08943804837746762
-0.07070000000000021,-0.08943804837746762
-0.0717000000000001,-0.08943804837746762
-0.07270000000000021,-0.08943804837746762
-0.0737000000000001,-0.08943804837746762
-0.07470000000000021,-0.08943804837746762
-0.0757000000000001,-0.08943804837746762
-0.07670000000000021,-0.08943804837746762
-0.0777000000000001,-0.08943804837746762
-0.07870000000000021,-0.08943804837746762
-0.0797000000000001,-0.08943804837746762
-0.08070000000000022,-0.08943804837746762
-0.0817000000000001,-0.08943804837746762
-0.08270000000000022,-0.08943804837746762
-0.08370000000000011,-0.08943804837746762
-0.08470000000000022,-0.08943804837746762
-0.08570000000000011,-0.08943804837746762
-0.08670000000000022,-0.08943804837746762
-0.08770000000000011,-0.08943804837746762
-0.08870000000000022,-0.1330535977523067
-0.08970000000000011,-0.08943804837746762
-0.09070000000000022,-0.08943804837746762
-0.09170000000000011,-0.08943804837746762
-0.09270000000000023,-0.08943804837746762
-0.09370000000000012,-0.08943804837746762
-0.09470000000000023,-0.08943804837746762
-0.09570000000000012,-0.08943804837746762
-0.09670000000000023,-0.08943804837746762
-0.09770000000000012,-0.08943804837746762
-0.09870000000000023,-0.08943804837746762
-0.09970000000000012,-0.08943804837746762
-0.10070000000000023,-0.08943804837746762
-0.10170000000000012,-0.08943804837746762
-0.10270000000000024,-0.08943804837746762
-0.10370000000000013,-0.08943804837746762
-0.10470000000000024,-0.08943804837746762
-0.10570000000000013,-0.08943804837746762
-0.10670000000000024,-0.08943804837746762
-0.10770000000000013,-0.08943804837746762
-0.10870000000000024,-0.08943804837746762
-0.10970000000000013,-0.08943804837746762
-0.11070000000000024,-0.08943804837746762
-0.11170000000000013,-0.08943804837746762
-0.11270000000000002,-0.08943804837746762
-0.11370000000000013,-0.1330535977523067
-0.11470000000000002,-0.08943804837746762
-0.11570000000000014,-0.1330535977523067
-0.11670000000000003,-0.08943804837746762
-0.11770000000000014,-0.1330535977523067
-0.11870000000000003,-0.08943804837746762
-0.11970000000000014,-0.08943804837746762
-0.12070000000000003,-0.08943804837746762
-0.12170000000000014,-0.08943804837746762
-0.12270000000000003,-0.1330535977523067
-0.12370000000000014,-0.08943804837746762
-0.12470000000000003,-0.1330535977523067
-0.12570000000000014,-0.08943804837746762
-0.12670000000000003,-0.1330535977523067
-0.12770000000000015,-0.08943804837746762
-0.12870000000000004,-0.1330535977523067
-0.12970000000000015,-0.08943804837746762
-0.13070000000000004,-0.08943804837746762
-0.13170000000000015,-0.1330535977523067
-0.13270000000000004,-0.08943804837746762
-0.13370000000000015,-0.1330535977523067
-0.13470000000000004,-0.08943804837746762
-0.13570000000000015,-0.1330535977523067
-0.13670000000000004,-0.1330535977523067
-0.13770000000000016,-0.1330535977523067
-0.13870000000000005,-0.1330535977523067
-0.13970000000000016,-0.1330535977523067
-0.14070000000000005,-0.1330535977523067
-0.14170000000000016,-0.08943804837746762
-0.14270000000000005,-0.1330535977523067
-0.14370000000000016,-0.08943804837746762
-0.14470000000000005,-0.1330535977523067
-0.14570000000000016,-0.1330535977523067
-0.14670000000000005,-0.1330535977523067
-0.14770000000000016,-0.1330535977523067
-0.14870000000000005,-0.1330535977523067
-0.14970000000000017,-0.1330535977523067
-0.15070000000000006,-0.1330535977523067
-0.15170000000000017,-0.1330535977523067
-0.15270000000000006,-0.1330535977523067
-0.15370000000000017,-0.1330535977523067
-0.15470000000000006,-0.1330535977523067
-0.15570000000000017,-0.1330535977523067
-0.15670000000000006,-0.1330535977523067
-0.15770000000000017,-0.1330535977523067
-0.15870000000000006,-0.1330535977523067
-0.15970000000000018,-0.1330535977523067
-0.16070000000000007,-0.1330535977523067
-0.16170000000000018,-0.1330535977523067
-0.16270000000000007,-0.1330535977523067
-0.16370000000000018,-0.1330535977523067
-0.16470000000000007,-0.1330535977523067
-0.16570000000000018,-0.1330535977523067
-0.16670000000000007,-0.1330535977523067
-0.16770000000000018,-0.1330535977523067
-0.16870000000000007,-0.1330535977523067
-0.16970000000000018,-0.1330535977523067
-0.17070000000000007,-0.1330535977523067
-0.17170000000000019,-0.1330535977523067
-0.17270000000000008,-0.1330535977523067
-0.1737000000000002,-0.1330535977523067
-0.17470000000000008,-0.1330535977523067
-0.1757000000000002,-0.1330535977523067
-0.17670000000000008,-0.1330535977523067
-0.1777000000000002,-0.1330535977523067
-0.17870000000000008,-0.1330535977523067
-0.1797000000000002,-0.1330535977523067
-0.18070000000000008,-0.1330535977523067
-0.1817000000000002,-0.1330535977523067
-0.18270000000000008,-0.1330535977523067
-0.1837000000000002,-0.1330535977523067
-0.1847000000000001,-0.1330535977523067
-0.1857000000000002,-0.1330535977523067
-0.1867000000000001,-0.1330535977523067
-0.1877000000000002,-0.1330535977523067
-0.1887000000000001,-0.1330535977523067
-0.1897000000000002,-0.1330535977523067
-0.1907000000000001,-0.1330535977523067
-0.1917000000000001,-0.1330535977523067
-0.19269999999999998,-0.1330535977523067
-0.1937000000000001,-0.1330535977523067
-0.19469999999999998,-0.1330535977523067
-0.1957000000000001,-0.1330535977523067
-0.19669999999999999,-0.1330535977523067
-0.1977000000000001,-0.1330535977523067
-0.1987,-0.1330535977523067
-0.1997000000000001,-0.1766974413531431
-0.2007,-0.1330535977523067
-0.2017000000000001,-0.1330535977523067
-0.2027,-0.1330535977523067
-0.2037000000000001,-0.1330535977523067
-0.2047,-0.1330535977523067
-0.2057000000000001,-0.1766974413531431
-0.2067,-0.1330535977523067
-0.2077000000000001,-0.1330535977523067
-0.2087,-0.1330535977523067
-0.2097000000000001,-0.1330535977523067
-0.2107,-0.1766974413531431
-0.2117000000000001,-0.1330535977523067
-0.2127,-0.1766974413531431
-0.2137000000000001,-0.1330535977523067
-0.2147,-0.1330535977523067
-0.2157000000000001,-0.1330535977523067
-0.2167,-0.1330535977523067
-0.21770000000000012,-0.1330535977523067
-0.2187,-0.1330535977523067
-0.21970000000000012,-0.1330535977523067
-0.2207,-0.1330535977523067
-0.22170000000000012,-0.1330535977523067
-0.2227,-0.1330535977523067
-0.22370000000000012,-0.1330535977523067
-0.2247,-0.1330535977523067
-0.22570000000000012,-0.1330535977523067
-0.2267,-0.1330535977523067
-0.22770000000000012,-0.1330535977523067
-0.22870000000000001,-0.1766974413531431
-0.22970000000000013,-0.1330535977523067
-0.23070000000000002,-0.1766974413531431
-0.23170000000000013,-0.1330535977523067
-0.23270000000000002,-0.1766974413531431
-0.23370000000000013,-0.1766974413531431
-0.23470000000000002,-0.1766974413531431
-0.23570000000000013,-0.1766974413531431
-0.23670000000000002,-0.1330535977523067
-0.2376999999999999,-0.1766974413531431
-0.23870000000000002,-0.1330535977523067
-0.2396999999999999,-0.1766974413531431
-0.24070000000000003,-0.1330535977523067
-0.24169999999999991,-0.1330535977523067
-0.24270000000000003,-0.1766974413531431
-0.24369999999999992,-0.1766974413531431
-0.24470000000000003,-0.1766974413531431
-0.24569999999999992,-0.1766974413531431
-0.24670000000000003,-0.1766974413531431
-0.24769999999999992,-0.1330535977523067
-0.24870000000000003,-0.1766974413531431
-0.24969999999999992,-0.1766974413531431
-0.25070000000000003,-0.1766974413531431
-0.2516999999999999,-0.1766974413531431
-0.25270000000000004,-0.1766974413531431
-0.2536999999999999,-0.1766974413531431
-0.25470000000000004,-0.1766974413531431
-0.2556999999999999,-0.1766974413531431
-0.25670000000000004,-0.1766974413531431
-0.25769999999999993,-0.1766974413531431
-0.25870000000000004,-0.1766974413531431
-0.25969999999999993,-0.1766974413531431
-0.26070000000000004,-0.1766974413531431
-0.26169999999999993,-0.1766974413531431
-0.26270000000000004,-0.1766974413531431
-0.26369999999999993,-0.1766974413531431
-0.26470000000000005,-0.1766974413531431
-0.26569999999999994,-0.1766974413531431
-0.26670000000000005,-0.1766974413531431
-0.26769999999999994,-0.1766974413531431
-0.26870000000000005,-0.1766974413531431
-0.26969999999999994,-0.1766974413531431
-0.27070000000000005,-0.1766974413531431
-0.27169999999999994,-0.1766974413531431
-0.27270000000000005,-0.1766974413531431
-0.27369999999999994,-0.1766974413531431
-0.27470000000000006,-0.1766974413531431
-0.27569999999999995,-0.1766974413531431
-0.27670000000000006,-0.1766974413531431
-0.27769999999999995,-0.1766974413531431
-0.27870000000000006,-0.1766974413531431
-0.27969999999999995,-0.1766974413531431
-0.28070000000000006,-0.1766974413531431
-0.28169999999999995,-0.1766974413531431
-0.28270000000000006,-0.1766974413531431
-0.28369999999999995,-0.1766974413531431
-0.28470000000000006,-0.1766974413531431
-0.28569999999999995,-0.1766974413531431
-0.28670000000000007,-0.1766974413531431
-0.28769999999999996,-0.1766974413531431
-0.28870000000000007,-0.1766974413531431
-0.28969999999999996,-0.1766974413531431
-0.29070000000000007,-0.1766974413531431
-0.29169999999999996,-0.1766974413531431
-0.29270000000000007,-0.1766974413531431
-0.29369999999999996,-0.1766974413531431
-0.2947000000000001,-0.1766974413531431
-0.29569999999999996,-0.1766974413531431
-0.2967000000000001,-0.1766974413531431
-0.29769999999999996,-0.1766974413531431
-0.2987000000000001,-0.1766974413531431
-0.29969999999999997,-0.1766974413531431
-0.3007000000000001,-0.1766974413531431
-0.30169999999999997,-0.1766974413531431
-0.3027000000000001,-0.1766974413531431
-0.30369999999999997,-0.1766974413531431
-0.3047000000000001,-0.1766974413531431
-0.30569999999999997,-0.1766974413531431
-0.3067000000000001,-0.1766974413531431
-0.3077,-0.1766974413531431
-0.3087000000000001,-0.1766974413531431
-0.3097,-0.1766974413531431
-0.3107000000000001,-0.1766974413531431
-0.3117,-0.1766974413531431
-0.3127000000000001,-0.1766974413531431
-0.3137,-0.1766974413531431
-0.3147000000000001,-0.2202705493889862
-0.3157,-0.1766974413531431
-0.3167000000000001,-0.2202705493889862
-0.3177,-0.2202705493889862
-0.3187000000000001,-0.2202705493889862
-0.3197,-0.1766974413531431
-0.3207000000000001,-0.2202705493889862
-0.3217,-0.2202705493889862
-0.3227000000000001,-0.1766974413531431
-0.3237,-0.2202705493889862
-0.3247000000000001,-0.1766974413531431
-0.3257,-0.2202705493889862
-0.3267000000000001,-0.2202705493889862
-0.3277,-0.2202705493889862
-0.3287000000000001,-0.2202705493889862
-0.3297,-0.1766974413531431
-0.3307000000000001,-0.2202705493889862
-0.3317,-0.2202705493889862
-0.3327000000000001,-0.2202705493889862
-0.3337,-0.2202705493889862
-0.3347000000000001,-0.2202705493889862
-0.3357,-0.2202705493889862
-0.3367000000000001,-0.2202705493889862
-0.3377,-0.2202705493889862
-0.3387000000000001,-0.2202705493889862
-0.3397,-0.2202705493889862
-0.3407000000000001,-0.2202705493889862
-0.3417,-0.2202705493889862
-0.3427000000000001,-0.2202705493889862
-0.3437,-0.2202705493889862
-0.3447000000000001,-0.2202705493889862
-0.3457,-0.2202705493889862
-0.3467000000000001,-0.2202705493889862
-0.3477,-0.2202705493889862
-0.3487000000000001,-0.2202705493889862
-0.3497,-0.2202705493889862
-0.3507000000000001,-0.2202705493889862
-0.3517,-0.2202705493889862
-0.3527000000000001,-0.2202705493889862
-0.3537,-0.2202705493889862
-0.3547000000000001,-0.2202705493889862
-0.3557,-0.2202705493889862
-0.35670000000000013,-0.2202705493889862
-0.3577,-0.2202705493889862
-0.35870000000000013,-0.2202705493889862
-0.3597,-0.2202705493889862
-0.36070000000000013,-0.2202705493889862
-0.3617,-0.2202705493889862
-0.3626999999999999,-0.2202705493889862
-0.3637,-0.2202705493889862
-0.3646999999999999,-0.26384365742482935
-0.3657,-0.2202705493889862
-0.3666999999999999,-0.26384365742482935
-0.3677,-0.2202705493889862
-0.3686999999999999,-0.26384365742482935
-0.36970000000000003,-0.2202705493889862
-0.3706999999999999,-0.26384365742482935
-0.37170000000000003,-0.2202705493889862
-0.3726999999999999,-0.2202705493889862
-0.37370000000000003,-0.26384365742482935
-0.3746999999999999,-0.2202705493889862
-0.37570000000000003,-0.26384365742482935
-0.3766999999999999,-0.2202705493889862
-0.37770000000000004,-0.26384365742482935
-0.3786999999999999,-0.2202705493889862
-0.37970000000000004,-0.26384365742482935
-0.3806999999999999,-0.26384365742482935
-0.38170000000000004,-0.26384365742482935
-0.38269999999999993,-0.26384365742482935
-0.38370000000000004,-0.26384365742482935
-0.38469999999999993,-0.26384365742482935
-0.38570000000000004,-0.26384365742482935
-0.38669999999999993,-0.26384365742482935
-0.38770000000000004,-0.26384365742482935
-0.38869999999999993,-0.26384365742482935
-0.38970000000000005,-0.26384365742482935
-0.39069999999999994,-0.26384365742482935
-0.39170000000000005,-0.26384365742482935
-0.39269999999999994,-0.26384365742482935
-0.39370000000000005,-0.26384365742482935
-0.39469999999999994,-0.26384365742482935
-0.39570000000000005,-0.30755823659065895
-0.39669999999999994,-0.26384365742482935
-0.39770000000000005,-0.30755823659065895
-0.39869999999999994,-0.30755823659065895
-0.39970000000000006,-0.30755823659065895
-0.40069999999999995,-0.30755823659065895
-0.40170000000000006,-0.30755823659065895
-0.40269999999999995,-0.30755823659065895
-0.40370000000000006,-0.26384365742482935
-0.40469999999999995,-0.30755823659065895
-0.40570000000000006,-0.30755823659065895
-0.40669999999999995,-0.30755823659065895
-0.40770000000000006,-0.30755823659065895
-0.40869999999999995,-0.30755823659065895
-0.40970000000000006,-0.30755823659065895
-0.41069999999999995,-0.30755823659065895
-0.41170000000000007,-0.30755823659065895
-0.41269999999999996,-0.30755823659065895
-0.41370000000000007,-0.30755823659065895
-0.41469999999999996,-0.3511313446265021
-0.41570000000000007,-0.3511313446265021
-0.41669999999999996,-0.3511313446265021
-0.41770000000000007,-0.3511313446265021
-0.41869999999999996,-0.3511313446265021
-0.4197000000000001,-0.3511313446265021
-0.42069999999999996,-0.3511313446265021
-0.4217000000000001,-0.3511313446265021
-0.42269999999999996,-0.3511313446265021
-0.4237000000000001,-0.3511313446265021
-0.42469999999999997,-0.3511313446265021
-0.4257000000000001,-0.3947044526623452
-0.42669999999999997,-0.3947044526623452
-0.4277000000000001,-0.3947044526623452
-0.42869999999999997,-0.3947044526623452
-0.4297000000000001,-0.3947044526623452
-0.43069999999999997,-0.3947044526623452
-0.4317000000000001,-0.3947044526623452
-0.4327,-0.3947044526623452
-0.4337000000000001,-0.3947044526623452
-0.4347,-0.3947044526623452
-0.4357000000000001,-0.4384190318281749
-0.4367,-0.4384190318281749
-0.4377000000000001,-0.4384190318281749
-0.4387,-0.48199213986401795
-0.4397000000000001,-0.4384190318281749
-0.4407,-0.48199213986401795
-0.4417000000000001,-0.48199213986401795
-0.4427,-0.48199213986401795
-0.4437000000000001,-0.48199213986401795
-0.4447,-0.48199213986401795
-0.4457000000000001,-0.5255652478998613
-0.4467,-0.5255652478998613
-0.4477000000000001,-0.5255652478998613
-0.4487,-0.5255652478998613
-0.4497000000000001,-0.5692798270656908
-0.4507,-0.5692798270656908
-0.4517000000000001,-0.5692798270656908
-0.4527,-0.5692798270656908
-0.4537000000000001,-0.5692798270656908
-0.4547,-0.6128529351015338
-0.4557000000000001,-0.6128529351015338
-0.4567,-0.6128529351015338
-0.4577000000000001,-0.6128529351015338
-0.4587,-0.6564260431373771
-0.4597000000000001,-0.6564260431373771
-0.4607,-0.6564260431373771
-0.4617000000000001,-0.7001406223032067
-0.4627,-0.7001406223032067
-0.4637000000000001,-0.7001406223032067
-0.4647,-0.7437137303390498
-0.4657000000000001,-0.7437137303390498
-0.4667,-0.7437137303390498
-0.4677000000000001,-0.7872868383748929
-0.4687,-0.7872868383748929
-0.4697000000000001,-0.7872868383748929
-0.4707,-0.8308599464107361
-0.4717000000000001,-0.8308599464107361
-0.4727,-0.8308599464107361
-0.4737000000000001,-0.8745745255765657
-0.4747,-0.8745745255765657
-0.4757000000000001,-0.8745745255765657
-0.4767,-0.9181476336124089
-0.4777000000000001,-0.9181476336124089
-0.4787,-0.9617207416482519
-0.4797000000000001,-0.9617207416482519
-0.4807,-0.9617207416482519
-0.48170000000000013,-1.0054353208140816
-0.4827,-1.0054353208140816
-0.48370000000000013,-1.0490084288499246
-0.4847,-1.0490084288499246
-0.48570000000000013,-1.0490084288499246
-0.4867,-1.0925815368857679
-0.4876999999999999,-1.0925815368857679
-0.4887,-1.1362961160515976
-0.4896999999999999,-1.1362961160515976
-0.4907,-1.1798692240874404
-0.4916999999999999,-1.1798692240874404
-0.4927,-1.1798692240874404
-0.4936999999999999,-1.2234423321232837
-0.49470000000000003,-1.2234423321232837
-0.4956999999999999,-1.2671569112891135
-0.49670000000000003,-1.2671569112891135
-0.4976999999999999,-1.3107300193249565
-0.49870000000000003,-1.3107300193249565
-0.4996999999999999,-1.3107300193249565
-0.5007,-1.3543031273607997
-0.5016999999999999,-1.3543031273607997
-0.5027,-1.3980177065266295
-0.5036999999999999,-1.3980177065266295
-0.5047,-1.4415908145624723
-0.5056999999999999,-1.4415908145624723
-0.5067,-1.4854468648582886
-0.5076999999999999,-1.4854468648582886
-0.5087,-1.5293029151541047
-0.5096999999999999,-1.5293029151541047
-0.5107,-1.5717442541500557
-0.5116999999999999,-1.5717442541500557
-0.5127,-1.6156003044458718
-0.5136999999999999,-1.6594563547416883
-0.5147,-1.6594563547416883
-0.5156999999999999,-1.7033124050375041
-0.5167,-1.7033124050375041
-0.5176999999999999,-1.7471684553333202
-0.5187,-1.7471684553333202
-0.5196999999999999,-1.7910245056291363
-0.5207,-1.8334658446250875
-0.5216999999999999,-1.8334658446250875
-0.5227,-1.8773218949209036
-0.5236999999999999,-1.8773218949209036
-0.5247,-1.92117794521672
-0.5257,-1.9650339955125358
-0.5267000000000001,-1.9650339955125358
-0.5277,-2.008890045808352
-0.5287000000000001,-2.052746096104168
-0.5297,-2.052746096104168
-0.5307000000000001,-2.095187435100119
-0.5317,-2.1390434853959355
-0.5327000000000001,-2.1390434853959355
-0.5337,-2.1828995356917518
-0.5347000000000001,-2.226755585987568
-0.5357,-2.2706116362833835
-0.5367000000000001,-2.2706116362833835
-0.5377,-2.3144676865791998
-0.5387000000000001,-2.3569090255751513
-0.5397,-2.3569090255751513
-0.5407000000000001,-2.4007650758709675
-0.5417,-2.4007650758709675
-0.5427000000000001,-2.4446211261667834
-0.5437,-2.4884771764625997
-0.5447000000000001,-2.532333226758415
-0.5457,-2.532333226758415
-0.5467000000000001,-2.576189277054232
-0.5477,-2.618630616050183
-0.5487000000000001,-2.662486666345999
-0.5497,-2.706342716641815
-0.5507000000000001,-2.7501987669376318
-0.5517,-2.794054817233447
-0.5527000000000001,-2.8379108675292635
-0.5537,-2.8379108675292635
-0.5547000000000001,-2.8803522065252145
-0.5557,-2.924208256821031
-0.5567000000000001,-2.968064307116847
-0.5577,-3.0119203574126634
-0.5587000000000001,-3.055776407708479
-0.5597,-3.0996324580042955
-0.5607000000000001,-3.1420737970002466
-0.5617,-3.1859298472960624
-0.5627000000000001,-3.2297858975918787
-0.5637,-3.273641947887695
-0.5647000000000001,-3.273641947887695
-0.5657,-3.361354048479327
-0.5667000000000001,-3.361354048479327
-0.5677,-3.447651437771094
-0.5687000000000001,-3.447651437771094
-0.5697,-3.5353635383627267
-0.5707000000000001,-3.5353635383627267
-0.5717,-3.623075638954359
-0.5727000000000001,-3.6655169779503103
-0.5737,-3.7093730282461257
-0.5747000000000001,-3.7532290785419424
-0.5757,-3.7970851288377587
-0.5767000000000001,-3.840941179133574
-0.5777,-3.884797229429391
-0.5787000000000001,-3.971094618721158
-0.5797,-4.014950669016974
-0.5807000000000001,-4.0588067193127895
-0.5817,-4.102662769608606
-0.5827000000000001,-4.146518819904423
-0.5837,-4.23281620919619
-0.5847000000000001,-4.276672259492005
-0.5857,-4.3205283097878215
-0.5867000000000001,-4.406825699079589
-0.5877,-4.450681749375406
-0.5887000000000001,-4.494537799671222
-0.5897,-4.538393849967037
-0.5907000000000001,-4.626105950558669
-0.5917,-4.668547289554621
-0.5927000000000001,-4.712403339850438
-0.5937,-4.800115440442069
-0.5947000000000001,-4.887827541033701
-0.5957,-4.9302688800296535
-0.5967000000000001,-5.017980980621284
-0.5977,-5.0618370309171015
-0.5987000000000001,-5.149549131508733
-0.5997,-5.191990470504685
-0.6007000000000001,-5.279702571096316
-0.6017,-5.367414671687949
-0.6027000000000001,-5.453712060979717
-0.6037,-5.497568111275533
-0.6047000000000001,-5.5414241615713475
-0.6057,-5.629136262162981
-0.6067000000000001,-5.672992312458796
-0.6077,-5.759289701750564
-0.6087000000000001,-5.847001802342197
-0.6097,-5.9347139029338285
-0.6107000000000001,-6.021011292225596
-0.6117,-6.064867342521412
-0.6126999999999999,-6.152579443113044
-0.6137,-6.282732882700628
-0.6146999999999999,-6.326588932996443
-0.6157,-6.414301033588076
-0.6166999999999999,-6.500598422879844
-0.6177,-6.588310523471475
-0.6186999999999999,-6.6760226240631075
-0.6197,-6.806176063650692
-0.6206999999999999,-6.850032113946507
-0.6217,-6.93774421453814
-0.6226999999999999,-7.067897654125724
-0.6237,-7.155609754717355
-0.6246999999999999,-7.28576319430494
-0.6257,-7.37347529489657
-0.6266999999999999,-7.50504344578402
-0.6277,-7.591340835075788
-0.6286999999999999,-7.679052935667419
-0.6297,-7.809206375255003
-0.6306999999999999,-7.940774526142452
-0.6317,-8.070927965730034
-0.6326999999999999,-8.158640066321666
-0.6337,-8.288793505909249
-0.6346999999999999,-8.376505606500881
-0.6357,-8.508073757388331
-0.6366999999999999,-8.638227196975913
-0.6377,-8.725939297567548
-0.6386999999999999,-8.85609273715513
-0.6397,-8.987660888042578
-0.6406999999999999,-9.11781432763016
-0.6417,-9.293238528813426
-0.6426999999999999,-9.423391968401008
-0.6437,-9.55496011928846
-0.6446999999999999,-9.685113558876042
-0.6457,-9.81668170976349
-0.6466999999999999,-9.946835149351072
-0.6477,-10.120844639234473
-0.6486999999999999,-10.25241279012192
-0.6497,-10.382566229709504
-0.6507,-10.557990430892769
-0.6517000000000001,-10.688143870480351
-0.6527,-10.819712021367803
-0.6537000000000001,-11.037577561547016
-0.6547,-11.1677310011346
-0.6557000000000001,-11.343155202317865
-0.6567,-11.517164692201263
-0.6577000000000001,-11.691174182084664
-0.6587,-11.909039722263879
-0.6597000000000001,-12.084463923447142
-0.6607,-12.258473413330542
-0.6617000000000001,-12.390041564217992
-0.6627,-12.56405105410139
-0.6637000000000001,-12.781916594280606
-0.6647,-12.955926084164007
-0.6657000000000001,-13.13135028534727
-0.6667,-13.3930718758223
-0.6677000000000001,-13.523225315409885
-0.6687,-13.741090855589102
-0.6697000000000001,-13.960371107068182
-0.6707,-14.13438059695158
-0.6717000000000001,-14.345172580631472
-0.6727,-14.57152638860988
-0.6737000000000001,-14.783733083589633
-0.6747,-15.01008689156804
-0.6757000000000001,-15.264734925543747
-0.6767,-15.533530072518102
-0.6777000000000001,-15.70329542850191
-0.6787,-15.972090575476265
-0.6797000000000001,-16.184297270456018
-0.6807,-16.396503965435777
-0.6817000000000001,-16.580416434418233
-0.6827,-16.835064468393938
-0.6837000000000001,-17.103859615368293
-0.6847,-17.358507649344002
-0.6857000000000001,-17.627302796318357
-0.6867,-17.839509491298113
-0.6877000000000001,-18.10830463827247
-0.6887,-18.362952672248177
-0.6897000000000001,-18.631747819222536
-0.6907,-18.97127853119014
-0.6917000000000001,-19.2400736781645
-0.6927,-19.49472171214021
-0.6937000000000001,-19.763516859114564
-0.6947,-20.10304757108217
-0.6957000000000001,-20.371842718056527
-0.6967,-20.683079204026836
-0.6977000000000001,-21.022609915994444
-0.6987,-21.333846401964752
-0.6997000000000001,-21.58849443594046
-0.7007,-21.94217226090672
-0.7017000000000001,-22.196820294882425
-0.7027,-22.550498119848687
-0.7037000000000001,-22.904175944814945
-0.7047,-23.24370665678255
-0.7057000000000001,-23.597384481748815
-0.7067,-23.86617962872317
-0.7077000000000001,-24.20571034069078
-0.7087,-24.601829504652986
-0.7097000000000001,-24.870624651627345
-0.7107,-25.252596702590903
-0.7117000000000001,-25.648715866553115
-0.7127,-25.959952352523427
-0.7137000000000001,-26.38436574248293
-0.7147,-26.738043567449193
-0.7157000000000001,-27.176604070407354
-0.7167,-27.530281895373616
-0.7177000000000001,-27.912253946337174
-0.7187,-28.308373110299385
-0.7197000000000001,-28.704492274261593
-0.7207,-29.14305277721976
-0.7217000000000001,-29.581613280177915
-0.7227,-30.00602667013743
-0.7237000000000001,-30.402145834099635
-0.7247,-30.8407063370578
-0.7257000000000001,-31.321708179011907
-0.7267,-31.717827342974125
-0.7277000000000001,-32.09979939393769
-0.7287,-32.49591855789989
-0.7297000000000001,-33.01936173884996
-0.7307,-33.41548090281216
-0.7317000000000001,-33.89648274476628
-0.7327,-34.377484586720385
-0.7337000000000001,-34.75945663768395
-0.7347,-35.240458479638065
-0.7357000000000001,-35.679018982596226
-0.7367,-36.16002082455034
-0.7376999999999999,-36.64102266650445
-0.7387,-37.07958316946261
-0.7396999999999999,-37.645467689408626
-0.7407,-38.08402819236679
-0.7416999999999999,-38.607471373316855
-0.7427,-39.130914554266916
-0.7436999999999999,-39.654357735216976
-0.7447,-40.220242255162994
-0.7456999999999999,-40.743685436113054
-0.7467,-41.22468727806717
-0.7476999999999999,-41.79057179801318
-0.7487,-42.229132300971344
-0.7496999999999999,-42.752575481921404
-0.7507,-43.31846000186743
-0.7516999999999999,-43.79946184382153
-0.7527,-44.4077877027635
-0.7536999999999999,-44.88878954471762
-0.7547,-45.497115403659585
-0.7556999999999999,-46.062999923605595
-0.7567,-46.544001765559706
-0.7576999999999999,-47.19476896349763
-0.7587,-47.76065348344364
-0.7596999999999999,-48.32653800338966
-0.7607,-48.97730520132757
-0.7616999999999999,-49.59977817326819
-0.7627,-50.20810403221015
-0.7636999999999999,-50.73154721316022
-0.7647,-51.38231441109813
-0.7656999999999999,-51.948198931044146
-0.7667,-52.59896612898206
-0.7676999999999999,-53.26388043991864
-0.7687,-53.91464763785655
-0.7696999999999999,-54.480532157802564
-0.7707,-55.088858016744524
-0.7716999999999999,-55.73962521468245
-0.7727,-56.30550973462846
-0.7736999999999999,-56.88554136757313
-0.7747,-57.53630856551105
-0.7757,-58.14463442445301
-0.7767000000000001,-58.75296028339497
-0.7777,-59.403727481332886
-0.7787000000000001,-60.02620045327351
-0.7797,-60.71940899020737
-0.7807000000000001,-61.327734849149344
-0.7817,-61.97850204708726
-0.7827000000000001,-62.72829903601572
-0.7837,-63.3366248949577
-0.7847000000000001,-63.98739209289561
-0.7857,-64.63815929083353
-0.7867000000000001,-65.43039761875795
-0.7877,-66.03872347769992
-0.7887000000000001,-66.68949067563783
-0.7897,-67.25537519558385
-0.7907000000000001,-68.04761352350828
-0.7917,-68.69838072144618
-0.7927000000000001,-69.4906190493706
-0.7937,-70.09894490831257
-0.7947000000000001,-70.8345947842424
-0.7957,-71.48536198218031
-0.7967000000000001,-72.23515897110877
-0.7977,-72.84348483005074
-0.7987000000000001,-73.6781644969711
-0.7997,-74.32893169490903
-0.8007000000000001,-75.1070229098348
-0.8017,-75.81437855976732
-0.8027000000000001,-76.5924697746931
-0.8037,-77.28567831162695
-0.8047000000000001,-78.03547530055542
-0.8057,-78.77112517648524
-0.8067000000000001,-79.52092216541372
-0.8077,-80.29901338033947
-0.8087000000000001,-81.04881036926795
-0.8097,-81.82690158419373
-0.8107000000000001,-82.61913991211814
-0.8117,-83.35478978804795
-0.8127000000000001,-84.09043966397778
-0.8137,-84.7977953139103
-0.8147000000000001,-85.61832786783202
-0.8157,-86.36812485676049
-0.8167000000000001,-87.23109874967815
-0.8177,-88.02333707760259
-0.8187000000000001,-88.80142829252836
-0.8197,-89.63610795944872
-0.8207000000000001,-90.37175783537855
-0.8217,-91.20643750229891
-0.8227000000000001,-91.98452871722468
-0.8237,-92.6918843671572
-0.8247000000000001,-93.42753424308701
-0.8257,-94.38953792699526
-0.8267000000000001,-95.22421759391563
-0.8277,-96.04475014783733
-0.8287000000000001,-96.87942981475771
-0.8297,-97.61507969068752
-0.8307000000000001,-98.4497593576079
-0.8317,-99.27029191152963
-0.8327000000000001,-100.02008890045809
-0.8337,-100.98209258436633
-0.8347000000000001,-101.71774246029614
-0.8357,-102.63730480520842
-0.8367000000000001,-103.41539602013418
-0.8377,-104.2925170260505
-0.8387000000000001,-105.02816690198033
-0.8397,-105.90528790789664
-0.8407000000000001,-106.73996757481702
-0.8417,-107.47561745074682
-0.8427000000000001,-108.35273845666316
-0.8437,-109.13082967158894
-0.8447000000000001,-109.9655093385093
-0.8457,-110.82848323142699
-0.8467000000000001,-111.57828022035544
-0.8477,-112.48369545226906
-0.8487000000000001,-113.27593378019348
-0.8497,-113.96914231712736
-0.8507000000000001,-114.88870466203963
-0.8517,-115.68094298996405
-0.8527000000000001,-116.45903420488982
-0.8537,-117.33615521080614
-0.8547000000000001,-118.1991291037238
-0.8557,-119.07625010964013
-0.8567000000000001,-119.9109297765605
-0.8577,-120.77390366947817
-0.8587000000000001,-121.60858333639854
-0.8597,-122.38667455132433
-0.8607000000000001,-123.2213542182447
-0.8617,-124.14091656315696
-0.8626999999999999,-124.91900777808273
-0.8637,-125.71124610600715
-0.8646999999999999,-126.5317786599289
-0.8657,-127.32401698785328
-0.8666999999999999,-128.18699088077096
-0.8677,-129.02167054769134
-0.8686999999999999,-129.89879155360765
-0.8697,-130.67688276853346
-0.8706999999999999,-131.55400377444977
-0.8717,-132.37453632837148
-0.8726999999999999,-133.29409867328377
-0.8737,-134.12877834020412
-0.8746999999999999,-134.9917522331218
-0.8757,-135.95375591703004
-0.8766999999999999,-136.7884355839504
-0.8777,-137.70799792886265
-0.8786999999999999,-138.57097182178035
-0.8797,-139.4056514887007
-0.8806999999999999,-140.2686253816184
-0.8817,-141.2306290655266
-0.8826999999999999,-142.03701450644968
-0.8837,-143.0273124163552
-0.8846999999999999,-143.87613919627424
-0.8857,-144.72496597619326
-0.8866999999999999,-145.14937936615277
-0.8857,-144.58349484620675
-0.8846999999999999,-143.87613919627424
-0.8837,-143.3102546763282
-0.8826999999999999,-142.6028990263957
-0.8817,-142.03701450644968
-0.8806999999999999,-141.456982873505
-0.8797,-140.84865701456303
-0.8786999999999999,-140.22618404262244
-0.8777,-139.49053416669264
-0.8766999999999999,-138.7548842907628
-0.8757,-138.04752864083028
-0.8746999999999999,-137.39676144289237
-0.8737,-136.83087692294635
-0.8726999999999999,-136.1801097250084
-0.8717,-135.51519541407185
-0.8706999999999999,-134.77954553814206
-0.8697,-134.12877834020412
-0.8686999999999999,-133.4214226902716
-0.8677,-132.6857728143418
-0.8666999999999999,-131.95012293841197
-0.8657,-131.28520862747538
-0.8646999999999999,-130.5495587515456
-0.8637,-129.98367423159957
-0.8626999999999999,-129.27631858166706
-0.8617,-128.54066870573723
-0.8607000000000001,-127.84746016880335
-0.8597,-127.05522184087894
-0.8587000000000001,-126.5317786599289
-0.8577,-125.83857012299501
-0.8567000000000001,-125.14536158606113
-0.8557,-124.48044727512458
-0.8547000000000001,-123.78723873819072
-0.8537,-123.1364715402528
-0.8527000000000001,-122.38667455132433
-0.8517,-121.65102467539451
-0.8507000000000001,-120.9153747994647
-0.8497,-120.20801914953216
-0.8487000000000001,-119.51481061259831
-0.8477,-118.82160207566443
-0.8467000000000001,-118.15668776472786
-0.8457,-117.46347922779398
-0.8447000000000001,-116.81271202985609
-0.8437,-116.10535637992358
-0.8427000000000001,-115.36970650399375
-0.8417,-114.57746817606933
-0.8407000000000001,-113.92670097813141
-0.8397,-113.23349244119754
-0.8387000000000001,-112.66760792125153
-0.8377,-111.96025227131899
-0.8367000000000001,-111.13971971739728
-0.8357,-110.48895251945936
-0.8347000000000001,-109.78159686952685
-0.8337,-109.17327101058488
-0.8327000000000001,-108.43762113465506
-0.8317,-107.8292952757131
-0.8307000000000001,-107.12193962578058
-0.8297,-106.4287310888467
-0.8287000000000001,-105.86284656890071
-0.8277,-105.11304957997223
-0.8267000000000001,-104.50472372103027
-0.8257,-103.81151518409638
-0.8247000000000001,-103.11830664716253
-0.8237,-102.4958336752219
-0.8227000000000001,-101.76018379929208
-0.8217,-101.06697526235823
-0.8207000000000001,-100.45864940341626
-0.8197,-99.7937350924797
-0.8187000000000001,-99.10052655554581
-0.8177,-98.4497593576079
-0.8167000000000001,-97.88387483766188
-0.8157,-97.21896052672531
-0.8147000000000001,-96.5681933287874
-0.8137,-95.79010211386164
-0.8127000000000001,-95.18177625491967
-0.8117,-94.5168619439831
-0.8107000000000001,-93.90853608504113
-0.8097,-93.30021022609918
-0.8087000000000001,-92.64944302816124
-0.8077,-92.08355850821525
-0.8067000000000001,-91.37620285828272
-0.8057,-90.85275967733266
-0.8047000000000001,-90.20199247939475
-0.8037,-89.63610795944872
-0.8027000000000001,-89.07022343950271
-0.8017,-88.23554377258235
-0.8007000000000001,-87.66965925263632
-0.7997,-87.14621607168625
-0.7987000000000001,-86.5378902127443
-0.7977,-85.84468167581042
-0.7967000000000001,-85.27879715586442
-0.7957,-84.61388284492786
-0.7947000000000001,-84.04799832498183
-0.7937,-83.52455514403178
-0.7927000000000001,-82.9162292850898
-0.7917,-82.26546208715187
-0.7907000000000001,-81.61469488921396
-0.7897,-81.04881036926795
-0.7887000000000001,-80.42633739732734
-0.7877,-79.86045287738132
-0.7867000000000001,-79.33700969643127
-0.7857,-78.64380115949739
-0.7847000000000001,-78.03547530055542
-0.7837,-77.46959078060941
-0.7827000000000001,-76.81882358267148
-0.7817,-76.29538040172143
-0.7807000000000001,-75.6729074297808
-0.7797,-75.06458157083884
-0.7787000000000001,-74.49869705089283
-0.7777,-73.97525386994278
-0.7767000000000001,-73.2820453330089
-0.7757,-72.75860215205884
-0.7747,-72.23515897110877
-0.7736999999999999,-71.6268331121668
-0.7727,-71.10338993121674
-0.7716999999999999,-70.57994675026669
-0.7707,-69.95747377832606
-0.7696999999999999,-69.43403059737601
-0.7687,-68.91058741642594
-0.7676999999999999,-68.30226155748396
-0.7667,-67.82125971552985
-0.7656999999999999,-67.21293385658788
-0.7647,-66.73193201463377
-0.7636999999999999,-66.20848883368372
-0.7627,-65.60016297474175
-0.7616999999999999,-65.03427845479574
-0.7607,-64.55327661284163
-0.7596999999999999,-64.02983343189156
-0.7587,-63.46394891194555
-0.7576999999999999,-62.94050573099548
-0.7567,-62.459503889041365
-0.7556999999999999,-61.89361936909536
-0.7547,-61.37017618814529
-0.7536999999999999,-60.974057024183075
-0.7527,-60.45061384323302
-0.7516999999999999,-59.884729323287
-0.7507,-59.502757272323436
-0.7496999999999999,-58.92272563937878
-0.7487,-58.35684111943277
-0.7476999999999999,-57.93242772947325
-0.7467,-57.45142588751914
-0.7456999999999999,-56.927982706569075
-0.7447,-56.44698086461496
-0.7436999999999999,-55.96597902266086
-0.7427,-55.484977180706736
-0.7416999999999999,-54.961533999756675
-0.7407,-54.56541483579447
-0.7396999999999999,-54.0419716548444
-0.7387,-53.56096981289029
-0.7376999999999999,-53.12240930993213
-0.7367,-52.64140746797801
-0.7357000000000001,-52.2169940780185
-0.7347,-51.77843357506035
-0.7337000000000001,-51.29743173310623
-0.7327,-50.85887123014807
-0.7317000000000001,-50.37786938819396
-0.7307,-49.939308885235796
-0.7297000000000001,-49.557336834272235
-0.7287,-49.03389365332217
-0.7277000000000001,-48.59533315036401
-0.7267,-48.1992139864018
-0.7257000000000001,-47.71821214444768
-0.7247,-47.23721030249357
-0.7237000000000001,-46.79864979953541
-0.7227,-46.37423640957591
-0.7217000000000001,-45.89323456762179
-0.7207,-45.412232725667685
-0.7197000000000001,-45.05855490070142
-0.7187,-44.4926703807554
-0.7177000000000001,-44.054109877797245
-0.7167,-43.657990713835034
-0.7157000000000001,-43.23357732387552
-0.7147,-42.837458159913304
-0.7137000000000001,-42.39889765695515
-0.7127,-42.00277849299294
-0.7117000000000001,-41.606659329030734
-0.7107,-41.182245939071215
-0.7097000000000001,-40.743685436113054
-0.7087,-40.34756627215084
-0.7077000000000001,-39.99388844718459
-0.7067,-39.56947505722508
-0.7057000000000001,-39.173355893262865
-0.7047,-38.734795390304704
-0.7037000000000001,-38.38111756533845
-0.7027,-37.94255706238028
-0.7017000000000001,-37.47570233342482
-0.7007,-37.122024508458566
-0.6997000000000001,-36.768346683492304
-0.6987,-36.329786180534136
-0.6977000000000001,-35.90537279057463
-0.6967,-35.594136304604326
-0.6957000000000001,-35.198017140642115
-0.6947,-34.8018979766799
-0.6937000000000001,-34.41992592571634
-0.6927,-34.02380676175414
-0.6917000000000001,-33.670128936787876
-0.6907,-33.288156885824314
-0.6897000000000001,-32.93447906085806
-0.6887,-32.58080123589179
-0.6877000000000001,-32.24127052392419
-0.6867,-31.887592698957924
-0.6857000000000001,-31.49147353499572
-0.6847,-31.137795710029454
-0.6837000000000001,-30.8407063370578
-0.6827,-30.487028512091538
-0.6817000000000001,-30.10505646112798
-0.6807,-29.836261314153624
-0.6797000000000001,-29.482583489187363
-0.6787,-29.14305277721976
-0.6777000000000001,-28.8742576302454
-0.6767,-28.478138466283188
-0.6757000000000001,-28.18104909331153
-0.6747,-27.869812607341224
-0.6737000000000001,-27.572723234369565
-0.6727,-27.219045409403304
-0.6717000000000001,-26.9643973754276
-0.6707,-26.65316088945729
-0.6697000000000001,-26.34192440348698
-0.6687,-25.959952352523427
-0.6677000000000001,-25.73359854454502
-0.6667,-25.43650917157336
-0.6657000000000001,-25.12527268560305
-0.6647,-24.870624651627345
-0.6637000000000001,-24.559388165657033
-0.6627,-24.24815167968673
-0.6617000000000001,-23.951062306715073
-0.6607,-23.639825820744765
-0.6597000000000001,-23.385177786769056
-0.6587,-23.1163826397947
-0.6577000000000001,-22.819293266823045
-0.6567,-22.550498119848687
-0.6557000000000001,-22.33829142486893
-0.6547,-22.027054938898623
-0.6537000000000001,-21.772406904922917
-0.6527,-21.461170418952605
-0.6517000000000001,-21.248963723972853
-0.6507,-20.93772723800254
-0.6497,-20.72552054302279
-0.6486999999999999,-20.456725396048434
-0.6477,-20.286960040064624
-0.6466999999999999,-20.01816489309027
-0.6457,-19.721075520118614
-0.6446999999999999,-19.49472171214021
-0.6437,-19.2400736781645
-0.6426999999999999,-19.01371987018609
-0.6417,-18.759071836210385
-0.6406999999999999,-18.53271802823198
-0.6397,-18.27806999425627
-0.6386999999999999,-18.06586329927652
-0.6377,-17.797068152302163
-0.6366999999999999,-17.627302796318357
-0.6357,-17.358507649344002
-0.6346999999999999,-17.146300954364243
-0.6337,-16.919947146385837
-0.6326999999999999,-16.70774045140608
-0.6317,-16.495533756426326
-0.6306999999999999,-16.269179948447924
-0.6297,-16.056973253468165
-0.6286999999999999,-15.830619445489761
-0.6277,-15.618412750510005
-0.6266999999999999,-15.3920589425316
-0.6257,-15.307176264539699
-0.6246999999999999,-15.137410908555893
-0.6237,-14.925204213576137
-0.6226999999999999,-14.741291744593681
-0.6217,-14.486643710617974
-0.6206999999999999,-14.30273124163552
-0.6197,-14.090524546655764
-0.6186999999999999,-13.872659006476551
-0.6177,-13.698649516593148
-0.6166999999999999,-13.47936926511407
-0.6157,-13.349215825526485
-0.6146999999999999,-13.13135028534727
-0.6137,-12.955926084164007
-0.6126999999999999,-12.73806054398479
-0.6117,-12.56405105410139
-0.6107000000000001,-12.390041564217992
-0.6097,-12.214617363034726
-0.6087000000000001,-12.040607873151327
-0.6077,-11.82274233297211
-0.6067000000000001,-11.691174182084664
-0.6057,-11.473308641905447
-0.6047000000000001,-11.299299152022046
-0.6037,-11.1677310011346
-0.6027000000000001,-10.993721511251199
-0.6017,-10.819712021367803
-0.6007000000000001,-10.644287820184536
-0.5997,-10.514134380596953
-0.5987000000000001,-10.340124890713554
-0.5977,-10.164700689530287
-0.5967000000000001,-10.034547249942705
-0.5957,-9.85912304875944
-0.5947000000000001,-9.728969609171857
-0.5937,-9.55496011928846
-0.5927000000000001,-9.423391968401008
-0.5917,-9.24938247851761
-0.5907000000000001,-9.11781432763016
-0.5897,-8.943804837746763
-0.5887000000000001,-8.812236686859313
-0.5877,-8.68208324727173
-0.5867000000000001,-8.55051509638428
-0.5857,-8.4203616567967
-0.5847000000000001,-8.288793505909249
-0.5837,-8.158640066321666
-0.5827000000000001,-8.027071915434218
-0.5817,-7.896918475846635
-0.5807000000000001,-7.7653503249591855
-0.5797,-7.635196885371603
-0.5787000000000001,-7.50504344578402
-0.5777,-7.4173313451923875
-0.5767000000000001,-7.28576319430494
-0.5757,-7.155609754717355
-0.5747000000000001,-7.024041603829907
-0.5737,-6.893888164242324
-0.5727000000000001,-6.806176063650692
-0.5717,-6.6760226240631075
-0.5707000000000001,-6.588310523471475
-0.5697,-6.458157083883892
-0.5687000000000001,-6.326588932996443
-0.5677,-6.238876832404812
-0.5667000000000001,-6.152579443113044
-0.5657,-6.064867342521412
-0.5647000000000001,-5.9347139029338285
-0.5637,-5.80314575204638
-0.5627000000000001,-5.715433651454749
-0.5617,-5.629136262162981
-0.5607000000000001,-5.5414241615713475
-0.5597,-5.453712060979717
-0.5587000000000001,-5.323558621392133
-0.5577,-5.235846520800501
-0.5567000000000001,-5.149549131508733
-0.5557,-5.0618370309171015
-0.5547000000000001,-4.974124930325469
-0.5537,-4.887827541033701
-0.5527000000000001,-4.800115440442069
-0.5517,-4.712403339850438
-0.5507000000000001,-4.626105950558669
-0.5497,-4.538393849967037
-0.5487000000000001,-4.450681749375406
-0.5477,-4.406825699079589
-0.5467000000000001,-4.3205283097878215
-0.5457,-4.23281620919619
-0.5447000000000001,-4.146518819904423
-0.5437,-4.0588067193127895
-0.5427000000000001,-3.971094618721158
-0.5417,-3.927238568425342
-0.5407000000000001,-3.840941179133574
-0.5397,-3.7532290785419424
-0.5387000000000001,-3.7093730282461257
-0.5377,-3.623075638954359
-0.5367000000000001,-3.579219588658543
-0.5357,-3.4915074880669104
-0.5347000000000001,-3.447651437771094
-0.5337,-3.361354048479327
-0.5327000000000001,-3.317497998183511
-0.5317,-3.2297858975918787
-0.5307000000000001,-3.1859298472960624
-0.5297,-3.0996324580042955
-0.5287000000000001,-3.055776407708479
-0.5277,-3.0119203574126634
-0.5267000000000001,-2.924208256821031
-0.5257,-2.8803522065252145
-0.5247,-2.794054817233447
-0.5236999999999999,-2.7501987669376318
-0.5227,-2.706342716641815
-0.5216999999999999,-2.662486666345999
-0.5207,-2.618630616050183
-0.5196999999999999,-2.532333226758415
-0.5187,-2.4884771764625997
-0.5176999999999999,-2.4446211261667834
-0.5167,-2.4007650758709675
-0.5156999999999999,-2.3144676865791998
-0.5147,-2.2706116362833835
-0.5136999999999999,-2.226755585987568
-0.5127,-2.1828995356917518
-0.5116999999999999,-2.1390434853959355
-0.5107,-2.095187435100119
-0.5096999999999999,-2.052746096104168
-0.5087,-2.008890045808352
-0.5076999999999999,-1.9650339955125358
-0.5067,-1.92117794521672
-0.5056999999999999,-1.8773218949209036
-0.5047,-1.8334658446250875
-0.5036999999999999,-1.7910245056291363
-0.5027,-1.7471684553333202
-0.5016999999999999,-1.7471684553333202
-0.5007,-1.7033124050375041
-0.4996999999999999,-1.6594563547416883
-0.49870000000000003,-1.6156003044458718
-0.4976999999999999,-1.5717442541500557
-0.49670000000000003,-1.5293029151541047
-0.4956999999999999,-1.4854468648582886
-0.49470000000000003,-1.4854468648582886
-0.4936999999999999,-1.4415908145624723
-0.4927,-1.3980177065266295
-0.4916999999999999,-1.3543031273607997
-0.4907,-1.3107300193249565
-0.4896999999999999,-1.3107300193249565
-0.4887,-1.2671569112891135
-0.4876999999999999,-1.2234423321232837
-0.4867,-1.1798692240874404
-0.48570000000000013,-1.1798692240874404
-0.4847,-1.1362961160515976
-0.48370000000000013,-1.1362961160515976
-0.4827,-1.0925815368857679
-0.48170000000000013,-1.0490084288499246
-0.4807,-1.0490084288499246
-0.4797000000000001,-1.0054353208140816
-0.4787,-1.0054353208140816
-0.4777000000000001,-0.9617207416482519
-0.4767,-0.9181476336124089
-0.4757000000000001,-0.9181476336124089
-0.4747,-0.8745745255765657
-0.4737000000000001,-0.8745745255765657
-0.4727,-0.8308599464107361
-0.4717000000000001,-0.8308599464107361
-0.4707,-0.7872868383748929
-0.4697000000000001,-0.7872868383748929
-0.4687,-0.7437137303390498
-0.4677000000000001,-0.7437137303390498
-0.4667,-0.7001406223032067
-0.4657000000000001,-0.7001406223032067
-0.4647,-0.6564260431373771
-0.4637000000000001,-0.6564260431373771
-0.4627,-0.6564260431373771
-0.4617000000000001,-0.6128529351015338
-0.4607,-0.6128529351015338
-0.4597000000000001,-0.5692798270656908
-0.4587,-0.5692798270656908
-0.4577000000000001,-0.5692798270656908
-0.4567,-0.5255652478998613
-0.4557000000000001,-0.5255652478998613
-0.4547,-0.48199213986401795
-0.4537000000000001,-0.48199213986401795
-0.4527,-0.4384190318281749
-0.4517000000000001,-0.4384190318281749
-0.4507,-0.4384190318281749
-0.4497000000000001,-0.3947044526623452
-0.4487,-0.3947044526623452
-0.4477000000000001,-0.3947044526623452
-0.4467,-0.3947044526623452
-0.4457000000000001,-0.3511313446265021
-0.4447,-0.3511313446265021
-0.4437000000000001,-0.3511313446265021
-0.4427,-0.30755823659065895
-0.4417000000000001,-0.30755823659065895
-0.4407,-0.26384365742482935
-0.4397000000000001,-0.26384365742482935
-0.4387,-0.26384365742482935
-0.4377000000000001,-0.26384365742482935
-0.4367,-0.26384365742482935
-0.4357000000000001,-0.26384365742482935
-0.4347,-0.2202705493889862
-0.4337000000000001,-0.2202705493889862
-0.4327,-0.2202705493889862
-0.4317000000000001,-0.2202705493889862
-0.43069999999999997,-0.1766974413531431
-0.4297000000000001,-0.1766974413531431
-0.42869999999999997,-0.1766974413531431
-0.4277000000000001,-0.1766974413531431
-0.42669999999999997,-0.1766974413531431
-0.4257000000000001,-0.1766974413531431
-0.42469999999999997,-0.1330535977523067
-0.4237000000000001,-0.1330535977523067
-0.42269999999999996,-0.1330535977523067
-0.4217000000000001,-0.1330535977523067
-0.42069999999999996,-0.1330535977523067
-0.4197000000000001,-0.1330535977523067
-0.41869999999999996,-0.08943804837746762
-0.41770000000000007,-0.08943804837746762
-0.41669999999999996,-0.08943804837746762
-0.41570000000000007,-0.08943804837746762
-0.41469999999999996,-0.08943804837746762
-0.41370000000000007,-0.08943804837746762
-0.41269999999999996,-0.08943804837746762
-0.41170000000000007,-0.04582249900262853
-0.41069999999999995,-0.04582249900262853
-0.40970000000000006,-0.04582249900262853
-0.40869999999999995,-0.04582249900262853
-0.40770000000000006,-0.04582249900262853
-0.40669999999999995,-0.04582249900262853
-0.40570000000000006,-0.04582249900262853
-0.40469999999999995,-0.002205534916489592
-0.40370000000000006,-0.002205534916489592
-0.40269999999999995,-0.002205534916489592
-0.40170000000000006,-0.04582249900262853
-0.40069999999999995,-0.002205534916489592
-0.39970000000000006,-0.002205534916489592
-0.39869999999999994,-0.002205534916489592
-0.39770000000000005,-0.002205534916489592
-0.39669999999999994,-0.002205534916489592
-0.39570000000000005,-0.002205534916489592
-0.39469999999999994,0.04140859974704963
-0.39370000000000005,0.04140859974704963
-0.39269999999999994,-0.002205534916489592
-0.39170000000000005,0.04140859974704963
-0.39069999999999994,0.04140859974704963
-0.38970000000000005,0.04140859974704963
-0.38869999999999993,0.04140859974704963
-0.38770000000000004,0.04140859974704963
-0.38669999999999993,0.04140859974704963
-0.38570000000000004,0.04140859974704963
-0.38469999999999993,0.04140859974704963
-0.38370000000000004,0.04140859974704963
-0.38269999999999993,0.04140859974704963
-0.38170000000000004,0.04140859974704963
-0.3806999999999999,0.08502414912188871
-0.37970000000000004,0.08502414912188871
-0.3786999999999999,0.04140859974704963
-0.37770000000000004,0.08502414912188871
-0.3766999999999999,0.04140859974704963
-0.37570000000000003,0.08502414912188871
-0.3746999999999999,0.08502414912188871
-0.37370000000000003,0.08502414912188871
-0.3726999999999999,0.08502414912188871
-0.37170000000000003,0.08502414912188871
-0.3706999999999999,0.08502414912188871
-0.36970000000000003,0.08502414912188871
-0.3686999999999999,0.08502414912188871
-0.3677,0.08502414912188871
-0.3666999999999999,0.08502414912188871
-0.3657,0.08502414912188871
-0.3646999999999999,0.08502414912188871
-0.3637,0.08502414912188871
-0.3626999999999999,0.08502414912188871
-0.3617,0.08502414912188871
-0.36070000000000013,0.08502414912188871
-0.3597,0.12863969849672777
-0.35870000000000013,0.08502414912188871
-0.3577,0.08502414912188871
-0.35670000000000013,0.08502414912188871
-0.3557,0.12863969849672777
-0.3547000000000001,0.08502414912188871
-0.3537,0.12863969849672777
-0.3527000000000001,0.08502414912188871
-0.3517,0.12863969849672777
-0.3507000000000001,0.12863969849672777
-0.3497,0.08502414912188871
-0.3487000000000001,0.12863969849672777
-0.3477,0.12863969849672777
-0.3467000000000001,0.12863969849672777
-0.3457,0.12863969849672777
-0.3447000000000001,0.12863969849672777
-0.3437,0.12863969849672777
-0.3427000000000001,0.08502414912188871
-0.3417,0.12863969849672777
-0.3407000000000001,0.12863969849672777
-0.3397,0.12863969849672777
-0.3387000000000001,0.12863969849672777
-0.3377,0.12863969849672777
-0.3367000000000001,0.12863969849672777
-0.3357,0.12863969849672777
-0.3347000000000001,0.12863969849672777
-0.3337,0.12863969849672777
-0.3327000000000001,0.12863969849672777
-0.3317,0.12863969849672777
-0.3307000000000001,0.12863969849672777
-0.3297,0.12863969849672777
-0.3287000000000001,0.12863969849672777
-0.3277,0.12863969849672777
-0.3267000000000001,0.12863969849672777
-0.3257,0.12863969849672777
-0.3247000000000001,0.12863969849672777
-0.3237,0.12863969849672777
-0.3227000000000001,0.12863969849672777
-0.3217,0.12863969849672777
-0.3207000000000001,0.12863969849672777
-0.3197,0.12863969849672777
-0.3187000000000001,0.12863969849672777
-0.3177,0.12863969849672777
-0.3167000000000001,0.12863969849672777
-0.3157,0.12863969849672777
-0.3147000000000001,0.12863969849672777
-0.3137,0.12863969849672777
-0.3127000000000001,0.12863969849672777
-0.3117,0.12863969849672777
-0.3107000000000001,0.12863969849672777
-0.3097,0.12863969849672777
-0.3087000000000001,0.12863969849672777
-0.3077,0.12863969849672777
-0.3067000000000001,0.12863969849672777
-0.30569999999999997,0.12863969849672777
-0.3047000000000001,0.12863969849672777
-0.30369999999999997,0.12863969849672777
-0.3027000000000001,0.12863969849672777
-0.30169999999999997,0.17231183632356148
-0.3007000000000001,0.12863969849672777
-0.29969999999999997,0.12863969849672777
-0.2987000000000001,0.12863969849672777
-0.29769999999999996,0.12863969849672777
-0.2967000000000001,0.12863969849672777
-0.29569999999999996,0.12863969849672777
-0.2947000000000001,0.12863969849672777
-0.29369999999999996,0.12863969849672777
-0.29270000000000007,0.17231183632356148
-0.29169999999999996,0.12863969849672777
-0.29070000000000007,0.17231183632356148
-0.28969999999999996,0.17231183632356148
-0.28870000000000007,0.17231183632356148
-0.28769999999999996,0.12863969849672777
-0.28670000000000007,0.12863969849672777
-0.28569999999999995,0.17231183632356148
-0.28470000000000006,0.12863969849672777
-0.28369999999999995,0.17231183632356148
-0.28270000000000006,0.12863969849672777
-0.28169999999999995,0.12863969849672777
-0.28070000000000006,0.12863969849672777
-0.27969999999999995,0.12863969849672777
-0.27870000000000006,0.17231183632356148
-0.27769999999999995,0.12863969849672777
-0.27670000000000006,0.17231183632356148
-0.27569999999999995,0.12863969849672777
-0.27470000000000006,0.17231183632356148
-0.27369999999999994,0.17231183632356148
-0.27270000000000005,0.12863969849672777
-0.27169999999999994,0.17231183632356148
-0.27070000000000005,0.12863969849672777
-0.26969999999999994,0.17231183632356148
-0.26870000000000005,0.12863969849672777
-0.26769999999999994,0.17231183632356148
-0.26670000000000005,0.17231183632356148
-0.26569999999999994,0.17231183632356148
-0.26470000000000005,0.17231183632356148
-0.26369999999999993,0.17231183632356148
-0.26270000000000004,0.17231183632356148
-0.26169999999999993,0.12863969849672777
-0.26070000000000004,0.17231183632356148
-0.25969999999999993,0.17231183632356148
-0.25870000000000004,0.17231183632356148
-0.25769999999999993,0.17231183632356148
-0.25670000000000004,0.17231183632356148
-0.2556999999999999,0.12863969849672777
-0.25470000000000004,0.12863969849672777
-0.2536999999999999,0.17231183632356148
-0.25270000000000004,0.17231183632356148
-0.2516999999999999,0.17231183632356148
-0.25070000000000003,0.12863969849672777
-0.24969999999999992,0.17231183632356148
-0.24870000000000003,0.12863969849672777
-0.24769999999999992,0.17231183632356148
-0.24670000000000003,0.12863969849672777
-0.24569999999999992,0.17231183632356148
-0.24470000000000003,0.12863969849672777
-0.24369999999999992,0.17231183632356148
-0.24270000000000003,0.17231183632356148
-0.24169999999999991,0.17231183632356148
-0.24070000000000003,0.17231183632356148
-0.2396999999999999,0.12863969849672777
-0.23870000000000002,0.17231183632356148
-0.2376999999999999,0.17231183632356148
-0.23670000000000002,0.17231183632356148
-0.23570000000000013,0.17231183632356148
-0.23470000000000002,0.17231183632356148
-0.23370000000000013,0.17231183632356148
-0.23270000000000002,0.12863969849672777
-0.23170000000000013,0.17231183632356148
-0.23070000000000002,0.12863969849672777
-0.22970000000000013,0.17231183632356148
-0.22870000000000001,0.17231183632356148
-0.22770000000000012,0.17231183632356148
-0.2267,0.17231183632356148
-0.22570000000000012,0.17231183632356148
-0.2247,0.17231183632356148
-0.22370000000000012,0.17231183632356148
-0.2227,0.17231183632356148
-0.22170000000000012,0.17231183632356148
-0.2207,0.17231183632356148
-0.21970000000000012,0.12863969849672777
-0.2187,0.17231183632356148
-0.21770000000000012,0.17231183632356148
-0.2167,0.17231183632356148
-0.2157000000000001,0.17231183632356148
-0.2147,0.17231183632356148
-0.2137000000000001,0.17231183632356148
-0.2127,0.17231183632356148
-0.2117000000000001,0.17231183632356148
-0.2107,0.17231183632356148
-0.2097000000000001,0.12863969849672777
-0.2087,0.17231183632356148
-0.2077000000000001,0.17231183632356148
-0.2067,0.17231183632356148
-0.2057000000000001,0.17231183632356148
-0.2047,0.17231183632356148
-0.2037000000000001,0.17231183632356148
-0.2027,0.17231183632356148
-0.2017000000000001,0.17231183632356148
-0.2007,0.17231183632356148
-0.1997000000000001,0.17231183632356148
-0.1987,0.12863969849672777
-0.1977000000000001,0.17231183632356148
-0.19669999999999999,0.17231183632356148
-0.1957000000000001,0.17231183632356148
-0.19469999999999998,0.17231183632356148
-0.1937000000000001,0.17231183632356148
-0.19269999999999998,0.17231183632356148
-0.1917000000000001,0.17231183632356148
-0.1907000000000001,0.17231183632356148
-0.1897000000000002,0.12863969849672777
-0.1887000000000001,0.17231183632356148
-0.1877000000000002,0.17231183632356148
-0.1867000000000001,0.17231183632356148
-0.1857000000000002,0.17231183632356148
-0.1847000000000001,0.17231183632356148
-0.1837000000000002,0.17231183632356148
-0.18270000000000008,0.17231183632356148
-0.1817000000000002,0.17231183632356148
-0.18070000000000008,0.17231183632356148
-0.1797000000000002,0.17231183632356148
-0.17870000000000008,0.17231183632356148
-0.1777000000000002,0.17231183632356148
-0.17670000000000008,0.17231183632356148
-0.1757000000000002,0.17231183632356148
-0.17470000000000008,0.17231183632356148
-0.1737000000000002,0.17231183632356148
-0.17270000000000008,0.17231183632356148
-0.17170000000000019,0.17231183632356148
-0.17070000000000007,0.17231183632356148
-0.16970000000000018,0.17231183632356148
-0.16870000000000007,0.17231183632356148
-0.16770000000000018,0.17231183632356148
-0.16670000000000007,0.17231183632356148
-0.16570000000000018,0.17231183632356148
-0.16470000000000007,0.17231183632356148
-0.16370000000000018,0.17231183632356148
-0.16270000000000007,0.17231183632356148
-0.16170000000000018,0.17231183632356148
-0.16070000000000007,0.17231183632356148
-0.15970000000000018,0.17231183632356148
-0.15870000000000006,0.17231183632356148
-0.15770000000000017,0.17231183632356148
-0.15670000000000006,0.17231183632356148
-0.15570000000000017,0.17231183632356148
-0.15470000000000006,0.17231183632356148
-0.15370000000000017,0.17231183632356148
-0.15270000000000006,0.17231183632356148
-0.15170000000000017,0.17231183632356148
-0.15070000000000006,0.17231183632356148
-0.14970000000000017,0.17231183632356148
-0.14870000000000005,0.17231183632356148
-0.14770000000000016,0.17231183632356148
-0.14670000000000005,0.17231183632356148
-0.14570000000000016,0.17231183632356148
-0.14470000000000005,0.17231183632356148
-0.14370000000000016,0.17231183632356148
-0.14270000000000005,0.17231183632356148
-0.14170000000000016,0.17231183632356148
-0.14070000000000005,0.17231183632356148
-0.13970000000000016,0.17231183632356148
-0.13870000000000005,0.17231183632356148
-0.13770000000000016,0.17231183632356148
-0.13670000000000004,0.17231183632356148
-0.13570000000000015,0.17231183632356148
-0.13470000000000004,0.17231183632356148
-0.13370000000000015,0.17231183632356148
-0.13270000000000004,0.17231183632356148
-0.13170000000000015,0.17231183632356148
-0.13070000000000004,0.17231183632356148
-0.12970000000000015,0.17231183632356148
-0.12870000000000004,0.17231183632356148
-0.12770000000000015,0.17231183632356148
-0.12670000000000003,0.17231183632356148
-0.12570000000000014,0.17231183632356148
-0.12470000000000003,0.17231183632356148
-0.12370000000000014,0.17231183632356148
-0.12270000000000003,0.17231183632356148
-0.12170000000000014,0.17231183632356148
-0.12070000000000003,0.17231183632356148
-0.11970000000000014,0.17231183632356148
-0.11870000000000003,0.17231183632356148
-0.11770000000000014,0.17231183632356148
-0.11670000000000003,0.17231183632356148
-0.11570000000000014,0.17231183632356148
-0.11470000000000002,0.17231183632356148
-0.11370000000000013,0.17231183632356148
-0.11270000000000002,0.17231183632356148
-0.11170000000000013,0.17231183632356148
-0.11070000000000024,0.17231183632356148
-0.10970000000000013,0.17231183632356148
-0.10870000000000024,0.17231183632356148
-0.10770000000000013,0.17231183632356148
-0.10670000000000024,0.17231183632356148
-0.10570000000000013,0.17231183632356148
-0.10470000000000024,0.17231183632356148
-0.10370000000000013,0.17231183632356148
-0.10270000000000024,0.17231183632356148
-0.10170000000000012,0.17231183632356148
-0.10070000000000023,0.17231183632356148
-0.09970000000000012,0.17231183632356148
-0.09870000000000023,0.17231183632356148
-0.09770000000000012,0.17231183632356148
-0.09670000000000023,0.21588494435940458
-0.09570000000000012,0.17231183632356148
-0.09470000000000023,0.17231183632356148
-0.09370000000000012,0.17231183632356148
-0.09270000000000023,0.17231183632356148
-0.09170000000000011,0.17231183632356148
-0.09070000000000022,0.17231183632356148
-0.08970000000000011,0.17231183632356148
-0.08870000000000022,0.17231183632356148
-0.08770000000000011,0.17231183632356148
-0.08670000000000022,0.17231183632356148
-0.08570000000000011,0.17231183632356148
-0.08470000000000022,0.17231183632356148
-0.08370000000000011,0.17231183632356148
-0.08270000000000022,0.17231183632356148
-0.0817000000000001,0.17231183632356148
-0.08070000000000022,0.17231183632356148
-0.0797000000000001,0.17231183632356148
-0.07870000000000021,0.17231183632356148
-0.0777000000000001,0.17231183632356148
-0.07670000000000021,0.21588494435940458
-0.0757000000000001,0.17231183632356148
-0.07470000000000021,0.17231183632356148
-0.0737000000000001,0.21588494435940458
-0.07270000000000021,0.17231183632356148
-0.0717000000000001,0.21588494435940458
-0.07070000000000021,0.17231183632356148
-0.0697000000000001,0.17231183632356148
-0.0687000000000002,0.17231183632356148
-0.0677000000000001,0.21588494435940458
-0.0667000000000002,0.17231183632356148
-0.06570000000000009,0.17231183632356148
-0.0647000000000002,0.17231183632356148
-0.06370000000000009,0.17231183632356148
-0.0627000000000002,0.17231183632356148
-0.06170000000000009,0.17231183632356148
-0.0607000000000002,0.21588494435940458
-0.059700000000000086,0.17231183632356148
-0.058700000000000196,0.17231183632356148
-0.057700000000000085,0.17231183632356148
-0.056700000000000195,0.21588494435940458
-0.05570000000000008,0.21588494435940458
-0.05470000000000019,0.17231183632356148
-0.05370000000000008,0.21588494435940458
-0.05270000000000019,0.17231183632356148
-0.05170000000000008,0.21588494435940458
-0.05070000000000019,0.21588494435940458
-0.04970000000000008,0.21588494435940458
-0.04870000000000019,0.21588494435940458
-0.047700000000000076,0.21588494435940458
-0.046700000000000186,0.17231183632356148
-0.045700000000000074,0.21588494435940458
-0.044700000000000184,0.21588494435940458
-0.04370000000000007,0.21588494435940458
-0.04270000000000018,0.21588494435940458
-0.04170000000000007,0.21588494435940458
-0.04070000000000018,0.21588494435940458
-0.03970000000000007,0.21588494435940458
-0.03870000000000018,0.21588494435940458
-0.03770000000000007,0.21588494435940458
-0.03670000000000018,0.21588494435940458
-0.035700000000000065,0.21588494435940458
-0.034700000000000175,0.21588494435940458
-0.03370000000000006,0.21588494435940458
-0.03270000000000017,0.21588494435940458
-0.03170000000000006,0.21588494435940458
-0.03070000000000017,0.21588494435940458
-0.02970000000000006,0.21588494435940458
-0.02870000000000017,0.21588494435940458
-0.027700000000000058,0.21588494435940458
-0.026700000000000168,0.21588494435940458
-0.025700000000000056,0.21588494435940458
-0.024700000000000166,0.21588494435940458
-0.023700000000000054,0.21588494435940458
-0.022700000000000164,0.21588494435940458
-0.021700000000000053,0.21588494435940458
-0.020700000000000163,0.21588494435940458
-0.01970000000000005,0.21588494435940458
-0.01870000000000016,0.21588494435940458
-0.01770000000000005,0.21588494435940458
-0.01670000000000016,0.21588494435940458
-0.015700000000000047,0.21588494435940458
-0.014700000000000157,0.21588494435940458
-0.013700000000000045,0.21588494435940458
-0.012700000000000156,0.21588494435940458
-0.011700000000000044,0.21588494435940458
-0.010700000000000154,0.21588494435940458
-0.009700000000000042,0.21588494435940458
-0.008700000000000152,0.21588494435940458
-0.00770000000000004,0.21588494435940458
-0.00670000000000015,0.21588494435940458
-0.005700000000000038,0.21588494435940458
-0.0047000000000001485,0.21588494435940458
-0.0037000000000000366,0.21588494435940458
-0.0027000000000001467,0.21588494435940458
-0.0017000000000000348,0.21588494435940458
-0.000700000000000145,0.21588494435940458
0.00029999999999996696,0.21588494435940458
0.0012999999999998568,0.21588494435940458
0.0022999999999999687,0.21588494435940458
0.0032999999999998586,0.21588494435940458
0.0042999999999999705,0.2594580523952477
0.00529999999999986,0.21588494435940458
0.006299999999999972,0.21588494435940458
0.007299999999999862,0.21588494435940458
0.008299999999999974,0.21588494435940458
0.009299999999999864,0.21588494435940458
0.010299999999999976,0.21588494435940458
0.011299999999999866,0.2594580523952477
0.012299999999999978,0.21588494435940458
