Potential V vs RHE, Current mA cm-2
0.013299999999999867,-0.002205534916489592
0.012299999999999978,-0.002205534916489592
0.011299999999999866,-0.04582249900262853
0.010299999999999976,-0.002205534916489592
0.009299999999999864,-0.002205534916489592
0.008299999999999974,-0.04582249900262853
0.007299999999999862,-0.04582249900262853
0.006299999999999972,-0.04582249900262853
0.00529999999999986,-0.04582249900262853
0.0042999999999999705,-0.04582249900262853
0.0032999999999998586,-0.04582249900262853
0.0022999999999999687,-0.04582249900262853
0.0012999999999998568,-0.04582249900262853
0.00029999999999996696,-0.04582249900262853
-0.000700000000000145,-0.04582249900262853
-0.0017000000000000348,-0.04582249900262853
-0.0027000000000001467,-0.04582249900262853
-0.0037000000000000366,-0.04582249900262853
-0.0047000000000001485,-0.04582249900262853
-0.005700000000000038,-0.04582249900262853
-0.00670000000000015,-0.04582249900262853
-0.00770000000000004,-0.04582249900262853
-0.008700000000000152,-0.04582249900262853
-0.009700000000000042,-0.04582249900262853
-0.010700000000000154,-0.04582249900262853
-0.011700000000000044,-0.04582249900262853
-0.012700000000000156,-0.04582249900262853
-0.013700000000000045,-0.04582249900262853
-0.014700000000000157,-0.04582249900262853
-0.015700000000000047,-0.04582249900262853
-0.01670000000000016,-0.04582249900262853
-0.01770000000000005,-0.04582249900262853
-0.01870000000000016,-0.04582249900262853
-0.01970000000000005,-0.04582249900262853
-0.020700000000000163,-0.04582249900262853
-0.021700000000000053,-0.04582249900262853
-0.022700000000000164,-0.04582249900262853
-0.023700000000000054,-0.08943804837746762
-0.024700000000000166,-0.04582249900262853
-0.025700000000000056,-0.04582249900262853
-0.026700000000000168,-0.08943804837746762
-0.027700000000000058,-0.08943804837746762
-0.02870000000000017,-0.08943804837746762
-0.02970000000000006,-0.04582249900262853
-0.03070000000000017,-0.08943804837746762
-0.03170000000000006,-0.04582249900262853
-0.03270000000000017,-0.08943804837746762
-0.03370000000000006,-0.08943804837746762
-0.034700000000000175,-0.08943804837746762
-0.035700000000000065,-0.08943804837746762
-0.03670000000000018,-0.08943804837746762
-0.03770000000000007,-0.08943804837746762
-0.03870000000000018,-0.08943804837746762
-0.03970000000000007,-0.04582249900262853
-0.04070000000000018,-0.08943804837746762
-0.04170000000000007,-0.08943804837746762
-0.04270000000000018,-0.08943804837746762
-0.04370000000000007,-0.08943804837746762
-0.044700000000000184,-0.08943804837746762
-0.045700000000000074,-0.08943804837746762
-0.046700000000000186,-0.08943804837746762
-0.047700000000000076,-0.08943804837746762
-0.04870000000000019,-0.08943804837746762
-0.04970000000000008,-0.08943804837746762
-0.05070000000000019,-0.08943804837746762
-0.05170000000000008,-0.08943804837746762
-0.05270000000000019,-0.08943804837746762
-0.05370000000000008,-0.08943804837746762
-0.05470000000000019,-0.08943804837746762
-0.05570000000000008,-0.08943804837746762
-0.056700000000000195,-0.08943804837746762
-0.057700000000000085,-0.08943804837746762
-0.058700000000000196,-0.08943804837746762
-0.059700000000000086,-0.08943804837746762
-0.0607000000000002,-0.08943804837746762
-0.06170000000000009,-0.08943804837746762
-0.0627000000000002,-0.08943804837746762
-0.06370000000000009,-0.1330535977523067
-0.0647000000000002,-0.08943804837746762
-0.06570000000000009,-0.1330535977523067
-0.0667000000000002,-0.08943804837746762
-0.0677000000000001,-0.08943804837746762
-0.0687000000000002,-0.08943804837746762
-0.0697000000000001,-0.08943804837746762
-0.07070000000000021,-0.08943804837746762
-0.0717000000000001,-0.08943804837746762
-0.07270000000000021,-0.08943804837746762
-0.0737000000000001,-0.08943804837746762
-0.07470000000000021,-0.08943804837746762
-0.0757000000000001,-0.08943804837746762
-0.07670000000000021,-0.08943804837746762
-0.0777000000000001,-0.08943804837746762
-0.07870000000000021,-0.08943804837746762
-0.0797000000000001,-0.1330535977523067
-0.08070000000000022,-0.08943804837746762
-0.0817000000000001,-0.1330535977523067
-0.08270000000000022,-0.08943804837746762
-0.08370000000000011,-0.08943804837746762
-0.08470000000000022,-0.08943804837746762
-0.08570000000000011,-0.08943804837746762
-0.08670000000000022,-0.1330535977523067
-0.08770000000000011,-0.08943804837746762
-0.08870000000000022,-0.1330535977523067
-0.08970000000000011,-0.1330535977523067
-0.09070000000000022,-0.08943804837746762
-0.09170000000000011,-0.1330535977523067
-0.09270000000000023,-0.08943804837746762
-0.09370000000000012,-0.1330535977523067
-0.09470000000000023,-0.08943804837746762
-0.09570000000000012,-0.1330535977523067
-0.09670000000000023,-0.1330535977523067
-0.09770000000000012,-0.1330535977523067
-0.09870000000000023,-0.1330535977523067
-0.09970000000000012,-0.08943804837746762
-0.10070000000000023,-0.1330535977523067
-0.10170000000000012,-0.1330535977523067
-0.10270000000000024,-0.1330535977523067
-0.10370000000000013,-0.1330535977523067
-0.10470000000000024,-0.1330535977523067
-0.10570000000000013,-0.08943804837746762
-0.10670000000000024,-0.1330535977523067
-0.10770000000000013,-0.1330535977523067
-0.10870000000000024,-0.1330535977523067
-0.10970000000000013,-0.1330535977523067
-0.11070000000000024,-0.1330535977523067
-0.11170000000000013,-0.1330535977523067
-0.11270000000000002,-0.1330535977523067
-0.11370000000000013,-0.1330535977523067
-0.11470000000000002,-0.1330535977523067
-0.11570000000000014,-0.1330535977523067
-0.11670000000000003,-0.1330535977523067
-0.11770000000000014,-0.1330535977523067
-0.11870000000000003,-0.1330535977523067
-0.11970000000000014,-0.1330535977523067
-0.12070000000000003,-0.1330535977523067
-0.12170000000000014,-0.1330535977523067
-0.12270000000000003,-0.1330535977523067
-0.12370000000000014,-0.1330535977523067
-0.12470000000000003,-0.1330535977523067
-0.12570000000000014,-0.1330535977523067
-0.12670000000000003,-0.1330535977523067
-0.12770000000000015,-0.1330535977523067
-0.12870000000000004,-0.1330535977523067
-0.12970000000000015,-0.1330535977523067
-0.13070000000000004,-0.1330535977523067
-0.13170000000000015,-0.1330535977523067
-0.13270000000000004,-0.1330535977523067
-0.13370000000000015,-0.1330535977523067
-0.13470000000000004,-0.1330535977523067
-0.13570000000000015,-0.1330535977523067
-0.13670000000000004,-0.1330535977523067
-0.13770000000000016,-0.1330535977523067
-0.13870000000000005,-0.1330535977523067
-0.13970000000000016,-0.1330535977523067
-0.14070000000000005,-0.1330535977523067
-0.14170000000000016,-0.1330535977523067
-0.14270000000000005,-0.1330535977523067
-0.14370000000000016,-0.1330535977523067
-0.14470000000000005,-0.1330535977523067
-0.14570000000000016,-0.1330535977523067
-0.14670000000000005,-0.1330535977523067
-0.14770000000000016,-0.1330535977523067
-0.14870000000000005,-0.1330535977523067
-0.14970000000000017,-0.1330535977523067
-0.15070000000000006,-0.1330535977523067
-0.15170000000000017,-0.1330535977523067
-0.15270000000000006,-0.1330535977523067
-0.15370000000000017,-0.1330535977523067
-0.15470000000000006,-0.1330535977523067
-0.15570000000000017,-0.1330535977523067
-0.15670000000000006,-0.1330535977523067
-0.15770000000000017,-0.1330535977523067
-0.15870000000000006,-0.1330535977523067
-0.15970000000000018,-0.1330535977523067
-0.16070000000000007,-0.1766974413531431
-0.16170000000000018,-0.1330535977523067
-0.16270000000000007,-0.1330535977523067
-0.16370000000000018,-0.1330535977523067
-0.16470000000000007,-0.1766974413531431
-0.16570000000000018,-0.1330535977523067
-0.16670000000000007,-0.1330535977523067
-0.16770000000000018,-0.1330535977523067
-0.16870000000000007,-0.1766974413531431
-0.16970000000000018,-0.1766974413531431
-0.17070000000000007,-0.1330535977523067
-0.17170000000000019,-0.1766974413531431
-0.17270000000000008,-0.1766974413531431
-0.1737000000000002,-0.1330535977523067
-0.17470000000000008,-0.1330535977523067
-0.1757000000000002,-0.1766974413531431
-0.17670000000000008,-0.1766974413531431
-0.1777000000000002,-0.1766974413531431
-0.17870000000000008,-0.1766974413531431
-0.1797000000000002,-0.1330535977523067
-0.18070000000000008,-0.1330535977523067
-0.1817000000000002,-0.1330535977523067
-0.18270000000000008,-0.1330535977523067
-0.1837000000000002,-0.1766974413531431
-0.1847000000000001,-0.1330535977523067
-0.1857000000000002,-0.1766974413531431
-0.1867000000000001,-0.1766974413531431
-0.1877000000000002,-0.1766974413531431
-0.1887000000000001,-0.1766974413531431
-0.1897000000000002,-0.1766974413531431
-0.1907000000000001,-0.1766974413531431
-0.1917000000000001,-0.1766974413531431
-0.19269999999999998,-0.1766974413531431
-0.1937000000000001,-0.1766974413531431
-0.19469999999999998,-0.1766974413531431
-0.1957000000000001,-0.1766974413531431
-0.19669999999999999,-0.1766974413531431
-0.1977000000000001,-0.1766974413531431
-0.1987,-0.1766974413531431
-0.1997000000000001,-0.1766974413531431
-0.2007,-0.1766974413531431
-0.2017000000000001,-0.1766974413531431
-0.2027,-0.1766974413531431
-0.2037000000000001,-0.1766974413531431
-0.2047,-0.1766974413531431
-0.2057000000000001,-0.1766974413531431
-0.2067,-0.1766974413531431
-0.2077000000000001,-0.1766974413531431
-0.2087,-0.1766974413531431
-0.2097000000000001,-0.1766974413531431
-0.2107,-0.1766974413531431
-0.2117000000000001,-0.1766974413531431
-0.2127,-0.1766974413531431
-0.2137000000000001,-0.1766974413531431
-0.2147,-0.1766974413531431
-0.2157000000000001,-0.1766974413531431
-0.2167,-0.1766974413531431
-0.21770000000000012,-0.1766974413531431
-0.2187,-0.1766974413531431
-0.21970000000000012,-0.1766974413531431
-0.2207,-0.1766974413531431
-0.22170000000000012,-0.1766974413531431
-0.2227,-0.1766974413531431
-0.22370000000000012,-0.1766974413531431
-0.2247,-0.1766974413531431
-0.22570000000000012,-0.1766974413531431
-0.2267,-0.1766974413531431
-0.22770000000000012,-0.1766974413531431
-0.22870000000000001,-0.1766974413531431
-0.22970000000000013,-0.1766974413531431
-0.23070000000000002,-0.1766974413531431
-0.23170000000000013,-0.1766974413531431
-0.23270000000000002,-0.1766974413531431
-0.23370000000000013,-0.1766974413531431
-0.23470000000000002,-0.1766974413531431
-0.23570000000000013,-0.1766974413531431
-0.23670000000000002,-0.1766974413531431
-0.2376999999999999,-0.1766974413531431
-0.23870000000000002,-0.1766974413531431
-0.2396999999999999,-0.1766974413531431
-0.24070000000000003,-0.1766974413531431
-0.24169999999999991,-0.1766974413531431
-0.24270000000000003,-0.1766974413531431
-0.24369999999999992,-0.2202705493889862
-0.24470000000000003,-0.1766974413531431
-0.24569999999999992,-0.1766974413531431
-0.24670000000000003,-0.1766974413531431
-0.24769999999999992,-0.1766974413531431
-0.24870000000000003,-0.1766974413531431
-0.24969999999999992,-0.1766974413531431
-0.25070000000000003,-0.2202705493889862
-0.2516999999999999,-0.1766974413531431
-0.25270000000000004,-0.1766974413531431
-0.2536999999999999,-0.1766974413531431
-0.25470000000000004,-0.1766974413531431
-0.2556999999999999,-0.1766974413531431
-0.25670000000000004,-0.1766974413531431
-0.25769999999999993,-0.1766974413531431
-0.25870000000000004,-0.2202705493889862
-0.25969999999999993,-0.1766974413531431
-0.26070000000000004,-0.1766974413531431
-0.26169999999999993,-0.2202705493889862
-0.26270000000000004,-0.2202705493889862
-0.26369999999999993,-0.1766974413531431
-0.26470000000000005,-0.2202705493889862
-0.26569999999999994,-0.2202705493889862
-0.26670000000000005,-0.2202705493889862
-0.26769999999999994,-0.2202705493889862
-0.26870000000000005,-0.1766974413531431
-0.26969999999999994,-0.2202705493889862
-0.27070000000000005,-0.2202705493889862
-0.27169999999999994,-0.2202705493889862
-0.27270000000000005,-0.2202705493889862
-0.27369999999999994,-0.2202705493889862
-0.27470000000000006,-0.2202705493889862
-0.27569999999999995,-0.1766974413531431
-0.27670000000000006,-0.2202705493889862
-0.27769999999999995,-0.2202705493889862
-0.27870000000000006,-0.2202705493889862
-0.27969999999999995,-0.2202705493889862
-0.28070000000000006,-0.2202705493889862
-0.28169999999999995,-0.2202705493889862
-0.28270000000000006,-0.2202705493889862
-0.28369999999999995,-0.2202705493889862
-0.28470000000000006,-0.2202705493889862
-0.28569999999999995,-0.2202705493889862
-0.28670000000000007,-0.2202705493889862
-0.28769999999999996,-0.2202705493889862
-0.28870000000000007,-0.2202705493889862
-0.28969999999999996,-0.2202705493889862
-0.29070000000000007,-0.2202705493889862
-0.29169999999999996,-0.2202705493889862
-0.29270000000000007,-0.2202705493889862
-0.29369999999999996,-0.2202705493889862
-0.2947000000000001,-0.2202705493889862
-0.29569999999999996,-0.2202705493889862
-0.2967000000000001,-0.2202705493889862
-0.29769999999999996,-0.2202705493889862
-0.2987000000000001,-0.2202705493889862
-0.29969999999999997,-0.2202705493889862
-0.3007000000000001,-0.2202705493889862
-0.30169999999999997,-0.2202705493889862
-0.3027000000000001,-0.2202705493889862
-0.30369999999999997,-0.2202705493889862
-0.3047000000000001,-0.2202705493889862
-0.30569999999999997,-0.2202705493889862
-0.3067000000000001,-0.2202705493889862
-0.3077,-0.2202705493889862
-0.3087000000000001,-0.26384365742482935
-0.3097,-0.2202705493889862
-0.3107000000000001,-0.2202705493889862
-0.3117,-0.2202705493889862
-0.3127000000000001,-0.2202705493889862
-0.3137,-0.2202705493889862
-0.3147000000000001,-0.2202705493889862
-0.3157,-0.26384365742482935
-0.3167000000000001,-0.2202705493889862
-0.3177,-0.2202705493889862
-0.3187000000000001,-0.26384365742482935
-0.3197,-0.2202705493889862
-0.3207000000000001,-0.2202705493889862
-0.3217,-0.2202705493889862
-0.3227000000000001,-0.26384365742482935
-0.3237,-0.2202705493889862
-0.3247000000000001,-0.26384365742482935
-0.3257,-0.2202705493889862
-0.3267000000000001,-0.26384365742482935
-0.3277,-0.26384365742482935
-0.3287000000000001,-0.2202705493889862
-0.3297,-0.26384365742482935
-0.3307000000000001,-0.2202705493889862
-0.3317,-0.26384365742482935
-0.3327000000000001,-0.26384365742482935
-0.3337,-0.26384365742482935
-0.3347000000000001,-0.26384365742482935
-0.3357,-0.2202705493889862
-0.3367000000000001,-0.26384365742482935
-0.3377,-0.26384365742482935
-0.3387000000000001,-0.26384365742482935
-0.3397,-0.26384365742482935
-0.3407000000000001,-0.26384365742482935
-0.3417,-0.26384365742482935
-0.3427000000000001,-0.26384365742482935
-0.3437,-0.26384365742482935
-0.3447000000000001,-0.26384365742482935
-0.3457,-0.26384365742482935
-0.3467000000000001,-0.26384365742482935
-0.3477,-0.26384365742482935
-0.3487000000000001,-0.26384365742482935
-0.3497,-0.26384365742482935
-0.3507000000000001,-0.26384365742482935
-0.3517,-0.26384365742482935
-0.3527000000000001,-0.26384365742482935
-0.3537,-0.26384365742482935
-0.3547000000000001,-0.26384365742482935
-0.3557,-0.26384365742482935
-0.35670000000000013,-0.26384365742482935
-0.3577,-0.26384365742482935
-0.35870000000000013,-0.26384365742482935
-0.3597,-0.26384365742482935
-0.36070000000000013,-0.26384365742482935
-0.3617,-0.26384365742482935
-0.3626999999999999,-0.26384365742482935
-0.3637,-0.26384365742482935
-0.3646999999999999,-0.26384365742482935
-0.3657,-0.26384365742482935
-0.3666999999999999,-0.26384365742482935
-0.3677,-0.26384365742482935
-0.3686999999999999,-0.30755823659065895
-0.36970000000000003,-0.26384365742482935
-0.3706999999999999,-0.30755823659065895
-0.37170000000000003,-0.30755823659065895
-0.3726999999999999,-0.26384365742482935
-0.37370000000000003,-0.30755823659065895
-0.3746999999999999,-0.30755823659065895
-0.37570000000000003,-0.30755823659065895
-0.3766999999999999,-0.30755823659065895
-0.37770000000000004,-0.30755823659065895
-0.3786999999999999,-0.30755823659065895
-0.37970000000000004,-0.30755823659065895
-0.3806999999999999,-0.30755823659065895
-0.38170000000000004,-0.30755823659065895
-0.38269999999999993,-0.30755823659065895
-0.38370000000000004,-0.30755823659065895
-0.38469999999999993,-0.30755823659065895
-0.38570000000000004,-0.30755823659065895
-0.38669999999999993,-0.30755823659065895
-0.38770000000000004,-0.30755823659065895
-0.38869999999999993,-0.30755823659065895
-0.38970000000000005,-0.30755823659065895
-0.39069999999999994,-0.30755823659065895
-0.39170000000000005,-0.30755823659065895
-0.39269999999999994,-0.30755823659065895
-0.39370000000000005,-0.3511313446265021
-0.39469999999999994,-0.30755823659065895
-0.39570000000000005,-0.30755823659065895
-0.39669999999999994,-0.3511313446265021
-0.39770000000000005,-0.30755823659065895
-0.39869999999999994,-0.30755823659065895
-0.39970000000000006,-0.3511313446265021
-0.40069999999999995,-0.3511313446265021
-0.40170000000000006,-0.3511313446265021
-0.40269999999999995,-0.3511313446265021
-0.40370000000000006,-0.3511313446265021
-0.40469999999999995,-0.3511313446265021
-0.40570000000000006,-0.3511313446265021
-0.40669999999999995,-0.3511313446265021
-0.40770000000000006,-0.3511313446265021
-0.40869999999999995,-0.3511313446265021
-0.40970000000000006,-0.3511313446265021
-0.41069999999999995,-0.3511313446265021
-0.41170000000000007,-0.3511313446265021
-0.41269999999999996,-0.3511313446265021
-0.41370000000000007,-0.3511313446265021
-0.41469999999999996,-0.3511313446265021
-0.41570000000000007,-0.3947044526623452
-0.41669999999999996,-0.3947044526623452
-0.41770000000000007,-0.3947044526623452
-0.41869999999999996,-0.3947044526623452
-0.4197000000000001,-0.3947044526623452
-0.42069999999999996,-0.3947044526623452
-0.4217000000000001,-0.3947044526623452
-0.42269999999999996,-0.3947044526623452
-0.4237000000000001,-0.3947044526623452
-0.42469999999999997,-0.3947044526623452
-0.4257000000000001,-0.4384190318281749
-0.42669999999999997,-0.4384190318281749
-0.4277000000000001,-0.4384190318281749
-0.42869999999999997,-0.4384190318281749
-0.4297000000000001,-0.4384190318281749
-0.43069999999999997,-0.4384190318281749
-0.4317000000000001,-0.4384190318281749
-0.4327,-0.4384190318281749
-0.4337000000000001,-0.4384190318281749
-0.4347,-0.48199213986401795
-0.4357000000000001,-0.48199213986401795
-0.4367,-0.48199213986401795
-0.4377000000000001,-0.48199213986401795
-0.4387,-0.48199213986401795
-0.4397000000000001,-0.48199213986401795
-0.4407,-0.48199213986401795
-0.4417000000000001,-0.5255652478998613
-0.4427,-0.48199213986401795
-0.4437000000000001,-0.5255652478998613
-0.4447,-0.5255652478998613
-0.4457000000000001,-0.5255652478998613
-0.4467,-0.5255652478998613
-0.4477000000000001,-0.5692798270656908
-0.4487,-0.5692798270656908
-0.4497000000000001,-0.5692798270656908
-0.4507,-0.5692798270656908
-0.4517000000000001,-0.5692798270656908
-0.4527,-0.6128529351015338
-0.4537000000000001,-0.6128529351015338
-0.4547,-0.6128529351015338
-0.4557000000000001,-0.6128529351015338
-0.4567,-0.6564260431373771
-0.4577000000000001,-0.6564260431373771
-0.4587,-0.6564260431373771
-0.4597000000000001,-0.6564260431373771
-0.4607,-0.6564260431373771
-0.4617000000000001,-0.7001406223032067
-0.4627,-0.7001406223032067
-0.4637000000000001,-0.7001406223032067
-0.4647,-0.7437137303390498
-0.4657000000000001,-0.7437137303390498
-0.4667,-0.7872868383748929
-0.4677000000000001,-0.7437137303390498
-0.4687,-0.7872868383748929
-0.4697000000000001,-0.7872868383748929
-0.4707,-0.8308599464107361
-0.4717000000000001,-0.8308599464107361
-0.4727,-0.8308599464107361
-0.4737000000000001,-0.8745745255765657
-0.4747,-0.8745745255765657
-0.4757000000000001,-0.9181476336124089
-0.4767,-0.9181476336124089
-0.4777000000000001,-0.9181476336124089
-0.4787,-0.9617207416482519
-0.4797000000000001,-0.9617207416482519
-0.4807,-0.9617207416482519
-0.48170000000000013,-1.0054353208140816
-0.4827,-1.0490084288499246
-0.48370000000000013,-1.0490084288499246
-0.4847,-1.0490084288499246
-0.48570000000000013,-1.0490084288499246
-0.4867,-1.0925815368857679
-0.4876999999999999,-1.0925815368857679
-0.4887,-1.0925815368857679
-0.4896999999999999,-1.1362961160515976
-0.4907,-1.1798692240874404
-0.4916999999999999,-1.1798692240874404
-0.4927,-1.2234423321232837
-0.4936999999999999,-1.2234423321232837
-0.49470000000000003,-1.2234423321232837
-0.4956999999999999,-1.2671569112891135
-0.49670000000000003,-1.2671569112891135
-0.4976999999999999,-1.3107300193249565
-0.49870000000000003,-1.3107300193249565
-0.4996999999999999,-1.3107300193249565
-0.5007,-1.3543031273607997
-0.5016999999999999,-1.3980177065266295
-0.5027,-1.3980177065266295
-0.5036999999999999,-1.4415908145624723
-0.5047,-1.4415908145624723
-0.5056999999999999,-1.4854468648582886
-0.5067,-1.4854468648582886
-0.5076999999999999,-1.4854468648582886
-0.5087,-1.5293029151541047
-0.5096999999999999,-1.5717442541500557
-0.5107,-1.5717442541500557
-0.5116999999999999,-1.6156003044458718
-0.5127,-1.6594563547416883
-0.5136999999999999,-1.6594563547416883
-0.5147,-1.7033124050375041
-0.5156999999999999,-1.7033124050375041
-0.5167,-1.7033124050375041
-0.5176999999999999,-1.7471684553333202
-0.5187,-1.7471684553333202
-0.5196999999999999,-1.7910245056291363
-0.5207,-1.8334658446250875
-0.5216999999999999,-1.8334658446250875
-0.5227,-1.8773218949209036
-0.5236999999999999,-1.8773218949209036
-0.5247,-1.92117794521672
-0.5257,-1.9650339955125358
-0.5267000000000001,-1.9650339955125358
-0.5277,-2.008890045808352
-0.5287000000000001,-2.052746096104168
-0.5297,-2.052746096104168
-0.5307000000000001,-2.095187435100119
-0.5317,-2.1390434853959355
-0.5327000000000001,-2.1390434853959355
-0.5337,-2.1828995356917518
-0.5347000000000001,-2.1828995356917518
-0.5357,-2.2706116362833835
-0.5367000000000001,-2.2706116362833835
-0.5377,-2.3144676865791998
-0.5387000000000001,-2.3144676865791998
-0.5397,-2.3569090255751513
-0.5407000000000001,-2.4007650758709675
-0.5417,-2.4007650758709675
-0.5427000000000001,-2.4446211261667834
-0.5437,-2.4446211261667834
-0.5447000000000001,-2.4884771764625997
-0.5457,-2.532333226758415
-0.5467000000000001,-2.576189277054232
-0.5477,-2.618630616050183
-0.5487000000000001,-2.618630616050183
-0.5497,-2.706342716641815
-0.5507000000000001,-2.706342716641815
-0.5517,-2.7501987669376318
-0.5527000000000001,-2.7501987669376318
-0.5537,-2.794054817233447
-0.5547000000000001,-2.8379108675292635
-0.5557,-2.8803522065252145
-0.5567000000000001,-2.924208256821031
-0.5577,-2.968064307116847
-0.5587000000000001,-3.0119203574126634
-0.5597,-3.055776407708479
-0.5607000000000001,-3.0996324580042955
-0.5617,-3.0996324580042955
-0.5627000000000001,-3.1420737970002466
-0.5637,-3.1859298472960624
-0.5647000000000001,-3.2297858975918787
-0.5657,-3.273641947887695
-0.5667000000000001,-3.317497998183511
-0.5677,-3.361354048479327
-0.5687000000000001,-3.403795387475278
-0.5697,-3.403795387475278
-0.5707000000000001,-3.4915074880669104
-0.5717,-3.4915074880669104
-0.5727000000000001,-3.579219588658543
-0.5737,-3.623075638954359
-0.5747000000000001,-3.6655169779503103
-0.5757,-3.7093730282461257
-0.5767000000000001,-3.7532290785419424
-0.5777,-3.7970851288377587
-0.5787000000000001,-3.840941179133574
-0.5797,-3.884797229429391
-0.5807000000000001,-3.971094618721158
-0.5817,-4.014950669016974
-0.5827000000000001,-4.0588067193127895
-0.5837,-4.102662769608606
-0.5847000000000001,-4.1889601589003735
-0.5857,-4.1889601589003735
-0.5867000000000001,-4.276672259492005
-0.5877,-4.3205283097878215
-0.5887000000000001,-4.406825699079589
-0.5897,-4.450681749375406
-0.5907000000000001,-4.494537799671222
-0.5917,-4.582249900262854
-0.5927000000000001,-4.626105950558669
-0.5937,-4.668547289554621
-0.5947000000000001,-4.712403339850438
-0.5957,-4.800115440442069
-0.5967000000000001,-4.887827541033701
-0.5977,-4.974124930325469
-0.5987000000000001,-4.974124930325469
-0.5997,-5.017980980621284
-0.6007000000000001,-5.105693081212917
-0.6017,-5.191990470504685
-0.6027000000000001,-5.279702571096316
-0.6037,-5.323558621392133
-0.6047000000000001,-5.367414671687949
-0.6057,-5.497568111275533
-0.6067000000000001,-5.5414241615713475
-0.6077,-5.629136262162981
-0.6087000000000001,-5.672992312458796
-0.6097,-5.759289701750564
-0.6107000000000001,-5.847001802342197
-0.6117,-5.9347139029338285
-0.6126999999999999,-6.021011292225596
-0.6137,-6.108723392817228
-0.6146999999999999,-6.152579443113044
-0.6157,-6.238876832404812
-0.6166999999999999,-6.326588932996443
-0.6177,-6.414301033588076
-0.6186999999999999,-6.500598422879844
-0.6197,-6.588310523471475
-0.6206999999999999,-6.6760226240631075
-0.6217,-6.762320013354876
-0.6226999999999999,-6.806176063650692
-0.6237,-6.93774421453814
-0.6246999999999999,-7.024041603829907
-0.6257,-7.155609754717355
-0.6266999999999999,-7.243321855308987
-0.6277,-7.28576319430494
-0.6286999999999999,-7.4173313451923875
-0.6297,-7.50504344578402
-0.6306999999999999,-7.635196885371603
-0.6317,-7.7653503249591855
-0.6326999999999999,-7.853062425550818
-0.6337,-7.940774526142452
-0.6346999999999999,-8.027071915434218
-0.6357,-8.202496116617484
-0.6366999999999999,-8.288793505909249
-0.6377,-8.4203616567967
-0.6386999999999999,-8.55051509638428
-0.6397,-8.68208324727173
-0.6406999999999999,-8.812236686859313
-0.6417,-8.899948787450944
-0.6426999999999999,-9.031516938338395
-0.6437,-9.11781432763016
-0.6446999999999999,-9.293238528813426
-0.6457,-9.423391968401008
-0.6466999999999999,-9.55496011928846
-0.6477,-9.685113558876042
-0.6486999999999999,-9.81668170976349
-0.6497,-9.946835149351072
-0.6507,-10.078403300238522
-0.6517000000000001,-10.208556739826104
-0.6527,-10.382566229709504
-0.6537000000000001,-10.557990430892769
-0.6547,-10.731999920776168
-0.6557000000000001,-10.819712021367803
-0.6567,-10.993721511251199
-0.6577000000000001,-11.1677310011346
-0.6587,-11.385596541313816
-0.6597000000000001,-11.517164692201263
-0.6607,-11.691174182084664
-0.6617000000000001,-11.86659838326793
-0.6627,-12.040607873151327
-0.6637000000000001,-12.214617363034726
-0.6647,-12.346185513922174
-0.6657000000000001,-12.56405105410139
-0.6667,-12.73806054398479
-0.6677000000000001,-12.869628694872238
-0.6687,-13.043638184755638
-0.6697000000000001,-13.30535977523067
-0.6707,-13.523225315409885
-0.6717000000000001,-13.654793466297335
-0.6727,-13.916515056772363
-0.6737000000000001,-14.13438059695158
-0.6747,-14.345172580631472
-0.6757000000000001,-14.57152638860988
-0.6767,-14.783733083589633
-0.6777000000000001,-15.01008689156804
-0.6787,-15.222293586547794
-0.6797000000000001,-15.448647394526201
-0.6807,-15.70329542850191
-0.6817000000000001,-15.91550212348166
-0.6827,-16.22673860945197
-0.6837000000000001,-16.396503965435777
-0.6847,-16.665299112410132
-0.6857000000000001,-16.919947146385837
-0.6867,-17.146300954364243
-0.6877000000000001,-17.316066310348052
-0.6887,-17.627302796318357
-0.6897000000000001,-17.924392169290012
-0.6907,-18.19318731626437
-0.6917000000000001,-18.44783535024008
-0.6927,-18.759071836210385
-0.6937000000000001,-19.112749661176647
-0.6947,-19.3249563561564
-0.6957000000000001,-19.636192842126707
-0.6967,-19.93328221509837
-0.6977000000000001,-20.244518701068674
-0.6987,-20.499166735044383
-0.6997000000000001,-20.810403221014692
-0.7007,-21.149933932982297
-0.7017000000000001,-21.461170418952605
-0.7027,-21.814848243918867
-0.7037000000000001,-22.15437895588647
-0.7047,-22.42317410286083
-0.7057000000000001,-22.819293266823045
-0.7067,-23.2012653177866
-0.7077000000000001,-23.51250180375691
-0.7087,-23.823738289727217
-0.7097000000000001,-24.20571034069078
-0.7107,-24.601829504652986
-0.7117000000000001,-24.9130659906233
-0.7127,-25.252596702590903
-0.7137000000000001,-25.60627452755716
-0.7147,-26.002393691519377
-0.7157000000000001,-26.34192440348698
-0.7167,-26.738043567449193
-0.7177000000000001,-27.049280053419505
-0.7187,-27.530281895373616
-0.7197000000000001,-27.827371268345274
-0.7207,-28.13860775431558
-0.7217000000000001,-28.577168257273744
-0.7227,-28.959140308237306
-0.7237000000000001,-29.35525947219951
-0.7247,-29.751378636161718
-0.7257000000000001,-30.189939139119886
-0.7267,-30.571911190083444
-0.7277000000000001,-31.052913032037555
-0.7287,-31.40659085700382
-0.7297000000000001,-31.802710020966025
-0.7307,-32.24127052392419
-0.7317000000000001,-32.62324257488775
-0.7327,-33.06180307784591
-0.7337000000000001,-33.50036358080407
-0.7347,-33.93892408376223
-0.7357000000000001,-34.41992592571634
-0.7367,-34.75945663768395
-0.7376999999999999,-35.282899818634014
-0.7387,-35.679018982596226
-0.7396999999999999,-36.16002082455034
-0.7407,-36.64102266650445
-0.7416999999999999,-37.122024508458566
-0.7427,-37.56058501141672
-0.7436999999999999,-38.04158685337084
-0.7447,-38.522588695324956
-0.7456999999999999,-38.94700208528445
-0.7467,-39.56947505722508
-0.7476999999999999,-40.092918238175145
-0.7487,-40.51733162813464
-0.7496999999999999,-41.083216148080666
-0.7507,-41.56421799003478
-0.7516999999999999,-42.00277849299294
-0.7527,-42.568663012938956
-0.7536999999999999,-43.134547532884966
-0.7547,-43.657990713835034
-0.7556999999999999,-44.181433894785094
-0.7567,-44.74731841473111
-0.7576999999999999,-45.32735004767578
-0.7587,-45.85079322862584
-0.7596999999999999,-46.37423640957591
-0.7607,-46.94012092952192
-0.7616999999999999,-47.46356411047198
-0.7627,-48.071889969413945
-0.7636999999999999,-48.63777448935996
-0.7647,-49.20365900930597
-0.7656999999999999,-49.81198486824794
-0.7667,-50.29298671020206
-0.7676999999999999,-50.943753908139975
-0.7687,-51.55207976708194
-0.7696999999999999,-52.2169940780185
-0.7707,-52.74043725896857
-0.7716999999999999,-53.26388043991864
-0.7727,-53.999530315848446
-0.7736999999999999,-54.60785617479041
-0.7747,-55.21618203373238
-0.7757,-55.7820665536784
-0.7767000000000001,-56.44698086461496
-0.7777,-57.14018940154883
-0.7787000000000001,-57.8333979384827
-0.7797,-58.498312249419264
-0.7807000000000001,-59.10663810836124
-0.7817,-59.757405306299155
-0.7827000000000001,-60.40817250423707
-0.7837,-61.11552815416958
-0.7847000000000001,-61.6814126741156
-0.7857,-62.33217987205352
-0.7867000000000001,-62.98294706999144
-0.7877,-63.633714267929356
-0.7887000000000001,-64.34106991786187
-0.7897,-65.03427845479574
-0.7907000000000001,-65.64260431373769
-0.7917,-66.39240130266617
-0.7927000000000001,-67.08560983960004
-0.7937,-67.73637703753796
-0.7947000000000001,-68.48617402646643
-0.7957,-69.22182390239624
-0.7967000000000001,-69.87259110033416
-0.7977,-70.66482942825859
-0.7987000000000001,-71.27315528720055
-0.7997,-72.00880516313036
-0.8007000000000001,-72.80104349105478
-0.8017,-73.40936934999675
-0.8027000000000001,-74.20160767792116
-0.8037,-74.8523748758591
-0.8047000000000001,-75.6729074297808
-0.8057,-76.42270441870929
-0.8067000000000001,-77.1583542946391
-0.8077,-77.86570994457162
-0.8087000000000001,-78.60135982050144
-0.8097,-79.37945103542721
-0.8107000000000001,-80.17168936335163
-0.8117,-80.86489790028548
-0.8127000000000001,-81.61469488921396
-0.8137,-82.39278610413973
-0.8147000000000001,-83.18502443206415
-0.8157,-83.92067430799398
-0.8167000000000001,-84.6563241839238
-0.8177,-85.40612117285227
-0.8187000000000001,-86.18421238777805
-0.8197,-86.93400937670651
-0.8207000000000001,-87.71210059163228
-0.8217,-88.4194562415648
-0.8227000000000001,-89.15510611749461
-0.8237,-89.94734444541903
-0.8247000000000001,-90.85275967733266
-0.8257,-91.60255666626112
-0.8267000000000001,-92.42308922018285
-0.8277,-93.25776888710321
-0.8287000000000001,-93.99341876303303
-0.8297,-94.8280984299534
-0.8307000000000001,-95.60618964487918
-0.8317,-96.44086931179956
-0.8327000000000001,-97.31799031771587
-0.8337,-98.01119885464975
-0.8347000000000001,-98.83173140857146
-0.8357,-99.62396973649588
-0.8367000000000001,-100.54353208140815
-0.8377,-101.32162329633393
-0.8387000000000001,-102.1563029632543
-0.8397,-102.89195283918411
-0.8407000000000001,-103.7266325061045
-0.8417,-104.58960639902216
-0.8427000000000001,-105.38184472694657
-0.8437,-106.21652439386696
-0.8447000000000001,-107.03705694778867
-0.8457,-107.8292952757131
-0.8467000000000001,-108.77715184662266
-0.8477,-109.52694883555114
-0.8487000000000001,-110.3050400504769
-0.8497,-111.13971971739728
-0.8507000000000001,-111.96025227131899
-0.8517,-112.79493193823936
-0.8527000000000001,-113.53058181416918
-0.8537,-114.36526148108955
-0.8547000000000001,-115.10091135701937
-0.8557,-115.93559102393975
-0.8567000000000001,-116.81271202985609
-0.8577,-117.63324458377778
-0.8587000000000001,-118.72257228467387
-0.8597,-119.4299279346064
-0.8607000000000001,-120.20801914953216
-0.8617,-121.00025747745659
-0.8626999999999999,-121.82079003137831
-0.8637,-122.57058702030677
-0.8646999999999999,-123.39111957422851
-0.8657,-124.22579924114888
-0.8666999999999999,-125.04633179507057
-0.8677,-125.83857012299501
-0.8686999999999999,-126.57421999892482
-0.8697,-127.57866502182902
-0.8706999999999999,-128.41334468874936
-0.8717,-129.1489945646792
-0.8726999999999999,-130.02611557059552
-0.8737,-130.90323657651186
-0.8746999999999999,-131.68132779143764
-0.8757,-132.516007458358
-0.8766999999999999,-133.37898135127566
-0.8777,-134.256102357192
-0.8786999999999999,-135.1332233631083
-0.8797,-135.95375591703004
-0.8806999999999999,-136.7884355839504
-0.8817,-137.56652679887617
-0.8826999999999999,-138.48608914378846
-0.8837,-139.36321014970477
-0.8846999999999999,-140.18374270362645
-0.8857,-140.9759810315509
-0.8866999999999999,-141.41454153450906
-0.8857,-140.84865701456303
-0.8846999999999999,-140.325213833613
-0.8837,-139.6602995226764
-0.8826999999999999,-139.05197366373446
-0.8817,-138.48608914378846
-0.8806999999999999,-137.79288060685457
-0.8797,-137.12796629591801
-0.8786999999999999,-136.43475775898415
-0.8777,-135.86887323903812
-0.8766999999999999,-135.26054738009617
-0.8757,-134.5107503911677
-0.8746999999999999,-133.94486587122168
-0.8737,-133.37898135127566
-0.8726999999999999,-132.7706554923337
-0.8717,-132.07744695539984
-0.8706999999999999,-131.37009130546733
-0.8697,-130.76176544652535
-0.8686999999999999,-130.19588092657932
-0.8677,-129.5451137286414
-0.8666999999999999,-128.93678786969946
-0.8657,-128.41334468874936
-0.8646999999999999,-127.66354769982091
-0.8637,-126.97033916288706
-0.8626999999999999,-126.23468928695722
-0.8617,-125.48489229802875
-0.8607000000000001,-124.7916837610949
-0.8597,-124.14091656315696
-0.8587000000000001,-123.6174733822069
-0.8577,-122.86767639327843
-0.8567000000000001,-122.30179187333242
-0.8557,-121.65102467539451
-0.8547000000000001,-121.00025747745659
-0.8537,-120.25046048852812
-0.8527000000000001,-119.5996932905902
-0.8517,-118.94892609265229
-0.8507000000000001,-118.29815889471436
-0.8497,-117.59080324478184
-0.8487000000000001,-116.94003604684394
-0.8477,-116.33171018790196
-0.8467000000000001,-115.68094298996405
-0.8457,-115.01602867902749
-0.8447000000000001,-114.36526148108955
-0.8437,-113.67205294415571
-0.8427000000000001,-113.06372708521374
-0.8417,-112.39881277427718
-0.8407000000000001,-111.74804557633925
-0.8397,-110.96995436141347
-0.8387000000000001,-110.40406984146746
-0.8377,-109.73915553053091
-0.8367000000000001,-109.13082967158894
-0.8357,-108.48006247365102
-0.8347000000000001,-107.87173661470905
-0.8337,-107.26341075576708
-0.8327000000000001,-106.51361376683862
-0.8317,-105.94772924689259
-0.8307000000000001,-105.33940338795064
-0.8297,-104.68863619001272
-0.8287000000000001,-104.12275167006669
-0.8277,-103.41539602013418
-0.8267000000000001,-102.84951150018817
-0.8257,-102.1563029632543
-0.8247000000000001,-101.59041844330828
-0.8237,-100.88306279337576
-0.8227000000000001,-100.14741291744595
-0.8217,-99.58152839749994
-0.8207000000000001,-98.88831986056607
-0.8197,-98.3082882276214
-0.8187000000000001,-97.6575210296835
-0.8177,-97.00675383174556
-0.8167000000000001,-96.3984279728036
-0.8157,-95.83254345285758
-0.8147000000000001,-95.12518780292505
-0.8137,-94.5168619439831
-0.8127000000000001,-93.90853608504113
-0.8117,-93.30021022609918
-0.8107000000000001,-92.81920838414506
-0.8097,-92.16844118620713
-0.8087000000000001,-91.51767398826922
-0.8077,-90.89520101632861
-0.8067000000000001,-90.32931649638259
-0.8057,-89.67854929844468
-0.8047000000000001,-89.02778210050676
-0.8037,-88.4194562415648
-0.8027000000000001,-87.85357172161878
-0.8017,-87.23109874967815
-0.8007000000000001,-86.5378902127443
-0.7997,-85.88712301480638
-0.7987000000000001,-85.27879715586442
-0.7977,-84.61388284492786
-0.7967000000000001,-84.13288100297372
-0.7957,-83.48211380503581
-0.7947000000000001,-82.87378794609386
-0.7937,-82.30790342614785
-0.7927000000000001,-81.78446024519776
-0.7917,-81.21857572525175
-0.7907000000000001,-80.61024986630979
-0.7897,-80.00192400736783
-0.7887000000000001,-79.37945103542721
-0.7877,-78.91259630647174
-0.7867000000000001,-78.33256467352709
-0.7857,-77.80912149257702
-0.7847000000000001,-77.1583542946391
-0.7837,-76.5924697746931
-0.7827000000000001,-76.11146793273898
-0.7817,-75.50314207379701
-0.7807000000000001,-74.93725755385098
-0.7797,-74.32893169490903
-0.7787000000000001,-73.76304717496302
-0.7777,-73.15472131602105
-0.7767000000000001,-72.63127813507097
-0.7757,-72.05124650212633
-0.7747,-71.52780332117625
-0.7736999999999999,-70.91947746223428
-0.7727,-70.35359294228827
-0.7716999999999999,-69.78770842234226
-0.7707,-69.22182390239624
-0.7696999999999999,-68.65593938245023
-0.7687,-68.04761352350828
-0.7676999999999999,-67.52417034255821
-0.7667,-66.91584448361623
-0.7656999999999999,-66.43484264166212
-0.7647,-65.99628213870396
-0.7636999999999999,-65.38795627976201
-0.7627,-64.86451309881193
-0.7616999999999999,-64.34106991786187
-0.7607,-63.77518539791585
-0.7596999999999999,-63.29418355596174
-0.7587,-62.77074037501168
-0.7576999999999999,-62.24729719406162
-0.7567,-61.72385401311155
-0.7556999999999999,-61.242852171157445
-0.7547,-60.761850329203334
-0.7536999999999999,-60.19596580925731
-0.7527,-59.757405306299155
-0.7516999999999999,-59.27640346434504
-0.7507,-58.75296028339497
-0.7496999999999999,-58.22951710244491
-0.7487,-57.79095659948675
-0.7476999999999999,-57.26751341853669
-0.7467,-56.74407023758662
-0.7456999999999999,-56.26306839563251
-0.7447,-55.73962521468245
-0.7436999999999999,-55.21618203373238
-0.7427,-54.73518019177827
-0.7416999999999999,-54.35320814081471
-0.7407,-53.872206298860604
-0.7396999999999999,-53.30632177891458
-0.7387,-52.86776127595642
-0.7376999999999999,-52.34431809500636
-0.7367,-51.82087491405629
-0.7357000000000001,-51.424755750094086
-0.7347,-50.98619524713592
-0.7337000000000001,-50.547634744177756
-0.7327,-50.0807800152223
-0.7317000000000001,-49.642219512264134
-0.7307,-49.20365900930597
-0.7297000000000001,-48.72265716735186
-0.7287,-48.2840966643937
-0.7277000000000001,-47.84553616143554
-0.7267,-47.40697565847737
-0.7257000000000001,-46.94012092952192
-0.7247,-46.501560426563756
-0.7237000000000001,-46.02055858460964
-0.7227,-45.581998081651484
-0.7217000000000001,-45.143437578693316
-0.7207,-44.80390686672572
-0.7197000000000001,-44.3229050247716
-0.7187,-43.88434452181344
-0.7177000000000001,-43.44578401885527
-0.7167,-43.007223515897124
-0.7157000000000001,-42.653545690930855
-0.7147,-42.229132300971344
-0.7137000000000001,-41.79057179801318
-0.7127,-41.43689397304693
-0.7117000000000001,-40.99833347008877
-0.7107,-40.616361419125205
-0.7097000000000001,-40.177800916167044
-0.7087,-39.82412309120078
-0.7077000000000001,-39.42800392723857
-0.7067,-39.08847321527096
-0.7057000000000001,-38.6499127123128
-0.7047,-38.29623488734655
-0.7037000000000001,-37.90011572338433
-0.7027,-37.51814367242077
-0.7017000000000001,-37.122024508458566
-0.7007,-36.725905344496354
-0.6997000000000001,-36.329786180534136
-0.6987,-35.99025546856653
-0.6977000000000001,-35.636577643600276
-0.6967,-35.240458479638065
-0.6957000000000001,-34.85848642867451
-0.6947,-34.5472499427042
-0.6937000000000001,-34.15113077874198
-0.6927,-33.755011614779775
-0.6917000000000001,-33.41548090281216
-0.6907,-33.01936173884996
-0.6897000000000001,-32.764713704874254
-0.6887,-32.41103587990799
-0.6877000000000001,-32.05735805494172
-0.6867,-31.661238890979522
-0.6857000000000001,-31.321708179011907
-0.6847,-30.925589015049702
-0.6837000000000001,-30.614352529079397
-0.6827,-30.274821817111786
-0.6817000000000001,-29.96358533114148
-0.6807,-29.62405461917387
-0.6797000000000001,-29.35525947219951
-0.6787,-29.001581647233255
-0.6777000000000001,-28.662050935265643
-0.6767,-28.308373110299385
-0.6757000000000001,-28.05372507632368
-0.6747,-27.742488590353368
-0.6737000000000001,-27.43125210438306
-0.6727,-27.134162731411404
-0.6717000000000001,-26.780484906445146
-0.6707,-26.483395533473487
-0.6697000000000001,-26.129717708507226
-0.6687,-25.91751101352747
-0.6677000000000001,-25.563833188561212
-0.6667,-25.252596702590903
-0.6657000000000001,-24.95550732961925
-0.6647,-24.686712182644893
-0.6637000000000001,-24.34718147067728
-0.6627,-24.120827662698876
-0.6617000000000001,-23.823738289727217
-0.6607,-23.55494314275286
-0.6597000000000001,-23.24370665678255
-0.6587,-22.989058622806844
-0.6577000000000001,-22.72026347583249
-0.6567,-22.42317410286083
-0.6557000000000001,-22.196820294882425
-0.6547,-21.857289582914817
-0.6537000000000001,-21.58849443594046
-0.6527,-21.333846401964752
-0.6517000000000001,-21.065051254990397
-0.6507,-20.810403221014692
-0.6497,-20.541608074040333
-0.6486999999999999,-20.329401379060574
-0.6477,-20.06060623208622
-0.6466999999999999,-19.848399537106463
-0.6457,-19.579604390132108
-0.6446999999999999,-19.3249563561564
-0.6437,-19.056161209182044
-0.6426999999999999,-18.80151317520634
-0.6417,-18.53271802823198
-0.6406999999999999,-18.320511333252224
-0.6397,-18.06586329927652
-0.6386999999999999,-17.839509491298113
-0.6377,-17.627302796318357
-0.6366999999999999,-17.358507649344002
-0.6357,-17.146300954364243
-0.6346999999999999,-16.962388485381787
-0.6337,-16.70774045140608
-0.6326999999999999,-16.53797509542228
-0.6317,-16.311621287443874
-0.6306999999999999,-16.099414592464115
-0.6297,-15.87306078448571
-0.6286999999999999,-15.660854089505953
-0.6277,-15.448647394526201
-0.6266999999999999,-15.222293586547794
-0.6257,-15.01008689156804
-0.6246999999999999,-14.783733083589633
-0.6237,-14.57152638860988
-0.6226999999999999,-14.401761032626075
-0.6217,-14.217848563643619
-0.6206999999999999,-14.046668496359947
-0.6197,-13.784946905884919
-0.6186999999999999,-13.610937416001518
-0.6177,-13.436927926118118
-0.6166999999999999,-13.217647674639037
-0.6157,-12.99978213445982
-0.6146999999999999,-12.825772644576423
-0.6137,-12.651763154693022
-0.6126999999999999,-12.432482903213943
-0.6117,-12.302329463626359
-0.6107000000000001,-12.084463923447142
-0.6097,-11.909039722263879
-0.6087000000000001,-11.73503023238048
-0.6077,-11.56102074249708
-0.6067000000000001,-11.42945259160963
-0.6057,-11.255443101726232
-0.6047000000000001,-11.123874950838783
-0.6037,-10.949865460955383
-0.6027000000000001,-10.775855971071984
-0.6017,-10.601846481188586
-0.6007000000000001,-10.42642228000532
-0.5997,-10.296268840417738
-0.5987000000000001,-10.078403300238522
-0.5977,-9.99069119964689
-0.5967000000000001,-9.81668170976349
-0.5957,-9.685113558876042
-0.5947000000000001,-9.511104068992642
-0.5937,-9.335679867809377
-0.5927000000000001,-9.205526428221793
-0.5917,-9.031516938338395
-0.5907000000000001,-8.943804837746763
-0.5897,-8.812236686859313
-0.5887000000000001,-8.68208324727173
-0.5877,-8.508073757388331
-0.5867000000000001,-8.376505606500881
-0.5857,-8.246352166913299
-0.5847000000000001,-8.11478401602585
-0.5837,-8.027071915434218
-0.5827000000000001,-7.896918475846635
-0.5817,-7.7653503249591855
-0.5807000000000001,-7.635196885371603
-0.5797,-7.50504344578402
-0.5787000000000001,-7.4173313451923875
-0.5777,-7.28576319430494
-0.5767000000000001,-7.199465805013171
-0.5757,-7.024041603829907
-0.5747000000000001,-6.893888164242324
-0.5737,-6.806176063650692
-0.5727000000000001,-6.6760226240631075
-0.5717,-6.588310523471475
-0.5707000000000001,-6.414301033588076
-0.5697,-6.37044498329226
-0.5687000000000001,-6.238876832404812
-0.5677,-6.108723392817228
-0.5667000000000001,-6.021011292225596
-0.5657,-5.9347139029338285
-0.5647000000000001,-5.847001802342197
-0.5637,-5.715433651454749
-0.5627000000000001,-5.629136262162981
-0.5617,-5.5414241615713475
-0.5607000000000001,-5.411270721983764
-0.5597,-5.323558621392133
-0.5587000000000001,-5.235846520800501
-0.5577,-5.149549131508733
-0.5567000000000001,-5.0618370309171015
-0.5557,-4.974124930325469
-0.5547000000000001,-4.887827541033701
-0.5537,-4.800115440442069
-0.5527000000000001,-4.668547289554621
-0.5517,-4.582249900262854
-0.5507000000000001,-4.538393849967037
-0.5497,-4.450681749375406
-0.5487000000000001,-4.364384360083638
-0.5477,-4.276672259492005
-0.5467000000000001,-4.1889601589003735
-0.5457,-4.102662769608606
-0.5447000000000001,-4.0588067193127895
-0.5437,-3.971094618721158
-0.5427000000000001,-3.884797229429391
-0.5417,-3.840941179133574
-0.5407000000000001,-3.7532290785419424
-0.5397,-3.6655169779503103
-0.5387000000000001,-3.579219588658543
-0.5377,-3.5353635383627267
-0.5367000000000001,-3.447651437771094
-0.5357,-3.403795387475278
-0.5347000000000001,-3.317497998183511
-0.5337,-3.2297858975918787
-0.5327000000000001,-3.2297858975918787
-0.5317,-3.1420737970002466
-0.5307000000000001,-3.055776407708479
-0.5297,-3.0119203574126634
-0.5287000000000001,-2.968064307116847
-0.5277,-2.924208256821031
-0.5267000000000001,-2.8379108675292635
-0.5257,-2.794054817233447
-0.5247,-2.706342716641815
-0.5236999999999999,-2.662486666345999
-0.5227,-2.576189277054232
-0.5216999999999999,-2.532333226758415
-0.5207,-2.532333226758415
-0.5196999999999999,-2.4446211261667834
-0.5187,-2.4007650758709675
-0.5176999999999999,-2.3569090255751513
-0.5167,-2.3144676865791998
-0.5156999999999999,-2.2706116362833835
-0.5147,-2.1828995356917518
-0.5136999999999999,-2.1390434853959355
-0.5127,-2.095187435100119
-0.5116999999999999,-2.052746096104168
-0.5107,-2.008890045808352
-0.5096999999999999,-1.9650339955125358
-0.5087,-1.92117794521672
-0.5076999999999999,-1.8773218949209036
-0.5067,-1.8334658446250875
-0.5056999999999999,-1.7910245056291363
-0.5047,-1.7471684553333202
-0.5036999999999999,-1.7033124050375041
-0.5027,-1.6594563547416883
-0.5016999999999999,-1.6156003044458718
-0.5007,-1.6156003044458718
-0.4996999999999999,-1.5717442541500557
-0.49870000000000003,-1.5293029151541047
-0.4976999999999999,-1.4854468648582886
-0.49670000000000003,-1.4415908145624723
-0.4956999999999999,-1.4415908145624723
-0.49470000000000003,-1.3980177065266295
-0.4936999999999999,-1.3543031273607997
-0.4927,-1.3107300193249565
-0.4916999999999999,-1.2671569112891135
-0.4907,-1.2671569112891135
-0.4896999999999999,-1.2234423321232837
-0.4887,-1.1798692240874404
-0.4876999999999999,-1.1798692240874404
-0.4867,-1.1362961160515976
-0.48570000000000013,-1.0925815368857679
-0.4847,-1.0490084288499246
-0.48370000000000013,-1.0490084288499246
-0.4827,-1.0054353208140816
-0.48170000000000013,-1.0054353208140816
-0.4807,-0.9617207416482519
-0.4797000000000001,-0.9617207416482519
-0.4787,-0.9181476336124089
-0.4777000000000001,-0.9181476336124089
-0.4767,-0.8745745255765657
-0.4757000000000001,-0.8308599464107361
-0.4747,-0.8308599464107361
-0.4737000000000001,-0.7872868383748929
-0.4727,-0.7872868383748929
-0.4717000000000001,-0.7437137303390498
-0.4707,-0.7001406223032067
-0.4697000000000001,-0.7437137303390498
-0.4687,-0.7001406223032067
-0.4677000000000001,-0.6564260431373771
-0.4667,-0.6564260431373771
-0.4657000000000001,-0.6564260431373771
-0.4647,-0.6128529351015338
-0.4637000000000001,-0.6128529351015338
-0.4627,-0.5692798270656908
-0.4617000000000001,-0.5692798270656908
-0.4607,-0.5692798270656908
-0.4597000000000001,-0.5255652478998613
-0.4587,-0.5255652478998613
-0.4577000000000001,-0.48199213986401795
-0.4567,-0.48199213986401795
-0.4557000000000001,-0.48199213986401795
-0.4547,-0.4384190318281749
-0.4537000000000001,-0.4384190318281749
-0.4527,-0.3947044526623452
-0.4517000000000001,-0.3947044526623452
-0.4507,-0.3947044526623452
-0.4497000000000001,-0.3511313446265021
-0.4487,-0.3511313446265021
-0.4477000000000001,-0.3511313446265021
-0.4467,-0.30755823659065895
-0.4457000000000001,-0.30755823659065895
-0.4447,-0.30755823659065895
-0.4437000000000001,-0.30755823659065895
-0.4427,-0.26384365742482935
-0.4417000000000001,-0.26384365742482935
-0.4407,-0.26384365742482935
-0.4397000000000001,-0.2202705493889862
-0.4387,-0.2202705493889862
-0.4377000000000001,-0.2202705493889862
-0.4367,-0.2202705493889862
-0.4357000000000001,-0.2202705493889862
-0.4347,-0.2202705493889862
-0.4337000000000001,-0.1766974413531431
-0.4327,-0.1766974413531431
-0.4317000000000001,-0.1330535977523067
-0.43069999999999997,-0.1766974413531431
-0.4297000000000001,-0.1330535977523067
-0.42869999999999997,-0.1330535977523067
-0.4277000000000001,-0.1330535977523067
-0.42669999999999997,-0.1330535977523067
-0.4257000000000001,-0.1330535977523067
-0.42469999999999997,-0.08943804837746762
-0.4237000000000001,-0.08943804837746762
-0.42269999999999996,-0.08943804837746762
-0.4217000000000001,-0.08943804837746762
-0.42069999999999996,-0.08943804837746762
-0.4197000000000001,-0.08943804837746762
-0.41869999999999996,-0.08943804837746762
-0.41770000000000007,-0.04582249900262853
-0.41669999999999996,-0.04582249900262853
-0.41570000000000007,-0.04582249900262853
-0.41469999999999996,-0.04582249900262853
-0.41370000000000007,-0.002205534916489592
-0.41269999999999996,-0.04582249900262853
-0.41170000000000007,-0.04582249900262853
-0.41069999999999995,-0.002205534916489592
-0.40970000000000006,-0.04582249900262853
-0.40869999999999995,-0.002205534916489592
-0.40770000000000006,-0.002205534916489592
-0.40669999999999995,-0.002205534916489592
-0.40570000000000006,-0.002205534916489592
-0.40469999999999995,-0.002205534916489592
-0.40370000000000006,0.04140859974704963
-0.40269999999999995,-0.002205534916489592
-0.40170000000000006,0.04140859974704963
-0.40069999999999995,0.04140859974704963
-0.39970000000000006,0.04140859974704963
-0.39869999999999994,0.04140859974704963
-0.39770000000000005,0.04140859974704963
-0.39669999999999994,0.04140859974704963
-0.39570000000000005,0.04140859974704963
-0.39469999999999994,0.04140859974704963
-0.39370000000000005,0.04140859974704963
-0.39269999999999994,0.04140859974704963
-0.39170000000000005,0.08502414912188871
-0.39069999999999994,0.08502414912188871
-0.38970000000000005,0.08502414912188871
-0.38869999999999993,0.08502414912188871
-0.38770000000000004,0.08502414912188871
-0.38669999999999993,0.08502414912188871
-0.38570000000000004,0.08502414912188871
-0.38469999999999993,0.08502414912188871
-0.38370000000000004,0.08502414912188871
-0.38269999999999993,0.08502414912188871
-0.38170000000000004,0.08502414912188871
-0.3806999999999999,0.08502414912188871
-0.37970000000000004,0.08502414912188871
-0.3786999999999999,0.12863969849672777
-0.37770000000000004,0.08502414912188871
-0.3766999999999999,0.08502414912188871
-0.37570000000000003,0.08502414912188871
-0.3746999999999999,0.08502414912188871
-0.37370000000000003,0.12863969849672777
-0.3726999999999999,0.08502414912188871
-0.37170000000000003,0.12863969849672777
-0.3706999999999999,0.12863969849672777
-0.36970000000000003,0.12863969849672777
-0.3686999999999999,0.12863969849672777
-0.3677,0.12863969849672777
-0.3666999999999999,0.12863969849672777
-0.3657,0.12863969849672777
-0.3646999999999999,0.12863969849672777
-0.3637,0.12863969849672777
-0.3626999999999999,0.12863969849672777
-0.3617,0.12863969849672777
-0.36070000000000013,0.12863969849672777
-0.3597,0.12863969849672777
-0.35870000000000013,0.12863969849672777
-0.3577,0.12863969849672777
-0.35670000000000013,0.12863969849672777
-0.3557,0.12863969849672777
-0.3547000000000001,0.12863969849672777
-0.3537,0.12863969849672777
-0.3527000000000001,0.12863969849672777
-0.3517,0.12863969849672777
-0.3507000000000001,0.12863969849672777
-0.3497,0.12863969849672777
-0.3487000000000001,0.17231183632356148
-0.3477,0.17231183632356148
-0.3467000000000001,0.12863969849672777
-0.3457,0.17231183632356148
-0.3447000000000001,0.12863969849672777
-0.3437,0.12863969849672777
-0.3427000000000001,0.12863969849672777
-0.3417,0.12863969849672777
-0.3407000000000001,0.12863969849672777
-0.3397,0.17231183632356148
-0.3387000000000001,0.17231183632356148
-0.3377,0.12863969849672777
-0.3367000000000001,0.17231183632356148
-0.3357,0.12863969849672777
-0.3347000000000001,0.17231183632356148
-0.3337,0.17231183632356148
-0.3327000000000001,0.17231183632356148
-0.3317,0.17231183632356148
-0.3307000000000001,0.12863969849672777
-0.3297,0.17231183632356148
-0.3287000000000001,0.17231183632356148
-0.3277,0.17231183632356148
-0.3267000000000001,0.17231183632356148
-0.3257,0.17231183632356148
-0.3247000000000001,0.17231183632356148
-0.3237,0.17231183632356148
-0.3227000000000001,0.17231183632356148
-0.3217,0.17231183632356148
-0.3207000000000001,0.17231183632356148
-0.3197,0.17231183632356148
-0.3187000000000001,0.17231183632356148
-0.3177,0.17231183632356148
-0.3167000000000001,0.17231183632356148
-0.3157,0.17231183632356148
-0.3147000000000001,0.17231183632356148
-0.3137,0.17231183632356148
-0.3127000000000001,0.17231183632356148
-0.3117,0.17231183632356148
-0.3107000000000001,0.17231183632356148
-0.3097,0.17231183632356148
-0.3087000000000001,0.17231183632356148
-0.3077,0.17231183632356148
-0.3067000000000001,0.17231183632356148
-0.30569999999999997,0.17231183632356148
-0.3047000000000001,0.17231183632356148
-0.30369999999999997,0.17231183632356148
-0.3027000000000001,0.17231183632356148
-0.30169999999999997,0.17231183632356148
-0.3007000000000001,0.17231183632356148
-0.29969999999999997,0.17231183632356148
-0.2987000000000001,0.17231183632356148
-0.29769999999999996,0.17231183632356148
-0.2967000000000001,0.17231183632356148
-0.29569999999999996,0.17231183632356148
-0.2947000000000001,0.17231183632356148
-0.29369999999999996,0.17231183632356148
-0.29270000000000007,0.17231183632356148
-0.29169999999999996,0.17231183632356148
-0.29070000000000007,0.17231183632356148
-0.28969999999999996,0.17231183632356148
-0.28870000000000007,0.17231183632356148
-0.28769999999999996,0.17231183632356148
-0.28670000000000007,0.17231183632356148
-0.28569999999999995,0.17231183632356148
-0.28470000000000006,0.17231183632356148
-0.28369999999999995,0.17231183632356148
-0.28270000000000006,0.17231183632356148
-0.28169999999999995,0.17231183632356148
-0.28070000000000006,0.17231183632356148
-0.27969999999999995,0.17231183632356148
-0.27870000000000006,0.17231183632356148
-0.27769999999999995,0.17231183632356148
-0.27670000000000006,0.17231183632356148
-0.27569999999999995,0.17231183632356148
-0.27470000000000006,0.17231183632356148
-0.27369999999999994,0.17231183632356148
-0.27270000000000005,0.17231183632356148
-0.27169999999999994,0.21588494435940458
-0.27070000000000005,0.17231183632356148
-0.26969999999999994,0.17231183632356148
-0.26870000000000005,0.17231183632356148
-0.26769999999999994,0.17231183632356148
-0.26670000000000005,0.21588494435940458
-0.26569999999999994,0.17231183632356148
-0.26470000000000005,0.17231183632356148
-0.26369999999999993,0.17231183632356148
-0.26270000000000004,0.17231183632356148
-0.26169999999999993,0.17231183632356148
-0.26070000000000004,0.17231183632356148
-0.25969999999999993,0.17231183632356148
-0.25870000000000004,0.17231183632356148
-0.25769999999999993,0.17231183632356148
-0.25670000000000004,0.17231183632356148
-0.2556999999999999,0.17231183632356148
-0.25470000000000004,0.17231183632356148
-0.2536999999999999,0.17231183632356148
-0.25270000000000004,0.21588494435940458
-0.2516999999999999,0.17231183632356148
-0.25070000000000003,0.17231183632356148
-0.24969999999999992,0.17231183632356148
-0.24870000000000003,0.17231183632356148
-0.24769999999999992,0.17231183632356148
-0.24670000000000003,0.17231183632356148
-0.24569999999999992,0.17231183632356148
-0.24470000000000003,0.17231183632356148
-0.24369999999999992,0.21588494435940458
-0.24270000000000003,0.21588494435940458
-0.24169999999999991,0.21588494435940458
-0.24070000000000003,0.17231183632356148
-0.2396999999999999,0.17231183632356148
-0.23870000000000002,0.21588494435940458
-0.2376999999999999,0.17231183632356148
-0.23670000000000002,0.17231183632356148
-0.23570000000000013,0.17231183632356148
-0.23470000000000002,0.21588494435940458
-0.23370000000000013,0.17231183632356148
-0.23270000000000002,0.17231183632356148
-0.23170000000000013,0.17231183632356148
-0.23070000000000002,0.21588494435940458
-0.22970000000000013,0.21588494435940458
-0.22870000000000001,0.17231183632356148
-0.22770000000000012,0.21588494435940458
-0.2267,0.17231183632356148
-0.22570000000000012,0.17231183632356148
-0.2247,0.17231183632356148
-0.22370000000000012,0.21588494435940458
-0.2227,0.21588494435940458
-0.22170000000000012,0.17231183632356148
-0.2207,0.21588494435940458
-0.21970000000000012,0.17231183632356148
-0.2187,0.21588494435940458
-0.21770000000000012,0.17231183632356148
-0.2167,0.17231183632356148
-0.2157000000000001,0.17231183632356148
-0.2147,0.21588494435940458
-0.2137000000000001,0.21588494435940458
-0.2127,0.17231183632356148
-0.2117000000000001,0.21588494435940458
-0.2107,0.17231183632356148
-0.2097000000000001,0.17231183632356148
-0.2087,0.17231183632356148
-0.2077000000000001,0.17231183632356148
-0.2067,0.21588494435940458
-0.2057000000000001,0.17231183632356148
-0.2047,0.17231183632356148
-0.2037000000000001,0.17231183632356148
-0.2027,0.21588494435940458
-0.2017000000000001,0.21588494435940458
-0.2007,0.17231183632356148
-0.1997000000000001,0.17231183632356148
-0.1987,0.17231183632356148
-0.1977000000000001,0.21588494435940458
-0.19669999999999999,0.17231183632356148
-0.1957000000000001,0.21588494435940458
-0.19469999999999998,0.17231183632356148
-0.1937000000000001,0.17231183632356148
-0.19269999999999998,0.21588494435940458
-0.1917000000000001,0.17231183632356148
-0.1907000000000001,0.21588494435940458
-0.1897000000000002,0.17231183632356148
-0.1887000000000001,0.21588494435940458
-0.1877000000000002,0.17231183632356148
-0.1867000000000001,0.21588494435940458
-0.1857000000000002,0.21588494435940458
-0.1847000000000001,0.17231183632356148
-0.1837000000000002,0.17231183632356148
-0.18270000000000008,0.21588494435940458
-0.1817000000000002,0.21588494435940458
-0.18070000000000008,0.17231183632356148
-0.1797000000000002,0.21588494435940458
-0.17870000000000008,0.21588494435940458
-0.1777000000000002,0.17231183632356148
-0.17670000000000008,0.21588494435940458
-0.1757000000000002,0.17231183632356148
-0.17470000000000008,0.21588494435940458
-0.1737000000000002,0.21588494435940458
-0.17270000000000008,0.17231183632356148
-0.17170000000000019,0.21588494435940458
-0.17070000000000007,0.21588494435940458
-0.16970000000000018,0.21588494435940458
-0.16870000000000007,0.17231183632356148
-0.16770000000000018,0.21588494435940458
-0.16670000000000007,0.21588494435940458
-0.16570000000000018,0.21588494435940458
-0.16470000000000007,0.17231183632356148
-0.16370000000000018,0.21588494435940458
-0.16270000000000007,0.21588494435940458
-0.16170000000000018,0.21588494435940458
-0.16070000000000007,0.21588494435940458
-0.15970000000000018,0.17231183632356148
-0.15870000000000006,0.21588494435940458
-0.15770000000000017,0.21588494435940458
-0.15670000000000006,0.21588494435940458
-0.15570000000000017,0.21588494435940458
-0.15470000000000006,0.21588494435940458
-0.15370000000000017,0.21588494435940458
-0.15270000000000006,0.17231183632356148
-0.15170000000000017,0.21588494435940458
-0.15070000000000006,0.17231183632356148
-0.14970000000000017,0.21588494435940458
-0.14870000000000005,0.21588494435940458
-0.14770000000000016,0.21588494435940458
-0.14670000000000005,0.21588494435940458
-0.14570000000000016,0.21588494435940458
-0.14470000000000005,0.17231183632356148
-0.14370000000000016,0.21588494435940458
-0.14270000000000005,0.21588494435940458
-0.14170000000000016,0.21588494435940458
-0.14070000000000005,0.21588494435940458
-0.13970000000000016,0.21588494435940458
-0.13870000000000005,0.21588494435940458
-0.13770000000000016,0.21588494435940458
-0.13670000000000004,0.21588494435940458
-0.13570000000000015,0.21588494435940458
-0.13470000000000004,0.21588494435940458
-0.13370000000000015,0.21588494435940458
-0.13270000000000004,0.21588494435940458
-0.13170000000000015,0.21588494435940458
-0.13070000000000004,0.21588494435940458
-0.12970000000000015,0.21588494435940458
-0.12870000000000004,0.21588494435940458
-0.12770000000000015,0.21588494435940458
-0.12670000000000003,0.21588494435940458
-0.12570000000000014,0.21588494435940458
-0.12470000000000003,0.21588494435940458
-0.12370000000000014,0.21588494435940458
-0.12270000000000003,0.17231183632356148
-0.12170000000000014,0.21588494435940458
-0.12070000000000003,0.21588494435940458
-0.11970000000000014,0.21588494435940458
-0.11870000000000003,0.21588494435940458
-0.11770000000000014,0.21588494435940458
-0.11670000000000003,0.21588494435940458
-0.11570000000000014,0.21588494435940458
-0.11470000000000002,0.21588494435940458
-0.11370000000000013,0.21588494435940458
-0.11270000000000002,0.21588494435940458
-0.11170000000000013,0.21588494435940458
-0.11070000000000024,0.21588494435940458
-0.10970000000000013,0.21588494435940458
-0.10870000000000024,0.21588494435940458
-0.10770000000000013,0.21588494435940458
-0.10670000000000024,0.21588494435940458
-0.10570000000000013,0.21588494435940458
-0.10470000000000024,0.21588494435940458
-0.10370000000000013,0.21588494435940458
-0.10270000000000024,0.21588494435940458
-0.10170000000000012,0.21588494435940458
-0.10070000000000023,0.21588494435940458
-0.09970000000000012,0.21588494435940458
-0.09870000000000023,0.21588494435940458
-0.09770000000000012,0.21588494435940458
-0.09670000000000023,0.21588494435940458
-0.09570000000000012,0.21588494435940458
-0.09470000000000023,0.21588494435940458
-0.09370000000000012,0.21588494435940458
-0.09270000000000023,0.21588494435940458
-0.09170000000000011,0.21588494435940458
-0.09070000000000022,0.21588494435940458
-0.08970000000000011,0.21588494435940458
-0.08870000000000022,0.21588494435940458
-0.08770000000000011,0.21588494435940458
-0.08670000000000022,0.21588494435940458
-0.08570000000000011,0.21588494435940458
-0.08470000000000022,0.21588494435940458
-0.08370000000000011,0.21588494435940458
-0.08270000000000022,0.21588494435940458
-0.0817000000000001,0.21588494435940458
-0.08070000000000022,0.21588494435940458
-0.0797000000000001,0.21588494435940458
-0.07870000000000021,0.21588494435940458
-0.0777000000000001,0.21588494435940458
-0.07670000000000021,0.21588494435940458
-0.0757000000000001,0.21588494435940458
-0.07470000000000021,0.21588494435940458
-0.0737000000000001,0.21588494435940458
-0.07270000000000021,0.21588494435940458
-0.0717000000000001,0.21588494435940458
-0.07070000000000021,0.21588494435940458
-0.0697000000000001,0.21588494435940458
-0.0687000000000002,0.21588494435940458
-0.0677000000000001,0.21588494435940458
-0.0667000000000002,0.21588494435940458
-0.06570000000000009,0.21588494435940458
-0.0647000000000002,0.21588494435940458
-0.06370000000000009,0.21588494435940458
-0.0627000000000002,0.21588494435940458
-0.06170000000000009,0.21588494435940458
-0.0607000000000002,0.21588494435940458
-0.059700000000000086,0.21588494435940458
-0.058700000000000196,0.21588494435940458
-0.057700000000000085,0.21588494435940458
-0.056700000000000195,0.21588494435940458
-0.05570000000000008,0.21588494435940458
-0.05470000000000019,0.21588494435940458
-0.05370000000000008,0.2594580523952477
-0.05270000000000019,0.21588494435940458
-0.05170000000000008,0.21588494435940458
-0.05070000000000019,0.21588494435940458
-0.04970000000000008,0.2594580523952477
-0.04870000000000019,0.21588494435940458
-0.047700000000000076,0.2594580523952477
-0.046700000000000186,0.2594580523952477
-0.045700000000000074,0.21588494435940458
-0.044700000000000184,0.21588494435940458
-0.04370000000000007,0.21588494435940458
-0.04270000000000018,0.2594580523952477
-0.04170000000000007,0.21588494435940458
-0.04070000000000018,0.2594580523952477
-0.03970000000000007,0.2594580523952477
-0.03870000000000018,0.21588494435940458
-0.03770000000000007,0.2594580523952477
-0.03670000000000018,0.21588494435940458
-0.035700000000000065,0.2594580523952477
-0.034700000000000175,0.2594580523952477
-0.03370000000000006,0.21588494435940458
-0.03270000000000017,0.21588494435940458
-0.03170000000000006,0.2594580523952477
-0.03070000000000017,0.2594580523952477
-0.02970000000000006,0.21588494435940458
-0.02870000000000017,0.2594580523952477
-0.027700000000000058,0.21588494435940458
-0.026700000000000168,0.21588494435940458
-0.025700000000000056,0.2594580523952477
-0.024700000000000166,0.2594580523952477
-0.023700000000000054,0.2594580523952477
-0.022700000000000164,0.21588494435940458
-0.021700000000000053,0.2594580523952477
-0.020700000000000163,0.21588494435940458
-0.01970000000000005,0.2594580523952477
-0.01870000000000016,0.2594580523952477
-0.01770000000000005,0.2594580523952477
-0.01670000000000016,0.2594580523952477
-0.015700000000000047,0.2594580523952477
-0.014700000000000157,0.2594580523952477
-0.013700000000000045,0.2594580523952477
-0.012700000000000156,0.2594580523952477
-0.011700000000000044,0.2594580523952477
-0.010700000000000154,0.2594580523952477
-0.009700000000000042,0.2594580523952477
-0.008700000000000152,0.2594580523952477
-0.00770000000000004,0.2594580523952477
-0.00670000000000015,0.2594580523952477
-0.005700000000000038,0.2594580523952477
-0.0047000000000001485,0.2594580523952477
-0.0037000000000000366,0.2594580523952477
-0.0027000000000001467,0.2594580523952477
-0.0017000000000000348,0.2594580523952477
-0.000700000000000145,0.2594580523952477
0.00029999999999996696,0.2594580523952477
0.0012999999999998568,0.2594580523952477
0.0022999999999999687,0.2594580523952477
0.0032999999999998586,0.2594580523952477
0.0042999999999999705,0.2594580523952477
0.00529999999999986,0.2594580523952477
0.006299999999999972,0.2594580523952477
0.007299999999999862,0.2594580523952477
0.008299999999999974,0.2594580523952477
0.009299999999999864,0.2594580523952477
0.010299999999999976,0.2594580523952477
0.011299999999999866,0.2594580523952477
0.012299999999999978,0.2594580523952477
