June 30, 2026   11:58:06
Cyclic Voltammetry
File: c:/users/guazh/data/20260623_doe_duplica2/2026-06-24-exp50\exp50-2026-06-30t11_49_36-h2koh\exp50_cv_50mvs_efin_-1500mv.bin
Data Source:  Experiment
Instrument Model:  CHI760E
Header: CV ran at 50 mVs
Note: 

Init E (V) = -1
High E (V) = -1
Low E (V) = -1.5
Final E (V) = -1
Init P/N = N
Scan Rate (V/s) = 0.05
Segment = 7
Sample Interval (V) = 0.001
Quiet Time (sec) = 60
Sensitivity (A/V) = 0.001
Comp R (ohm) = 1.6

Results:

Channel 1:
Segment 1:

Segment 2:

Segment 3:

Segment 4:

Segment 5:

Segment 6:

Segment 7:

Potential/V, Current/A

-1.000, 7.159e-6
-1.001, 1.121e-5
-1.002, 1.233e-5
-1.003, 1.296e-5
-1.004, 1.351e-5
-1.005, 1.396e-5
-1.006, 1.440e-5
-1.007, 1.503e-5
-1.008, 1.524e-5
-1.009, 1.547e-5
-1.010, 1.589e-5
-1.011, 1.605e-5
-1.012, 1.649e-5
-1.013, 1.663e-5
-1.014, 1.684e-5
-1.015, 1.701e-5
-1.016, 1.717e-5
-1.017, 1.743e-5
-1.018, 1.767e-5
-1.019, 1.770e-5
-1.020, 1.793e-5
-1.021, 1.789e-5
-1.022, 1.816e-5
-1.023, 1.842e-5
-1.024, 1.848e-5
-1.025, 1.838e-5
-1.026, 1.874e-5
-1.027, 1.868e-5
-1.028, 1.892e-5
-1.029, 1.886e-5
-1.030, 1.890e-5
-1.031, 1.912e-5
-1.032, 1.919e-5
-1.033, 1.927e-5
-1.034, 1.935e-5
-1.035, 1.927e-5
-1.036, 1.942e-5
-1.037, 1.961e-5
-1.038, 1.965e-5
-1.039, 1.973e-5
-1.040, 1.969e-5
-1.041, 1.973e-5
-1.042, 1.996e-5
-1.043, 1.995e-5
-1.044, 2.004e-5
-1.045, 2.003e-5
-1.046, 2.015e-5
-1.047, 2.037e-5
-1.048, 2.024e-5
-1.049, 2.035e-5
-1.050, 2.042e-5
-1.051, 2.042e-5
-1.052, 2.064e-5
-1.053, 2.062e-5
-1.054, 2.059e-5
-1.055, 2.075e-5
-1.056, 2.076e-5
-1.057, 2.087e-5
-1.058, 2.102e-5
-1.059, 2.097e-5
-1.060, 2.114e-5
-1.061, 2.110e-5
-1.062, 2.129e-5
-1.063, 2.139e-5
-1.064, 2.139e-5
-1.065, 2.138e-5
-1.066, 2.157e-5
-1.067, 2.162e-5
-1.068, 2.182e-5
-1.069, 2.174e-5
-1.070, 2.181e-5
-1.071, 2.203e-5
-1.072, 2.203e-5
-1.073, 2.214e-5
-1.074, 2.234e-5
-1.075, 2.231e-5
-1.076, 2.245e-5
-1.077, 2.250e-5
-1.078, 2.255e-5
-1.079, 2.273e-5
-1.080, 2.273e-5
-1.081, 2.277e-5
-1.082, 2.307e-5
-1.083, 2.303e-5
-1.084, 2.320e-5
-1.085, 2.320e-5
-1.086, 2.328e-5
-1.087, 2.361e-5
-1.088, 2.355e-5
-1.089, 2.357e-5
-1.090, 2.376e-5
-1.091, 2.376e-5
-1.092, 2.408e-5
-1.093, 2.417e-5
-1.094, 2.417e-5
-1.095, 2.429e-5
-1.096, 2.432e-5
-1.097, 2.453e-5
-1.098, 2.478e-5
-1.099, 2.471e-5
-1.100, 2.487e-5
-1.101, 2.497e-5
-1.102, 2.508e-5
-1.103, 2.526e-5
-1.104, 2.519e-5
-1.105, 2.530e-5
-1.106, 2.562e-5
-1.107, 2.567e-5
-1.108, 2.588e-5
-1.109, 2.587e-5
-1.110, 2.589e-5
-1.111, 2.621e-5
-1.112, 2.619e-5
-1.113, 2.640e-5
-1.114, 2.657e-5
-1.115, 2.652e-5
-1.116, 2.673e-5
-1.117, 2.691e-5
-1.118, 2.707e-5
-1.119, 2.730e-5
-1.120, 2.716e-5
-1.121, 2.734e-5
-1.122, 2.765e-5
-1.123, 2.759e-5
-1.124, 2.784e-5
-1.125, 2.785e-5
-1.126, 2.803e-5
-1.127, 2.834e-5
-1.128, 2.827e-5
-1.129, 2.844e-5
-1.130, 2.861e-5
-1.131, 2.870e-5
-1.132, 2.900e-5
-1.133, 2.906e-5
-1.134, 2.915e-5
-1.135, 2.938e-5
-1.136, 2.942e-5
-1.137, 2.964e-5
-1.138, 3.003e-5
-1.139, 2.991e-5
-1.140, 3.003e-5
-1.141, 3.025e-5
-1.142, 3.050e-5
-1.143, 3.078e-5
-1.144, 3.072e-5
-1.145, 3.087e-5
-1.146, 3.119e-5
-1.147, 3.133e-5
-1.148, 3.157e-5
-1.149, 3.174e-5
-1.150, 3.175e-5
-1.151, 3.207e-5
-1.152, 3.221e-5
-1.153, 3.243e-5
-1.154, 3.279e-5
-1.155, 3.264e-5
-1.156, 3.304e-5
-1.157, 3.318e-5
-1.158, 3.348e-5
-1.159, 3.376e-5
-1.160, 3.375e-5
-1.161, 3.411e-5
-1.162, 3.448e-5
-1.163, 3.453e-5
-1.164, 3.487e-5
-1.165, 3.502e-5
-1.166, 3.530e-5
-1.167, 3.565e-5
-1.168, 3.579e-5
-1.169, 3.594e-5
-1.170, 3.635e-5
-1.171, 3.650e-5
-1.172, 3.697e-5
-1.173, 3.716e-5
-1.174, 3.737e-5
-1.175, 3.771e-5
-1.176, 3.791e-5
-1.177, 3.838e-5
-1.178, 3.872e-5
-1.179, 3.893e-5
-1.180, 3.918e-5
-1.181, 3.948e-5
-1.182, 4.000e-5
-1.183, 4.034e-5
-1.184, 4.052e-5
-1.185, 4.074e-5
-1.186, 4.134e-5
-1.187, 4.162e-5
-1.188, 4.203e-5
-1.189, 4.244e-5
-1.190, 4.270e-5
-1.191, 4.324e-5
-1.192, 4.344e-5
-1.193, 4.398e-5
-1.194, 4.432e-5
-1.195, 4.475e-5
-1.196, 4.536e-5
-1.197, 4.565e-5
-1.198, 4.606e-5
-1.199, 4.667e-5
-1.200, 4.702e-5
-1.201, 4.743e-5
-1.202, 4.811e-5
-1.203, 4.841e-5
-1.204, 4.906e-5
-1.205, 4.943e-5
-1.206, 5.003e-5
-1.207, 5.074e-5
-1.208, 5.107e-5
-1.209, 5.175e-5
-1.210, 5.229e-5
-1.211, 5.279e-5
-1.212, 5.346e-5
-1.213, 5.403e-5
-1.214, 5.460e-5
-1.215, 5.531e-5
-1.216, 5.586e-5
-1.217, 5.655e-5
-1.218, 5.735e-5
-1.219, 5.784e-5
-1.220, 5.860e-5
-1.221, 5.927e-5
-1.222, 6.004e-5
-1.223, 6.087e-5
-1.224, 6.138e-5
-1.225, 6.221e-5
-1.226, 6.308e-5
-1.227, 6.379e-5
-1.228, 6.492e-5
-1.229, 6.581e-5
-1.230, 6.630e-5
-1.231, 6.729e-5
-1.232, 6.811e-5
-1.233, 6.901e-5
-1.234, 6.992e-5
-1.235, 7.077e-5
-1.236, 7.180e-5
-1.237, 7.292e-5
-1.238, 7.377e-5
-1.239, 7.484e-5
-1.240, 7.569e-5
-1.241, 7.681e-5
-1.242, 7.801e-5
-1.243, 7.901e-5
-1.244, 8.019e-5
-1.245, 8.127e-5
-1.246, 8.244e-5
-1.247, 8.384e-5
-1.248, 8.487e-5
-1.249, 8.610e-5
-1.250, 8.739e-5
-1.251, 8.866e-5
-1.252, 9.011e-5
-1.253, 9.146e-5
-1.254, 9.273e-5
-1.255, 9.421e-5
-1.256, 9.550e-5
-1.257, 9.707e-5
-1.258, 9.866e-5
-1.259, 9.996e-5
-1.260, 1.017e-4
-1.261, 1.032e-4
-1.262, 1.049e-4
-1.263, 1.067e-4
-1.264, 1.082e-4
-1.265, 1.099e-4
-1.266, 1.118e-4
-1.267, 1.136e-4
-1.268, 1.154e-4
-1.269, 1.173e-4
-1.270, 1.191e-4
-1.271, 1.212e-4
-1.272, 1.231e-4
-1.273, 1.252e-4
-1.274, 1.274e-4
-1.275, 1.293e-4
-1.276, 1.316e-4
-1.277, 1.339e-4
-1.278, 1.362e-4
-1.279, 1.386e-4
-1.280, 1.410e-4
-1.281, 1.433e-4
-1.282, 1.459e-4
-1.283, 1.484e-4
-1.284, 1.510e-4
-1.285, 1.535e-4
-1.286, 1.562e-4
-1.287, 1.592e-4
-1.288, 1.618e-4
-1.289, 1.647e-4
-1.290, 1.677e-4
-1.291, 1.706e-4
-1.292, 1.738e-4
-1.293, 1.770e-4
-1.294, 1.801e-4
-1.295, 1.834e-4
-1.296, 1.865e-4
-1.297, 1.899e-4
-1.298, 1.936e-4
-1.299, 1.970e-4
-1.300, 2.006e-4
-1.301, 2.042e-4
-1.302, 2.080e-4
-1.303, 2.119e-4
-1.304, 2.157e-4
-1.305, 2.196e-4
-1.306, 2.239e-4
-1.307, 2.279e-4
-1.308, 2.324e-4
-1.309, 2.366e-4
-1.310, 2.408e-4
-1.311, 2.453e-4
-1.312, 2.499e-4
-1.313, 2.547e-4
-1.314, 2.595e-4
-1.315, 2.642e-4
-1.316, 2.692e-4
-1.317, 2.743e-4
-1.318, 2.794e-4
-1.319, 2.848e-4
-1.320, 2.899e-4
-1.321, 2.953e-4
-1.322, 3.011e-4
-1.323, 3.067e-4
-1.324, 3.125e-4
-1.325, 3.183e-4
-1.326, 3.244e-4
-1.327, 3.307e-4
-1.328, 3.369e-4
-1.329, 3.433e-4
-1.330, 3.499e-4
-1.331, 3.565e-4
-1.332, 3.634e-4
-1.333, 3.704e-4
-1.334, 3.771e-4
-1.335, 3.846e-4
-1.336, 3.918e-4
-1.337, 3.995e-4
-1.338, 4.072e-4
-1.339, 4.149e-4
-1.340, 4.227e-4
-1.341, 4.307e-4
-1.342, 4.389e-4
-1.343, 4.476e-4
-1.344, 4.559e-4
-1.345, 4.647e-4
-1.346, 4.738e-4
-1.347, 4.828e-4
-1.348, 4.921e-4
-1.349, 5.016e-4
-1.350, 5.108e-4
-1.351, 5.208e-4
-1.352, 5.305e-4
-1.353, 5.407e-4
-1.354, 5.512e-4
-1.355, 5.614e-4
-1.356, 5.721e-4
-1.357, 5.830e-4
-1.358, 5.940e-4
-1.359, 6.048e-4
-1.360, 6.162e-4
-1.361, 6.285e-4
-1.362, 6.399e-4
-1.363, 6.521e-4
-1.364, 6.634e-4
-1.365, 6.754e-4
-1.366, 6.890e-4
-1.367, 7.024e-4
-1.368, 7.139e-4
-1.369, 7.264e-4
-1.370, 7.404e-4
-1.371, 7.534e-4
-1.372, 7.666e-4
-1.373, 7.834e-4
-1.374, 7.968e-4
-1.375, 8.102e-4
-1.376, 8.256e-4
-1.377, 8.404e-4
-1.378, 8.554e-4
-1.379, 8.698e-4
-1.380, 8.842e-4
-1.381, 9.003e-4
-1.382, 9.159e-4
-1.383, 9.327e-4
-1.384, 9.498e-4
-1.385, 9.659e-4
-1.386, 9.819e-4
-1.387, 9.975e-4
-1.388, 1.014e-3
-1.389, 1.034e-3
-1.390, 1.051e-3
-1.391, 1.065e-3
-1.392, 1.085e-3
-1.393, 1.103e-3
-1.394, 1.122e-3
-1.395, 1.141e-3
-1.396, 1.160e-3
-1.397, 1.179e-3
-1.398, 1.199e-3
-1.399, 1.219e-3
-1.400, 1.237e-3
-1.401, 1.256e-3
-1.402, 1.272e-3
-1.403, 1.297e-3
-1.404, 1.321e-3
-1.405, 1.340e-3
-1.406, 1.360e-3
-1.407, 1.379e-3
-1.408, 1.398e-3
-1.409, 1.419e-3
-1.410, 1.446e-3
-1.411, 1.468e-3
-1.412, 1.493e-3
-1.413, 1.513e-3
-1.414, 1.537e-3
-1.415, 1.560e-3
-1.416, 1.583e-3
-1.417, 1.605e-3
-1.418, 1.628e-3
-1.419, 1.649e-3
-1.420, 1.671e-3
-1.421, 1.695e-3
-1.422, 1.719e-3
-1.423, 1.744e-3
-1.424, 1.769e-3
-1.425, 1.793e-3
-1.426, 1.818e-3
-1.427, 1.843e-3
-1.428, 1.868e-3
-1.429, 1.893e-3
-1.430, 1.918e-3
-1.431, 1.944e-3
-1.432, 1.970e-3
-1.433, 1.995e-3
-1.434, 2.022e-3
-1.435, 2.049e-3
-1.436, 2.076e-3
-1.437, 2.102e-3
-1.438, 2.129e-3
-1.439, 2.157e-3
-1.440, 2.184e-3
-1.441, 2.212e-3
-1.442, 2.239e-3
-1.443, 2.263e-3
-1.444, 2.291e-3
-1.445, 2.329e-3
-1.446, 2.360e-3
-1.447, 2.386e-3
-1.448, 2.413e-3
-1.449, 2.433e-3
-1.450, 2.459e-3
-1.451, 2.498e-3
-1.452, 2.531e-3
-1.453, 2.555e-3
-1.454, 2.588e-3
-1.455, 2.614e-3
-1.456, 2.644e-3
-1.457, 2.664e-3
-1.458, 2.696e-3
-1.459, 2.718e-3
-1.460, 2.746e-3
-1.461, 2.785e-3
-1.462, 2.826e-3
-1.463, 2.862e-3
-1.464, 2.896e-3
-1.465, 2.923e-3
-1.466, 2.958e-3
-1.467, 2.985e-3
-1.468, 3.012e-3
-1.469, 3.038e-3
-1.470, 3.068e-3
-1.471, 3.102e-3
-1.472, 3.135e-3
-1.473, 3.165e-3
-1.474, 3.197e-3
-1.475, 3.227e-3
-1.476, 3.256e-3
-1.477, 3.278e-3
-1.478, 3.307e-3
-1.479, 3.340e-3
-1.480, 3.367e-3
-1.481, 3.402e-3
-1.482, 3.448e-3
-1.483, 3.480e-3
-1.484, 3.505e-3
-1.485, 3.542e-3
-1.486, 3.575e-3
-1.487, 3.595e-3
-1.488, 3.630e-3
-1.489, 3.667e-3
-1.490, 3.696e-3
-1.491, 3.714e-3
-1.492, 3.745e-3
-1.493, 3.785e-3
-1.494, 3.820e-3
-1.495, 3.845e-3
-1.496, 3.888e-3
-1.497, 3.920e-3
-1.498, 3.936e-3
-1.499, 3.967e-3
-1.500, 3.965e-3
-1.499, 3.914e-3
-1.498, 3.857e-3
-1.497, 3.836e-3
-1.496, 3.801e-3
-1.495, 3.759e-3
-1.494, 3.711e-3
-1.493, 3.660e-3
-1.492, 3.613e-3
-1.491, 3.559e-3
-1.490, 3.512e-3
-1.489, 3.469e-3
-1.488, 3.445e-3
-1.487, 3.406e-3
-1.486, 3.370e-3
-1.485, 3.328e-3
-1.484, 3.289e-3
-1.483, 3.245e-3
-1.482, 3.195e-3
-1.481, 3.155e-3
-1.480, 3.123e-3
-1.479, 3.080e-3
-1.478, 3.038e-3
-1.477, 2.996e-3
-1.476, 2.969e-3
-1.475, 2.924e-3
-1.474, 2.887e-3
-1.473, 2.850e-3
-1.472, 2.813e-3
-1.471, 2.772e-3
-1.470, 2.737e-3
-1.469, 2.707e-3
-1.468, 2.678e-3
-1.467, 2.641e-3
-1.466, 2.609e-3
-1.465, 2.582e-3
-1.464, 2.554e-3
-1.463, 2.507e-3
-1.462, 2.482e-3
-1.461, 2.451e-3
-1.460, 2.420e-3
-1.459, 2.389e-3
-1.458, 2.350e-3
-1.457, 2.320e-3
-1.456, 2.301e-3
-1.455, 2.270e-3
-1.454, 2.240e-3
-1.453, 2.211e-3
-1.452, 2.182e-3
-1.451, 2.150e-3
-1.450, 2.127e-3
-1.449, 2.100e-3
-1.448, 2.075e-3
-1.447, 2.049e-3
-1.446, 2.023e-3
-1.445, 2.003e-3
-1.444, 1.976e-3
-1.443, 1.947e-3
-1.442, 1.925e-3
-1.441, 1.907e-3
-1.440, 1.880e-3
-1.439, 1.856e-3
-1.438, 1.828e-3
-1.437, 1.805e-3
-1.436, 1.776e-3
-1.435, 1.752e-3
-1.434, 1.730e-3
-1.433, 1.704e-3
-1.432, 1.679e-3
-1.431, 1.660e-3
-1.430, 1.639e-3
-1.429, 1.616e-3
-1.428, 1.596e-3
-1.427, 1.575e-3
-1.426, 1.559e-3
-1.425, 1.537e-3
-1.424, 1.513e-3
-1.423, 1.491e-3
-1.422, 1.469e-3
-1.421, 1.450e-3
-1.420, 1.432e-3
-1.419, 1.412e-3
-1.418, 1.393e-3
-1.417, 1.373e-3
-1.416, 1.355e-3
-1.415, 1.340e-3
-1.414, 1.322e-3
-1.413, 1.302e-3
-1.412, 1.286e-3
-1.411, 1.271e-3
-1.410, 1.253e-3
-1.409, 1.237e-3
-1.408, 1.220e-3
-1.407, 1.203e-3
-1.406, 1.185e-3
-1.405, 1.170e-3
-1.404, 1.159e-3
-1.403, 1.142e-3
-1.402, 1.128e-3
-1.401, 1.113e-3
-1.400, 1.097e-3
-1.399, 1.082e-3
-1.398, 1.067e-3
-1.397, 1.053e-3
-1.396, 1.038e-3
-1.395, 1.023e-3
-1.394, 1.006e-3
-1.393, 9.919e-4
-1.392, 9.794e-4
-1.391, 9.636e-4
-1.390, 9.500e-4
-1.389, 9.340e-4
-1.388, 9.219e-4
-1.387, 9.073e-4
-1.386, 8.946e-4
-1.385, 8.827e-4
-1.384, 8.691e-4
-1.383, 8.565e-4
-1.382, 8.428e-4
-1.381, 8.335e-4
-1.380, 8.225e-4
-1.379, 8.096e-4
-1.378, 7.972e-4
-1.377, 7.817e-4
-1.376, 7.692e-4
-1.375, 7.570e-4
-1.374, 7.452e-4
-1.373, 7.337e-4
-1.372, 7.231e-4
-1.371, 7.125e-4
-1.370, 7.021e-4
-1.369, 6.909e-4
-1.368, 6.808e-4
-1.367, 6.702e-4
-1.366, 6.599e-4
-1.365, 6.492e-4
-1.364, 6.390e-4
-1.363, 6.283e-4
-1.362, 6.185e-4
-1.361, 6.084e-4
-1.360, 5.990e-4
-1.359, 5.896e-4
-1.358, 5.805e-4
-1.357, 5.713e-4
-1.356, 5.609e-4
-1.355, 5.543e-4
-1.354, 5.445e-4
-1.353, 5.343e-4
-1.352, 5.255e-4
-1.351, 5.174e-4
-1.350, 5.092e-4
-1.349, 4.999e-4
-1.348, 4.914e-4
-1.347, 4.827e-4
-1.346, 4.746e-4
-1.345, 4.659e-4
-1.344, 4.579e-4
-1.343, 4.503e-4
-1.342, 4.425e-4
-1.341, 4.337e-4
-1.340, 4.263e-4
-1.339, 4.193e-4
-1.338, 4.120e-4
-1.337, 4.029e-4
-1.336, 3.968e-4
-1.335, 3.858e-4
-1.334, 3.785e-4
-1.333, 3.723e-4
-1.332, 3.682e-4
-1.331, 3.589e-4
-1.330, 3.513e-4
-1.329, 3.444e-4
-1.328, 3.383e-4
-1.327, 3.314e-4
-1.326, 3.244e-4
-1.325, 3.194e-4
-1.324, 3.118e-4
-1.323, 3.044e-4
-1.322, 2.980e-4
-1.321, 2.911e-4
-1.320, 2.858e-4
-1.319, 2.803e-4
-1.318, 2.736e-4
-1.317, 2.677e-4
-1.316, 2.616e-4
-1.315, 2.563e-4
-1.314, 2.509e-4
-1.313, 2.449e-4
-1.312, 2.392e-4
-1.311, 2.359e-4
-1.310, 2.293e-4
-1.309, 2.236e-4
-1.308, 2.192e-4
-1.307, 2.140e-4
-1.306, 2.090e-4
-1.305, 2.051e-4
-1.304, 1.992e-4
-1.303, 1.949e-4
-1.302, 1.900e-4
-1.301, 1.851e-4
-1.300, 1.799e-4
-1.299, 1.757e-4
-1.298, 1.718e-4
-1.297, 1.672e-4
-1.296, 1.633e-4
-1.295, 1.589e-4
-1.294, 1.545e-4
-1.293, 1.503e-4
-1.292, 1.465e-4
-1.291, 1.426e-4
-1.290, 1.385e-4
-1.289, 1.348e-4
-1.288, 1.309e-4
-1.287, 1.283e-4
-1.286, 1.233e-4
-1.285, 1.199e-4
-1.284, 1.161e-4
-1.283, 1.124e-4
-1.282, 1.093e-4
-1.281, 1.063e-4
-1.280, 1.030e-4
-1.279, 9.937e-5
-1.278, 9.600e-5
-1.277, 9.295e-5
-1.276, 8.975e-5
-1.275, 8.669e-5
-1.274, 8.355e-5
-1.273, 8.061e-5
-1.272, 7.777e-5
-1.271, 7.490e-5
-1.270, 7.181e-5
-1.269, 6.913e-5
-1.268, 6.638e-5
-1.267, 6.384e-5
-1.266, 6.105e-5
-1.265, 5.831e-5
-1.264, 5.591e-5
-1.263, 5.346e-5
-1.262, 5.096e-5
-1.261, 4.874e-5
-1.260, 4.620e-5
-1.259, 4.379e-5
-1.258, 4.168e-5
-1.257, 3.940e-5
-1.256, 3.729e-5
-1.255, 3.495e-5
-1.254, 3.269e-5
-1.253, 3.079e-5
-1.252, 2.874e-5
-1.251, 2.667e-5
-1.250, 2.482e-5
-1.249, 2.286e-5
-1.248, 2.091e-5
-1.247, 1.907e-5
-1.246, 1.777e-5
-1.245, 1.611e-5
-1.244, 1.419e-5
-1.243, 1.233e-5
-1.242, 1.052e-5
-1.241, 8.673e-6
-1.240, 7.101e-6
-1.239, 5.466e-6
-1.238, 3.917e-6
-1.237, 2.406e-6
-1.236, 6.806e-7
-1.235, -9.542e-7
-1.234, -2.502e-6
-1.233, -3.906e-6
-1.232, -5.213e-6
-1.231, -6.650e-6
-1.230, -8.132e-6
-1.229, -9.687e-6
-1.228, -1.061e-5
-1.227, -1.195e-5
-1.226, -1.304e-5
-1.225, -1.453e-5
-1.224, -1.564e-5
-1.223, -1.672e-5
-1.222, -1.800e-5
-1.221, -1.896e-5
-1.220, -2.019e-5
-1.219, -2.138e-5
-1.218, -2.231e-5
-1.217, -2.331e-5
-1.216, -2.423e-5
-1.215, -2.523e-5
-1.214, -2.628e-5
-1.213, -2.716e-5
-1.212, -2.806e-5
-1.211, -2.904e-5
-1.210, -2.988e-5
-1.209, -3.080e-5
-1.208, -3.150e-5
-1.207, -3.227e-5
-1.206, -3.319e-5
-1.205, -3.389e-5
-1.204, -3.460e-5
-1.203, -3.539e-5
-1.202, -3.605e-5
-1.201, -3.683e-5
-1.200, -3.748e-5
-1.199, -3.772e-5
-1.198, -3.813e-5
-1.197, -3.876e-5
-1.196, -3.940e-5
-1.195, -4.008e-5
-1.194, -4.063e-5
-1.193, -4.117e-5
-1.192, -4.135e-5
-1.191, -4.209e-5
-1.190, -4.275e-5
-1.189, -4.301e-5
-1.188, -4.330e-5
-1.187, -4.380e-5
-1.186, -4.383e-5
-1.185, -4.435e-5
-1.184, -4.450e-5
-1.183, -4.480e-5
-1.182, -4.510e-5
-1.181, -4.518e-5
-1.180, -4.538e-5
-1.179, -4.561e-5
-1.178, -4.574e-5
-1.177, -4.569e-5
-1.176, -4.578e-5
-1.175, -4.581e-5
-1.174, -4.615e-5
-1.173, -4.609e-5
-1.172, -4.608e-5
-1.171, -4.611e-5
-1.170, -4.614e-5
-1.169, -4.619e-5
-1.168, -4.603e-5
-1.167, -4.577e-5
-1.166, -4.603e-5
-1.165, -4.591e-5
-1.164, -4.579e-5
-1.163, -4.583e-5
-1.162, -4.574e-5
-1.161, -4.570e-5
-1.160, -4.550e-5
-1.159, -4.525e-5
-1.158, -4.508e-5
-1.157, -4.474e-5
-1.156, -4.467e-5
-1.155, -4.481e-5
-1.154, -4.460e-5
-1.153, -4.454e-5
-1.152, -4.410e-5
-1.151, -4.374e-5
-1.150, -4.361e-5
-1.149, -4.335e-5
-1.148, -4.323e-5
-1.147, -4.317e-5
-1.146, -4.320e-5
-1.145, -4.292e-5
-1.144, -4.246e-5
-1.143, -4.231e-5
-1.142, -4.235e-5
-1.141, -4.212e-5
-1.140, -4.186e-5
-1.139, -4.160e-5
-1.138, -4.124e-5
-1.137, -4.108e-5
-1.136, -4.077e-5
-1.135, -4.064e-5
-1.134, -4.052e-5
-1.133, -4.033e-5
-1.132, -4.000e-5
-1.131, -3.987e-5
-1.130, -3.959e-5
-1.129, -3.934e-5
-1.128, -3.902e-5
-1.127, -3.891e-5
-1.126, -3.904e-5
-1.125, -3.879e-5
-1.124, -3.869e-5
-1.123, -3.849e-5
-1.122, -3.816e-5
-1.121, -3.815e-5
-1.120, -3.794e-5
-1.119, -3.779e-5
-1.118, -3.775e-5
-1.117, -3.735e-5
-1.116, -3.759e-5
-1.115, -3.752e-5
-1.114, -3.727e-5
-1.113, -3.715e-5
-1.112, -3.669e-5
-1.111, -3.664e-5
-1.110, -3.683e-5
-1.109, -3.737e-5
-1.108, -3.710e-5
-1.107, -3.725e-5
-1.106, -3.718e-5
-1.105, -3.725e-5
-1.104, -3.690e-5
-1.103, -3.671e-5
-1.102, -3.656e-5
-1.101, -3.645e-5
-1.100, -3.651e-5
-1.099, -3.636e-5
-1.098, -3.633e-5
-1.097, -3.632e-5
-1.096, -3.634e-5
-1.095, -3.620e-5
-1.094, -3.624e-5
-1.093, -3.617e-5
-1.092, -3.615e-5
-1.091, -3.612e-5
-1.090, -3.591e-5
-1.089, -3.602e-5
-1.088, -3.607e-5
-1.087, -3.592e-5
-1.086, -3.602e-5
-1.085, -3.584e-5
-1.084, -3.601e-5
-1.083, -3.591e-5
-1.082, -3.587e-5
-1.081, -3.595e-5
-1.080, -3.588e-5
-1.079, -3.593e-5
-1.078, -3.606e-5
-1.077, -3.596e-5
-1.076, -3.622e-5
-1.075, -3.635e-5
-1.074, -3.625e-5
-1.073, -3.647e-5
-1.072, -3.632e-5
-1.071, -3.656e-5
-1.070, -3.668e-5
-1.069, -3.672e-5
-1.068, -3.683e-5
-1.067, -3.695e-5
-1.066, -3.700e-5
-1.065, -3.715e-5
-1.064, -3.713e-5
-1.063, -3.730e-5
-1.062, -3.744e-5
-1.061, -3.755e-5
-1.060, -3.771e-5
-1.059, -3.800e-5
-1.058, -3.806e-5
-1.057, -3.821e-5
-1.056, -3.829e-5
-1.055, -3.855e-5
-1.054, -3.881e-5
-1.053, -3.892e-5
-1.052, -3.908e-5
-1.051, -3.934e-5
-1.050, -3.951e-5
-1.049, -3.993e-5
-1.048, -4.000e-5
-1.047, -4.031e-5
-1.046, -4.060e-5
-1.045, -4.074e-5
-1.044, -4.101e-5
-1.043, -4.132e-5
-1.042, -4.141e-5
-1.041, -4.182e-5
-1.040, -4.204e-5
-1.039, -4.239e-5
-1.038, -4.271e-5
-1.037, -4.287e-5
-1.036, -4.315e-5
-1.035, -4.358e-5
-1.034, -4.382e-5
-1.033, -4.424e-5
-1.032, -4.432e-5
-1.031, -4.482e-5
-1.030, -4.527e-5
-1.029, -4.559e-5
-1.028, -4.589e-5
-1.027, -4.630e-5
-1.026, -4.666e-5
-1.025, -4.704e-5
-1.024, -4.754e-5
-1.023, -4.787e-5
-1.022, -4.826e-5
-1.021, -4.860e-5
-1.020, -4.913e-5
-1.019, -4.963e-5
-1.018, -4.985e-5
-1.017, -5.026e-5
-1.016, -5.055e-5
-1.015, -5.108e-5
-1.014, -5.165e-5
-1.013, -5.190e-5
-1.012, -5.231e-5
-1.011, -5.289e-5
-1.010, -5.333e-5
-1.009, -5.383e-5
-1.008, -5.408e-5
-1.007, -5.457e-5
-1.006, -5.514e-5
-1.005, -5.566e-5
-1.004, -5.626e-5
-1.003, -5.692e-5
-1.002, -5.697e-5
-1.001, -5.765e-5
-1.000, -4.242e-5
-1.001, -3.477e-5
-1.002, -3.168e-5
-1.003, -2.957e-5
-1.004, -2.757e-5
-1.005, -2.586e-5
-1.006, -2.433e-5
-1.007, -2.280e-5
-1.008, -2.161e-5
-1.009, -2.032e-5
-1.010, -1.900e-5
-1.011, -1.778e-5
-1.012, -1.666e-5
-1.013, -1.556e-5
-1.014, -1.464e-5
-1.015, -1.368e-5
-1.016, -1.284e-5
-1.017, -1.209e-5
-1.018, -1.102e-5
-1.019, -1.012e-5
-1.020, -9.234e-6
-1.021, -8.456e-6
-1.022, -7.726e-6
-1.023, -6.836e-6
-1.024, -6.133e-6
-1.025, -5.534e-6
-1.026, -4.792e-6
-1.027, -4.266e-6
-1.028, -3.447e-6
-1.029, -2.851e-6
-1.030, -2.345e-6
-1.031, -1.708e-6
-1.032, -1.173e-6
-1.033, -5.557e-7
-1.034, -1.006e-8
-1.035, 3.865e-7
-1.036, 8.818e-7
-1.037, 1.402e-6
-1.038, 1.854e-6
-1.039, 2.407e-6
-1.040, 2.749e-6
-1.041, 3.146e-6
-1.042, 3.608e-6
-1.043, 3.969e-6
-1.044, 4.502e-6
-1.045, 4.758e-6
-1.046, 5.075e-6
-1.047, 5.573e-6
-1.048, 5.849e-6
-1.049, 6.195e-6
-1.050, 6.574e-6
-1.051, 6.753e-6
-1.052, 7.131e-6
-1.053, 7.519e-6
-1.054, 7.758e-6
-1.055, 8.106e-6
-1.056, 8.263e-6
-1.057, 8.476e-6
-1.058, 8.849e-6
-1.059, 9.034e-6
-1.060, 9.305e-6
-1.061, 9.419e-6
-1.062, 9.667e-6
-1.063, 9.883e-6
-1.064, 9.994e-6
-1.065, 9.522e-6
-1.066, 9.303e-6
-1.067, 1.010e-5
-1.068, 1.069e-5
-1.069, 1.080e-5
-1.070, 1.101e-5
-1.071, 1.125e-5
-1.072, 1.138e-5
-1.073, 1.160e-5
-1.074, 1.186e-5
-1.075, 1.202e-5
-1.076, 1.202e-5
-1.077, 1.225e-5
-1.078, 1.243e-5
-1.079, 1.261e-5
-1.080, 1.260e-5
-1.081, 1.267e-5
-1.082, 1.294e-5
-1.083, 1.301e-5
-1.084, 1.318e-5
-1.085, 1.320e-5
-1.086, 1.331e-5
-1.087, 1.350e-5
-1.088, 1.362e-5
-1.089, 1.366e-5
-1.090, 1.386e-5
-1.091, 1.379e-5
-1.092, 1.402e-5
-1.093, 1.409e-5
-1.094, 1.417e-5
-1.095, 1.436e-5
-1.096, 1.435e-5
-1.097, 1.447e-5
-1.098, 1.467e-5
-1.099, 1.472e-5
-1.100, 1.475e-5
-1.101, 1.488e-5
-1.102, 1.492e-5
-1.103, 1.517e-5
-1.104, 1.514e-5
-1.105, 1.523e-5
-1.106, 1.535e-5
-1.107, 1.542e-5
-1.108, 1.561e-5
-1.109, 1.570e-5
-1.110, 1.578e-5
-1.111, 1.586e-5
-1.112, 1.590e-5
-1.113, 1.606e-5
-1.114, 1.618e-5
-1.115, 1.629e-5
-1.116, 1.630e-5
-1.117, 1.645e-5
-1.118, 1.656e-5
-1.119, 1.675e-5
-1.120, 1.669e-5
-1.121, 1.676e-5
-1.122, 1.699e-5
-1.123, 1.704e-5
-1.124, 1.721e-5
-1.125, 1.725e-5
-1.126, 1.727e-5
-1.127, 1.751e-5
-1.128, 1.765e-5
-1.129, 1.760e-5
-1.130, 1.786e-5
-1.131, 1.767e-5
-1.132, 1.794e-5
-1.133, 1.808e-5
-1.134, 1.820e-5
-1.135, 1.833e-5
-1.136, 1.831e-5
-1.137, 1.850e-5
-1.138, 1.870e-5
-1.139, 1.872e-5
-1.140, 1.889e-5
-1.141, 1.891e-5
-1.142, 1.901e-5
-1.143, 1.930e-5
-1.144, 1.920e-5
-1.145, 1.942e-5
-1.146, 1.949e-5
-1.147, 1.960e-5
-1.148, 1.972e-5
-1.149, 1.979e-5
-1.150, 1.989e-5
-1.151, 2.008e-5
-1.152, 2.014e-5
-1.153, 2.076e-5
-1.154, 2.062e-5
-1.155, 2.058e-5
-1.156, 2.062e-5
-1.157, 2.080e-5
-1.158, 2.090e-5
-1.159, 2.110e-5
-1.160, 2.118e-5
-1.161, 2.126e-5
-1.162, 2.146e-5
-1.163, 2.165e-5
-1.164, 2.183e-5
-1.165, 2.198e-5
-1.166, 2.197e-5
-1.167, 2.228e-5
-1.168, 2.244e-5
-1.169, 2.255e-5
-1.170, 2.292e-5
-1.171, 2.285e-5
-1.172, 2.322e-5
-1.173, 2.336e-5
-1.174, 2.341e-5
-1.175, 2.375e-5
-1.176, 2.380e-5
-1.177, 2.452e-5
-1.178, 2.447e-5
-1.179, 2.447e-5
-1.180, 2.472e-5
-1.181, 2.484e-5
-1.182, 2.512e-5
-1.183, 2.542e-5
-1.184, 2.557e-5
-1.185, 2.579e-5
-1.186, 2.606e-5
-1.187, 2.624e-5
-1.188, 2.659e-5
-1.189, 2.684e-5
-1.190, 2.706e-5
-1.191, 2.727e-5
-1.192, 2.754e-5
-1.193, 2.788e-5
-1.194, 2.835e-5
-1.195, 2.849e-5
-1.196, 2.873e-5
-1.197, 2.914e-5
-1.198, 2.941e-5
-1.199, 2.990e-5
-1.200, 3.012e-5
-1.201, 3.050e-5
-1.202, 3.089e-5
-1.203, 3.123e-5
-1.204, 3.165e-5
-1.205, 3.202e-5
-1.206, 3.236e-5
-1.207, 3.287e-5
-1.208, 3.331e-5
-1.209, 3.370e-5
-1.210, 3.416e-5
-1.211, 3.454e-5
-1.212, 3.508e-5
-1.213, 3.551e-5
-1.214, 3.590e-5
-1.215, 3.649e-5
-1.216, 3.698e-5
-1.217, 3.738e-5
-1.218, 3.803e-5
-1.219, 3.855e-5
-1.220, 3.922e-5
-1.221, 3.973e-5
-1.222, 4.027e-5
-1.223, 4.088e-5
-1.224, 4.137e-5
-1.225, 4.204e-5
-1.226, 4.270e-5
-1.227, 4.321e-5
-1.228, 4.414e-5
-1.229, 4.489e-5
-1.230, 4.547e-5
-1.231, 4.620e-5
-1.232, 4.686e-5
-1.233, 4.765e-5
-1.234, 4.838e-5
-1.235, 4.903e-5
-1.236, 4.991e-5
-1.237, 5.073e-5
-1.238, 5.170e-5
-1.239, 5.254e-5
-1.240, 5.327e-5
-1.241, 5.413e-5
-1.242, 5.496e-5
-1.243, 5.588e-5
-1.244, 5.696e-5
-1.245, 5.781e-5
-1.246, 5.867e-5
-1.247, 5.976e-5
-1.248, 6.075e-5
-1.249, 6.186e-5
-1.250, 6.295e-5
-1.251, 6.385e-5
-1.252, 6.499e-5
-1.253, 6.615e-5
-1.254, 6.725e-5
-1.255, 6.846e-5
-1.256, 6.957e-5
-1.257, 7.077e-5
-1.258, 7.199e-5
-1.259, 7.324e-5
-1.260, 7.466e-5
-1.261, 7.590e-5
-1.262, 7.717e-5
-1.263, 7.857e-5
-1.264, 7.983e-5
-1.265, 8.126e-5
-1.266, 8.296e-5
-1.267, 8.429e-5
-1.268, 8.576e-5
-1.269, 8.731e-5
-1.270, 8.859e-5
-1.271, 9.031e-5
-1.272, 9.189e-5
-1.273, 9.383e-5
-1.274, 9.539e-5
-1.275, 9.695e-5
-1.276, 9.880e-5
-1.277, 1.005e-4
-1.278, 1.024e-4
-1.279, 1.042e-4
-1.280, 1.060e-4
-1.281, 1.079e-4
-1.282, 1.097e-4
-1.283, 1.118e-4
-1.284, 1.138e-4
-1.285, 1.159e-4
-1.286, 1.179e-4
-1.287, 1.201e-4
-1.288, 1.220e-4
-1.289, 1.244e-4
-1.290, 1.267e-4
-1.291, 1.287e-4
-1.292, 1.310e-4
-1.293, 1.337e-4
-1.294, 1.361e-4
-1.295, 1.385e-4
-1.296, 1.408e-4
-1.297, 1.433e-4
-1.298, 1.457e-4
-1.299, 1.485e-4
-1.300, 1.515e-4
-1.301, 1.540e-4
-1.302, 1.566e-4
-1.303, 1.593e-4
-1.304, 1.621e-4
-1.305, 1.651e-4
-1.306, 1.679e-4
-1.307, 1.712e-4
-1.308, 1.743e-4
-1.309, 1.772e-4
-1.310, 1.803e-4
-1.311, 1.833e-4
-1.312, 1.867e-4
-1.313, 1.896e-4
-1.314, 1.929e-4
-1.315, 1.964e-4
-1.316, 1.996e-4
-1.317, 2.032e-4
-1.318, 2.067e-4
-1.319, 2.107e-4
-1.320, 2.143e-4
-1.321, 2.182e-4
-1.322, 2.216e-4
-1.323, 2.256e-4
-1.324, 2.295e-4
-1.325, 2.333e-4
-1.326, 2.375e-4
-1.327, 2.417e-4
-1.328, 2.458e-4
-1.329, 2.501e-4
-1.330, 2.540e-4
-1.331, 2.584e-4
-1.332, 2.634e-4
-1.333, 2.673e-4
-1.334, 2.719e-4
-1.335, 2.764e-4
-1.336, 2.811e-4
-1.337, 2.857e-4
-1.338, 2.909e-4
-1.339, 2.955e-4
-1.340, 3.006e-4
-1.341, 3.055e-4
-1.342, 3.105e-4
-1.343, 3.161e-4
-1.344, 3.212e-4
-1.345, 3.266e-4
-1.346, 3.320e-4
-1.347, 3.371e-4
-1.348, 3.425e-4
-1.349, 3.481e-4
-1.350, 3.537e-4
-1.351, 3.595e-4
-1.352, 3.649e-4
-1.353, 3.705e-4
-1.354, 3.768e-4
-1.355, 3.830e-4
-1.356, 3.890e-4
-1.357, 3.948e-4
-1.358, 4.009e-4
-1.359, 4.071e-4
-1.360, 4.134e-4
-1.361, 4.202e-4
-1.362, 4.262e-4
-1.363, 4.325e-4
-1.364, 4.397e-4
-1.365, 4.463e-4
-1.366, 4.524e-4
-1.367, 4.597e-4
-1.368, 4.667e-4
-1.369, 4.739e-4
-1.370, 4.808e-4
-1.371, 4.877e-4
-1.372, 4.952e-4
-1.373, 5.023e-4
-1.374, 5.105e-4
-1.375, 5.175e-4
-1.376, 5.242e-4
-1.377, 5.314e-4
-1.378, 5.397e-4
-1.379, 5.475e-4
-1.380, 5.552e-4
-1.381, 5.631e-4
-1.382, 5.712e-4
-1.383, 5.797e-4
-1.384, 5.882e-4
-1.385, 5.955e-4
-1.386, 6.041e-4
-1.387, 6.121e-4
-1.388, 6.208e-4
-1.389, 6.294e-4
-1.390, 6.390e-4
-1.391, 6.464e-4
-1.392, 6.538e-4
-1.393, 6.633e-4
-1.394, 6.727e-4
-1.395, 6.816e-4
-1.396, 6.912e-4
-1.397, 7.009e-4
-1.398, 7.093e-4
-1.399, 7.179e-4
-1.400, 7.257e-4
-1.401, 7.357e-4
-1.402, 7.456e-4
-1.403, 7.559e-4
-1.404, 7.663e-4
-1.405, 7.748e-4
-1.406, 7.854e-4
-1.407, 7.953e-4
-1.408, 8.045e-4
-1.409, 8.139e-4
-1.410, 8.254e-4
-1.411, 8.365e-4
-1.412, 8.471e-4
-1.413, 8.566e-4
-1.414, 8.667e-4
-1.415, 8.787e-4
-1.416, 8.900e-4
-1.417, 9.006e-4
-1.418, 9.112e-4
-1.419, 9.215e-4
-1.420, 9.320e-4
-1.421, 9.435e-4
-1.422, 9.554e-4
-1.423, 9.675e-4
-1.424, 9.798e-4
-1.425, 9.909e-4
-1.426, 1.001e-3
-1.427, 1.012e-3
-1.428, 1.025e-3
-1.429, 1.037e-3
-1.430, 1.049e-3
-1.431, 1.060e-3
-1.432, 1.070e-3
-1.433, 1.084e-3
-1.434, 1.098e-3
-1.435, 1.111e-3
-1.436, 1.124e-3
-1.437, 1.137e-3
-1.438, 1.147e-3
-1.439, 1.157e-3
-1.440, 1.170e-3
-1.441, 1.187e-3
-1.442, 1.201e-3
-1.443, 1.213e-3
-1.444, 1.225e-3
-1.445, 1.241e-3
-1.446, 1.255e-3
-1.447, 1.268e-3
-1.448, 1.282e-3
-1.449, 1.297e-3
-1.450, 1.310e-3
-1.451, 1.320e-3
-1.452, 1.335e-3
-1.453, 1.347e-3
-1.454, 1.362e-3
-1.455, 1.377e-3
-1.456, 1.393e-3
-1.457, 1.406e-3
-1.458, 1.421e-3
-1.459, 1.435e-3
-1.460, 1.449e-3
-1.461, 1.465e-3
-1.462, 1.483e-3
-1.463, 1.496e-3
-1.464, 1.512e-3
-1.465, 1.526e-3
-1.466, 1.543e-3
-1.467, 1.560e-3
-1.468, 1.575e-3
-1.469, 1.591e-3
-1.470, 1.608e-3
-1.471, 1.626e-3
-1.472, 1.641e-3
-1.473, 1.655e-3
-1.474, 1.669e-3
-1.475, 1.686e-3
-1.476, 1.703e-3
-1.477, 1.722e-3
-1.478, 1.741e-3
-1.479, 1.759e-3
-1.480, 1.774e-3
-1.481, 1.790e-3
-1.482, 1.806e-3
-1.483, 1.823e-3
-1.484, 1.843e-3
-1.485, 1.862e-3
-1.486, 1.880e-3
-1.487, 1.898e-3
-1.488, 1.920e-3
-1.489, 1.939e-3
-1.490, 1.955e-3
-1.491, 1.973e-3
-1.492, 1.991e-3
-1.493, 2.009e-3
-1.494, 2.028e-3
-1.495, 2.047e-3
-1.496, 2.066e-3
-1.497, 2.088e-3
-1.498, 2.107e-3
-1.499, 2.128e-3
-1.500, 2.121e-3
-1.499, 2.097e-3
-1.498, 2.080e-3
-1.497, 2.062e-3
-1.496, 2.043e-3
-1.495, 2.021e-3
-1.494, 1.991e-3
-1.493, 1.969e-3
-1.492, 1.948e-3
-1.491, 1.927e-3
-1.490, 1.907e-3
-1.489, 1.890e-3
-1.488, 1.874e-3
-1.487, 1.854e-3
-1.486, 1.829e-3
-1.485, 1.808e-3
-1.484, 1.790e-3
-1.483, 1.770e-3
-1.482, 1.751e-3
-1.481, 1.728e-3
-1.480, 1.709e-3
-1.479, 1.691e-3
-1.478, 1.673e-3
-1.477, 1.655e-3
-1.476, 1.636e-3
-1.475, 1.618e-3
-1.474, 1.603e-3
-1.473, 1.589e-3
-1.472, 1.568e-3
-1.471, 1.553e-3
-1.470, 1.533e-3
-1.469, 1.517e-3
-1.468, 1.501e-3
-1.467, 1.485e-3
-1.466, 1.469e-3
-1.465, 1.452e-3
-1.464, 1.437e-3
-1.463, 1.420e-3
-1.462, 1.404e-3
-1.461, 1.389e-3
-1.460, 1.374e-3
-1.459, 1.357e-3
-1.458, 1.342e-3
-1.457, 1.327e-3
-1.456, 1.311e-3
-1.455, 1.296e-3
-1.454, 1.281e-3
-1.453, 1.266e-3
-1.452, 1.252e-3
-1.451, 1.238e-3
-1.450, 1.225e-3
-1.449, 1.210e-3
-1.448, 1.196e-3
-1.447, 1.182e-3
-1.446, 1.168e-3
-1.445, 1.158e-3
-1.444, 1.144e-3
-1.443, 1.129e-3
-1.442, 1.116e-3
-1.441, 1.103e-3
-1.440, 1.092e-3
-1.439, 1.081e-3
-1.438, 1.067e-3
-1.437, 1.055e-3
-1.436, 1.042e-3
-1.435, 1.030e-3
-1.434, 1.017e-3
-1.433, 1.005e-3
-1.432, 9.934e-4
-1.431, 9.810e-4
-1.430, 9.700e-4
-1.429, 9.584e-4
-1.428, 9.465e-4
-1.427, 9.351e-4
-1.426, 9.230e-4
-1.425, 9.085e-4
-1.424, 8.980e-4
-1.423, 8.868e-4
-1.422, 8.785e-4
-1.421, 8.700e-4
-1.420, 8.596e-4
-1.419, 8.490e-4
-1.418, 8.391e-4
-1.417, 8.274e-4
-1.416, 8.186e-4
-1.415, 8.072e-4
-1.414, 7.908e-4
-1.413, 7.810e-4
-1.412, 7.721e-4
-1.411, 7.622e-4
-1.410, 7.527e-4
-1.409, 7.429e-4
-1.408, 7.332e-4
-1.407, 7.250e-4
-1.406, 7.159e-4
-1.405, 7.074e-4
-1.404, 6.972e-4
-1.403, 6.878e-4
-1.402, 6.764e-4
-1.401, 6.683e-4
-1.400, 6.566e-4
-1.399, 6.480e-4
-1.398, 6.401e-4
-1.397, 6.325e-4
-1.396, 6.238e-4
-1.395, 6.163e-4
-1.394, 6.087e-4
-1.393, 5.998e-4
-1.392, 5.926e-4
-1.391, 5.795e-4
-1.390, 5.721e-4
-1.389, 5.653e-4
-1.388, 5.588e-4
-1.387, 5.506e-4
-1.386, 5.480e-4
-1.385, 5.392e-4
-1.384, 5.304e-4
-1.383, 5.236e-4
-1.382, 5.156e-4
-1.381, 5.075e-4
-1.380, 4.989e-4
-1.379, 4.936e-4
-1.378, 4.870e-4
-1.377, 4.803e-4
-1.376, 4.721e-4
-1.375, 4.676e-4
-1.374, 4.593e-4
-1.373, 4.510e-4
-1.372, 4.437e-4
-1.371, 4.363e-4
-1.370, 4.297e-4
-1.369, 4.247e-4
-1.368, 4.182e-4
-1.367, 4.098e-4
-1.366, 4.035e-4
-1.365, 3.964e-4
-1.364, 3.922e-4
-1.363, 3.863e-4
-1.362, 3.798e-4
-1.361, 3.744e-4
-1.360, 3.692e-4
-1.359, 3.633e-4
-1.358, 3.572e-4
-1.357, 3.518e-4
-1.356, 3.459e-4
-1.355, 3.405e-4
-1.354, 3.355e-4
-1.353, 3.303e-4
-1.352, 3.253e-4
-1.351, 3.199e-4
-1.350, 3.145e-4
-1.349, 3.093e-4
-1.348, 3.042e-4
-1.347, 2.998e-4
-1.346, 2.952e-4
-1.345, 2.907e-4
-1.344, 2.860e-4
-1.343, 2.816e-4
-1.342, 2.764e-4
-1.341, 2.717e-4
-1.340, 2.671e-4
-1.339, 2.630e-4
-1.338, 2.582e-4
-1.337, 2.535e-4
-1.336, 2.495e-4
-1.335, 2.455e-4
-1.334, 2.415e-4
-1.333, 2.399e-4
-1.332, 2.350e-4
-1.331, 2.328e-4
-1.330, 2.277e-4
-1.329, 2.225e-4
-1.328, 2.180e-4
-1.327, 2.137e-4
-1.326, 2.103e-4
-1.325, 2.066e-4
-1.324, 2.027e-4
-1.323, 1.990e-4
-1.322, 1.955e-4
-1.321, 1.917e-4
-1.320, 1.883e-4
-1.319, 1.845e-4
-1.318, 1.810e-4
-1.317, 1.774e-4
-1.316, 1.741e-4
-1.315, 1.702e-4
-1.314, 1.667e-4
-1.313, 1.636e-4
-1.312, 1.623e-4
-1.311, 1.582e-4
-1.310, 1.545e-4
-1.309, 1.512e-4
-1.308, 1.484e-4
-1.307, 1.452e-4
-1.306, 1.424e-4
-1.305, 1.389e-4
-1.304, 1.361e-4
-1.303, 1.334e-4
-1.302, 1.305e-4
-1.301, 1.275e-4
-1.300, 1.244e-4
-1.299, 1.214e-4
-1.298, 1.186e-4
-1.297, 1.160e-4
-1.296, 1.134e-4
-1.295, 1.108e-4
-1.294, 1.082e-4
-1.293, 1.058e-4
-1.292, 1.031e-4
-1.291, 1.005e-4
-1.290, 9.820e-5
-1.289, 9.585e-5
-1.288, 9.454e-5
-1.287, 9.154e-5
-1.286, 8.887e-5
-1.285, 8.668e-5
-1.284, 8.427e-5
-1.283, 8.199e-5
-1.282, 7.982e-5
-1.281, 7.768e-5
-1.280, 7.554e-5
-1.279, 7.354e-5
-1.278, 7.127e-5
-1.277, 6.934e-5
-1.276, 6.733e-5
-1.275, 6.519e-5
-1.274, 6.336e-5
-1.273, 6.135e-5
-1.272, 5.949e-5
-1.271, 5.781e-5
-1.270, 5.577e-5
-1.269, 5.400e-5
-1.268, 5.227e-5
-1.267, 5.046e-5
-1.266, 4.870e-5
-1.265, 4.704e-5
-1.264, 4.549e-5
-1.263, 4.373e-5
-1.262, 4.216e-5
-1.261, 4.067e-5
-1.260, 3.909e-5
-1.259, 3.754e-5
-1.258, 3.611e-5
-1.257, 3.460e-5
-1.256, 3.318e-5
-1.255, 3.180e-5
-1.254, 3.036e-5
-1.253, 2.901e-5
-1.252, 2.778e-5
-1.251, 2.687e-5
-1.250, 2.575e-5
-1.249, 2.414e-5
-1.248, 2.301e-5
-1.247, 2.189e-5
-1.246, 2.041e-5
-1.245, 1.895e-5
-1.244, 1.795e-5
-1.243, 1.677e-5
-1.242, 1.577e-5
-1.241, 1.455e-5
-1.240, 1.360e-5
-1.239, 1.252e-5
-1.238, 1.144e-5
-1.237, 1.046e-5
-1.236, 9.557e-6
-1.235, 8.534e-6
-1.234, 7.666e-6
-1.233, 6.666e-6
-1.232, 5.836e-6
-1.231, 4.972e-6
-1.230, 4.062e-6
-1.229, 3.029e-6
-1.228, 2.311e-6
-1.227, 1.578e-6
-1.226, 8.473e-7
-1.225, 1.066e-8
-1.224, -6.435e-7
-1.223, -1.418e-6
-1.222, -2.200e-6
-1.221, -2.746e-6
-1.220, -3.450e-6
-1.219, -4.164e-6
-1.218, -4.792e-6
-1.217, -5.412e-6
-1.216, -5.980e-6
-1.215, -6.508e-6
-1.214, -7.202e-6
-1.213, -7.647e-6
-1.212, -8.253e-6
-1.211, -8.758e-6
-1.210, -9.193e-6
-1.209, -9.748e-6
-1.208, -1.021e-5
-1.207, -1.067e-5
-1.206, -1.115e-5
-1.205, -1.155e-5
-1.204, -1.209e-5
-1.203, -1.250e-5
-1.202, -1.272e-5
-1.201, -1.313e-5
-1.200, -1.344e-5
-1.199, -1.387e-5
-1.198, -1.429e-5
-1.197, -1.455e-5
-1.196, -1.480e-5
-1.195, -1.515e-5
-1.194, -1.537e-5
-1.193, -1.565e-5
-1.192, -1.598e-5
-1.191, -1.616e-5
-1.190, -1.660e-5
-1.189, -1.681e-5
-1.188, -1.698e-5
-1.187, -1.719e-5
-1.186, -1.734e-5
-1.185, -1.777e-5
-1.184, -1.796e-5
-1.183, -1.807e-5
-1.182, -1.833e-5
-1.181, -1.836e-5
-1.180, -1.852e-5
-1.179, -1.875e-5
-1.178, -1.893e-5
-1.177, -1.908e-5
-1.176, -1.905e-5
-1.175, -1.920e-5
-1.174, -1.937e-5
-1.173, -1.940e-5
-1.172, -1.953e-5
-1.171, -1.963e-5
-1.170, -1.969e-5
-1.169, -1.987e-5
-1.168, -1.991e-5
-1.167, -1.997e-5
-1.166, -2.019e-5
-1.165, -2.024e-5
-1.164, -2.018e-5
-1.163, -2.040e-5
-1.162, -2.039e-5
-1.161, -2.053e-5
-1.160, -2.052e-5
-1.159, -2.059e-5
-1.158, -2.070e-5
-1.157, -2.074e-5
-1.156, -2.083e-5
-1.155, -2.073e-5
-1.154, -2.084e-5
-1.153, -2.095e-5
-1.152, -2.100e-5
-1.151, -2.103e-5
-1.150, -2.109e-5
-1.149, -2.117e-5
-1.148, -2.134e-5
-1.147, -2.139e-5
-1.146, -2.135e-5
-1.145, -2.140e-5
-1.144, -2.138e-5
-1.143, -2.150e-5
-1.142, -2.159e-5
-1.141, -2.152e-5
-1.140, -2.160e-5
-1.139, -2.168e-5
-1.138, -2.172e-5
-1.137, -2.174e-5
-1.136, -2.191e-5
-1.135, -2.169e-5
-1.134, -2.183e-5
-1.133, -2.174e-5
-1.132, -2.181e-5
-1.131, -2.187e-5
-1.130, -2.180e-5
-1.129, -2.183e-5
-1.128, -2.196e-5
-1.127, -2.190e-5
-1.126, -2.199e-5
-1.125, -2.186e-5
-1.124, -2.193e-5
-1.123, -2.207e-5
-1.122, -2.235e-5
-1.121, -2.212e-5
-1.120, -2.204e-5
-1.119, -2.210e-5
-1.118, -2.224e-5
-1.117, -2.219e-5
-1.116, -2.222e-5
-1.115, -2.215e-5
-1.114, -2.222e-5
-1.113, -2.223e-5
-1.112, -2.211e-5
-1.111, -2.210e-5
-1.110, -2.217e-5
-1.109, -2.219e-5
-1.108, -2.227e-5
-1.107, -2.232e-5
-1.106, -2.228e-5
-1.105, -2.233e-5
-1.104, -2.240e-5
-1.103, -2.301e-5
-1.102, -2.295e-5
-1.101, -2.265e-5
-1.100, -2.258e-5
-1.099, -2.270e-5
-1.098, -2.271e-5
-1.097, -2.287e-5
-1.096, -2.277e-5
-1.095, -2.289e-5
-1.094, -2.306e-5
-1.093, -2.307e-5
-1.092, -2.312e-5
-1.091, -2.348e-5
-1.090, -2.423e-5
-1.089, -2.350e-5
-1.088, -2.326e-5
-1.087, -2.335e-5
-1.086, -2.366e-5
-1.085, -2.388e-5
-1.084, -2.382e-5
-1.083, -2.415e-5
-1.082, -2.409e-5
-1.081, -2.416e-5
-1.080, -2.421e-5
-1.079, -2.436e-5
-1.078, -2.457e-5
-1.077, -2.467e-5
-1.076, -2.479e-5
-1.075, -2.497e-5
-1.074, -2.505e-5
-1.073, -2.526e-5
-1.072, -2.529e-5
-1.071, -2.541e-5
-1.070, -2.568e-5
-1.069, -2.574e-5
-1.068, -2.601e-5
-1.067, -2.617e-5
-1.066, -2.616e-5
-1.065, -2.635e-5
-1.064, -2.650e-5
-1.063, -2.675e-5
-1.062, -2.704e-5
-1.061, -2.708e-5
-1.060, -2.722e-5
-1.059, -2.753e-5
-1.058, -2.774e-5
-1.057, -2.798e-5
-1.056, -2.805e-5
-1.055, -2.833e-5
-1.054, -2.865e-5
-1.053, -2.883e-5
-1.052, -2.915e-5
-1.051, -2.930e-5
-1.050, -3.019e-5
-1.049, -3.037e-5
-1.048, -3.028e-5
-1.047, -3.018e-5
-1.046, -3.042e-5
-1.045, -3.056e-5
-1.044, -3.091e-5
-1.043, -3.170e-5
-1.042, -3.180e-5
-1.041, -3.197e-5
-1.040, -3.219e-5
-1.039, -3.235e-5
-1.038, -3.273e-5
-1.037, -3.292e-5
-1.036, -3.317e-5
-1.035, -3.350e-5
-1.034, -3.367e-5
-1.033, -3.403e-5
-1.032, -3.426e-5
-1.031, -3.456e-5
-1.030, -3.484e-5
-1.029, -3.505e-5
-1.028, -3.544e-5
-1.027, -3.578e-5
-1.026, -3.603e-5
-1.025, -3.639e-5
-1.024, -3.668e-5
-1.023, -3.705e-5
-1.022, -3.760e-5
-1.021, -3.876e-5
-1.020, -3.941e-5
-1.019, -4.061e-5
-1.018, -4.048e-5
-1.017, -4.034e-5
-1.016, -4.029e-5
-1.015, -4.045e-5
-1.014, -4.078e-5
-1.013, -4.103e-5
-1.012, -4.128e-5
-1.011, -4.148e-5
-1.010, -4.170e-5
-1.009, -4.214e-5
-1.008, -4.242e-5
-1.007, -4.278e-5
-1.006, -4.313e-5
-1.005, -4.334e-5
-1.004, -4.376e-5
-1.003, -4.418e-5
-1.002, -4.440e-5
-1.001, -4.484e-5
-1.000, -3.188e-5
-1.001, -2.503e-5
-1.002, -2.248e-5
-1.003, -2.066e-5
-1.004, -1.977e-5
-1.005, -1.808e-5
-1.006, -1.660e-5
-1.007, -1.533e-5
-1.008, -1.433e-5
-1.009, -1.327e-5
-1.010, -1.225e-5
-1.011, -1.138e-5
-1.012, -1.048e-5
-1.013, -9.825e-6
-1.014, -8.961e-6
-1.015, -8.259e-6
-1.016, -7.556e-6
-1.017, -6.837e-6
-1.018, -6.111e-6
-1.019, -5.498e-6
-1.020, -4.775e-6
-1.021, -4.253e-6
-1.022, -3.675e-6
-1.023, -3.132e-6
-1.024, -2.506e-6
-1.025, -2.049e-6
-1.026, -1.500e-6
-1.027, -1.115e-6
-1.028, -5.764e-7
-1.029, -1.107e-7
-1.030, 3.333e-7
-1.031, 8.601e-7
-1.032, 1.118e-6
-1.033, 1.548e-6
-1.034, 2.038e-6
-1.035, 2.371e-6
-1.036, 2.805e-6
-1.037, 3.118e-6
-1.038, 3.446e-6
-1.039, 3.880e-6
-1.040, 4.176e-6
-1.041, 4.520e-6
-1.042, 4.826e-6
-1.043, 5.106e-6
-1.044, 5.528e-6
-1.045, 5.773e-6
-1.046, 6.029e-6
-1.047, 6.256e-6
-1.048, 6.523e-6
-1.049, 6.785e-6
-1.050, 7.137e-6
-1.051, 7.245e-6
-1.052, 7.540e-6
-1.053, 7.740e-6
-1.054, 7.985e-6
-1.055, 8.260e-6
-1.056, 8.454e-6
-1.057, 8.596e-6
-1.058, 8.851e-6
-1.059, 9.041e-6
-1.060, 9.255e-6
-1.061, 9.408e-6
-1.062, 9.551e-6
-1.063, 9.787e-6
-1.064, 9.887e-6
-1.065, 1.007e-5
-1.066, 1.031e-5
-1.067, 1.033e-5
-1.068, 1.051e-5
-1.069, 1.065e-5
-1.070, 1.081e-5
-1.071, 1.100e-5
-1.072, 1.100e-5
-1.073, 1.112e-5
-1.074, 1.135e-5
-1.075, 1.150e-5
-1.076, 1.158e-5
-1.077, 1.158e-5
-1.078, 1.165e-5
-1.079, 1.186e-5
-1.080, 1.193e-5
-1.081, 1.202e-5
-1.082, 1.209e-5
-1.083, 1.210e-5
-1.084, 1.230e-5
-1.085, 1.239e-5
-1.086, 1.242e-5
-1.087, 1.252e-5
-1.088, 1.248e-5
-1.089, 1.265e-5
-1.090, 1.278e-5
-1.091, 1.277e-5
-1.092, 1.285e-5
-1.093, 1.292e-5
-1.094, 1.295e-5
-1.095, 1.311e-5
-1.096, 1.314e-5
-1.097, 1.316e-5
-1.098, 1.322e-5
-1.099, 1.332e-5
-1.100, 1.341e-5
-1.101, 1.348e-5
-1.102, 1.341e-5
-1.103, 1.359e-5
-1.104, 1.356e-5
-1.105, 1.371e-5
-1.106, 1.374e-5
-1.107, 1.372e-5
-1.108, 1.383e-5
-1.109, 1.390e-5
-1.110, 1.390e-5
-1.111, 1.405e-5
-1.112, 1.403e-5
-1.113, 1.409e-5
-1.114, 1.426e-5
-1.115, 1.423e-5
-1.116, 1.437e-5
-1.117, 1.438e-5
-1.118, 1.435e-5
-1.119, 1.456e-5
-1.120, 1.453e-5
-1.121, 1.467e-5
-1.122, 1.465e-5
-1.123, 1.471e-5
-1.124, 1.479e-5
-1.125, 1.496e-5
-1.126, 1.489e-5
-1.127, 1.500e-5
-1.128, 1.495e-5
-1.129, 1.509e-5
-1.130, 1.521e-5
-1.131, 1.522e-5
-1.132, 1.529e-5
-1.133, 1.531e-5
-1.134, 1.542e-5
-1.135, 1.553e-5
-1.136, 1.558e-5
-1.137, 1.560e-5
-1.138, 1.569e-5
-1.139, 1.574e-5
-1.140, 1.591e-5
-1.141, 1.596e-5
-1.142, 1.589e-5
-1.143, 1.609e-5
-1.144, 1.610e-5
-1.145, 1.621e-5
-1.146, 1.636e-5
-1.147, 1.635e-5
-1.148, 1.641e-5
-1.149, 1.656e-5
-1.150, 1.659e-5
-1.151, 1.677e-5
-1.152, 1.675e-5
-1.153, 1.690e-5
-1.154, 1.704e-5
-1.155, 1.704e-5
-1.156, 1.719e-5
-1.157, 1.722e-5
-1.158, 1.726e-5
-1.159, 1.745e-5
-1.160, 1.755e-5
-1.161, 1.761e-5
-1.162, 1.775e-5
-1.163, 1.778e-5
-1.164, 1.793e-5
-1.165, 1.808e-5
-1.166, 1.814e-5
-1.167, 1.831e-5
-1.168, 1.831e-5
-1.169, 1.854e-5
-1.170, 1.871e-5
-1.171, 1.874e-5
-1.172, 1.890e-5
-1.173, 1.900e-5
-1.174, 1.914e-5
-1.175, 1.940e-5
-1.176, 1.947e-5
-1.177, 1.966e-5
-1.178, 1.971e-5
-1.179, 1.988e-5
-1.180, 2.010e-5
-1.181, 2.027e-5
-1.182, 2.030e-5
-1.183, 2.060e-5
-1.184, 2.071e-5
-1.185, 2.090e-5
-1.186, 2.111e-5
-1.187, 2.126e-5
-1.188, 2.142e-5
-1.189, 2.167e-5
-1.190, 2.189e-5
-1.191, 2.216e-5
-1.192, 2.220e-5
-1.193, 2.247e-5
-1.194, 2.281e-5
-1.195, 2.294e-5
-1.196, 2.330e-5
-1.197, 2.343e-5
-1.198, 2.365e-5
-1.199, 2.406e-5
-1.200, 2.421e-5
-1.201, 2.454e-5
-1.202, 2.485e-5
-1.203, 2.503e-5
-1.204, 2.544e-5
-1.205, 2.569e-5
-1.206, 2.607e-5
-1.207, 2.639e-5
-1.208, 2.665e-5
-1.209, 2.699e-5
-1.210, 2.741e-5
-1.211, 2.774e-5
-1.212, 2.809e-5
-1.213, 2.851e-5
-1.214, 2.878e-5
-1.215, 2.935e-5
-1.216, 2.972e-5
-1.217, 3.011e-5
-1.218, 3.052e-5
-1.219, 3.098e-5
-1.220, 3.148e-5
-1.221, 3.193e-5
-1.222, 3.235e-5
-1.223, 3.284e-5
-1.224, 3.335e-5
-1.225, 3.391e-5
-1.226, 3.442e-5
-1.227, 3.493e-5
-1.228, 3.551e-5
-1.229, 3.620e-5
-1.230, 3.666e-5
-1.231, 3.730e-5
-1.232, 3.780e-5
-1.233, 3.850e-5
-1.234, 3.918e-5
-1.235, 3.981e-5
-1.236, 4.036e-5
-1.237, 4.100e-5
-1.238, 4.170e-5
-1.239, 4.251e-5
-1.240, 4.314e-5
-1.241, 4.386e-5
-1.242, 4.464e-5
-1.243, 4.534e-5
-1.244, 4.625e-5
-1.245, 4.697e-5
-1.246, 4.780e-5
-1.247, 4.867e-5
-1.248, 4.938e-5
-1.249, 5.030e-5
-1.250, 5.121e-5
-1.251, 5.208e-5
-1.252, 5.299e-5
-1.253, 5.391e-5
-1.254, 5.493e-5
-1.255, 5.595e-5
-1.256, 5.687e-5
-1.257, 5.782e-5
-1.258, 5.891e-5
-1.259, 5.996e-5
-1.260, 6.107e-5
-1.261, 6.216e-5
-1.262, 6.310e-5
-1.263, 6.441e-5
-1.264, 6.552e-5
-1.265, 6.674e-5
-1.266, 6.791e-5
-1.267, 6.907e-5
-1.268, 7.051e-5
-1.269, 7.162e-5
-1.270, 7.293e-5
-1.271, 7.429e-5
-1.272, 7.556e-5
-1.273, 7.687e-5
-1.274, 7.839e-5
-1.275, 7.975e-5
-1.276, 8.123e-5
-1.277, 8.266e-5
-1.278, 8.409e-5
-1.279, 8.568e-5
-1.280, 8.737e-5
-1.281, 8.889e-5
-1.282, 9.038e-5
-1.283, 9.194e-5
-1.284, 9.370e-5
-1.285, 9.537e-5
-1.286, 9.706e-5
-1.287, 9.882e-5
-1.288, 1.004e-4
-1.289, 1.023e-4
-1.290, 1.042e-4
-1.291, 1.060e-4
-1.292, 1.078e-4
-1.293, 1.096e-4
-1.294, 1.116e-4
-1.295, 1.136e-4
-1.296, 1.156e-4
-1.297, 1.177e-4
-1.298, 1.198e-4
-1.299, 1.217e-4
-1.300, 1.240e-4
-1.301, 1.261e-4
-1.302, 1.281e-4
-1.303, 1.305e-4
-1.304, 1.327e-4
-1.305, 1.350e-4
-1.306, 1.374e-4
-1.307, 1.396e-4
-1.308, 1.421e-4
-1.309, 1.445e-4
-1.310, 1.471e-4
-1.311, 1.497e-4
-1.312, 1.521e-4
-1.313, 1.546e-4
-1.314, 1.573e-4
-1.315, 1.600e-4
-1.316, 1.628e-4
-1.317, 1.654e-4
-1.318, 1.682e-4
-1.319, 1.711e-4
-1.320, 1.741e-4
-1.321, 1.770e-4
-1.322, 1.799e-4
-1.323, 1.826e-4
-1.324, 1.859e-4
-1.325, 1.890e-4
-1.326, 1.919e-4
-1.327, 1.950e-4
-1.328, 1.981e-4
-1.329, 2.013e-4
-1.330, 2.046e-4
-1.331, 2.079e-4
-1.332, 2.112e-4
-1.333, 2.146e-4
-1.334, 2.179e-4
-1.335, 2.214e-4
-1.336, 2.248e-4
-1.337, 2.284e-4
-1.338, 2.321e-4
-1.339, 2.355e-4
-1.340, 2.395e-4
-1.341, 2.433e-4
-1.342, 2.469e-4
-1.343, 2.508e-4
-1.344, 2.546e-4
-1.345, 2.584e-4
-1.346, 2.625e-4
-1.347, 2.662e-4
-1.348, 2.703e-4
-1.349, 2.742e-4
-1.350, 2.781e-4
-1.351, 2.824e-4
-1.352, 2.864e-4
-1.353, 2.908e-4
-1.354, 2.949e-4
-1.355, 2.990e-4
-1.356, 3.030e-4
-1.357, 3.079e-4
-1.358, 3.119e-4
-1.359, 3.166e-4
-1.360, 3.209e-4
-1.361, 3.260e-4
-1.362, 3.307e-4
-1.363, 3.350e-4
-1.364, 3.404e-4
-1.365, 3.449e-4
-1.366, 3.497e-4
-1.367, 3.547e-4
-1.368, 3.598e-4
-1.369, 3.650e-4
-1.370, 3.695e-4
-1.371, 3.743e-4
-1.372, 3.795e-4
-1.373, 3.846e-4
-1.374, 3.898e-4
-1.375, 3.951e-4
-1.376, 4.004e-4
-1.377, 4.057e-4
-1.378, 4.112e-4
-1.379, 4.169e-4
-1.380, 4.227e-4
-1.381, 4.282e-4
-1.382, 4.335e-4
-1.383, 4.390e-4
-1.384, 4.449e-4
-1.385, 4.506e-4
-1.386, 4.568e-4
-1.387, 4.629e-4
-1.388, 4.691e-4
-1.389, 4.751e-4
-1.390, 4.810e-4
-1.391, 4.868e-4
-1.392, 4.931e-4
-1.393, 4.992e-4
-1.394, 5.054e-4
-1.395, 5.118e-4
-1.396, 5.185e-4
-1.397, 5.251e-4
-1.398, 5.283e-4
-1.399, 5.347e-4
-1.400, 5.411e-4
-1.401, 5.480e-4
-1.402, 5.545e-4
-1.403, 5.611e-4
-1.404, 5.675e-4
-1.405, 5.755e-4
-1.406, 5.850e-4
-1.407, 5.895e-4
-1.408, 5.978e-4
-1.409, 6.054e-4
-1.410, 6.131e-4
-1.411, 6.199e-4
-1.412, 6.255e-4
-1.413, 6.321e-4
-1.414, 6.412e-4
-1.415, 6.499e-4
-1.416, 6.572e-4
-1.417, 6.645e-4
-1.418, 6.720e-4
-1.419, 6.794e-4
-1.420, 6.874e-4
-1.421, 6.952e-4
-1.422, 7.036e-4
-1.423, 7.114e-4
-1.424, 7.193e-4
-1.425, 7.278e-4
-1.426, 7.361e-4
-1.427, 7.443e-4
-1.428, 7.508e-4
-1.429, 7.583e-4
-1.430, 7.651e-4
-1.431, 7.737e-4
-1.432, 7.828e-4
-1.433, 7.923e-4
-1.434, 8.026e-4
-1.435, 8.107e-4
-1.436, 8.194e-4
-1.437, 8.286e-4
-1.438, 8.377e-4
-1.439, 8.473e-4
-1.440, 8.544e-4
-1.441, 8.646e-4
-1.442, 8.754e-4
-1.443, 8.838e-4
-1.444, 8.928e-4
-1.445, 9.086e-4
-1.446, 9.159e-4
-1.447, 9.262e-4
-1.448, 9.357e-4
-1.449, 9.456e-4
-1.450, 9.560e-4
-1.451, 9.662e-4
-1.452, 9.746e-4
-1.453, 9.827e-4
-1.454, 9.948e-4
-1.455, 1.006e-3
-1.456, 1.017e-3
-1.457, 1.028e-3
-1.458, 1.039e-3
-1.459, 1.050e-3
-1.460, 1.061e-3
-1.461, 1.072e-3
-1.462, 1.083e-3
-1.463, 1.094e-3
-1.464, 1.105e-3
-1.465, 1.117e-3
-1.466, 1.127e-3
-1.467, 1.139e-3
-1.468, 1.146e-3
-1.469, 1.154e-3
-1.470, 1.166e-3
-1.471, 1.179e-3
-1.472, 1.192e-3
-1.473, 1.203e-3
-1.474, 1.216e-3
-1.475, 1.228e-3
-1.476, 1.240e-3
-1.477, 1.256e-3
-1.478, 1.267e-3
-1.479, 1.280e-3
-1.480, 1.290e-3
-1.481, 1.302e-3
-1.482, 1.320e-3
-1.483, 1.329e-3
-1.484, 1.341e-3
-1.485, 1.355e-3
-1.486, 1.368e-3
-1.487, 1.382e-3
-1.488, 1.396e-3
-1.489, 1.410e-3
-1.490, 1.424e-3
-1.491, 1.437e-3
-1.492, 1.453e-3
-1.493, 1.465e-3
-1.494, 1.479e-3
-1.495, 1.494e-3
-1.496, 1.509e-3
-1.497, 1.522e-3
-1.498, 1.536e-3
-1.499, 1.553e-3
-1.500, 1.548e-3
-1.499, 1.535e-3
-1.498, 1.517e-3
-1.497, 1.497e-3
-1.496, 1.481e-3
-1.495, 1.466e-3
-1.494, 1.452e-3
-1.493, 1.439e-3
-1.492, 1.424e-3
-1.491, 1.408e-3
-1.490, 1.392e-3
-1.489, 1.376e-3
-1.488, 1.362e-3
-1.487, 1.349e-3
-1.486, 1.331e-3
-1.485, 1.315e-3
-1.484, 1.301e-3
-1.483, 1.289e-3
-1.482, 1.275e-3
-1.481, 1.262e-3
-1.480, 1.250e-3
-1.479, 1.237e-3
-1.478, 1.219e-3
-1.477, 1.206e-3
-1.476, 1.192e-3
-1.475, 1.179e-3
-1.474, 1.168e-3
-1.473, 1.155e-3
-1.472, 1.143e-3
-1.471, 1.130e-3
-1.470, 1.119e-3
-1.469, 1.111e-3
-1.468, 1.097e-3
-1.467, 1.085e-3
-1.466, 1.073e-3
-1.465, 1.061e-3
-1.464, 1.050e-3
-1.463, 1.039e-3
-1.462, 1.029e-3
-1.461, 1.018e-3
-1.460, 1.007e-3
-1.459, 9.962e-4
-1.458, 9.852e-4
-1.457, 9.734e-4
-1.456, 9.635e-4
-1.455, 9.541e-4
-1.454, 9.448e-4
-1.453, 9.347e-4
-1.452, 9.251e-4
-1.451, 9.151e-4
-1.450, 9.031e-4
-1.449, 8.900e-4
-1.448, 8.801e-4
-1.447, 8.695e-4
-1.446, 8.618e-4
-1.445, 8.536e-4
-1.444, 8.455e-4
-1.443, 8.334e-4
-1.442, 8.227e-4
-1.441, 8.140e-4
-1.440, 8.046e-4
-1.439, 7.952e-4
-1.438, 7.862e-4
-1.437, 7.768e-4
-1.436, 7.691e-4
-1.435, 7.607e-4
-1.434, 7.528e-4
-1.433, 7.441e-4
-1.432, 7.355e-4
-1.431, 7.275e-4
-1.430, 7.186e-4
-1.429, 7.111e-4
-1.428, 7.026e-4
-1.427, 6.945e-4
-1.426, 6.864e-4
-1.425, 6.789e-4
-1.424, 6.712e-4
-1.423, 6.636e-4
-1.422, 6.554e-4
-1.421, 6.476e-4
-1.420, 6.398e-4
-1.419, 6.330e-4
-1.418, 6.255e-4
-1.417, 6.183e-4
-1.416, 6.110e-4
-1.415, 6.038e-4
-1.414, 5.966e-4
-1.413, 5.889e-4
-1.412, 5.826e-4
-1.411, 5.754e-4
-1.410, 5.689e-4
-1.409, 5.620e-4
-1.408, 5.547e-4
-1.407, 5.473e-4
-1.406, 5.399e-4
-1.405, 5.332e-4
-1.404, 5.266e-4
-1.403, 5.200e-4
-1.402, 5.138e-4
-1.401, 5.070e-4
-1.400, 5.008e-4
-1.399, 4.955e-4
-1.398, 4.891e-4
-1.397, 4.833e-4
-1.396, 4.777e-4
-1.395, 4.713e-4
-1.394, 4.655e-4
-1.393, 4.588e-4
-1.392, 4.536e-4
-1.391, 4.475e-4
-1.390, 4.423e-4
-1.389, 4.371e-4
-1.388, 4.312e-4
-1.387, 4.262e-4
-1.386, 4.201e-4
-1.385, 4.144e-4
-1.384, 4.087e-4
-1.383, 4.043e-4
-1.382, 3.993e-4
-1.381, 3.937e-4
-1.380, 3.883e-4
-1.379, 3.824e-4
-1.378, 3.779e-4
-1.377, 3.729e-4
-1.376, 3.685e-4
-1.375, 3.634e-4
-1.374, 3.578e-4
-1.373, 3.531e-4
-1.372, 3.480e-4
-1.371, 3.429e-4
-1.370, 3.387e-4
-1.369, 3.345e-4
-1.368, 3.301e-4
-1.367, 3.247e-4
-1.366, 3.203e-4
-1.365, 3.157e-4
-1.364, 3.111e-4
-1.363, 3.065e-4
-1.362, 3.025e-4
-1.361, 2.982e-4
-1.360, 2.939e-4
-1.359, 2.895e-4
-1.358, 2.847e-4
-1.357, 2.809e-4
-1.356, 2.768e-4
-1.355, 2.728e-4
-1.354, 2.690e-4
-1.353, 2.648e-4
-1.352, 2.608e-4
-1.351, 2.569e-4
-1.350, 2.532e-4
-1.349, 2.495e-4
-1.348, 2.450e-4
-1.347, 2.398e-4
-1.346, 2.364e-4
-1.345, 2.330e-4
-1.344, 2.296e-4
-1.343, 2.261e-4
-1.342, 2.226e-4
-1.341, 2.192e-4
-1.340, 2.157e-4
-1.339, 2.122e-4
-1.338, 2.089e-4
-1.337, 2.054e-4
-1.336, 2.021e-4
-1.335, 1.989e-4
-1.334, 1.956e-4
-1.333, 1.927e-4
-1.332, 1.893e-4
-1.331, 1.862e-4
-1.330, 1.832e-4
-1.329, 1.799e-4
-1.328, 1.767e-4
-1.327, 1.740e-4
-1.326, 1.710e-4
-1.325, 1.682e-4
-1.324, 1.653e-4
-1.323, 1.622e-4
-1.322, 1.595e-4
-1.321, 1.565e-4
-1.320, 1.539e-4
-1.319, 1.510e-4
-1.318, 1.482e-4
-1.317, 1.455e-4
-1.316, 1.428e-4
-1.315, 1.404e-4
-1.314, 1.376e-4
-1.313, 1.350e-4
-1.312, 1.325e-4
-1.311, 1.300e-4
-1.310, 1.274e-4
-1.309, 1.250e-4
-1.308, 1.224e-4
-1.307, 1.199e-4
-1.306, 1.176e-4
-1.305, 1.152e-4
-1.304, 1.131e-4
-1.303, 1.107e-4
-1.302, 1.085e-4
-1.301, 1.062e-4
-1.300, 1.040e-4
-1.299, 1.016e-4
-1.298, 9.932e-5
-1.297, 9.715e-5
-1.296, 9.536e-5
-1.295, 9.328e-5
-1.294, 9.102e-5
-1.293, 8.899e-5
-1.292, 8.708e-5
-1.291, 8.505e-5
-1.290, 8.303e-5
-1.289, 8.089e-5
-1.288, 7.884e-5
-1.287, 7.689e-5
-1.286, 7.514e-5
-1.285, 7.322e-5
-1.284, 7.145e-5
-1.283, 6.965e-5
-1.282, 6.791e-5
-1.281, 6.615e-5
-1.280, 6.432e-5
-1.279, 6.295e-5
-1.278, 6.110e-5
-1.277, 5.947e-5
-1.276, 5.777e-5
-1.275, 5.612e-5
-1.274, 5.467e-5
-1.273, 5.316e-5
-1.272, 5.172e-5
-1.271, 5.016e-5
-1.270, 4.862e-5
-1.269, 4.714e-5
-1.268, 4.571e-5
-1.267, 4.433e-5
-1.266, 4.302e-5
-1.265, 4.160e-5
-1.264, 4.028e-5
-1.263, 3.893e-5
-1.262, 3.764e-5
-1.261, 3.635e-5
-1.260, 3.519e-5
-1.259, 3.419e-5
-1.258, 3.265e-5
-1.257, 3.144e-5
-1.256, 3.027e-5
-1.255, 2.910e-5
-1.254, 2.785e-5
-1.253, 2.684e-5
-1.252, 2.576e-5
-1.251, 2.463e-5
-1.250, 2.406e-5
-1.249, 2.280e-5
-1.248, 2.167e-5
-1.247, 2.052e-5
-1.246, 1.955e-5
-1.245, 1.870e-5
-1.244, 1.766e-5
-1.243, 1.661e-5
-1.242, 1.578e-5
-1.241, 1.482e-5
-1.240, 1.405e-5
-1.239, 1.309e-5
-1.238, 1.221e-5
-1.237, 1.143e-5
-1.236, 1.064e-5
-1.235, 9.831e-6
-1.234, 9.069e-6
-1.233, 8.235e-6
-1.232, 7.574e-6
-1.231, 6.879e-6
-1.230, 6.093e-6
-1.229, 5.229e-6
-1.228, 4.654e-6
-1.227, 3.970e-6
-1.226, 3.396e-6
-1.225, 2.675e-6
-1.224, 2.127e-6
-1.223, 1.563e-6
-1.222, 9.203e-7
-1.221, 3.925e-7
-1.220, -2.064e-7
-1.219, -8.556e-7
-1.218, -1.382e-6
-1.217, -1.974e-6
-1.216, -2.451e-6
-1.215, -2.879e-6
-1.214, -3.460e-6
-1.213, -3.810e-6
-1.212, -4.379e-6
-1.211, -4.829e-6
-1.210, -5.257e-6
-1.209, -5.729e-6
-1.208, -6.073e-6
-1.207, -6.592e-6
-1.206, -6.979e-6
-1.205, -7.287e-6
-1.204, -7.669e-6
-1.203, -8.152e-6
-1.202, -8.476e-6
-1.201, -8.829e-6
-1.200, -9.070e-6
-1.199, -9.467e-6
-1.198, -9.824e-6
-1.197, -1.009e-5
-1.196, -1.038e-5
-1.195, -1.066e-5
-1.194, -1.088e-5
-1.193, -1.129e-5
-1.192, -1.150e-5
-1.191, -1.168e-5
-1.190, -1.203e-5
-1.189, -1.240e-5
-1.188, -1.265e-5
-1.187, -1.285e-5
-1.186, -1.300e-5
-1.185, -1.318e-5
-1.184, -1.346e-5
-1.183, -1.365e-5
-1.182, -1.387e-5
-1.181, -1.397e-5
-1.180, -1.412e-5
-1.179, -1.440e-5
-1.178, -1.459e-5
-1.177, -1.479e-5
-1.176, -1.483e-5
-1.175, -1.498e-5
-1.174, -1.518e-5
-1.173, -1.532e-5
-1.172, -1.550e-5
-1.171, -1.557e-5
-1.170, -1.559e-5
-1.169, -1.585e-5
-1.168, -1.596e-5
-1.167, -1.599e-5
-1.166, -1.615e-5
-1.165, -1.622e-5
-1.164, -1.639e-5
-1.163, -1.652e-5
-1.162, -1.656e-5
-1.161, -1.674e-5
-1.160, -1.672e-5
-1.159, -1.686e-5
-1.158, -1.700e-5
-1.157, -1.705e-5
-1.156, -1.707e-5
-1.155, -1.718e-5
-1.154, -1.726e-5
-1.153, -1.692e-5
-1.152, -1.707e-5
-1.151, -1.722e-5
-1.150, -1.723e-5
-1.149, -1.740e-5
-1.148, -1.780e-5
-1.147, -1.762e-5
-1.146, -1.750e-5
-1.145, -1.761e-5
-1.144, -1.780e-5
-1.143, -1.783e-5
-1.142, -1.795e-5
-1.141, -1.802e-5
-1.140, -1.804e-5
-1.139, -1.818e-5
-1.138, -1.821e-5
-1.137, -1.829e-5
-1.136, -1.823e-5
-1.135, -1.834e-5
-1.134, -1.840e-5
-1.133, -1.840e-5
-1.132, -1.843e-5
-1.131, -1.848e-5
-1.130, -1.845e-5
-1.129, -1.862e-5
-1.128, -1.857e-5
-1.127, -1.860e-5
-1.126, -1.866e-5
-1.125, -1.860e-5
-1.124, -1.871e-5
-1.123, -1.878e-5
-1.122, -1.871e-5
-1.121, -1.876e-5
-1.120, -1.881e-5
-1.119, -1.885e-5
-1.118, -1.897e-5
-1.117, -1.884e-5
-1.116, -1.892e-5
-1.115, -1.898e-5
-1.114, -1.901e-5
-1.113, -1.908e-5
-1.112, -1.910e-5
-1.111, -1.905e-5
-1.110, -1.920e-5
-1.109, -1.921e-5
-1.108, -1.930e-5
-1.107, -1.930e-5
-1.106, -1.929e-5
-1.105, -1.940e-5
-1.104, -1.935e-5
-1.103, -1.938e-5
-1.102, -1.961e-5
-1.101, -1.957e-5
-1.100, -1.963e-5
-1.099, -1.976e-5
-1.098, -1.976e-5
-1.097, -1.985e-5
-1.096, -1.982e-5
-1.095, -1.987e-5
-1.094, -1.997e-5
-1.093, -1.998e-5
-1.092, -2.008e-5
-1.091, -2.014e-5
-1.090, -2.021e-5
-1.089, -2.037e-5
-1.088, -2.035e-5
-1.087, -2.046e-5
-1.086, -2.054e-5
-1.085, -2.059e-5
-1.084, -2.070e-5
-1.083, -2.087e-5
-1.082, -2.091e-5
-1.081, -2.095e-5
-1.080, -2.103e-5
-1.079, -2.115e-5
-1.078, -2.135e-5
-1.077, -2.139e-5
-1.076, -2.153e-5
-1.075, -2.167e-5
-1.074, -2.165e-5
-1.073, -2.193e-5
-1.072, -2.194e-5
-1.071, -2.203e-5
-1.070, -2.220e-5
-1.069, -2.228e-5
-1.068, -2.239e-5
-1.067, -2.258e-5
-1.066, -2.265e-5
-1.065, -2.281e-5
-1.064, -2.289e-5
-1.063, -2.310e-5
-1.062, -2.323e-5
-1.061, -2.335e-5
-1.060, -2.355e-5
-1.059, -2.379e-5
-1.058, -2.390e-5
-1.057, -2.414e-5
-1.056, -2.424e-5
-1.055, -2.441e-5
-1.054, -2.464e-5
-1.053, -2.475e-5
-1.052, -2.494e-5
-1.051, -2.508e-5
-1.050, -2.528e-5
-1.049, -2.557e-5
-1.048, -2.569e-5
-1.047, -2.584e-5
-1.046, -2.609e-5
-1.045, -2.626e-5
-1.044, -2.635e-5
-1.043, -2.666e-5
-1.042, -2.684e-5
-1.041, -2.710e-5
-1.040, -2.728e-5
-1.039, -2.748e-5
-1.038, -2.776e-5
-1.037, -2.795e-5
-1.036, -2.814e-5
-1.035, -2.834e-5
-1.034, -2.862e-5
-1.033, -2.890e-5
-1.032, -2.908e-5
-1.031, -2.927e-5
-1.030, -2.952e-5
-1.029, -2.973e-5
-1.028, -3.004e-5
-1.027, -3.029e-5
-1.026, -3.051e-5
-1.025, -3.087e-5
-1.024, -3.118e-5
-1.023, -3.141e-5
-1.022, -3.170e-5
-1.021, -3.187e-5
-1.020, -3.208e-5
-1.019, -3.239e-5
-1.018, -3.266e-5
-1.017, -3.298e-5
-1.016, -3.312e-5
-1.015, -3.336e-5
-1.014, -3.365e-5
-1.013, -3.389e-5
-1.012, -3.414e-5
-1.011, -3.449e-5
-1.010, -3.468e-5
-1.009, -3.502e-5
-1.008, -3.520e-5
-1.007, -3.550e-5
-1.006, -3.586e-5
-1.005, -3.612e-5
-1.004, -3.641e-5
-1.003, -3.681e-5
-1.002, -3.691e-5
-1.001, -3.720e-5
