June 26, 2026   14:56:14
Linear Sweep Voltammetry
File: c:/users/guazh/data/20260623_doe_duplica2/2026-06-24-exp15\post-regen1-2026-06-26t14_53_04-lsvinphos\post-regen1_lsv_50mvs_efin_-2300mv.bin
Data Source:  Experiment
Instrument Model:  CHI760E
Header: LSV ran at 50 mVs with Efin at -2300mV
Note: 

Init E (V) = -0.6
Final E (V) = -2.3
Scan Rate (V/s) = 0.05
Sample Interval (V) = 0.001
Quiet Time (sec) = 2
Sensitivity (A/V) = 1e-4
Comp R (ohm) = 10.6

Results:

Channel 1:
Ep = -1.992V
ip = 6.428e-4A
Ah = 9.626e-4C

Potential/V, Current/A

-0.600, 9.834e-6
-0.601, 9.948e-6
-0.602, 9.987e-6
-0.603, 1.001e-5
-0.604, 1.003e-5
-0.605, 1.004e-5
-0.606, 1.006e-5
-0.607, 1.007e-5
-0.608, 1.008e-5
-0.609, 1.009e-5
-0.610, 1.009e-5
-0.611, 1.009e-5
-0.612, 1.010e-5
-0.613, 1.010e-5
-0.614, 1.011e-5
-0.615, 1.012e-5
-0.616, 1.012e-5
-0.617, 1.013e-5
-0.618, 1.013e-5
-0.619, 1.013e-5
-0.620, 1.013e-5
-0.621, 1.014e-5
-0.622, 1.014e-5
-0.623, 1.014e-5
-0.624, 1.014e-5
-0.625, 1.014e-5
-0.626, 1.014e-5
-0.627, 1.014e-5
-0.628, 1.014e-5
-0.629, 1.014e-5
-0.630, 1.014e-5
-0.631, 1.014e-5
-0.632, 1.014e-5
-0.633, 1.014e-5
-0.634, 1.014e-5
-0.635, 1.014e-5
-0.636, 1.013e-5
-0.637, 1.013e-5
-0.638, 1.013e-5
-0.639, 1.012e-5
-0.640, 1.011e-5
-0.641, 1.012e-5
-0.642, 1.012e-5
-0.643, 1.012e-5
-0.644, 1.011e-5
-0.645, 1.011e-5
-0.646, 1.010e-5
-0.647, 1.010e-5
-0.648, 1.010e-5
-0.649, 1.010e-5
-0.650, 1.010e-5
-0.651, 1.009e-5
-0.652, 1.009e-5
-0.653, 1.009e-5
-0.654, 1.009e-5
-0.655, 1.008e-5
-0.656, 1.008e-5
-0.657, 1.008e-5
-0.658, 1.007e-5
-0.659, 1.006e-5
-0.660, 1.006e-5
-0.661, 1.004e-5
-0.662, 1.004e-5
-0.663, 1.003e-5
-0.664, 1.003e-5
-0.665, 1.002e-5
-0.666, 1.002e-5
-0.667, 1.001e-5
-0.668, 1.000e-5
-0.669, 9.992e-6
-0.670, 9.984e-6
-0.671, 9.974e-6
-0.672, 9.970e-6
-0.673, 9.966e-6
-0.674, 9.953e-6
-0.675, 9.944e-6
-0.676, 9.934e-6
-0.677, 9.923e-6
-0.678, 9.911e-6
-0.679, 9.904e-6
-0.680, 9.898e-6
-0.681, 9.893e-6
-0.682, 9.889e-6
-0.683, 9.885e-6
-0.684, 9.878e-6
-0.685, 9.870e-6
-0.686, 9.863e-6
-0.687, 9.856e-6
-0.688, 9.848e-6
-0.689, 9.842e-6
-0.690, 9.836e-6
-0.691, 9.833e-6
-0.692, 9.829e-6
-0.693, 9.821e-6
-0.694, 9.816e-6
-0.695, 9.807e-6
-0.696, 9.801e-6
-0.697, 9.794e-6
-0.698, 9.783e-6
-0.699, 9.779e-6
-0.700, 9.764e-6
-0.701, 9.754e-6
-0.702, 9.748e-6
-0.703, 9.743e-6
-0.704, 9.736e-6
-0.705, 9.728e-6
-0.706, 9.724e-6
-0.707, 9.725e-6
-0.708, 9.723e-6
-0.709, 9.715e-6
-0.710, 9.705e-6
-0.711, 9.696e-6
-0.712, 9.685e-6
-0.713, 9.678e-6
-0.714, 9.670e-6
-0.715, 9.663e-6
-0.716, 9.653e-6
-0.717, 9.649e-6
-0.718, 9.645e-6
-0.719, 9.639e-6
-0.720, 9.635e-6
-0.721, 9.627e-6
-0.722, 9.615e-6
-0.723, 9.603e-6
-0.724, 9.592e-6
-0.725, 9.580e-6
-0.726, 9.571e-6
-0.727, 9.565e-6
-0.728, 9.557e-6
-0.729, 9.550e-6
-0.730, 9.542e-6
-0.731, 9.533e-6
-0.732, 9.525e-6
-0.733, 9.520e-6
-0.734, 9.513e-6
-0.735, 9.504e-6
-0.736, 9.497e-6
-0.737, 9.491e-6
-0.738, 9.480e-6
-0.739, 9.473e-6
-0.740, 9.462e-6
-0.741, 9.453e-6
-0.742, 9.447e-6
-0.743, 9.438e-6
-0.744, 9.435e-6
-0.745, 9.432e-6
-0.746, 9.420e-6
-0.747, 9.414e-6
-0.748, 9.408e-6
-0.749, 9.403e-6
-0.750, 9.398e-6
-0.751, 9.393e-6
-0.752, 9.388e-6
-0.753, 9.379e-6
-0.754, 9.375e-6
-0.755, 9.372e-6
-0.756, 9.372e-6
-0.757, 9.370e-6
-0.758, 9.362e-6
-0.759, 9.350e-6
-0.760, 9.341e-6
-0.761, 9.333e-6
-0.762, 9.326e-6
-0.763, 9.320e-6
-0.764, 9.316e-6
-0.765, 9.307e-6
-0.766, 9.301e-6
-0.767, 9.292e-6
-0.768, 9.289e-6
-0.769, 9.281e-6
-0.770, 9.270e-6
-0.771, 9.260e-6
-0.772, 9.252e-6
-0.773, 9.246e-6
-0.774, 9.244e-6
-0.775, 9.238e-6
-0.776, 9.230e-6
-0.777, 9.223e-6
-0.778, 9.217e-6
-0.779, 9.214e-6
-0.780, 9.210e-6
-0.781, 9.206e-6
-0.782, 9.204e-6
-0.783, 9.199e-6
-0.784, 9.193e-6
-0.785, 9.188e-6
-0.786, 9.183e-6
-0.787, 9.188e-6
-0.788, 9.182e-6
-0.789, 9.174e-6
-0.790, 9.172e-6
-0.791, 9.171e-6
-0.792, 9.166e-6
-0.793, 9.160e-6
-0.794, 9.154e-6
-0.795, 9.153e-6
-0.796, 9.151e-6
-0.797, 9.145e-6
-0.798, 9.143e-6
-0.799, 9.135e-6
-0.800, 9.128e-6
-0.801, 9.124e-6
-0.802, 9.116e-6
-0.803, 9.115e-6
-0.804, 9.115e-6
-0.805, 9.113e-6
-0.806, 9.110e-6
-0.807, 9.105e-6
-0.808, 9.104e-6
-0.809, 9.102e-6
-0.810, 9.099e-6
-0.811, 9.098e-6
-0.812, 9.096e-6
-0.813, 9.092e-6
-0.814, 9.087e-6
-0.815, 9.082e-6
-0.816, 9.076e-6
-0.817, 9.073e-6
-0.818, 9.069e-6
-0.819, 9.072e-6
-0.820, 9.076e-6
-0.821, 9.069e-6
-0.822, 9.064e-6
-0.823, 9.057e-6
-0.824, 9.053e-6
-0.825, 9.048e-6
-0.826, 9.047e-6
-0.827, 9.043e-6
-0.828, 9.037e-6
-0.829, 9.032e-6
-0.830, 9.031e-6
-0.831, 9.028e-6
-0.832, 9.026e-6
-0.833, 9.025e-6
-0.834, 9.016e-6
-0.835, 9.013e-6
-0.836, 9.009e-6
-0.837, 9.006e-6
-0.838, 9.006e-6
-0.839, 9.003e-6
-0.840, 8.997e-6
-0.841, 8.996e-6
-0.842, 8.995e-6
-0.843, 8.997e-6
-0.844, 8.994e-6
-0.845, 8.993e-6
-0.846, 8.989e-6
-0.847, 8.987e-6
-0.848, 8.990e-6
-0.849, 8.990e-6
-0.850, 8.983e-6
-0.851, 8.983e-6
-0.852, 8.982e-6
-0.853, 8.982e-6
-0.854, 8.983e-6
-0.855, 8.982e-6
-0.856, 8.980e-6
-0.857, 8.981e-6
-0.858, 8.980e-6
-0.859, 8.973e-6
-0.860, 8.969e-6
-0.861, 8.965e-6
-0.862, 8.963e-6
-0.863, 8.959e-6
-0.864, 8.955e-6
-0.865, 8.958e-6
-0.866, 8.960e-6
-0.867, 8.962e-6
-0.868, 8.961e-6
-0.869, 8.963e-6
-0.870, 8.967e-6
-0.871, 8.967e-6
-0.872, 8.963e-6
-0.873, 8.964e-6
-0.874, 8.961e-6
-0.875, 8.967e-6
-0.876, 8.967e-6
-0.877, 8.969e-6
-0.878, 8.970e-6
-0.879, 8.971e-6
-0.880, 8.970e-6
-0.881, 8.974e-6
-0.882, 8.975e-6
-0.883, 8.977e-6
-0.884, 8.976e-6
-0.885, 8.976e-6
-0.886, 8.976e-6
-0.887, 8.975e-6
-0.888, 8.975e-6
-0.889, 8.980e-6
-0.890, 8.981e-6
-0.891, 8.985e-6
-0.892, 8.986e-6
-0.893, 8.986e-6
-0.894, 8.989e-6
-0.895, 8.993e-6
-0.896, 8.998e-6
-0.897, 8.999e-6
-0.898, 8.999e-6
-0.899, 9.000e-6
-0.900, 9.000e-6
-0.901, 9.001e-6
-0.902, 9.008e-6
-0.903, 9.017e-6
-0.904, 9.020e-6
-0.905, 9.023e-6
-0.906, 9.025e-6
-0.907, 9.031e-6
-0.908, 9.036e-6
-0.909, 9.043e-6
-0.910, 9.046e-6
-0.911, 9.049e-6
-0.912, 9.052e-6
-0.913, 9.052e-6
-0.914, 9.056e-6
-0.915, 9.060e-6
-0.916, 9.063e-6
-0.917, 9.062e-6
-0.918, 9.066e-6
-0.919, 9.075e-6
-0.920, 9.082e-6
-0.921, 9.088e-6
-0.922, 9.098e-6
-0.923, 9.109e-6
-0.924, 9.113e-6
-0.925, 9.116e-6
-0.926, 9.123e-6
-0.927, 9.124e-6
-0.928, 9.131e-6
-0.929, 9.136e-6
-0.930, 9.141e-6
-0.931, 9.144e-6
-0.932, 9.150e-6
-0.933, 9.155e-6
-0.934, 9.163e-6
-0.935, 9.162e-6
-0.936, 9.162e-6
-0.937, 9.164e-6
-0.938, 9.169e-6
-0.939, 9.176e-6
-0.940, 9.182e-6
-0.941, 9.186e-6
-0.942, 9.192e-6
-0.943, 9.196e-6
-0.944, 9.197e-6
-0.945, 9.200e-6
-0.946, 9.204e-6
-0.947, 9.209e-6
-0.948, 9.217e-6
-0.949, 9.219e-6
-0.950, 9.225e-6
-0.951, 9.234e-6
-0.952, 9.239e-6
-0.953, 9.245e-6
-0.954, 9.251e-6
-0.955, 9.259e-6
-0.956, 9.270e-6
-0.957, 9.277e-6
-0.958, 9.284e-6
-0.959, 9.287e-6
-0.960, 9.293e-6
-0.961, 9.304e-6
-0.962, 9.311e-6
-0.963, 9.326e-6
-0.964, 9.338e-6
-0.965, 9.343e-6
-0.966, 9.353e-6
-0.967, 9.367e-6
-0.968, 9.376e-6
-0.969, 9.385e-6
-0.970, 9.395e-6
-0.971, 9.412e-6
-0.972, 9.420e-6
-0.973, 9.430e-6
-0.974, 9.430e-6
-0.975, 9.434e-6
-0.976, 9.443e-6
-0.977, 9.455e-6
-0.978, 9.467e-6
-0.979, 9.484e-6
-0.980, 9.502e-6
-0.981, 9.497e-6
-0.982, 9.502e-6
-0.983, 9.512e-6
-0.984, 9.516e-6
-0.985, 9.524e-6
-0.986, 9.531e-6
-0.987, 9.537e-6
-0.988, 9.547e-6
-0.989, 9.560e-6
-0.990, 9.585e-6
-0.991, 9.596e-6
-0.992, 9.597e-6
-0.993, 9.615e-6
-0.994, 9.627e-6
-0.995, 9.643e-6
-0.996, 9.648e-6
-0.997, 9.659e-6
-0.998, 9.674e-6
-0.999, 9.681e-6
-1.000, 9.698e-6
-1.001, 9.721e-6
-1.002, 9.740e-6
-1.003, 9.755e-6
-1.004, 9.770e-6
-1.005, 9.781e-6
-1.006, 9.795e-6
-1.007, 9.809e-6
-1.008, 9.839e-6
-1.009, 9.851e-6
-1.010, 9.867e-6
-1.011, 9.894e-6
-1.012, 9.912e-6
-1.013, 9.920e-6
-1.014, 9.928e-6
-1.015, 9.941e-6
-1.016, 9.959e-6
-1.017, 9.972e-6
-1.018, 9.994e-6
-1.019, 1.002e-5
-1.020, 1.003e-5
-1.021, 1.005e-5
-1.022, 1.007e-5
-1.023, 1.010e-5
-1.024, 1.012e-5
-1.025, 1.013e-5
-1.026, 1.014e-5
-1.027, 1.015e-5
-1.028, 1.018e-5
-1.029, 1.020e-5
-1.030, 1.023e-5
-1.031, 1.025e-5
-1.032, 1.026e-5
-1.033, 1.027e-5
-1.034, 1.029e-5
-1.035, 1.033e-5
-1.036, 1.035e-5
-1.037, 1.038e-5
-1.038, 1.040e-5
-1.039, 1.043e-5
-1.040, 1.046e-5
-1.041, 1.049e-5
-1.042, 1.052e-5
-1.043, 1.055e-5
-1.044, 1.057e-5
-1.045, 1.059e-5
-1.046, 1.061e-5
-1.047, 1.064e-5
-1.048, 1.067e-5
-1.049, 1.070e-5
-1.050, 1.072e-5
-1.051, 1.075e-5
-1.052, 1.079e-5
-1.053, 1.082e-5
-1.054, 1.086e-5
-1.055, 1.089e-5
-1.056, 1.092e-5
-1.057, 1.094e-5
-1.058, 1.097e-5
-1.059, 1.099e-5
-1.060, 1.102e-5
-1.061, 1.106e-5
-1.062, 1.109e-5
-1.063, 1.113e-5
-1.064, 1.116e-5
-1.065, 1.120e-5
-1.066, 1.124e-5
-1.067, 1.128e-5
-1.068, 1.132e-5
-1.069, 1.136e-5
-1.070, 1.141e-5
-1.071, 1.145e-5
-1.072, 1.148e-5
-1.073, 1.152e-5
-1.074, 1.156e-5
-1.075, 1.160e-5
-1.076, 1.166e-5
-1.077, 1.171e-5
-1.078, 1.176e-5
-1.079, 1.181e-5
-1.080, 1.186e-5
-1.081, 1.192e-5
-1.082, 1.196e-5
-1.083, 1.201e-5
-1.084, 1.204e-5
-1.085, 1.208e-5
-1.086, 1.212e-5
-1.087, 1.217e-5
-1.088, 1.223e-5
-1.089, 1.229e-5
-1.090, 1.234e-5
-1.091, 1.239e-5
-1.092, 1.243e-5
-1.093, 1.248e-5
-1.094, 1.253e-5
-1.095, 1.258e-5
-1.096, 1.263e-5
-1.097, 1.268e-5
-1.098, 1.274e-5
-1.099, 1.280e-5
-1.100, 1.286e-5
-1.101, 1.292e-5
-1.102, 1.297e-5
-1.103, 1.303e-5
-1.104, 1.309e-5
-1.105, 1.315e-5
-1.106, 1.321e-5
-1.107, 1.328e-5
-1.108, 1.335e-5
-1.109, 1.344e-5
-1.110, 1.351e-5
-1.111, 1.358e-5
-1.112, 1.364e-5
-1.113, 1.371e-5
-1.114, 1.377e-5
-1.115, 1.383e-5
-1.116, 1.390e-5
-1.117, 1.396e-5
-1.118, 1.401e-5
-1.119, 1.406e-5
-1.120, 1.412e-5
-1.121, 1.417e-5
-1.122, 1.424e-5
-1.123, 1.431e-5
-1.124, 1.437e-5
-1.125, 1.442e-5
-1.126, 1.447e-5
-1.127, 1.453e-5
-1.128, 1.458e-5
-1.129, 1.465e-5
-1.130, 1.472e-5
-1.131, 1.478e-5
-1.132, 1.483e-5
-1.133, 1.489e-5
-1.134, 1.496e-5
-1.135, 1.502e-5
-1.136, 1.508e-5
-1.137, 1.515e-5
-1.138, 1.522e-5
-1.139, 1.529e-5
-1.140, 1.534e-5
-1.141, 1.539e-5
-1.142, 1.546e-5
-1.143, 1.553e-5
-1.144, 1.559e-5
-1.145, 1.565e-5
-1.146, 1.571e-5
-1.147, 1.577e-5
-1.148, 1.582e-5
-1.149, 1.589e-5
-1.150, 1.596e-5
-1.151, 1.605e-5
-1.152, 1.612e-5
-1.153, 1.618e-5
-1.154, 1.621e-5
-1.155, 1.626e-5
-1.156, 1.629e-5
-1.157, 1.633e-5
-1.158, 1.640e-5
-1.159, 1.644e-5
-1.160, 1.648e-5
-1.161, 1.652e-5
-1.162, 1.656e-5
-1.163, 1.661e-5
-1.164, 1.665e-5
-1.165, 1.669e-5
-1.166, 1.674e-5
-1.167, 1.678e-5
-1.168, 1.682e-5
-1.169, 1.684e-5
-1.170, 1.689e-5
-1.171, 1.694e-5
-1.172, 1.698e-5
-1.173, 1.702e-5
-1.174, 1.706e-5
-1.175, 1.709e-5
-1.176, 1.713e-5
-1.177, 1.715e-5
-1.178, 1.717e-5
-1.179, 1.721e-5
-1.180, 1.723e-5
-1.181, 1.724e-5
-1.182, 1.728e-5
-1.183, 1.730e-5
-1.184, 1.733e-5
-1.185, 1.738e-5
-1.186, 1.741e-5
-1.187, 1.742e-5
-1.188, 1.744e-5
-1.189, 1.747e-5
-1.190, 1.749e-5
-1.191, 1.752e-5
-1.192, 1.756e-5
-1.193, 1.760e-5
-1.194, 1.763e-5
-1.195, 1.766e-5
-1.196, 1.770e-5
-1.197, 1.775e-5
-1.198, 1.780e-5
-1.199, 1.783e-5
-1.200, 1.787e-5
-1.201, 1.791e-5
-1.202, 1.796e-5
-1.203, 1.801e-5
-1.204, 1.801e-5
-1.205, 1.804e-5
-1.206, 1.808e-5
-1.207, 1.812e-5
-1.208, 1.818e-5
-1.209, 1.823e-5
-1.210, 1.826e-5
-1.211, 1.828e-5
-1.212, 1.829e-5
-1.213, 1.832e-5
-1.214, 1.836e-5
-1.215, 1.840e-5
-1.216, 1.843e-5
-1.217, 1.848e-5
-1.218, 1.852e-5
-1.219, 1.857e-5
-1.220, 1.860e-5
-1.221, 1.865e-5
-1.222, 1.869e-5
-1.223, 1.871e-5
-1.224, 1.877e-5
-1.225, 1.885e-5
-1.226, 1.890e-5
-1.227, 1.898e-5
-1.228, 1.903e-5
-1.229, 1.910e-5
-1.230, 1.917e-5
-1.231, 1.922e-5
-1.232, 1.929e-5
-1.233, 1.936e-5
-1.234, 1.942e-5
-1.235, 1.949e-5
-1.236, 1.956e-5
-1.237, 1.963e-5
-1.238, 1.969e-5
-1.239, 1.976e-5
-1.240, 1.983e-5
-1.241, 1.990e-5
-1.242, 1.996e-5
-1.243, 2.001e-5
-1.244, 2.008e-5
-1.245, 2.014e-5
-1.246, 2.020e-5
-1.247, 2.029e-5
-1.248, 2.036e-5
-1.249, 2.046e-5
-1.250, 2.052e-5
-1.251, 2.059e-5
-1.252, 2.067e-5
-1.253, 2.072e-5
-1.254, 2.079e-5
-1.255, 2.086e-5
-1.256, 2.091e-5
-1.257, 2.094e-5
-1.258, 2.099e-5
-1.259, 2.104e-5
-1.260, 2.109e-5
-1.261, 2.114e-5
-1.262, 2.116e-5
-1.263, 2.116e-5
-1.264, 2.121e-5
-1.265, 2.107e-5
-1.266, 2.102e-5
-1.267, 2.103e-5
-1.268, 2.105e-5
-1.269, 2.107e-5
-1.270, 2.109e-5
-1.271, 2.111e-5
-1.272, 2.113e-5
-1.273, 2.113e-5
-1.274, 2.116e-5
-1.275, 2.119e-5
-1.276, 2.121e-5
-1.277, 2.122e-5
-1.278, 2.127e-5
-1.279, 2.131e-5
-1.280, 2.134e-5
-1.281, 2.138e-5
-1.282, 2.142e-5
-1.283, 2.147e-5
-1.284, 2.164e-5
-1.285, 2.216e-5
-1.286, 2.218e-5
-1.287, 2.209e-5
-1.288, 2.203e-5
-1.289, 2.208e-5
-1.290, 2.215e-5
-1.291, 2.223e-5
-1.292, 2.228e-5
-1.293, 2.224e-5
-1.294, 2.223e-5
-1.295, 2.229e-5
-1.296, 2.234e-5
-1.297, 2.238e-5
-1.298, 2.242e-5
-1.299, 2.250e-5
-1.300, 2.256e-5
-1.301, 2.262e-5
-1.302, 2.268e-5
-1.303, 2.274e-5
-1.304, 2.277e-5
-1.305, 2.285e-5
-1.306, 2.292e-5
-1.307, 2.299e-5
-1.308, 2.303e-5
-1.309, 2.304e-5
-1.310, 2.312e-5
-1.311, 2.321e-5
-1.312, 2.330e-5
-1.313, 2.338e-5
-1.314, 2.343e-5
-1.315, 2.349e-5
-1.316, 2.361e-5
-1.317, 2.370e-5
-1.318, 2.378e-5
-1.319, 2.387e-5
-1.320, 2.397e-5
-1.321, 2.406e-5
-1.322, 2.416e-5
-1.323, 2.427e-5
-1.324, 2.440e-5
-1.325, 2.447e-5
-1.326, 2.456e-5
-1.327, 2.465e-5
-1.328, 2.470e-5
-1.329, 2.477e-5
-1.330, 2.485e-5
-1.331, 2.491e-5
-1.332, 2.499e-5
-1.333, 2.510e-5
-1.334, 2.522e-5
-1.335, 2.530e-5
-1.336, 2.540e-5
-1.337, 2.552e-5
-1.338, 2.562e-5
-1.339, 2.571e-5
-1.340, 2.577e-5
-1.341, 2.583e-5
-1.342, 2.593e-5
-1.343, 2.599e-5
-1.344, 2.609e-5
-1.345, 2.620e-5
-1.346, 2.628e-5
-1.347, 2.637e-5
-1.348, 2.648e-5
-1.349, 2.655e-5
-1.350, 2.663e-5
-1.351, 2.672e-5
-1.352, 2.679e-5
-1.353, 2.688e-5
-1.354, 2.693e-5
-1.355, 2.700e-5
-1.356, 2.707e-5
-1.357, 2.713e-5
-1.358, 2.720e-5
-1.359, 2.726e-5
-1.360, 2.734e-5
-1.361, 2.742e-5
-1.362, 2.750e-5
-1.363, 2.757e-5
-1.364, 2.767e-5
-1.365, 2.774e-5
-1.366, 2.781e-5
-1.367, 2.786e-5
-1.368, 2.794e-5
-1.369, 2.803e-5
-1.370, 2.810e-5
-1.371, 2.819e-5
-1.372, 2.829e-5
-1.373, 2.839e-5
-1.374, 2.845e-5
-1.375, 2.848e-5
-1.376, 2.852e-5
-1.377, 2.861e-5
-1.378, 2.869e-5
-1.379, 2.874e-5
-1.380, 2.882e-5
-1.381, 2.891e-5
-1.382, 2.898e-5
-1.383, 2.908e-5
-1.384, 2.916e-5
-1.385, 2.923e-5
-1.386, 2.933e-5
-1.387, 2.940e-5
-1.388, 2.945e-5
-1.389, 2.955e-5
-1.390, 2.962e-5
-1.391, 2.969e-5
-1.392, 2.978e-5
-1.393, 2.986e-5
-1.394, 2.993e-5
-1.395, 3.005e-5
-1.396, 3.016e-5
-1.397, 3.025e-5
-1.398, 3.032e-5
-1.399, 3.041e-5
-1.400, 3.046e-5
-1.401, 3.052e-5
-1.402, 3.062e-5
-1.403, 3.072e-5
-1.404, 3.078e-5
-1.405, 3.086e-5
-1.406, 3.094e-5
-1.407, 3.100e-5
-1.408, 3.108e-5
-1.409, 3.114e-5
-1.410, 3.119e-5
-1.411, 3.131e-5
-1.412, 3.140e-5
-1.413, 3.148e-5
-1.414, 3.159e-5
-1.415, 3.171e-5
-1.416, 3.179e-5
-1.417, 3.191e-5
-1.418, 3.201e-5
-1.419, 3.209e-5
-1.420, 3.217e-5
-1.421, 3.228e-5
-1.422, 3.241e-5
-1.423, 3.249e-5
-1.424, 3.257e-5
-1.425, 3.270e-5
-1.426, 3.283e-5
-1.427, 3.291e-5
-1.428, 3.298e-5
-1.429, 3.309e-5
-1.430, 3.320e-5
-1.431, 3.331e-5
-1.432, 3.337e-5
-1.433, 3.343e-5
-1.434, 3.349e-5
-1.435, 3.357e-5
-1.436, 3.365e-5
-1.437, 3.370e-5
-1.438, 3.379e-5
-1.439, 3.387e-5
-1.440, 3.401e-5
-1.441, 3.416e-5
-1.442, 3.428e-5
-1.443, 3.440e-5
-1.444, 3.453e-5
-1.445, 3.463e-5
-1.446, 3.476e-5
-1.447, 3.487e-5
-1.448, 3.494e-5
-1.449, 3.502e-5
-1.450, 3.505e-5
-1.451, 3.510e-5
-1.452, 3.519e-5
-1.453, 3.527e-5
-1.454, 3.539e-5
-1.455, 3.552e-5
-1.456, 3.560e-5
-1.457, 3.571e-5
-1.458, 3.582e-5
-1.459, 3.589e-5
-1.460, 3.599e-5
-1.461, 3.607e-5
-1.462, 3.617e-5
-1.463, 3.631e-5
-1.464, 3.645e-5
-1.465, 3.656e-5
-1.466, 3.666e-5
-1.467, 3.677e-5
-1.468, 3.690e-5
-1.469, 3.701e-5
-1.470, 3.712e-5
-1.471, 3.725e-5
-1.472, 3.737e-5
-1.473, 3.747e-5
-1.474, 3.757e-5
-1.475, 3.770e-5
-1.476, 3.785e-5
-1.477, 3.797e-5
-1.478, 3.809e-5
-1.479, 3.823e-5
-1.480, 3.832e-5
-1.481, 3.843e-5
-1.482, 3.858e-5
-1.483, 3.869e-5
-1.484, 3.880e-5
-1.485, 3.891e-5
-1.486, 3.901e-5
-1.487, 3.912e-5
-1.488, 3.925e-5
-1.489, 3.939e-5
-1.490, 3.956e-5
-1.491, 3.969e-5
-1.492, 3.980e-5
-1.493, 3.996e-5
-1.494, 4.009e-5
-1.495, 4.019e-5
-1.496, 4.030e-5
-1.497, 4.044e-5
-1.498, 4.059e-5
-1.499, 4.074e-5
-1.500, 4.088e-5
-1.501, 4.102e-5
-1.502, 4.121e-5
-1.503, 4.139e-5
-1.504, 4.156e-5
-1.505, 4.176e-5
-1.506, 4.196e-5
-1.507, 4.217e-5
-1.508, 4.239e-5
-1.509, 4.256e-5
-1.510, 4.275e-5
-1.511, 4.295e-5
-1.512, 4.315e-5
-1.513, 4.333e-5
-1.514, 4.351e-5
-1.515, 4.370e-5
-1.516, 4.386e-5
-1.517, 4.402e-5
-1.518, 4.421e-5
-1.519, 4.440e-5
-1.520, 4.460e-5
-1.521, 4.477e-5
-1.522, 4.501e-5
-1.523, 4.524e-5
-1.524, 4.547e-5
-1.525, 4.569e-5
-1.526, 4.594e-5
-1.527, 4.620e-5
-1.528, 4.641e-5
-1.529, 4.662e-5
-1.530, 4.684e-5
-1.531, 4.705e-5
-1.532, 4.727e-5
-1.533, 4.747e-5
-1.534, 4.769e-5
-1.535, 4.793e-5
-1.536, 4.815e-5
-1.537, 4.835e-5
-1.538, 4.860e-5
-1.539, 4.882e-5
-1.540, 4.908e-5
-1.541, 4.931e-5
-1.542, 4.956e-5
-1.543, 4.981e-5
-1.544, 5.006e-5
-1.545, 5.034e-5
-1.546, 5.057e-5
-1.547, 5.081e-5
-1.548, 5.106e-5
-1.549, 5.134e-5
-1.550, 5.158e-5
-1.551, 5.182e-5
-1.552, 5.204e-5
-1.553, 5.231e-5
-1.554, 5.259e-5
-1.555, 5.285e-5
-1.556, 5.311e-5
-1.557, 5.338e-5
-1.558, 5.368e-5
-1.559, 5.394e-5
-1.560, 5.420e-5
-1.561, 5.440e-5
-1.562, 5.464e-5
-1.563, 5.491e-5
-1.564, 5.521e-5
-1.565, 5.548e-5
-1.566, 5.572e-5
-1.567, 5.600e-5
-1.568, 5.627e-5
-1.569, 5.650e-5
-1.570, 5.678e-5
-1.571, 5.709e-5
-1.572, 5.738e-5
-1.573, 5.764e-5
-1.574, 5.789e-5
-1.575, 5.816e-5
-1.576, 5.843e-5
-1.577, 5.874e-5
-1.578, 5.907e-5
-1.579, 5.937e-5
-1.580, 5.970e-5
-1.581, 6.000e-5
-1.582, 6.030e-5
-1.583, 6.062e-5
-1.584, 6.094e-5
-1.585, 6.125e-5
-1.586, 6.155e-5
-1.587, 6.186e-5
-1.588, 6.213e-5
-1.589, 6.241e-5
-1.590, 6.270e-5
-1.591, 6.298e-5
-1.592, 6.332e-5
-1.593, 6.364e-5
-1.594, 6.391e-5
-1.595, 6.419e-5
-1.596, 6.448e-5
-1.597, 6.479e-5
-1.598, 6.507e-5
-1.599, 6.538e-5
-1.600, 6.569e-5
-1.601, 6.596e-5
-1.602, 6.619e-5
-1.603, 6.646e-5
-1.604, 6.676e-5
-1.605, 6.711e-5
-1.606, 6.743e-5
-1.607, 6.775e-5
-1.608, 6.807e-5
-1.609, 6.836e-5
-1.610, 6.862e-5
-1.611, 6.891e-5
-1.612, 6.922e-5
-1.613, 6.949e-5
-1.614, 6.980e-5
-1.615, 7.012e-5
-1.616, 7.041e-5
-1.617, 7.068e-5
-1.618, 7.096e-5
-1.619, 7.126e-5
-1.620, 7.154e-5
-1.621, 7.186e-5
-1.622, 7.220e-5
-1.623, 7.253e-5
-1.624, 7.281e-5
-1.625, 7.312e-5
-1.626, 7.347e-5
-1.627, 7.378e-5
-1.628, 7.408e-5
-1.629, 7.439e-5
-1.630, 7.466e-5
-1.631, 7.500e-5
-1.632, 7.534e-5
-1.633, 7.560e-5
-1.634, 7.580e-5
-1.635, 7.608e-5
-1.636, 7.639e-5
-1.637, 7.672e-5
-1.638, 7.709e-5
-1.639, 7.739e-5
-1.640, 7.767e-5
-1.641, 7.812e-5
-1.642, 7.837e-5
-1.643, 7.863e-5
-1.644, 7.894e-5
-1.645, 7.926e-5
-1.646, 7.951e-5
-1.647, 7.990e-5
-1.648, 8.022e-5
-1.649, 8.048e-5
-1.650, 8.083e-5
-1.651, 8.126e-5
-1.652, 8.153e-5
-1.653, 8.178e-5
-1.654, 8.199e-5
-1.655, 8.225e-5
-1.656, 8.260e-5
-1.657, 8.287e-5
-1.658, 8.316e-5
-1.659, 8.346e-5
-1.660, 8.378e-5
-1.661, 8.418e-5
-1.662, 8.455e-5
-1.663, 8.481e-5
-1.664, 8.507e-5
-1.665, 8.534e-5
-1.666, 8.565e-5
-1.667, 8.589e-5
-1.668, 8.621e-5
-1.669, 8.658e-5
-1.670, 8.704e-5
-1.671, 8.735e-5
-1.672, 8.760e-5
-1.673, 8.787e-5
-1.674, 8.814e-5
-1.675, 8.856e-5
-1.676, 8.899e-5
-1.677, 8.937e-5
-1.678, 8.970e-5
-1.679, 8.994e-5
-1.680, 9.036e-5
-1.681, 9.062e-5
-1.682, 9.083e-5
-1.683, 9.113e-5
-1.684, 9.141e-5
-1.685, 9.174e-5
-1.686, 9.207e-5
-1.687, 9.237e-5
-1.688, 9.270e-5
-1.689, 9.305e-5
-1.690, 9.345e-5
-1.691, 9.379e-5
-1.692, 9.407e-5
-1.693, 9.442e-5
-1.694, 9.479e-5
-1.695, 9.511e-5
-1.696, 9.553e-5
-1.697, 9.600e-5
-1.698, 9.645e-5
-1.699, 9.692e-5
-1.700, 9.740e-5
-1.701, 9.770e-5
-1.702, 9.799e-5
-1.703, 9.831e-5
-1.704, 9.869e-5
-1.705, 9.915e-5
-1.706, 9.962e-5
-1.707, 1.001e-4
-1.708, 1.005e-4
-1.709, 1.010e-4
-1.710, 1.013e-4
-1.711, 1.018e-4
-1.712, 1.023e-4
-1.713, 1.028e-4
-1.714, 1.033e-4
-1.715, 1.038e-4
-1.716, 1.042e-4
-1.717, 1.045e-4
-1.718, 1.051e-4
-1.719, 1.057e-4
-1.720, 1.061e-4
-1.721, 1.067e-4
-1.722, 1.072e-4
-1.723, 1.077e-4
-1.724, 1.083e-4
-1.725, 1.089e-4
-1.726, 1.095e-4
-1.727, 1.100e-4
-1.728, 1.104e-4
-1.729, 1.110e-4
-1.730, 1.119e-4
-1.731, 1.124e-4
-1.732, 1.130e-4
-1.733, 1.136e-4
-1.734, 1.144e-4
-1.735, 1.152e-4
-1.736, 1.160e-4
-1.737, 1.167e-4
-1.738, 1.173e-4
-1.739, 1.179e-4
-1.740, 1.186e-4
-1.741, 1.193e-4
-1.742, 1.201e-4
-1.743, 1.210e-4
-1.744, 1.220e-4
-1.745, 1.227e-4
-1.746, 1.234e-4
-1.747, 1.243e-4
-1.748, 1.251e-4
-1.749, 1.259e-4
-1.750, 1.267e-4
-1.751, 1.277e-4
-1.752, 1.286e-4
-1.753, 1.294e-4
-1.754, 1.304e-4
-1.755, 1.313e-4
-1.756, 1.322e-4
-1.757, 1.331e-4
-1.758, 1.340e-4
-1.759, 1.350e-4
-1.760, 1.359e-4
-1.761, 1.369e-4
-1.762, 1.377e-4
-1.763, 1.387e-4
-1.764, 1.397e-4
-1.765, 1.411e-4
-1.766, 1.421e-4
-1.767, 1.433e-4
-1.768, 1.444e-4
-1.769, 1.454e-4
-1.770, 1.464e-4
-1.771, 1.476e-4
-1.772, 1.488e-4
-1.773, 1.499e-4
-1.774, 1.510e-4
-1.775, 1.522e-4
-1.776, 1.533e-4
-1.777, 1.546e-4
-1.778, 1.559e-4
-1.779, 1.572e-4
-1.780, 1.587e-4
-1.781, 1.600e-4
-1.782, 1.615e-4
-1.783, 1.629e-4
-1.784, 1.643e-4
-1.785, 1.656e-4
-1.786, 1.671e-4
-1.787, 1.687e-4
-1.788, 1.702e-4
-1.789, 1.717e-4
-1.790, 1.730e-4
-1.791, 1.745e-4
-1.792, 1.762e-4
-1.793, 1.778e-4
-1.794, 1.794e-4
-1.795, 1.810e-4
-1.796, 1.826e-4
-1.797, 1.841e-4
-1.798, 1.855e-4
-1.799, 1.873e-4
-1.800, 1.894e-4
-1.801, 1.913e-4
-1.802, 1.930e-4
-1.803, 1.950e-4
-1.804, 1.968e-4
-1.805, 1.987e-4
-1.806, 2.006e-4
-1.807, 2.025e-4
-1.808, 2.044e-4
-1.809, 2.063e-4
-1.810, 2.082e-4
-1.811, 2.104e-4
-1.812, 2.125e-4
-1.813, 2.146e-4
-1.814, 2.165e-4
-1.815, 2.185e-4
-1.816, 2.204e-4
-1.817, 2.224e-4
-1.818, 2.246e-4
-1.819, 2.269e-4
-1.820, 2.291e-4
-1.821, 2.315e-4
-1.822, 2.338e-4
-1.823, 2.362e-4
-1.824, 2.384e-4
-1.825, 2.408e-4
-1.826, 2.431e-4
-1.827, 2.456e-4
-1.828, 2.480e-4
-1.829, 2.505e-4
-1.830, 2.531e-4
-1.831, 2.557e-4
-1.832, 2.583e-4
-1.833, 2.608e-4
-1.834, 2.634e-4
-1.835, 2.661e-4
-1.836, 2.687e-4
-1.837, 2.714e-4
-1.838, 2.742e-4
-1.839, 2.769e-4
-1.840, 2.798e-4
-1.841, 2.827e-4
-1.842, 2.857e-4
-1.843, 2.888e-4
-1.844, 2.916e-4
-1.845, 2.942e-4
-1.846, 2.971e-4
-1.847, 3.005e-4
-1.848, 3.037e-4
-1.849, 3.067e-4
-1.850, 3.097e-4
-1.851, 3.129e-4
-1.852, 3.162e-4
-1.853, 3.191e-4
-1.854, 3.222e-4
-1.855, 3.257e-4
-1.856, 3.290e-4
-1.857, 3.319e-4
-1.858, 3.350e-4
-1.859, 3.383e-4
-1.860, 3.417e-4
-1.861, 3.455e-4
-1.862, 3.487e-4
-1.863, 3.521e-4
-1.864, 3.553e-4
-1.865, 3.584e-4
-1.866, 3.618e-4
-1.867, 3.655e-4
-1.868, 3.692e-4
-1.869, 3.730e-4
-1.870, 3.762e-4
-1.871, 3.794e-4
-1.872, 3.830e-4
-1.873, 3.869e-4
-1.874, 3.907e-4
-1.875, 3.944e-4
-1.876, 3.980e-4
-1.877, 4.018e-4
-1.878, 4.058e-4
-1.879, 4.100e-4
-1.880, 4.141e-4
-1.881, 4.176e-4
-1.882, 4.214e-4
-1.883, 4.253e-4
-1.884, 4.297e-4
-1.885, 4.334e-4
-1.886, 4.369e-4
-1.887, 4.402e-4
-1.888, 4.441e-4
-1.889, 4.487e-4
-1.890, 4.527e-4
-1.891, 4.564e-4
-1.892, 4.607e-4
-1.893, 4.653e-4
-1.894, 4.697e-4
-1.895, 4.736e-4
-1.896, 4.779e-4
-1.897, 4.826e-4
-1.898, 4.872e-4
-1.899, 4.916e-4
-1.900, 4.955e-4
-1.901, 5.007e-4
-1.902, 5.056e-4
-1.903, 5.096e-4
-1.904, 5.138e-4
-1.905, 5.189e-4
-1.906, 5.234e-4
-1.907, 5.277e-4
-1.908, 5.323e-4
-1.909, 5.372e-4
-1.910, 5.417e-4
-1.911, 5.464e-4
-1.912, 5.512e-4
-1.913, 5.560e-4
-1.914, 5.606e-4
-1.915, 5.650e-4
-1.916, 5.696e-4
-1.917, 5.742e-4
-1.918, 5.790e-4
-1.919, 5.838e-4
-1.920, 5.889e-4
-1.921, 5.941e-4
-1.922, 5.993e-4
-1.923, 6.041e-4
-1.924, 6.093e-4
-1.925, 6.144e-4
-1.926, 6.197e-4
-1.927, 6.246e-4
-1.928, 6.298e-4
-1.929, 6.353e-4
-1.930, 6.405e-4
-1.931, 6.461e-4
-1.932, 6.511e-4
-1.933, 6.566e-4
-1.934, 6.617e-4
-1.935, 6.670e-4
-1.936, 6.724e-4
-1.937, 6.777e-4
-1.938, 6.828e-4
-1.939, 6.879e-4
-1.940, 6.934e-4
-1.941, 6.987e-4
-1.942, 7.041e-4
-1.943, 7.094e-4
-1.944, 7.149e-4
-1.945, 7.205e-4
-1.946, 7.262e-4
-1.947, 7.316e-4
-1.948, 7.382e-4
-1.949, 7.436e-4
-1.950, 7.502e-4
-1.951, 7.560e-4
-1.952, 7.618e-4
-1.953, 7.675e-4
-1.954, 7.734e-4
-1.955, 7.795e-4
-1.956, 7.853e-4
-1.957, 7.908e-4
-1.958, 7.965e-4
-1.959, 8.022e-4
-1.960, 8.082e-4
-1.961, 8.145e-4
-1.962, 8.206e-4
-1.963, 8.265e-4
-1.964, 8.326e-4
-1.965, 8.393e-4
-1.966, 8.460e-4
-1.967, 8.529e-4
-1.968, 8.592e-4
-1.969, 8.655e-4
-1.970, 8.714e-4
-1.971, 8.780e-4
-1.972, 8.846e-4
-1.973, 8.908e-4
-1.974, 8.972e-4
-1.975, 9.035e-4
-1.976, 9.099e-4
-1.977, 9.160e-4
-1.978, 9.224e-4
-1.979, 9.293e-4
-1.980, 9.363e-4
-1.981, 9.430e-4
-1.982, 9.495e-4
-1.983, 9.560e-4
-1.984, 9.628e-4
-1.985, 9.702e-4
-1.986, 9.772e-4
-1.987, 9.840e-4
-1.988, 9.911e-4
-1.989, 9.981e-4
-1.990, 1.005e-3
-1.991, 1.010e-3
-1.992, 1.011e-3
-1.993, 1.011e-3
-1.994, 1.011e-3
-1.995, 1.011e-3
-1.996, 1.011e-3
-1.997, 1.011e-3
-1.998, 1.011e-3
-1.999, 1.011e-3
-2.000, 1.011e-3
-2.001, 1.011e-3
-2.002, 1.011e-3
-2.003, 1.011e-3
-2.004, 1.011e-3
-2.005, 1.011e-3
-2.006, 1.011e-3
-2.007, 1.011e-3
-2.008, 1.011e-3
-2.009, 1.011e-3
-2.010, 1.011e-3
-2.011, 1.011e-3
-2.012, 1.011e-3
-2.013, 1.011e-3
-2.014, 1.011e-3
-2.015, 1.011e-3
-2.016, 1.011e-3
-2.017, 1.011e-3
-2.018, 1.011e-3
-2.019, 1.011e-3
-2.020, 1.011e-3
-2.021, 1.011e-3
-2.022, 1.011e-3
-2.023, 1.011e-3
-2.024, 1.011e-3
-2.025, 1.011e-3
-2.026, 1.011e-3
-2.027, 1.011e-3
-2.028, 1.011e-3
-2.029, 1.011e-3
-2.030, 1.011e-3
-2.031, 1.011e-3
-2.032, 1.011e-3
-2.033, 1.011e-3
-2.034, 1.011e-3
-2.035, 1.011e-3
-2.036, 1.011e-3
-2.037, 1.011e-3
-2.038, 1.011e-3
-2.039, 1.011e-3
-2.040, 1.011e-3
-2.041, 1.011e-3
-2.042, 1.011e-3
-2.043, 1.011e-3
-2.044, 1.011e-3
-2.045, 1.011e-3
-2.046, 1.011e-3
-2.047, 1.011e-3
-2.048, 1.011e-3
-2.049, 1.011e-3
-2.050, 1.011e-3
-2.051, 1.011e-3
-2.052, 1.011e-3
-2.053, 1.011e-3
-2.054, 1.011e-3
-2.055, 1.011e-3
-2.056, 1.011e-3
-2.057, 1.011e-3
-2.058, 1.011e-3
-2.059, 1.011e-3
-2.060, 1.011e-3
-2.061, 1.011e-3
-2.062, 1.011e-3
-2.063, 1.011e-3
-2.064, 1.011e-3
-2.065, 1.011e-3
-2.066, 1.011e-3
-2.067, 1.011e-3
-2.068, 1.011e-3
-2.069, 1.011e-3
-2.070, 1.011e-3
-2.071, 1.011e-3
-2.072, 1.011e-3
-2.073, 1.011e-3
-2.074, 1.011e-3
-2.075, 1.011e-3
-2.076, 1.011e-3
-2.077, 1.011e-3
-2.078, 1.011e-3
-2.079, 1.011e-3
-2.080, 1.011e-3
-2.081, 1.011e-3
-2.082, 1.011e-3
-2.083, 1.011e-3
-2.084, 1.011e-3
-2.085, 1.011e-3
-2.086, 1.011e-3
-2.087, 1.011e-3
-2.088, 1.011e-3
-2.089, 1.011e-3
-2.090, 1.011e-3
-2.091, 1.011e-3
-2.092, 1.011e-3
-2.093, 1.011e-3
-2.094, 1.011e-3
-2.095, 1.011e-3
-2.096, 1.011e-3
-2.097, 1.011e-3
-2.098, 1.011e-3
-2.099, 1.011e-3
-2.100, 1.011e-3
-2.101, 1.011e-3
-2.102, 1.011e-3
-2.103, 1.011e-3
-2.104, 1.011e-3
-2.105, 1.011e-3
-2.106, 1.011e-3
-2.107, 1.011e-3
-2.108, 1.011e-3
-2.109, 1.011e-3
-2.110, 1.011e-3
-2.111, 1.011e-3
-2.112, 1.011e-3
-2.113, 1.011e-3
-2.114, 1.011e-3
-2.115, 1.011e-3
-2.116, 1.011e-3
-2.117, 1.011e-3
-2.118, 1.011e-3
-2.119, 1.011e-3
-2.120, 1.011e-3
-2.121, 1.011e-3
-2.122, 1.011e-3
-2.123, 1.011e-3
-2.124, 1.011e-3
-2.125, 1.011e-3
-2.126, 1.011e-3
-2.127, 1.011e-3
-2.128, 1.011e-3
-2.129, 1.011e-3
-2.130, 1.011e-3
-2.131, 1.011e-3
-2.132, 1.011e-3
-2.133, 1.011e-3
-2.134, 1.011e-3
-2.135, 1.011e-3
-2.136, 1.011e-3
-2.137, 1.011e-3
-2.138, 1.011e-3
-2.139, 1.011e-3
-2.140, 1.011e-3
-2.141, 1.011e-3
-2.142, 1.011e-3
-2.143, 1.011e-3
-2.144, 1.011e-3
-2.145, 1.011e-3
-2.146, 1.011e-3
-2.147, 1.011e-3
-2.148, 1.011e-3
-2.149, 1.011e-3
-2.150, 1.011e-3
-2.151, 1.011e-3
-2.152, 1.011e-3
-2.153, 1.011e-3
-2.154, 1.011e-3
-2.155, 1.011e-3
-2.156, 1.011e-3
-2.157, 1.011e-3
-2.158, 1.011e-3
-2.159, 1.011e-3
-2.160, 1.011e-3
-2.161, 1.011e-3
-2.162, 1.011e-3
-2.163, 1.011e-3
-2.164, 1.011e-3
-2.165, 1.011e-3
-2.166, 1.011e-3
-2.167, 1.011e-3
-2.168, 1.011e-3
-2.169, 1.011e-3
-2.170, 1.011e-3
-2.171, 1.011e-3
-2.172, 1.011e-3
-2.173, 1.011e-3
-2.174, 1.011e-3
-2.175, 1.011e-3
-2.176, 1.011e-3
-2.177, 1.011e-3
-2.178, 1.011e-3
-2.179, 1.011e-3
-2.180, 1.011e-3
-2.181, 1.011e-3
-2.182, 1.011e-3
-2.183, 1.011e-3
-2.184, 1.011e-3
-2.185, 1.011e-3
-2.186, 1.011e-3
-2.187, 1.011e-3
-2.188, 1.011e-3
-2.189, 1.011e-3
-2.190, 1.011e-3
-2.191, 1.011e-3
-2.192, 1.011e-3
-2.193, 1.011e-3
-2.194, 1.011e-3
-2.195, 1.011e-3
-2.196, 1.011e-3
-2.197, 1.011e-3
-2.198, 1.011e-3
-2.199, 1.011e-3
-2.200, 1.011e-3
-2.201, 1.011e-3
-2.202, 1.011e-3
-2.203, 1.011e-3
-2.204, 1.011e-3
-2.205, 1.011e-3
-2.206, 1.011e-3
-2.207, 1.011e-3
-2.208, 1.011e-3
-2.209, 1.011e-3
-2.210, 1.011e-3
-2.211, 1.011e-3
-2.212, 1.011e-3
-2.213, 1.011e-3
-2.214, 1.011e-3
-2.215, 1.011e-3
-2.216, 1.011e-3
-2.217, 1.011e-3
-2.218, 1.011e-3
-2.219, 1.011e-3
-2.220, 1.011e-3
-2.221, 1.011e-3
-2.222, 1.011e-3
-2.223, 1.011e-3
-2.224, 1.011e-3
-2.225, 1.011e-3
-2.226, 1.011e-3
-2.227, 1.011e-3
-2.228, 1.011e-3
-2.229, 1.011e-3
-2.230, 1.011e-3
-2.231, 1.011e-3
-2.232, 1.011e-3
-2.233, 1.011e-3
-2.234, 1.011e-3
-2.235, 1.011e-3
-2.236, 1.011e-3
-2.237, 1.011e-3
-2.238, 1.011e-3
-2.239, 1.011e-3
-2.240, 1.011e-3
-2.241, 1.011e-3
-2.242, 1.011e-3
-2.243, 1.011e-3
-2.244, 1.011e-3
-2.245, 1.011e-3
-2.246, 1.011e-3
-2.247, 1.011e-3
-2.248, 1.011e-3
-2.249, 1.011e-3
-2.250, 1.011e-3
-2.251, 1.011e-3
-2.252, 1.011e-3
-2.253, 1.011e-3
-2.254, 1.011e-3
-2.255, 1.011e-3
-2.256, 1.011e-3
-2.257, 1.011e-3
-2.258, 1.011e-3
-2.259, 1.011e-3
-2.260, 1.011e-3
-2.261, 1.011e-3
-2.262, 1.011e-3
-2.263, 1.011e-3
-2.264, 1.011e-3
-2.265, 1.011e-3
-2.266, 1.011e-3
-2.267, 1.011e-3
-2.268, 1.011e-3
-2.269, 1.011e-3
-2.270, 1.011e-3
-2.271, 1.011e-3
-2.272, 1.011e-3
-2.273, 1.011e-3
-2.274, 1.011e-3
-2.275, 1.011e-3
-2.276, 1.011e-3
-2.277, 1.011e-3
-2.278, 1.011e-3
-2.279, 1.011e-3
-2.280, 1.011e-3
-2.281, 1.011e-3
-2.282, 1.011e-3
-2.283, 1.011e-3
-2.284, 1.011e-3
-2.285, 1.011e-3
-2.286, 1.011e-3
-2.287, 1.011e-3
-2.288, 1.011e-3
-2.289, 1.011e-3
-2.290, 1.011e-3
-2.291, 1.011e-3
-2.292, 1.011e-3
-2.293, 1.011e-3
-2.294, 1.011e-3
-2.295, 1.011e-3
-2.296, 1.011e-3
-2.297, 1.011e-3
-2.298, 1.011e-3
-2.299, 1.011e-3
