June 27, 2026   23:55:36
Linear Sweep Voltammetry
File: c:/users/guazh/data/20260623_doe_duplica2/2026-06-24-exp27\post-regen1-2026-06-27t23_52_26-lsvinphos\post-regen1_lsv_50mvs_efin_-2300mv.bin
Data Source:  Experiment
Instrument Model:  CHI760E
Header: LSV ran at 50 mVs with Efin at -2300mV
Note: 

Init E (V) = -0.6
Final E (V) = -2.3
Scan Rate (V/s) = 0.05
Sample Interval (V) = 0.001
Quiet Time (sec) = 2
Sensitivity (A/V) = 1e-4
Comp R (ohm) = 9.6

Results:

Channel 1:
Ep = -2.130V
ip = 5.594e-4A
Ah = 8.339e-4C

Potential/V, Current/A

-0.600, 1.529e-6
-0.601, 1.590e-6
-0.602, 1.621e-6
-0.603, 1.641e-6
-0.604, 1.661e-6
-0.605, 1.680e-6
-0.606, 1.699e-6
-0.607, 1.716e-6
-0.608, 1.734e-6
-0.609, 1.751e-6
-0.610, 1.768e-6
-0.611, 1.786e-6
-0.612, 1.801e-6
-0.613, 1.817e-6
-0.614, 1.836e-6
-0.615, 1.854e-6
-0.616, 1.871e-6
-0.617, 1.888e-6
-0.618, 1.903e-6
-0.619, 1.921e-6
-0.620, 1.937e-6
-0.621, 1.953e-6
-0.622, 1.972e-6
-0.623, 1.988e-6
-0.624, 2.006e-6
-0.625, 2.024e-6
-0.626, 2.040e-6
-0.627, 2.060e-6
-0.628, 2.078e-6
-0.629, 2.095e-6
-0.630, 2.112e-6
-0.631, 2.129e-6
-0.632, 2.147e-6
-0.633, 2.165e-6
-0.634, 2.182e-6
-0.635, 2.201e-6
-0.636, 2.219e-6
-0.637, 2.237e-6
-0.638, 2.254e-6
-0.639, 2.272e-6
-0.640, 2.291e-6
-0.641, 2.312e-6
-0.642, 2.330e-6
-0.643, 2.348e-6
-0.644, 2.368e-6
-0.645, 2.388e-6
-0.646, 2.408e-6
-0.647, 2.428e-6
-0.648, 2.447e-6
-0.649, 2.467e-6
-0.650, 2.485e-6
-0.651, 2.506e-6
-0.652, 2.527e-6
-0.653, 2.548e-6
-0.654, 2.570e-6
-0.655, 2.589e-6
-0.656, 2.611e-6
-0.657, 2.632e-6
-0.658, 2.654e-6
-0.659, 2.675e-6
-0.660, 2.697e-6
-0.661, 2.718e-6
-0.662, 2.740e-6
-0.663, 2.761e-6
-0.664, 2.784e-6
-0.665, 2.807e-6
-0.666, 2.831e-6
-0.667, 2.853e-6
-0.668, 2.875e-6
-0.669, 2.897e-6
-0.670, 2.921e-6
-0.671, 2.945e-6
-0.672, 2.969e-6
-0.673, 2.992e-6
-0.674, 3.014e-6
-0.675, 3.040e-6
-0.676, 3.063e-6
-0.677, 3.086e-6
-0.678, 3.113e-6
-0.679, 3.137e-6
-0.680, 3.162e-6
-0.681, 3.187e-6
-0.682, 3.212e-6
-0.683, 3.237e-6
-0.684, 3.261e-6
-0.685, 3.287e-6
-0.686, 3.312e-6
-0.687, 3.338e-6
-0.688, 3.365e-6
-0.689, 3.391e-6
-0.690, 3.417e-6
-0.691, 3.445e-6
-0.692, 3.473e-6
-0.693, 3.499e-6
-0.694, 3.525e-6
-0.695, 3.552e-6
-0.696, 3.579e-6
-0.697, 3.607e-6
-0.698, 3.633e-6
-0.699, 3.662e-6
-0.700, 3.691e-6
-0.701, 3.719e-6
-0.702, 3.747e-6
-0.703, 3.774e-6
-0.704, 3.804e-6
-0.705, 3.834e-6
-0.706, 3.862e-6
-0.707, 3.892e-6
-0.708, 3.921e-6
-0.709, 3.950e-6
-0.710, 3.979e-6
-0.711, 4.008e-6
-0.712, 4.039e-6
-0.713, 4.068e-6
-0.714, 4.098e-6
-0.715, 4.128e-6
-0.716, 4.158e-6
-0.717, 4.189e-6
-0.718, 4.218e-6
-0.719, 4.247e-6
-0.720, 4.279e-6
-0.721, 4.308e-6
-0.722, 4.340e-6
-0.723, 4.372e-6
-0.724, 4.404e-6
-0.725, 4.435e-6
-0.726, 4.468e-6
-0.727, 4.499e-6
-0.728, 4.534e-6
-0.729, 4.566e-6
-0.730, 4.599e-6
-0.731, 4.631e-6
-0.732, 4.665e-6
-0.733, 4.697e-6
-0.734, 4.730e-6
-0.735, 4.762e-6
-0.736, 4.797e-6
-0.737, 4.830e-6
-0.738, 4.863e-6
-0.739, 4.895e-6
-0.740, 4.929e-6
-0.741, 4.963e-6
-0.742, 4.999e-6
-0.743, 5.033e-6
-0.744, 5.068e-6
-0.745, 5.103e-6
-0.746, 5.135e-6
-0.747, 5.169e-6
-0.748, 5.204e-6
-0.749, 5.239e-6
-0.750, 5.276e-6
-0.751, 5.309e-6
-0.752, 5.346e-6
-0.753, 5.380e-6
-0.754, 5.413e-6
-0.755, 5.449e-6
-0.756, 5.484e-6
-0.757, 5.520e-6
-0.758, 5.556e-6
-0.759, 5.591e-6
-0.760, 5.627e-6
-0.761, 5.661e-6
-0.762, 5.698e-6
-0.763, 5.732e-6
-0.764, 5.770e-6
-0.765, 5.808e-6
-0.766, 5.842e-6
-0.767, 5.878e-6
-0.768, 5.911e-6
-0.769, 5.947e-6
-0.770, 5.982e-6
-0.771, 6.018e-6
-0.772, 6.055e-6
-0.773, 6.091e-6
-0.774, 6.128e-6
-0.775, 6.162e-6
-0.776, 6.196e-6
-0.777, 6.230e-6
-0.778, 6.265e-6
-0.779, 6.300e-6
-0.780, 6.337e-6
-0.781, 6.373e-6
-0.782, 6.410e-6
-0.783, 6.445e-6
-0.784, 6.481e-6
-0.785, 6.517e-6
-0.786, 6.552e-6
-0.787, 6.589e-6
-0.788, 6.625e-6
-0.789, 6.659e-6
-0.790, 6.696e-6
-0.791, 6.729e-6
-0.792, 6.765e-6
-0.793, 6.802e-6
-0.794, 6.838e-6
-0.795, 6.872e-6
-0.796, 6.906e-6
-0.797, 6.943e-6
-0.798, 6.976e-6
-0.799, 7.011e-6
-0.800, 7.045e-6
-0.801, 7.079e-6
-0.802, 7.114e-6
-0.803, 7.147e-6
-0.804, 7.181e-6
-0.805, 7.216e-6
-0.806, 7.249e-6
-0.807, 7.283e-6
-0.808, 7.315e-6
-0.809, 7.349e-6
-0.810, 7.382e-6
-0.811, 7.414e-6
-0.812, 7.448e-6
-0.813, 7.483e-6
-0.814, 7.514e-6
-0.815, 7.546e-6
-0.816, 7.579e-6
-0.817, 7.611e-6
-0.818, 7.643e-6
-0.819, 7.678e-6
-0.820, 7.713e-6
-0.821, 7.743e-6
-0.822, 7.775e-6
-0.823, 7.805e-6
-0.824, 7.836e-6
-0.825, 7.869e-6
-0.826, 7.899e-6
-0.827, 7.931e-6
-0.828, 7.961e-6
-0.829, 7.992e-6
-0.830, 8.021e-6
-0.831, 8.050e-6
-0.832, 8.079e-6
-0.833, 8.110e-6
-0.834, 8.138e-6
-0.835, 8.167e-6
-0.836, 8.197e-6
-0.837, 8.227e-6
-0.838, 8.258e-6
-0.839, 8.287e-6
-0.840, 8.315e-6
-0.841, 8.343e-6
-0.842, 8.370e-6
-0.843, 8.396e-6
-0.844, 8.422e-6
-0.845, 8.452e-6
-0.846, 8.478e-6
-0.847, 8.504e-6
-0.848, 8.530e-6
-0.849, 8.556e-6
-0.850, 8.581e-6
-0.851, 8.605e-6
-0.852, 8.630e-6
-0.853, 8.654e-6
-0.854, 8.679e-6
-0.855, 8.704e-6
-0.856, 8.728e-6
-0.857, 8.753e-6
-0.858, 8.778e-6
-0.859, 8.804e-6
-0.860, 8.827e-6
-0.861, 8.849e-6
-0.862, 8.870e-6
-0.863, 8.892e-6
-0.864, 8.914e-6
-0.865, 8.938e-6
-0.866, 8.959e-6
-0.867, 8.983e-6
-0.868, 9.004e-6
-0.869, 9.025e-6
-0.870, 9.048e-6
-0.871, 9.071e-6
-0.872, 9.092e-6
-0.873, 9.111e-6
-0.874, 9.131e-6
-0.875, 9.152e-6
-0.876, 9.172e-6
-0.877, 9.191e-6
-0.878, 9.213e-6
-0.879, 9.233e-6
-0.880, 9.253e-6
-0.881, 9.272e-6
-0.882, 9.291e-6
-0.883, 9.311e-6
-0.884, 9.329e-6
-0.885, 9.348e-6
-0.886, 9.366e-6
-0.887, 9.383e-6
-0.888, 9.400e-6
-0.889, 9.419e-6
-0.890, 9.436e-6
-0.891, 9.453e-6
-0.892, 9.469e-6
-0.893, 9.487e-6
-0.894, 9.504e-6
-0.895, 9.523e-6
-0.896, 9.540e-6
-0.897, 9.556e-6
-0.898, 9.574e-6
-0.899, 9.588e-6
-0.900, 9.606e-6
-0.901, 9.620e-6
-0.902, 9.635e-6
-0.903, 9.649e-6
-0.904, 9.665e-6
-0.905, 9.680e-6
-0.906, 9.694e-6
-0.907, 9.710e-6
-0.908, 9.725e-6
-0.909, 9.742e-6
-0.910, 9.758e-6
-0.911, 9.771e-6
-0.912, 9.787e-6
-0.913, 9.802e-6
-0.914, 9.815e-6
-0.915, 9.830e-6
-0.916, 9.845e-6
-0.917, 9.858e-6
-0.918, 9.872e-6
-0.919, 9.884e-6
-0.920, 9.900e-6
-0.921, 9.912e-6
-0.922, 9.927e-6
-0.923, 9.940e-6
-0.924, 9.954e-6
-0.925, 9.968e-6
-0.926, 9.981e-6
-0.927, 9.993e-6
-0.928, 1.001e-5
-0.929, 1.002e-5
-0.930, 1.003e-5
-0.931, 1.005e-5
-0.932, 1.006e-5
-0.933, 1.007e-5
-0.934, 1.008e-5
-0.935, 1.010e-5
-0.936, 1.011e-5
-0.937, 1.012e-5
-0.938, 1.013e-5
-0.939, 1.015e-5
-0.940, 1.016e-5
-0.941, 1.017e-5
-0.942, 1.018e-5
-0.943, 1.019e-5
-0.944, 1.021e-5
-0.945, 1.022e-5
-0.946, 1.023e-5
-0.947, 1.024e-5
-0.948, 1.025e-5
-0.949, 1.027e-5
-0.950, 1.028e-5
-0.951, 1.029e-5
-0.952, 1.030e-5
-0.953, 1.032e-5
-0.954, 1.033e-5
-0.955, 1.034e-5
-0.956, 1.035e-5
-0.957, 1.036e-5
-0.958, 1.037e-5
-0.959, 1.039e-5
-0.960, 1.040e-5
-0.961, 1.041e-5
-0.962, 1.043e-5
-0.963, 1.044e-5
-0.964, 1.045e-5
-0.965, 1.046e-5
-0.966, 1.047e-5
-0.967, 1.049e-5
-0.968, 1.050e-5
-0.969, 1.051e-5
-0.970, 1.052e-5
-0.971, 1.053e-5
-0.972, 1.055e-5
-0.973, 1.056e-5
-0.974, 1.057e-5
-0.975, 1.059e-5
-0.976, 1.060e-5
-0.977, 1.061e-5
-0.978, 1.062e-5
-0.979, 1.063e-5
-0.980, 1.065e-5
-0.981, 1.066e-5
-0.982, 1.067e-5
-0.983, 1.068e-5
-0.984, 1.070e-5
-0.985, 1.071e-5
-0.986, 1.072e-5
-0.987, 1.074e-5
-0.988, 1.075e-5
-0.989, 1.076e-5
-0.990, 1.077e-5
-0.991, 1.078e-5
-0.992, 1.080e-5
-0.993, 1.081e-5
-0.994, 1.082e-5
-0.995, 1.084e-5
-0.996, 1.085e-5
-0.997, 1.086e-5
-0.998, 1.088e-5
-0.999, 1.089e-5
-1.000, 1.091e-5
-1.001, 1.092e-5
-1.002, 1.093e-5
-1.003, 1.094e-5
-1.004, 1.095e-5
-1.005, 1.097e-5
-1.006, 1.098e-5
-1.007, 1.099e-5
-1.008, 1.100e-5
-1.009, 1.102e-5
-1.010, 1.103e-5
-1.011, 1.105e-5
-1.012, 1.106e-5
-1.013, 1.107e-5
-1.014, 1.108e-5
-1.015, 1.110e-5
-1.016, 1.111e-5
-1.017, 1.112e-5
-1.018, 1.113e-5
-1.019, 1.115e-5
-1.020, 1.116e-5
-1.021, 1.117e-5
-1.022, 1.119e-5
-1.023, 1.120e-5
-1.024, 1.122e-5
-1.025, 1.123e-5
-1.026, 1.124e-5
-1.027, 1.126e-5
-1.028, 1.127e-5
-1.029, 1.129e-5
-1.030, 1.130e-5
-1.031, 1.131e-5
-1.032, 1.133e-5
-1.033, 1.134e-5
-1.034, 1.136e-5
-1.035, 1.137e-5
-1.036, 1.138e-5
-1.037, 1.140e-5
-1.038, 1.141e-5
-1.039, 1.143e-5
-1.040, 1.144e-5
-1.041, 1.146e-5
-1.042, 1.147e-5
-1.043, 1.149e-5
-1.044, 1.150e-5
-1.045, 1.151e-5
-1.046, 1.153e-5
-1.047, 1.154e-5
-1.048, 1.155e-5
-1.049, 1.157e-5
-1.050, 1.159e-5
-1.051, 1.161e-5
-1.052, 1.162e-5
-1.053, 1.163e-5
-1.054, 1.165e-5
-1.055, 1.166e-5
-1.056, 1.168e-5
-1.057, 1.169e-5
-1.058, 1.171e-5
-1.059, 1.172e-5
-1.060, 1.174e-5
-1.061, 1.175e-5
-1.062, 1.177e-5
-1.063, 1.178e-5
-1.064, 1.180e-5
-1.065, 1.182e-5
-1.066, 1.183e-5
-1.067, 1.184e-5
-1.068, 1.185e-5
-1.069, 1.187e-5
-1.070, 1.188e-5
-1.071, 1.190e-5
-1.072, 1.191e-5
-1.073, 1.193e-5
-1.074, 1.195e-5
-1.075, 1.197e-5
-1.076, 1.198e-5
-1.077, 1.200e-5
-1.078, 1.201e-5
-1.079, 1.203e-5
-1.080, 1.207e-5
-1.081, 1.209e-5
-1.082, 1.210e-5
-1.083, 1.211e-5
-1.084, 1.212e-5
-1.085, 1.213e-5
-1.086, 1.215e-5
-1.087, 1.217e-5
-1.088, 1.219e-5
-1.089, 1.221e-5
-1.090, 1.222e-5
-1.091, 1.224e-5
-1.092, 1.227e-5
-1.093, 1.227e-5
-1.094, 1.229e-5
-1.095, 1.231e-5
-1.096, 1.233e-5
-1.097, 1.234e-5
-1.098, 1.235e-5
-1.099, 1.237e-5
-1.100, 1.239e-5
-1.101, 1.241e-5
-1.102, 1.242e-5
-1.103, 1.244e-5
-1.104, 1.245e-5
-1.105, 1.247e-5
-1.106, 1.250e-5
-1.107, 1.253e-5
-1.108, 1.254e-5
-1.109, 1.256e-5
-1.110, 1.258e-5
-1.111, 1.259e-5
-1.112, 1.261e-5
-1.113, 1.262e-5
-1.114, 1.263e-5
-1.115, 1.265e-5
-1.116, 1.266e-5
-1.117, 1.268e-5
-1.118, 1.270e-5
-1.119, 1.273e-5
-1.120, 1.275e-5
-1.121, 1.277e-5
-1.122, 1.279e-5
-1.123, 1.280e-5
-1.124, 1.282e-5
-1.125, 1.283e-5
-1.126, 1.285e-5
-1.127, 1.286e-5
-1.128, 1.288e-5
-1.129, 1.290e-5
-1.130, 1.291e-5
-1.131, 1.297e-5
-1.132, 1.300e-5
-1.133, 1.302e-5
-1.134, 1.304e-5
-1.135, 1.305e-5
-1.136, 1.307e-5
-1.137, 1.309e-5
-1.138, 1.311e-5
-1.139, 1.313e-5
-1.140, 1.314e-5
-1.141, 1.316e-5
-1.142, 1.318e-5
-1.143, 1.319e-5
-1.144, 1.321e-5
-1.145, 1.323e-5
-1.146, 1.324e-5
-1.147, 1.326e-5
-1.148, 1.328e-5
-1.149, 1.329e-5
-1.150, 1.332e-5
-1.151, 1.334e-5
-1.152, 1.335e-5
-1.153, 1.337e-5
-1.154, 1.339e-5
-1.155, 1.343e-5
-1.156, 1.345e-5
-1.157, 1.347e-5
-1.158, 1.348e-5
-1.159, 1.351e-5
-1.160, 1.353e-5
-1.161, 1.354e-5
-1.162, 1.356e-5
-1.163, 1.357e-5
-1.164, 1.361e-5
-1.165, 1.361e-5
-1.166, 1.363e-5
-1.167, 1.366e-5
-1.168, 1.368e-5
-1.169, 1.369e-5
-1.170, 1.371e-5
-1.171, 1.373e-5
-1.172, 1.376e-5
-1.173, 1.378e-5
-1.174, 1.379e-5
-1.175, 1.381e-5
-1.176, 1.382e-5
-1.177, 1.384e-5
-1.178, 1.386e-5
-1.179, 1.387e-5
-1.180, 1.389e-5
-1.181, 1.390e-5
-1.182, 1.392e-5
-1.183, 1.394e-5
-1.184, 1.396e-5
-1.185, 1.397e-5
-1.186, 1.399e-5
-1.187, 1.401e-5
-1.188, 1.402e-5
-1.189, 1.404e-5
-1.190, 1.406e-5
-1.191, 1.408e-5
-1.192, 1.411e-5
-1.193, 1.414e-5
-1.194, 1.416e-5
-1.195, 1.417e-5
-1.196, 1.419e-5
-1.197, 1.420e-5
-1.198, 1.422e-5
-1.199, 1.423e-5
-1.200, 1.425e-5
-1.201, 1.427e-5
-1.202, 1.429e-5
-1.203, 1.431e-5
-1.204, 1.434e-5
-1.205, 1.439e-5
-1.206, 1.442e-5
-1.207, 1.443e-5
-1.208, 1.445e-5
-1.209, 1.446e-5
-1.210, 1.448e-5
-1.211, 1.450e-5
-1.212, 1.451e-5
-1.213, 1.453e-5
-1.214, 1.455e-5
-1.215, 1.456e-5
-1.216, 1.458e-5
-1.217, 1.460e-5
-1.218, 1.462e-5
-1.219, 1.464e-5
-1.220, 1.465e-5
-1.221, 1.467e-5
-1.222, 1.470e-5
-1.223, 1.472e-5
-1.224, 1.472e-5
-1.225, 1.474e-5
-1.226, 1.475e-5
-1.227, 1.477e-5
-1.228, 1.479e-5
-1.229, 1.481e-5
-1.230, 1.486e-5
-1.231, 1.490e-5
-1.232, 1.492e-5
-1.233, 1.494e-5
-1.234, 1.495e-5
-1.235, 1.497e-5
-1.236, 1.499e-5
-1.237, 1.501e-5
-1.238, 1.505e-5
-1.239, 1.509e-5
-1.240, 1.512e-5
-1.241, 1.514e-5
-1.242, 1.516e-5
-1.243, 1.518e-5
-1.244, 1.519e-5
-1.245, 1.521e-5
-1.246, 1.528e-5
-1.247, 1.532e-5
-1.248, 1.533e-5
-1.249, 1.533e-5
-1.250, 1.534e-5
-1.251, 1.541e-5
-1.252, 1.547e-5
-1.253, 1.549e-5
-1.254, 1.552e-5
-1.255, 1.553e-5
-1.256, 1.555e-5
-1.257, 1.556e-5
-1.258, 1.558e-5
-1.259, 1.563e-5
-1.260, 1.566e-5
-1.261, 1.566e-5
-1.262, 1.567e-5
-1.263, 1.569e-5
-1.264, 1.571e-5
-1.265, 1.573e-5
-1.266, 1.577e-5
-1.267, 1.584e-5
-1.268, 1.585e-5
-1.269, 1.587e-5
-1.270, 1.589e-5
-1.271, 1.591e-5
-1.272, 1.592e-5
-1.273, 1.595e-5
-1.274, 1.599e-5
-1.275, 1.603e-5
-1.276, 1.606e-5
-1.277, 1.607e-5
-1.278, 1.611e-5
-1.279, 1.612e-5
-1.280, 1.612e-5
-1.281, 1.614e-5
-1.282, 1.615e-5
-1.283, 1.618e-5
-1.284, 1.620e-5
-1.285, 1.622e-5
-1.286, 1.625e-5
-1.287, 1.626e-5
-1.288, 1.628e-5
-1.289, 1.637e-5
-1.290, 1.644e-5
-1.291, 1.644e-5
-1.292, 1.643e-5
-1.293, 1.645e-5
-1.294, 1.646e-5
-1.295, 1.647e-5
-1.296, 1.649e-5
-1.297, 1.650e-5
-1.298, 1.652e-5
-1.299, 1.654e-5
-1.300, 1.656e-5
-1.301, 1.657e-5
-1.302, 1.659e-5
-1.303, 1.661e-5
-1.304, 1.663e-5
-1.305, 1.665e-5
-1.306, 1.667e-5
-1.307, 1.669e-5
-1.308, 1.672e-5
-1.309, 1.674e-5
-1.310, 1.676e-5
-1.311, 1.678e-5
-1.312, 1.679e-5
-1.313, 1.681e-5
-1.314, 1.685e-5
-1.315, 1.689e-5
-1.316, 1.693e-5
-1.317, 1.695e-5
-1.318, 1.696e-5
-1.319, 1.698e-5
-1.320, 1.700e-5
-1.321, 1.703e-5
-1.322, 1.706e-5
-1.323, 1.708e-5
-1.324, 1.710e-5
-1.325, 1.712e-5
-1.326, 1.714e-5
-1.327, 1.719e-5
-1.328, 1.720e-5
-1.329, 1.722e-5
-1.330, 1.724e-5
-1.331, 1.726e-5
-1.332, 1.729e-5
-1.333, 1.732e-5
-1.334, 1.734e-5
-1.335, 1.736e-5
-1.336, 1.738e-5
-1.337, 1.740e-5
-1.338, 1.742e-5
-1.339, 1.744e-5
-1.340, 1.747e-5
-1.341, 1.749e-5
-1.342, 1.751e-5
-1.343, 1.753e-5
-1.344, 1.755e-5
-1.345, 1.757e-5
-1.346, 1.759e-5
-1.347, 1.761e-5
-1.348, 1.764e-5
-1.349, 1.767e-5
-1.350, 1.769e-5
-1.351, 1.771e-5
-1.352, 1.774e-5
-1.353, 1.776e-5
-1.354, 1.780e-5
-1.355, 1.783e-5
-1.356, 1.784e-5
-1.357, 1.786e-5
-1.358, 1.788e-5
-1.359, 1.791e-5
-1.360, 1.795e-5
-1.361, 1.797e-5
-1.362, 1.801e-5
-1.363, 1.803e-5
-1.364, 1.805e-5
-1.365, 1.807e-5
-1.366, 1.809e-5
-1.367, 1.811e-5
-1.368, 1.814e-5
-1.369, 1.817e-5
-1.370, 1.820e-5
-1.371, 1.822e-5
-1.372, 1.823e-5
-1.373, 1.826e-5
-1.374, 1.828e-5
-1.375, 1.830e-5
-1.376, 1.833e-5
-1.377, 1.835e-5
-1.378, 1.838e-5
-1.379, 1.841e-5
-1.380, 1.842e-5
-1.381, 1.844e-5
-1.382, 1.846e-5
-1.383, 1.848e-5
-1.384, 1.849e-5
-1.385, 1.851e-5
-1.386, 1.854e-5
-1.387, 1.856e-5
-1.388, 1.859e-5
-1.389, 1.862e-5
-1.390, 1.864e-5
-1.391, 1.866e-5
-1.392, 1.869e-5
-1.393, 1.871e-5
-1.394, 1.873e-5
-1.395, 1.876e-5
-1.396, 1.878e-5
-1.397, 1.881e-5
-1.398, 1.883e-5
-1.399, 1.885e-5
-1.400, 1.888e-5
-1.401, 1.891e-5
-1.402, 1.895e-5
-1.403, 1.898e-5
-1.404, 1.900e-5
-1.405, 1.903e-5
-1.406, 1.905e-5
-1.407, 1.908e-5
-1.408, 1.911e-5
-1.409, 1.913e-5
-1.410, 1.917e-5
-1.411, 1.919e-5
-1.412, 1.923e-5
-1.413, 1.925e-5
-1.414, 1.928e-5
-1.415, 1.930e-5
-1.416, 1.933e-5
-1.417, 1.936e-5
-1.418, 1.938e-5
-1.419, 1.941e-5
-1.420, 1.943e-5
-1.421, 1.949e-5
-1.422, 1.953e-5
-1.423, 1.956e-5
-1.424, 1.959e-5
-1.425, 1.961e-5
-1.426, 1.963e-5
-1.427, 1.966e-5
-1.428, 1.969e-5
-1.429, 1.973e-5
-1.430, 1.977e-5
-1.431, 1.980e-5
-1.432, 1.982e-5
-1.433, 1.986e-5
-1.434, 1.989e-5
-1.435, 1.992e-5
-1.436, 1.994e-5
-1.437, 1.997e-5
-1.438, 2.000e-5
-1.439, 2.002e-5
-1.440, 2.005e-5
-1.441, 2.008e-5
-1.442, 2.011e-5
-1.443, 2.013e-5
-1.444, 2.016e-5
-1.445, 2.018e-5
-1.446, 2.021e-5
-1.447, 2.024e-5
-1.448, 2.026e-5
-1.449, 2.029e-5
-1.450, 2.032e-5
-1.451, 2.034e-5
-1.452, 2.036e-5
-1.453, 2.040e-5
-1.454, 2.043e-5
-1.455, 2.046e-5
-1.456, 2.049e-5
-1.457, 2.051e-5
-1.458, 2.054e-5
-1.459, 2.058e-5
-1.460, 2.060e-5
-1.461, 2.065e-5
-1.462, 2.070e-5
-1.463, 2.074e-5
-1.464, 2.077e-5
-1.465, 2.080e-5
-1.466, 2.082e-5
-1.467, 2.086e-5
-1.468, 2.090e-5
-1.469, 2.092e-5
-1.470, 2.096e-5
-1.471, 2.100e-5
-1.472, 2.104e-5
-1.473, 2.109e-5
-1.474, 2.112e-5
-1.475, 2.116e-5
-1.476, 2.119e-5
-1.477, 2.122e-5
-1.478, 2.126e-5
-1.479, 2.129e-5
-1.480, 2.133e-5
-1.481, 2.136e-5
-1.482, 2.139e-5
-1.483, 2.145e-5
-1.484, 2.148e-5
-1.485, 2.151e-5
-1.486, 2.154e-5
-1.487, 2.156e-5
-1.488, 2.160e-5
-1.489, 2.164e-5
-1.490, 2.167e-5
-1.491, 2.169e-5
-1.492, 2.173e-5
-1.493, 2.176e-5
-1.494, 2.179e-5
-1.495, 2.183e-5
-1.496, 2.190e-5
-1.497, 2.211e-5
-1.498, 2.222e-5
-1.499, 2.221e-5
-1.500, 2.207e-5
-1.501, 2.203e-5
-1.502, 2.200e-5
-1.503, 2.200e-5
-1.504, 2.202e-5
-1.505, 2.205e-5
-1.506, 2.208e-5
-1.507, 2.211e-5
-1.508, 2.213e-5
-1.509, 2.216e-5
-1.510, 2.218e-5
-1.511, 2.221e-5
-1.512, 2.226e-5
-1.513, 2.229e-5
-1.514, 2.232e-5
-1.515, 2.235e-5
-1.516, 2.238e-5
-1.517, 2.242e-5
-1.518, 2.247e-5
-1.519, 2.252e-5
-1.520, 2.256e-5
-1.521, 2.259e-5
-1.522, 2.261e-5
-1.523, 2.265e-5
-1.524, 2.268e-5
-1.525, 2.271e-5
-1.526, 2.275e-5
-1.527, 2.279e-5
-1.528, 2.283e-5
-1.529, 2.286e-5
-1.530, 2.290e-5
-1.531, 2.292e-5
-1.532, 2.295e-5
-1.533, 2.299e-5
-1.534, 2.302e-5
-1.535, 2.306e-5
-1.536, 2.310e-5
-1.537, 2.313e-5
-1.538, 2.319e-5
-1.539, 2.315e-5
-1.540, 2.311e-5
-1.541, 2.314e-5
-1.542, 2.317e-5
-1.543, 2.321e-5
-1.544, 2.325e-5
-1.545, 2.328e-5
-1.546, 2.331e-5
-1.547, 2.334e-5
-1.548, 2.337e-5
-1.549, 2.342e-5
-1.550, 2.346e-5
-1.551, 2.348e-5
-1.552, 2.352e-5
-1.553, 2.356e-5
-1.554, 2.359e-5
-1.555, 2.363e-5
-1.556, 2.367e-5
-1.557, 2.372e-5
-1.558, 2.376e-5
-1.559, 2.378e-5
-1.560, 2.381e-5
-1.561, 2.385e-5
-1.562, 2.389e-5
-1.563, 2.393e-5
-1.564, 2.397e-5
-1.565, 2.400e-5
-1.566, 2.404e-5
-1.567, 2.409e-5
-1.568, 2.414e-5
-1.569, 2.418e-5
-1.570, 2.422e-5
-1.571, 2.426e-5
-1.572, 2.429e-5
-1.573, 2.433e-5
-1.574, 2.437e-5
-1.575, 2.444e-5
-1.576, 2.452e-5
-1.577, 2.462e-5
-1.578, 2.466e-5
-1.579, 2.469e-5
-1.580, 2.472e-5
-1.581, 2.475e-5
-1.582, 2.478e-5
-1.583, 2.482e-5
-1.584, 2.487e-5
-1.585, 2.491e-5
-1.586, 2.494e-5
-1.587, 2.499e-5
-1.588, 2.505e-5
-1.589, 2.509e-5
-1.590, 2.512e-5
-1.591, 2.516e-5
-1.592, 2.521e-5
-1.593, 2.526e-5
-1.594, 2.529e-5
-1.595, 2.533e-5
-1.596, 2.537e-5
-1.597, 2.541e-5
-1.598, 2.545e-5
-1.599, 2.548e-5
-1.600, 2.553e-5
-1.601, 2.558e-5
-1.602, 2.563e-5
-1.603, 2.568e-5
-1.604, 2.571e-5
-1.605, 2.576e-5
-1.606, 2.580e-5
-1.607, 2.584e-5
-1.608, 2.588e-5
-1.609, 2.592e-5
-1.610, 2.596e-5
-1.611, 2.601e-5
-1.612, 2.605e-5
-1.613, 2.611e-5
-1.614, 2.616e-5
-1.615, 2.621e-5
-1.616, 2.626e-5
-1.617, 2.631e-5
-1.618, 2.637e-5
-1.619, 2.641e-5
-1.620, 2.647e-5
-1.621, 2.653e-5
-1.622, 2.658e-5
-1.623, 2.661e-5
-1.624, 2.665e-5
-1.625, 2.670e-5
-1.626, 2.674e-5
-1.627, 2.679e-5
-1.628, 2.683e-5
-1.629, 2.688e-5
-1.630, 2.694e-5
-1.631, 2.699e-5
-1.632, 2.704e-5
-1.633, 2.708e-5
-1.634, 2.715e-5
-1.635, 2.729e-5
-1.636, 2.736e-5
-1.637, 2.742e-5
-1.638, 2.751e-5
-1.639, 2.759e-5
-1.640, 2.764e-5
-1.641, 2.770e-5
-1.642, 2.776e-5
-1.643, 2.782e-5
-1.644, 2.786e-5
-1.645, 2.788e-5
-1.646, 2.794e-5
-1.647, 2.801e-5
-1.648, 2.808e-5
-1.649, 2.814e-5
-1.650, 2.819e-5
-1.651, 2.825e-5
-1.652, 2.830e-5
-1.653, 2.835e-5
-1.654, 2.841e-5
-1.655, 2.846e-5
-1.656, 2.852e-5
-1.657, 2.859e-5
-1.658, 2.865e-5
-1.659, 2.872e-5
-1.660, 2.882e-5
-1.661, 2.889e-5
-1.662, 2.898e-5
-1.663, 2.904e-5
-1.664, 2.910e-5
-1.665, 2.920e-5
-1.666, 2.926e-5
-1.667, 2.932e-5
-1.668, 2.939e-5
-1.669, 2.965e-5
-1.670, 2.987e-5
-1.671, 3.003e-5
-1.672, 3.017e-5
-1.673, 3.029e-5
-1.674, 3.041e-5
-1.675, 3.050e-5
-1.676, 3.058e-5
-1.677, 3.068e-5
-1.678, 3.079e-5
-1.679, 3.091e-5
-1.680, 3.098e-5
-1.681, 3.104e-5
-1.682, 3.110e-5
-1.683, 3.119e-5
-1.684, 3.127e-5
-1.685, 3.135e-5
-1.686, 3.144e-5
-1.687, 3.153e-5
-1.688, 3.161e-5
-1.689, 3.169e-5
-1.690, 3.181e-5
-1.691, 3.196e-5
-1.692, 3.207e-5
-1.693, 3.217e-5
-1.694, 3.226e-5
-1.695, 3.233e-5
-1.696, 3.241e-5
-1.697, 3.249e-5
-1.698, 3.257e-5
-1.699, 3.265e-5
-1.700, 3.273e-5
-1.701, 3.282e-5
-1.702, 3.290e-5
-1.703, 3.298e-5
-1.704, 3.308e-5
-1.705, 3.323e-5
-1.706, 3.333e-5
-1.707, 3.341e-5
-1.708, 3.351e-5
-1.709, 3.362e-5
-1.710, 3.372e-5
-1.711, 3.386e-5
-1.712, 3.399e-5
-1.713, 3.407e-5
-1.714, 3.416e-5
-1.715, 3.426e-5
-1.716, 3.437e-5
-1.717, 3.448e-5
-1.718, 3.460e-5
-1.719, 3.472e-5
-1.720, 3.484e-5
-1.721, 3.496e-5
-1.722, 3.507e-5
-1.723, 3.519e-5
-1.724, 3.533e-5
-1.725, 3.545e-5
-1.726, 3.559e-5
-1.727, 3.571e-5
-1.728, 3.583e-5
-1.729, 3.598e-5
-1.730, 3.611e-5
-1.731, 3.625e-5
-1.732, 3.640e-5
-1.733, 3.653e-5
-1.734, 3.668e-5
-1.735, 3.681e-5
-1.736, 3.695e-5
-1.737, 3.709e-5
-1.738, 3.723e-5
-1.739, 3.737e-5
-1.740, 3.749e-5
-1.741, 3.765e-5
-1.742, 3.781e-5
-1.743, 3.797e-5
-1.744, 3.812e-5
-1.745, 3.827e-5
-1.746, 3.843e-5
-1.747, 3.859e-5
-1.748, 3.874e-5
-1.749, 3.893e-5
-1.750, 3.911e-5
-1.751, 3.927e-5
-1.752, 3.943e-5
-1.753, 3.960e-5
-1.754, 3.976e-5
-1.755, 3.997e-5
-1.756, 4.027e-5
-1.757, 4.049e-5
-1.758, 4.067e-5
-1.759, 4.085e-5
-1.760, 4.104e-5
-1.761, 4.122e-5
-1.762, 4.141e-5
-1.763, 4.162e-5
-1.764, 4.182e-5
-1.765, 4.204e-5
-1.766, 4.226e-5
-1.767, 4.246e-5
-1.768, 4.268e-5
-1.769, 4.292e-5
-1.770, 4.313e-5
-1.771, 4.335e-5
-1.772, 4.358e-5
-1.773, 4.379e-5
-1.774, 4.403e-5
-1.775, 4.429e-5
-1.776, 4.455e-5
-1.777, 4.482e-5
-1.778, 4.514e-5
-1.779, 4.535e-5
-1.780, 4.565e-5
-1.781, 4.595e-5
-1.782, 4.626e-5
-1.783, 4.656e-5
-1.784, 4.687e-5
-1.785, 4.717e-5
-1.786, 4.748e-5
-1.787, 4.779e-5
-1.788, 4.808e-5
-1.789, 4.836e-5
-1.790, 4.870e-5
-1.791, 4.903e-5
-1.792, 4.937e-5
-1.793, 4.964e-5
-1.794, 4.995e-5
-1.795, 5.028e-5
-1.796, 5.061e-5
-1.797, 5.095e-5
-1.798, 5.130e-5
-1.799, 5.163e-5
-1.800, 5.198e-5
-1.801, 5.236e-5
-1.802, 5.283e-5
-1.803, 5.331e-5
-1.804, 5.375e-5
-1.805, 5.415e-5
-1.806, 5.460e-5
-1.807, 5.501e-5
-1.808, 5.537e-5
-1.809, 5.577e-5
-1.810, 5.622e-5
-1.811, 5.662e-5
-1.812, 5.700e-5
-1.813, 5.744e-5
-1.814, 5.784e-5
-1.815, 5.822e-5
-1.816, 5.865e-5
-1.817, 5.911e-5
-1.818, 5.952e-5
-1.819, 5.996e-5
-1.820, 6.035e-5
-1.821, 6.084e-5
-1.822, 6.127e-5
-1.823, 6.171e-5
-1.824, 6.223e-5
-1.825, 6.275e-5
-1.826, 6.324e-5
-1.827, 6.373e-5
-1.828, 6.423e-5
-1.829, 6.478e-5
-1.830, 6.530e-5
-1.831, 6.583e-5
-1.832, 6.641e-5
-1.833, 6.695e-5
-1.834, 6.743e-5
-1.835, 6.806e-5
-1.836, 6.877e-5
-1.837, 6.937e-5
-1.838, 6.996e-5
-1.839, 7.059e-5
-1.840, 7.124e-5
-1.841, 7.178e-5
-1.842, 7.234e-5
-1.843, 7.302e-5
-1.844, 7.367e-5
-1.845, 7.432e-5
-1.846, 7.503e-5
-1.847, 7.572e-5
-1.848, 7.650e-5
-1.849, 7.727e-5
-1.850, 7.808e-5
-1.851, 7.885e-5
-1.852, 7.970e-5
-1.853, 8.042e-5
-1.854, 8.103e-5
-1.855, 8.177e-5
-1.856, 8.255e-5
-1.857, 8.342e-5
-1.858, 8.436e-5
-1.859, 8.519e-5
-1.860, 8.601e-5
-1.861, 8.692e-5
-1.862, 8.768e-5
-1.863, 8.856e-5
-1.864, 8.968e-5
-1.865, 9.059e-5
-1.866, 9.137e-5
-1.867, 9.215e-5
-1.868, 9.310e-5
-1.869, 9.406e-5
-1.870, 9.507e-5
-1.871, 9.603e-5
-1.872, 9.704e-5
-1.873, 9.801e-5
-1.874, 9.897e-5
-1.875, 9.987e-5
-1.876, 1.010e-4
-1.877, 1.020e-4
-1.878, 1.031e-4
-1.879, 1.044e-4
-1.880, 1.057e-4
-1.881, 1.067e-4
-1.882, 1.076e-4
-1.883, 1.087e-4
-1.884, 1.100e-4
-1.885, 1.113e-4
-1.886, 1.124e-4
-1.887, 1.136e-4
-1.888, 1.147e-4
-1.889, 1.160e-4
-1.890, 1.173e-4
-1.891, 1.186e-4
-1.892, 1.199e-4
-1.893, 1.212e-4
-1.894, 1.226e-4
-1.895, 1.240e-4
-1.896, 1.253e-4
-1.897, 1.265e-4
-1.898, 1.278e-4
-1.899, 1.293e-4
-1.900, 1.307e-4
-1.901, 1.320e-4
-1.902, 1.336e-4
-1.903, 1.350e-4
-1.904, 1.364e-4
-1.905, 1.380e-4
-1.906, 1.394e-4
-1.907, 1.408e-4
-1.908, 1.422e-4
-1.909, 1.440e-4
-1.910, 1.455e-4
-1.911, 1.470e-4
-1.912, 1.486e-4
-1.913, 1.503e-4
-1.914, 1.518e-4
-1.915, 1.535e-4
-1.916, 1.550e-4
-1.917, 1.570e-4
-1.918, 1.587e-4
-1.919, 1.604e-4
-1.920, 1.620e-4
-1.921, 1.638e-4
-1.922, 1.658e-4
-1.923, 1.675e-4
-1.924, 1.692e-4
-1.925, 1.710e-4
-1.926, 1.729e-4
-1.927, 1.746e-4
-1.928, 1.770e-4
-1.929, 1.789e-4
-1.930, 1.807e-4
-1.931, 1.826e-4
-1.932, 1.846e-4
-1.933, 1.866e-4
-1.934, 1.885e-4
-1.935, 1.906e-4
-1.936, 1.928e-4
-1.937, 1.946e-4
-1.938, 1.966e-4
-1.939, 1.989e-4
-1.940, 2.011e-4
-1.941, 2.034e-4
-1.942, 2.053e-4
-1.943, 2.077e-4
-1.944, 2.097e-4
-1.945, 2.120e-4
-1.946, 2.141e-4
-1.947, 2.164e-4
-1.948, 2.188e-4
-1.949, 2.210e-4
-1.950, 2.233e-4
-1.951, 2.258e-4
-1.952, 2.282e-4
-1.953, 2.305e-4
-1.954, 2.332e-4
-1.955, 2.353e-4
-1.956, 2.377e-4
-1.957, 2.402e-4
-1.958, 2.429e-4
-1.959, 2.455e-4
-1.960, 2.482e-4
-1.961, 2.507e-4
-1.962, 2.532e-4
-1.963, 2.557e-4
-1.964, 2.582e-4
-1.965, 2.610e-4
-1.966, 2.636e-4
-1.967, 2.661e-4
-1.968, 2.686e-4
-1.969, 2.712e-4
-1.970, 2.739e-4
-1.971, 2.765e-4
-1.972, 2.795e-4
-1.973, 2.820e-4
-1.974, 2.847e-4
-1.975, 2.873e-4
-1.976, 2.901e-4
-1.977, 2.929e-4
-1.978, 2.958e-4
-1.979, 2.987e-4
-1.980, 3.016e-4
-1.981, 3.048e-4
-1.982, 3.077e-4
-1.983, 3.105e-4
-1.984, 3.134e-4
-1.985, 3.164e-4
-1.986, 3.192e-4
-1.987, 3.223e-4
-1.988, 3.253e-4
-1.989, 3.286e-4
-1.990, 3.319e-4
-1.991, 3.350e-4
-1.992, 3.386e-4
-1.993, 3.421e-4
-1.994, 3.450e-4
-1.995, 3.483e-4
-1.996, 3.518e-4
-1.997, 3.552e-4
-1.998, 3.583e-4
-1.999, 3.613e-4
-2.000, 3.648e-4
-2.001, 3.681e-4
-2.002, 3.715e-4
-2.003, 3.749e-4
-2.004, 3.784e-4
-2.005, 3.821e-4
-2.006, 3.853e-4
-2.007, 3.887e-4
-2.008, 3.925e-4
-2.009, 3.960e-4
-2.010, 3.994e-4
-2.011, 4.030e-4
-2.012, 4.069e-4
-2.013, 4.105e-4
-2.014, 4.143e-4
-2.015, 4.181e-4
-2.016, 4.217e-4
-2.017, 4.252e-4
-2.018, 4.291e-4
-2.019, 4.330e-4
-2.020, 4.366e-4
-2.021, 4.406e-4
-2.022, 4.448e-4
-2.023, 4.488e-4
-2.024, 4.525e-4
-2.025, 4.565e-4
-2.026, 4.610e-4
-2.027, 4.649e-4
-2.028, 4.693e-4
-2.029, 4.735e-4
-2.030, 4.777e-4
-2.031, 4.819e-4
-2.032, 4.860e-4
-2.033, 4.897e-4
-2.034, 4.938e-4
-2.035, 4.981e-4
-2.036, 5.025e-4
-2.037, 5.068e-4
-2.038, 5.109e-4
-2.039, 5.154e-4
-2.040, 5.201e-4
-2.041, 5.243e-4
-2.042, 5.289e-4
-2.043, 5.335e-4
-2.044, 5.379e-4
-2.045, 5.424e-4
-2.046, 5.469e-4
-2.047, 5.514e-4
-2.048, 5.562e-4
-2.049, 5.605e-4
-2.050, 5.654e-4
-2.051, 5.701e-4
-2.052, 5.743e-4
-2.053, 5.790e-4
-2.054, 5.839e-4
-2.055, 5.888e-4
-2.056, 5.933e-4
-2.057, 5.983e-4
-2.058, 6.031e-4
-2.059, 6.079e-4
-2.060, 6.129e-4
-2.061, 6.176e-4
-2.062, 6.224e-4
-2.063, 6.274e-4
-2.064, 6.325e-4
-2.065, 6.377e-4
-2.066, 6.428e-4
-2.067, 6.482e-4
-2.068, 6.530e-4
-2.069, 6.584e-4
-2.070, 6.635e-4
-2.071, 6.687e-4
-2.072, 6.734e-4
-2.073, 6.788e-4
-2.074, 6.842e-4
-2.075, 6.899e-4
-2.076, 6.947e-4
-2.077, 6.997e-4
-2.078, 7.054e-4
-2.079, 7.107e-4
-2.080, 7.162e-4
-2.081, 7.217e-4
-2.082, 7.269e-4
-2.083, 7.324e-4
-2.084, 7.379e-4
-2.085, 7.436e-4
-2.086, 7.488e-4
-2.087, 7.541e-4
-2.088, 7.598e-4
-2.089, 7.652e-4
-2.090, 7.713e-4
-2.091, 7.769e-4
-2.092, 7.825e-4
-2.093, 7.883e-4
-2.094, 7.943e-4
-2.095, 8.004e-4
-2.096, 8.057e-4
-2.097, 8.116e-4
-2.098, 8.176e-4
-2.099, 8.236e-4
-2.100, 8.296e-4
-2.101, 8.350e-4
-2.102, 8.413e-4
-2.103, 8.473e-4
-2.104, 8.534e-4
-2.105, 8.590e-4
-2.106, 8.645e-4
-2.107, 8.705e-4
-2.108, 8.762e-4
-2.109, 8.824e-4
-2.110, 8.884e-4
-2.111, 8.949e-4
-2.112, 9.016e-4
-2.113, 9.079e-4
-2.114, 9.147e-4
-2.115, 9.211e-4
-2.116, 9.277e-4
-2.117, 9.335e-4
-2.118, 9.397e-4
-2.119, 9.463e-4
-2.120, 9.523e-4
-2.121, 9.589e-4
-2.122, 9.650e-4
-2.123, 9.719e-4
-2.124, 9.784e-4
-2.125, 9.852e-4
-2.126, 9.919e-4
-2.127, 9.986e-4
-2.128, 1.005e-3
-2.129, 1.011e-3
-2.130, 1.011e-3
-2.131, 1.011e-3
-2.132, 1.011e-3
-2.133, 1.011e-3
-2.134, 1.011e-3
-2.135, 1.011e-3
-2.136, 1.011e-3
-2.137, 1.011e-3
-2.138, 1.011e-3
-2.139, 1.011e-3
-2.140, 1.011e-3
-2.141, 1.011e-3
-2.142, 1.011e-3
-2.143, 1.011e-3
-2.144, 1.011e-3
-2.145, 1.011e-3
-2.146, 1.011e-3
-2.147, 1.011e-3
-2.148, 1.011e-3
-2.149, 1.011e-3
-2.150, 1.011e-3
-2.151, 1.011e-3
-2.152, 1.011e-3
-2.153, 1.011e-3
-2.154, 1.011e-3
-2.155, 1.011e-3
-2.156, 1.011e-3
-2.157, 1.011e-3
-2.158, 1.011e-3
-2.159, 1.011e-3
-2.160, 1.011e-3
-2.161, 1.011e-3
-2.162, 1.011e-3
-2.163, 1.011e-3
-2.164, 1.011e-3
-2.165, 1.011e-3
-2.166, 1.011e-3
-2.167, 1.011e-3
-2.168, 1.011e-3
-2.169, 1.011e-3
-2.170, 1.011e-3
-2.171, 1.011e-3
-2.172, 1.011e-3
-2.173, 1.011e-3
-2.174, 1.011e-3
-2.175, 1.011e-3
-2.176, 1.011e-3
-2.177, 1.011e-3
-2.178, 1.011e-3
-2.179, 1.011e-3
-2.180, 1.011e-3
-2.181, 1.011e-3
-2.182, 1.011e-3
-2.183, 1.011e-3
-2.184, 1.011e-3
-2.185, 1.011e-3
-2.186, 1.011e-3
-2.187, 1.011e-3
-2.188, 1.011e-3
-2.189, 1.011e-3
-2.190, 1.011e-3
-2.191, 1.011e-3
-2.192, 1.011e-3
-2.193, 1.011e-3
-2.194, 1.011e-3
-2.195, 1.011e-3
-2.196, 1.011e-3
-2.197, 1.011e-3
-2.198, 1.011e-3
-2.199, 1.011e-3
-2.200, 1.011e-3
-2.201, 1.011e-3
-2.202, 1.011e-3
-2.203, 1.011e-3
-2.204, 1.011e-3
-2.205, 1.011e-3
-2.206, 1.011e-3
-2.207, 1.011e-3
-2.208, 1.011e-3
-2.209, 1.011e-3
-2.210, 1.011e-3
-2.211, 1.011e-3
-2.212, 1.011e-3
-2.213, 1.011e-3
-2.214, 1.011e-3
-2.215, 1.011e-3
-2.216, 1.011e-3
-2.217, 1.011e-3
-2.218, 1.011e-3
-2.219, 1.011e-3
-2.220, 1.011e-3
-2.221, 1.011e-3
-2.222, 1.011e-3
-2.223, 1.011e-3
-2.224, 1.011e-3
-2.225, 1.011e-3
-2.226, 1.011e-3
-2.227, 1.011e-3
-2.228, 1.011e-3
-2.229, 1.011e-3
-2.230, 1.011e-3
-2.231, 1.011e-3
-2.232, 1.011e-3
-2.233, 1.011e-3
-2.234, 1.011e-3
-2.235, 1.011e-3
-2.236, 1.011e-3
-2.237, 1.011e-3
-2.238, 1.011e-3
-2.239, 1.011e-3
-2.240, 1.011e-3
-2.241, 1.011e-3
-2.242, 1.011e-3
-2.243, 1.011e-3
-2.244, 1.011e-3
-2.245, 1.011e-3
-2.246, 1.011e-3
-2.247, 1.011e-3
-2.248, 1.011e-3
-2.249, 1.011e-3
-2.250, 1.011e-3
-2.251, 1.011e-3
-2.252, 1.011e-3
-2.253, 1.011e-3
-2.254, 1.011e-3
-2.255, 1.011e-3
-2.256, 1.011e-3
-2.257, 1.011e-3
-2.258, 1.011e-3
-2.259, 1.011e-3
-2.260, 1.011e-3
-2.261, 1.011e-3
-2.262, 1.011e-3
-2.263, 1.011e-3
-2.264, 1.011e-3
-2.265, 1.011e-3
-2.266, 1.011e-3
-2.267, 1.011e-3
-2.268, 1.011e-3
-2.269, 1.011e-3
-2.270, 1.011e-3
-2.271, 1.011e-3
-2.272, 1.011e-3
-2.273, 1.011e-3
-2.274, 1.011e-3
-2.275, 1.011e-3
-2.276, 1.011e-3
-2.277, 1.011e-3
-2.278, 1.011e-3
-2.279, 1.011e-3
-2.280, 1.011e-3
-2.281, 1.011e-3
-2.282, 1.011e-3
-2.283, 1.011e-3
-2.284, 1.011e-3
-2.285, 1.011e-3
-2.286, 1.011e-3
-2.287, 1.011e-3
-2.288, 1.011e-3
-2.289, 1.011e-3
-2.290, 1.011e-3
-2.291, 1.011e-3
-2.292, 1.011e-3
-2.293, 1.011e-3
-2.294, 1.011e-3
-2.295, 1.011e-3
-2.296, 1.011e-3
-2.297, 1.011e-3
-2.298, 1.011e-3
-2.299, 1.011e-3
